"year","default","bmaxrate","amount","close","bankcardutil","rating","default_prob_logit_2","link"
2005,0,0.2,4500,0,0.39,"D",0.0780900159693705,-2.46858537541301
2005,0,0.25,25000,0,0.87,"A",0.00203345653089643,-6.19598268253031
2005,0,0.12,2000,0,0.01,"AA",0.00991695325363506,-4.60354308278065
2005,1,0.29,7000,0,0,"Missing",0.98830762401814,4.437057005706
2005,1,0.29,4000,1,0,"Missing",0.988164972914803,4.42478612891238
2005,0,0.24,2500,1,0.83,"D",0.135792877556284,-1.85068169941519
2005,0,0.23,4900,0,1,"D",0.314011471722093,-0.781431385571413
2005,1,0.29,2500,0,0.08,"Missing",0.834846789476706,1.62037463066666
2005,1,0.29,3001,0,0,"Missing",0.955823954773849,3.07439106940877
2005,0,0.09,5000,0,0,"AA",0.00122925248969001,-6.70011901766081
2005,0,0.1,6000,0,0.02,"AA",4.94818337640994e-05,-9.91385546735528
2005,1,0.29,3000,1,0.8,"Missing",0.981225617654852,3.95630912115747
2005,1,0.25,1500,0,0,"Missing",0.902532330071234,2.2256837798177
2005,0,0.28,3900,0,1.08,"Missing",0.697108998149568,0.833568769459829
2005,0,0.25,9000,0,0.43,"D",0.0265856861162572,-3.60043684730785
2005,1,0.29,4000,1,0,"Missing",0.808262409145994,1.4387590466714
2005,0,0.17,9200,0,0.06,"A",0.0122184728588459,-4.39251257162105
2005,1,0.29,4000,0,1,"Missing",0.975084325201728,3.66702683926126
2005,0,0.18,9200,0,0.71,"C",0.0362613725953319,-3.28006706558308
2005,0,0.09,6100,0,0.48,"A",0.00336699268068732,-5.69036263888738
2005,1,0.27,1800,1,0.1,"Missing",0.875112143178373,1.94693585257829
2005,1,0.29,5000,1,0.94,"Missing",0.964056558561106,3.28920333170815
2005,0,0.09,5000,0,0.02,"AA",0.00121091417935771,-6.71516803657648
2005,0,0.15,14500,1,0,"A",0.00378502401096173,-5.57291084305665
2005,1,0.29,3950,0,0.78,"Missing",0.871706494333321,1.91613212618477
2005,1,0.24,1000,0,0,"D",0.436349026468972,-0.255992776151228
2005,1,0.25,9000,0,0.86,"Missing",0.991654453459247,4.77764666522727
2005,1,0.29,5000,0,0.89,"Missing",0.849683982100918,1.73212463066264
2005,0,0.13,20000,0,0.13,"AA",0.000437225240232495,-7.7346247509299
2005,0,0.12,25000,1,0,"AA",0.0100205189667836,-4.59304932927709
2005,1,0.26,2200,0,0.97,"Missing",0.90280189579898,2.22875193767998
2005,1,0.29,7000,0,0.12,"D",0.288690605953831,-0.901751941509836
2005,0,0.2,25000,1,0.19,"C",0.00356420180271725,-5.63324457973779
2005,1,0.24,1500,0,0,"Missing",0.861226235796177,1.82551221775572
2005,1,0.23,10000,1,0,"D",0.612765848101199,0.458953332237191
2005,1,0.29,3000,1,0,"Missing",0.976355277431984,3.7206865911313
2005,0,0.1,7000,0,0.07,"AA",0.00155362892826668,-6.46560700338833
2005,0,0.13,4000,0,0.01,"A",0.0073855323325461,-4.90081934224334
2005,1,0.2,2000,0,0.77,"Missing",0.823821890678676,1.54245888634925
2005,0,0.2,10000,0,0.64,"D",0.186254035565745,-1.47453670979788
2005,0,0.1,2000,0,0.06,"AA",0.000374513556050091,-7.88950797422781
2005,0,0.1,2000,0,0,"AA",0.00702946963495958,-4.95058972635834
2005,1,0.23,2000,0,1.13,"Missing",0.916206893503488,2.39189146271412
2005,1,0.24,2350,0,1.37,"Missing",0.563114399251743,0.253811425687618
2005,1,0.29,2500,0,1.21,"Missing",0.977726314183569,3.78182381504714
2005,1,0.25,2800,0,0.97,"Missing",0.910011018668674,2.3137694746815
2005,0,0.14,6000,0,0.03,"AA",0.00037968967099468,-7.87577653239421
2005,0,0.2,6500,0,0,"C",0.014005312027965,-4.25421427891721
2005,0,0.15,5000,0,0.7,"C",0.00395298303942362,-5.52932396850696
2005,0,0.16,5000,0,0.94,"B",0.0059133879117656,-5.12460541986383
2005,1,0.11,1200,0,0.87,"Missing",0.383819065019273,-0.473369389323039
2005,0,0.07,6500,0,0.75,"Missing",0.0656745545176158,-2.6551132678237
2005,1,0.29,5300,0,0.83,"Missing",0.984655765236551,4.16155228513329
2005,0,0.13,20000,0,0.46,"A",0.0220488556489596,-3.79219901159601
2005,0,0.15,10000,0,0.64,"AA",0.00232696373497435,-6.06086130391552
2005,0,0.2,10000,0,0.85,"D",0.0372557149909459,-3.25198248093306
2005,0,0.29,5000,1,0.7,"C",0.582552789082059,0.333261710985762
2005,0,0.23,21000,0,0,"B",0.00274641718978291,-5.89470786130364
2005,0,0.17,15000,1,0.98,"B",0.00507035156261113,-5.27926187263386
2005,0,0.11,23500,0,0.02,"AA",0.000358345936898045,-7.93365332379229
2005,0,0.11,15200,0,0.83,"A",0.000252363136868218,-8.28438909342069
2005,0,0.2,7500,0,0.36,"C",0.0396138540357572,-3.18815653250112
2005,0,0.13,9000,0,0.86,"B",0.00794424419937782,-4.82733164477623
2005,0,0.18,7500,1,0.96,"D",0.0101700902948063,-4.57808203142288
2005,0,0.14,16500,0,0.2,"AA",0.000238750501322362,-8.33985269981935
2005,0,0.17,5500,0,0.91,"C",0.0406452355606334,-3.16137931536793
2005,0,0.07,2000,1,0.07,"AA",0.000214111377356246,-8.44880008909392
2005,0,0.16,25000,0,0,"AA",0.00179712882744105,-6.31976623786518
2005,1,0.29,6000,0,0.94,"Missing",0.974364583715655,3.63781070552422
2005,0,0.15,1200,0,0.9,"D",0.0338715228238221,-3.35072219785207
2005,0,0.15,15000,0,0.01,"AA",0.0172052564861616,-4.04518534536186
2005,0,0.21,5000,0,0,"D",0.30239497434817,-0.835919051823297
2005,0,0.14,9250,0,0.92,"B",0.00456579594876698,-5.38458617011779
2005,0,0.28,5000,0,0.81,"D",0.19677238222842,-1.4065904924569
2005,0,0.15,8000,0,0.84,"A",0.0163269980513493,-4.09847346693793
2005,0,0.22,7000,0,0.07,"AA",0.00347650257227735,-5.65824593887145
2005,0,0.17,7500,0,0.2,"C",0.0459482708030576,-3.03320167750392
2005,0,0.22,12500,0,0.96,"C",0.0562584905002883,-2.81989533204492
2005,0,0.22,15000,0,0,"C",0.124380149963777,-1.95158943423668
2005,0,0.29,9000,1,0.95,"D",0.821463248038665,1.52629272548127
2005,1,0.29,5000,1,0,"Missing",0.837772393807881,1.64174613148491
2005,0,0.17,1500,0,0.61,"D",0.0694606852726256,-2.59500341339131
2005,0,0.25,7000,0,0.96,"D",0.162253088766416,-1.64155864714777
2005,0,0.17,3500,0,0.76,"Missing",0.234250712505592,-1.18446285248484
2005,0,0.25,9000,0,0.97,"D",0.126097465519168,-1.93591370903156
2005,0,0.12,1500,1,0.59,"D",0.14063698463209,-1.81000944162625
2005,1,0.24,15000,1,0.81,"D",0.667649938273274,0.697575175460597
2005,0,0.08,3001,0,0.32,"AA",0.000222714090800178,-8.40939897424252
2005,0,0.15,2500,0,0.56,"C",0.0349170591712849,-3.31923853543754
2005,1,0.28,2000,1,0.97,"Missing",0.95581431512551,3.0741627981378
2005,0,0.1,6000,0,0.02,"AA",0.000190496308487697,-8.5656872271474
2005,0,0.15,6000,0,0.39,"B",0.0204878797746492,-3.86722113040436
2005,1,0.29,7000,1,1.02,"Missing",0.992955532476357,4.94844332172335
2005,0,0.2,9000,0,0.88,"D",0.058252262789345,-2.78295450595943
2005,1,0.29,2501,0,1.22,"Missing",0.927595969213869,2.55033428829586
2005,0,0.17,3500,0,0.76,"Missing",0.471916976457959,-0.112450440123027
2005,1,0.17,3500,0,0.96,"Missing",0.33652522014948,-0.678817747559868
2005,0,0.14,10000,0,0.44,"A",0.00473440268205683,-5.34815406434871
2005,0,0.22,10000,0,0.8,"D",0.412462235049766,-0.353795874529605
2005,0,0.13,10000,0,0.78,"B",0.0186383730885397,-3.96371849774569
2005,0,0.1,1500,0,0.16,"A",0.000115405615556949,-9.06694213112692
2005,0,0.29,2000,1,0.83,"Missing",0.761911651181632,1.16318878732217
2005,1,0.21,9800,0,0.7,"D",0.310208003053969,-0.799147048375781
2005,0,0.13,7500,0,0.92,"B",0.000283813203918579,-8.16691041539865
2005,0,0.1,6000,0,0,"AA",0.000147057425093941,-8.82454033233152
2005,0,0.1,1500,1,0.79,"A",0.00129758881291859,-6.64594906459363
2005,0,0.2,10000,0,0.79,"C",0.0946432388699941,-2.25821463507222
2005,1,0.29,3000,0,0.91,"Missing",0.954971470313343,3.05438518409859
2005,0,0.19,9750,0,0.78,"B",0.00267373834161214,-5.92160033872635
2005,1,0.24,5250,0,0.57,"Missing",0.858060745410119,1.7992757143311
2005,0,0.29,7000,1,0.91,"D",0.247717289872671,-1.11082406189344
2005,0,0.11,1253,0,0.73,"A",0.00299877580331053,-5.80654785801787
2005,1,0.25,9000,0,0.99,"Missing",0.843036748474131,1.68099883831152
2005,0,0.08,2499,0,0.01,"AA",0.000702051656944662,-7.26080127304387
2005,0,0.29,4750,0,1,"Missing",0.929788166583764,2.5834399183263
2005,0,0.15,12000,1,0.53,"B",0.000483679121555753,-7.63360504697097
2005,0,0.14,16500,0,0.2,"AA",0.000185863618807737,-8.59031150452017
2005,0,0.15,6000,0,0.14,"C",0.111643628087236,-2.07406107597226
2005,1,0.28,6000,0,0,"D",0.587098247659692,0.351982501461238
2005,0,0.13,2500,0,0.57,"A",0.00305113918014216,-5.7891844530161
2005,0,0.09,5000,0,0.18,"AA",0.000569013381708497,-7.47103743084211
2005,1,0.16,3500,1,0.51,"C",0.0468379568629187,-3.01309100568673
2005,0,0.13,8000,0,0.57,"A",0.00119978927804159,-6.72440882963855
2005,0,0.09,1400,1,0.9,"D",0.00237070717500744,-6.04219346051378
2005,1,0.25,3000,1,0.93,"Missing",0.994776313983974,5.24931461578072
2005,1,0.2,1500,0,0.8,"D",0.206137881986547,-1.34836451635256
2005,0,0.22,5400,0,0.63,"D",0.0420571833768461,-3.12575788457385
2005,0,0.17,25000,0,0.78,"B",0.00351199873012864,-5.64805178451505
2005,0,0.23,6001,0,0.88,"D",0.264186136562788,-1.02432326636078
2005,0,0.12,4500,0,0.09,"AA",0.000548323007269467,-7.50809754194634
2005,0,0.21,7500,0,0.68,"C",0.0116810822689076,-4.43803480377117
2005,1,0.29,4000,0,0.98,"Missing",0.995226506735378,5.33989197875019
2005,0,0.1,5000,1,0.06,"AA",0.000624400133481074,-7.37809456039565
2005,1,0.2,9999,0,0.9,"D",0.1977965273514,-1.40012341956134
2005,0,0.15,15000,0,0.63,"B",0.00506808936925188,-5.27971040695915
2005,1,0.29,3500,0,0,"Missing",0.719252209713184,0.940755351836137
2005,1,0.24,17500,0,0.15,"D",0.125051211317432,-1.9454420134834
2005,1,0.29,1000,0,0.92,"Missing",0.834534144957461,1.61810879934134
2005,0,0.09,3600,0,0.23,"AA",0.00047531342970069,-7.65106069310785
2005,0,0.1,3000,0,0.14,"AA",0.00234965781306792,-6.05113315029822
2005,0,0.09,2500,0,0.28,"AA",0.0017018821939136,-6.37431713545286
2005,0,0.12,1000,1,0.45,"D",0.0054336460232929,-5.20969644922221
2005,0,0.25,8500,1,0.73,"D",0.23095730310732,-1.20291363217714
2005,1,0.23,15000,0,0.06,"D",0.0687905428932022,-2.6054179552099
2005,0,0.15,4000,0,0,"C",0.0338581629829827,-3.35113053071935
2005,1,0.22,5000,0,0.86,"Missing",0.868259474797414,1.88565633422228
2005,0,0.29,13531,0,0.82,"D",0.0848120908717007,-2.37869129569017
2005,0,0.15,5000,0,0.83,"C",0.0158934333245057,-4.12582816519518
2005,0,0.17,4500,0,0.89,"D",0.0356568961985011,-3.29750457818767
2005,0,0.18,15000,0,0.26,"B",0.00685239331270849,-4.97628132024741
2005,1,0.28,11000,0,0.84,"Missing",0.904907081732398,2.25297776569741
2005,0,0.17,1600,0,0.98,"C",0.0044910877086759,-5.40115915225059
2005,0,0.29,18000,0,0.91,"C",0.0314796803184443,-3.42642719476729
2005,0,0.19,15000,0,0.3,"AA",0.00075783610067722,-7.184285298318
2005,1,0.29,1500,1,0.91,"Missing",0.936816657558444,2.69644689601481
2005,0,0.15,8400,0,0.48,"B",0.0446533031776631,-3.06314602399277
2005,0,0.12,15000,0,0.55,"A",0.00155642285276376,-6.46380749853301
2005,1,0.25,1250,0,0.99,"Missing",0.950073574957708,2.94598900636376
2005,1,0.24,2350,0,1.37,"Missing",0.845854991165493,1.70245416449289
2005,1,0.25,10000,0,0.87,"Missing",0.932302431444713,2.62260699502112
2005,0,0.13,19000,0,0.08,"AA",0.00166391733989529,-6.39691531017283
2005,0,0.18,9999,0,0.97,"C",0.0328684289360195,-3.3818219570314
2005,1,0.22,1100,1,0,"Missing",0.905046985088793,2.25460467020392
2005,0,0.1,4999,0,0.06,"AA",0.000120893927372703,-9.02047612888301
2005,1,0.25,5000,1,1.1,"Missing",0.918961080298195,2.42831424198278
2005,0,0.19,2750,0,0,"C",0.0142586237955506,-4.2360321219553
2005,0,0.1,6001,0,0.41,"AA",0.000819806811817335,-7.10562169777044
2005,0,0.19,15000,1,0.41,"A",0.00470780256928206,-5.35381510644477
2005,0,0.1,7000,0,0.07,"AA",0.00375873724780296,-5.57990639728496
2005,0,0.09,1500,0,0.03,"AA",0.000673396796409646,-7.30250218495518
2005,0,0.15,2200,1,0,"C",0.0480523338460051,-2.98621935531947
2005,0,0.15,5000,0,0.73,"B",0.00021816487694774,-8.43004127608581
2005,0,0.15,9999,0,0.83,"C",0.0408943007055322,-3.15501058076621
2005,1,0.29,2100,1,1.14,"Missing",0.992456298710403,4.87947003127729
2005,0,0.23,9600,0,0.94,"D",0.145444745106856,-1.77078490811676
2005,0,0.09,1000,0,0.02,"AA",0.000232091808810954,-8.36814541819779
2005,1,0.29,1000,1,1,"Missing",0.993726351240517,5.06510374349627
2005,0,0.15,2500,1,0.28,"B",0.000584546225012303,-7.4440899783316
2005,1,0.29,4000,0,0.77,"Missing",0.980149241585064,3.89946263369692
2005,1,0.29,3001,0,0,"Missing",0.893666999880876,2.12875754199376
2005,0,0.17,10000,1,0.6,"A",0.00338312785640523,-5.68556573253015
2005,0,0.15,9800,0,0.94,"B",0.000511480080218374,-7.57769030625475
2005,0,0.15,2000,0,0,"B",0.00158279769509955,-6.44697725302847
2005,0,0.12,7500,0,0.81,"A",0.00843243105660615,-4.76720198183463
2005,1,0.29,3000,0,0.91,"Missing",0.848070834414088,1.71954976710709
2005,1,0.29,7400,0,0,"Missing",0.961543579068821,3.21901421172766
2005,1,0.2,2500,0,0,"Missing",0.940854603883423,2.76678986194629
2005,0,0.17,4000,1,0,"C",0.0505155468714608,-2.93363800862936
2005,0,0.17,15000,1,0.41,"B",0.00948758932196468,-4.64823783839313
2005,0,0.1,5000,0,0.43,"A",0.00191388580958937,-6.25670392871353
2005,0,0.14,20200,0,0.86,"A",0.00158164164193784,-6.44770906370236
2005,1,0.29,3500,0,0.94,"Missing",0.805854843654459,1.42329752370098
2005,0,0.14,5000,0,0.84,"C",0.0448662854569199,-3.05816471390398
2005,0,0.19,6001,0,0.52,"C",0.0865015563095243,-2.35711926634537
2005,0,0.14,9700,0,0.23,"AA",0.00366616793418718,-5.60493541725357
2005,0,0.13,9000,0,0.26,"AA",0.000129863674710513,-8.94889544169842
2005,0,0.14,6001,0,0.56,"B",0.000226851317356894,-8.39098886764748
2005,0,0.17,11300,0,0.27,"C",0.0271595481055774,-3.57849142897948
2005,0,0.2,5000,0,0.97,"C",0.0526827162347811,-2.8893466414366
2005,0,0.23,6001,0,0.24,"D",0.176393016532079,-1.54097890034761
2005,0,0.14,11500,1,0.36,"A",0.00424757073421221,-5.45715143412771
2005,1,0.18,2000,0,0,"D",0.374923723477668,-0.511151083504114
2005,0,0.2,9000,0,0.65,"A",0.00574167790877626,-5.15424556805591
2005,0,0.17,25000,0,0.34,"AA",0.0127807670774,-4.34695066640339
2005,0,0.15,4500,1,0,"C",0.0304531420226736,-3.46063963049406
2005,0,0.15,3600,0,0.28,"A",0.000464792293825557,-7.67345503176991
2005,0,0.15,9000,0,0.3,"B",0.00122739103381366,-6.70163632816476
2005,0,0.13,6000,0,0.92,"C",0.00221036200898725,-6.11238616343064
2005,1,0.28,5000,0,0.56,"Missing",0.983174523343453,4.06789244055346
2005,0,0.24,2350,0,1.37,"Missing",0.380070295638292,-0.489249867415384
2005,1,0.2,5000,1,0.43,"D",0.396385109235939,-0.420550159754834
2005,0,0.27,25000,1,0,"C",0.189152465087937,-1.45552665658836
2005,1,0.29,3500,0,0.9,"Missing",0.9908586202062,4.68576052418985
2005,0,0.15,3000,0,0.73,"D",0.0571241001476651,-2.80370857579227
2005,1,0.29,5200,0,0,"Missing",0.983079125779845,4.06214159038739
2005,0,0.11,2000,0,0.75,"B",9.27705515125685e-05,-9.28528852651657
2005,0,0.09,2550,0,0.17,"A",0.00179056331347838,-6.32343284008184
2005,1,0.18,2550,0,0.28,"D",0.0754840969148521,-2.50534825532346
2005,0,0.09,5500,1,0.48,"A",0.0136186228894222,-4.28260488585012
2005,0,0.27,12000,1,0,"D",0.817601822486597,1.50018336262821
2005,0,0.11,9000,0,0.33,"A",0.00514823865441721,-5.26393909516091
2005,1,0.17,1550,0,0.95,"Missing",0.814858486292816,1.48189399009439
2005,0,0.19,13500,0,0.78,"B",0.00196379351305595,-6.23091148621188
2005,0,0.16,5000,0,0.35,"B",0.000440975428443181,-7.72608032919894
2005,0,0.11,1527,0,0.03,"AA",0.00082646285361688,-7.09752878135309
2005,0,0.17,5500,0,0.91,"C",0.0026478804701078,-5.93134438930734
2005,0,0.12,9000,0,0.12,"A",0.000493524641334534,-7.61344412209035
2005,0,0.12,1000,1,0.45,"D",0.00647260987367763,-5.03368222297734
2005,1,0.29,9200,1,0.98,"Missing",0.874328816383644,1.93978768299041
2005,0,0.17,7100,0,0.95,"D",0.106640380222696,-2.12552696818449
2005,0,0.16,3500,1,0.51,"C",0.120671796378066,-1.9860837772807
2005,0,0.21,5000,0,0.77,"C",0.0188145488671401,-3.95413103818784
2005,0,0.29,10000,0,0.98,"C",0.127816201045343,-1.92040687766415
2005,1,0.29,2100,0,0,"Missing",0.947622773535618,2.89548461745462
2005,1,0.23,7200,0,1.12,"Missing",0.945607909059403,2.85560925451058
2005,0,0.11,1527,0,0.03,"AA",0.00107715793940201,-6.8323515055273
2005,0,0.1,2000,0,0,"AA",0.000629385462480012,-7.37013708741816
2005,0,0.16,10000,0,0.11,"B",0.00083348241660504,-7.08906412189453
2005,0,0.26,17850,0,0.94,"C",0.00699943033444783,-4.95490247277578
2005,0,0.13,10000,0,0.15,"A",0.000682028994390406,-7.2897561255736
2005,0,0.2,3000,0,0,"D",0.212295635006959,-1.31114304013181
2005,1,0.29,3000,1,0,"Missing",0.915564971261338,2.38355898171071
2005,0,0.28,12000,0,0.83,"D",0.134588908362524,-1.86097963510781
2005,0,0.2,4000,1,0.98,"B",0.00519870074425654,-5.25413428048137
2005,0,0.26,25000,0,0.69,"B",0.00102565920277754,-6.88139356289568
2005,0,0.24,4000,0,0.92,"D",0.277137281272476,-0.958706343171391
2005,0,0.19,4700,0,0.74,"D",0.0083362801464739,-4.77876696646193
2005,0,0.18,6500,0,0.85,"C",0.0729175681284702,-2.54271288548475
2005,0,0.2,4100,1,0.8,"D",0.204741120941804,-1.35692133925326
2005,0,0.14,1500,0,0.04,"AA",0.00112395289490398,-6.78977885183359
2005,1,0.24,4000,0,0.99,"Missing",0.952617412827136,3.00095856547813
2005,1,0.26,5500,0,0.99,"Missing",0.968143684366314,3.41414485511196
2005,0,0.11,3500,1,0.18,"A",0.00206314602517774,-6.18145798722855
2005,0,0.21,13500,0,0.82,"C",0.0396897096029641,-3.18616450126297
2005,0,0.17,1500,0,0.67,"C",0.0207131178956678,-3.85605742113575
2005,0,0.21,10000,0,0.72,"A",0.00421531267234742,-5.46480728726513
2005,1,0.26,2550,0,0.88,"Missing",0.376929909045435,-0.502599765492411
2005,0,0.15,2000,0,0.87,"D",0.00101596869137608,-6.89089626073799
2005,0,0.15,8942,0,0,"B",0.000736591476659064,-7.21274026232004
2005,0,0.22,12000,1,0.92,"C",0.0142257611927134,-4.23837287216681
2005,0,0.26,6000,1,0,"Missing",0.405644525637911,-0.382000358589163
2005,0,0.17,6300,0,0.41,"C",0.00233139745931662,-6.05895330384858
2005,0,0.25,2500,0,0.66,"D",0.348014026071889,-0.627780265548526
2005,0,0.13,1200,0,0.72,"D",0.135979470548469,-1.84909260696886
2005,1,0.29,6000,0,0,"Missing",0.922443027405741,2.47601281856584
2005,0,0.11,5000,1,0.45,"B",0.00210888836793938,-6.15948319495786
2005,1,0.22,1500,1,1,"Missing",0.986287056428752,4.27560727148559
2005,0,0.19,7400,1,0.87,"C",0.176146082857312,-1.54267956217172
2005,0,0.22,2500,1,0.74,"D",0.298253703151091,-0.855627461038653
2005,0,0.26,7000,0,0.92,"C",0.0374049518916298,-3.24782971339235
2005,0,0.13,2000,1,0.54,"A",0.00390223297671172,-5.54229646501125
2005,0,0.13,13000,0,0.81,"B",0.00449703349012077,-5.39983014844462
2005,1,0.29,3000,0,1.34,"Missing",0.956056827578496,3.07992009106641
2005,0,0.14,7500,0,0.14,"A",0.00537740651851393,-5.22015716398156
2005,0,0.16,23000,1,0.13,"A",0.00725367093802277,-4.91896749525721
2005,0,0.2,19900,0,0.98,"A",0.0279344157139603,-3.5495638089505
2005,0,0.29,3000,0,0.36,"Missing",0.930396170832452,2.59279090297955
2005,0,0.29,18000,0,0.93,"D",0.170232862986979,-1.5839778215806
2005,1,0.27,1000,1,0,"Missing",0.83453105528555,1.61808642467254
2005,0,0.13,4250,1,0.99,"B",0.0023964991298351,-6.03134692713288
2005,0,0.29,15000,0,0,"AA",0.0372155007088735,-3.25310424595266
2005,0,0.23,8500,0,1,"D",0.403529912552141,-0.390778475822779
2005,0,0.13,5000,0,0.69,"A",0.000368835883461604,-7.90478986920544
2005,0,0.14,8000,0,0.74,"B",7.03073967604135e-05,-9.56256323773856
2005,0,0.29,25000,0,0.95,"C",0.0596578190412946,-2.75761860936716
2005,0,0.11,20000,0,0.01,"AA",0.00556520468139646,-5.18564076667775
2005,0,0.11,5000,1,0,"A",0.0067687845947841,-4.98864193955318
2005,1,0.29,1500,1,1.29,"Missing",0.977007132323615,3.74930988543388
2005,0,0.15,10000,0,0.66,"B",0.000182686346161673,-8.60755712799025
2005,1,0.29,2550,0,0.9,"Missing",0.970681692777803,3.49978645995099
2005,0,0.11,12000,0,0.47,"A",0.00291772177005937,-5.83403019634374
2005,0,0.15,2000,1,0,"C",0.0318882777689185,-3.41310902194581
2005,1,0.24,2600,0,0.96,"Missing",0.891494272821885,2.1060960564391
2005,1,0.27,1000,1,0,"Missing",0.959646820049544,3.16889512019816
2005,0,0.2,10000,0,0.85,"D",0.194327779573708,-1.42213066663203
2005,1,0.25,2550,0,0.86,"D",0.732245052757904,1.00604304321319
2005,0,0.17,25000,0,0.54,"A",0.00147324714937856,-6.51881203572348
2005,0,0.15,2500,1,0.28,"B",0.00152250307066439,-6.48587587826931
2005,0,0.11,2500,1,0,"B",0.0046701025448242,-5.36189320779144
2005,0,0.15,15500,0,0.98,"B",0.00038074760677881,-7.87299303164402
2005,1,0.3,3000,0,1.03,"D",0.71287711052642,0.909398739623347
2005,0,0.29,6000,0,0.92,"Missing",0.792833871013009,1.34209267849629
2005,0,0.29,6500,1,0.85,"D",0.46957760548083,-0.121840081046799
2005,0,0.25,13000,0,0.93,"D",0.0380063095347961,-3.23125570554364
2005,0,0.2,5000,0,0.65,"B",0.00108983088490144,-6.82064232106248
2005,1,0.29,7000,1,0,"Missing",0.977765379755446,3.78361919861188
2005,0,0.25,4000,0,0.46,"C",0.0250857822474165,-3.66004824401349
2005,0,0.08,1000,0,0.05,"AA",0.00192793246643883,-6.2493773178676
2005,0,0.28,12839,0,0.45,"C",0.105908638014966,-2.13323114762738
2005,1,0.28,12000,0,0,"Missing",0.988083291007757,4.41782546457182
2005,0,0.18,9999,0,0.92,"D",0.161898377995535,-1.64417051836236
2005,0,0.12,10000,0,0.12,"AA",0.000628466827082568,-7.37159864802557
2005,0,0.29,6000,0,1.12,"Missing",0.925330244777025,2.51707556825117
2005,0,0.17,5233,0,0.38,"B",0.000974310832478447,-6.93280538959637
2005,1,0.23,3100,0,0.78,"Missing",0.892155904054812,2.11295426950793
2005,0,0.15,25000,0,0,"A",0.0231479438549231,-3.74242925568251
2005,0,0.11,1000,0,0.01,"AA",0.000294502408361119,-8.12992883132669
2005,1,0.28,3500,0,0,"Missing",0.985307724452953,4.20563212030884
2005,0,0.18,20000,0,0.67,"B",0.000697351124808219,-7.26752391379852
2005,0,0.14,25000,0,0.23,"B",0.00149303558656637,-6.50544977382387
2005,0,0.17,3650,0,0.85,"D",0.0257612050140126,-3.63278676434721
2005,0,0.12,18950,0,0,"AA",0.00811269538013898,-4.80617933103898
2005,0,0.07,2500,1,0.06,"AA",0.00287665646143041,-5.84824580816231
2005,1,0.28,5000,0,0.81,"D",0.119264153552045,-1.99941693641324
2005,1,0.22,5000,0,0.93,"D",0.139860100982786,-1.81645240499042
2005,0,0.21,12000,1,0.98,"C",0.0631232589396918,-2.69746242116328
2005,0,0.15,15000,0,0.62,"B",0.00225804410759185,-6.09099568219179
2005,0,0.08,2000,0,0.23,"AA",0.000504637208952405,-7.59116602039338
2005,1,0.29,1500,0,0.84,"Missing",0.810634766210503,1.45413999856675
2005,1,0.28,1000,0,0,"Missing",0.903008603863623,2.23110980651542
2005,1,0.29,7900,1,0.99,"Missing",0.926628702288577,2.53602012863326
2005,1,0.28,6000,0,0.98,"Missing",0.943568485783365,2.81664118395955
2005,0,0.09,1500,0,0.76,"A",0.00523168310931828,-5.24777681816965
2005,0,0.21,5000,0,0.95,"D",0.0448493641347405,-3.05855965112583
2005,1,0.29,2550,0,0,"Missing",0.799895299890122,1.38564011384687
2005,0,0.29,7000,1,0.91,"D",0.0552597359622946,-2.83886549545894
2005,0,0.2,25000,1,0.98,"B",0.0333799654135711,-3.36584960396898
2005,0,0.23,1525,0,0.56,"D",0.0740697158182872,-2.52579218939748
2005,0,0.19,2750,0,0,"C",0.0150787377672464,-4.1792760445181
2005,0,0.09,5000,0,0.17,"AA",0.00335295968939883,-5.69455324036394
2005,0,0.14,2000,0,0,"C",0.00532995055696544,-5.22906911179632
2005,0,0.13,9000,0,0.86,"B",0.000247773200744018,-8.30274893944891
2005,0,0.2,9900,0,0.96,"D",0.226886080185114,-1.22597836924951
2005,0,0.22,15000,0,0.83,"D",0.290289905118503,-0.893976473120107
2005,1,0.29,4000,1,0,"Missing",0.932136056490023,2.6199739172848
2005,0,0.23,18000,0,0.58,"C",0.00812130774439153,-4.80510962030364
2005,0,0.15,14000,0,0.69,"B",0.00409484056037774,-5.49392425025224
2005,1,0.23,4500,1,0,"D",0.513839395214672,0.0553717241262826
2005,0,0.15,6010,0,0.63,"B",0.00048951413976923,-7.62160757627242
2005,0,0.14,9250,0,0.92,"B",0.0130090861938713,-4.32901278221269
2005,0,0.24,5000,0,0.9,"C",0.0639684868904131,-2.6832585740055
2005,0,0.17,10000,0,0.85,"C",0.00885334522629349,-4.71806713076407
2005,0,0.14,4500,0,0,"AA",0.000266737139981511,-8.2289801062276
2005,0,0.13,4000,0,0.01,"A",0.00525563565480408,-5.24318482497551
2005,0,0.2,10000,0,0.64,"D",0.0739339812408449,-2.52777297704954
2005,1,0.29,3000,0,0,"Missing",0.895557665424484,2.14881151724366
2005,0,0.16,5000,1,0.69,"C",0.0887663943602773,-2.32879115561136
2005,0,0.16,25000,0,0,"AA",0.000527758059544141,-7.54634470246063
2005,0,0.15,7500,0,0.98,"C",0.0121414544866946,-4.39891392703788
2005,0,0.07,5000,0,0.05,"AA",0.000363583334998951,-7.9191383806001
2005,0,0.2,3500,0,0.8,"D",0.315550528445011,-0.774296001260726
2005,1,0.29,3500,1,1,"Missing",0.991181922382716,4.72209420299735
2005,0,0.16,8200,0,0.87,"C",0.083577163087137,-2.3947075565551
2005,0,0.21,8000,0,0.76,"D",0.0564929230586676,-2.81548849080475
2005,0,0.21,10000,0,0.84,"D",0.00152019572493441,-6.48739483361457
2005,0,0.14,8000,0,0.44,"A",0.00284779651123608,-5.8583578784928
2005,0,0.11,15152,0,0.6,"A",0.00105026268771878,-6.85766415272236
2005,0,0.1,3500,0,0.07,"AA",0.000130236973394391,-8.94602464920453
2005,0,0.15,2500,0,0.56,"C",0.116648929662078,-2.02455388694891
2005,1,0.29,6000,0,0,"Missing",0.974444153950838,3.64100111125446
2005,0,0.19,10000,1,0.81,"C",0.0383373408698842,-3.22223934432052
2005,0,0.2,4000,0,0.48,"D",0.0789326684352838,-2.45693794983557
2005,0,0.13,24250,0,0,"AA",0.00101372371576987,-6.89311064271354
2005,0,0.07,5000,0,0.33,"AA",0.00055649840993554,-7.4932895911988
2005,1,0.29,2100,0,0,"Missing",0.985205115585266,4.19856838529912
2005,1,0.29,6000,1,0,"Missing",0.981276610170654,3.9590808520904
2005,1,0.29,1890,1,0,"Missing",0.99780099967213,6.11755099663056
2005,0,0.19,6500,0,0.7,"C",0.074625950663911,-2.51770972258794
2005,1,0.29,2000,0,1.26,"Missing",0.954716524770757,3.04847228300416
2005,1,0.28,2500,1,1.04,"Missing",0.904354519951946,2.24657301195016
2005,0,0.22,10000,0,0.65,"C",0.0221107551207412,-3.78933226988553
2005,0,0.25,5000,0,0.9,"D",0.0842880727966614,-2.38546145547288
2005,0,0.16,3500,1,0,"C",0.153808829478113,-1.7050348397088
2005,0,0.29,10000,0,0.49,"D",0.188246387196239,-1.46144518663384
2005,0,0.29,3000,1,0.59,"D",0.0695277565968056,-2.59396619753669
2005,0,0.1,2300,0,0.62,"A",0.00151554478968297,-6.49046361312054
2005,0,0.22,20000,1,0.77,"B",0.00187654908052862,-6.27644247236903
2005,0,0.17,3000,0,0.53,"C",0.0746830778788604,-2.51688276528501
2005,1,0.28,3500,1,0.94,"Missing",0.807542320644864,1.43411918113876
2005,0,0.23,2600,0,0.5,"Missing",0.723267746027868,0.960729033483571
2005,0,0.21,2500,1,0.38,"A",0.00912261444549772,-4.68783436401835
2005,1,0.2,9500,0,0.72,"D",0.496864934470813,-0.0125404264588505
2005,1,0.29,9000,1,0,"Missing",0.973298698050244,3.59597869538563
2005,1,0.25,1500,1,0.97,"Missing",0.971633145122876,3.53375692870004
2005,0,0.2,12000,0,0.34,"C",0.00819102484130758,-4.79649150009231
2005,0,0.16,5000,0,0.94,"C",0.0543073476454836,-2.85725809091996
2005,0,0.2,1000,1,0.42,"C",0.0454183531495026,-3.04535690062376
2005,0,0.1,2000,0,0,"B",0.000166875398237622,-8.69809625304644
2005,1,0.23,3000,0,0.86,"Missing",0.942829616104313,2.80284958325389
2005,0,0.15,6500,0,0.9,"C",0.00572081800398463,-5.15790623156327
2005,0,0.2,6000,0,0.25,"A",0.0247351528832036,-3.67448364667374
2005,0,0.18,13000,0,0.95,"B",0.0286028507098621,-3.52522900723819
2005,1,0.29,2500,0,0.89,"Missing",0.995431884212652,5.38407587794385
2005,1,0.28,5000,0,0.95,"Missing",0.783414401441454,1.28567596061006
2005,1,0.29,3001,1,0,"Missing",0.837568091022865,1.6402436708317
2005,0,0.15,5000,0,0.73,"B",0.00102694740861164,-6.88013708301859
2005,0,0.2,3000,1,0.07,"D",0.217907007847322,-1.27790524699692
2005,1,0.17,1800,0,0.96,"Missing",0.801453812685762,1.39540558955041
2005,1,0.29,2550,1,1.51,"D",0.864554884358861,1.85364828228588
2005,0,0.18,3000,0,0.79,"B",0.0183304715107756,-3.98068993771515
2005,0,0.1,3000,0,0.07,"AA",0.00124012076747431,-6.6913056206296
2005,0,0.25,25000,0,0.87,"A",0.00402528861590776,-5.51112525297027
2005,1,0.29,2550,0,0.63,"D",0.90199643186863,2.21960667674352
2005,0,0.11,1600,0,0.69,"B",0.00172944948677143,-6.35822119014185
2005,1,0.29,5000,1,0.97,"Missing",0.87099474478841,1.90978280169007
2005,0,0.18,9999,0,0.92,"D",0.0265297315714987,-3.60260123326507
2005,1,0.29,4000,0,1,"Missing",0.9824002766227,4.02211565424958
2005,1,0.29,5000,0,0.77,"Missing",0.0693767340058535,-2.59630297373311
2005,1,0.29,10000,0,1.13,"Missing",0.901508286790298,2.21409682003734
2005,0,0.18,3000,1,0.95,"D",0.0297816277539197,-3.48362948712631
2005,1,0.23,1500,1,1.11,"Missing",0.954179709837118,3.03612501912519
2005,0,0.27,10000,1,0.79,"D",0.233083541813293,-1.19098093735165
2005,0,0.16,3500,0,0.83,"C",0.00887336868250291,-4.71578779947222
2005,1,0.29,2500,1,1.01,"Missing",0.950353510294411,2.95190634427796
2005,0,0.15,4000,0,1,"D",0.0851547814378739,-2.37428433227624
2005,1,0.23,4000,0,1.01,"Missing",0.977786389762966,3.78458605603784
2005,1,0.29,2000,0,0,"Missing",0.454735710217216,-0.181554218978432
2005,1,0.25,3000,0,0.71,"D",0.129925556566059,-1.90161713051932
2005,0,0.2,9000,0,0.65,"A",0.0199173640552039,-3.8960449736478
2005,0,0.2,5000,0,0.64,"D",0.260647698465057,-1.04260485353871
2005,0,0.19,10000,1,0.88,"D",0.0136256667914236,-4.28208065266709
2005,0,0.17,20000,1,0.55,"B",0.0134709379439619,-4.29365816472506
2005,1,0.28,2550,0,0.94,"Missing",0.899299386641152,2.18946411022214
2005,1,0.29,5000,0,1.01,"Missing",0.898747024883714,2.1833795093279
2005,1,0.25,3500,1,0.62,"Missing",0.910453946251253,2.31919025720322
2005,0,0.2,10000,0,0.64,"D",0.0687193087339695,-2.60653050775757
2005,0,0.29,4000,0,1,"Missing",0.138605722360683,-1.82691895672738
2005,0,0.09,2000,0,0,"AA",0.000450102291251183,-7.70558548352258
2005,1,0.2,1000,0,1.07,"Missing",0.98221622774249,4.01152510475278
2005,0,0.09,7000,0,0.17,"AA",0.00039142085532922,-7.84533572301388
2005,0,0.29,13500,0,0.78,"D",0.0277537201701615,-3.55623925528394
2005,0,0.19,15000,1,0.41,"A",0.0135077588102861,-4.29089121340401
2005,0,0.21,7000,0,0.52,"C",0.0617391290482126,-2.72111011215316
2005,1,0.23,7500,0,0.89,"D",0.527815324711427,0.111376288453064
2005,0,0.24,5000,0,0.95,"D",0.0194044594771544,-3.92265717189456
2005,0,0.15,2500,0,0.56,"C",0.00680100328050304,-4.98386090093461
2005,0,0.17,5233,0,0.38,"B",0.00108428751710649,-6.82574729816865
2005,0,0.17,6500,0,0.81,"C",0.0391969393676278,-3.19917078987305
2005,0,0.26,17850,0,0.94,"C",0.0197217302904068,-3.90611539179554
2005,0,0.11,1000,0,0.05,"C",0.00526480791490413,-5.24143190160811
2005,0,0.11,4000,0,0.64,"D",0.0187213603580396,-3.95919131845905
2005,0,0.17,25000,0,0.89,"B",0.000739253801088483,-7.20912973024363
2005,1,0.25,1500,0,0,"Missing",0.923350436164917,2.48876491830702
2005,0,0.1,2000,0,0,"AA",0.000601895893958395,-7.41482398412812
2005,1,0.29,2000,1,0.83,"Missing",0.981840558134336,3.99023829231539
2005,0,0.13,15000,1,0.07,"AA",0.000257516309434252,-8.26416995278503
2005,0,0.1,3900,0,0.41,"AA",0.000119971559277279,-9.02813587053883
2005,1,0.29,4000,1,0.92,"Missing",0.837263778430458,1.63800855089881
2005,1,0.29,2500,1,0,"Missing",0.87197129854284,1.91850203993433
2005,1,0.29,1890,1,0,"Missing",0.987999428741164,4.41072786599256
2005,1,0.25,3001,0,1.02,"D",0.0946637405785611,-2.25797539242734
2005,0,0.13,25000,0,0.27,"AA",0.00220331571202159,-6.11558616480486
2005,0,0.17,3800,0,1.1,"D",0.0168466900650261,-4.06661086707074
2005,0,0.16,5000,0,0.89,"C",0.0500374047559023,-2.94365178952965
2005,0,0.2,2500,0,0,"Missing",0.258340082752203,-1.05461393842411
2005,0,0.15,2000,0,0,"B",0.00122021786634993,-6.70750489426661
2005,0,0.2,10000,0,0.45,"A",0.000654130457111143,-7.33154940620081
2005,0,0.21,10000,0,0.84,"D",0.578976898304852,0.318574871914182
2005,1,0.28,2500,1,1.04,"Missing",0.995630530676066,5.42873467006518
2005,1,0.24,25000,1,0.46,"C",0.410187261659828,-0.363191302694279
2005,0,0.13,21000,0,0.24,"A",0.0010115781340947,-6.89523156844685
2005,0,0.15,3000,1,0.99,"C",0.105353252522273,-2.13910993154186
2005,0,0.2,8500,0,0.48,"B",0.000111785455183383,-9.09881731075265
2005,0,0.14,1500,0,0.04,"AA",0.000932467220297504,-6.97674365732184
2005,0,0.15,7500,0,0.98,"C",0.00493435078491604,-5.30658760306964
2005,0,0.21,10000,0,1.01,"D",0.0443069047061414,-3.07129630413597
2005,1,0.29,1800,0,0.73,"Missing",0.992639130047756,4.90418905835624
2005,0,0.24,1200,0,1.09,"Missing",0.573996371870729,0.298175212548406
2005,0,0.23,9500,0,0.53,"D",0.00481033808609755,-5.33216596416517
2005,1,0.29,3001,0,0,"Missing",0.981482761155799,3.9703623221712
2005,0,0.2,5000,0,0,"B",0.000593265375294433,-7.42927530449979
2005,1,0.29,4000,1,0.92,"Missing",0.959173353096838,3.15673684438838
2005,0,0.07,5000,0,0.05,"AA",0.00143659670586227,-6.54404073173564
2005,0,0.19,13500,0,0.78,"B",0.00251548260839362,-5.98277195008344
2005,0,0.2,9999,0,0.94,"D",0.056460962906196,-2.81608826137935
2005,0,0.2,5000,0,0.72,"Missing",0.470348789569175,-0.1187441714345
2005,1,0.25,4000,0,0.02,"Missing",0.503308954932252,0.0132360129626321
2005,0,0.09,5000,0,0.01,"AA",0.00138733523892456,-6.57898216763622
2005,0,0.17,1700,0,0.56,"Missing",0.575704367965499,0.30516382124437
2005,1,0.29,10000,0,1.13,"Missing",0.44422834632615,-0.224018791305157
2005,0,0.18,12000,0,0.54,"B",0.00908700916317616,-4.69178090202232
2005,0,0.2,5000,1,0.72,"A",0.0055652114325425,-5.18563954679023
2005,0,0.2,5000,0,0.61,"C",0.0369548695171582,-3.26040284979514
2005,1,0.29,10000,1,0.72,"Missing",0.800455835489443,1.38914577193593
2005,0,0.1,1425,0,0,"AA",0.00169345436045745,-6.37928994602764
2005,0,0.06,1000,0,0.04,"AA",1.47216894340763e-05,-11.1261739581148
2005,0,0.2,19000,0,0.95,"C",0.180257841546196,-1.5146015709589
2005,1,0.29,5000,1,1.02,"Missing",0.993741343842093,5.06751146452554
2005,0,0.23,10000,1,0,"D",0.353373622279514,-0.6042427416973
2005,1,0.28,2000,0,0.77,"Missing",0.992637939646357,4.90402615199701
2005,1,0.25,7000,0,0.96,"D",0.464488445904112,-0.142285782251241
2005,0,0.15,1700,0,0.83,"D",0.0191969101694474,-3.9336223780849
2005,0,0.19,6200,0,0,"C",0.0587788300804928,-2.77339639164483
2005,1,0.25,5000,1,0.92,"Missing",0.91709315736893,2.40349145685586
2005,0,0.29,20000,0,0.03,"D",0.13646183402257,-1.84499312447498
2005,0,0.12,20000,0,0,"AA",0.000113402232887945,-9.08445606783118
2005,1,0.28,3200,0,0.99,"Missing",0.748287488715025,1.08949963929813
2005,0,0.15,19300,0,0.39,"A",0.0260715922484079,-3.62049149563726
2005,0,0.18,7500,0,0.58,"C",0.00318789271681178,-5.74520218594061
2005,0,0.23,15000,1,0.76,"B",0.00272565729198058,-5.90231629322718
2005,1,0.24,3200,1,0.73,"Missing",0.972926184546007,3.58174117414734
2005,1,0.29,25000,1,0.42,"D",0.507911367266795,0.0316481103725273
2005,0,0.15,5600,0,0.07,"A",0.0101346747921554,-4.58160620694412
2005,1,0.2,7500,1,0.9,"D",0.489053876686176,-0.0437914901388898
2005,0,0.22,3200,0,0,"D",0.00160875035169823,-6.43068753465804
2005,0,0.09,2000,0,0.02,"AA",0.000812773400612069,-7.11424510342047
2005,0,0.25,4500,0,0.87,"D",0.108425407718494,-2.10692665424967
2005,0,0.23,3500,0,0.92,"Missing",0.224905135113625,-1.23730673658753
2005,0,0.1,2000,0,0,"A",0.000886790667207104,-7.02701442030253
2005,0,0.15,4000,0,0,"C",0.0573682800136218,-2.79918412793535
2005,0,0.25,5000,0,0.9,"D",0.0324793432409627,-3.39413248065602
2005,0,0.29,22000,0,0,"D",0.0229800339706663,-3.74988133720219
2005,0,0.19,5000,0,0.97,"Missing",0.79487120463445,1.35454204284546
2005,0,0.29,12000,0,0.92,"C",0.134336924777318,-1.86314476598896
2005,0,0.12,4000,0,0.43,"B",0.000423654832531678,-7.76616776388882
2005,1,0.29,3000,0,0,"Missing",0.255308849316293,-1.07049558351543
2005,1,0.29,12000,1,0.18,"C",0.565586708074286,0.263867247223044
2005,0,0.22,10001,1,0.81,"D",0.0631132405929596,-2.69763183790788
2005,0,0.25,3000,0,0.73,"D",0.0404740627445318,-3.16577800424485
2005,0,0.23,6001,0,0.81,"D",0.0175560974128647,-4.02464192500573
2005,0,0.28,10000,0,0.24,"C",0.0211135031351281,-3.83650290317327
2005,0,0.17,10000,0,0.79,"A",0.00405387214767551,-5.50402065741479
2005,0,0.28,25000,0,0.73,"C",0.198212880186135,-1.3975015304036
2005,0,0.11,1600,0,0.69,"B",0.00142463767518651,-6.55241210718258
2005,0,0.2,1000,1,0.42,"C",0.0374465424377486,-3.24667522400273
2005,0,0.17,10000,0,0.84,"C",0.0680526748912909,-2.61699425890585
2005,0,0.25,1000,1,0.95,"D",0.27360314504316,-0.976417816924693
2005,1,0.29,7400,0,0,"Missing",0.691292181111542,0.806167312850114
2005,0,0.15,1500,0,0.8,"C",0.0774386077617918,-2.47766845902799
2005,0,0.18,20000,0,0.67,"B",0.000611708419968996,-7.39864293135383
2005,1,0.29,3000,1,0.74,"Missing",0.984922720126127,4.1793742147767
2005,1,0.21,2550,0,0.24,"Missing",0.937661308154983,2.71080651515583
2005,0,0.24,25000,0,0.85,"B",0.00269873200492559,-5.91227086393967
2005,0,0.22,5000,0,0.93,"D",0.27156469493576,-0.986698417970366
2005,0,0.11,13000,0,0.82,"A",0.000296027586374752,-8.12476183935962
2005,1,0.29,2000,0,0.98,"Missing",0.824428519005136,1.54664418296987
2005,0,0.15,4999,0,0.89,"C",0.0461953921252436,-3.02757878135792
2005,0,0.25,4000,1,0.99,"Missing",0.600785869550982,0.40874064005693
2005,0,0.21,10000,0,0.21,"D",0.0236918532636514,-3.71864701580004
2005,0,0.15,3000,0,0,"C",0.0747214996336329,-2.51632690991119
2005,0,0.2,25000,0,0.08,"B",0.00150304061649583,-6.4987609736446
2005,1,0.25,2550,0,0.86,"D",0.400109863117727,-0.405007366063378
2005,1,0.29,3500,0,0.88,"Missing",0.848115538644927,1.7198967657704
2005,1,0.21,5000,0,0.26,"D",0.103243126666598,-2.16169812128803
2005,0,0.18,15000,1,0.02,"C",0.0770736290689769,-2.48278827320859
2005,1,0.29,3005,1,0.76,"Missing",0.963192203378704,3.26454329257909
2005,0,0.29,1800,0,0.73,"Missing",0.753674766845307,1.11830818250511
2005,1,0.29,3000,1,0,"Missing",0.984245034501236,4.13471929950692
2005,0,0.29,3100,0,1,"Missing",0.708599602144108,0.88859237187787
2005,1,0.26,2500,1,0.91,"Missing",0.932473440726541,2.62531967811066
2005,0,0.1,6000,0,0.02,"AA",0.00445669784767716,-5.4088805215428
2005,0,0.14,12000,1,0.37,"A",0.0379640439644179,-3.23241232598055
2005,1,0.22,8500,0,0.93,"D",0.139905065403612,-1.81607868388799
2005,0,0.19,19250,0,0.88,"B",0.0270237999847001,-3.58364166282791
2005,0,0.15,9000,0,0.97,"C",0.0454560180118646,-3.04448849930686
2005,1,0.17,4500,0,0.05,"D",0.27744945918636,-0.957148582682435
2005,0,0.17,10000,0,0.79,"A",0.00406495744313751,-5.50127876328928
2005,1,0.25,8500,1,0.73,"D",0.154221783618996,-1.70186544990199
2005,0,0.09,3500,0,0,"AA",0.000588887767557605,-7.43668587867949
2005,0,0.2,1000,1,0.76,"C",0.0115128438369799,-4.45271238172703
2005,1,0.29,2000,0,1.23,"Missing",0.977949429221102,3.79211947311287
2005,0,0.09,5000,0,0.02,"AA",0.000206137424460183,-8.48676134388929
2005,0,0.22,6500,1,0,"B",0.00873719059442587,-4.73139099963438
2005,0,0.07,1000,0,0.12,"C",0.00122274753467694,-6.70543137905832
2005,1,0.29,2800,0,0.97,"Missing",0.746067736449368,1.07774884309285
2005,1,0.24,3000,0,0,"Missing",0.855418040326096,1.77774374376706
2005,1,0.27,10095,0,0.9,"Missing",0.988419090714667,4.44674879758226
2005,0,0.1,5000,1,0.06,"AA",0.000541830180601228,-7.52001594851988
2005,0,0.29,2550,1,0.75,"D",0.568359271284432,0.275160142889158
2005,1,0.29,3500,0,0,"Missing",0.380587628387659,-0.487054792098617
2005,0,0.16,24000,1,0.35,"A",0.0550809643756459,-2.84229506489258
2005,0,0.29,4500,0,0.98,"Missing",0.850984674837518,1.74234496589879
2005,1,0.29,1890,1,0,"Missing",0.948430745314517,2.9118831162776
2005,0,0.11,10000,0,0.37,"AA",0.00239858175396565,-6.03047618918798
2005,0,0.16,8500,0,0.56,"C",0.0236158091697145,-3.721939779269
2005,1,0.29,7000,1,0.27,"Missing",0.836846869805003,1.6349518936536
2005,0,0.16,5200,0,0.86,"C",0.0213458784288907,-3.82531960921464
2005,1,0.27,1800,1,0.1,"Missing",0.987577157499948,4.37571771284186
2005,0,0.24,6000,0,0.52,"D",0.00694045551761957,-4.96342321757006
2005,0,0.19,6001,0,0.05,"D",0.0892070746404911,-2.32335521810373
2005,0,0.18,9800,0,0.57,"C",0.433655063103702,-0.266953889106421
2005,1,0.2,1000,0,0,"Missing",0.839487046635833,1.6544164009102
2005,1,0.29,1200,1,1,"Missing",0.96123562858036,3.2107180075588
2005,0,0.1,7000,0,0.51,"AA",0.00245628778167387,-6.00664479120754
2005,1,0.26,9500,0,0.86,"D",0.566209847052586,0.266403865387314
2005,1,0.29,2550,0,1.7,"Missing",0.686002299883788,0.781495318909774
2005,0,0.11,3000,0,0.27,"B",0.00423347860930948,-5.46048879246307
2005,0,0.2,24000,0,0.76,"C",0.00478566047363518,-5.33733408517173
2005,0,0.15,7000,1,0,"B",0.00218301990513291,-6.12486067704248
2005,0,0.24,1000,1,0.18,"C",0.365691306961216,-0.550746179562272
2005,0,0.18,1000,1,0.61,"D",0.110771595846035,-2.08288373880445
2005,0,0.2,1500,0,0.41,"Missing",0.46591670117151,-0.13654495181388
2005,0,0.15,3000,0,0.73,"D",0.0153354169784064,-4.16213606984431
2005,0,0.18,10000,0,0.87,"C",0.0822094652632639,-2.41269874429532
2005,0,0.1,5000,1,0.06,"AA",0.00243813474921321,-6.01408086721967
2005,0,0.17,6500,0,0.45,"B",0.00554560966698301,-5.18918767161651
2005,1,0.29,1890,1,0,"Missing",0.962739959491527,3.25186189129557
2005,1,0.29,3000,0,0.79,"Missing",0.904449547885016,2.24767212188309
2005,1,0.17,1000,1,0.71,"Missing",0.726985410569261,0.979381174444118
2005,1,0.29,3000,0,1.51,"Missing",0.899815758987194,2.19517912917104
2005,0,0.24,4000,0,0.63,"D",0.199166572949876,-1.39151144460753
2005,1,0.24,3000,0,0.4,"Missing",0.933306092162274,2.63861960811585
2005,0,0.13,9000,0,0.26,"AA",0.000505582281394182,-7.58929405032537
2005,0,0.25,15000,1,0.82,"D",0.411982175214912,-0.355777177327378
2005,0,0.18,5000,0,0.66,"C",0.0223196503715772,-3.7797153027054
2005,0,0.15,3000,0,0.27,"C",0.00899508556799827,-4.70204111318374
2005,0,0.11,20000,0,0.01,"AA",0.00033664834114126,-7.99613496551234
2005,0,0.2,13500,0,0.31,"C",0.0183999093343669,-3.97683824863911
2005,0,0.16,3500,0,0.53,"B",0.000971785988431262,-6.93540269577872
2005,0,0.09,5400,0,0.18,"AA",0.000459749485578963,-7.6843689581924
2005,0,0.29,3300,0,0.91,"Missing",0.983182458343511,4.06837222881347
2005,0,0.29,25000,0,0.52,"D",0.743622054196921,1.06488020755236
2005,0,0.18,20000,1,0.43,"B",0.00885154082757624,-4.71827278187312
2005,1,0.29,5000,0,0.78,"Missing",0.991230291022824,4.72764326786724
2005,0,0.15,7500,0,0.98,"C",0.00387666422762628,-5.54889603231183
2005,1,0.29,3000,0,0.92,"Missing",0.865926051186473,1.86540800912546
2005,0,0.18,2800,0,0.99,"C",0.00545485125239767,-5.20578014491073
2005,0,0.14,8000,0,0.74,"B",0.00264546312159941,-5.93226016722378
2005,0,0.15,4000,0,0.46,"B",0.0010786534020041,-6.83096263023915
2005,0,0.1,3000,0,0.04,"AA",8.05549932195578e-05,-9.42648990295497
2005,1,0.26,5500,0,0.99,"Missing",0.935222204107436,2.66982126384655
2005,0,0.23,3500,1,0.96,"C",0.102198106462998,-2.1730362855925
2005,0,0.09,3500,0,0.14,"AA",0.00213172630957706,-6.14868915186533
2005,0,0.1,5000,0,1.13,"A",0.000395795893591672,-7.83421602556605
2005,0,0.14,8000,0,0.92,"B",0.000526933004423872,-7.54791007195215
2005,0,0.29,25000,0,0.98,"D",0.0847846617771274,-2.37904472873871
2005,0,0.1,2750,0,0.37,"AA",0.000148113381954828,-8.8173843588594
2005,0,0.1,5000,0,1.13,"A",0.000330472817714576,-8.01465562056585
2005,0,0.21,5000,0,0.26,"D",0.136730200106651,-1.8427176306237
2005,0,0.14,2500,1,0.71,"B",0.0111543217652368,-4.48471125619105
2005,1,0.21,5000,0,0.73,"D",0.762743098114468,1.1677777466096
2005,0,0.26,5050,1,0,"D",0.334420753695018,-0.68825776681981
2005,0,0.11,5000,0,0,"AA",0.00210568963294867,-6.16100433918525
2005,1,0.24,8000,1,0.93,"Missing",0.972820556942434,3.57773872509256
2005,0,0.09,2000,1,0.01,"AA",0.00115100895491118,-6.76596469728424
2005,0,0.25,15000,0,0.45,"C",0.00804448213415873,-4.81469185818849
2005,0,0.11,5000,0,0.18,"A",0.00177571026027908,-6.33177750075338
2005,0,0.15,9999,0,0.83,"C",0.105105812210491,-2.14173790728096
2005,0,0.18,15000,0,0.58,"C",0.0444589097321792,-3.06771238090673
2005,0,0.21,6000,0,0.89,"C",0.0247265874160408,-3.67483877652856
2005,0,0.08,1000,0,0.33,"A",0.000749436959648577,-7.19543863590629
2005,0,0.23,8000,0,0,"D",0.391709837682006,-0.440130653072763
2005,1,0.29,4000,0,0.98,"Missing",0.867247729843823,1.87683990723336
2005,0,0.23,9600,0,0.94,"D",0.469504777949072,-0.122132476240056
2005,0,0.21,2500,1,0.38,"A",0.000479683438581004,-7.64190437606283
2005,0,0.18,25000,0,0.6,"A",0.00281711179683242,-5.86922201706454
2005,0,0.1,3000,0,0.16,"AA",0.00060300381620618,-7.41298384686086
2005,1,0.23,1600,0,0.74,"Missing",0.878067386285404,1.97425479491359
2005,0,0.14,4000,0,0.18,"B",0.00273126790735101,-5.9002543380496
2005,0,0.12,3500,0,0.31,"A",0.000258883132725794,-8.25887490644556
2005,0,0.2,5000,0,0.97,"C",0.149182888172466,-1.74102420509697
2005,0,0.22,25000,0,0.73,"C",0.207961423049242,-1.33725750250844
2005,0,0.18,8000,1,0,"C",0.06025651215167,-2.74699630072151
2005,1,0.22,2500,1,1,"Missing",0.934132937033186,2.65198024564122
2005,1,0.29,2500,0,0,"Missing",0.9125803443491,2.34555597977462
2005,0,0.12,6250,0,0.21,"AA",0.00121222048587608,-6.71408853302116
2005,0,0.25,25000,0,0.18,"A",0.0736728540872539,-2.53159306011965
2005,0,0.13,9900,0,0.86,"B",0.000945285161600364,-6.96307818545777
2005,0,0.2,2000,0,0,"D",0.0291250222937614,-3.50660002644066
2005,1,0.15,4500,1,0,"C",0.349775466840416,-0.620026313564429
2005,0,0.08,2600,0,0,"A",0.00176242950746492,-6.33929803542873
2005,0,0.17,6001,0,0.56,"B",0.0154316896934585,-4.15578011404965
2005,0,0.17,6500,0,0.79,"C",0.00387029798331571,-5.55054596966438
2005,0,0.1,2000,0,0,"B",0.00821818540302631,-4.79315370732209
2005,0,0.09,9000,0,0.37,"AA",0.00323213707089616,-5.73137435696469
2005,0,0.21,15000,0,0.24,"C",0.0653090071098325,-2.6610860247067
2005,0,0.25,1000,1,0.98,"C",0.0396376880131659,-3.18753023841223
2005,1,0.13,2500,1,0.9,"C",0.138010377258749,-1.83191435215082
2005,1,0.29,2560,0,1,"Missing",0.960970975391996,3.20363861595568
2005,0,0.12,25000,1,0.22,"AA",0.0106075961897927,-4.53552065504621
2005,0,0.16,25000,0,0.92,"A",0.0105735208393263,-4.53877261948294
2005,0,0.29,5000,0,0.92,"Missing",0.810882873444879,1.45575708096232
2005,1,0.29,6000,0,0.98,"Missing",0.922164173487296,2.47212144984506
2005,0,0.16,5300,0,0.92,"C",0.020083277071377,-3.88758010917694
2005,0,0.25,4500,0,0.87,"D",0.0843986401043399,-2.38402978436386
2005,0,0.15,2000,1,0,"C",0.22152283503341,-1.25681398187901
2005,0,0.21,3001,1,0,"C",0.0909758229004554,-2.30177790248857
2005,0,0.15,3000,0,0.96,"C",0.0144624262181508,-4.22163326157418
2005,0,0.22,15000,0,0.94,"C",0.0319183543533326,-3.41213521249021
2005,0,0.15,2500,1,0.28,"B",0.0106423086105964,-4.53221850093469
2005,0,0.15,9000,0,0.97,"C",0.00966652620694226,-4.62937271772876
2005,0,0.24,15000,0,0.85,"C",0.0124769078507528,-4.37132031708434
2005,0,0.08,6001,0,0.04,"AA",0.000107456758611368,-9.13831457426211
2005,1,0.23,4000,1,1.35,"Missing",0.921038729945971,2.45654460765641
2005,0,0.11,3500,1,0.18,"A",0.00815675336064216,-4.80071885996471
2005,0,0.08,6001,0,0.04,"AA",0.000336952559966423,-7.99523139979292
2005,1,0.24,3500,0,0.8,"Missing",0.76715673273045,1.19232557108509
2005,1,0.29,4750,1,1.19,"Missing",0.924618046455288,2.50681282602682
2005,0,0.24,5700,0,0.1,"A",0.00698490212421375,-4.95699488790626
2005,0,0.19,2500,0,0.82,"C",0.00269699876013252,-5.91291505233194
2005,0,0.15,2700,0,0.51,"C",0.0054029925787484,-5.21538465613149
2005,0,0.09,5000,0,0.54,"A",0.00179830813384965,-6.31910905469513
2005,1,0.27,2000,1,0,"Missing",0.890398601005274,2.0948190897792
2005,1,0.15,1000,1,1.75,"Missing",0.886595320501024,2.05642598840443
2005,1,0.27,3750,0,0.88,"Missing",0.769464503218201,1.20528997291055
2005,0,0.23,5000,0,0,"D",0.0854456582934223,-2.3705562900165
2005,0,0.15,8575,0,0.9,"B",0.00025994755866234,-8.25477066339407
2005,0,0.08,1000,0,0,"AA",0.00104680376856672,-6.86096643518163
2005,0,0.18,4500,0,0.49,"B",0.00336334715954373,-5.69144960650199
2005,0,0.18,5000,0,0,"B",0.000703187061573312,-7.25918417670438
2005,1,0.29,7000,1,1.02,"Missing",0.969826179272234,3.47014217369469
2005,0,0.15,1000,1,0.55,"B",0.0118806609051267,-4.4208915348793
2005,0,0.15,10000,0,0.68,"B",0.000373114142471787,-7.893252989377
2005,0,0.1,1425,0,0,"AA",0.000417929542669918,-7.77977968095342
2005,1,0.2,4200,1,0.97,"Missing",0.872400290449562,1.92235027260145
2005,0,0.09,9000,0,0.37,"AA",0.000966003100843934,-6.941377043791
2005,1,0.25,4000,1,0.99,"Missing",0.930050812907253,2.58747014240711
2005,1,0.25,8500,1,0.73,"D",0.541557691455304,0.166615143581039
2005,1,0.29,2500,0,0,"Missing",0.626174831087404,0.515841389675932
2005,0,0.18,12000,0,0.54,"B",0.00188793433170025,-6.27038227507621
2005,0,0.17,5000,0,0.93,"C",0.0146028746768524,-4.21182632782892
2005,0,0.14,2000,0,0.98,"B",0.00201706468825708,-6.20409284730084
2005,0,0.23,5000,0,0,"D",0.0364485361045098,-3.27472460400945
2005,0,0.15,2500,0,0.44,"D",0.159311798444216,-1.66335756548983
2005,0,0.11,4999,0,0.28,"A",0.00314301444820736,-5.7594249601373
2005,0,0.17,3500,0,0.98,"Missing",0.316565355976096,-0.769601315780264
2005,0,0.17,5000,0,0.97,"D",0.00388105368635154,-5.54775998904941
2005,0,0.12,17500,0,0.13,"AA",0.000669919209861086,-7.30768329144078
2005,0,0.15,4000,0,0.95,"C",0.0783405617164699,-2.46511028407693
2005,0,0.07,1100,1,0.18,"A",0.0062160245750788,-5.07438928791366
2005,0,0.24,4000,0,0.92,"D",0.136189903864276,-1.84730268481966
2005,1,0.28,3001,0,0,"Missing",0.980884194645586,3.93793890600015
2005,1,0.11,5000,1,0,"Missing",0.679503966252346,0.751493169508303
2005,0,0.29,4000,0,0.8,"D",0.227964213982392,-1.21984224347756
2005,0,0.23,10000,0,0.88,"C",0.290087485282422,-0.89495919286176
2005,0,0.15,2500,0,1.01,"D",0.129546841746986,-1.90497141952792
2005,0,0.17,9000,0,0.9,"C",0.0263713203807393,-3.60875292809838
2005,0,0.1,5200,0,0,"A",0.000400973851180868,-7.82121328754648
2005,0,0.15,6500,0,1.05,"C",0.0078901685600037,-4.83421631995196
2005,0,0.27,3000,1,0.79,"D",0.266195935179983,-1.01400941526993
2005,0,0.23,8100,0,0.93,"C",0.0203525679579867,-3.87398565020284
2005,0,0.22,10000,0,0.8,"D",0.046716633906871,-3.01581191288499
2005,0,0.11,1500,0,0.2,"B",0.000411503842249956,-7.79528061217661
2005,0,0.16,11204,0,0.73,"B",0.0140105414636802,-4.25383565543259
2005,0,0.29,2500,1,0.82,"Missing",0.988870027878215,4.4869212447669
2005,0,0.17,4500,0,0.89,"D",0.0274180983221222,-3.56875097156002
2005,0,0.09,1000,1,0.05,"AA",0.00020815316371413,-8.47702821040508
2005,0,0.24,4000,0,0.99,"Missing",0.858033194050812,1.79904951709081
2005,1,0.24,3500,0,0.83,"Missing",0.633340922091392,0.546576385372913
2005,1,0.2,10000,0,0.85,"D",0.774929338413962,1.23635744456242
2005,1,0.24,1500,0,0,"Missing",0.434654337665531,-0.262886246670793
2005,1,0.23,1000,0,0.92,"Missing",0.773191673408427,1.22642169372878
2005,0,0.24,2600,0,0.96,"Missing",0.340086798258777,-0.662907439832723
2005,0,0.1,2550,0,0.02,"AA",8.47461543425727e-05,-9.37576543947658
2005,0,0.17,2000,0,0.73,"C",0.0468025900191965,-3.01388348435472
2005,0,0.2,25000,1,0.87,"C",0.0753799149220347,-2.50684207512571
2005,0,0.17,1075,1,0.9,"Missing",0.823941303673624,1.54328185267327
2005,0,0.29,25000,0,0.95,"C",0.200190849385608,-1.38510197900363
2005,1,0.29,2500,1,0.87,"Missing",0.980351209649945,3.90989510802992
2005,1,0.28,6000,0,0.98,"Missing",0.768301057246254,1.19874278952626
2005,0,0.23,8000,0,0.75,"C",0.0637859557264425,-2.68631109367473
2005,1,0.27,1700,0,0.95,"Missing",0.856060001490333,1.78294393315837
2005,0,0.24,25000,0,0.97,"C",0.11851803216895,-2.00653942619561
2005,0,0.15,5500,0,0.28,"C",0.0379198983155442,-3.23362171715244
2005,0,0.2,9000,0,0.72,"D",0.0354118466072188,-3.30465481211345
2005,1,0.29,3000,1,0.61,"Missing",0.949312540298187,2.93005954400483
2005,0,0.23,3550,0,0.66,"D",0.11366979346732,-2.05379187802834
2005,0,0.2,3200,1,0,"D",0.280561120905152,-0.941679972514395
2005,0,0.17,4600,0,0.88,"B",0.00208042632747321,-6.17309984771954
2005,1,0.24,4100,1,0.91,"Missing",0.532641396072808,0.130751543378726
2005,1,0.29,7200,0,1.15,"Missing",0.938189973179176,2.71988686094676
2005,1,0.29,3000,0,0,"Missing",0.934715050626109,2.66148019875507
2005,0,0.1,2000,1,0,"B",0.000456171373349199,-7.69218572485266
2005,1,0.29,4000,1,0,"Missing",0.963839068442553,3.28294504193497
2005,0,0.17,3800,0,1.1,"D",0.073201208098831,-2.53852456412769
2005,0,0.29,2500,0,0.83,"D",0.174789045772075,-1.55205926169297
2005,0,0.15,2200,1,0,"C",0.00100271470963412,-6.90404102975261
2005,1,0.29,5000,0,1,"Missing",0.920466622975514,2.44870397000816
2005,0,0.19,4000,0,0.9,"D",0.0721469015713081,-2.55416908111543
2005,0,0.14,7000,0,0.32,"A",0.000185958614346926,-8.58980043661301
2005,1,0.07,6500,0,0.75,"Missing",0.351508255515685,-0.612416075998768
2005,1,0.24,2550,0,0,"Missing",0.802148582280972,1.39977752196525
2005,1,0.29,2700,0,0,"Missing",0.924343727136288,2.50288364518896
2005,0,0.15,3000,0,0.96,"C",0.0492344216571797,-2.96067452594224
2005,1,0.21,3000,1,0.65,"Missing",0.783592156714033,1.28672388601684
2005,0,0.29,23250,0,0.92,"C",0.181264224714646,-1.50780564126171
2005,0,0.15,5000,0,0.27,"B",0.000243694935779851,-8.31934965346528
2005,1,0.23,1750,1,0,"Missing",0.913066691109958,2.35166766383834
2005,1,0.2,1000,0,0.33,"D",0.663587881526404,0.679324344985332
2005,0,0.15,2000,0,0.36,"D",0.0637292357194051,-2.68726129594558
2005,0,0.1,14000,0,0.26,"AA",6.67499072756947e-05,-9.6144908976779
2005,0,0.16,25000,0,0.92,"A",0.00655393899895483,-5.02111352584115
2005,1,0.21,3000,1,0.97,"D",0.476328461733871,-0.0947569904888568
2005,0,0.07,1000,0,0.12,"C",0.0507138279960172,-2.92951168931443
2005,0,0.11,6475,0,0.1,"AA",0.000644676187542137,-7.34611751796798
2005,0,0.27,3000,0,0.98,"Missing",0.635865069151903,0.557461897318824
2005,1,0.29,1000,1,0.67,"Missing",0.997628170885482,6.04171919686833
2005,0,0.23,21000,0,0,"B",0.00179692589463908,-6.31987936810398
2005,0,0.17,2400,0,0.77,"D",0.0544608671225866,-2.85427286648457
2005,1,0.29,3001,1,0,"Missing",0.975579721624159,3.68761801246297
2005,0,0.07,1000,0,0.07,"AA",0.000411722155159387,-7.79475000985679
2005,0,0.23,4900,0,1,"D",0.267157718854165,-1.00909131844531
2005,1,0.29,5100,0,0.66,"Missing",0.921082050552145,2.45714042268552
2005,1,0.29,4000,1,1.14,"Missing",0.977999315192516,3.79443538933565
2005,1,0.29,3000,1,0,"Missing",0.979585453114173,3.87088174577945
2005,0,0.13,18000,0,0.53,"AA",0.00298040372832436,-5.81271165436177
2005,0,0.13,5000,0,0.95,"B",0.00101455249098642,-6.89229259179357
2005,0,0.25,25000,0,0.18,"A",0.0189551792485182,-3.94654094190793
2005,0,0.09,2500,0,0.04,"A",0.000154504070941658,-8.77513559682873
2005,0,0.18,3100,0,0.86,"D",0.0125906665176336,-4.3621288914691
2005,0,0.11,2400,0,0.25,"B",0.00193886131296455,-6.24371368697323
2005,1,0.29,4000,0,0.77,"Missing",0.694093450057177,0.81932694273587
2005,1,0.29,7400,0,0,"Missing",0.979598651943882,3.87154196909875
2005,0,0.17,10000,0,0.05,"B",0.000142667663659382,-8.85484998496665
2005,0,0.19,9750,0,0.78,"B",0.0115747846301301,-4.44728399175905
2005,1,0.19,3001,0,0.48,"D",0.519364822161591,0.0774980528058005
2005,0,0.21,15000,0,0.82,"C",0.052375262379083,-2.89552418964147
2005,1,0.29,2550,0,1.16,"Missing",0.970381614820749,3.48929412203522
2005,1,0.29,3000,1,0.75,"Missing",0.956471902343702,3.08984476024936
2005,0,0.09,6001,0,0.26,"AA",0.0020810936256625,-6.17277847976503
2005,0,0.12,9000,0,0.43,"B",0.000941278232562459,-6.96733006303262
2005,1,0.29,5900,0,0.88,"Missing",0.931802671991005,2.61471568160891
2005,1,0.25,9000,0,0.86,"Missing",0.544495211083959,0.178452917081949
2005,0,0.18,5000,1,0,"D",0.01897796346092,-3.94531643444476
2005,0,0.15,5000,1,0.42,"B",0.038113595013352,-3.22832531857564
2005,1,0.2,2200,0,0.92,"Missing",0.967202823804408,3.38406579877629
2005,0,0.2,1500,0,0.53,"D",0.141199784872608,-1.80536051500938
2005,0,0.26,2500,1,0.91,"Missing",0.242351085568303,-1.139832663149
2005,0,0.2,12200,0,0.35,"C",0.0689428313100175,-2.6030430516376
2005,0,0.18,9750,0,0.92,"C",0.128699201220676,-1.91250935794282
2005,0,0.2,7500,0,0.36,"C",0.0215703064849162,-3.81463126381598
2005,1,0.29,1500,0,0.84,"Missing",0.948785107851506,2.91915198031975
2005,1,0.29,3000,1,0,"Missing",0.949483355396108,2.93361512214365
2005,0,0.24,5000,0,0.95,"D",0.417796309629128,-0.331826353737865
2005,0,0.14,8000,0,0.21,"B",0.000242462157895993,-8.32442241812063
2005,1,0.23,3890,0,0.97,"Missing",0.861658083172529,1.82913025773009
2005,0,0.24,25000,0,0.89,"B",0.015069010575291,-4.17993122199298
2005,0,0.11,13000,1,0,"AA",0.00103219827741236,-6.87503176974077
2005,0,0.2,3000,0,1,"C",0.0194500827888694,-3.92026222774325
2005,0,0.19,6000,1,0.61,"D",0.838652595493794,1.64823671872448
2005,0,0.1,4500,0,0.15,"AA",0.000777462931317946,-7.15869682649658
2005,0,0.16,25000,1,0.66,"AA",0.000233378096961672,-8.36261728053339
2005,0,0.28,2550,0,0.94,"Missing",0.183106480107101,-1.49544091362164
2005,0,0.19,3000,1,0,"D",0.191122819142349,-1.44273083598639
2005,0,0.1,3885,0,0.38,"A",0.00178892908338502,-6.32434758447944
2005,1,0.15,2000,1,0,"Missing",0.83393718674516,1.61379197398372
2005,1,0.28,11000,0,0.9,"Missing",0.775347952065267,1.2387591474157
2005,0,0.2,7500,0,0.99,"D",0.0972251643757238,-2.2284436001418
2005,1,0.29,2501,1,0,"Missing",0.923349730538211,2.48875494826637
2005,1,0.26,7225,0,1.01,"Missing",0.953952625315217,3.03094326024277
2005,0,0.15,8500,0,0,"B",0.000462137786934846,-7.67918522662305
2005,0,0.09,1400,1,0.9,"D",0.022884304306134,-3.75415379028407
2005,0,0.09,5000,0,0.17,"AA",2.77600341992006e-05,-10.4918854299472
2005,1,0.15,6010,0,0.63,"B",0.00135884854780777,-6.59975782125381
2005,0,0.16,3500,1,0.51,"C",0.0568444441129551,-2.80891274101519
2005,0,0.25,25000,0,0.87,"A",0.0278700871487642,-3.5519354822632
2005,0,0.11,3000,0,0.32,"AA",9.45335432692204e-05,-9.26646129320459
2005,0,0.16,23000,1,0.13,"A",0.0422486241795561,-3.12101643061737
2005,1,0.29,2000,0,0,"Missing",0.647279931412475,0.607104126034053
2005,0,0.11,1527,0,0.03,"AA",0.000946777928402074,-6.96149876597533
2005,0,0.17,10000,1,0.95,"D",0.389832253847012,-0.448017384801674
2005,1,0.29,3001,0,0.83,"Missing",0.885513244587831,2.04570827124915
2005,0,0.13,8500,0,0.21,"AA",0.0015180859322974,-6.48878575332709
2005,0,0.21,3000,1,0.97,"D",0.415628217933594,-0.340746239626693
2005,1,0.24,3000,0,0,"Missing",0.89944769580681,2.19110287177465
2005,0,0.14,2690,1,0.69,"C",0.0136645717037564,-4.27919001140358
2005,0,0.21,15000,0,0.24,"C",0.00863797923663208,-4.74291110534968
2005,0,0.15,2000,0,0.36,"D",0.0366567917794609,-3.26881101738693
2005,0,0.2,5000,0,0.65,"B",0.000245277532210872,-8.31287489638399
2005,0,0.18,5600,0,0.48,"B",0.00117687715662701,-6.74371325583113
2005,0,0.23,10000,0,0.67,"D",0.000980868568847578,-6.92609073414928
2005,1,0.2,24900,0,0.87,"C",0.198951160567077,-1.39286254796741
2005,0,0.15,5000,0,0,"C",0.00410430048262417,-5.49160721053916
2005,0,0.14,9000,1,0.54,"B",0.000775054353225121,-7.1618020430133
2005,0,0.2,5950,0,0.74,"C",0.020447626560572,-3.86922889037514
2005,0,0.2,1990,1,1,"D",0.147904308564805,-1.75113333351334
2005,0,0.17,3000,0,0,"C",0.535627551006943,0.142752129977238
2005,0,0.17,3650,0,0.85,"D",0.0451694656353152,-3.05111255429025
2005,0,0.15,7000,0,0,"A",0.00447691459895117,-5.40433420942132
2005,0,0.24,5000,0,0.67,"D",0.163334278363509,-1.63362572562009
2005,0,0.22,18200,1,0.8,"C",0.0182379835888413,-3.98584250349267
2005,0,0.19,13000,0,0.82,"C",0.0142605231150257,-4.23589699906715
2005,0,0.2,1000,1,0.42,"C",0.00789840678927692,-4.83316444766091
2005,1,0.29,1000,0,0.95,"Missing",0.943123378746237,2.80831272807192
2005,0,0.13,9000,0,0,"A",0.00152572988124489,-6.4837554777756
2005,1,0.29,5500,1,0.89,"Missing",0.989068901488008,4.50515219559265
2005,1,0.24,15000,1,0.81,"D",0.406891983802324,-0.376828780358311
2005,0,0.18,2550,1,0.99,"Missing",0.964174977978461,3.29262620215338
2005,1,0.24,3000,0,0.85,"Missing",0.94865477892867,2.91647309266061
2005,0,0.28,12839,0,0.45,"C",0.0448583893655854,-3.05834898800304
2005,0,0.17,10000,0,0.85,"C",0.00579143740591295,-5.14556648876166
2005,0,0.29,23250,0,0.92,"C",0.215819092770315,-1.29019921946311
2005,0,0.13,5000,0,0.32,"B",0.00222706019888355,-6.10484331590659
2005,0,0.2,2000,0,1.44,"Missing",0.732627618852367,1.00799517672993
2005,1,0.26,6000,1,1.06,"Missing",0.8644133796958,1.8524404027909
2005,0,0.25,2550,0,0.53,"D",0.185066119778214,-1.48239381595632
2005,0,0.1,1000,0,0.53,"A",0.000441397090282763,-7.72512416164783
2005,0,0.15,9000,0,0.3,"B",0.00231315557968008,-6.06682679978191
2005,1,0.29,4000,0,1.21,"Missing",0.985565736209195,4.22361101763871
2005,1,0.29,3000,0,0.92,"Missing",0.949825495041082,2.94077124994708
2005,0,0.2,5000,0,0.7,"D",0.0534436348395059,-2.87420297590148
2005,0,0.13,10000,0,0.53,"A",0.00308470853104509,-5.77820862943896
2005,1,0.29,3000,0,0.98,"Missing",0.986397407811694,4.28379894725748
2005,1,0.29,3000,0,0.91,"Missing",0.994588354871371,5.21377580090646
2005,1,0.17,2000,1,0.97,"Missing",0.407737967564667,-0.373324427591671
2005,0,0.15,5000,0,0.53,"A",0.000631801402803182,-7.36630344819742
2005,0,0.18,3000,0,0.79,"B",0.000724103223738954,-7.22985223600312
2005,0,0.13,2550,0,0.27,"A",0.00316725263426577,-5.7517184647674
2005,0,0.19,12500,0,0.02,"AA",0.000797989048941299,-7.13261737612815
2005,0,0.15,2500,0,0.56,"C",0.000854013357954949,-7.06470934442949
2005,0,0.21,4000,1,0.91,"D",0.0466756405969942,-3.01673278792663
2005,0,0.15,19300,0,0.39,"A",0.0119751501423488,-4.41287416790778
2005,0,0.17,5000,0,0.34,"D",0.0381420914983982,-3.2275482994283
2005,0,0.1,3000,1,0.32,"A",0.000539398596838618,-7.52451620447481
2005,0,0.12,15000,0,0.55,"A",0.000261255267897754,-8.24975130128562
2005,0,0.15,12000,0,0.45,"AA",0.000173917982932171,-8.65675279922632
2005,0,0.19,5000,0,0.39,"C",0.136985422637726,-1.84055706637557
2005,1,0.23,3000,0,0.89,"Missing",0.914802717628534,2.37373889660136
2005,0,0.28,10000,0,0.87,"D",0.281657601926254,-0.936254177257448
2005,1,0.29,2550,1,1.26,"Missing",0.987876333054695,4.40039803281646
2005,0,0.17,25000,0,0.89,"B",0.00657283902267167,-5.01821488544221
2005,1,0.26,1000,0,0,"Missing",0.702080608418952,0.857225272377308
2005,0,0.15,9900,0,0.72,"B",0.000411051243771636,-7.79638153478197
2005,1,0.28,12000,0,0,"Missing",0.883405711829582,2.02508427869078
2005,0,0.19,15000,0,0.37,"C",0.0161753721325602,-4.10795781068447
2005,0,0.17,4000,0,0.02,"AA",0.000219880276078135,-8.42220745493383
2005,0,0.24,7500,1,0.82,"D",0.136721806625822,-1.84278874253056
2005,0,0.14,8000,0,0.74,"B",0.00832503999321248,-4.78012755246425
2005,0,0.18,6500,0,0.85,"C",0.0424619747519006,-3.11575646960215
2005,0,0.17,15000,1,0.98,"B",0.00110861634958011,-6.80353334181561
2005,1,0.2,5128,0,0,"Missing",0.86444719555635,1.85272895725405
2005,0,0.22,6001,0,0,"D",0.108986714230927,-2.10113335142548
2005,0,0.12,18950,0,0,"AA",0.000164297114987081,-8.71366978188328
2005,1,0.23,8500,1,1.13,"Missing",0.969505229141605,3.45923064666715
2005,0,0.18,1000,1,0,"C",0.0128799624188598,-4.33911884778021
2005,0,0.29,10000,0,0.98,"C",0.0872922423022155,-2.3471541428309
2005,0,0.14,2500,1,0.71,"B",0.00487513979537471,-5.31871943691555
2005,0,0.17,3500,0,0,"B",0.00150562533955352,-6.49704019913948
2005,1,0.28,4500,0,0.47,"Missing",0.99439718085257,5.17886681491676
2005,0,0.12,10000,0,0.12,"AA",0.00353438348911258,-5.64167575261316
2005,0,0.29,10000,0,0.93,"D",0.242485211664606,-1.13910233405629
2005,0,0.15,5000,0,0.27,"B",0.00320561242093861,-5.73964136248423
2005,1,0.23,1000,1,0,"Missing",0.775610900569524,1.2402693816843
2005,0,0.17,25000,1,0.02,"A",0.010752028590385,-4.52185058677548
2005,1,0.23,7200,0,1.12,"Missing",0.863403247656092,1.84384867266838
2005,0,0.25,4500,0,0.87,"D",0.076885766549902,-2.48543222106082
2005,0,0.18,15000,0,0.58,"C",0.175350137602365,-1.54817412571697
2005,0,0.19,9000,0,0.76,"C",0.0792739167395936,-2.45225342396661
2005,0,0.15,5000,0,0.27,"B",0.00134169121189052,-6.61248177028485
2005,1,0.2,1500,0,0.74,"Missing",0.825875214025469,1.55667148654918
2005,0,0.17,5500,0,0.07,"C",0.0125638079455272,-4.36429158358002
2005,0,0.17,4000,0,0.78,"C",0.00265435382060735,-5.92889615311527
2005,0,0.2,6001,0,0.77,"C",0.0351470695586301,-3.31243444085344
2005,0,0.15,1500,1,0.64,"AA",0.000237433307494167,-8.34538632297588
2005,0,0.15,3000,1,0.99,"C",0.00959076798053867,-4.63731725631291
2005,0,0.2,3500,0,0.8,"D",0.00704371663414147,-4.94855067641884
2005,0,0.29,8500,1,0.93,"B",0.0733393845266608,-2.53648961737789
2005,0,0.23,25000,0,0,"B",0.000676239581058194,-7.29828666652607
2005,0,0.23,19000,0,0.95,"C",0.05280465996048,-2.88690590075077
2005,0,0.29,5000,0,0,"Missing",0.774544371296925,1.23415157738321
2005,0,0.09,3000,0,0.13,"A",0.00232449243855126,-6.06192637150947
2005,0,0.1,6500,0,0.67,"A",0.00627354632020386,-5.06512017521643
2005,1,0.25,4000,0,0.02,"Missing",0.737087358601895,1.03088460285223
2005,0,0.28,10500,0,0.94,"C",0.125797150825602,-1.93864174603831
2005,0,0.29,3600,1,0,"Missing",0.729982002800562,0.994531267069511
2005,1,0.25,5000,0,1,"Missing",0.723109580692026,0.95993894481192
2005,0,0.27,6500,0,0.67,"D",0.325654692083034,-0.72790471275385
2005,0,0.2,18000,1,0.75,"B",0.00639481069985387,-5.04585310057231
2005,0,0.1,2500,1,0,"B",0.000771967029176047,-7.16579645202355
2005,1,0.29,5000,0,0.93,"Missing",0.997913799464361,6.17032241328563
2005,0,0.14,22000,0,0.77,"B",0.00156172705289548,-6.46040003707841
2005,0,0.08,3500,0,0.46,"AA",3.47108475446161e-05,-10.2684235990587
2005,0,0.2,12000,0,0.66,"C",0.0219983755132475,-3.79454272073778
2005,0,0.2,13000,0,1.01,"B",0.00495011643816005,-5.30338177097036
2005,1,0.29,5000,1,1.05,"Missing",0.862070154937981,1.83259146681296
2005,0,0.16,5000,0,0.89,"C",0.0356548348489979,-3.2975645281075
2005,0,0.15,1000,0,0,"D",0.0190472794414118,-3.94159998335496
2005,1,0.29,5108,0,0,"Missing",0.637045049939654,0.562561653065455
2005,0,0.11,1600,0,0.69,"B",0.00654029951173621,-5.02321053667479
2005,0,0.11,9000,1,0.85,"A",0.00244579775084756,-6.0109351372073
2005,1,0.29,10000,0,1.13,"Missing",0.904280624970649,2.24571900420796
2005,0,0.15,8000,0,0.84,"A",0.0014115648891373,-6.5616437774834
2005,0,0.17,4000,0,0.78,"C",0.00341140940633155,-5.67721251590732
2005,0,0.21,9000,0,0,"D",0.0625912541585185,-2.70649385691996
2005,0,0.24,2000,1,0.93,"Missing",0.740939016847209,1.05085483328511
2005,1,0.29,1800,0,0.85,"Missing",0.977654912226336,3.77855024679435
2005,1,0.24,5250,0,0.57,"Missing",0.872493682325758,1.92318949940587
2005,1,0.26,1000,1,0.33,"Missing",0.961467757875949,3.21696568272704
2005,0,0.23,15000,0,0.06,"D",0.25756887767283,-1.05864293138759
2005,0,0.16,20000,1,0.32,"A",0.010644407581441,-4.53201916992824
2005,1,0.25,1500,1,0.97,"Missing",0.468067694748501,-0.127903303121558
2005,0,0.09,2500,1,0.24,"AA",0.000236080544946345,-8.35110141060371
2005,1,0.29,4000,1,1.14,"Missing",0.977893406746752,3.78952477175732
2005,1,0.29,3999,0,0.96,"Missing",0.803389714475885,1.40761639599437
2005,1,0.29,2700,0,0,"Missing",0.995615173340222,5.42521071599969
2005,0,0.13,9900,0,0.86,"B",0.00080410906476735,-7.12497121275572
2005,0,0.21,8000,0,0.76,"D",0.0422150262009867,-3.1218470707634
2005,0,0.17,9200,0,0.06,"A",0.00617934112728596,-5.08034511463078
2005,0,0.15,2500,0,1.01,"D",0.200914577519631,-1.38058802152997
2005,0,0.22,20000,1,0.77,"B",0.0165593243021545,-4.08410797132002
2005,0,0.24,2500,1,1,"D",0.233548733901648,-1.18838035067872
2005,0,0.2,12500,0,0.52,"A",0.0161615486889066,-4.10882682486646
2005,1,0.29,2500,1,0.89,"Missing",0.971015980311502,3.51159829285623
2005,0,0.2,5000,0,0.61,"C",0.0546557107104193,-2.85049548319647
2005,0,0.27,7500,0,0.73,"C",0.162130853419026,-1.64245819228198
2005,0,0.25,1000,1,0.98,"C",0.166651216449131,-1.60954915812552
2005,1,0.19,1000,1,0,"Missing",0.965283219582987,3.3251983945068
2005,0,0.17,1200,0,0.94,"D",0.526293959688811,0.105272954166876
2005,1,0.29,6000,0,0,"Missing",0.757108170954183,1.13688994121501
2005,0,0.11,1600,0,0.69,"B",0.0099122996413489,-4.60401715139575
2005,0,0.11,3500,0,0.1,"AA",4.4968684569042e-05,-10.0094992392137
2005,0,0.17,25000,0,0.11,"A",0.0299628013018932,-3.47737776425908
2005,0,0.26,12000,0,0.59,"D",0.174305634928735,-1.55541440606206
2005,0,0.08,1000,0,0.01,"AA",0.000263771822409029,-8.24016233098879
2005,0,0.15,25000,0,0.9,"B",0.0137335767500996,-4.27408283218722
2005,0,0.16,11204,0,0.73,"B",0.000724028110265344,-7.22995604965373
2005,1,0.29,20000,0,0.95,"Missing",0.97612622048263,3.71081113694759
2005,0,0.17,5000,0,0,"C",0.00136528881535937,-6.59502306471127
2005,0,0.17,9500,0,0.95,"AA",0.00208108823587615,-6.17278107505113
2005,0,0.17,15000,0,0.52,"B",0.00464283645030446,-5.36777614767692
2005,1,0.2,2500,0,0,"Missing",0.788979290674442,1.31878379581831
2005,0,0.2,18000,0,0.71,"B",0.00741930541161659,-4.89622287112418
2005,0,0.24,4500,1,0.71,"D",0.266467775074146,-1.01261821246568
2005,0,0.25,15000,0,0,"D",0.0822413954706442,-2.41227562817759
2005,1,0.2,2000,0,0.84,"Missing",0.604896399796871,0.425909193855162
2005,0,0.17,1850,0,0.68,"D",0.0392460427643743,-3.19786773048324
2005,0,0.1,3000,0,0.05,"AA",0.000188232003373543,-8.5776470457423
2005,1,0.29,6000,0,0.92,"Missing",0.797745455875408,1.37226254542015
2005,1,0.17,2000,0,0.25,"Missing",0.768861223655159,1.20189219629957
2005,0,0.1,3000,0,0.05,"AA",0.00106677554760092,-6.84204734222046
2005,0,0.18,6000,0,0.58,"C",0.00725216281099429,-4.91917694826688
2005,0,0.16,10999,0,0.97,"B",0.000848171625442111,-7.07157902263059
2005,1,0.22,20000,0,0.92,"D",0.467371204765205,-0.130700924379719
2005,0,0.24,10000,1,0.03,"A",0.0080130196197972,-4.81864231129323
2005,1,0.26,3672,0,0.94,"Missing",0.991816698481084,4.79744263259798
2005,0,0.19,7500,0,0.8,"D",0.00817851014467069,-4.79803314122644
2005,1,0.2,4600,0,0.91,"Missing",0.918895312814766,2.42743144704476
2005,0,0.1,9000,0,0.22,"AA",3.25536331783447e-05,-10.3325890229932
2005,0,0.25,3001,0,1.02,"D",0.248138273963715,-1.1085662849975
2005,0,0.19,15000,0,0.37,"C",0.0374111314593025,-3.24765810011271
2005,0,0.11,4000,0,0,"B",0.000455428655534461,-7.69381595004068
2005,0,0.17,6500,0,0.45,"B",0.000916464224276724,-6.99407064217109
2005,0,0.2,9000,0,0.72,"D",0.0302144542425394,-3.46875453302343
2005,0,0.29,10000,1,0.9,"Missing",0.693215961174582,0.815197539478424
2005,1,0.25,2500,0,1.01,"D",0.715120004117213,0.920382342019895
2005,0,0.19,6001,0,0.52,"C",0.153907204663185,-1.70427918707545
2005,0,0.1,3000,0,0.04,"AA",0.000252069664256935,-8.28555296175367
2005,1,0.24,2000,0,0,"Missing",0.553559131936562,0.21506162201158
2005,0,0.2,2018,0,0,"Missing",0.420685195622225,-0.319961233299746
2005,0,0.29,25000,0,0.98,"D",0.108544951895462,-2.10569062290178
2005,1,0.28,8423,0,0.92,"Missing",0.894750664413672,2.14021293239133
2005,0,0.23,8200,0,0.44,"C",0.0059653898195736,-5.11579762058687
2005,0,0.1,4500,0,0.69,"A",0.000290022659485185,-8.14526143715622
2005,0,0.19,1000,0,0.87,"C",0.201446190090373,-1.37728005509995
2005,1,0.29,3000,1,0,"Missing",0.980119626729874,3.89794165509119
2005,0,0.2,8000,0,0.79,"C",0.0127895988742388,-4.34625093643508
2005,0,0.29,3000,0,0.91,"Missing",0.70611925688026,0.876610092922727
2005,0,0.23,14000,1,0.83,"C",0.0469162079224838,-3.01133962386677
2005,0,0.22,7300,0,0.74,"D",0.0349718012915402,-3.3176152629992
2005,0,0.08,1668,0,0.05,"AA",0.00025663898376975,-8.26758352112281
2005,0,0.15,4500,0,0.96,"A",0.00274603363167729,-5.89484791329734
2005,0,0.07,1000,1,0,"Missing",0.382382649377008,-0.479447284761473
2005,1,0.29,5500,0,1.13,"Missing",0.913404178938079,2.3559269171181
2005,0,0.13,9000,0,0.86,"B",0.000342018119113151,-7.98030476582139
2005,0,0.15,10000,0,0.64,"AA",0.00262696267734839,-5.93929655650946
2005,0,0.08,1000,0,0.31,"AA",0.00104966375483133,-6.85823518455473
2005,0,0.1,2000,0,0.06,"AA",0.000116365666677726,-9.0586566535518
2005,0,0.26,25000,0,0.69,"B",0.0311644629510351,-3.43681643540505
2005,0,0.2,3000,1,1.03,"Missing",0.70402163460639,0.86652272489443
2005,1,0.29,3500,1,0.95,"Missing",0.810213374704721,1.45139722220347
2005,1,0.24,1000,0,0.92,"Missing",0.915853566205349,2.38729794908331
2005,0,0.29,2500,0,0.83,"D",0.222095800782256,-1.25349455550111
2005,0,0.16,2000,0,0.89,"C",0.0676127518543309,-2.62395162853303
2005,0,0.17,6000,0,0.6,"C",0.0107012804261078,-4.52663292775365
2005,1,0.24,1200,0,1.09,"Missing",0.956179239100012,3.0828376858424
2005,1,0.26,1000,1,0.33,"Missing",0.289810334786525,-0.896305377424919
2005,1,0.2,2500,0,0,"Missing",0.742913993167648,1.06116959600483
2005,0,0.13,1200,0,0.72,"D",0.0271341824037864,-3.57945189044043
2005,1,0.25,9000,0,0.97,"D",0.496897916876545,-0.0124084917033478
2005,0,0.17,10000,0,0.76,"C",0.0158342437233003,-4.12961941533338
2005,0,0.14,8000,0,0.92,"B",0.00310839551431467,-5.77053536110492
2005,1,0.29,3600,0,0.92,"Missing",0.982739568435931,4.0419274605239
2005,0,0.14,16500,0,0.2,"AA",0.00396453132778036,-5.52639522229211
2005,0,0.15,9500,0,0.36,"A",0.000355364026808626,-7.94201243906713
2005,0,0.24,1800,0,1.18,"Missing",0.535576786857073,0.142548038622629
2005,0,0.22,9000,0,0.99,"C",0.0512469238232315,-2.91849297779591
2005,0,0.14,5000,1,0.39,"B",0.00346460698333615,-5.66168545486325
2005,0,0.2,6000,0,1,"C",0.0106898766733258,-4.52771066676355
2005,1,0.24,1000,1,0.29,"Missing",0.84641942219726,1.70678964154939
2005,0,0.2,5000,0,0.97,"C",0.0326268351676465,-3.38944920611944
2005,1,0.29,2000,0,0,"Missing",0.982691918969675,4.03912215802072
2005,0,0.15,4000,0,0.46,"B",0.000732734526949112,-7.21799409190012
2005,1,0.29,1000,1,1.09,"Missing",0.960403196749971,3.18860480391001
2005,0,0.2,7500,1,0.9,"D",0.0490193265312918,-2.96527910065981
2005,0,0.2,6001,0,0,"A",0.0792684547782977,-2.45232825840941
2005,0,0.28,5000,0,1.19,"Missing",0.885824629237244,2.0487833892294
2005,0,0.19,6000,0,0.5,"B",0.000853276071154682,-7.06557377520757
2005,0,0.21,4000,1,0.91,"D",0.317756603035293,-0.764100790766926
2005,0,0.24,5500,0,0,"D",0.10046951238834,-2.19201862461386
2005,0,0.23,8800,1,0.61,"C",0.0366077884870945,-3.2701995918258
2005,0,0.11,6000,0,0,"A",0.00402498237434969,-5.51120164274747
2005,0,0.29,5000,0,0.6,"Missing",0.898602980191445,2.18179761283637
2005,0,0.13,16000,0,0.34,"A",0.00444397786344923,-5.41175150675366
2005,0,0.28,8000,0,0.92,"D",0.0502861011684628,-2.93843205990816
2005,0,0.08,1668,0,0.05,"AA",0.00267770189213926,-5.92011506190992
2005,0,0.24,17500,0,0.15,"D",0.1648389309269,-1.62265578241245
2005,1,0.29,3700,0,0.58,"D",0.519308092130073,0.077270792790699
2005,1,0.24,1800,0,1.18,"Missing",0.979864811900899,3.88494567895211
2005,0,0.18,25000,0,0,"A",0.00847539581528845,-4.76207640672037
2005,0,0.09,3500,0,0.1,"AA",0.00081151106111905,-7.11580070012712
2005,0,0.15,1250,0,0.74,"C",0.00621812830323459,-5.07404879201379
2005,0,0.12,1000,1,0.45,"D",0.074547294245292,-2.51884928336066
2005,0,0.1,4500,0,0.4,"A",5.23320685125419e-05,-9.85784887668841
2005,0,0.15,10000,0,0.66,"B",0.00123697824273308,-6.69384603053105
2005,0,0.17,25000,0,0.89,"B",0.000822981154512169,-7.10175393608709
2005,0,0.24,10000,0,0.89,"D",0.0178178358781597,-4.00957682308751
2005,1,0.29,1500,0,0.51,"Missing",0.994429990741124,5.18477298316314
2005,1,0.29,5000,0,0.93,"Missing",0.962916447807803,3.25679311146015
2005,1,0.29,1500,1,1.29,"Missing",0.719038405048984,0.939696783606215
2005,0,0.14,3500,0,0.65,"B",0.0011826243910839,-6.73883592558185
2005,1,0.25,15000,0,0.83,"C",0.208576999723775,-1.33352431500433
2005,0,0.2,8000,1,0.92,"C",0.0324472040204699,-3.39515571616247
2005,0,0.24,10000,0,0.97,"B",0.0095058965023027,-4.64629162255006
2005,0,0.17,7000,0,0.67,"B",0.0012240717926966,-6.70434762086771
2005,0,0.1,9000,0,0.22,"AA",8.52244100518092e-05,-9.37013743416577
2005,1,0.29,3001,0,0.84,"Missing",0.739200545521302,1.04181751998845
2005,1,0.23,7500,1,0.81,"Missing",0.962271242714043,3.23887377160008
2005,0,0.22,6500,1,0,"B",0.0142987909601814,-4.23317828979815
2005,0,0.2,1800,0,0.61,"Missing",0.631181969601243,0.537290823998185
2005,1,0.25,2550,0,0,"Missing",0.931626799731972,2.6119513661158
2005,1,0.2,1750,0,0.96,"Missing",0.875063577615963,1.94649155686743
2005,0,0.15,2000,1,0.49,"D",0.0272539240385788,-3.57492556573465
2005,1,0.21,7000,0,0.52,"C",0.0775640114827907,-2.47591443430276
2005,0,0.21,2500,1,0.38,"A",0.0103920779224775,-4.55626504872519
2005,1,0.17,1700,0,0.56,"Missing",0.895922849770334,2.15272185084708
2005,1,0.29,4000,0,2.68,"Missing",0.955316974787806,3.06244951585447
2005,0,0.17,9000,0,0.9,"C",0.0378739045523889,-3.23488317772276
2005,0,0.14,16500,0,0.2,"AA",0.000576867197556323,-7.45732144451199
2005,1,0.26,1000,0,0,"Missing",0.967697780115177,3.39978387295257
2005,0,0.22,17500,0,0,"AA",0.000860143113868579,-7.05755125783726
2005,0,0.29,10000,0,0.49,"D",0.345002561385607,-0.641079483805322
2005,1,0.19,4700,0,0.74,"D",0.297461744794132,-0.85941422774417
2005,1,0.29,10000,0,0.47,"Missing",0.901074408881099,2.20921987629363
2005,0,0.07,2000,1,0.07,"AA",0.000479031162205146,-7.64326575993946
2005,1,0.29,3001,0,0.83,"Missing",0.948248937484711,2.90817209643604
2005,0,0.11,3000,0,0.89,"B",0.00147678601598832,-6.51640928585163
2005,0,0.11,15152,0,0.6,"A",0.00958539879367905,-4.63788266290851
2005,0,0.17,5000,0,0.93,"C",0.0376746312488672,-3.24036565785986
2005,0,0.1,5200,0,0,"A",0.000863123922802548,-7.05408878519298
2005,0,0.17,5000,1,0.08,"C",0.0571177222874275,-2.803826995468
2005,0,0.11,13000,1,0,"AA",0.000623707456844312,-7.37920521664141
2005,0,0.2,7000,0,0.59,"C",0.0181551538588174,-3.99047881848635
2005,1,0.29,1890,1,0,"Missing",0.946926433658454,2.88154241130833
2005,0,0.13,5000,0,0,"B",0.000252019900297817,-8.28575045247234
2005,0,0.2,2600,0,0,"Missing",0.625993276315017,0.515065855311311
2005,0,0.2,5000,0,0,"C",0.128609654311431,-1.9133081531488
2005,1,0.29,5000,0,0,"Missing",0.465822674423041,-0.136922819488172
2005,0,0.15,16000,0,0.77,"B",0.0424367616069753,-3.11637675856653
2005,0,0.16,25000,0,0,"A",0.000803285823006065,-7.12599635475289
2005,0,0.08,5000,0,0.13,"AA",0.000559565492039262,-7.48779026037228
2005,1,0.27,15000,1,0.96,"Missing",0.9619509185857,3.23008648670936
2005,1,0.24,2500,1,1,"D",0.276680878103399,-0.960985733083728
2005,0,0.18,14500,1,0.66,"B",0.00441474776045784,-5.41838005742167
2005,0,0.07,2000,0,0.39,"C",0.0347749639685931,-3.32346357043321
2005,1,0.29,3700,0,0.58,"D",0.781107813776771,1.27213387787482
2005,0,0.2,4000,1,0.98,"B",0.00681779006356174,-4.98137875986643
2005,1,0.29,4090,1,0.58,"Missing",0.963726736005409,3.27972684472622
2005,0,0.29,15000,0,0.97,"D",0.46511881819671,-0.139751736192451
2005,0,0.19,21200,1,0.47,"B",0.0133584494809214,-4.30215769821489
2005,1,0.29,1500,0,0,"Missing",0.987648478970695,4.38154762816588
2005,1,0.27,1800,1,0.1,"Missing",0.764293460617825,1.17636427209902
2005,0,0.08,3001,0,0.14,"AA",0.000258193274922329,-8.26154389928021
2005,0,0.19,6001,1,0.24,"D",0.0289898774779038,-3.51139017651212
2005,0,0.2,8000,0,0.91,"D",0.00982619301630518,-4.61282891334946
2005,0,0.15,3000,0,0.03,"AA",0.000746015946371816,-7.2000172878007
2005,1,0.29,5000,0,0.88,"Missing",0.774392977319272,1.23328481933357
2005,1,0.29,5000,0,0.73,"Missing",0.92764473669152,2.55106063434559
2005,1,0.24,5250,0,0.57,"Missing",0.449284697628964,-0.203561225762085
2005,0,0.18,9200,0,0.71,"C",0.0443663276202536,-3.06989385694276
2005,0,0.15,15500,0,0.98,"B",0.00574785360112321,-5.15316434453828
2005,0,0.17,15000,0,0.65,"B",0.000490793709449047,-7.61899574795503
2005,0,0.15,15000,0,0.65,"B",0.00204036457723487,-6.19258432380591
2005,0,0.11,14000,0,0.29,"AA",0.000285686775819094,-8.16032880915428
2005,1,0.2,8000,0,0.84,"D",0.0835301845952098,-2.3953210734075
2005,0,0.25,15000,1,0,"D",0.291016109955836,-0.890454177880279
2005,0,0.07,2000,1,0.07,"AA",0.00120958157632799,-6.71627047015476
2005,0,0.23,14000,1,0.83,"C",0.490998136762474,-0.0360113441221435
2005,1,0.22,15000,0,0.83,"D",0.511986922737074,0.0479568800201404
2005,0,0.1,5200,0,0,"A",2.32653480067095e-05,-10.6685222487809
2005,0,0.29,13500,0,0.78,"D",0.584329696106896,0.340572964341213
2005,0,0.12,15000,0,0.09,"A",0.00890884265374102,-4.71176217522525
2005,0,0.29,5824,0,0,"Missing",0.733287019920115,1.01136409480999
2005,1,0.24,2000,1,0.93,"Missing",0.992990179141752,4.95340862835894
2005,0,0.09,5000,0,0.18,"AA",0.000146817336660366,-8.82617452349994
2005,0,0.17,25000,0,0.89,"B",0.00085236273811662,-7.06664564657138
2005,0,0.28,12000,0,0.83,"D",0.177459821969102,-1.53365310192662
2005,0,0.15,7000,0,0.95,"C",0.0103705669967843,-4.55835886556999
2005,1,0.23,3000,1,0.7,"D",0.672723873582122,0.720530715729049
2005,0,0.17,17000,1,0.59,"B",0.0018969287444775,-6.26562042075776
2005,0,0.07,3000,1,0.01,"AA",0.000250112625476555,-8.29334909573247
2005,0,0.15,10000,0,0.68,"B",0.000815867624281461,-7.11044224067995
2005,1,0.21,4000,0,0,"D",0.0431446563720915,-3.09909365250519
2005,0,0.26,5050,1,0,"D",0.129909232794544,-1.9017615390066
2005,0,0.2,5300,0,1.26,"D",0.107539925473014,-2.11611959986477
2005,0,0.12,4000,0,0.28,"AA",0.000386183064041539,-7.85881278409789
2005,0,0.17,13000,1,0.88,"B",0.00581490462245754,-5.14149901812344
2005,0,0.16,7000,0,0.29,"C",0.0185951711346352,-3.9660831134327
2005,1,0.29,3000,0,0,"Missing",0.926008336277537,2.52693080260594
2005,0,0.15,9999,0,0.57,"B",0.000827497133295619,-7.09627707531634
2005,0,0.11,5000,0,0.46,"A",0.000620461836635071,-7.38442580502256
2005,0,0.23,14000,0,1.04,"D",0.034697546223844,-3.3257725053921
2005,0,0.12,17500,0,0.13,"AA",0.000749384515919816,-7.19550866834312
2005,1,0.29,4000,0,0.98,"Missing",0.867238807171699,1.87676240799299
2005,1,0.2,2000,0,1.44,"Missing",0.972836953680838,3.57835903904271
2005,0,0.13,20000,0,0.79,"A",0.00029490852195643,-8.12855039276079
2005,1,0.29,1800,0,0.98,"Missing",0.753681918077451,1.1183467030341
2005,1,0.26,5000,0,0,"Missing",0.873009001910211,1.92782966448925
2005,0,0.1,1000,0,0.2,"A",0.00278218320328371,-5.88173327389514
2005,1,0.2,6500,1,1.06,"Missing",0.961251487006858,3.21114368707735
2005,0,0.09,5000,1,0,"AA",9.06046581424653e-05,-9.30891432309802
2005,0,0.12,25000,1,0,"AA",0.00135156201846605,-6.60514182848127
2005,0,0.15,15000,0,0.65,"B",0.001899621696262,-6.26419909159896
2005,0,0.13,10000,0,0.12,"AA",0.00118381794218078,-6.73782600018526
2005,1,0.19,15000,1,0.41,"A",0.0302061265117742,-3.46903877892238
2005,0,0.24,2500,1,0.96,"D",0.279646651135472,-0.94621500794107
2005,0,0.09,2500,0,0.04,"A",0.00121432366778187,-6.71235294765308
2005,0,0.29,20000,1,0.9,"C",0.133375096462875,-1.87144081308677
2005,0,0.2,6500,0,0.74,"D",0.136792130216172,-1.84219305501601
2005,0,0.18,2550,0,0.28,"D",0.024169892302225,-3.69818076241896
2005,0,0.25,25000,0,0.73,"A",0.00320724474453936,-5.73913064647761
2005,1,0.2,7000,0,0.86,"D",0.41489545782066,-0.343763956215712
2005,0,0.19,20000,1,0.82,"B",0.000755523944956972,-7.18734327307145
2005,0,0.23,21000,0,0,"B",0.0444243937357375,-3.06852516095388
2005,0,0.21,6000,0,0.76,"D",0.167048824780679,-1.60668889362403
2005,0,0.24,10000,0,0.97,"B",0.00188349308236464,-6.27274193450875
2005,0,0.2,7500,0,0,"D",0.602777446180811,0.4170513383764
2005,1,0.17,1000,1,0.71,"Missing",0.773825824980745,1.23004142756925
2005,0,0.24,1000,1,0.9,"D",0.28768859464455,-0.906636556319117
2005,1,0.29,5500,0,1.02,"Missing",0.799565883659011,1.38358333901256
2005,1,0.2,2018,0,0,"Missing",0.975324602054235,3.67696362809695
2005,0,0.28,4000,0,0,"Missing",0.807648280406115,1.43480109814521
2005,0,0.12,4800,0,0.66,"B",0.000339102178176016,-7.98886992576382
2005,1,0.17,1500,0,0,"Missing",0.682762729885728,0.766497425131437
2005,0,0.26,4000,0,0.99,"Missing",0.821079911958651,1.52368116898714
2005,1,0.29,6700,0,0.39,"Missing",0.972757481260791,3.57535586093579
2005,0,0.18,1230,0,0,"C",0.00836949067460117,-4.77475753611469
2005,1,0.28,5000,0,0.87,"Missing",0.915511632066467,2.38286920243567
2005,0,0.29,3600,0,0.92,"Missing",0.84932903263308,1.72934822916486
2005,1,0.29,6000,0,0,"Missing",0.989093032881129,4.50738662456287
2005,0,0.17,5000,0,0.34,"D",0.0488777765873826,-2.96831974856196
2005,0,0.07,1000,0,0.02,"AA",0.00100962772695286,-6.89716346550496
2005,0,0.25,10000,1,0.71,"D",0.11707430328121,-2.0204322443817
2005,0,0.2,3500,0,0,"Missing",0.788978744147881,1.31878051320158
2005,1,0.15,2200,1,0,"C",0.0231828904311988,-3.74088491339644
2005,0,0.15,2000,0,0.5,"D",0.0101132964711793,-4.58373945536063
2005,1,0.29,12000,0,0.63,"D",0.853148993042621,1.75951568702252
2005,0,0.07,1000,1,0.99,"D",0.0189028540669136,-3.94935856262087
2005,0,0.25,10500,0,0.81,"D",0.793408822403373,1.34559677481043
2005,0,0.17,3000,0,0.88,"D",0.0912947203727693,-2.29792785808625
2005,0,0.15,4500,1,0,"C",0.024802238577501,-3.67170636833929
2005,0,0.15,10000,0,0.64,"AA",0.000459279295553684,-7.68539266111525
2005,0,0.14,1500,0,0.04,"AA",0.00559158683352868,-5.1808848837818
2005,0,0.25,4500,0,0.87,"D",0.3494738053957,-0.621352955488552
2005,0,0.14,18500,0,0.45,"A",6.96155227725207e-05,-9.57245336920416
2005,0,0.2,2000,1,0.78,"D",0.0189422064764062,-3.94723879149931
2005,0,0.12,4800,0,0.66,"B",0.00550616791594441,-5.19636499308994
2005,1,0.29,4500,1,1.52,"Missing",0.985153385968551,4.19502552294425
2005,1,0.24,5600,0,0.62,"Missing",0.849412129146573,1.72999772414068
2005,0,0.26,6000,1,1.06,"Missing",0.496260125342926,-0.014959777615605
2005,0,0.11,6000,0,0.1,"A",0.000387277288379978,-7.855982261762
2005,0,0.15,15000,1,0.45,"A",0.0264559045137488,-3.60546375318655
2005,0,0.18,8000,0,0.23,"C",0.00988741121901138,-4.60655630876416
2005,0,0.17,5000,0,0.15,"B",0.000692820236853259,-7.27404693055642
2005,0,0.21,6250,0,0,"C",0.0216950484454152,-3.80873738056729
2005,0,0.15,8500,0,0,"B",0.00203831608924234,-6.19359086216167
2005,0,0.17,25000,0,0.54,"A",0.000597953806488125,-7.42139892102053
2005,0,0.19,4000,0,0.9,"D",0.0132464909842968,-4.31068758468674
2005,0,0.15,7000,0,0.33,"A",0.000187726972988444,-8.58033417744461
2005,0,0.18,5000,0,0.99,"D",0.0522529181351249,-2.89799193661665
2005,0,0.18,7500,1,0.96,"D",0.0797864178380452,-2.44525251018435
2005,0,0.17,15000,1,0.41,"B",0.00365499448098989,-5.60799900547688
2005,0,0.2,1100,0,0,"Missing",0.216036346682206,-1.28891599350673
2005,0,0.21,5000,0,0.73,"D",0.105882754740926,-2.1335045188005
2005,1,0.29,4000,0,0.77,"Missing",0.874600053059595,1.94225849457012
2005,0,0.23,6500,0,0.71,"Missing",0.91701567613635,2.40247284628769
2005,1,0.29,1000,0,0,"Missing",0.893396240041992,2.1259114175542
2005,0,0.23,15000,0,0.86,"C",0.14227872155862,-1.79649123476201
2005,0,0.18,5600,0,0.33,"C",0.0785150572654384,-2.46269601833142
2005,0,0.18,10000,0,0.87,"C",0.019146095969755,-3.93632469388549
2005,0,0.1,7000,0,0.51,"AA",0.000171448025274973,-8.67105893418711
2005,0,0.2,2700,1,0.8,"D",0.0810178706465075,-2.42859692081037
2005,0,0.19,4000,0,0.85,"C",0.0651056823211599,-2.66442166223527
2005,0,0.11,1550,0,0.95,"D",0.0147609366082988,-4.20090004266932
2005,1,0.29,7500,0,0.86,"Missing",0.972100612919701,3.55085459019982
2005,0,0.19,1500,0,0.86,"D",0.0290937642557754,-3.50770603452697
2005,0,0.14,7500,0,0.67,"B",0.00144177517424606,-6.54043734919354
2005,0,0.17,1000,0,0.35,"D",0.00733722327905078,-4.9074305346893
2005,0,0.18,12000,0,0.93,"B",0.00670393566458933,-4.99833400443912
2005,0,0.17,5000,0,0.93,"C",0.2894648426306,-0.89798458093983
2005,0,0.2,25000,1,0.87,"C",0.0183734368530818,-3.97830498184091
2005,0,0.08,1000,0,0.33,"A",0.000159793543228623,-8.74146812446461
2005,0,0.17,12000,0,0.91,"D",0.0100227245141168,-4.59282702251748
2005,0,0.16,25000,0,0,"AA",0.00413193720590737,-5.48486842761539
2005,1,0.26,2000,1,0,"Missing",0.983490153126715,4.08715064260337
2005,1,0.29,1000,1,1,"Missing",0.812851837858436,1.46864823762388
2005,0,0.05,1000,0,0.64,"D",0.0029302274662483,-5.82974069644688
2005,0,0.19,7000,0,1,"C",0.0155510398429292,-4.14795454600198
2005,0,0.14,3500,0,0.94,"C",0.0103782570339615,-4.55760984447125
2005,1,0.07,2000,1,0.81,"Missing",0.696129306498445,0.828933167682123
2005,0,0.29,20000,0,0.04,"C",0.380559099211449,-0.487175813162378
2005,1,0.29,2500,1,0,"Missing",0.970019525464597,3.47676987969155
2005,0,0.17,10000,0,0.05,"B",0.00206727428499339,-6.1794548958976
2005,0,0.11,14000,0,0.56,"AA",0.000353480235188663,-7.94732944323853
2005,1,0.29,2550,1,0.91,"Missing",0.981906378788262,3.99393650961022
2005,0,0.17,5000,0,0.03,"C",0.0348191866543971,-3.32214687963815
2005,0,0.1,6500,0,0.69,"AA",0.000464573112788221,-7.67392692998525
2005,0,0.18,2550,0,0.28,"D",0.12709465065175,-1.92689504037392
2005,0,0.17,4990,0,0.9,"C",0.0439660815704756,-3.07937492870651
2005,0,0.25,9000,0,0.97,"D",0.0560635572707088,-2.82357283783409
2005,1,0.26,3000,0,1.17,"Missing",0.582585346532767,0.33339559179927
2005,1,0.19,5000,0,0.97,"Missing",0.91799203447578,2.41537233045552
2005,0,0.17,5600,0,1.09,"B",0.00395093014638672,-5.52984549200247
2005,0,0.1,14000,0,0.26,"AA",0.00087131190199625,-7.04463885706158
2005,0,0.29,25000,1,0.97,"D",0.169098999805884,-1.59202631333955
2005,0,0.18,5600,0,0.33,"C",0.0418469004643912,-3.13098984561098
2005,0,0.14,22000,0,0.71,"A",0.00737350159490132,-4.90246175074154
2005,0,0.2,5000,0,0.97,"C",0.119813534136633,-1.99419712599236
2005,0,0.2,5000,0,0.81,"C",0.039430710596645,-3.19298114904335
2005,0,0.11,6500,0,0.34,"A",0.000252137177915933,-8.28528509278218
2005,0,0.1,4500,0,0.4,"A",0.000876265806511647,-7.03896443101135
2005,1,0.27,2000,1,0,"Missing",0.983235195954452,4.07156666341729
2005,0,0.18,14000,0,0.28,"C",0.0112807895731767,-4.47330913745775
2005,0,0.26,6000,1,1.06,"Missing",0.675570289976527,0.733488305623023
2005,1,0.29,4000,0,0.77,"Missing",0.979235670183372,3.85353573707878
2005,0,0.26,5000,1,0,"Missing",0.146095515541521,-1.76555871879694
2005,0,0.1,2000,0,0,"B",0.000663646267535803,-7.31709741347523
2005,0,0.19,13000,0,0.82,"C",0.30954807651382,-0.802232928639999
2005,0,0.25,4000,1,0.47,"C",0.234348671032987,-1.18391682850819
2005,0,0.18,15000,0,0.51,"B",0.00225706804403701,-6.09142901453935
2005,1,0.29,2700,0,0,"Missing",0.971024022711256,3.51188409081634
2005,0,0.15,25000,0,0.01,"A",0.00401654531116317,-5.51330848786471
2005,0,0.29,2500,0,0.95,"D",0.401828201638408,-0.397853362754704
2005,1,0.24,1000,1,0.9,"D",0.112149852544778,-2.0689670297243
2005,0,0.09,5000,1,0,"AA",0.000356258472208754,-7.93949772307825
2005,0,0.17,6500,0,0.81,"C",0.0048090403964832,-5.33243707550007
2005,0,0.17,1075,1,0.9,"Missing",0.55701354320637,0.229050356179443
2005,0,0.17,10000,0,0.28,"B",0.000234088183160499,-8.3595785468978
2005,0,0.2,25000,1,0.87,"C",0.0183581310478168,-3.97915396103914
2005,0,0.09,5000,0,0,"AA",0.000499068605556095,-7.602267792397
2005,0,0.19,3000,0,0,"D",0.0872688405881557,-2.34744790301361
2005,0,0.17,13000,1,0.88,"B",0.000230610392386426,-8.3745502474343
2005,0,0.2,7500,0,0.99,"D",0.0241426404125652,-3.69933683893562
2005,1,0.29,4500,1,1.52,"Missing",0.971582573398568,3.53192369127349
2005,1,0.29,2525,0,0,"D",0.53805443673079,0.152512682839757
2005,0,0.15,12000,0,0.94,"B",0.000641293558551192,-7.35138173694584
2005,1,0.22,10001,1,0.81,"D",0.271066134033621,-0.989220180922529
2005,0,0.2,5000,0,0.61,"C",0.0715968579791019,-2.56241486870389
2005,0,0.2,7500,0,0.99,"D",0.097186020196169,-2.22888965378322
2005,0,0.15,12000,0,0.45,"AA",0.00369665452283178,-5.59662354733487
2005,0,0.25,15000,0,0.65,"D",0.059535067881963,-2.75980884651662
2005,0,0.14,7500,1,0.54,"B",0.00667889072066987,-5.00210207068184
2005,1,0.29,7000,1,0.91,"D",0.227749678940636,-1.22106162110573
2005,0,0.11,2593,0,1.01,"Missing",0.0399225073419109,-3.18007374408596
2005,1,0.29,5000,0,0.82,"Missing",0.958669012157646,3.14393334721037
2005,0,0.18,20000,0,0.67,"B",0.00244744447334846,-6.01026042654518
2005,0,0.16,5000,0,0.35,"B",0.000247766121555195,-8.30277751818302
2005,0,0.18,10000,0,0.97,"C",0.00107020948666622,-6.8388300851703
2005,0,0.05,2000,0,0.1,"AA",0.00087114184221896,-7.04483422301403
2005,0,0.29,6500,0,0.89,"Missing",0.867102158753697,1.8755760778615
2005,1,0.27,2000,1,0,"Missing",0.805023478959375,1.41799229700777
2005,0,0.15,1000,1,0.46,"D",0.0784882729555019,-2.46306627854061
2005,1,0.29,3000,1,1.01,"Missing",0.992508988307696,4.88653220793837
2005,0,0.13,4000,0,0.01,"A",0.000484696727496638,-7.63150235251067
2005,0,0.29,3600,0,0.3,"Missing",0.764757921148173,1.17894423409882
2005,1,0.29,2550,0,0.98,"Missing",0.928775574635737,2.56803131981513
2005,0,0.21,25000,0,0.07,"B",0.0084306262395043,-4.76741785773905
2005,1,0.17,6500,1,0.33,"C",0.287996271780672,-0.905135612815212
2005,0,0.25,15000,0,0,"D",0.115340959436937,-2.03730969938464
2005,0,0.14,2000,0,0.98,"B",3.25109116804742e-05,-10.3339022695232
2005,0,0.15,3000,1,0.99,"C",0.0116191285480532,-4.443415368137
2005,1,0.29,2550,0,0.91,"Missing",0.92902112773483,2.57174922197645
2005,0,0.12,3500,0,0.31,"A",0.00226739040981351,-6.08685574315428
2005,0,0.13,24250,0,0,"AA",0.00144917117615494,-6.53531326638822
2005,0,0.22,19000,0,0.75,"C",0.00741180141043449,-4.89724235860625
2005,0,0.11,14000,0,0.29,"AA",0.000223394639002434,-8.40634724932515
2005,0,0.13,2500,0,0.57,"A",0.00842012388390925,-4.76867496439924
2005,0,0.26,7000,0,0.92,"C",0.0506989095792504,-2.92982161649155
2005,1,0.29,9740,0,0.56,"D",0.19182806756083,-1.43817533416652
2005,0,0.24,5000,0,0.9,"C",0.0237898873993934,-3.71441725135069
2005,1,0.29,4000,1,0.92,"Missing",0.987484409661331,4.36818561470577
2005,0,0.24,4000,0,0.99,"Missing",0.419063251182698,-0.326620018856596
2005,0,0.2,3500,0,0,"Missing",0.459753229973245,-0.161336127746164
2005,0,0.18,18000,0,0.15,"B",0.00410098474609283,-5.49241873529188
2005,0,0.23,6001,0,0.61,"D",0.44309155879246,-0.228624420293461
2005,0,0.2,7000,0,0.28,"C",0.0278065496658229,-3.55428321519812
2005,1,0.27,6000,0,0.85,"Missing",0.913164859371879,2.35290504747294
2005,0,0.29,15000,0,0,"AA",0.00182889823278649,-6.30221097931637
2005,0,0.2,1000,1,0.9,"D",0.124153109737037,-1.95367573299056
2005,0,0.23,1300,0,0.43,"D",0.0879053727137884,-2.33948281683416
2005,0,0.17,10000,1,0.6,"A",0.0089702375364103,-4.70483240971218
2005,0,0.16,25000,1,0.66,"AA",0.000238731553056018,-8.33993208622137
2005,0,0.11,12000,0,0.41,"A",0.01131975517482,-4.46982152286872
2005,0,0.2,11000,0,0.44,"C",0.14586019724178,-1.76744627403162
2005,0,0.16,5000,0,0.94,"B",0.00198539451412604,-6.21995026889776
2005,0,0.17,10000,0,0.05,"B",0.00503933611770177,-5.28542885186161
2005,0,0.11,4500,1,0.97,"AA",0.000529925418022572,-7.5422442161542
2005,0,0.12,6000,0,0.6,"A",0.00204645461441598,-6.18959788798659
2005,0,0.14,9000,0,0.14,"B",0.000267091838455542,-8.22765086693937
2005,0,0.18,5000,0,0.12,"C",0.0353659458620773,-3.30599943506603
2005,0,0.22,5000,0,0.55,"C",0.104517215108595,-2.14801120157908
2005,0,0.16,5300,0,0.92,"C",0.0152300553535363,-4.16913725375133
2005,0,0.11,1000,1,0.97,"C",0.0216154288838663,-3.81249545486528
2005,0,0.2,13000,0,1.01,"B",0.00652778270246498,-5.0251387670214
2005,0,0.18,5000,0,0.92,"B",0.000364202366942212,-7.91743662296955
2005,1,0.17,1500,0,0,"Missing",0.625825773311742,0.514350479267575
2005,0,0.2,20000,1,0.05,"AA",0.00273282080433005,-5.89968437979705
2005,0,0.09,9000,0,0.37,"AA",0.00291906101948772,-5.8335699532975
2005,0,0.17,4000,1,0,"C",0.291032860559969,-0.890372994018001
2005,1,0.29,4500,1,1.32,"Missing",0.827268547551331,1.56639127683292
2005,0,0.1,7500,1,1.02,"D",0.0679182267656106,-2.61911611638755
2005,0,0.2,10000,0,0.45,"A",0.0251799128144268,-3.65620636189009
2005,1,0.29,3300,0,0.91,"Missing",0.933479646668817,2.64141119353296
2005,0,0.29,25000,1,0.42,"D",0.822024753276989,1.53012603081042
2005,0,0.2,3000,0,0,"D",0.152577106857196,-1.71452976657202
2005,0,0.2,3000,1,0,"D",0.386550757505769,-0.461834340985077
2005,0,0.2,21000,0,0.34,"AA",0.00953546239010653,-4.64315633112635
2005,0,0.15,10500,0,0.84,"C",0.0146729570103419,-4.20696746903114
2005,0,0.23,3500,1,0.96,"C",0.0372131269554374,-3.25317049749084
2005,0,0.28,6000,0,0,"D",0.303476627473376,-0.830796752204398
2005,0,0.14,17500,0,0.79,"B",3.47998222529197e-05,-10.2658634784438
2005,0,0.18,2800,0,0.99,"C",0.0116094092876005,-4.44426203955842
2005,0,0.16,6500,1,0.93,"A",0.00928370140094213,-4.67016789030699
2005,0,0.14,6001,0,0.54,"A",0.00471503778571795,-5.35227216034944
2005,0,0.25,10500,0,0.81,"D",0.167668541736011,-1.6022416841373
2005,1,0.29,2500,1,0,"Missing",0.732850630088394,1.00913396240666
2005,1,0.24,3500,0,1,"Missing",0.974867608276139,3.65814415431846
2005,0,0.2,25000,0,0.08,"B",0.000209104675180333,-8.47246646665302
2005,1,0.29,3900,0,0,"Missing",0.775131380489195,1.23751621982242
2005,0,0.25,5000,0,0.2,"D",0.279115017296198,-0.948855654633053
2005,1,0.2,25000,1,0.98,"B",0.00956855140211411,-4.63965882948966
2005,0,0.2,5000,0,0.97,"C",0.00428393273256189,-5.44859069347304
2005,0,0.21,5000,1,0.94,"C",0.161598429215981,-1.64638276127305
2005,0,0.25,2500,0,0.66,"D",0.0749381701514657,-2.51319720280506
2005,0,0.22,8500,0,0.93,"D",0.0106004917980555,-4.53619780564179
2005,0,0.28,15000,0,0.93,"B",0.0624305987097265,-2.70923526402338
2005,1,0.26,5000,1,0,"Missing",0.674775036265036,0.729862216735098
2005,0,0.1,4000,0,0.51,"AA",0.000440933571233235,-7.72617529517674
2005,0,0.15,1500,1,0.2,"C",0.0271008256304108,-3.58071625986439
2005,0,0.18,15000,0,0.16,"B",0.000352224317274866,-7.95089003398504
2005,1,0.24,4000,0,1,"Missing",0.856367935662599,1.78544519422578
2005,0,0.15,25000,0,0.09,"C",0.0503761505722636,-2.93654809806548
2005,0,0.11,25000,1,0.09,"AA",0.00110181136291126,-6.80969734113212
2005,0,0.29,12500,0,0.96,"D",0.233050565032855,-1.1911654261375
2005,0,0.2,1500,0,0.8,"D",0.133954798690467,-1.86643468286867
2005,0,0.15,5000,0,0.33,"B",0.0013759747520734,-6.58721596614858
2005,0,0.16,3500,1,0.51,"C",0.0198298600854837,-3.90053728194588
2005,1,0.28,3001,0,0,"Missing",0.949599983142443,2.93604931599058
2005,1,0.28,3500,0,1.01,"Missing",0.821541884770465,1.52682899678802
2005,0,0.08,3500,0,0.46,"AA",0.000538641952395201,-7.52592070198625
2005,1,0.29,7100,1,1.12,"Missing",0.987473493808231,4.36730276012907
2005,0,0.2,4000,1,0.98,"B",0.14495501518489,-1.77473062718959
2005,0,0.13,3500,1,0.71,"C",0.179379102520914,-1.52055978833162
2005,0,0.18,10000,0,0.66,"B",0.000392860294804653,-7.84166355576741
2005,1,0.28,5000,0,0.87,"Missing",0.989003909189946,4.49915845555276
2005,0,0.24,9500,0,0.86,"D",0.0453570069234729,-3.04677276903978
2005,1,0.29,5224,0,0.67,"Missing",0.826626600944285,1.56190543812167
2005,0,0.25,14000,0,0.84,"B",0.00354065421757667,-5.63989682451755
2005,0,0.15,9990,0,0.2,"A",0.000689343178816652,-7.27908174760495
2005,1,0.23,6001,0,1.2,"Missing",0.682565408209393,0.765586571669933
2005,0,0.19,7400,1,0.87,"C",0.00922831880634411,-4.67620722801521
2005,0,0.18,5000,0,0.5,"D",0.0501800237271362,-2.94065545419864
2005,0,0.29,12000,0,0.91,"D",0.159358175541217,-1.66301133170727
2005,0,0.13,25000,0,0.05,"AA",0.000343273830054402,-7.97663875818786
2005,0,0.23,8500,0,0.86,"D",0.0686258861367165,-2.60799122495958
2005,0,0.11,14000,0,0.56,"AA",0.000719442200067705,-7.23631466721183
2005,1,0.22,5000,0,0.86,"Missing",0.623275694480149,0.503475313321196
2005,1,0.15,3000,0,0.73,"D",0.27444771185432,-0.972172383845707
2005,0,0.29,20000,1,0.9,"C",0.405779508845034,-0.381440517299586
2005,1,0.29,4090,1,0.58,"Missing",0.979126528524815,3.84818183148885
2005,0,0.18,14000,0,0.91,"C",0.0571900469683387,-2.8024848486965
2005,1,0.29,7000,1,1.02,"Missing",0.97885704199459,3.83507871212399
2005,0,0.14,15000,0,0.59,"AA",0.000509673739499049,-7.58122995976334
2005,1,0.29,4500,0,0.45,"Missing",0.971720489795039,3.53693067977404
2005,0,0.1,4000,0,0.34,"A",0.000414255198254209,-7.78861401211876
2005,0,0.2,10000,0,0.79,"C",0.184076163058961,-1.48897141189387
2005,0,0.18,15000,1,0.02,"C",0.00863418153118366,-4.74335468488302
2005,0,0.15,6000,0,0.39,"B",0.00516638435047335,-5.26040241080265
2005,1,0.29,5000,0,0,"Missing",0.964479891584992,3.3014900132467
2005,1,0.28,23500,0,0.89,"D",0.86948195413489,1.89638607958364
2005,0,0.14,14500,0,0.48,"A",0.000448094565821439,-7.71005806841142
2005,0,0.2,4500,0,0.39,"D",0.0633091412324554,-2.69432357121281
2005,1,0.26,9000,1,0.83,"Missing",0.977998937136817,3.79441781910788
2005,1,0.22,6001,0,0.25,"Missing",0.98527056140738,4.20306816853384
2005,0,0.24,10000,0,0.54,"A",0.0396085203945832,-3.18829673599737
2005,0,0.14,9000,0,0.14,"B",0.00258679122588425,-5.95474693752645
2005,1,0.18,2275,0,1.03,"D",0.0399835067297032,-3.17848342747979
2005,0,0.2,25000,1,0.98,"B",0.0121448643065517,-4.39862967359668
2005,0,0.13,10000,0,0.28,"AA",0.00136720628420021,-6.59361768800843
2005,1,0.29,1500,0,0.95,"Missing",0.921972336066078,2.46945178920968
2005,0,0.17,5500,0,0.07,"C",0.00490749055377951,-5.31207298484183
2005,0,0.07,2500,1,0,"AA",0.00612245822896459,-5.08965031437839
2005,0,0.25,7900,0,0.68,"C",0.0335033911748364,-3.36203112711808
2005,0,0.18,2750,1,0,"D",0.204961500653805,-1.35556838051964
2005,0,0.12,5900,1,0.31,"A",0.0021849881092515,-6.1239575137609
2005,0,0.06,1000,0,0.04,"AA",0.000229979988384538,-8.37728825341232
2005,0,0.23,8000,0,0,"D",0.0407334197542977,-3.15912013387581
2005,1,0.29,4200,0,1,"Missing",0.965129796772992,3.32062990791818
2005,1,0.23,1500,0,0.84,"Missing",0.878683264423058,1.98001972156761
2005,0,0.15,5000,0,0.67,"C",0.0136880486685463,-4.27744959307896
2005,0,0.09,2500,0,0.04,"A",0.000823268636113223,-7.10140439200962
2005,1,0.29,3999,0,0.94,"Missing",0.944135414621102,2.82733895941814
2005,1,0.19,6600,0,0.27,"C",0.0207234268388305,-3.85554931672523
2005,0,0.17,4000,0,0.02,"AA",0.000549325650876686,-7.50626964472985
2005,0,0.21,9975,0,0.62,"C",0.0491915562949011,-2.96159062733128
2005,0,0.18,2000,0,0,"D",0.244345664797595,-1.12900016126536
2005,0,0.09,2000,0,0,"AA",0.00182487201807305,-6.30441888236447
2005,1,0.29,3500,0,0.88,"Missing",0.975460707069737,3.68263425354698
2005,0,0.15,8000,0,0.64,"B",0.00386830097886668,-5.55106408968215
2005,0,0.1,4500,0,0.69,"A",0.00130345905982772,-6.64142942366299
2005,0,0.15,3500,0,0.32,"A",0.103540570460924,-2.15848951671338
2005,1,0.29,2550,0,0.95,"Missing",0.855836879613189,1.78113435785481
2005,1,0.26,2600,0,0.36,"Missing",0.915283655057739,2.37992546519557
2005,1,0.23,5000,0,0.97,"Missing",0.991292042654801,4.73477194081107
2005,0,0.07,1000,0,0,"AA",7.31109620010587e-05,-9.52345912984172
2005,0,0.12,6000,0,0.03,"AA",0.000206517679867016,-8.48491799343109
2005,0,0.18,9995,0,0.53,"C",0.0325628251781182,-3.391479181471
2005,1,0.29,2550,0,0.9,"Missing",0.907366733402254,2.28189837745727
2005,0,0.1,8000,0,0.45,"AA",0.00150684645743973,-6.49622826787394
2005,0,0.17,1000,1,0.59,"D",0.177439325814017,-1.53379352384647
2005,0,0.08,2500,1,0.24,"AA",0.000548351108283567,-7.50804626612796
2005,1,0.29,4600,0,0.9,"Missing",0.929146761383078,2.57365602815692
2005,0,0.29,25000,1,0.93,"C",0.154031212815354,-1.70332720184894
2005,0,0.23,3100,0,0.78,"Missing",0.694133708083912,0.819516552957456
2005,0,0.23,21000,0,0,"B",0.000723107910382983,-7.23122872382197
2005,1,0.26,3675,0,0.85,"Missing",0.776236694192824,1.24386866928282
2005,0,0.14,9700,0,0.23,"AA",0.000853684999317979,-7.06509423588056
2005,1,0.19,1000,1,0,"Missing",0.921081904518495,2.45713841369234
2005,0,0.13,4950,0,0,"B",5.39097033959899e-05,-9.82814615919584
2005,0,0.15,8500,0,0.55,"AA",0.00606187734357621,-5.09965540909552
2005,0,0.24,25000,0,0.97,"C",0.120467623775698,-1.98800934111021
2005,0,0.1,3000,0,0.05,"AA",0.000551192224380284,-7.50287560088978
2005,0,0.29,4000,1,0.94,"D",0.729323266268695,0.991191827282947
2005,0,0.15,9000,0,0.3,"B",0.000636533256672619,-7.35883715611252
2005,1,0.29,3500,0,1.24,"Missing",0.942697902682308,2.80040864814712
2005,0,0.15,5000,0,0.83,"C",0.0127023614262632,-4.35318363755653
2005,0,0.2,5000,1,0.95,"C",0.014701121722542,-4.20502122634058
2005,0,0.12,10000,0,0.81,"AA",0.00159063167426072,-6.44203216416339
2005,0,0.2,10000,0,0.64,"D",0.10885706022499,-2.10246919329545
2005,0,0.19,8500,0,0.79,"C",0.0124681115459618,-4.37203447991399
2005,1,0.2,5000,0,0.87,"Missing",0.78236197313235,1.27948425915289
2005,0,0.2,3500,0,0.8,"D",0.0877898827829534,-2.34092409148454
2005,0,0.14,9700,0,0.23,"AA",0.00012202908196687,-9.0111291283325
2005,1,0.25,8000,1,0.85,"D",0.589407529915942,0.361516680178157
2005,0,0.21,20000,0,0.01,"B",0.0021994231164914,-6.11735832738021
2005,1,0.29,2501,0,1.22,"Missing",0.807125096303305,1.43143685888413
2005,0,0.14,3500,0,0.94,"C",0.044295098245056,-3.07157516339399
2005,0,0.12,8000,0,0.61,"A",0.00259783301280453,-5.95047642484999
2005,0,0.2,25000,0,0.08,"B",0.0017101316773715,-6.36947331149962
2005,0,0.11,9000,0,0.33,"A",0.00052243472749709,-7.55648793413537
2005,0,0.18,5000,0,0,"B",0.00237636836006737,-6.03980265939527
2005,0,0.17,1000,1,0.14,"D",0.0260655110769648,-3.62073101573317
2005,0,0.17,5500,0,0.07,"C",0.103559756230238,-2.15828283481653
2005,1,0.29,2000,1,0,"Missing",0.932101557612313,2.61942868164116
2005,1,0.17,3800,0,0.7,"C",0.251237658327425,-1.09202229524705
2005,0,0.21,5000,0,0,"C",0.119134773704609,-2.00064923173778
2005,1,0.29,2550,0,1.16,"Missing",0.856232723589551,1.78434635636232
2005,0,0.09,2000,0,0.13,"AA",0.000323480545980295,-8.03604804902774
2005,1,0.24,1500,0,0,"Missing",0.519448059748972,0.0778315054824819
2005,0,0.11,5000,0,0,"AA",0.000518209341160465,-7.56461292017231
2005,0,0.15,7500,0,0.72,"B",0.0045602233579916,-5.38581302174376
2005,1,0.29,8000,0,0.8,"D",0.776740178921654,1.24676969420322
2005,0,0.21,2500,1,0.38,"A",0.00120336373245403,-6.72143044484141
2005,1,0.29,3500,1,0,"Missing",0.92150679878301,2.46299814269808
2005,1,0.29,11700,0,0.56,"Missing",0.783096669988746,1.28380437893904
2005,1,0.29,2975,0,0.96,"Missing",0.922420705997227,2.47570085493915
2005,0,0.16,25000,0,0.85,"A",0.00495233240210429,-5.302931985196
2005,0,0.28,7500,1,0,"C",0.153828659171463,-1.7048824894009
2005,0,0.11,12000,0,0.02,"AA",3.50669831275238e-05,-10.2582154542223
2005,0,0.15,2500,0,0.7,"D",0.162735958778447,-1.63801047959754
2005,0,0.17,7000,0,0.67,"B",0.00197483342233577,-6.22529444133033
2005,0,0.2,24900,0,0.87,"C",0.0382986169315297,-3.22329020578075
2005,0,0.15,5000,0,0,"C",0.0046552632258483,-5.36509069023528
2005,0,0.23,6000,0,0,"C",0.0229846649554579,-3.74967509548195
2005,0,0.26,6000,1,1.06,"Missing",0.733887727300504,1.01443775928431
2005,0,0.11,1000,1,0.97,"C",0.169676363670104,-1.58792266856821
2005,0,0.17,4600,0,0.88,"B",0.000125911671344879,-8.97980399831646
2005,0,0.16,25000,0,0.85,"A",0.000696968261834363,-7.26807347237168
2005,0,0.29,20000,0,1.05,"C",0.349164370427036,-0.622714334428646
2005,1,0.2,7500,0,0.99,"D",0.17273067410994,-1.56639672375894
2005,0,0.11,9000,1,0.85,"A",0.0222165008822483,-3.78445297871899
2005,0,0.13,4000,0,0.01,"A",0.000371698448179305,-7.8970558880525
2005,0,0.1,1000,0,0.65,"A",0.000812934451578348,-7.11404681196977
2005,0,0.11,5000,0,0.12,"A",0.000714255054009443,-7.24355593065573
2005,0,0.11,3500,0,0,"D",0.168513788161995,-1.5961971409209
2005,1,0.19,1000,1,0,"Missing",0.931344986417186,2.60753560271421
2005,0,0.17,25000,0,0.78,"B",0.00015142430555541,-8.79527325539941
2005,0,0.2,2500,0,0.8,"Missing",0.517412786635142,0.0696793251628169
2005,1,0.29,3025,1,0,"Missing",0.821846932189709,1.52891105155379
2005,1,0.29,5000,1,0.96,"Missing",0.995589625422489,5.419375525949
2005,0,0.16,25000,0,0.85,"A",0.000672218943788366,-7.30425401631229
2005,0,0.11,5000,1,0,"A",0.0118254417206464,-4.42560607207062
2005,1,0.29,3000,0,0,"Missing",0.903221763817705,2.23354597271262
2005,0,0.05,1000,1,0.48,"D",0.00164940186571908,-6.40569179878892
2005,0,0.2,6500,0,0.9,"D",0.0249788815442159,-3.66442840107348
2005,0,0.23,3000,0,0.89,"Missing",0.683282560015251,0.768898458419227
2005,0,0.14,5000,1,0.39,"B",0.0112881419641869,-4.4726501513648
2005,0,0.18,3002,1,0.8,"D",0.0506913164322534,-2.92997939578111
2005,0,0.17,1200,0,1.36,"Missing",0.845805785933406,1.70207682763766
2005,0,0.24,1000,1,0.18,"C",0.0681866148048302,-2.61488428243116
2005,0,0.2,6500,0,0.9,"D",0.00531524817552653,-5.23184615049575
2005,0,0.08,3500,0,0,"AA",0.000387158964393885,-7.85628795463609
2005,0,0.14,6001,0,0.56,"B",0.00457789121156157,-5.38192841919977
2005,0,0.19,15000,1,0.41,"A",0.00149884207080264,-6.50156245532296
2005,0,0.24,9999,0,0.89,"B",0.000457435727029171,-7.68941663010324
2005,1,0.29,9200,1,0.98,"Missing",0.995108597482007,5.31537279854166
2005,0,0.29,5000,1,0.7,"C",0.194793390103868,-1.41915944381578
2005,1,0.29,2500,1,1.84,"Missing",0.859421651358596,1.81049468967348
2005,0,0.28,8000,0,0.92,"D",0.255220796666055,-1.07095876330054
2005,0,0.1,5000,0,0.11,"AA",0.000791835902031823,-7.14036423245217
2005,0,0.19,8500,0,0.79,"C",0.00248979089301785,-5.99306365516284
2005,1,0.29,3001,0,0.85,"Missing",0.906999979847606,2.27754271805076
2005,0,0.18,8000,1,0,"C",0.00895588198062571,-4.706448531065
2005,1,0.29,2400,0,1.05,"Missing",0.883769158802337,2.02861767197656
2005,0,0.14,4000,0,0.18,"B",0.00978999284021598,-4.61655632387112
2005,0,0.19,11000,0,0.93,"B",0.00193191462484293,-6.24730995102923
2005,0,0.23,8000,0,0.75,"C",0.0575807371810245,-2.79526216503222
2005,1,0.29,5900,0,0.88,"Missing",0.984846251624516,4.17423762039108
2005,0,0.23,6500,0,0.71,"Missing",0.949039435912623,2.92439827255467
2005,0,0.17,3500,0,0.12,"D",0.0814047603807432,-2.42341183703095
2005,1,0.29,20000,0,0.61,"D",0.773078242688225,1.22577498636495
2005,0,0.17,25000,0,0.89,"B",0.00171403430362011,-6.36718994028499
2005,0,0.17,25000,0,0.54,"A",0.00184141075018019,-6.29538018084922
2005,1,0.29,5000,0,0,"Missing",0.745586543186478,1.07521048856054
2005,0,0.2,1000,1,0.9,"D",0.0116874648924732,-4.4374820880485
2005,1,0.25,3000,0,0.97,"Missing",0.726584353981537,0.977361436136239
2005,0,0.15,5000,0,0.92,"B",0.000549826383110357,-7.50535801905011
2005,1,0.28,2000,1,0.97,"Missing",0.983943289469459,4.11544139895122
2005,0,0.24,25000,0,0.97,"C",0.0260991234978515,-3.61940779765174
2005,0,0.29,25000,0,0.44,"AA",0.00578371789365752,-5.14690806052531
2005,0,0.29,25000,0,0.38,"B",0.0195087287340991,-3.9171917504631
2005,0,0.09,3001,0,0.34,"AA",0.000628997440971175,-7.37075417433756
2005,0,0.15,5000,0,0.73,"B",0.0100144449708084,-4.59366180435001
2005,0,0.14,9500,0,0.77,"A",0.00571943546950346,-5.15814931852986
2005,0,0.29,23800,0,0.5,"C",0.110788345929388,-2.08271370060786
2005,1,0.2,3500,0,0,"Missing",0.549534915582466,0.198791742489314
2005,1,0.29,2550,0,1,"Missing",0.913057933240128,2.3515573347617
2005,0,0.11,15200,0,0.83,"A",0.000822288869135486,-7.10259617520243
2005,0,0.17,1000,0,0.67,"D",0.0578198054911299,-2.79086517302924
2005,0,0.15,2000,0,0.5,"D",0.0219826204005029,-3.79527528106561
2005,0,0.14,2000,0,0.98,"B",0.00295708962948877,-5.82058825716042
2005,0,0.09,2500,0,0.1,"AA",0.000117816699360895,-9.04626271287429
2005,1,0.29,4000,0,0.95,"Missing",0.613116976798251,0.460433362772156
2005,0,0.12,4000,0,0,"B",5.02528303097499e-05,-9.8983934339461
2005,0,0.28,10000,0,0.87,"D",0.165064197537009,-1.62102036440531
2005,0,0.22,6500,1,0,"B",0.0250951669175879,-3.65966458462614
2005,0,0.29,2550,0,0.94,"Missing",0.968327958880379,3.42013652229425
2005,0,0.17,25000,0,0.06,"AA",0.00253225713103694,-5.9761087585971
2005,0,0.12,5000,0,0,"AA",7.81893774001151e-05,-9.4562985660788
2005,0,0.2,7000,0,0.59,"C",0.00833565894030287,-4.77884211405613
2005,0,0.26,2200,0,0.97,"Missing",0.298640736866037,-0.853778954646244
2005,0,0.25,15000,0,0,"D",0.222822626779799,-1.24929254451959
2005,0,0.11,7000,0,0.83,"AA",3.91389238256444e-05,-10.148353952197
2005,0,0.11,2500,1,0,"B",0.00409604188291506,-5.49362971233588
2005,1,0.29,25000,1,0.97,"D",0.431082753588887,-0.277434911302128
2005,0,0.15,15000,0,0,"AA",0.000533219196556566,-7.53604460635513
2005,0,0.15,8575,0,0.9,"B",0.00423227825764278,-5.46077357602933
2005,1,0.24,3000,0,0,"Missing",0.961078688017505,3.20651432053539
2005,0,0.25,15000,0,0.83,"C",0.0147421097762506,-4.2021954151541
2005,0,0.19,8750,0,0.73,"D",0.108622380778595,-2.1048906819651
2005,0,0.16,3500,1,0.51,"C",0.108820813481066,-2.10284289795195
2005,1,0.29,3000,0,0,"Missing",0.91861644778339,2.4236954856336
2005,0,0.16,8000,1,0.59,"C",0.0726854405598504,-2.54615174149721
2005,0,0.18,9200,0,0.71,"C",0.00164309068161564,-6.40953180670869
2005,0,0.18,15000,0,0.58,"C",0.0590835194871274,-2.76790235211141
2005,0,0.2,2300,0,0.86,"C",0.0517739681735517,-2.90770542599644
2005,0,0.22,5000,0,0.55,"C",0.245918074815619,-1.1205025649352
2005,0,0.13,25000,0,0.27,"AA",0.000703019691421921,-7.25942238906275
2005,0,0.14,25000,0,0.23,"B",0.000371814260966963,-7.896744243457
2005,0,0.13,6000,0,0,"B",0.000162663428381857,-8.72366467180646
2005,1,0.29,25000,0,0.11,"C",0.216964240528308,-1.2834458150024
2005,0,0.29,8500,1,0.93,"B",0.0138366149068574,-4.26650371321943
2005,1,0.29,1300,0,0.55,"Missing",0.965036788099732,3.31786980285082
2005,0,0.25,25000,0,0.73,"A",0.0142226445324395,-4.23859514346113
2005,0,0.29,3700,0,0.58,"D",0.472112109788902,-0.111667453894421
2005,0,0.17,3000,1,0.14,"AA",0.000474382222536963,-7.65302268977854
2005,0,0.27,4700,0,0,"D",0.284446989204268,-0.922508778895863
2005,1,0.2,1000,0,1,"Missing",0.697429105298737,0.83508525471988
2005,1,0.29,2500,0,0.96,"Missing",0.967978285400289,3.40879540067871
2005,0,0.17,4000,0,0.73,"B",0.0011201437371185,-6.79317749362964
2005,1,0.29,4000,0,0.98,"Missing",0.896881854563656,2.16304876768818
2005,0,0.2,3000,0,0.39,"D",0.00475959972274232,-5.3428207434483
2005,0,0.17,10700,0,0.12,"C",0.00376045943918748,-5.57944659002926
2005,1,0.29,3800,0,0.96,"Missing",0.983460561721004,4.08532980944508
2005,0,0.22,7300,0,0.74,"D",0.0238625114251841,-3.71129477808917
2005,0,0.29,10000,0,0.04,"B",0.0054114884670101,-5.21380490782178
2005,0,0.09,5000,0,0.17,"AA",0.00140794107371622,-6.56421794002183
2005,1,0.25,5000,1,0.92,"Missing",0.811589698611973,1.46037287625223
2005,1,0.29,9000,1,0,"Missing",0.981369778615688,3.96416426126724
2005,0,0.2,3200,1,0,"D",0.12457464838162,-1.94980476275694
2005,0,0.15,4000,0,0.64,"B",0.000281733291868214,-8.17426793508295
2005,0,0.09,1025,1,0.76,"D",0.0192200446711753,-3.93239440016821
2005,0,0.2,5000,0,0.87,"D",0.060131960958037,-2.74919798491699
2005,0,0.15,4000,0,0.46,"B",0.00229149083310171,-6.07625853409916
2005,1,0.25,9000,0,0.99,"Missing",0.798844798746627,1.37908992687897
2005,0,0.09,2500,0,0.1,"AA",0.00148679883506619,-6.50964199784174
2005,0,0.24,4500,1,0.71,"D",0.158317375392402,-1.67080128949961
2005,1,0.24,4500,0,1.46,"Missing",0.943863664952654,2.82219844657031
2005,1,0.2,8500,0,0.89,"D",0.289606093060497,-0.89729791483414
2005,1,0.26,9500,0,0.86,"D",0.642394545930334,0.585772377394987
2005,0,0.23,5000,0,0.37,"D",0.332477064379714,-0.697002871756328
2005,0,0.17,3000,0,1.12,"Missing",0.51085993877045,0.0434465879620537
2005,0,0.15,12000,0,0.94,"B",0.00226638286514758,-6.0873012148619
2005,1,0.23,4000,1,1.35,"Missing",0.663187231840861,0.677530159424005
2005,0,0.26,10000,0,0.97,"D",0.140336816849909,-1.81249529716906
2005,0,0.2,9000,0,0.72,"D",0.223495592939089,-1.24541062265204
2005,0,0.1,3000,1,0.32,"A",0.0136936935562092,-4.27703155949367
2005,0,0.11,10000,0,0.43,"AA",0.000154665246502826,-8.77409279933368
2005,1,0.2,6000,1,0.25,"C",0.0788041131743739,-2.45870750977286
2005,0,0.23,25000,0,0,"B",0.000728187915557273,-7.22422296413767
2005,0,0.15,2000,1,0.49,"D",0.0788510303860385,-2.45806138985935
2005,0,0.15,2000,0,0,"B",0.000423517188176835,-7.76649285178507
2005,0,0.15,6500,0,1.05,"C",0.0277606170344624,-3.55598369005213
2005,0,0.13,2500,1,0.77,"B",0.000677312073516101,-7.29670088439909
2005,1,0.25,9000,0,0.97,"D",0.251668888327478,-1.08973125435881
2005,1,0.28,1000,0,0,"Missing",0.959929421984555,3.17621741330702
2005,0,0.19,5500,0,0.29,"B",0.0106646349162977,-4.53010024988153
2005,0,0.14,2000,0,0,"C",0.0160821057445731,-4.11383524333199
2005,0,0.23,25000,0,0,"B",0.0166493839913151,-4.07859251788995
2005,0,0.11,10000,0,0.17,"AA",0.000889973863870835,-7.02342809198082
2005,0,0.12,15000,0,0.55,"A",8.37478389617325e-05,-9.387616439688
2005,0,0.15,8942,0,0,"B",0.0043631199412509,-5.4301952285462
2005,0,0.17,2000,0,0.73,"C",0.289957370821955,-0.895591094319099
2005,0,0.12,15000,0,0.09,"A",0.0102535962319754,-4.56982025655422
2005,0,0.1,5000,0,0.71,"AA",0.000205773576390652,-8.48852834266019
2005,0,0.13,2600,1,0.1,"C",0.0342197086975187,-3.34013461083832
2005,1,0.22,6001,0,0.25,"Missing",0.724586632443737,0.967328206293501
2005,0,0.18,2500,0,0.87,"D",0.0121720926818974,-4.39636265334172
2005,0,0.07,1000,0,0.02,"AA",0.00259590287344682,-5.951221616695
2005,0,0.17,3500,0,0,"B",0.000226920138737755,-8.39068546822208
2005,0,0.15,1800,1,1.02,"D",0.011234030941767,-4.4775100213027
2005,1,0.24,6000,0,0,"Missing",0.633036440255866,0.545265437157588
2005,0,0.18,9800,0,0.57,"C",0.21829869295406,-1.27560843112667
2005,0,0.14,5000,0,0.68,"B",0.000890607067515816,-7.02271622553543
2005,0,0.2,2000,1,0,"D",0.00965888254355322,-4.6301714840558
2005,0,0.12,13000,0,0.36,"AA",0.000151098923847305,-8.7974247004929
2005,0,0.25,2000,1,1.4,"Missing",0.736284565645679,1.02674606048806
2005,0,0.18,9900,0,0.55,"C",0.0521789948597395,-2.89948565470232
2005,1,0.29,3500,0,0.83,"Missing",0.956084158725417,3.08057083724625
2005,0,0.19,16000,0,0,"A",0.00722096225919995,-4.9235198984638
2005,0,0.14,3000,0,0.85,"C",0.0167512256673542,-4.07239073499975
2005,1,0.15,2550,0,0.98,"Missing",0.539424954260741,0.158027864440223
2005,1,0.29,2550,0,0,"Missing",0.784887958769232,1.29438196551902
2005,1,0.25,12000,0,0.43,"C",0.0187560617922891,-3.95730409569841
2005,0,0.19,10000,0,0.64,"C",0.131281426278376,-1.88967591096893
2005,1,0.29,3999,0,0.96,"Missing",0.945831694659456,2.85996867551651
2005,0,0.11,25000,1,0.09,"AA",0.00244245522050871,-6.01230606480157
2005,0,0.15,5000,1,0.92,"C",0.0064013452862839,-5.04482518796837
2005,0,0.09,5500,1,0.48,"A",5.4963933071178e-05,-9.80877838473655
2005,0,0.08,3000,0,0,"AA",0.000183092940762395,-8.60533355132383
2005,0,0.08,3000,0,0.46,"AA",0.000612045179350464,-7.39809222315315
2005,1,0.15,4000,0,1,"D",0.11788426924247,-2.01261988734448
2005,0,0.16,8000,0,0.9,"B",0.00494208487830618,-5.30501365930825
2005,1,0.24,2600,0,0.96,"Missing",0.981305909667984,3.96067679659078
2005,1,0.24,3000,0,0.91,"Missing",0.833694286565024,1.61203903048428
2005,0,0.12,15000,0,0.09,"AA",0.000253605264890366,-8.27947793757986
2005,0,0.22,20000,1,0.77,"B",0.00261934933057233,-5.94220655333391
2005,0,0.15,7000,1,0,"B",0.00925448319055145,-4.67334960365413
2005,0,0.08,1000,0,0.78,"A",0.00247994308213968,-5.99703664658431
2005,0,0.29,25000,0,1.31,"Missing",0.982790654420268,4.0449435475466
2005,0,0.28,3200,0,0.93,"D",0.0896080293945395,-2.3184303139553
2005,0,0.15,8500,0,0,"B",0.000884087193660488,-7.030070386599
2005,1,0.29,9000,1,0,"Missing",0.989674029779171,4.56271352350898
2005,1,0.29,6000,1,0.72,"Missing",0.539769479683205,0.159414663857181
2005,0,0.11,5000,0,0.46,"A",0.000576919482652376,-7.4572307600253
2005,0,0.29,2600,0,0.98,"Missing",0.610262214904095,0.448414558212435
2005,0,0.15,6000,0,0.72,"B",0.00237943023043339,-6.03851195336373
2005,0,0.2,9900,0,0.96,"D",0.0704408091689399,-2.5799377145135
2005,0,0.23,7100,0,0.27,"A",0.00934083694622905,-4.66397468580434
2005,1,0.29,23800,0,0.5,"C",0.27806586760354,-0.954075885911454
2005,0,0.15,14500,1,0,"A",0.000110911831645975,-9.10666406379578
2005,1,0.26,3001,1,1.01,"Missing",0.955387055251692,3.0640924939211
2005,0,0.11,12000,0,0.02,"AA",0.000267648032856063,-8.2255700669827
2005,1,0.25,4800,0,0.85,"Missing",0.656221029834176,0.646498745641105
2005,0,0.29,12000,0,0.63,"D",0.0565835055261522,-2.81379033383154
2005,0,0.15,12000,0,0.52,"C",0.017545851374435,-4.02523614154232
2005,0,0.18,19200,0,0,"AA",0.001077950614835,-6.83161508736464
2005,1,0.29,7900,1,0.99,"Missing",0.995801950995928,5.46892849890558
2005,0,0.1,3885,0,0.38,"A",0.000479486598102041,-7.64231501217788
2005,0,0.08,2499,0,0.01,"AA",0.00154160848939553,-6.47338613601579
2005,0,0.15,1200,0,0.9,"D",0.0588063112177447,-2.77289976854966
2005,0,0.06,1000,0,0.04,"AA",0.000179095222564315,-8.62741381267413
2005,0,0.17,5000,0,0.89,"D",0.118701399678631,-2.0047854086282
2005,0,0.23,10000,0,0.69,"A",0.0365130473298529,-3.27288928835823
2005,0,0.13,25000,0,0.1,"AA",0.00636714114366,-5.05021721235018
2005,0,0.17,9000,0,0.9,"C",0.00498639196900978,-5.29604381754574
2005,0,0.15,3500,0,0.56,"C",0.0470478376988171,-3.00839979798042
2005,1,0.29,3000,1,0.67,"Missing",0.983627116119845,4.09562033372324
2005,1,0.28,3900,0,1.08,"Missing",0.82840579161673,1.57437068502168
2005,0,0.21,25000,0,0.99,"C",0.0691134477737162,-2.60038808896433
2005,0,0.08,5000,0,0.13,"AA",0.000256672710160943,-8.26745208032402
2005,0,0.16,5000,0,0.94,"C",0.0104114302517565,-4.55438500534689
2005,0,0.15,14700,0,0.37,"AA",0.00861786739512706,-4.74526241092714
2005,1,0.29,3000,0,0.98,"Missing",0.953453468044017,3.01963812317223
2005,0,0.13,2550,0,0.53,"B",0.00314395362514259,-5.7591252485661
2005,1,0.26,3600,0,0.53,"Missing",0.984499684198938,4.15127317932636
2005,0,0.1,3000,0,0.14,"AA",0.000142218163278898,-8.85800608996209
2005,1,0.25,5000,1,1.1,"Missing",0.837303795226645,1.63830227447485
2005,0,0.15,3000,0,0.96,"C",0.0570536430932681,-2.80501746327407
2005,1,0.29,6000,1,0.77,"Missing",0.94585236607818,2.86037221804048
2005,0,0.12,25000,0,0.06,"AA",0.0012046705856198,-6.72034372555783
2005,0,0.13,6000,0,0,"B",0.0044540257780974,-5.40948294803204
2005,1,0.23,1000,1,0,"Missing",0.89494196550849,2.14224596625232
2005,0,0.07,3000,1,0.01,"AA",0.00164411861539024,-6.40890536280854
2005,0,0.2,1500,0,0.53,"D",0.0327914008575434,-3.38424787797996
2005,0,0.18,10000,0,0.66,"B",0.00787798898495422,-4.83577342835204
2005,0,0.15,25000,0,0.16,"AA",0.00091763449531015,-6.99279334410517
2005,0,0.08,2300,0,0.18,"AA",0.00042905268475071,-7.75350169354567
2005,0,0.13,25000,1,0.11,"AA",0.0158896953449903,-4.12606718138229
2005,0,0.2,2000,1,0.98,"C",0.0277872790213206,-3.55499630245045
2005,0,0.08,6001,0,0.04,"AA",0.00181671318637367,-6.30890798671363
2005,0,0.15,20000,0,0.37,"A",0.00386230279102331,-5.55262191465858
2005,0,0.11,6100,0,0.76,"B",0.00020756348797068,-8.4798657139356
2005,0,0.12,25000,1,0.22,"AA",0.00381423435871826,-5.56519379962769
2005,0,0.09,9000,0,0.37,"AA",0.000730088290758805,-7.2216147299553
2005,0,0.13,9000,0,0,"A",0.0101061564091485,-4.58445292507304
2005,0,0.18,19200,0,0,"AA",0.00519114585067398,-5.25559615903515
2005,0,0.13,1200,0,0.72,"D",0.0427119658140477,-3.10962521151487
2005,1,0.29,5500,0,0.41,"D",0.553591687963764,0.21519335862781
2005,1,0.29,2500,0,0.95,"D",0.333901916031535,-0.690589647650101
2005,1,0.29,2000,1,0,"Missing",0.987095820616026,4.33721587526205
2005,1,0.29,3000,0,0.92,"Missing",0.77541465763808,1.23914214928608
2005,0,0.15,1600,0,0.82,"C",0.00626747558142915,-5.06609442534281
2005,1,0.28,23500,0,0.89,"D",0.677827510512526,0.743805762542969
2005,1,0.24,2800,0,0,"Missing",0.834140182033591,1.61525851069841
2005,0,0.18,4500,0,0.49,"B",0.00920704611285722,-4.67853651330143
2005,0,0.11,1527,0,0.03,"AA",8.33253967040707e-05,-9.3926738439884
2005,0,0.2,25000,1,0.87,"C",0.177628737247903,-1.53249632464202
2005,1,0.23,4000,0,1.01,"Missing",0.838983991450943,1.65068783375063
2005,1,0.21,14000,0,0.85,"C",0.0861088878959976,-2.36209879728991
2005,1,0.29,4000,0,1,"Missing",0.801738008704804,1.3971925376477
2005,1,0.29,5000,0,0.89,"Missing",0.772916475473091,1.2248530910589
2005,1,0.29,7000,1,1.02,"Missing",0.617872828965635,0.480529196237885
2005,1,0.25,15000,1,1.04,"D",0.158388760238159,-1.67026567835434
2005,0,0.19,5500,0,0.29,"B",0.00423346185967309,-5.46049276576299
2005,0,0.09,3000,0,0,"AA",5.09767577872424e-06,-12.1867207540835
2005,0,0.15,5000,0,0.41,"B",0.00300952571528207,-5.80295871886613
2005,0,0.15,2600,0,0.68,"C",0.0101701656794072,-4.57807454290855
2005,0,0.15,3000,0,0.03,"AA",0.00254632288719931,-5.97055539524039
2005,1,0.29,2975,0,0.96,"Missing",0.982597099269197,4.03356226663994
2005,1,0.29,5000,0,0.72,"Missing",0.944888524981082,2.84170900501982
2005,0,0.15,7500,0,0.65,"B",0.00146419694722915,-6.52498307576398
2005,0,0.17,25000,0,0.67,"A",0.00583793341831616,-5.13752337072915
2005,0,0.14,6001,0,0.56,"B",0.0146039873225202,-4.21174900799141
2005,0,0.28,4000,0,0,"Missing",0.610270125237156,0.448447817073174
2005,1,0.24,3500,0,0.83,"Missing",0.533213072770394,0.133048210635598
2005,0,0.29,10000,0,0.49,"D",0.194237205696585,-1.42270927738152
2005,1,0.2,2500,0,0.8,"Missing",0.438106130235898,-0.248851800724705
2005,1,0.29,5000,0,0.75,"Missing",0.981021373806,3.9452808383099
2005,1,0.29,1000,1,1,"Missing",0.983381435132392,4.08047664057696
2005,0,0.11,18000,0,0.46,"AA",0.000123733479213611,-8.99725692559689
2005,0,0.27,2400,0,0,"Missing",0.84223471357434,1.67495033302759
2005,0,0.12,5250,1,0.39,"B",0.000798691483736341,-7.13173680414646
2005,1,0.28,11000,0,0.9,"Missing",0.749928009707553,1.09822837728753
2005,0,0.27,15000,0,0.94,"D",0.389173741330929,-0.450786683319227
2005,0,0.1,7000,0,0.51,"AA",0.000573076173266361,-7.46391867200315
2005,0,0.17,6300,0,0.41,"C",0.020112025362758,-3.88612034061292
2005,0,0.25,4449,0,0.94,"D",0.393075657744298,-0.434402034522952
2005,1,0.15,1800,1,1.02,"D",0.0342473411399314,-3.33929882395436
2005,0,0.21,6000,0,0.76,"D",0.0215761196513563,-3.81435586022842
2005,1,0.29,4000,0,2.68,"Missing",0.963582804872753,3.27561736920249
2005,1,0.27,6000,0,0.95,"Missing",0.931884246577164,2.61600009382245
2005,0,0.15,3500,0,0.9,"C",0.0223199997202148,-3.77969929343799
2005,0,0.1,2000,0,0.06,"AA",4.34228933137693e-05,-10.0444803363898
2005,0,0.11,25000,1,0.09,"AA",0.000280870875538018,-8.17733460157227
2005,0,0.11,8000,0,0,"A",0.000108517737770508,-9.12848839296337
2005,0,0.23,5300,0,0.45,"D",0.441345726669306,-0.235702279340708
2005,0,0.18,3001,0,0.8,"D",0.106824918431763,-2.12359140368508
2005,1,0.24,1800,0,1.18,"Missing",0.933188653503962,2.63673445753283
2005,1,0.27,3200,0,0.98,"Missing",0.911228717615268,2.32873072676957
2005,0,0.17,15000,1,0.41,"B",0.0259199754402179,-3.62647953704535
2005,0,0.24,3000,0,0,"Missing",0.394854502659173,-0.426951571243697
2005,0,0.14,7500,0,0.67,"B",0.00332345326403356,-5.70342190865351
2005,1,0.29,15000,0,0,"Missing",0.861127098939755,1.82468297738155
2005,1,0.29,1500,1,0.94,"Missing",0.977280876792579,3.7615670978806
2005,0,0.12,6000,0,0.6,"A",6.79962017592316e-05,-9.59599071231648
2005,0,0.23,15000,0,0.18,"D",0.0620665607296825,-2.71547161687458
2005,1,0.2,1800,0,0.61,"Missing",0.504555433357759,0.0182222376387116
2005,0,0.18,7000,0,0.33,"C",0.30953547611237,-0.802291884598566
2005,0,0.29,25000,0,0.11,"C",0.109056241775906,-2.10041757464266
2005,0,0.29,25000,0,0.47,"D",0.0262694979111809,-3.61272608257198
2005,0,0.14,15000,0,0.59,"AA",0.00179273791068528,-6.32221692188294
2005,0,0.15,2500,1,0.28,"B",0.00167367840288203,-6.3910563577773
2005,0,0.29,25000,0,0.11,"C",0.0741664505056387,-2.52438256791968
2005,0,0.15,2000,1,0.49,"D",0.00177878776743985,-6.33004280452328
2005,1,0.26,9500,0,0.86,"D",0.183551393888408,-1.49246926232488
2005,0,0.2,8000,0,0.79,"C",0.139976932073259,-1.81548157393065
2005,0,0.1,5000,0,0.09,"AA",0.000218971092611013,-8.42635183899988
2005,0,0.29,2800,0,0.99,"C",0.31072994946356,-0.796708934585765
2005,0,0.19,10000,1,0.88,"D",0.095078810851209,-2.25314172050427
2005,0,0.21,5000,0,0,"D",0.0666209077871985,-2.63979297464513
2005,1,0.28,11000,0,0.9,"Missing",0.732765746876203,1.00870044319243
2005,0,0.15,2500,0,0.94,"D",0.052160239785866,-2.89986494392848
2005,0,0.22,20000,1,0.77,"B",0.00381439515719668,-5.56515148163006
2005,0,0.19,7500,0,0.8,"D",0.0543490336052472,-2.85644671121405
2005,0,0.21,12000,1,0.98,"C",0.0135663941786921,-4.28650030196166
2005,0,0.14,9999,0,0.54,"A",0.000271125444115898,-8.21265778856482
2005,0,0.25,25000,0,0.47,"AA",0.0162141734545662,-4.10552245307675
2005,0,0.29,20000,1,0.87,"D",0.386188309572262,-0.463363088854581
2005,0,0.13,16000,0,0.34,"A",0.000970166489917681,-6.93707222469873
2005,1,0.2,13000,0,0.8,"D",0.0619153686538443,-2.71807173940981
2005,1,0.22,5000,0,0.47,"D",0.0583002511770493,-2.78208008408738
2005,0,0.25,14000,0,0.8,"D",0.318856001424407,-0.759034140772297
2005,0,0.29,7000,0,0,"C",0.0203354564993404,-3.87484422246101
2005,1,0.23,1800,0,0,"Missing",0.914596165808749,2.37109162236981
2005,1,0.24,4100,1,0.91,"Missing",0.534304342650424,0.137433281719405
2005,1,0.29,6000,1,0.77,"Missing",0.992092257770196,4.83197379609786
2005,0,0.2,5950,0,0.74,"C",0.0551868561926823,-2.84026236404311
2005,0,0.29,2800,0,0.99,"C",0.0442314198403432,-3.07308042012332
2005,0,0.29,5000,1,0.65,"D",0.567529770079571,0.271779714820718
2005,1,0.2,1000,0,0.98,"Missing",0.836186862818858,1.63012573745206
2005,1,0.29,2550,0,0,"Missing",0.978267115427554,3.80695622535804
2005,0,0.22,25000,0,0.7,"C",0.155761940441332,-1.69010569703385
2005,0,0.16,5300,0,0.92,"C",0.521725351616126,0.086956157396286
2005,0,0.08,1000,0,0.78,"A",0.00550458931850705,-5.19665331773499
2005,1,0.2,2700,1,0.8,"D",0.290733550231758,-0.891824053828167
2005,0,0.18,6800,1,0.89,"D",0.0443336386055633,-3.0706651324117
2005,0,0.2,2000,1,0.98,"C",0.00200032556738544,-6.21244299908675
2005,1,0.24,2000,1,0.93,"Missing",0.990482446101324,4.64505427135011
2005,1,0.23,3000,0,0.86,"Missing",0.562543322292367,0.251490470009462
2005,0,0.29,5000,0,0.93,"Missing",0.47617563366228,-0.0953696849335066
2005,1,0.29,3000,0,0.92,"Missing",0.898329873269322,2.17880382224264
2005,1,0.28,11000,0,0.84,"Missing",0.663826649590254,0.680394094738774
2005,0,0.2,7000,0,0.59,"C",0.0154838162662064,-4.15235496987205
2005,0,0.29,2550,0,0.63,"D",0.312959209369536,-0.786320804923188
2005,0,0.25,5000,0,0.76,"C",0.346207730331898,-0.635750698939515
2005,1,0.28,3001,0,0,"Missing",0.976346747491332,3.7203171651116
2005,1,0.23,4000,1,1,"Missing",0.993897004769531,5.09285391229982
2005,0,0.25,9000,0,0.43,"D",0.194960089060236,-1.41809698886703
2005,0,0.26,5000,0,0.61,"D",0.335360892223143,-0.684036956088478
2005,0,0.16,3500,1,0,"C",0.233870689806518,-1.18658261280707
2005,0,0.15,5000,0,0.92,"B",0.00101776191811725,-6.88913098020016
2005,0,0.25,9000,0,0.97,"D",0.638592015389358,0.569258305428711
2005,0,0.23,5000,1,0.98,"D",0.384034425129059,-0.47245887967902
2005,1,0.24,1500,0,0.99,"Missing",0.935059211318545,2.66713394352464
2005,0,0.15,7000,0,0,"A",0.00636704351850043,-5.05023264337048
2005,0,0.14,11500,1,0.36,"A",0.00077771954969226,-7.15836655261649
2005,1,0.17,5000,0,0.93,"C",0.20939898398597,-1.32855198957974
2005,0,0.09,5000,0,0.08,"A",0.000773630046017022,-7.16364284591186
2005,0,0.2,12000,0,0.26,"C",0.0458035190170712,-3.03650868254882
2005,1,0.29,3000,1,0.4,"Missing",0.952601515878652,3.00060643204472
2005,0,0.23,15000,0,0.06,"D",0.108154338750046,-2.10973382261822
2005,1,0.11,1000,1,0.97,"Missing",0.833716720979272,1.61220084750129
2005,0,0.2,6001,0,0.77,"C",0.0897477515064153,-2.31671878304469
2005,1,0.29,5000,0,0.71,"Missing",0.855320913347121,1.77695864157701
2005,0,0.19,10300,0,0.38,"B",0.00126131354969255,-6.67433949161312
2005,0,0.08,3000,0,0.03,"AA",0.000506554067327212,-7.58737281061925
2005,0,0.17,1000,1,0.76,"D",0.0870317909834839,-2.35042759412386
2005,1,0.27,1000,0,0,"Missing",0.917348263482878,2.40685135131394
2005,0,0.17,25000,0,0.78,"B",0.00197780704907152,-6.22378683354535
2005,0,0.18,1000,1,0.61,"D",0.0164575446470259,-4.09037679129184
2005,0,0.25,9000,0,0.99,"Missing",0.727829573221707,0.983638478951514
2005,0,0.15,15000,0,0.62,"B",0.00481566591346482,-5.33105364491592
2005,0,0.14,16500,0,0.2,"AA",0.00119601181510655,-6.72756601704284
2005,1,0.29,4600,0,0.9,"Missing",0.861221497569141,1.82547257306564
2005,1,0.29,1500,1,0.94,"Missing",0.98165294824488,3.97976893840044
2005,0,0.2,7500,1,0.38,"C",0.0625219669217303,-2.7076753604482
2005,1,0.29,2560,0,1,"Missing",0.93282187235067,2.6308665502419
2005,1,0.29,4500,0,0.91,"Missing",0.966066183396423,3.34882028759574
2005,1,0.18,2750,1,0,"D",0.142365523922358,-1.79578012778039
2005,0,0.29,9740,0,0.56,"D",0.342807293152795,-0.650808827051692
2005,0,0.13,9900,0,0.86,"B",0.000192449049942909,-8.55548664731982
2005,0,0.2,8500,0,0.64,"C",0.0289235254408877,-3.51374993067445
2005,1,0.29,2000,1,0,"Missing",0.851287322559686,1.74473359594045
2005,0,0.08,2500,1,0.24,"AA",0.00200079822318617,-6.21220626395913
2005,0,0.12,25000,0,0.07,"AA",0.00671172985980109,-4.99716420316453
2005,0,0.24,15000,0,0.86,"B",0.00295310252586148,-5.82194148606475
2005,0,0.29,3000,1,0.59,"D",0.495383246505651,-0.0184675388223229
2005,0,0.17,2550,0,0.25,"C",0.0231673980238073,-3.74156926576871
2005,0,0.14,2400,0,0.94,"B",0.00318981665825041,-5.74459692277169
2005,0,0.19,25000,0,0.89,"B",0.000750670471038641,-7.19379283702936
2005,1,0.29,4500,0,0.45,"Missing",0.888598812986109,2.0765078718188
2005,0,0.15,12000,0,0.94,"B",0.000680587457672992,-7.29187340524306
2005,0,0.15,5000,0,0.74,"C",0.0403951737739805,-3.16781124357627
2005,0,0.2,2000,1,0.88,"D",0.00827576351432586,-4.78611389662659
2005,0,0.28,1500,1,1,"Missing",0.862895062688424,1.83954648932827
2005,0,0.24,7500,0,0,"C",0.0419980332825222,-3.1272270403294
2005,0,0.09,6500,0,0.09,"AA",0.000139844279322275,-8.87484119090593
2005,0,0.17,4600,0,0.88,"B",0.000814214942329,-7.11247162330804
2005,0,0.14,2000,0,0.98,"B",0.00389477118090143,-5.54421797271188
2005,1,0.23,5000,0,1,"Missing",0.970244137078692,3.48452154197892
2005,0,0.19,5000,0,0.28,"B",0.0099286816488985,-4.60234927449074
2005,0,0.17,5000,1,0.08,"C",0.0159238732858833,-4.12388381093032
2005,0,0.2,12000,0,0.95,"C",0.00467771006134378,-5.36025790714728
2005,1,0.29,1800,0,0.98,"Missing",0.933538854636879,2.64236508800131
2005,1,0.29,2000,0,0,"Missing",0.863724404724484,1.84657447077314
2005,0,0.14,14100,0,0.73,"B",0.00137436609934285,-6.58838736141846
2005,0,0.11,3000,0,0.32,"AA",0.000187633944882029,-8.58082994334204
2005,0,0.2,9000,0,0.94,"D",0.024709852431123,-3.67553296602562
2005,0,0.2,1750,0,0.96,"Missing",0.652304040280701,0.629182353755428
2005,0,0.29,6000,0,0.84,"Missing",0.942472558234675,2.79624472091765
2005,0,0.19,9000,1,0.98,"C",0.0774382018174491,-2.47767414120454
2005,0,0.17,4800,0,0.88,"C",0.113908913629434,-2.05142062583751
2005,0,0.17,7100,0,0.95,"D",0.0429791374066453,-3.10311036984072
2005,1,0.23,6001,1,0.85,"Missing",0.889704282557987,2.08772404167388
2005,0,0.18,14000,0,0.28,"C",0.0101369215767439,-4.58138226890814
2005,0,0.15,3500,1,0.89,"C",0.0478067673036729,-2.99160078484877
2005,0,0.25,10000,0,0.93,"B",0.00113953499204261,-6.77599481675157
2005,0,0.2,2000,1,0,"D",0.339682120834457,-0.664711112610613
2005,1,0.25,10000,0,0.87,"Missing",0.809371064578884,1.44592869059906
2005,1,0.07,2000,1,0.81,"Missing",0.886013123421866,2.05064843845167
2005,0,0.1,9990,0,0.05,"AA",0.000750235732648391,-7.19437257332085
2005,0,0.15,9999,0,0.83,"C",0.0239738308427253,-3.7065265448184
2005,0,0.2,25000,0,0,"B",0.000695992944129653,-7.26947480016633
2005,0,0.24,22000,0,0.93,"D",0.191782252836254,-1.4384708826407
2005,0,0.17,5000,1,0.08,"C",0.00326219991094231,-5.72208595939872
2005,0,0.09,3500,0,0.14,"AA",0.000146424979038232,-8.82885091344524
2005,0,0.17,5000,0,0.17,"C",0.0305169901966658,-3.45847936568527
2005,0,0.09,6100,0,0.48,"A",0.00025054302919564,-8.29162930453426
2005,1,0.26,5500,0,0.99,"Missing",0.934140557249657,2.65210410067913
2005,0,0.25,15000,1,1.04,"D",0.021818654907854,-3.80292974369025
2005,1,0.29,4000,0,1,"Missing",0.978123527449445,3.80022422166959
2005,0,0.2,12500,0,0.52,"A",0.0262253048804594,-3.61445517792457
2005,0,0.25,14000,0,0.8,"D",0.290449675620383,-0.893201095822386
2005,0,0.1,4000,0,0.88,"A",5.4139725340757e-05,-9.82388820572976
2005,0,0.23,3890,0,0.97,"Missing",0.536167082685494,0.144921438540965
2005,1,0.19,8750,0,0.73,"D",0.3315856335623,-0.701022192541417
2005,0,0.2,18000,1,0.75,"B",0.0598706878336919,-2.75383039827857
2005,0,0.29,7000,0,0.12,"D",0.0924247890176413,-2.28438121774158
2005,1,0.28,11000,0,0.84,"Missing",0.918721038120812,2.42509531530342
2005,0,0.16,8200,0,0.87,"C",0.00504605114492497,-5.28409046762609
2005,0,0.25,2000,0,0,"D",0.0182934596451496,-3.98274882542462
2005,0,0.1,7500,0,0.2,"AA",0.000315565911628891,-8.06082737042847
2005,1,0.17,2000,1,0.97,"Missing",0.966248230472589,3.35438792217907
2005,0,0.24,15000,0,0.85,"C",0.126836402985614,-1.92922484404141
2005,1,0.28,4000,0,0.53,"Missing",0.95600437308662,3.07867224675268
2005,0,0.25,2000,1,1.4,"Missing",0.381865634845468,-0.481637047680549
2005,0,0.14,8000,0,0.76,"AA",0.000231123986827882,-8.37232510122088
2005,0,0.25,7000,0,0.96,"D",0.06715060039679,-2.63130590854428
2005,0,0.26,5050,1,0,"D",0.295907415256198,-0.866863240831622
2005,0,0.21,6000,0,0.89,"C",0.24434506771656,-1.12900339501073
2005,0,0.21,3000,0,0.04,"C",0.0128803205525788,-4.33909067986596
2005,0,0.2,2000,1,0.87,"Missing",0.564333168333269,0.258766997398376
2005,1,0.29,3000,1,0,"Missing",0.699516843171274,0.844998170770482
2005,0,0.17,5000,0,0.34,"D",0.0746350509780385,-2.51757795006916
2005,0,0.19,16000,0,0.99,"C",0.000244743342501012,-8.31505570484818
2005,1,0.2,2200,0,0.92,"Missing",0.588114746837909,0.356177277727881
2005,1,0.2,6000,1,0.25,"C",0.126362444613905,-1.93351127112173
2005,0,0.26,2550,0,0.88,"Missing",0.571551433115182,0.288183775660994
2005,1,0.29,2550,0,0.95,"Missing",0.983236495771583,4.07164552089978
2005,0,0.25,8500,0,0.78,"D",0.0530000153666334,-2.88300687347087
2005,0,0.2,1000,0,1,"Missing",0.324806988593418,-0.731767468161844
2005,0,0.21,10000,0,1.01,"D",0.246110167026152,-1.11946697809403
2005,1,0.29,25000,0,0.52,"D",0.363810474951002,-0.558863455480542
2005,0,0.2,6500,0,0.9,"D",0.582708961614206,0.333903941360511
2005,0,0.1,3600,1,0.28,"A",0.000722026031275178,-7.23272707850603
2005,0,0.16,25000,0,0.92,"A",0.0492242289384687,-2.96089229209517
2005,0,0.24,3500,0,0,"C",0.113909975026804,-2.05141011008961
2005,0,0.15,15500,0,0.98,"B",0.00179829818343459,-6.31911459788795
2005,0,0.19,16000,0,0,"A",0.000978413506557679,-6.92859927648104
2005,0,0.15,9800,0,0.94,"B",0.000420933817535383,-7.77261391720838
2005,0,0.16,15000,0,0.46,"AA",0.0016278542753967,-6.41886334616545
2005,1,0.19,3725,0,0.78,"D",0.377566131485212,-0.499891651289223
2005,0,0.11,15000,0,0.01,"AA",0.000356697374190243,-7.93826606601614
2005,0,0.23,8800,1,0.61,"C",0.0786888606163293,-2.46029620393642
2005,0,0.17,1000,1,0.14,"D",0.101761038698002,-2.1778088299319
2005,1,0.28,2550,0,0.94,"Missing",0.956374411396769,3.08750560733025
2005,1,0.2,1300,0,0,"Missing",0.546228355685661,0.185443036756381
2005,0,0.16,4500,0,0.88,"D",0.0184077550487485,-3.97640394708701
2005,0,0.19,9750,0,0.78,"B",0.0155773114058169,-4.14623990786608
2005,1,0.17,9500,0,0.37,"C",0.486667765921554,-0.0533415805570088
2005,0,0.1,5000,0,1.13,"A",0.000825738199078008,-7.09840670564275
2005,1,0.29,3500,0,1.01,"Missing",0.943853608525357,2.82200866509827
2005,1,0.27,15000,1,0.96,"Missing",0.943851393647769,2.82196687097857
2005,1,0.29,2000,1,0,"Missing",0.979903196008278,3.88689299016681
2005,0,0.2,7500,1,0.38,"C",0.00612193290583979,-5.08973664926614
2005,0,0.13,10000,0,0.51,"A",0.00318689930798641,-5.74551485036689
2005,0,0.2,5950,0,0.74,"C",0.0104518265081703,-4.55047169993008
2005,0,0.27,6500,0,0.67,"D",0.235577576977848,-1.17708027295283
2005,0,0.19,25000,0,0.72,"C",0.00219471846928076,-6.11950437029628
2005,0,0.29,5000,1,0,"Missing",0.780186637259996,1.2667543344825
2005,0,0.16,6500,0,0.67,"C",0.0920672442304372,-2.2886510927278
2005,0,0.16,17000,0,0,"A",0.000616433459128543,-7.39094355093978
2005,1,0.29,5000,1,1.02,"Missing",0.984914962982709,4.17885197892611
2005,0,0.15,25000,0,0,"B",0.000128892010940495,-8.95640672836104
2005,0,0.2,3100,1,0.92,"C",0.127323752294089,-1.92483156343422
2005,0,0.15,1500,0,0.77,"C",0.0214802837575728,-3.81890545622014
2005,0,0.18,10000,0,0.97,"C",0.00640385472674791,-5.04443072150628
2005,0,0.26,25000,1,0.09,"B",0.0145851849362014,-4.21305640143566
2005,0,0.08,2000,0,0.15,"AA",0.000632215371559882,-7.36564802878039
2005,0,0.17,5000,0,0.03,"C",0.00613057709861282,-5.08831694389014
2005,0,0.13,2500,0,0.57,"A",0.000150087161353434,-8.80414425851201
2005,1,0.29,10000,0,0,"Missing",0.778839873832537,1.25891847930329
2005,1,0.26,3000,1,0,"Missing",0.961600306438705,3.22054940306952
2005,1,0.29,3000,0,0.36,"Missing",0.860880358194031,1.82262124264097
2005,0,0.16,15000,0,0,"B",0.00304225455727676,-5.79210951613219
2005,0,0.21,7500,1,1.02,"C",0.235634840834198,-1.17676230986103
2005,0,0.09,2550,0,0.01,"AA",0.00104550175408887,-6.86221231267352
2005,1,0.29,3500,0,0.99,"Missing",0.570062995706819,0.28210817719431
2005,0,0.29,6000,0,0,"Missing",0.881563064086408,2.00731590853669
2005,0,0.17,3000,1,0.59,"C",0.0121363982378969,-4.39933557722022
2005,0,0.08,2000,0,0.05,"AA",6.12591944291076e-06,-12.0029755737328
2005,0,0.26,7300,0,0,"C",0.112594445680695,-2.06450971140964
2005,0,0.15,1500,1,0.42,"C",0.0826573749546548,-2.40677698794288
2005,1,0.29,2000,1,0,"Missing",0.707183476160822,0.881743931521455
2005,0,0.19,23000,0,0.27,"A",0.000878805987238709,-7.03606721214266
2005,0,0.29,2550,1,0.91,"Missing",0.9906957049448,4.66793130115618
2005,0,0.08,2000,0,0.15,"AA",0.000256841423608539,-8.26679481785718
2005,0,0.16,8000,0,0.66,"B",0.00717235403261048,-4.93032316227628
2005,0,0.09,4900,0,0,"AA",0.00251519140022648,-5.98288801504838
2005,0,0.15,2000,0,0,"B",0.000706890003522345,-7.25392834620894
2005,0,0.18,7500,0,0.9,"B",0.11561497370466,-2.034627039754
2005,1,0.29,4000,1,0.98,"Missing",0.92567519900453,2.52207872471258
2005,0,0.22,6500,1,0,"B",0.0155863664381475,-4.14564958216765
2005,1,0.29,2610,0,1.39,"Missing",0.97872899638452,3.8289099747883
2005,0,0.19,6000,0,0.5,"B",0.000353610951551264,-7.94695958261212
2005,0,0.18,5000,0,0.99,"D",0.0337719613776025,-3.35376895799536
2005,0,0.2,2000,1,0.88,"D",0.0112888472901724,-4.47258695613958
2005,1,0.29,3500,1,1,"Missing",0.889027009487824,2.08084077394449
2005,1,0.24,10000,0,0.68,"D",0.0798847558955595,-2.44391388275216
2005,1,0.2,3000,0,0,"D",0.119196583887299,-2.00006036826438
2005,0,0.2,3000,0,1,"C",0.204932103657527,-1.35574879260355
2005,1,0.27,2400,0,0,"Missing",0.720901797208403,0.948939223191591
2005,0,0.15,3800,0,0.2,"B",0.000171777160023205,-8.66914071048684
2005,0,0.2,9500,1,0.65,"AA",0.0189970636932751,-3.94429102797365
2005,1,0.16,3000,1,0.96,"C",0.0930881419787376,-2.27649845818148
2005,0,0.15,2000,0,0,"B",0.00178021148499683,-6.32924131199517
2005,1,0.29,2500,0,1.09,"Missing",0.645483185539859,0.599243384881091
2005,0,0.19,1000,0,0.87,"C",0.216552696871763,-1.28586987985273
2005,1,0.24,2000,0,0,"Missing",0.88151487878246,2.00685448728561
2005,0,0.16,5000,1,0.69,"C",0.00224528148410698,-6.09667657706397
2005,0,0.11,3000,0,0.26,"A",0.000623567967648565,-7.37942902645694
2005,0,0.16,3000,0,0.81,"B",0.00346334568411672,-5.66205083944131
2005,0,0.23,9600,0,0.94,"D",0.169205727686558,-1.59126689962143
2005,1,0.26,2500,0,0.65,"Missing",0.992939547761083,4.94616067784686
2005,1,0.29,2000,1,0.83,"Missing",0.906078289212561,2.26666414296138
2005,0,0.23,4000,0,0.51,"D",0.0985533886874638,-2.21340240035783
2005,1,0.29,1500,0,0,"Missing",0.430614881260615,-0.279342895823576
2005,0,0.2,5500,0,0.8,"D",0.050868149697671,-2.92631073998015
2005,0,0.29,25000,0,0.38,"B",0.269995188839652,-0.994646985024119
2005,0,0.23,25000,0,0.67,"D",0.200241935631997,-1.38478294875301
2005,0,0.24,25000,0,0.97,"C",0.0195725794577414,-3.91385904053815
2005,1,0.16,3500,1,0.51,"C",0.101248167860484,-2.18343233695723
2005,1,0.29,6000,0,0.59,"Missing",0.408767475447699,-0.369062907900327
2005,1,0.29,7500,1,0.09,"D",0.434927332829684,-0.261775371169174
2005,0,0.26,5000,0,0.61,"D",0.441500410029106,-0.235074935585819
2005,1,0.25,15000,0,0.65,"D",0.355257634626453,-0.596007545869677
2005,1,0.29,2550,0,0,"Missing",0.954031856080811,3.03274842992099
2005,1,0.15,2500,0,0.7,"D",0.165794903025497,-1.61572779123439
2005,0,0.15,19500,0,0.59,"AA",0.0635908927631431,-2.68958219682249
2005,0,0.23,5000,0,0.37,"D",0.144021809642686,-1.78228015330291
2005,0,0.2,5000,0,0.22,"D",0.0491041573367414,-2.9634608305083
2005,0,0.17,4000,0,0.73,"B",0.0109106749479063,-4.50704298309971
2005,0,0.28,6000,0,0,"D",0.10401419641476,-2.15339717482288
2005,1,0.29,3300,0,0.91,"Missing",0.736400593613102,1.02734370478074
2005,1,0.29,2501,0,1.07,"Missing",0.945892440736154,2.86115495987313
2005,1,0.29,5000,0,1.01,"Missing",0.755047589744007,1.1257168322122
2005,1,0.2,2000,0,0.84,"Missing",0.880415669273737,1.99637232845786
2005,0,0.18,6500,0,0.85,"C",0.00107455700079312,-6.83477165987025
2005,0,0.24,6001,0,0.74,"D",0.121434927943686,-1.97891142983074
2005,1,0.13,25000,1,0.11,"AA",0.0115723807438809,-4.4474941283836
2005,0,0.29,2550,1,1.51,"D",0.324623789315026,-0.732602944285932
2005,0,0.2,6500,0,0.74,"D",0.109062504856222,-2.10035311673259
2005,0,0.24,10000,0,0.97,"B",0.00119964241914074,-6.72453138807752
2005,1,0.29,5500,0,0.99,"Missing",0.769155942118066,1.2035513260841
2005,0,0.19,7400,1,0.87,"C",0.20169209353513,-1.37575212566993
2005,0,0.19,6001,0,0.52,"C",0.00354772159657568,-5.6378956556357
2005,0,0.11,8000,0,0.32,"A",0.000349688085630055,-7.95811923549465
2005,1,0.24,1000,1,0,"Missing",0.955801410381326,3.07385728225118
2005,0,0.14,5000,0,0.34,"B",0.0093752505052365,-4.66026251213162
2005,0,0.2,25000,0,0,"B",0.000502241747183498,-7.59592661818181
2005,0,0.1,4000,1,0.43,"A",0.0033608162756642,-5.69220491882196
2005,0,0.2,9500,0,0.72,"D",0.046474454732129,-3.02126341469327
2005,0,0.11,1600,0,0.9,"B",0.00707610252250208,-4.94393075715507
2005,1,0.25,1500,1,0,"Missing",0.873748798777849,1.93451933601667
2005,0,0.2,2500,0,0.8,"Missing",0.179549180136465,-1.51940481505713
2005,1,0.29,4500,0,0.91,"Missing",0.88498570400629,2.04051505758643
2005,0,0.29,3000,0,0.79,"Missing",0.857671632527293,1.79608447856128
2005,1,0.24,3500,0,0.94,"Missing",0.851730907332317,1.74824182392673
2005,0,0.17,25000,0,0.06,"AA",0.000800642543361481,-7.12929501024152
2005,0,0.25,14000,0,0.84,"B",0.00433330443555538,-5.43708215851834
2005,1,0.2,1000,0,0,"Missing",0.892117456731757,2.11255472889355
2005,1,0.29,23250,0,0.92,"C",0.401816701723986,-0.397901207065289
2005,0,0.09,2000,1,0.01,"AA",0.000342109893934088,-7.9800363767967
2005,0,0.1,2000,0,0.29,"A",0.00735324630632167,-4.90523297424957
2005,1,0.29,7400,0,0,"Missing",0.909728669673089,2.31032647345641
2005,1,0.24,4500,0,0.6,"D",0.594157105863635,0.381177647919749
2005,1,0.29,2000,1,0.98,"Missing",0.585013890923487,0.343390544552591
2005,1,0.25,5000,1,1.1,"Missing",0.946605361847025,2.87517194997343
2005,0,0.15,9000,0,0.97,"C",0.00544564386399838,-5.20747875548621
2005,0,0.2,10000,0,0.85,"D",0.104813887978986,-2.14484536105866
2005,0,0.19,6500,0,0.7,"C",0.00884042482770839,-4.71954061283086
2005,0,0.18,2275,0,1.03,"D",0.138693578075408,-1.826183306428
2005,0,0.17,11000,0,0,"C",0.00504535699464028,-5.28422873782885
2005,0,0.22,3600,0,0.57,"D",0.054237879129041,-2.85861153831352
2005,0,0.17,10000,1,0.95,"D",0.0619102688874095,-2.71815954587778
2005,0,0.13,15000,0,0.09,"AA",0.00139189322969635,-6.57569756000318
2005,0,0.15,2000,0,0.02,"B",0.00443948036287745,-5.41276858065598
2005,1,0.28,3900,0,1.08,"Missing",0.959395935988279,3.16243569265696
2005,0,0.14,4000,0,0.16,"B",0.00248446342378175,-5.99521101396808
2005,0,0.25,8500,0,0.87,"C",0.047499654357977,-2.9983680355396
2005,0,0.22,25000,0,0.7,"C",0.0391315004957462,-3.20090978054727
2005,0,0.16,3000,0,0.81,"B",0.00224388617773052,-6.09729960808195
2005,0,0.14,3500,0,0.94,"C",0.030876785606051,-3.44638713337418
2005,1,0.24,3000,0,0,"Missing",0.948568529831117,2.91470379230818
2005,0,0.11,5000,0,0.05,"A",0.000122038888185438,-9.01104876206892
2005,1,0.2,1300,0,0,"Missing",0.973872713702909,3.61830039079924
2005,0,0.29,5000,1,0.7,"C",0.0602193296948011,-2.74765312652417
2005,0,0.1,8300,0,0.05,"AA",0.00192368205006815,-6.2515886603343
2005,0,0.2,7000,0,0.86,"D",0.0280414152497165,-3.54563066184927
2005,0,0.25,2500,0,0.66,"D",0.195789936247835,-1.41281817772252
2005,0,0.25,15000,0,0.79,"D",0.165915379272734,-1.61485696594768
2005,0,0.18,5000,0,0,"B",0.0042274807116959,-5.46191259800894
2005,1,0.21,3000,1,0.65,"Missing",0.43393078010289,-0.265831338833977
2005,0,0.1,1500,0,0.89,"A",0.000372275024795163,-7.89550531854723
2005,0,0.27,7000,0,0.71,"C",0.0692629979323608,-2.5980659244171
2005,1,0.29,5000,0,0.72,"Missing",0.968145000823089,3.41418754056744
2005,0,0.15,4400,0,0.8,"Missing",0.2345434966592,-1.18283133473798
2005,0,0.22,20000,1,0.77,"B",0.00243973172855737,-6.01342448031068
2005,0,0.27,7000,0,0,"D",0.222502883950451,-1.25113987168813
2005,0,0.18,9999,0,0.92,"D",0.0118247561022113,-4.42566474582596
2005,1,0.29,23500,0,0.86,"C",0.441395803472252,-0.235499179598942
2005,0,0.29,13531,0,0.82,"D",0.24543026934683,-1.12313482198178
2005,1,0.25,5000,0,1,"Missing",0.910127687035281,2.31519498696855
2005,0,0.2,9500,0,0.72,"D",0.0542022280433572,-2.85930675907171
2005,0,0.2,5300,0,1.26,"D",0.0414204810809437,-3.1416770502781
2005,1,0.29,5000,1,0.96,"Missing",0.967114198104694,3.38127557243725
2005,0,0.2,17850,0,0.43,"C",0.031131569162022,-3.43790643445333
2005,1,0.29,5824,0,0,"Missing",0.947591646470837,2.89485765966985
2005,0,0.17,1000,0,0.67,"D",0.0937586591088256,-2.26858162683182
2005,0,0.05,1000,0,0.42,"D",0.0134605707914066,-4.2944385636399
2005,0,0.25,8500,1,0.73,"D",0.0898627296252443,-2.31531215509811
2005,1,0.26,6000,1,0,"Missing",0.927335271741756,2.546459075697
2005,1,0.22,5000,0,0.93,"D",0.754067902827918,1.12042695068011
2005,0,0.29,10000,0,0.93,"D",0.160051683568665,-1.65784357650899
2005,1,0.27,1000,1,0,"Missing",0.985579960683883,4.22461140212203
2005,0,0.16,10000,0,0.35,"AA",0.000349632308745838,-7.9582788086876
2005,0,0.25,13000,0,0.93,"D",0.0236538690599159,-3.72029046772774
2005,0,0.15,15500,0,0.98,"B",0.0067466500446521,-4.99193967539945
2005,0,0.19,10000,1,1.02,"C",0.0503154611825567,-2.93781745579709
2005,0,0.19,8500,0,0.79,"C",0.0317039351331437,-3.41909708277739
2005,0,0.29,2550,0,0,"Missing",0.261489336927418,-1.03824203458723
2005,0,0.12,15000,0,0.09,"AA",0.0021538036873604,-6.1383637165872
2005,0,0.28,6000,0,0,"D",0.0436184053429737,-3.08767778882775
2005,1,0.29,4500,1,0.6,"Missing",0.849174947208553,1.72814465341073
2005,0,0.2,5000,0,0,"A",0.00266015629718248,-5.92670669877516
2005,1,0.29,2100,0,0,"Missing",0.712002409405816,0.905129181294651
2005,0,0.09,3001,0,0.21,"AA",0.000719280042922043,-7.23654024776521
2005,0,0.17,13000,1,0.88,"B",0.00599628752819914,-5.11060040910465
2005,0,0.15,2700,0,0.51,"C",0.00468314266704409,-5.35909174142543
2005,1,0.29,3001,1,0,"Missing",0.605448761892897,0.428220925275843
2005,0,0.21,10000,0,0.72,"A",0.00132534803545701,-6.62475395867983
2005,0,0.22,5600,0,0.94,"D",0.234028419923799,-1.18570250667538
2005,0,0.25,2550,0,0.86,"D",0.13691467963347,-1.84115559562343
2005,0,0.2,5000,0,0.16,"A",0.00416180555525297,-5.4776357811951
2005,1,0.29,5000,1,0,"Missing",0.945064568413171,2.84509472708277
2005,0,0.14,5000,0,0.34,"B",0.000742290431037963,-7.20502740882215
2005,1,0.24,1000,0,0.81,"Missing",0.858051484923775,1.79919968145518
2005,0,0.17,5600,0,0.84,"C",0.0794922558197742,-2.44926580780916
2005,1,0.29,4000,1,1.14,"Missing",0.994540353441182,5.20489661923906
2005,0,0.15,4000,0,0.84,"Missing",0.641296408084283,0.580995366955482
2005,0,0.18,10000,0,0.27,"C",0.0326991172539479,-3.38716151552904
2005,0,0.25,2550,0,0.53,"D",0.0275664104566741,-3.56320376565079
2005,0,0.17,1700,0,0.28,"D",0.101447983456478,-2.18123840833644
2005,0,0.16,3300,0,0.3,"C",0.0243365995590852,-3.69113627840405
2005,0,0.09,6000,0,0,"AA",0.000495641246432076,-7.60916242230884
2005,1,0.29,4300,1,0.95,"Missing",0.956513888604227,3.09085370015292
2005,0,0.14,6001,0,0.56,"B",0.00332690018221668,-5.70238183811564
2005,1,0.29,5000,0,0.78,"Missing",0.928623822832637,2.56573956927282
2005,0,0.29,3800,0,0.73,"Missing",0.595118773893968,0.385167250393254
2005,0,0.1,6500,0,0.67,"A",0.0140167164533797,-4.25338875094245
2005,0,0.25,8500,0,0.78,"D",0.0211976994870117,-3.83243702087974
2005,0,0.17,10700,0,0.12,"C",0.0295181443585582,-3.49278756927304
2005,1,0.23,10000,0,0.67,"D",0.200977214817835,-1.38019791996558
2005,0,0.15,9500,0,0.94,"B",0.00364041182745453,-5.61201141007042
2005,0,0.2,9900,0,0.96,"D",0.259912028998007,-1.04642583511042
2005,0,0.14,2400,1,0.22,"B",0.00541230087653343,-5.21365397544542
2005,0,0.15,3000,0,0.46,"B",0.00144904554248339,-6.53540008942794
2005,0,0.2,1000,0,1,"Missing",0.87957425826243,1.98840468114603
2005,0,0.25,5000,1,0.96,"Missing",0.852328977483852,1.75298559731605
2005,0,0.15,2700,0,0.51,"C",0.00909628763218975,-4.69075098973752
2005,0,0.17,25000,0,0.67,"A",0.0100542440177627,-4.5896553140001
2005,0,0.25,25000,0,0.47,"AA",0.00565782004043231,-5.16904272669189
2005,0,0.1,8000,0,0.45,"AA",0.00124209728551683,-6.68971109948705
2005,0,0.23,16000,1,0,"A",0.0277009481331677,-3.55819678242874
2005,0,0.2,5000,0,0.77,"D",0.160321122587195,-1.65584070991447
2005,0,0.09,2000,0,0.06,"AA",0.000214693535599166,-8.44608424594044
2005,0,0.15,3600,0,0.28,"A",0.00140875942668773,-6.56363604844516
2005,0,0.12,10000,0,0.58,"A",0.00145788516052536,-6.52930946466047
2005,0,0.15,16000,0,0.77,"B",0.00319784060988552,-5.74207654174463
2005,0,0.25,4449,0,0.94,"D",0.0517458742895023,-2.90827782633445
2005,0,0.15,8500,0,0.55,"AA",0.000653787876801025,-7.33207360482882
2005,0,0.19,10300,0,0.38,"B",0.00107895735706679,-6.83068057442726
2005,0,0.25,25000,0,0.71,"A",0.0092054253574273,-4.67871419885944
2005,0,0.11,5000,0,0.12,"A",0.000192256172802517,-8.55648956723204
2005,0,0.17,3000,0,0,"C",0.0200335566823728,-3.89010962788431
2005,1,0.29,2501,0,1.22,"Missing",0.99576081223145,5.45913539351034
2005,1,0.23,6001,1,0.92,"D",0.428421533091839,-0.28829417243993
2005,1,0.28,5000,0,1.19,"Missing",0.918719744231452,2.4250779879521
2005,1,0.2,3000,0,0.89,"D",0.44808422582037,-0.208414232819445
2005,0,0.18,5000,0,0.5,"D",0.000847799033978675,-7.07201877987238
2005,0,0.21,5000,0,0.73,"D",0.01690975996268,-4.06280994876466
2005,0,0.12,11000,0,0.7,"A",0.00459464215683535,-5.37825917287884
2005,0,0.17,8500,1,0.21,"B",0.0029182539235859,-5.83384729260393
2005,1,0.25,7000,0,1.02,"C",0.214299287731965,-1.29920236794271
2005,0,0.2,10000,0,0.03,"D",0.114906563627299,-2.04157390934045
2005,0,0.17,3800,0,0.7,"C",0.00279148707926734,-5.87838543127772
2005,0,0.29,20000,1,0.87,"D",0.456201100508416,-0.175645786273907
2005,1,0.29,5000,1,0,"Missing",0.992309632018833,4.86006655335403
2005,0,0.29,10000,0,0.47,"Missing",0.190431064601916,-1.44721166401749
2005,1,0.16,3500,0,0.83,"C",0.235262798820202,-1.17882906476536
2005,0,0.18,8000,0,0.35,"C",0.0126863849225766,-4.35445836967155
2005,0,0.29,4500,0,0.97,"D",0.0708383417409323,-2.57388233274373
2005,1,0.24,1000,0,0.92,"Missing",0.811970514146531,1.46286523669693
2005,0,0.18,2800,0,0.99,"C",0.0263493680773908,-3.60960825235468
2005,0,0.2,1000,1,0.9,"D",0.0897793830309734,-2.31633164503716
2005,1,0.24,1500,0,0.99,"Missing",0.977556404232532,3.77405068572492
2005,0,0.15,5000,0,0.41,"B",0.0235041338120752,-3.72679420443615
2005,0,0.23,3550,0,0.66,"D",0.102451233749343,-2.17028053747591
2005,0,0.25,10000,1,0,"A",0.0736576007774918,-2.53181658897313
2005,1,0.29,3800,0,0.73,"Missing",0.972804650524607,3.57713730824155
2005,1,0.28,12000,1,0.87,"D",0.505919941357984,0.0236808720237981
2005,0,0.11,4000,0,0.64,"D",0.00581174032572503,-5.14204651905152
2005,1,0.29,3001,1,0,"Missing",0.834923517776035,1.62093123004347
2005,0,0.22,18200,1,0.8,"C",0.0225602642254098,-3.768746499897
2005,0,0.13,2550,0,0.27,"A",0.00114733180532927,-6.76916821115484
2005,0,0.24,25000,0,0,"A",0.00102425126106821,-6.88276863416187
2005,0,0.17,25000,0,0.11,"A",0.00542166299363722,-5.21191627164992
2005,0,0.2,10000,1,0.89,"D",0.131508858552971,-1.88768317102773
2005,0,0.29,2800,0,0.99,"C",0.0561746856746965,-2.821474878048
2005,0,0.19,16000,0,0,"A",3.75199224508334e-05,-10.1906009800775
2005,0,0.1,4000,0,0.51,"AA",0.000140432230737768,-8.87064508696669
2005,1,0.2,5500,0,0.95,"Missing",0.730207064727415,0.995673385855427
2005,0,0.25,14000,0,0.84,"B",0.00233433072340165,-6.05769299751967
2005,0,0.28,12000,0,0.83,"D",0.521680098338745,0.0867748026082158
2005,0,0.25,3000,0,0.71,"D",0.100393066584892,-2.19286478032183
2005,1,0.29,2700,0,0,"Missing",0.950966421429202,2.96497341285442
2005,0,0.15,1100,0,0,"Missing",0.330052700892887,-0.707946709856913
2005,1,0.2,5000,0,0,"D",0.30813527571443,-0.808851557955998
2005,0,0.17,1500,0,0.67,"C",0.0470185513533458,-3.00905320371844
2005,0,0.09,2000,0,0.85,"A",0.0024934326920525,-5.99159838023174
2005,0,0.1,14000,0,0.26,"AA",6.32611442412915e-05,-9.66817598919338
2005,0,0.17,2550,0,0.25,"C",0.0107237266601286,-4.52451490732312
2005,0,0.23,3000,0,0.86,"Missing",0.397228542536623,-0.417026326756941
2005,0,0.17,1000,0,0.67,"D",0.360850595712637,-0.571674226198355
2005,1,0.19,19900,0,0.75,"C",0.217653633105736,-1.27939260661907
2005,1,0.29,5000,0,0.77,"Missing",0.97057962049654,3.49620582534515
2005,0,0.17,6001,0,0.56,"B",0.00359759902716391,-5.62388450697089
2005,0,0.21,5000,0,0.26,"D",0.0271545979933062,-3.57867879436632
2005,0,0.28,3200,0,0.93,"D",0.106038780184775,-2.13185751794516
2005,0,0.1,7500,0,0.2,"AA",0.000363647963741355,-7.918960576781
2005,0,0.16,25000,0,0.76,"AA",0.000145399188073215,-8.83588216721157
2005,0,0.23,2600,0,0.5,"Missing",0.241315691169806,-1.14547976231967
2005,1,0.29,5000,0,0.88,"Missing",0.917278358115157,2.40592971994129
2005,0,0.2,1990,1,1,"D",0.0767791493679101,-2.4869353699847
2005,0,0.15,15500,0,0.98,"B",0.00365981093109855,-5.60667726664878
2005,0,0.2,13500,0,0.31,"C",0.0238267316253043,-3.71283197180986
2005,0,0.17,1000,1,0.59,"D",0.102098481677719,-2.17412254036885
2005,1,0.17,1550,0,0.95,"Missing",0.80659950398018,1.42806411973638
2005,1,0.28,4750,1,0.14,"Missing",0.913814249055838,2.36112246046248
2005,0,0.1,5000,0,0.09,"AA",0.00318994133140022,-5.74455771372491
2005,0,0.2,16950,0,0.55,"C",0.242424219390175,-1.13943440860887
2005,0,0.1,6500,0,0.67,"A",0.000368687650787328,-7.90519199158417
2005,0,0.23,25000,0,0.67,"D",0.188366103871515,-1.46066194145463
2005,0,0.18,3000,1,0.93,"C",0.0635617074542331,-2.69007242317659
2005,1,0.29,2000,0,0.98,"Missing",0.943832879782858,2.82161758017043
2005,1,0.25,4500,1,0.93,"Missing",0.908753182879507,2.29850542033955
2005,0,0.16,10000,0,0.11,"B",0.00646045474531893,-5.03557415585108
2005,1,0.24,1500,0,0.96,"Missing",0.626101574582826,0.515528446920695
2005,0,0.07,5000,0,0.33,"AA",0.00558057023365193,-5.18286811560873
2005,0,0.13,2500,1,0.9,"C",0.181482904780825,-1.50633282189402
2005,0,0.2,3500,0,0.51,"D",0.296625037228505,-0.863421284562163
2005,1,0.29,2550,1,0.93,"Missing",0.997481643458766,5.98162722345346
2005,0,0.15,5000,0,0,"C",0.00905789182422117,-4.69501971254621
2005,0,0.07,3000,1,0.09,"AA",0.00589546813420604,-5.12765842105478
2005,0,0.19,3000,0,0.97,"C",0.110978544349621,-2.08078448133147
2005,0,0.2,9000,0,0.94,"D",0.205111939511251,-1.35464542381812
2005,0,0.29,3000,0,0.98,"Missing",0.899444339052817,2.19106575714468
2005,1,0.27,2000,0,0,"Missing",0.964493840487427,3.30189725727477
2005,0,0.14,3210,0,0.08,"B",0.000480218612989355,-7.64078878006265
2005,0,0.2,15000,0,0.59,"A",0.00143070647854778,-6.54815518484957
2005,0,0.18,5000,0,0.66,"C",0.0582704870175573,-2.78262235306903
2005,0,0.18,9995,0,0.53,"C",0.140792346279913,-1.80872454823691
2005,1,0.29,3500,0,0,"Missing",0.993260645005661,4.99302888980948
2005,1,0.28,5000,0,0.81,"D",0.186603154976794,-1.47223491874353
2005,1,0.29,5500,1,0.89,"Missing",0.77953544697713,1.26296123675822
2005,0,0.23,6001,0,0.24,"D",0.186079925480651,-1.4756858843297
2005,0,0.15,5000,0,0.83,"C",0.0192901756125216,-3.92868068939017
2005,0,0.17,3000,1,0.14,"AA",0.00141337933242524,-6.56035737331358
2005,0,0.16,6000,0,0.16,"A",0.0014007642991583,-6.56933551706857
2005,0,0.23,10000,0,1.02,"D",0.237243776294873,-1.16785027866608
2005,1,0.25,7500,1,0.76,"Missing",0.800151693909191,1.38724271786078
2005,0,0.24,3000,0,1.62,"Missing",0.543318648184478,0.173710089988813
2005,1,0.25,5000,1,0.92,"Missing",0.946013919282965,2.86353103393546
2005,1,0.25,2550,1,0.67,"Missing",0.987335626508826,4.35621721425393
2005,1,0.29,2550,1,1.26,"Missing",0.941447366786939,2.77749238018011
2005,0,0.07,2550,0,0.44,"AA",1.50302128852218e-05,-11.1054331599538
2005,1,0.29,3000,1,0,"Missing",0.980461671580212,3.9156454578108
2005,0,0.29,3500,0,0.83,"Missing",0.265094149693655,-1.01965735143528
2005,0,0.21,15000,0,0.24,"C",0.00472248079779375,-5.35068735776555
2005,1,0.29,12500,0,0.96,"D",0.486409683761224,-0.0543746580203756
2005,0,0.29,2550,0,1,"Missing",0.843020270967771,1.68087432136994
2005,0,0.14,1000,0,0.6,"A",0.00319755287599002,-5.74216681200984
2005,1,0.29,5000,1,0,"Missing",0.898680702121485,2.18265090596262
2005,1,0.2,5128,0,0,"Missing",0.588497983217108,0.357759578548587
2005,1,0.23,3500,0,0.92,"Missing",0.957819959034552,3.12271267985144
2005,0,0.15,8400,0,0.48,"B",0.0110508311816528,-4.49413728856428
2005,0,0.17,15000,0,0.52,"B",0.0017653758904978,-6.3376247061481
2005,0,0.17,6001,0,0.56,"B",0.0022989401603428,-6.07300547531854
2005,1,0.27,2000,0,0,"Missing",0.447350153839378,-0.211382981506226
2005,1,0.24,3000,0,0.67,"Missing",0.53440380973959,0.137833037247386
2005,0,0.14,1400,0,0.61,"C",0.0666120520703511,-2.63993539823015
2005,1,0.2,3000,0,0.98,"D",0.318581726870254,-0.760297280530458
2005,0,0.17,5000,0,0.97,"D",0.0781851868670511,-2.46726414659256
2005,0,0.09,3500,0,0.1,"AA",0.00123588348197235,-6.69473254682348
2005,0,0.14,2000,0,0.5,"C",0.00180022484847382,-6.31804185886198
2005,0,0.08,1000,0,0.05,"AA",0.000890952892616726,-7.02232765210346
2005,1,0.18,3002,1,0.8,"D",0.291441672839033,-0.888392488006247
2005,0,0.11,8000,0,0.32,"A",0.00345489610361446,-5.66450201548829
2005,0,0.07,1000,0,0.12,"C",0.000330657547686345,-8.01409660506229
2005,1,0.24,5600,0,0.62,"Missing",0.935098077027362,2.6677741659542
2005,1,0.29,3000,0,1.02,"Missing",0.955808077004239,3.07401510189283
2005,0,0.09,1500,0,0.29,"A",0.00148687787400555,-6.50958875961833
2005,0,0.2,17850,0,0.43,"C",0.0562002779306338,-2.82099228253945
2005,0,0.15,2000,0,1.59,"Missing",0.368348178833117,-0.539309697465925
2005,1,0.23,2400,0,0.91,"Missing",0.744757927402722,1.07084683676059
2005,1,0.29,5500,0,1.02,"Missing",0.94577935308337,2.85894752453516
2005,0,0.16,4500,0,0.88,"D",0.0462658886898154,-3.02597997908157
2005,1,0.24,3200,1,0.73,"Missing",0.899617054955453,2.19297685552806
2005,0,0.13,5000,0,0.32,"B",0.0030957094956568,-5.77463764869289
2005,1,0.26,4500,0,0.96,"Missing",0.884877440602754,2.0394518554622
2005,0,0.15,10500,0,0.84,"C",0.00179984755001395,-6.31825184288174
2005,1,0.26,2200,0,0.97,"Missing",0.902812054481496,2.22886771070572
2005,0,0.22,24000,0,0.72,"B",0.00102277831451667,-6.88420921513884
2005,1,0.29,2875,1,1,"Missing",0.986516166754603,4.29268828287536
2005,0,0.16,7000,0,0.98,"C",0.0116860958596161,-4.4376006169842
2005,0,0.18,5000,0,0,"B",0.0138562560911574,-4.26506529489568
2005,0,0.25,15000,0,0.65,"D",0.283554002952438,-0.926900282310565
2005,0,0.15,12000,0,0.61,"B",0.00160551511099573,-6.43270382712894
2005,1,0.25,15000,1,0,"D",0.866399336453912,1.86949070206819
2005,0,0.2,7500,1,0.52,"D",0.0417446260577229,-3.13354358649273
2005,1,0.25,4000,0,0.02,"Missing",0.982836740034899,4.04767197229805
2005,0,0.25,15000,0,0.11,"D",0.431632741519872,-0.27519270030496
2005,0,0.15,6000,0,0.14,"C",0.00969504323526135,-4.6263981846042
2005,0,0.22,12500,0,0.96,"C",0.0237110637267328,-3.71781682073964
2005,1,0.29,4200,0,1,"Missing",0.969066507532103,3.44449374921237
2005,0,0.17,11000,0,0.61,"C",0.0429807116688519,-3.10307209702866
2005,1,0.25,10700,0,0,"Missing",0.988749299802581,4.47601044443314
2005,0,0.09,1400,1,0.9,"D",0.00924355308074325,-4.67454239487153
2005,0,0.29,8500,1,0,"B",0.0136921291205127,-4.27714739715125
2005,0,0.25,25000,0,0.73,"A",0.00373549071881694,-5.58613360005276
2005,1,0.27,3000,0,0.98,"Missing",0.987430585698734,4.36383977479166
2005,0,0.2,17850,0,0.43,"C",0.0338285202954153,-3.35203709126485
2005,0,0.11,1550,0,0.95,"D",0.0399883941884076,-3.17835610705204
2005,0,0.16,15000,0,0.59,"A",0.0455889956964024,-3.04142803584218
2005,0,0.16,5000,0,0,"C",0.00213494365559491,-6.14717779757517
2005,0,0.24,2500,1,0.96,"D",0.210650624661598,-1.32100807679437
2005,0,0.29,20000,0,0.04,"C",0.0717157166312252,-2.56062810224837
2005,0,0.17,6500,1,0,"D",0.00690166886567222,-4.96906643649818
2005,0,0.15,6500,0,0.9,"C",0.011070157711657,-4.49237039769529
2005,1,0.26,2550,0,0.88,"Missing",0.843864480029798,1.68726756512799
2005,0,0.22,25000,0,0.63,"AA",0.0070311363630376,-4.95035097012678
2005,0,0.2,2700,1,0.87,"D",0.135732926072654,-1.85119265826355
2005,1,0.24,5600,0,0.62,"Missing",0.533517334202005,0.134270700081416
2005,0,0.27,8500,0,0.96,"C",0.196762755319142,-1.40665140295127
2005,1,0.25,9500,0,0.64,"D",0.306391458015494,-0.817044181885439
2005,0,0.24,20000,1,0.88,"C",0.201452249770883,-1.37724238631613
2005,0,0.2,9000,0,0.94,"D",0.247823467584445,-1.11025437851131
2005,0,0.19,10000,1,1.02,"C",0.0565462087317161,-2.81448923018995
2005,0,0.1,2550,0,0.58,"A",0.00465319451828267,-5.36553724774606
2005,0,0.15,8500,0,0.55,"AA",0.0185704839062175,-3.96743676518336
2005,0,0.2,3100,1,0.92,"C",0.0533254572793863,-2.87654152257879
2005,0,0.11,3500,0,0,"D",0.00181956847233851,-6.30733468321964
2005,1,0.28,5000,0,0.87,"Missing",0.948747935476514,2.91838725206938
2005,1,0.18,1600,0,0.94,"D",0.634804874328734,0.552885865529577
2005,0,0.11,3000,0,0.27,"B",0.00111790520166756,-6.79518017010451
2005,0,0.17,15000,0,0.52,"B",0.000278781782231753,-8.18480240406539
2005,0,0.15,4000,0,0.46,"B",0.00094412971842358,-6.96430241198524
2005,1,0.29,9000,1,0,"Missing",0.801643812930096,1.39660004652283
2005,1,0.29,10000,0,0.62,"C",0.366412935592905,-0.547636487525079
2005,0,0.28,25000,1,0.75,"C",0.0744744128852237,-2.51990616324528
2005,1,0.17,6500,0,0.79,"C",0.0379781981997551,-3.23202484990887
2005,0,0.2,5000,0,0.45,"D",0.211786307259163,-1.31419145508822
2005,0,0.17,5000,1,0.98,"B",0.0118592046342571,-4.42272086458391
2005,1,0.27,5000,0,0.96,"Missing",0.970676863487409,3.49961677907202
2005,0,0.24,3000,0,1.62,"Missing",0.808375942937808,1.43949180979233
2005,0,0.23,5000,0,0.37,"D",0.0656774872878222,-2.65506547378749
2005,0,0.2,8000,0,0.87,"D",0.0171515706347094,-4.04836516474406
2005,0,0.11,10000,0,0.17,"AA",0.000240330898216712,-8.33325348186314
2005,0,0.15,10000,0,0.08,"B",0.000613559913645883,-7.39561889160856
2005,0,0.1,6001,0,0.41,"AA",0.00252563027502219,-5.97873580847347
2005,1,0.24,6001,0,0.74,"D",0.246796605432802,-1.11577076602067
2005,0,0.15,3500,0,0.32,"A",0.0230069306732905,-3.74868405402759
2005,0,0.24,4000,0,1,"Missing",0.819523752858483,1.51312420800821
2005,0,0.16,9000,0,0.97,"C",0.0156304769724731,-4.1427786976492
2005,1,0.28,6500,1,0,"Missing",0.994367810368975,5.17360888019411
2005,0,0.2,18000,0,0.71,"B",0.00263381828681798,-5.93668337269291
2005,0,0.2,4100,1,0.8,"D",0.12814965681996,-1.91741900953556
2005,0,0.29,3500,0,0.99,"Missing",0.439965914301531,-0.241300392780525
2005,0,0.29,13531,0,0.82,"D",0.362637993807062,-0.563932718299206
2005,0,0.18,8000,0,0.23,"C",0.00657220435977513,-5.01831208737782
2005,1,0.26,2000,1,0,"Missing",0.841753660489609,1.67133447699696
2005,1,0.29,9200,1,0.98,"Missing",0.964805137114601,3.31102601929913
2005,0,0.18,25000,0,0.69,"B",0.0029001101195892,-5.84010224685124
2005,0,0.14,3000,0,0.95,"C",0.0125045949304052,-4.36907567247598
2005,0,0.2,1300,0,0,"Missing",0.789494412084524,1.32188055719345
2005,0,0.23,14000,1,0.83,"C",0.154939694087914,-1.69637202194273
2005,0,0.14,4000,0,0.18,"B",0.00251816651226529,-5.98170287434115
2005,0,0.2,2000,1,0.88,"D",0.0524208036101991,-2.89460699004482
2005,1,0.25,16000,1,0.67,"D",0.343263085749068,-0.64878633635222
2005,1,0.25,9000,0,0.99,"Missing",0.961935445647894,3.22966382695845
2005,1,0.19,13000,0,0.82,"C",0.0678861927219355,-2.61962225140415
2005,0,0.13,13000,0,0.81,"B",0.000424054296860039,-7.76522490806565
2005,0,0.17,25000,0,0.06,"AA",0.00120595777898498,-6.71927450489228
2005,0,0.29,3300,0,0.91,"Missing",0.481697300188401,-0.0732435252936638
2005,1,0.29,3000,0,1.02,"Missing",0.859124620349939,1.80803832023943
2005,0,0.25,2500,0,1.01,"D",0.0240130315216349,-3.70485257129934
2005,1,0.24,3500,0,0.8,"Missing",0.745831160705439,1.07650048063492
2005,1,0.2,5000,0,0.72,"Missing",0.836769287186254,1.63438377385886
2005,0,0.14,9999,0,0.54,"A",0.000682393907514715,-7.28922086300895
2005,1,0.23,1000,0,0.92,"Missing",0.94875597070685,2.91855251229058
2005,0,0.2,15000,0,0.84,"C",0.0137495404821759,-4.27290493400824
2005,0,0.23,21000,0,0,"B",0.0082509866224777,-4.78913728076456
2005,1,0.29,5000,1,0,"Missing",0.948253890156371,2.90827302580307
2005,0,0.29,10500,0,0.76,"D",0.104974014607874,-2.14313991220676
2005,1,0.2,2000,0,1.03,"Missing",0.697232605623962,0.834154243712095
2005,1,0.15,1100,0,0,"Missing",0.857658655703633,1.79597817706517
2005,1,0.27,2000,1,0,"Missing",0.984927188638969,4.17967516955111
2005,0,0.24,3000,0,0.85,"Missing",0.916353116489291,2.39379761829825
2005,0,0.29,16900,0,0.04,"D",0.24964915282881,-1.10048434987077
2005,0,0.16,4000,0,0.8,"C",0.0147015072518216,-4.20499461092233
2005,0,0.29,7000,1,0.91,"D",0.122954275896575,-1.96474658237966
2005,1,0.28,3900,0,1.08,"Missing",0.938286847955776,2.72155864094537
2005,0,0.2,5000,0,0,"B",0.000138998509921877,-8.88090833670643
2005,1,0.22,10000,0,0.65,"C",0.0381065796297734,-3.22851669397449
2005,1,0.24,1000,1,0.29,"Missing",0.915953901918173,2.38860060298753
2005,0,0.14,5000,0,0.68,"B",0.000992020308848899,-6.91477446557237
2005,0,0.16,25000,1,0.66,"AA",0.00208725967521634,-6.16981379247399
2005,1,0.23,4000,1,1,"Missing",0.745063659608953,1.07245579540204
2005,0,0.27,3750,0,0.88,"Missing",0.85156962822763,1.74696529668751
2005,1,0.29,2000,1,0.98,"Missing",0.857412186740387,1.79396072434691
2005,1,0.29,2550,0,1,"Missing",0.995435881099102,5.38495522912344
2005,0,0.29,3000,0,0,"Missing",0.690580222517453,0.802833288283403
2005,0,0.17,5233,0,0.38,"B",0.000455015715388857,-7.69472348102717
2005,1,0.29,7000,1,1.02,"Missing",0.977937501288671,3.79156648709652
2005,0,0.2,3000,0,0.98,"D",0.534959990667079,0.140068516837542
2005,0,0.17,4900,0,0.13,"D",0.0147440581769263,-4.20206128067076
2005,0,0.1,1425,0,0,"AA",0.00128622629686251,-6.65475564488515
2005,1,0.26,6000,1,0,"Missing",0.981189880854255,3.95437102183716
2005,0,0.16,25000,0,0,"AA",0.00108022196244769,-6.82950793235492
2005,0,0.13,20000,0,0.13,"AA",0.00023208318223293,-8.36818259633438
2005,0,0.13,10000,0,0.51,"A",0.000340264757694341,-7.98544622162103
2005,0,0.28,8423,0,0.92,"Missing",0.700827266267359,0.851240334835332
2005,0,0.24,6000,0,0,"Missing",0.843617364508554,1.6853932365326
2005,0,0.2,12000,0,0.26,"C",0.0084385286542222,-4.76647298102748
2005,0,0.29,3500,1,0.95,"Missing",0.607636349059519,0.437387502196475
2005,1,0.29,3000,1,1.01,"Missing",0.936853367885245,2.69706726308328
2005,0,0.25,3000,0,0,"Missing",0.837896472004607,1.64265935827019
2005,0,0.18,3000,1,0.95,"D",0.0843371399797457,-2.38482590303771
2005,0,0.21,9800,0,0.7,"D",0.0825725522007099,-2.40789617334243
2005,1,0.17,2800,0,0,"C",0.0585304202925678,-2.77789541303786
2005,1,0.29,6000,0,0.84,"Missing",0.788014732902647,1.31300000882674
2005,0,0.25,15000,0,0,"C",0.0301480447883176,-3.47102336476116
2005,0,0.1,10000,0,0.12,"A",0.000373756065137191,-7.89153337966989
2005,0,0.2,6500,0,0,"C",0.0781745426019829,-2.46741184457973
2005,0,0.1,2000,0,0,"AA",0.000393237576823144,-7.84070329265086
2005,0,0.21,4000,1,0.91,"D",0.112294474516219,-2.0675154148987
2005,0,0.21,10000,0,0.21,"D",0.0233957748506577,-3.73152603388231
2005,1,0.17,9000,0,1,"Missing",0.472149447037046,-0.111517639462184
2005,0,0.28,2550,0,0.74,"Missing",0.644421737023566,0.594608008890852
2005,1,0.29,6000,0,1.12,"Missing",0.977805784598096,3.78547937861598
2005,0,0.1,4000,0,0.16,"A",0.00365064568875999,-5.60919390044483
2005,0,0.23,10000,0,1.02,"D",0.12505167651754,-1.94543776172502
2005,0,0.17,3600,1,0.76,"D",0.0499459117659036,-2.94557826274062
2005,0,0.21,9000,0,0,"D",0.0487280840738378,-2.97154440908901
2005,1,0.28,4000,0,0,"Missing",0.829494274452009,1.58204733011163
2005,1,0.29,3000,0,0.82,"Missing",0.915374732450153,2.38110063227587
2005,0,0.15,1100,0,0,"Missing",0.669516205714983,0.705997746380376
2005,0,0.14,2500,0,0.24,"C",0.0324993504601979,-3.39349599296677
2005,1,0.29,3000,0,0.91,"Missing",0.987279165469629,4.35171167836873
2005,1,0.29,4000,1,0,"Missing",0.989855924719211,4.58066958307063
2005,0,0.15,4000,0,0,"C",0.00618002289977018,-5.08023410376998
2005,0,0.11,5000,1,0,"A",0.00234025288790677,-6.05515328813727
2005,0,0.13,10000,0,0.51,"A",0.000594332709425187,-7.427476769136
2005,0,0.21,3000,0,0.04,"C",0.0192787302143755,-3.92928586377099
2005,0,0.29,8500,1,0.93,"B",0.00317978345761665,-5.74775732988612
2005,0,0.2,7500,0,0.99,"D",0.025112418354915,-3.65895968451071
2005,0,0.2,2500,0,1,"C",0.0290383445900028,-3.50966979386226
2005,1,0.24,3000,0,0.4,"Missing",0.919017276340372,2.42906907747305
2005,1,0.29,1750,1,0.98,"Missing",0.939958484872201,2.75079946750588
2005,0,0.15,20000,1,0.72,"B",0.0292076830156037,-3.50368076807582
2005,0,0.18,12000,0,0.57,"A",0.000855196439698533,-7.06332379905476
2005,0,0.22,7500,0,0.92,"D",0.100818588584569,-2.18816205737053
2005,0,0.13,2000,1,0.54,"A",0.0016818150821715,-6.38619843181026
2005,1,0.24,1000,1,0.98,"Missing",0.975690379186376,3.69227311139572
2005,0,0.17,5000,0,0.78,"C",0.00515058480481375,-5.26348112163133
2005,0,0.13,16000,0,0.34,"A",0.00172459636893226,-6.36103615970604
2005,0,0.14,10000,0,0.65,"C",0.356934562667832,-0.58869402072051
2005,0,0.09,1000,0,0.6,"A",0.000361999624120776,-7.92350531931764
2005,1,0.24,3000,0,0,"Missing",0.977324742161295,3.76354461688521
2005,0,0.17,9200,0,0.06,"A",0.000147450434762858,-8.82187101285638
2005,0,0.17,12000,0,0.91,"D",0.123514267431248,-1.95956375134324
2005,0,0.26,2500,1,0.91,"Missing",0.284219133947108,-0.923628528080611
2005,0,0.17,7000,0,0.67,"B",0.00372146902720905,-5.58990837794099
2005,0,0.22,6000,0,0.71,"C",0.207729472034808,-1.33866629125436
2005,0,0.12,7500,0,0.81,"A",0.00034812052570739,-7.96261361877769
2005,0,0.15,1000,0,0,"D",0.022958093643717,-3.75085900546633
2005,0,0.14,14100,0,0.73,"B",0.000766321386773301,-7.17314229607716
2005,0,0.29,23800,0,0.5,"C",0.0424379207616011,-3.11634823354346
2005,0,0.2,9000,0,0.65,"A",0.00231577009211353,-6.06569453794541
2005,1,0.29,3001,1,0,"Missing",0.926678983432082,2.53675992171565
2005,1,0.17,2400,0,0.86,"D",0.241601806221724,-1.1439176272005
2005,0,0.12,3000,0,0.98,"B",0.00345734981146075,-5.66378959359061
2005,0,0.17,1500,0,0.67,"C",0.00725141861598219,-4.91928032013885
2005,0,0.18,3002,1,0.8,"D",0.0666773898955065,-2.63888500487762
2005,1,0.28,3900,0,1.08,"Missing",0.821870426005149,1.52907152077291
2005,0,0.15,17500,0,0.55,"B",0.0015554038118161,-6.46446346630005
2005,1,0.23,3250,0,0.93,"D",0.557037666865692,0.229148122530006
2005,0,0.29,6000,0,0.94,"Missing",0.940055479719062,2.75251942202598
2005,0,0.23,2500,0,0.79,"D",0.0396744114568364,-3.18656594949814
2005,0,0.25,4000,0,0.45,"D",0.311364055242906,-0.793749926102754
2005,1,0.24,4500,0,0.72,"D",0.499729989442991,-0.00108004233302483
2005,1,0.29,2000,1,0,"Missing",0.900302531726989,2.20059057000797
2005,0,0.17,5000,0,0.15,"B",0.000869826900098547,-7.04634612609683
2005,0,0.17,10000,0,0.28,"B",0.00104927559027139,-6.85860544047487
2005,0,0.29,1500,1,0.91,"Missing",0.805899482927647,1.42358286960203
2005,1,0.24,2500,1,0.83,"D",0.528836979683188,0.115476067959967
2005,1,0.23,1600,0,0.74,"Missing",0.988955818128968,4.49474589555669
2005,0,0.2,1500,0,0.8,"D",0.0650505018936961,-2.66532859467419
2005,0,0.25,8000,1,0.85,"D",0.107798124664015,-2.1134321627294
2005,0,0.23,6001,0,0.61,"D",0.0601577845209593,-2.74874115278466
2005,0,0.16,20000,1,0.32,"A",0.0138449552794203,-4.26589266187878
2005,0,0.19,15000,1,0.41,"A",0.00352106217484523,-5.64546530496935
2005,0,0.11,1850,0,0.86,"C",0.00398612440174678,-5.52094175783697
2005,0,0.17,9500,0,0.95,"AA",0.0112891672031467,-4.47255829412326
2005,0,0.29,2000,0,0,"Missing",0.770108189534366,1.20892220189089
2005,0,0.08,2300,0,0.18,"AA",0.000211369221892976,-8.46169269536652
2005,0,0.22,4000,1,1,"D",0.385245741666536,-0.467341187297305
2005,0,0.17,12000,0,0.91,"D",0.0123981328453545,-4.3777337637817
2005,1,0.24,4500,0,1.46,"Missing",0.863696317084551,1.84633586316923
2005,0,0.29,2000,0,0.98,"Missing",0.9658299062562,3.34163692865165
2005,0,0.25,2500,0,0.66,"D",0.0964416163042052,-2.23740291456025
2005,0,0.15,9999,0,0.83,"C",0.0720441568189197,-2.55570492869231
2005,1,0.29,4750,0,1,"Missing",0.965161855289359,3.32158291410043
2005,0,0.14,2000,0,0.5,"C",0.00527782418940218,-5.23894955043132
2005,0,0.1,9990,0,0.05,"AA",0.0014833513932215,-6.51196684369264
2005,0,0.19,5000,0,0.42,"B",0.0163983838523856,-4.09403816904708
2005,0,0.24,4500,1,0.71,"D",0.0585348576982254,-2.77781488896012
2005,0,0.1,3000,0,0.07,"AA",8.55150119148092e-05,-9.36673310081405
2005,0,0.29,16000,1,0,"D",0.61536066056068,0.469902421296425
2005,1,0.07,2550,1,0.63,"Missing",0.956868955979484,3.0994234332444
2005,1,0.29,3000,1,1.01,"Missing",0.98585921437602,4.24445034047981
2005,0,0.2,15000,0,0.93,"D",0.0135043085475684,-4.29115017174614
2005,1,0.29,3999,0,0.96,"Missing",0.964060258192434,3.2893101038111
2005,0,0.15,9800,0,0.94,"B",0.0025928240947507,-5.95241142194924
2005,0,0.17,3000,1,0.14,"AA",0.0030917832627731,-5.7759106741424
2005,0,0.23,2600,0,0.5,"Missing",0.722949245663373,0.959138302003832
2005,0,0.2,5500,1,0.47,"D",0.144779574920133,-1.77614683000046
2005,0,0.16,8000,0,0.8,"C",0.0331688739919704,-3.37241193738543
2005,0,0.12,7500,0,0.81,"A",0.00201040418647987,-6.2074070615641
2005,1,0.2,2000,1,0,"Missing",0.889434002245032,2.08497270047188
2005,1,0.15,2000,0,1.59,"Missing",0.726084911745506,0.974848804834147
2005,0,0.29,22000,0,0,"D",0.361475643935562,-0.568965156176201
2005,0,0.14,8000,0,0.74,"B",0.00445634602438795,-5.40895982065124
2005,0,0.11,5000,0,0.12,"A",0.0437445798466815,-3.08465733734886
2005,1,0.29,7000,1,0.91,"D",0.331283309084247,-0.702386561022243
2005,0,0.13,5000,1,0.16,"A",0.00243703170520076,-6.01453448839273
2005,0,0.25,6500,0,0.64,"D",0.117497501636153,-2.01634454912351
2005,0,0.16,7000,0,0.98,"C",0.0298373087654333,-3.48170419791341
2005,0,0.23,6500,0,0.75,"D",0.0394249693484894,-3.19313274001582
2005,0,0.11,3000,0,0.32,"AA",0.000147460022706025,-8.82180598052586
2005,1,0.2,3000,1,0.07,"D",0.0825016381015296,-2.40883264561074
2005,0,0.15,8500,0,0.22,"B",0.00453175163029231,-5.39210468972731
2005,0,0.24,5700,0,0.1,"A",0.00225245568790899,-6.09347924479774
2005,0,0.23,10000,1,0.72,"D",0.0314675017788016,-3.42682671378267
2005,0,0.29,5000,0,0.82,"Missing",0.631097127369281,0.536926385206381
2005,0,0.09,9000,0,0.37,"AA",0.00135773538381564,-6.60057846816974
2005,0,0.23,4000,0,0.51,"D",0.0122569680395281,-4.38932797998247
2005,0,0.14,8000,0,0.53,"B",0.000175282011730216,-8.64893908812985
2005,0,0.22,5400,0,0.63,"D",0.2095738022484,-1.32749633545084
2005,0,0.15,12000,0,0.61,"B",0.0185463491837071,-3.96876182961562
2005,0,0.15,5000,0,0,"C",0.0209464498498016,-3.84461716609501
2005,1,0.29,7000,1,0.64,"Missing",0.917187381991526,2.40473135260558
2005,0,0.2,7500,0,0.36,"C",0.0578349305316483,-2.79058756460674
2005,0,0.25,2000,0,0,"D",0.108947209636097,-2.10154022451457
2005,0,0.17,25000,1,0.02,"A",0.00778747331360932,-4.84742086766605
2005,0,0.11,15000,0,0.21,"A",0.000464313148778426,-7.67448692278941
2005,0,0.1,8000,0,0.21,"A",0.000770089678732613,-7.16823319766155
2005,0,0.2,13000,0,1.01,"B",0.00413097656415343,-5.48510191112986
2005,0,0.13,7500,0,0.92,"B",0.00048505405495487,-7.63076504799035
2005,1,0.29,2000,0,0,"Missing",0.800993822194293,1.39251736592984
2005,0,0.2,15000,0,0.84,"C",0.0163143750959098,-4.09925973223425
2005,0,0.1,4500,0,0.4,"A",0.0086464347521543,-4.74192417833597
2005,0,0.23,7100,0,0.27,"A",0.0398820621775819,-3.18112947548956
2005,0,0.1,2550,0,0.02,"AA",0.000793160604305563,-7.13869135401519
2005,1,0.29,2500,0,0.89,"Missing",0.982015261177494,4.00008329406793
2005,0,0.17,10000,0,0.28,"B",0.0147838999848761,-4.19932225820354
2005,1,0.29,3000,0,0,"Missing",0.976791246779356,3.73974346012968
2005,0,0.14,7750,0,0.59,"C",0.00775445315350529,-4.85170332492018
2005,0,0.29,5224,0,0.67,"Missing",0.479557580939355,-0.0818152832380794
2005,0,0.15,10000,1,0,"B",0.00900621851017891,-4.7007929750066
2005,0,0.19,2500,0,0.82,"C",0.0317964923256306,-3.41608632090433
2005,1,0.29,1000,0,0,"Missing",0.936792093931334,2.69603198345438
2005,1,0.29,3000,1,0.67,"Missing",0.981249008654033,3.95757963600356
2005,1,0.29,2550,0,1,"Missing",0.89123766808592,2.10344607453211
2005,0,0.22,7500,0,0.92,"D",0.334414547071257,-0.688285651420648
2005,1,0.29,2500,0,0.08,"Missing",0.895853620540395,2.15197962534311
2005,0,0.25,10000,1,0.71,"D",0.0896937901980523,-2.31737949909019
2005,0,0.17,6300,0,0.41,"C",0.0167807740381893,-4.07059828394573
2005,0,0.1,7500,0,0.2,"AA",0.000146888512670613,-8.82568977683423
2005,0,0.29,2500,1,0,"Missing",0.541753509227499,0.167403889170995
2005,0,0.17,2000,0,0.73,"C",0.134179207186026,-1.86450167691167
2005,1,0.28,8423,0,0.92,"Missing",0.959975506364583,3.17741616233765
2005,1,0.29,4000,1,0.92,"Missing",0.93215797026533,2.6203203858416
2005,1,0.29,4600,0,0.9,"Missing",0.89358161022575,2.12785926992091
2005,0,0.28,6500,1,0,"Missing",0.570965598256397,0.285791853346073
2005,0,0.17,10700,0,0.12,"C",0.0342574857932706,-3.338992146108
2005,1,0.19,3000,1,0.77,"D",0.13725278149485,-1.83829739190101
2005,1,0.29,3000,1,0.4,"Missing",0.99723185198693,5.88680478330641
2005,0,0.08,3000,0,0.46,"AA",0.00253766320287949,-5.9739707317489
2005,0,0.28,25000,1,0.75,"C",0.123233087662367,-1.96216359491115
2005,0,0.27,8500,0,0.96,"C",0.0796076241237864,-2.44769020592409
2005,0,0.09,2500,0,0.09,"AA",0.000775178618468668,-7.1616416004981
2005,1,0.2,3000,1,0.62,"D",0.121729821225056,-1.9761502581974
2005,1,0.25,7900,0,0.68,"C",0.0388472477591543,-3.20849611612812
2005,0,0.19,20000,1,0.82,"B",0.00197756085136536,-6.22391156812317
2005,0,0.24,4592,0,0.6,"C",0.0334947066558624,-3.3622993593776
2005,0,0.14,11500,1,0.36,"A",0.00847498816902319,-4.76212491661574
2005,1,0.29,3500,0,0.94,"Missing",0.869769315919492,1.8989206515435
2005,1,0.29,7000,1,0.64,"Missing",0.665796513475978,0.68923403997903
2005,0,0.25,7900,0,0.68,"C",0.0211978638368765,-3.83242909980718
2005,0,0.12,25000,0,0.01,"AA",0.00130580897944766,-6.6396258603572
2005,1,0.29,2500,1,1.01,"Missing",0.99846101202677,6.47509006538936
2005,0,0.07,1100,1,0.18,"A",0.0068317417313415,-4.97932044108828
2005,0,0.2,25000,1,0.19,"C",0.211282847886192,-1.31721002038878
2005,1,0.24,5000,0,0.67,"D",0.451423178854863,-0.194922114811009
2005,0,0.2,3000,1,1.03,"Missing",0.891598111250173,2.10716997038184
2005,0,0.17,4000,0,0.75,"B",0.00632607543236754,-5.0567290601508
2005,1,0.29,4000,0,1.21,"Missing",0.990648737607445,4.6628486695987
2005,1,0.07,2000,1,0.81,"Missing",0.753091856711617,1.11517083008563
2005,1,0.29,3500,0,0.83,"Missing",0.922785295444236,2.48080667904361
2005,1,0.22,18200,1,0.8,"C",0.176971300963103,-1.53700349334074
2005,1,0.29,5000,0,0.75,"Missing",0.828262597515137,1.57336367042741
2005,0,0.23,15000,0,0.18,"D",0.0313889030464214,-3.42940876231066
2005,0,0.08,2000,0,0.23,"AA",0.000332336450374846,-8.00903030576583
2005,0,0.18,2750,1,0,"D",0.0556701453500702,-2.83103151429563
2005,0,0.22,25000,0,0.63,"AA",0.0440433908505488,-3.07753722042189
2005,0,0.1,4500,0,0.15,"AA",9.38787129862844e-05,-9.27341301309185
2005,0,0.15,5000,0,0.74,"C",0.00414929213167286,-5.48065960563871
2005,0,0.17,8000,0,0.8,"C",0.0585466150734588,-2.77760155958268
2005,1,0.23,19000,0,0.95,"C",0.204004441825736,-1.36145183838298
2005,1,0.27,7500,0,0.73,"C",0.0234717088911866,-3.72820790290936
2005,0,0.11,3000,0,0.26,"A",0.000950704597392367,-6.95735601001017
2005,0,0.1,3885,0,0.38,"A",0.000395209291873781,-7.83569979313294
2005,0,0.12,6000,0,0.53,"AA",0.00356034077905164,-5.63433232037056
2005,0,0.23,6300,0,0.76,"D",0.124410198859801,-1.95131355638011
2005,0,0.15,3500,0,0.32,"A",0.0066323053018789,-5.00914843077552
2005,0,0.15,8500,0,0.55,"AA",0.00528566479942814,-5.23745719436175
2005,0,0.2,3000,1,0,"D",0.0115405927825807,-4.45027694933506
2005,1,0.29,3900,0,0,"Missing",0.638303557255714,0.568008661175818
2005,0,0.11,1000,0,0.03,"AA",0.000438730010375731,-7.73118751833875
2005,0,0.07,1000,1,0.34,"AA",0.000302224041967037,-8.10403968509326
2005,1,0.25,1500,0,0,"Missing",0.868463689978411,1.8874428417275
2005,1,0.29,4000,1,0.92,"Missing",0.884244158391569,2.03325006262537
2005,0,0.1,1000,0,0.2,"A",0.00318871267535098,-5.74494418622731
2005,0,0.19,4000,0,0.85,"C",0.0553046766336099,-2.83800499300036
2005,0,0.08,3001,0,0.32,"AA",0.00115643311509673,-6.7612578095636
2005,0,0.2,21000,0,0.34,"AA",0.00295461240069143,-5.82142881812129
2005,0,0.19,6001,1,0.24,"D",0.346033235093731,-0.636521706350865
2005,0,0.12,2500,0,0,"C",0.000204624182465029,-8.49413087244402
2005,0,0.12,25000,1,0,"AA",0.00204961312772864,-6.18805250536327
2005,0,0.17,5000,0,0.89,"D",0.00429650339036722,-5.44564799222724
2005,1,0.29,5000,0,0.51,"Missing",0.763149879106631,1.17002690615619
2005,0,0.22,10000,0,0.93,"D",0.0295237745538786,-3.49259104923747
2005,1,0.17,1075,1,0.9,"Missing",0.555698215734675,0.223721343602008
2005,1,0.29,10000,0,0.47,"Missing",0.991074954103768,4.70992869619946
2005,0,0.16,3500,0,0.83,"C",0.0593382942010631,-2.76332870169303
2005,1,0.29,4531,0,0,"Missing",0.980407092298754,3.91280023693962
2005,0,0.29,5500,0,0.72,"D",0.203210890085956,-1.36634573168947
2005,0,0.24,1000,0,0.92,"Missing",0.518274365002126,0.0731300342181123
2005,0,0.2,9000,0,1.01,"D",0.268786565734259,-1.00078776414006
2005,0,0.15,4000,0,0,"C",0.00160823762666311,-6.43100680913885
2005,1,0.29,5000,0,0,"Missing",0.894196496846073,2.13434191618018
2005,0,0.17,2000,0,0.73,"C",0.0170613194404,-4.05373285805759
2005,1,0.24,1000,0,0.97,"Missing",0.896409790479086,2.15795484119938
2005,0,0.09,3500,0,0.1,"AA",9.59434952232601e-05,-9.25165518311065
2005,0,0.12,9000,0,0.05,"AA",0.00434200786494735,-5.43506693440562
2005,0,0.18,2500,0,0.82,"D",0.00795537354851056,-4.82592047422709
2005,0,0.17,15000,1,0,"A",0.0191486723066809,-3.93618751431021
2005,1,0.29,3600,0,0.92,"Missing",0.661875269588299,0.671662271368807
2005,1,0.29,5000,0,0,"Missing",0.971043333068491,3.51257062580467
2005,1,0.24,2800,0,0,"Missing",0.806723114662642,1.42885670504173
2005,0,0.17,9500,0,0.95,"AA",0.000876027198281066,-7.03923700810946
2005,0,0.15,2000,0,0.62,"C",0.0886199699388817,-2.33060274075402
2005,0,0.1,2750,0,0.37,"AA",0.00106560424547448,-6.84314710166431
2005,0,0.25,9000,0,0.79,"D",0.206824957573949,-1.34417111178962
2005,0,0.23,6001,1,0.52,"D",0.104155201656184,-2.15188507148693
2005,0,0.25,7500,0,0.54,"D",0.05482179557821,-2.84728564141329
2005,0,0.27,8500,0,0.96,"C",0.00619898361237331,-5.07715165677193
2005,0,0.14,25000,0,0.58,"AA",0.00189821284269423,-6.26494242783655
2005,1,0.29,1500,1,0.94,"Missing",0.966866545106696,3.37351698293267
2005,0,0.14,9999,0,0,"A",0.00538189978515801,-5.21931741284234
2005,0,0.11,1500,0,0.07,"B",0.00156007788704334,-6.46145823529946
2005,0,0.25,7000,0,0.96,"D",0.0797681509797663,-2.44550133383784
2005,0,0.09,1500,0,0.03,"AA",6.74907530847941e-05,-9.60345246777566
2005,0,0.23,5000,0,0.37,"D",0.184707117380984,-1.48477599258008
2005,0,0.07,1000,1,0.99,"D",0.0264894512538648,-3.60416207279994
2005,0,0.11,2000,0,0.75,"B",0.0005201260326074,-7.56091914401184
2005,0,0.13,25000,0,0.27,"AA",0.000684245020737174,-7.28651000781107
2005,0,0.29,25000,0,0.82,"B",0.00772045915916278,-4.85613102394701
2005,1,0.29,4090,1,0.58,"Missing",0.892015426494331,2.11149504769517
2005,0,0.2,3100,1,0.92,"C",0.148807012651983,-1.74398863067951
2005,0,0.16,8000,0,0.66,"B",0.00970008698472548,-4.62587298672391
2005,0,0.23,3550,0,0.66,"D",0.00208641736144002,-6.17021826806185
2005,0,0.13,18000,0,0.53,"AA",0.000118213581077675,-9.04289933988951
2005,0,0.15,4000,0,0.28,"B",0.000489636276862333,-7.62135797842465
2005,0,0.29,23500,0,0.86,"C",0.0774446277568608,-2.47758419778532
2005,0,0.23,8000,1,0,"C",0.0197328465312028,-3.9055405562042
2005,1,0.29,3500,0,0.88,"Missing",0.848787784990224,1.72512494869587
2005,1,0.29,2550,0,0,"Missing",0.780903738001251,1.27094070169596
2005,1,0.17,1500,0,0,"Missing",0.785028403120016,1.2952139875806
2005,1,0.28,8423,0,0.92,"Missing",0.888118744889648,2.07166736914186
2005,0,0.17,25000,0,0.11,"A",0.162008891400151,-1.64335627125072
2005,1,0.29,5000,0,0.6,"Missing",0.912584417030562,2.34560703137832
2005,1,0.29,1000,1,1,"Missing",0.883641279033395,2.0273733458029
2005,0,0.17,11000,0,0,"C",0.0634203129470658,-2.69245040493528
2005,0,0.1,2000,0,0.29,"A",0.000144445734359408,-8.84246220554257
2005,0,0.07,1000,0,0.09,"AA",0.00543053990841691,-5.21027138043928
2005,0,0.15,15000,0,0.65,"B",0.000899519829477584,-7.01274953517637
2005,0,0.15,25000,0,0.44,"AA",0.000298872212769337,-8.1151955410857
2005,0,0.14,4500,0,0,"AA",0.000872266104483748,-7.04354336816657
2005,0,0.2,9000,1,1.01,"D",0.233226695251663,-1.19018027516693
2005,0,0.17,5000,0,0.97,"D",0.0492271670584149,-2.96082951514633
2005,0,0.21,6000,0,0.76,"D",0.0506416052136287,-2.9310129066529
2005,1,0.29,12000,1,0.97,"D",0.708446012583256,0.887848662438784
2005,0,0.28,25000,1,0.75,"C",0.034237840073263,-3.33958612533025
2005,1,0.29,5000,0,0.51,"Missing",0.94036750739459,2.75807016071149
2005,1,0.29,3950,0,0.78,"Missing",0.844246820177962,1.69017231916056
2005,0,0.19,7000,0,1,"C",0.00488121005587251,-5.31746896551462
2005,0,0.18,3100,0,0.86,"D",0.0860505432524272,-2.36284043510601
2005,0,0.11,5000,0,0.05,"A",0.00207685207893462,-6.17482294351339
2005,0,0.09,2550,0,0.17,"A",0.00712837070644347,-4.93651868415947
2005,1,0.28,4500,0,0.47,"Missing",0.915962086996595,2.38870693177954
2005,0,0.29,2500,0,0.83,"D",0.65063064637788,0.621812435311216
2005,0,0.26,10000,0,0.97,"D",0.0669601095388032,-2.63435089291885
2005,0,0.15,3800,0,0.2,"B",2.14367772899392e-05,-10.750381109022
2005,0,0.12,25000,0,0.06,"AA",0.00185062091102644,-6.29038173319488
2005,1,0.29,2550,1,1.32,"Missing",0.982884386037797,4.05050035574653
2005,0,0.2,8500,0,0.64,"C",0.030685349485137,-3.45280395069354
2005,0,0.09,3500,0,0.1,"AA",3.99362137879194e-05,-10.1281870949572
2005,1,0.29,12000,0,0.63,"D",0.568494284230453,0.275710502300834
2005,1,0.27,2550,0,0.98,"Missing",0.889319047083801,2.08380428970675
2005,1,0.29,11700,0,0.56,"Missing",0.967051482373019,3.37930546192754
2005,1,0.07,2000,1,0.81,"Missing",0.845495753163128,1.69970156187836
2005,0,0.17,3000,0,0.53,"C",0.000855945200279796,-7.06244789050598
2005,0,0.11,3000,0,0.27,"B",0.00139995128988623,-6.56991690376739
2005,0,0.15,5000,0,0.83,"C",0.0484038528633386,-2.97856131442532
2005,0,0.14,25000,0,0.58,"AA",0.000844808061812905,-7.0755559370789
2005,0,0.24,5000,1,0.47,"C",0.196999051663003,-1.40515698010557
2005,0,0.18,1230,0,0,"C",0.0311008709353818,-3.43892468535348
2005,0,0.25,15000,0,0.79,"D",0.269462629148005,-0.997350674411005
2005,0,0.11,20000,0,0.01,"AA",0.000294667184620188,-8.12936931562794
2005,1,0.29,3000,0,0.29,"Missing",0.832402622505927,1.60275170453474
2005,0,0.17,3000,1,0.59,"C",0.00701857832059433,-4.95215127549032
2005,0,0.11,5000,1,0.45,"B",0.000879143941224623,-7.03568238741128
2005,0,0.15,2000,0,0,"B",0.00390524693434515,-5.54152136993967
2005,0,0.19,10000,1,0.81,"C",0.051426440495677,-2.91480689314793
2005,0,0.15,8500,0,0.55,"AA",0.0071346119460083,-4.93563723191906
2005,0,0.28,3500,0,0.93,"D",0.0446706482193198,-3.0627395054523
2005,0,0.29,1500,0,0.51,"Missing",0.484123792790088,-0.0635261839505339
2005,0,0.11,2700,1,0.12,"AA",0.00300065299569384,-5.8059201847873
2005,1,0.29,2500,0,1.09,"Missing",0.966545227340402,3.36353363572262
2005,1,0.26,7225,0,1.01,"Missing",0.987315268159638,4.35459035613012
2005,0,0.13,2550,0,0.27,"A",0.000526317684559186,-7.54907910826023
2005,0,0.17,25000,0,0.89,"B",0.0427588583506933,-3.10847894955835
2005,1,0.28,6500,1,0,"Missing",0.793758266579078,1.34773002071234
2005,0,0.15,7500,0,0.65,"B",0.0030617275614197,-5.78570953552954
2005,1,0.26,6000,1,1.06,"Missing",0.797686375062651,1.37189641442804
2005,0,0.29,4000,1,0.94,"D",0.839823059795907,1.65691214607019
2005,0,0.26,1000,0,0,"Missing",0.670182414687917,0.709010206212707
2005,1,0.29,20000,1,0.87,"D",0.620347530834369,0.491023575169958
2005,1,0.24,14900,0,0.93,"D",0.170871414931392,-1.5794639375807
2005,0,0.24,4000,0,0.92,"D",0.0689638687321536,-2.6027153597333
2005,1,0.29,2600,0,0.98,"Missing",0.972577903608854,3.56860105279195
2005,0,0.18,3100,0,0.86,"D",0.0797990053990255,-2.4450810778671
2005,0,0.15,13000,0,0.26,"AA",0.00470738252319607,-5.35390475584429
2005,0,0.29,4500,1,1.52,"Missing",0.95701470011411,3.10296055782958
2005,0,0.15,11000,0,0.65,"B",0.000228006083208182,-8.38591021654757
2005,0,0.29,5000,0,1,"D",0.108330059735156,-2.10791336660459
2005,0,0.25,15000,1,0,"D",0.658703515136956,0.657521975507698
2005,0,0.1,6500,0,0.34,"A",0.00931298140834346,-4.66698938339917
2005,0,0.15,5000,0,5.95,"B",0.00136228729739232,-6.59722693956494
2005,1,0.29,3000,0,0.79,"Missing",0.897593609768628,2.1707683002398
2005,0,0.2,5000,0,0,"D",0.0949954199275468,-2.2541113253913
2005,0,0.15,25000,0,0.9,"B",0.00145859265263305,-6.5288235872658
2005,0,0.07,1000,1,0.34,"AA",7.08421521095189e-05,-9.55498552098623
2005,0,0.1,8300,0,0.05,"AA",0.000445826716469842,-7.71513428340858
2005,1,0.23,4000,1,1,"Missing",0.877891082523097,1.97260912148538
2005,0,0.11,10000,1,0.23,"AA",0.007903797445161,-4.83247674772488
2005,0,0.16,23000,1,0.13,"A",0.00282464733044841,-5.86654311678112
2005,0,0.18,9999,0,0.92,"D",0.0879395117679431,-2.33905710083046
2005,1,0.27,1800,1,0.1,"Missing",0.510550675333934,0.0422089668331194
2005,0,0.15,5000,0,0.46,"C",0.128021017119573,-1.91857087472962
2005,0,0.29,15000,0,0.49,"C",0.196648418236254,-1.40737499814976
2005,0,0.11,6001,0,0.28,"A",0.000336522287071977,-7.99650960013751
2005,0,0.07,1500,1,0.07,"AA",0.000559392295141688,-7.48810000191069
2005,1,0.27,3750,0,0.88,"Missing",0.852710545714417,1.7560204256487
2005,0,0.23,8500,0,0.86,"D",0.166088970093596,-1.6136031087007
2005,0,0.11,8000,0,0.06,"A",0.00817458319315077,-4.79851737073829
2005,1,0.2,2000,0,0.77,"Missing",0.391429319743672,-0.441308098502712
2005,0,0.15,12000,1,0.53,"B",0.00381002526166053,-5.56630215761185
2005,0,0.23,4500,1,0,"D",0.395432444301585,-0.424533456731856
2005,0,0.07,1850,1,0.31,"AA",2.87293859500013e-05,-10.4575613285319
2005,0,0.14,7000,0,0.32,"A",0.00477939759608298,-5.33864991090569
2005,0,0.19,9000,1,0.98,"C",0.305157481978376,-0.822857249406101
2005,0,0.11,4000,0,0,"B",0.0013061439671705,-6.63936902128719
2005,0,0.29,3000,0,0.91,"Missing",0.944417359900797,2.83269726290738
2005,0,0.1,2300,0,0.62,"A",0.000767392643773487,-7.17174427886607
2005,0,0.09,2000,0,0.13,"AA",0.000717747485726935,-7.23867473677224
2005,0,0.1,3500,1,0.21,"AA",0.0156627421235621,-4.14068380116453
2005,0,0.15,5000,0,0.27,"B",0.000296251169687744,-8.12400662214893
2005,0,0.14,8000,0,0.76,"AA",0.00184889852762379,-6.29131459783062
2005,0,0.2,2000,0,0,"Missing",0.228028047908145,-1.2194795793481
2005,0,0.11,6000,0,0.4,"AA",0.000939281315328901,-6.96945581056817
2005,0,0.17,1000,1,0.59,"D",0.454317320153191,-0.183241737393897
2005,0,0.15,14000,0,0.69,"B",0.00454710611834196,-5.38870679065976
2005,1,0.29,2500,1,0.89,"Missing",0.775078765586789,1.23721438556302
2005,0,0.2,17850,0,0.43,"C",0.201639658723835,-1.37607781430254
2005,0,0.21,25000,0,0.07,"B",0.0193829952286908,-3.92378582317255
2005,0,0.15,5000,0,0.35,"B",0.00244023140489859,-6.0132191924786
2005,0,0.15,13000,0,0.26,"AA",0.000339083418367764,-7.98892526805309
2005,0,0.09,1500,0,0.29,"A",0.000598948293133278,-7.41973615782164
2005,0,0.24,5000,0,0.7,"B",0.000789386894802138,-7.1434642977154
2005,1,0.17,1800,0,0.96,"Missing",0.515196292657555,0.0608038969512208
2005,0,0.12,3001,0,0.05,"AA",0.00224790347183108,-6.09550685365004
2005,0,0.2,25000,1,0.87,"C",0.205146709113314,-1.35443218046827
2005,0,0.17,5000,0,0.17,"C",0.0373101378839256,-3.25046622319481
2005,0,0.11,6001,0,0.28,"A",0.00355260989967488,-5.63651382719841
2005,1,0.25,15000,1,0.82,"D",0.824496675742575,1.54711512578076
2005,0,0.17,10000,0,0.84,"C",0.158401585033862,-1.67016947276678
2005,1,0.24,4100,1,0.91,"Missing",0.980434472891425,3.91422661639999
2005,0,0.18,15000,0,0.29,"C",0.0576081657959787,-2.79475682302081
2005,0,0.18,12000,1,0.68,"C",0.22912823557454,-1.2132402085292
2005,0,0.13,9900,0,0.86,"B",0.000934863291865408,-6.97417495072515
2005,0,0.11,1500,0,0,"AA",0.00205463080105367,-6.18560236157859
2005,1,0.26,3000,1,0,"Missing",0.97636454572625,3.72108814219763
2005,0,0.2,9500,1,0.65,"AA",0.0021612187290447,-6.13491943245973
2005,1,0.29,4000,1,0.92,"Missing",0.969611575923394,3.46283380516801
2005,1,0.29,3500,0,0.88,"Missing",0.964061675611041,3.28935101360029
2005,0,0.24,2000,0,0,"Missing",0.236283286192979,-1.17316547657156
2005,0,0.12,4700,0,0.09,"B",0.000538797500058725,-7.52563181056686
2005,0,0.29,20000,0,0.89,"C",0.0157028366830877,-4.13808647021667
2005,1,0.25,4500,1,0.2,"D",0.830260205829906,1.58747251073731
2005,0,0.13,2500,1,0.9,"C",0.0488029325770841,-2.96993085749668
2005,1,0.15,5000,1,0.92,"C",0.678835435278099,0.748425080374823
2005,1,0.28,3500,0,1.01,"Missing",0.915439631458796,2.38193872153352
2005,0,0.17,5000,0,0.34,"D",0.0451183452628225,-3.0522984786829
2005,0,0.29,3000,1,0.61,"Missing",0.749507760108247,1.09598872963348
2005,1,0.29,5200,0,0,"Missing",0.967973279643402,3.40863391770585
2005,1,0.29,2550,0,0.98,"Missing",0.878724626365682,1.980407793006
2005,0,0.14,5000,0,0.84,"C",0.00787557539177687,-4.83608227978692
2005,1,0.27,25000,1,0,"C",0.207179896210132,-1.34200886098811
2005,0,0.21,4500,0,0,"D",0.0446900055206763,-3.06228600288003
2005,0,0.24,3500,0,0.83,"Missing",0.213520482077362,-1.30383391724701
2005,1,0.28,8423,0,0.92,"Missing",0.930594778977712,2.59586183346019
2005,0,0.21,20000,0,0.01,"B",0.0267299544259738,-3.59487675763699
2005,0,0.18,12000,0,0.54,"B",0.0151960312683815,-4.17140831185444
2005,0,0.25,14000,0,0.84,"B",0.00731676590329016,-4.9102432004055
2005,0,0.13,15000,0,0,"B",0.00164887098643095,-6.40601424405352
2005,0,0.25,4000,0,0.46,"C",0.0357822792554475,-3.29386434251207
2005,0,0.18,5000,0,0,"B",0.00294961050154119,-5.82312818154782
2005,0,0.28,8000,0,0.92,"D",0.391265976593268,-0.441993853371498
2005,0,0.18,2000,0,0,"D",0.0568481437525808,-2.80884373693192
2005,1,0.29,2550,0,0.95,"Missing",0.990158981536815,4.61130630958238
2005,0,0.11,1527,0,0.03,"AA",0.000421406438278223,-7.7714912831498
2005,1,0.28,1500,1,1,"Missing",0.961608821128611,3.22078002081173
2005,0,0.13,2000,1,0.54,"A",0.0139826796336493,-4.255854526078
2005,0,0.14,4575,0,0.6,"C",0.000616909298755827,-7.39017144883662
2005,0,0.13,9000,0,0.26,"AA",0.000689045840357635,-7.2795134740985
2005,0,0.12,6000,0,0.33,"AA",0.000635390079234889,-7.36063585764261
2005,1,0.15,1000,1,1.75,"Missing",0.933983771519229,2.64955846495713
2005,0,0.16,2000,1,0,"C",0.0122016069906033,-4.3939109576611
2005,1,0.29,2550,0,0.43,"Missing",0.869845434141502,1.89959282162355
2005,0,0.25,25000,0,0.47,"AA",0.0017518535553163,-6.34532748726451
2005,0,0.21,15000,0,0.24,"C",0.0353341826519521,-3.30693089562143
2005,0,0.13,5000,0,0.69,"A",0.014422171810421,-4.2244613652747
2005,1,0.29,3000,0,0.29,"Missing",0.683231508884565,0.768662565841687
2005,0,0.14,8000,0,0.74,"B",0.00099439262469438,-6.91238354727416
2005,0,0.19,8500,0,0.79,"C",0.243697666082504,-1.13251282525044
2005,0,0.21,4500,0,0,"D",0.0547964578367876,-2.84777473898344
2005,0,0.11,6100,0,0.76,"B",0.000127199041324866,-8.96963023670905
2005,0,0.18,2500,0,0,"C",0.040224627101661,-3.17221984799601
2005,0,0.1,5200,0,0,"A",0.000757165746988816,-7.18517092352258
2005,0,0.2,15000,0,0.93,"D",0.0261599453410785,-3.61701763805005
2005,0,0.18,12000,0,0.93,"B",0.0134085828977081,-4.29836097262201
2005,1,0.26,6000,1,0,"Missing",0.970950324842108,3.50926800715766
2005,1,0.28,11000,0,0.9,"Missing",0.982888486172688,4.05074411120205
2005,1,0.29,5000,1,1.02,"Missing",0.952112577509734,2.98983039004087
2005,0,0.14,25000,0,0.58,"AA",0.00170961509959392,-6.3697759436012
2005,0,0.26,10848,0,0.68,"B",0.0557139142246772,-2.83019925491445
2005,0,0.19,6001,1,0.24,"D",0.0751322880510447,-2.510400312699
2005,1,0.29,3000,1,0,"Missing",0.98200799912451,3.9996721907523
2005,1,0.17,1000,1,0.14,"D",0.0660665978499638,-2.64874184017665
2005,0,0.22,10000,0,0.8,"D",0.227395039298784,-1.22307910479063
2005,0,0.21,2500,1,0.38,"A",0.0220233202858157,-3.79338391994463
2005,0,0.13,8000,0,0.57,"A",0.00117023778787418,-6.74937739027234
2005,0,0.17,5000,0,0.17,"C",0.0645222871984434,-2.6740466195169
2005,1,0.2,5000,0,0.7,"D",0.311068914898711,-0.795126765441799
2005,1,0.29,3500,1,1,"Missing",0.97597786110458,3.70446404373674
2005,0,0.12,4000,0,0.28,"AA",0.00216339936863721,-6.13390876970869
2005,1,0.29,2500,0,0.85,"Missing",0.771853345465814,1.21880592114833
2005,1,0.3,3000,0,1.03,"D",0.357161599154394,-0.587705033981556
2005,0,0.15,7000,0,0.33,"A",0.000696004670671563,-7.269457939923
2005,0,0.23,5000,0,0,"D",0.111125292264804,-2.0792979655155
2005,1,0.29,3500,1,1,"Missing",0.835283660404364,1.62354653972683
2005,1,0.24,2600,0,0.96,"Missing",0.868880532444493,1.89109676508032
2005,0,0.15,4000,0,0,"C",0.00828349494862315,-4.78517231065906
2005,1,0.26,5000,0,0,"Missing",0.500028987412917,0.000115949651799063
2005,1,0.29,5000,0,1.01,"Missing",0.951740612126481,2.98170215522594
2005,0,0.29,2500,1,0,"Missing",0.761190009443363,1.15921479344473
2005,0,0.29,5000,0,0.89,"Missing",0.553471458754017,0.214706865348703
2005,1,0.29,3001,0,0.83,"Missing",0.935875643091343,2.68065833298003
2005,0,0.2,16950,0,0.55,"C",0.00173172548324871,-6.35690375172028
2005,0,0.09,3000,0,0.71,"AA",0.000717868336407237,-7.23850625508151
2005,1,0.24,2600,0,0.96,"Missing",0.964269551911068,3.29536766076093
2005,0,0.17,4000,1,0,"C",0.117867047737401,-2.01278550901715
2005,1,0.29,3000,1,0.4,"Missing",0.9832180123725,4.07052473203567
2005,0,0.15,3500,0,0.32,"A",0.000182293491509367,-8.60971026889595
2005,0,0.2,1000,0,0.33,"D",0.240108191309217,-1.15208644727561
2005,0,0.17,15000,1,0.98,"B",0.00467301559537921,-5.36126670966427
2005,0,0.29,7000,0,0,"C",0.0989305573867799,-2.20916416398855
2005,0,0.17,9200,0,0.06,"A",0.0207344249857348,-3.85500751572734
2005,0,0.15,12000,0,0.43,"A",0.000598495288531074,-7.42049323066743
2005,0,0.17,1500,0,0.92,"D",0.037370078347762,-3.24879870055041
2005,0,0.13,12500,0,0,"AA",0.00382197431172359,-5.56315885762853
2005,1,0.29,2500,1,0.87,"Missing",0.932849395623752,2.63130584501668
2005,0,0.22,10000,0,0.65,"C",0.213561866827298,-1.30358749340802
2005,0,0.15,6500,0,1.05,"C",0.0150854616303895,-4.17882340024036
2005,0,0.15,1500,0,0.77,"C",0.0103916753364664,-4.55630419599204
2005,1,0.29,5000,1,1.05,"Missing",0.98596257915968,4.25189172082102
2005,1,0.29,5000,1,0,"Missing",0.963982366041157,3.28706435123725
2005,0,0.07,1000,0,0.09,"AA",0.000351167449468776,-7.95389615512046
2005,1,0.29,5000,0,0,"Missing",0.92852826529124,2.56429876943321
2005,0,0.11,3500,1,0.18,"A",0.000360529467715013,-7.92757626887138
2005,0,0.2,21000,0,0.34,"AA",0.000856596960738108,-7.06168607679238
2005,0,0.08,3001,0,0.14,"AA",0.000468758699702005,-7.66495355288619
2005,0,0.28,25000,0,0.73,"C",0.131990744482816,-1.88347057506814
2005,0,0.2,5500,0,0.8,"D",0.233266007070655,-1.18996046264429
2005,0,0.17,10000,0,0.05,"B",0.000249068794617585,-8.29753231623669
2005,0,0.29,20000,0,0.04,"C",0.551665865126428,0.207403755010641
2005,0,0.15,3000,1,0,"C",0.145278956704112,-1.77211941699926
2005,0,0.25,7900,0,0.68,"C",0.0455434152623755,-3.04247610470388
2005,0,0.15,1000,1,0.73,"C",0.000838864200580298,-7.08262250701827
2005,0,0.15,2500,1,0.28,"B",0.00716154410918702,-4.931842352492
2005,0,0.24,9950,0,0,"D",0.0254493116348977,-3.64528783744985
2005,1,0.27,3500,1,1.09,"Missing",0.943285644996379,2.8113417943265
2005,0,0.07,1000,0,0.02,"AA",0.000239503685229993,-8.33670222167927
2005,0,0.07,2500,1,0,"AA",0.003144933827998,-5.75881253990794
2005,0,0.09,3500,0,0.14,"AA",0.000768618393643898,-7.17014703482689
2005,0,0.07,1000,1,1.06,"Missing",0.171837021588757,-1.5726634901434
2005,1,0.25,10700,0,0,"Missing",0.809557039443202,1.44713450311402
2005,1,0.29,6000,0,1.12,"Missing",0.936931090332279,2.69838180379252
2005,1,0.29,3000,0,0.91,"Missing",0.99786827153321,6.14868813774812
2005,1,0.2,1300,0,0,"Missing",0.924394836127688,2.50361470615438
2005,0,0.15,1500,0,0.8,"C",0.0675801264139677,-2.62446926950986
2005,1,0.24,2600,0,0.96,"Missing",0.899590394000413,2.19268166198189
2005,0,0.17,17000,1,0.59,"B",0.0053173125914411,-5.23145575543328
2005,0,0.17,1000,0,0.72,"C",0.0832032638012039,-2.39959921052395
2005,1,0.24,3200,1,0.73,"Missing",0.929052766716279,2.57222912913079
2005,0,0.23,3550,0,0.66,"D",0.105603409399536,-2.13645863372169
2005,0,0.17,5600,0,0.84,"C",0.0252226316873757,-3.65446743041743
2005,1,0.26,3000,1,0,"Missing",0.994660025585708,5.22718013431373
2005,0,0.09,5000,0,0.01,"AA",0.00174624277347981,-6.34854101647688
2005,0,0.23,19000,0,0.95,"C",0.145785509880667,-1.76804589054248
2005,0,0.21,4000,0,0,"D",0.299570621210353,-0.849343358473191
2005,0,0.15,25000,0,0.04,"A",0.00487075712096849,-5.31962322973522
2005,1,0.29,9740,0,0.56,"D",0.193889531583713,-1.42493221865032
2005,0,0.11,5000,0,0.12,"A",0.000485811432877375,-7.62920407807177
2005,0,0.22,5000,0,0.55,"C",0.0103260939073258,-4.56270142040757
2005,0,0.14,7500,0,0.67,"B",0.00197686973672487,-6.22426180000698
2005,0,0.26,5050,1,0,"D",0.504479046479491,0.0179166651836636
2005,1,0.23,7000,0,0.52,"D",0.496940668035298,-0.0122374805761281
2005,0,0.2,7500,0,0.36,"C",0.0344871083544682,-3.33207387075933
2005,1,0.28,5000,0,0.56,"Missing",0.819402796631028,1.51230662248858
2005,0,0.17,1675,0,0.95,"Missing",0.837587262628744,1.640384595714
2005,1,0.29,4000,0,1,"Missing",0.981235208074802,3.95682985033607
2005,1,0.29,4090,1,0.58,"Missing",0.797190683286067,1.36882769040833
2005,1,0.17,1000,1,0.71,"Missing",0.870160776351672,1.90238105108597
2005,0,0.15,4000,0,0.46,"B",0.000245871054294967,-8.3104574277039
2005,0,0.09,3500,0,0,"AA",0.00195791937249964,-6.23391307561815
2005,0,0.29,7000,0,0,"C",0.0573613449669214,-2.79931237875952
2005,0,0.2,3000,1,0.47,"D",0.0211793852957477,-3.83332007566003
2005,0,0.18,3000,0,0.79,"B",0.0010219048861629,-6.88506443052142
2005,0,0.15,20000,0,0.75,"B",0.00059642703636747,-7.42395703852336
2005,0,0.2,3500,0,0.51,"D",0.158652294300776,-1.66829003836832
2005,0,0.22,12500,0,0.96,"C",0.0219382956056232,-3.79733899298091
2005,0,0.15,4000,0,0,"C",0.0380838555921433,-3.22913682429973
2005,0,0.12,3500,0,0.31,"A",0.000225407214275502,-8.39737651770235
2005,0,0.08,2000,0,0.05,"AA",4.0056672765663e-05,-10.1251752299749
2005,0,0.18,7500,0,0.58,"C",0.261138127108049,-1.04006150267188
2005,0,0.17,7500,0,0.62,"D",0.128333585045813,-1.91577379204569
2005,0,0.16,9000,0,0.69,"C",0.00798512713502018,-4.82215739670893
2005,1,0.2,4200,1,0.97,"Missing",0.787742393160284,1.31137046057165
2005,0,0.1,4500,0,0.04,"AA",0.00600895748614506,-5.10847692476367
2005,1,0.29,5000,0,0.6,"Missing",0.989330874689308,4.52967474501536
2005,0,0.29,9740,0,0.56,"D",0.0647757532335944,-2.66985498180433
2005,0,0.19,2100,0,0.86,"D",0.114964330720005,-2.04100603586773
2005,0,0.2,3000,0,0.98,"D",0.315724151425131,-0.773492229888079
2005,0,0.18,3500,0,0.01,"C",0.0229041555984229,-3.75326638667226
2005,0,0.09,3001,0,0.21,"AA",0.000481551403474422,-7.6380159080814
2005,0,0.07,5000,0,0.33,"AA",0.000907212056722658,-7.00422671121826
2005,0,0.15,1000,1,0.73,"C",0.224152594283666,-1.24162881432088
2005,0,0.09,7000,0,0.17,"AA",0.00407824762646679,-5.49800129978835
2005,1,0.29,1500,1,0.94,"Missing",0.9400766737917,2.75289559131337
2005,0,0.17,1100,0,0.29,"D",0.066795329709776,-2.63699138115792
2005,1,0.29,2000,1,0.83,"Missing",0.968882698943308,3.43837958226196
2005,0,0.14,4575,0,0.6,"C",0.0119895248016274,-4.41165996475694
2005,0,0.2,8000,0,0.84,"D",0.370984899680098,-0.527993903171965
2005,0,0.15,15000,0,0.63,"B",0.00341053966688009,-5.67746837131162
2005,1,0.29,5000,0,0,"Missing",0.91012687103528,2.31518501088364
2005,0,0.2,5000,0,0,"B",0.000833712713817382,-7.08878762234752
2005,0,0.16,25000,0,0.85,"A",0.0111440674349168,-4.48564136351903
2005,0,0.16,3500,0,0,"C",0.0209017921890754,-3.84679704594511
2005,0,0.1,7000,0,0.07,"AA",0.000156865951037716,-8.75996205411425
2005,0,0.17,9500,0,0.95,"AA",0.00133955957182553,-6.61407393920403
2005,0,0.17,3500,0,0,"B",0.0174303262186938,-4.03195968073048
2005,0,0.18,7500,1,0.96,"D",0.469633429971391,-0.121615954871261
2005,1,0.2,6500,1,1.06,"Missing",0.678940864615867,0.74890870334586
2005,0,0.2,8000,0,0.91,"D",0.0240586438195002,-3.70290815637367
2005,0,0.17,11300,0,0.27,"C",0.0401376942189612,-3.17447394445208
2005,1,0.29,2550,0,0.9,"Missing",0.933912894416232,2.64840951963097
2005,0,0.2,12000,0,0.95,"C",0.0614503004538939,-2.72610708558243
2005,0,0.12,9000,0,0.12,"A",0.00532482962880028,-5.23003550542765
2005,0,0.19,16000,0,0,"A",8.05877126980896e-05,-9.42608377702751
2005,0,0.19,6600,0,0.27,"C",0.0229380921684211,-3.75175107317875
2005,0,0.13,24250,0,0,"AA",0.00110180666268211,-6.80970161175757
2005,1,0.22,8000,1,0.93,"D",0.415326206664905,-0.34198982185506
2005,1,0.25,2000,0,0,"D",0.31170187510806,-0.792174862639453
2005,1,0.23,8200,0,0.44,"C",0.380542693001113,-0.487245410062636
2005,0,0.2,7000,0,0.59,"C",0.0174092686771228,-4.03318993989334
2005,0,0.2,5000,0,0.7,"D",0.322086471821401,-0.744199684725371
2005,0,0.11,5000,1,0,"A",0.00347479944079606,-5.65873766593168
2005,0,0.2,19000,0,0.95,"C",0.0523583513053427,-2.89586497021498
2005,0,0.16,25000,0,0,"A",0.00974232524763708,-4.62148536583716
2005,1,0.29,5500,1,0.72,"C",0.262145907907294,-1.03484484870325
2005,0,0.1,1500,1,0.79,"A",0.0026019880104357,-5.948874127664
2005,0,0.15,15000,0,0.63,"B",0.000269575756514429,-8.21839149477883
2005,0,0.12,1000,1,0.45,"D",0.0312788751282217,-3.43303381998286
2005,0,0.24,9950,0,0,"D",0.0273008795748663,-3.57315588508232
2005,0,0.15,11000,0,0.42,"A",0.00283005338211241,-5.8646256390129
2005,0,0.2,6000,0,0.25,"A",0.0039922479911157,-5.51940056215306
2005,1,0.29,2600,0,0.98,"Missing",0.968395344582607,3.4223359846463
2005,0,0.15,15000,0,0.62,"B",0.000250317885120994,-8.29252855812115
2005,0,0.15,5000,0,0.92,"B",0.000182409061489419,-8.60907637663966
2005,0,0.23,8000,0,0.87,"D",0.00495138215416106,-5.30312483745356
2005,0,0.29,3500,0,0,"Missing",0.944773491548378,2.83950214369543
2005,0,0.14,25000,0,0.58,"AA",0.000584938350517584,-7.4434189905226
2005,0,0.15,25000,0,0.09,"C",0.0088520186354878,-4.71821832105855
2005,1,0.29,3001,1,0,"Missing",0.988442909175251,4.44883171312134
2005,0,0.18,12000,1,0.68,"C",0.148729499415464,-1.74460072422031
2005,1,0.23,4000,1,1.35,"Missing",0.719106663728323,0.940034685776323
2005,1,0.29,13200,0,0.98,"D",0.633741303008846,0.54830092564799
2005,0,0.29,12000,1,0.97,"D",0.0311439069877059,-3.43749746625872
2005,1,0.23,3100,0,0.78,"Missing",0.876715599973286,1.96168877070468
2005,0,0.2,13000,0,1.01,"B",0.00839643929455862,-4.77151566854723
2005,0,0.15,7500,1,0,"A",0.00287671243730658,-5.8482262935556
2005,0,0.18,12000,0,0.93,"B",0.000452763899917297,-7.69968689415623
2005,0,0.17,1500,0,0.92,"D",0.095271672582069,-2.25090218614029
2005,1,0.27,3500,1,1.09,"Missing",0.933474329779518,2.64132557217753
2005,0,0.13,17500,0,0.08,"AA",4.98436348234219e-05,-9.90656991142333
2005,0,0.12,15000,0,0.09,"AA",0.00110554927634412,-6.80630682400598
2005,1,0.29,4500,1,1.32,"Missing",0.986370390513057,4.2817873393682
2005,0,0.17,1775,0,0.9,"D",0.0466198439593059,-3.01798744214193
2005,0,0.29,25000,0,0.38,"B",0.00469995447602893,-5.35549142227315
2005,0,0.23,8500,0,1,"D",0.124225388776484,-1.95301119760802
2005,0,0.09,6001,0,0.26,"AA",0.00092736047774203,-6.98224041236614
2005,1,0.29,5500,1,0.89,"Missing",0.872703269712444,1.92507478068517
2005,0,0.24,10000,1,0,"C",0.292007143425531,-0.885655738303624
2005,1,0.29,25000,0,0.58,"D",0.574193606336667,0.298981864722814
2005,1,0.25,5000,0,1,"Missing",0.978829327753272,3.83374045475803
2005,1,0.25,2550,1,0.67,"Missing",0.981126366036352,3.95093534503313
2005,0,0.09,1025,1,0.76,"D",0.0857296125064732,-2.36692805372169
2005,0,0.08,2500,0,0.06,"AA",0.000537798349387473,-7.52748894031342
2005,1,0.29,2550,0,0,"Missing",0.987368091506854,4.35881687675601
2005,1,0.2,5500,0,0.95,"Missing",0.420578316072435,-0.320399802241992
2005,0,0.11,14000,0,0.29,"AA",0.000575134618285377,-7.46033112573962
2005,0,0.16,15000,0,0.59,"A",0.00605589610299345,-5.10064861162809
2005,1,0.29,3442,0,0.26,"Missing",0.986634164740805,4.30159747331663
2005,0,0.2,5000,0,0,"D",0.0982022094136915,-2.21736160175148
2005,1,0.29,2500,1,0,"Missing",0.976467399585974,3.72555465333265
2005,0,0.2,15000,1,0.8,"B",0.00202037980960815,-6.20244733715485
2005,0,0.29,10000,0,0.04,"B",0.0217351024921122,-3.80685190974464
2005,0,0.07,2550,0,0.01,"AA",0.000956461989180213,-6.95131258967027
2005,0,0.19,6000,1,0.61,"D",0.0879860796218185,-2.33847663768065
2005,0,0.19,10000,0,0.64,"C",0.0333115390974164,-3.36797241640926
2005,0,0.22,3200,0,0,"D",0.0273834585493529,-3.57005077676608
2005,0,0.17,1200,0,1.36,"Missing",0.594602073929391,0.383023280254259
2005,1,0.29,2700,0,0.47,"Missing",0.98322910659259,4.0711973131914
2005,0,0.23,14000,0,1.04,"D",0.0543227853348265,-2.85695754176273
2005,0,0.14,1400,0,0.61,"C",0.0515385431779974,-2.91251121364819
2005,0,0.11,13000,1,0,"AA",0.000552290423053362,-7.50088407833292
2005,0,0.15,10000,0,0.41,"C",0.0102348832646931,-4.57166584560929
2005,1,0.29,5000,0,0.93,"Missing",0.862022733717209,1.83219270903241
2005,0,0.16,5300,0,0.92,"C",0.0165176366382759,-4.08667100792175
2005,1,0.29,4000,1,0,"Missing",0.979083782292289,3.84609239338953
2005,1,0.29,3800,0,0.96,"Missing",0.455168938206144,-0.17980712545052
2005,0,0.09,3000,0,0.71,"AA",0.000115104897956464,-9.06955157769643
2005,1,0.29,2550,0,0.9,"Missing",0.754730108569402,1.12400101133999
2005,0,0.23,7500,0,0.89,"D",0.144361602877175,-1.77952657057784
2005,0,0.1,7500,0,0.23,"AA",0.0012257929551518,-6.70294078921856
2005,0,0.09,1000,0,0.02,"AA",0.00225134464344831,-6.09397373922883
2005,1,0.29,2550,0,0.95,"Missing",0.995772961499078,5.46201765142203
2005,0,0.21,13500,0,0.84,"D",0.171146312012255,-1.57752483091847
2005,0,0.24,3000,0,0.91,"Missing",0.128685165734718,-1.91263452892927
2005,0,0.17,25000,0,0.78,"B",0.0047265355380521,-5.34982504830364
2005,1,0.29,3000,0,1.51,"Missing",0.99502461375872,5.29826447026345
2005,0,0.23,15000,0,0.86,"C",0.0109685799150248,-4.50169128644471
2005,0,0.19,19900,0,0.75,"C",0.0113916052068379,-4.4634215936637
2005,0,0.07,2000,1,0.81,"Missing",0.537317417973856,0.149547763805497
2005,0,0.15,1000,0,0.27,"A",0.000539616626506781,-7.52411185918186
2005,0,0.15,7500,0,0.72,"B",0.00360585321490851,-5.62158449084907
2005,0,0.14,6000,0,0.03,"AA",0.00331533387685438,-5.70587610164286
2005,0,0.1,4500,0,0.04,"AA",0.00116156980522478,-6.75682066340597
2005,0,0.21,9000,0,0,"D",0.38688155087164,-0.46043956978271
2005,0,0.15,8400,0,0.48,"B",0.00203815245766916,-6.1936713071704
2005,0,0.09,5000,0,0.17,"AA",5.65411896565357e-05,-9.78048462216039
2005,1,0.28,1900,0,1.2,"Missing",0.793311238025271,1.3450015299437
2005,0,0.18,10000,0,0.87,"C",0.0360493775686798,-3.28615047395115
2005,0,0.18,2500,0,0.84,"A",0.0203518705834357,-3.87402062734828
2005,0,0.25,6000,0,1.02,"D",0.392610256409718,-0.436353260885152
2005,0,0.18,17000,0,0.23,"B",0.00142646327926816,-6.55112964783343
2005,0,0.1,3900,0,0.41,"AA",0.000102652618310772,-9.18405724976941
2005,0,0.14,4000,0,0.16,"B",0.00334000783754903,-5.69843652730981
2005,1,0.23,4400,1,0,"Missing",0.910299006785836,2.31729128280109
2005,0,0.2,25000,1,0.87,"C",0.0521386869200306,-2.90030097288081
2005,0,0.24,6500,0,0.98,"C",0.0107750072066613,-4.51969249616932
2005,0,0.2,5000,1,0.72,"A",0.0471182586507541,-3.0068302219988
2005,1,0.2,6500,0,0.9,"D",0.128963090568193,-1.91015810808574
2005,0,0.12,15000,0,0.55,"A",0.00264301006357362,-5.93319032675324
2005,0,0.16,5000,0,0.94,"B",0.0190380862631275,-3.94209212197288
2005,0,0.13,9999,0,0.61,"B",0.0163677138700725,-4.09594140625395
2005,0,0.15,20000,0,0.75,"B",0.000937678393334261,-6.9711654137099
2005,0,0.1,4000,0,0.88,"A",0.00136224665792715,-6.59725681249232
2005,0,0.18,14000,0,0.91,"C",0.0153986558446614,-4.15795660970625
2005,1,0.2,6000,0,0.85,"Missing",0.985306983026851,4.20558090543295
2005,0,0.12,6000,0,0.53,"AA",0.00396711107688593,-5.52574213668304
2005,0,0.18,18000,0,0.15,"B",0.0105926702888378,-4.53694382725583
2005,0,0.14,6001,0,0.56,"B",5.58276246650508e-05,-9.79318591621659
2005,0,0.2,20000,1,0.2,"C",0.0597794918113932,-2.7554517750938
2005,0,0.17,25000,0,0.54,"A",0.000699009193196777,-7.2651474102762
2005,1,0.2,2018,0,0,"Missing",0.330608072233086,-0.705436127789592
2005,0,0.29,2525,0,0,"D",0.260759782711934,-1.04202331458349
2005,0,0.16,8000,0,0.66,"B",0.00164569356813331,-6.40794631244752
2005,1,0.23,8500,0,0.86,"D",0.615981946696089,0.472528090497628
2005,0,0.09,1000,0,0.02,"AA",0.000301942701324251,-8.10497130100975
2005,1,0.28,25000,0,0.73,"C",0.34407703265128,-0.645177789796673
2005,0,0.13,5500,0,0.34,"B",0.00182917101161557,-6.30206156789331
2005,0,0.1,1000,0,0.3,"AA",0.00239812579996763,-6.03066675747352
2005,0,0.29,3300,0,0.91,"Missing",0.428665114390311,-0.28729953247293
2005,0,0.17,1500,0,0.92,"D",0.0985383533352215,-2.21357165147464
2005,0,0.09,2500,0,0.28,"AA",0.000973302147617329,-6.93384221588882
2005,0,0.17,1500,1,0.56,"C",0.0490935617859039,-2.96368777349608
2005,1,0.29,5500,0,0.77,"Missing",0.990266291348752,4.62237890819761
2005,0,0.18,14000,0,0.91,"C",0.0488692601852899,-2.96850295649734
2005,0,0.14,3000,0,0,"C",0.00244302900098857,-6.01207059765592
2005,1,0.29,3999,0,0.94,"Missing",0.970223491729348,3.48380667923937
2005,0,0.1,6000,0,0,"AA",3.01639686419181e-05,-10.4088322727872
2005,0,0.19,23000,0,0.27,"A",0.0010240139312706,-6.88300060910917
2005,0,0.24,4100,1,0.91,"Missing",0.745927118376715,1.07700673750003
2005,1,0.29,9000,1,0,"Missing",0.867527303881022,1.87927042837517
2005,0,0.29,5000,0,0,"Missing",0.945097078455387,2.84572108789329
2005,0,0.15,25000,0,0,"B",3.99130984850254e-05,-10.1287660912137
2005,0,0.17,4900,0,0.13,"D",0.0778235818047654,-2.47229205491102
2005,1,0.25,15000,0,0.9,"D",0.733851830827369,1.01425396221461
2005,0,0.2,2500,0,0.78,"Missing",0.582054901094152,0.331214693491278
2005,1,0.29,5000,0,0.89,"Missing",0.975217085785116,3.67250562550938
2005,0,0.09,1025,1,0.76,"D",0.0599542547672282,-2.75234668833564
2005,0,0.12,25000,1,0,"AA",0.00105131623999374,-6.85666046870607
2005,0,0.09,5000,0,0,"AA",0.000213637367125207,-8.45101686626281
2005,0,0.25,12000,0,0.43,"C",0.0463149736560829,-3.02486814196103
2005,0,0.25,9000,0,0.42,"C",0.0765424472136433,-2.49027938267872
2005,0,0.22,25000,0,0.63,"AA",0.000477526746812867,-7.64641274454543
2005,0,0.29,4090,1,0.58,"Missing",0.780945400541142,1.27118422637665
2005,0,0.17,6001,0,0.56,"B",0.000488975970280403,-7.62270811466969
2005,0,0.19,25000,0,0.72,"C",0.0373411787349647,-3.24960235641973
2005,0,0.22,15000,0,0,"C",0.00212041765792433,-6.15401953232053
2005,0,0.29,6000,0,0.59,"Missing",0.610029868100109,0.447437768748347
2005,0,0.15,2500,0,0.94,"D",0.0117395966264824,-4.43297877428096
2005,0,0.19,9000,1,0.98,"C",0.0332004434715473,-3.37142795671887
2005,0,0.2,6000,1,0.25,"C",0.0418943525349783,-3.1298070176058
2005,0,0.22,6001,0,0,"D",0.0114217957994142,-4.4607443112412
2005,0,0.17,4000,0,0.75,"B",0.0129601643148674,-4.3328300295289
2005,0,0.24,6500,0,0.98,"C",0.0177013248280135,-4.01625592616087
2005,0,0.11,1600,0,0.69,"B",0.000682133709152586,-7.28960249839284
2005,1,0.29,10000,0,0,"Missing",0.972328413694797,3.55928749998438
2005,0,0.29,13500,0,0.78,"D",0.172602823619153,-1.56729170354197
2005,0,0.15,2000,0,0.98,"C",0.0040175637270462,-5.51305394229758
2005,0,0.28,10000,0,0.87,"D",0.185352350673028,-1.48049707578086
2005,1,0.23,2600,0,0.5,"Missing",0.916545978683011,2.39631639641907
2005,1,0.27,1000,0,0,"Missing",0.954159946243053,3.03567307081679
2005,0,0.24,3000,0,0,"Missing",0.669370996405417,0.705341548380436
2005,0,0.12,8000,1,0.91,"A",0.0057772521911228,-5.14803310372827
2005,0,0.09,3500,0,0.14,"AA",0.000299456683870963,-8.11324127748215
2005,0,0.12,10000,0,0.85,"A",0.00176835042151101,-6.33593821639523
2005,0,0.08,1000,0,0.78,"A",0.00910227729034872,-4.69008668895646
2005,0,0.17,25000,0,0.89,"B",0.00066917384987038,-7.30879726847145
2005,1,0.2,1100,0,0,"Missing",0.774712744529238,1.23511602951587
2005,1,0.29,9000,1,0,"Missing",0.963618222767927,3.27662715789966
2005,0,0.19,19250,0,0.88,"B",0.0016994670350462,-6.37573967310311
2005,0,0.14,10000,0,0.44,"A",0.0162939469995167,-4.10053343667661
2005,0,0.17,5600,0,0.84,"C",0.00740931189959331,-4.89758080784536
2005,0,0.15,1000,0,0.87,"C",0.0296891825806122,-3.48683369391148
2005,0,0.09,5000,0,0.01,"AA",0.000574420894893248,-7.46157357805082
2005,0,0.19,10000,1,0.88,"D",0.00596417018686938,-5.11600331990886
2005,1,0.29,5500,0,1.02,"Missing",0.959627494965639,3.16839619826398
2005,1,0.29,5000,1,0.94,"Missing",0.979381188745658,3.86071710536887
2005,0,0.19,18000,0,0.76,"C",0.0248180890120721,-3.67105124602778
2005,0,0.1,14000,0,0.26,"AA",0.000736239070054581,-7.21321915830825
2005,0,0.15,19300,0,0.39,"A",0.000212234105260595,-8.45760836582275
2005,1,0.2,2000,0,1.44,"Missing",0.842183847672353,1.67456757414825
2005,0,0.29,10000,0,0.62,"C",0.538031153972204,0.152419009528994
2005,0,0.1,3000,0,0,"A",0.00140714202688984,-6.5647864299002
2005,0,0.15,5000,0,0.46,"C",0.0391179943306723,-3.20126904438312
2005,0,0.16,20000,0,0.15,"AA",0.00608019918736744,-5.0966190635928
2005,0,0.08,1000,0,0.33,"A",0.00492252007999238,-5.30899999264397
2005,0,0.11,7500,0,0,"AA",0.00056687320229762,-7.47480787441431
2005,0,0.09,3001,0,0.34,"AA",0.00129685712707556,-6.64651383739825
2005,0,0.15,25000,0,0.16,"AA",0.00101075807098571,-6.89604339509848
2005,0,0.18,9900,0,0.55,"C",0.0339438337956648,-3.34851476413041
2005,0,0.11,3000,0,0.32,"AA",0.000390331815944186,-7.84812296244581
2005,0,0.11,4999,0,0.28,"A",0.00194207388449973,-6.24205490211013
2005,0,0.13,2550,0,0.53,"B",0.00687551117562036,-4.97289002897046
2005,0,0.29,3600,1,0,"Missing",0.719391606497158,0.941445783909606
2005,0,0.16,25000,1,0.66,"AA",0.00383620248699222,-5.55942875779664
2005,0,0.15,6000,0,0.39,"B",0.00109710369064403,-6.81398387419739
2005,1,0.2,2000,1,0,"Missing",0.953780985514352,3.02704278778953
2005,0,0.2,5000,1,0.72,"A",0.00617070170687764,-5.08175289952935
2005,0,0.17,7000,0,0.67,"B",0.00915374441694549,-4.6843963601383
2005,1,0.28,3000,0,0.98,"Missing",0.86336091942055,1.84348981727451
2005,1,0.2,4200,1,0.97,"Missing",0.978196255773303,3.80362861186272
2005,1,0.29,5000,0,0.72,"Missing",0.871913259487948,1.91798225123493
2005,0,0.21,1000,0,0.42,"D",0.262011515194591,-1.03553976731437
2005,0,0.15,10000,0,0.08,"B",0.0102733698218882,-4.56787368087296
2005,1,0.29,2500,0,0.89,"Missing",0.230898838409253,-1.20324282474797
2005,0,0.13,5000,0,0.95,"B",0.000667242410358384,-7.31168967913841
2005,1,0.23,4000,1,1.35,"Missing",0.895045394705429,2.14334651118204
2005,0,0.23,3000,1,0.7,"D",0.187809348259486,-1.46430776211122
2005,1,0.29,2550,0,1,"Missing",0.724105050191596,0.964916302181853
2005,0,0.14,8000,0,0.53,"B",0.000610112589566546,-7.40125674598453
2005,1,0.29,5000,1,0.94,"Missing",0.996818214295987,5.74712583930647
2005,0,0.12,13000,0,0.36,"AA",0.00135791093377906,-6.60044900458501
2005,0,0.17,5000,1,0.98,"B",0.0167974721952522,-4.06958671872606
2005,0,0.2,5500,0,0.95,"Missing",0.747360864558932,1.08458602516726
2005,0,0.15,25000,0,0,"A",0.00105567727054087,-6.8525165205357
2005,0,0.23,6001,0,0.88,"D",0.575015130848747,0.30234278867709
2005,1,0.29,1800,0,0.98,"Missing",0.909705566308778,2.310045177527
2005,1,0.27,6000,0,0.95,"Missing",0.910370500743246,2.31816716175236
2005,0,0.09,1400,1,0.9,"D",0.0330689527622378,-3.37553232786773
2005,1,0.17,1000,1,0.71,"Missing",0.955916522037066,3.07658552630626
2005,0,0.17,10700,0,0.12,"C",0.00621898644257258,-5.07390993197463
2005,0,0.12,25000,0,0.01,"AA",0.000444365829201775,-7.71841793055139
2005,1,0.29,2975,0,0.96,"Missing",0.820409094720914,1.51912159602414
2005,0,0.16,24000,1,0.35,"A",0.0153495643734238,-4.16119959644681
2005,1,0.23,3890,0,0.97,"Missing",0.778658559560824,1.25786615507512
2005,0,0.1,7000,0,0.17,"AA",0.00259386706105082,-5.95200820606942
2005,1,0.27,10095,0,0.9,"Missing",0.853275625370879,1.76052679576207
2005,1,0.29,2501,0,1.22,"Missing",0.912875179530208,2.34925734813127
2005,1,0.23,8500,0,0.86,"D",0.155380751876148,-1.69300736341176
2005,0,0.09,5000,0,0.18,"AA",0.0035256482281368,-5.64415908714478
2005,0,0.14,3210,0,0.08,"B",0.000110635561548083,-9.1091583458901
2005,0,0.15,5000,0,0,"C",0.106875512035568,-2.1230612571546
2005,0,0.15,1500,1,0.85,"D",0.028801167900362,-3.5181152793556
2005,0,0.17,5000,1,0.28,"B",0.00139242214950752,-6.57531710225202
2005,0,0.29,3000,1,0.67,"Missing",0.943821209710194,2.82139746302534
2005,1,0.28,10000,0,0.87,"D",0.277177696459977,-0.958504611403369
2005,0,0.15,4000,0,0.46,"B",0.013089559823755,-4.32276434343304
2005,1,0.2,3000,1,1.03,"Missing",0.716243870421654,0.925905539516289
2005,0,0.23,7500,0,0.89,"D",0.110473189135418,-2.08591678889284
2005,0,0.22,4500,1,0.68,"D",0.136432683275848,-1.84524052237198
2005,0,0.12,10000,0,0.85,"A",0.00145223466774723,-6.53319846854979
2005,1,0.25,2500,0,0,"Missing",0.848742600837459,1.72477294532031
2005,0,0.21,6001,1,0,"D",0.0656118374587426,-2.65613581474324
2005,1,0.27,3750,0,0.88,"Missing",0.974122382022425,3.62815852029833
2005,1,0.25,5100,0,1.02,"Missing",0.952833095911813,3.00574729078732
2005,0,0.18,25000,0,0.6,"A",0.00136096225522268,-6.59820139961264
2005,0,0.2,3000,1,0.62,"D",0.0439570278802115,-3.07959034434781
2005,0,0.12,1800,0,0.39,"B",0.000512189378229722,-7.57630380136633
2005,0,0.12,4000,0,0.43,"B",0.00187445084476323,-6.27756333542507
2005,0,0.23,10000,0,0.69,"A",0.010564463496811,-4.53963874677788
2005,0,0.15,6000,0,0.72,"B",0.00945175822193519,-4.65205778999236
2005,0,0.28,5000,0,0.95,"C",0.102999510534251,-2.16433217160469
2005,0,0.11,1850,0,0.86,"C",0.0536987296658269,-2.86917164083038
2005,0,0.07,1500,1,0.07,"AA",0.00485401312609966,-5.32308363538968
2005,0,0.18,5000,0,0.92,"B",0.00124156002088693,-6.69014427733093
2005,1,0.25,9000,0,0.97,"D",0.612694443196977,0.458652416360645
2005,1,0.17,1500,0,0,"Missing",0.230475227029806,-1.20562976461828
2005,1,0.29,2975,0,0.96,"Missing",0.933352451919083,2.63936463351962
2005,0,0.16,5000,1,0.69,"C",0.103896716858915,-2.15465837913657
2005,0,0.1,6000,0,0.51,"AA",0.00110041561750291,-6.81096631492628
2005,1,0.29,3000,1,0,"Missing",0.965905993027014,3.34394489351891
2005,0,0.14,2000,0,0.5,"C",0.0138032503734035,-4.26895177919447
2005,0,0.1,7500,1,1.02,"D",0.0461861321369018,-3.02778896252001
2005,0,0.13,18000,0,0.53,"AA",0.00038566095558899,-7.86016619253232
2005,1,0.29,6000,0,0.92,"Missing",0.780254293716242,1.26714888685751
2005,0,0.07,3000,1,0.01,"AA",0.00119830704138527,-6.72564649156212
2005,0,0.21,9500,0,0.73,"D",0.0470190737044715,-3.00904154618819
2005,1,0.29,4500,0,0.94,"Missing",0.919929931096537,2.44139539266655
2005,1,0.29,2550,0,1,"Missing",0.831523146098027,1.59646076001363
2005,0,0.29,7000,1,0.91,"D",0.0517464170705458,-2.90826676463006
2005,1,0.2,1500,0,0.74,"Missing",0.484365330255151,-0.0625590737935218
2005,0,0.15,3000,0,0.08,"AA",0.00231169954760745,-6.06745791442364
2005,0,0.22,10000,0,0.65,"C",0.0782021621255321,-2.46702863890318
2005,0,0.11,1000,0,0.98,"D",0.0131692361155694,-4.31661504735097
2005,0,0.17,6000,0,0.6,"C",0.179246442137893,-1.52146126058406
2005,0,0.14,9000,0,0.14,"B",0.00223514196800472,-6.10121288894767
2005,1,0.29,2500,1,0,"Missing",0.901653162253616,2.21572953407595
2005,0,0.15,15000,0,0,"AA",0.00331778309821819,-5.7051351614483
2005,0,0.11,11000,1,0.43,"AA",0.00319552115185405,-5.74280445190054
2005,0,0.17,5000,0,0.03,"C",0.108975171083435,-2.10125222537501
2005,0,0.08,1500,1,0.22,"AA",0.0161714382331374,-4.1082050418574
2005,1,0.26,2000,1,0,"Missing",0.919264594933832,2.43239679350478
2005,0,0.1,1500,1,0.79,"A",0.000420964815537728,-7.77254024787285
2005,0,0.11,1000,0,0.97,"Missing",0.368787721253825,-0.537421025014491
2005,0,0.11,1000,0,0.05,"C",0.00777658423162792,-4.84883110243164
2005,0,0.24,12000,0,0.9,"D",0.273590899674902,-0.976479431416115
2005,0,0.15,7500,1,0,"A",0.00312636979028554,-5.76475149184803
2005,1,0.24,4000,0,0.7,"Missing",0.656104123668207,0.645980574979541
2005,0,0.15,2500,0,0.24,"C",0.00988880698379334,-4.60641374317576
2005,0,0.07,2550,1,0.63,"Missing",0.153788468115344,-1.70519129152449
2005,0,0.15,5000,1,0.84,"B",0.00172820184623056,-6.35894410935092
2005,0,0.15,4000,0,0,"C",0.00280474535562926,-5.87363384041131
2005,1,0.29,2500,0,0.85,"Missing",0.950390859820911,2.95269823681231
2005,0,0.29,25000,0,0.11,"C",0.0690883245108511,-2.60077865080891
2005,1,0.29,5000,0,0.78,"Missing",0.967310324591629,3.38746006744971
2005,1,0.26,2200,0,0.97,"Missing",0.944862401090909,2.84120745028887
2005,1,0.22,6500,1,0.97,"Missing",0.897116052539138,2.16558360289922
2005,0,0.1,3900,0,0.41,"AA",0.00163420274428846,-6.41496467221936
2005,0,0.17,10000,0,0.39,"A",0.000221457055732651,-8.41506038500597
2005,0,0.19,24000,1,0.18,"B",0.0138612102449568,-4.26470279588686
2005,0,0.17,25000,0,0.11,"A",0.0249304900467308,-3.66641720646559
2005,0,0.08,3001,0,0.14,"AA",0.000122721517689622,-9.00547012428046
2005,0,0.15,9500,0,0.94,"B",0.00920580181868261,-4.67867292415162
2005,0,0.11,5000,0,0.12,"A",0.00144595864875793,-6.53753574758489
2005,0,0.24,23000,0,0.82,"B",0.00332624688957765,-5.70257887964008
2005,1,0.29,2200,0,1.06,"Missing",0.91748112739553,2.40860498409964
2005,0,0.16,10999,0,0.97,"B",0.000239306488316002,-8.33752611455911
2005,1,0.29,3800,0,0.84,"Missing",0.7504251932104,1.10088127310551
2005,0,0.2,5000,0,0.96,"C",0.225285374666109,-1.23512680576569
2005,0,0.07,3000,0,0.06,"AA",0.000406178204128783,-7.80831230752015
2005,0,0.14,8000,0,0.76,"AA",0.000569140349921984,-7.47081419121059
2005,1,0.2,10000,0,0.35,"C",0.0154502748446752,-4.15455761234859
2005,1,0.29,2550,1,0,"Missing",0.929779015387504,2.58329974758262
2005,1,0.28,11000,0,0.9,"Missing",0.969557035226512,3.46098437693937
2005,1,0.28,1000,0,0,"Missing",0.795641816046335,1.35927484681452
2005,0,0.2,15000,0,0.93,"D",0.0694499593286184,-2.59516936931766
2005,0,0.24,15000,0,1.03,"D",0.174795979561486,-1.55201119052633
2005,0,0.1,1000,0,0.24,"AA",0.000273188459244925,-8.20507544825883
2005,0,0.2,3000,0,0.62,"C",0.137471968870815,-1.83644761467125
2005,1,0.22,8500,0,0.93,"D",0.445094509251003,-0.220511172351161
2005,0,0.14,14500,0,0.48,"A",0.00191463916434807,-6.25630962560296
2005,1,0.2,2500,0,0.78,"Missing",0.620843570241078,0.493130287074058
2005,0,0.11,3000,0,0.32,"AA",0.00100391017512438,-6.90284831429215
2005,1,0.15,2000,0,1.59,"Missing",0.692449449597443,0.811595773137092
2005,0,0.24,4000,0,0.92,"D",0.149247886847167,-1.7405122035539
2005,0,0.11,3000,1,0,"C",0.0621520981723033,-2.71400320708995
2005,0,0.2,5000,0,0,"A",0.00339604526627634,-5.68174185641265
2005,0,0.11,15152,0,0.6,"A",0.00560300889560679,-5.17883275811904
2005,1,0.28,3500,0,0,"Missing",0.867911076033968,1.88261390026248
2005,1,0.15,2000,0,0.87,"D",0.185104219245878,-1.48214121495584
2005,0,0.11,8000,0,0,"A",0.000315059519140352,-8.06243387817465
2005,0,0.15,2500,0,0.94,"D",0.00304449935740536,-5.79136966270948
2005,1,0.29,7000,1,0.91,"D",0.36495089023588,-0.553939536882224
2005,0,0.29,3300,0,0.91,"Missing",0.615958524535664,0.472429075190607
2005,0,0.18,7000,0,0.54,"B",0.00358004721442958,-5.62879281934886
2005,0,0.22,7000,0,0.07,"AA",0.000622441538700759,-7.38123821243344
2005,0,0.29,20000,0,1.03,"C",0.0539058636179269,-2.86510281504612
2005,0,0.12,22000,0,0.37,"AA",0.00247599747629717,-5.99863287559918
2005,1,0.29,10000,1,0.72,"Missing",0.961266959708849,3.21155917396627
2005,0,0.12,11000,0,0.7,"A",0.00490876042723073,-5.31181297989681
2005,1,0.19,3000,0,0.97,"C",0.582706142306663,0.33389234688036
2005,0,0.19,11000,0,0.93,"B",0.00399936439318558,-5.51761244895377
2005,1,0.29,6000,0,0.92,"Missing",0.982763853401142,4.04336013566466
2005,1,0.29,3600,0,0.3,"Missing",0.969185996630025,3.44848729893327
2005,0,0.1,15000,0,0.21,"AA",0.00202628446286281,-6.19952313670559
2005,0,0.13,3500,1,0.71,"C",0.00213032235514518,-6.14934937554824
2005,0,0.23,15000,1,0.76,"B",0.0450074817146101,-3.05487476991863
2005,1,0.29,25000,1,0.96,"Missing",0.937036607431834,2.70016886308106
2005,1,0.29,7500,0,0.35,"Missing",0.790386041916674,1.32725394262074
2005,0,0.2,2500,0,1,"C",0.0117741850414609,-4.43000180269187
2005,0,0.28,8000,0,0.92,"D",0.154043448232407,-1.70323330703736
2005,0,0.11,5000,1,0.45,"B",0.00134087050238866,-6.61309447701476
2005,0,0.15,7500,0,0.98,"C",0.0219475851139512,-3.79690614667057
2005,1,0.29,2501,0,1.07,"Missing",0.67708979297474,0.740429610009337
2005,0,0.13,2600,1,0.1,"C",0.0395202384415811,-3.1906200049487
2005,0,0.28,15000,0,0.93,"B",0.0155480676509164,-4.14814870837627
2005,0,0.17,2500,0,0.59,"C",0.0431625529167194,-3.09866023156473
2005,0,0.16,20000,0,0.15,"AA",0.00082252165227152,-7.10231289061226
2005,0,0.14,9250,0,0.92,"B",0.00445377284976298,-5.40953999015934
2005,0,0.2,5000,0,0,"B",0.00341212550165569,-5.67700190751997
2005,0,0.15,2300,0,0.46,"C",0.0319717723408577,-3.41040784849659
2005,0,0.17,2000,1,0.97,"Missing",0.219976966492427,-1.26580060627607
2005,0,0.1,5000,0,0,"A",0.00038021678359552,-7.87438869567706
2005,1,0.17,1000,1,0.59,"D",0.752008533276158,1.10935333412576
2005,0,0.15,5000,0,0,"C",0.00454908301121458,-5.38827014075058
2005,0,0.19,5000,0,0.28,"B",0.000688227434562973,-7.28070273679383
2005,0,0.07,1325,0,0.02,"AA",0.000417019278069686,-7.78196100059633
2005,1,0.29,5000,0,0.46,"Missing",0.98853856946265,4.45724012778584
2005,0,0.2,24000,0,0.76,"C",0.110453761992354,-2.08611449789805
2005,0,0.19,10000,1,1.02,"C",0.105102720862749,-2.14177077390354
2005,0,0.1,5000,0,0,"AA",0.0017387408319165,-6.35285383334572
2005,0,0.18,1000,1,0.61,"D",0.208015119671473,-1.33693153335021
2005,1,0.27,6000,0,0.95,"Missing",0.899470297422279,2.19135279976569
2005,1,0.29,3000,1,0.8,"Missing",0.944758819737805,2.83922098331993
2005,0,0.12,5900,1,0.31,"A",0.000892042866785676,-7.02110392863055
2005,0,0.29,1000,1,0.42,"Missing",0.95346408943625,3.01987747775768
2005,0,0.11,8000,0,0,"A",0.000308917034641661,-8.08212884866408
2005,0,0.11,12000,0,0.47,"A",0.000116251832389715,-9.05963549253871
2005,0,0.2,8000,1,0.52,"D",0.187331795865554,-1.46744155918275
2005,0,0.23,6300,0,0.76,"D",0.176693286976026,-1.53891342054847
2005,0,0.13,10200,0,0.95,"A",0.00102825068103631,-6.87886750883491
2005,0,0.11,4500,1,0.97,"AA",0.000581338975823869,-7.44959502807268
2005,0,0.26,7300,0,0,"C",0.0264413691045143,-3.60602825470182
2005,0,0.11,2500,0,0.33,"B",0.000111361823149927,-9.10261462181106
2005,0,0.17,18000,0,0.22,"B",0.00983586301355917,-4.61183552711267
2005,0,0.19,6000,1,0.61,"D",0.0564162771179779,-2.81692737911645
2005,0,0.24,3000,0,1.99,"Missing",0.308206682099514,-0.808516633750958
2005,0,0.29,15000,0,0,"AA",0.0241703513480268,-3.69816129971982
2005,1,0.24,1000,0,0.81,"Missing",0.585065446403288,0.343602909550255
2005,0,0.17,7500,0,0.62,"D",0.112220262571108,-2.06826009867941
2005,1,0.29,13500,0,0.78,"D",0.854325039551102,1.76893388822246
2005,0,0.15,8000,0,0.64,"B",0.000231583642317597,-8.37033783332375
2005,0,0.25,5500,0,0.49,"Missing",0.609222622509204,0.444045724310352
2005,1,0.29,10000,0,0.49,"D",0.632604617615209,0.543407005925518
2005,0,0.15,25000,1,0.37,"AA",0.000354192434240947,-7.94531593780132
2005,0,0.25,4500,1,0.93,"Missing",0.84325167765445,1.68262398673391
2005,0,0.24,10000,1,0,"C",0.0388984108615427,-3.20712671738427
2005,0,0.15,1000,0,0,"D",0.00670406168718184,-4.99831507944285
2005,0,0.15,15000,0,0.04,"AA",0.00326392548637667,-5.72155540735954
2005,0,0.14,1000,0,0,"B",0.00938088324260273,-4.65965619721851
2005,0,0.26,10848,0,0.68,"B",0.00444417403119935,-5.41170716830661
2005,0,0.09,2000,0,0.02,"AA",0.00882824075777547,-4.72093207834023
2005,0,0.28,8000,0,0.92,"D",0.57062855767003,0.284416108771987
2005,0,0.17,25000,0,0.67,"A",0.001817296126812,-6.30858657775368
2005,0,0.17,25000,0,0.91,"A",0.00899939764576345,-4.70155749530654
2005,1,0.29,7000,1,0.64,"Missing",0.954682021683424,3.04767449736208
2005,0,0.25,9000,0,0.78,"D",0.150175165636256,-1.73322786733787
2005,0,0.2,7500,0,0,"D",0.113158282947587,-2.05887894621993
2005,0,0.29,20000,0,1.03,"C",0.170718667469902,-1.58054247912334
2005,0,0.2,15000,0,0.59,"A",0.00153661581293653,-6.47663500710518
2005,1,0.29,2100,1,1.14,"Missing",0.807047125611728,1.4309360776787
2005,0,0.11,1253,0,0.73,"A",0.00684176872581709,-4.9778437141992
2005,0,0.11,1500,0,0.2,"B",0.000152991186091077,-8.78497724258863
2005,0,0.07,1000,0,0.02,"AA",0.000236004362751636,-8.35142423465762
2005,0,0.18,3002,1,0.8,"D",0.0654675860520357,-2.65849116144835
2005,0,0.17,3800,0,0.7,"C",0.0203584775759896,-3.87368929766056
2005,1,0.23,6001,0,1.2,"Missing",0.943187836683028,2.80951500763547
2005,0,0.29,8500,1,0,"B",0.00564867828944068,-5.17066899985552
2005,1,0.29,6000,0,0,"Missing",0.910715067459133,2.32239733425697
2005,0,0.29,20000,1,0.87,"D",0.578406802675977,0.316236570254234
2005,0,0.1,3600,1,0.28,"A",0.00708606321386074,-4.94251406303117
2005,0,0.15,2000,0,0.54,"C",0.0387090293645232,-3.2122042524248
2005,0,0.09,3500,0,0.1,"AA",0.000470894023994748,-7.66040648646952
2005,0,0.18,15000,0,0.65,"B",0.00348144292480593,-5.65682092031797
2005,0,0.16,25000,0,0,"AA",0.0008048568227799,-7.12404097537147
2005,0,0.15,7500,0,0.65,"B",0.000348948615593335,-7.96023687034632
2005,0,0.14,17500,0,0.79,"B",0.000243064932836688,-8.32193884252124
2005,1,0.29,3999,0,0.96,"Missing",0.784292762076762,1.29086026332152
2005,0,0.17,6001,0,0.56,"B",0.00102075199640834,-6.88619439862301
2005,1,0.29,3550,0,0,"Missing",0.988372422557243,4.4426799302256
2005,1,0.11,5000,1,0,"Missing",0.641661569837906,0.582583139411806
2005,0,0.08,2000,0,0.23,"AA",0.000411899603583497,-7.79431893447475
2005,0,0.23,2000,0,1.13,"Missing",0.630979705812599,0.536422059752799
2005,0,0.17,3000,1,0.14,"AA",0.0195707083028156,-3.91395655445007
2005,0,0.24,1000,1,0.18,"C",0.0475918268664654,-2.99633265418602
2005,0,0.25,14000,0,0.84,"B",0.0248769400018793,-3.66862240838715
2005,0,0.12,7500,0,0.81,"A",0.000778923575615637,-7.15681839556857
2005,0,0.19,6001,0,0.52,"C",0.00122776680628271,-6.70132984332442
2005,0,0.25,25000,0,0.57,"D",0.208348717593723,-1.33490779207005
2005,0,0.11,10000,0,0.17,"AA",0.000575372045409463,-7.459918153274
2005,0,0.21,3000,0,0.04,"C",0.0457714479867432,-3.03724272477777
2005,0,0.2,8000,0,0.92,"D",0.0823164172034344,-2.41128208237217
2005,0,0.1,2550,0,0.58,"A",0.00315494675634797,-5.75562372499732
2005,0,0.09,4000,0,0.32,"A",0.00168953108828156,-6.38161329114674
2005,0,0.12,9000,0,0.43,"B",0.00366974485423116,-5.60395664645341
2005,0,0.13,20000,0,0.79,"A",0.00162187209704749,-6.42255099273058
2005,1,0.2,1000,0,0.98,"Missing",0.93547027786265,2.6739234478241
2005,0,0.11,2500,0,0.33,"B",8.76063363842241e-05,-9.34256961931056
2005,0,0.12,17000,0,0.19,"AA",0.000330817073856889,-8.01361411050497
2005,0,0.15,2000,0,0.87,"D",0.122764813517681,-1.96650468822642
2005,0,0.17,17000,1,0.59,"B",0.00524857610061053,-5.24453605983463
2005,0,0.2,7500,0,0,"D",0.0268663380487975,-3.58964731438347
2005,0,0.15,17500,0,0.55,"B",0.000175842441625861,-8.64574632400426
2005,1,0.11,2593,0,1.01,"Missing",0.702709094600134,0.860231861593232
2005,1,0.23,1000,1,0,"Missing",0.992139800547551,4.83805204357802
2005,0,0.24,9950,0,0,"D",0.0545610497296614,-2.85232906402541
2005,0,0.22,8500,0,0.93,"D",0.0381496650499417,-3.22734188371348
2005,1,0.29,1500,1,0.91,"Missing",0.958729233055078,3.14545426482312
2005,0,0.16,9800,0,0,"C",0.00912869850460312,-4.68716152566277
2005,1,0.25,9000,0,0.97,"D",0.379664840858721,-0.490971045447574
2005,0,0.15,3500,0,0.3,"C",0.0339144080369961,-3.34941249487059
2005,1,0.24,1000,1,0.29,"Missing",0.94999668989803,2.94436929499436
2005,0,0.17,10000,1,0.95,"D",0.332293680450608,-0.69782927789594
2005,0,0.18,2275,0,1.03,"D",0.159618995783148,-1.66106566632037
2005,0,0.13,13000,0,0.81,"B",0.00719164533890972,-4.9276176664298
2005,1,0.17,3500,0,0.96,"Missing",0.940840896697586,2.76654356576109
2005,0,0.12,19500,1,0,"AA",0.000149920420947693,-8.80525600000251
2005,0,0.17,5000,0,0.17,"C",0.00930078144378419,-4.66831255235668
2005,0,0.18,14500,1,0.66,"B",0.000945578804907983,-6.96276729985449
2005,0,0.08,2500,0,0.06,"AA",6.21322061339659e-05,-9.68618395202975
2005,0,0.18,8000,1,0,"C",0.0999894510316458,-2.19734179359145
2005,0,0.2,15000,0,0.65,"B",0.0292806559064614,-3.50111029848391
2005,0,0.15,2000,0,0.54,"C",0.0427620418818561,-3.10840117345093
2005,0,0.15,2000,0,0.36,"D",0.141192937167262,-1.80541698629625
2005,1,0.29,1300,0,0.55,"Missing",0.740250500464617,1.04727093979565
2005,0,0.23,1300,0,0.43,"D",0.0487550807077663,-2.97096215641608
2005,0,0.21,3001,1,0,"C",0.0882486374543209,-2.3352090680336
2005,0,0.12,6000,0,0.03,"AA",0.000552436084395365,-7.50062022688317
2005,0,0.23,8500,0,0.86,"D",0.177776195182435,-1.53148719787909
2005,0,0.13,20000,0,0.46,"A",0.00198264388767379,-6.22133941625892
2005,0,0.21,5000,0,0.95,"D",0.0729199619077451,-2.54267747539664
2005,0,0.26,7000,0,0.92,"C",0.0231398175080399,-3.74278869748058
2005,0,0.19,9000,1,0.98,"C",0.0215067915745328,-3.81764507357094
2005,1,0.29,2501,0,1.07,"Missing",0.942898020288327,2.80411934585222
2005,0,0.11,10000,0,0.43,"AA",0.000990921207347668,-6.91588412252726
2005,0,0.14,25000,0,0.23,"B",0.0102558144493579,-4.56960170320095
2005,0,0.15,1000,0,0.16,"A",0.0125377480922765,-4.36639432901808
2005,0,0.14,5000,0,0.84,"C",0.00450797303986117,-5.39738949874175
2005,1,0.26,5500,0,0.99,"Missing",0.540118531685714,0.160819839891796
2005,0,0.11,6001,0,0.28,"A",0.000365439695526495,-7.91404377762176
2005,0,0.2,3000,1,0.07,"D",0.0951348936043606,-2.25249006175695
2005,1,0.23,6001,0,0.88,"D",0.535235426310163,0.141175715043064
2005,0,0.11,1200,0,0.87,"Missing",0.158120577274459,-1.67227891128906
2005,0,0.24,3000,0,0.4,"Missing",0.831752062052323,1.59809568150205
2005,0,0.24,12000,0,0.9,"D",0.0474973845304286,-2.99841820588959
2005,1,0.24,8000,1,0.93,"Missing",0.982198260933961,4.01049703015622
2005,0,0.13,25000,0,0.11,"AA",0.00108116242424237,-6.82863675061686
2005,0,0.23,8500,0,0.86,"D",0.197615479476563,-1.4012648253128
2005,0,0.13,9999,0,0.61,"B",0.0134034424394356,-4.29874962716946
2005,0,0.22,15000,0,0,"C",0.0240730728750845,-3.70229380610633
2005,0,0.11,10000,0,0.17,"AA",0.00229602204951846,-6.07427853517236
2005,0,0.1,3500,1,0.21,"AA",0.000467759429820186,-7.66708856419225
2005,0,0.08,6001,0,0.04,"AA",0.000211325318106781,-8.46190047220347
2005,0,0.25,15000,0,0,"D",0.0672269912741111,-2.63008705666887
2005,1,0.23,5000,0,0.97,"Missing",0.700671462636378,0.850497350276537
2005,0,0.19,16000,0,0,"A",0.00520925487001782,-5.25209558229245
2005,1,0.25,3500,0,0.97,"Missing",0.951220796914511,2.97044215326552
2005,0,0.2,2000,1,0,"D",0.168611089336644,-1.59550287212385
2005,0,0.11,6001,0,0.28,"A",0.000766673268012482,-7.17268286698889
2005,0,0.15,5000,0,0.85,"C",0.00566000806854929,-5.1686538746166
2005,0,0.13,15000,0,0,"B",0.00197845953396805,-6.22345633096215
2005,0,0.12,5000,0,0,"AA",0.000261115763857569,-8.25028555943154
2005,0,0.25,9900,0,0.37,"B",0.0027329814373043,-5.89962544126827
2005,0,0.11,1500,0,0.39,"B",0.000475048224866087,-7.65161907195316
2005,0,0.23,6300,0,0.76,"D",0.0345483008914114,-3.33023770304769
2005,1,0.24,6001,0,0.74,"D",0.527692638187077,0.110884025625457
2005,0,0.15,5000,0,0.92,"B",0.00082226331917588,-7.10262727301277
2005,1,0.17,1700,0,0.8,"Missing",0.995998399240682,5.51705117950044
2005,0,0.25,8500,1,0.73,"D",0.0825289951603039,-2.408471288992
2005,0,0.15,3800,0,0.2,"B",0.00042453427082606,-7.76409319884366
2005,0,0.17,7100,0,0.95,"D",0.0346058123361822,-3.3285148480072
2005,0,0.19,3000,0,0.97,"C",0.120940214073473,-1.98355658629233
2005,0,0.15,14000,1,0.25,"A",0.00183457158372032,-6.29910803762486
2005,0,0.1,6500,0,0.67,"A",0.0093040940393793,-4.66795310891986
2005,0,0.24,3000,0,0.85,"Missing",0.445475383724432,-0.218969209453251
2005,0,0.26,5050,1,0,"D",0.0241579638881324,-3.6986866317065
2005,0,0.15,8500,0,0.55,"AA",0.00434224310395747,-5.43501252213613
2005,0,0.29,25000,0,0.44,"AA",0.038651763952522,-3.21374429862059
2005,0,0.2,8000,0,0.84,"D",0.30710264864263,-0.813699813978636
2005,0,0.18,10000,0,0.15,"B",0.00094314380489726,-6.96534820087254
2005,0,0.2,10000,0,0.35,"C",0.00967511718660252,-4.6284757025996
2005,0,0.17,1000,1,0.59,"D",0.306541765504585,-0.816337001696527
2005,0,0.14,25000,0,0.58,"AA",0.00740000402163363,-4.89884721542774
2005,0,0.16,3500,1,0.51,"C",0.00513428715989379,-5.26666675222088
2005,0,0.1,3000,1,0.32,"A",0.00942732875965772,-4.65467044561905
2005,1,0.29,4000,0,1.07,"Missing",0.898504001109388,2.1807117814047
2005,1,0.29,3000,0,1.01,"Missing",0.934833609834664,2.66342470829518
2005,0,0.13,13000,0,0.81,"B",0.000713199803617245,-7.24503549307814
2005,0,0.16,25000,0,0.76,"AA",0.000724061149964664,-7.22991038445921
2005,0,0.2,6500,0,0,"C",0.027037349435271,-3.58312647306935
2005,1,0.17,3500,0,0.98,"Missing",0.936793663511929,2.69605849127537
2005,0,0.29,2550,1,1.51,"D",0.702061091311427,0.857131963811168
2005,1,0.29,8000,0,0.8,"Missing",0.924602857187095,2.50659492116869
2005,0,0.26,7300,0,0,"C",0.023301355090916,-3.73566663774579
2005,1,0.23,1500,1,1.11,"Missing",0.961234803331006,3.21069586039331
2005,1,0.29,3000,0,0.61,"Missing",0.941271604426863,2.77430838129316
2005,1,0.29,3500,1,0,"Missing",0.964512526153326,3.30244303463443
2005,0,0.13,6000,0,0,"B",4.95438339245335e-05,-9.91260320135317
2005,0,0.18,3000,1,0.93,"C",0.00639386259522399,-5.04600232733336
2005,0,0.12,3000,0,0.98,"B",0.000477098852578407,-7.64730963773647
2005,0,0.08,2000,0,0.06,"AA",0.000157724561743974,-8.75450258931819
2005,0,0.2,3500,1,0.81,"C",0.0429502640820541,-3.10381256375468
2005,1,0.29,2600,0,0.98,"Missing",0.971325056771516,3.52263749403796
2005,0,0.2,5300,0,1.26,"D",0.0423522271595682,-3.11845903201573
2005,1,0.29,3999,0,0.94,"Missing",0.984964435045386,4.18218714226912
2005,0,0.16,6000,1,0.55,"C",0.0563110271887534,-2.81890625312577
2005,0,0.2,4100,1,0.8,"D",0.0133110364642481,-4.30576135610454
2005,1,0.2,9900,0,0.96,"D",0.0670395898286069,-2.63307942927222
2005,1,0.17,3500,0,0.76,"Missing",0.148687605651661,-1.74493165347836
2005,0,0.12,10000,0,0.85,"A",0.00234302367204919,-6.05396724335303
2005,0,0.29,25000,0,0.82,"B",0.0366515701928115,-3.26895889306641
2005,1,0.23,14000,0,1.04,"D",0.581470982112457,0.328814843559968
2005,0,0.29,25000,0,0.58,"D",0.0486787398010726,-2.97260943815902
2005,1,0.22,2000,0,0,"Missing",0.845711682951712,1.70135546054904
2005,1,0.29,2000,1,0,"Missing",0.986419749572457,4.28546541065016
2005,1,0.29,2000,0,0.28,"Missing",0.977730799519651,3.78202979660195
2005,1,0.2,6000,0,0.85,"Missing",0.706619208000528,0.879020521628199
2005,1,0.29,5000,0,0.97,"Missing",0.926781256439678,2.53826612064312
2005,1,0.29,3000,0,1.34,"Missing",0.730196498385424,0.995619751545504
2005,0,0.15,12000,0,0.52,"C",0.0184540390855391,-3.97384557268581
2005,0,0.17,1500,0,0.77,"Missing",0.893074011766778,2.12253256098714
2005,0,0.28,5000,0,0.95,"C",0.0752707706662465,-2.5084090819308
2005,1,0.23,5300,0,0.45,"D",0.0758585736117326,-2.49999438561076
2005,0,0.12,15000,0,0,"A",0.00270818039854975,-5.90876645510324
2005,0,0.29,10000,0,0.98,"C",0.291568794622852,-0.887776975359508
2005,0,0.11,1500,0,0.39,"B",0.00214389471456759,-6.14298494784398
2005,0,0.12,1800,0,0.39,"B",0.00215299426296548,-6.13874040998632
2005,0,0.23,14000,0,1.04,"D",0.0321818075404947,-3.40364294225674
2005,0,0.1,2750,0,0.37,"AA",0.00835489450712732,-4.77651775106378
2005,0,0.19,5000,0,0.97,"Missing",0.564789963797097,0.260625160136271
2005,0,0.22,9000,0,0.95,"D",0.12094273560851,-1.9835328686259
2005,0,0.28,9000,0,0.7,"D",0.0583948099129837,-2.78035905338607
2005,0,0.15,5000,0,0.67,"C",0.0706575275615716,-2.57663266652661
2005,0,0.2,4000,1,0.98,"B",0.00148508005696823,-6.51080041388294
2005,0,0.13,4950,0,0,"B",0.000858765251511146,-7.05915582025436
2005,0,0.15,5000,0,0.27,"B",0.00668002627768745,-5.0019309201417
2005,0,0.25,25000,0,0.18,"A",0.00442340997922388,-5.41641116962113
2005,0,0.13,10800,1,0.68,"A",0.0230685584425749,-3.7459458931736
2005,1,0.29,4500,1,1.52,"Missing",0.313756404629131,-0.782615756589061
2005,0,0.09,6001,0,0.26,"AA",8.32544299056801e-05,-9.39352596054344
2005,0,0.18,15000,0,0.29,"C",0.00570486895275459,-5.16071406265411
2005,0,0.22,2000,1,0.84,"D",0.0356996045474216,-3.29626324798794
2005,0,0.1,3600,1,0.28,"A",0.00660861548575244,-5.0127505555117
2005,1,0.28,1200,0,0.81,"Missing",0.934888255508251,2.66432206943861
2005,0,0.22,12150,0,0,"D",0.0143390239365079,-4.23032769075264
2005,0,0.29,9000,1,0.95,"D",0.44227544326433,-0.2319323517951
2005,0,0.29,25000,0,0.11,"C",0.0414388859514682,-3.14121360636613
2005,0,0.29,25000,0,0.38,"B",0.00362534455905539,-5.6161740123719
2005,0,0.12,3500,0,0.31,"A",0.000872702382049444,-7.04304289087331
2005,0,0.27,15000,0,0.94,"D",0.0793006685969178,-2.45188696427025
2005,1,0.26,1000,0,0,"Missing",0.929596190274925,2.58050291073518
2005,0,0.11,1000,0,0.98,"D",0.013045144466873,-4.32620830628363
2005,1,0.29,4500,0,0.94,"Missing",0.756038755413052,1.13108325962172
2005,0,0.15,9990,0,0.2,"A",0.00251445236316845,-5.98318262847648
2005,1,0.29,3000,1,0,"Missing",0.991478033128464,4.7565496248584
2005,1,0.29,1300,0,0.55,"Missing",0.870119729738883,1.9020177944844
2005,0,0.1,4000,0,0.88,"A",0.00274930276489919,-5.89365485044794
2005,1,0.29,6000,1,0.72,"Missing",0.989769229579587,4.5720719274803
2005,0,0.28,10000,0,0.24,"C",0.0845172192540829,-2.38249626360067
2005,0,0.08,1000,0,0.05,"AA",0.000182381436190611,-8.60922786270456
2005,0,0.19,3725,0,0.78,"D",0.0407990320610685,-3.15744225568816
2005,0,0.11,1500,0,0,"AA",0.00111868331325662,-6.7944835889076
2005,0,0.14,14500,0,0.48,"A",0.00756529080783724,-4.87659043848569
2005,1,0.29,4000,1,0,"Missing",0.947998544009278,2.90308124838763
2005,1,0.29,3500,0,1.24,"Missing",0.453237997675283,-0.187596242741312
2005,0,0.16,25000,0,0,"A",0.00697937139222777,-4.95779258355666
2005,1,0.24,15000,1,0.81,"D",0.591487172344763,0.37011668087447
2005,0,0.15,3000,0,0.27,"C",0.0408484995126309,-3.15617895097949
2005,1,0.29,7200,0,1.15,"Missing",0.995829360863293,5.47550662421292
2005,0,0.18,7000,0,0.33,"C",0.0542745349654526,-2.85789717322868
2005,1,0.29,3000,0,0.94,"Missing",0.855474435560803,1.77819980199316
2005,1,0.29,7900,1,0.99,"Missing",0.948943213383462,2.92241048209248
2005,1,0.29,4000,0,0.95,"Missing",0.975699614944266,3.69266257133228
2005,0,0.24,5500,0,0,"D",0.137960007178932,-1.83233782486656
2005,1,0.17,1500,0,0,"Missing",0.796740062693999,1.36604284165125
2005,1,0.21,2550,0,0.24,"Missing",0.711172544978026,0.901085611289612
2005,0,0.18,9995,0,0.53,"C",0.0404364404186927,-3.1667471866725
2005,0,0.26,2600,0,0.73,"D",0.037084483545912,-3.25676702954518
2005,1,0.29,25000,0,0.98,"Missing",0.78011322666957,1.26632632435934
2005,0,0.15,2500,0,0.24,"C",0.0632606166523647,-2.69514213838026
2005,0,0.15,12000,0,0.52,"C",0.0143930757939591,-4.22651037483004
2005,0,0.29,3000,0,0.82,"Missing",0.293232564285022,-0.879735637604345
2005,0,0.13,9900,0,0.86,"B",0.000159541403452388,-8.74304753252002
2005,0,0.12,4800,0,0.66,"B",0.000326307392369362,-8.02734433884805
2005,1,0.29,4500,0,0.45,"Missing",0.980267199644968,3.90554294337903
2005,0,0.2,4000,0,0,"D",0.0168752222261487,-4.06488964214309
2005,0,0.25,7000,0,0.96,"D",0.0333092083824132,-3.36804479708084
2005,1,0.29,2000,1,0,"Missing",0.890113585149608,2.091901838314
2005,0,0.27,15000,1,0.75,"C",0.163204551224599,-1.63457532490515
2005,1,0.29,5000,0,0.6,"Missing",0.455954485339195,-0.176639918331867
2005,1,0.24,5000,1,0.47,"C",0.0896555076258109,-2.31784845800316
2005,1,0.29,10000,0,1.13,"Missing",0.966023513046646,3.34751944936165
2005,0,0.09,2500,0,0.28,"AA",0.0023624515388666,-6.04569016492543
2005,0,0.27,3000,0,0.98,"Missing",0.707827858250326,0.8848577709606
2005,1,0.22,5000,0,0.47,"D",0.393708122702625,-0.431751686377698
2005,0,0.19,4700,0,0.74,"D",0.190620550868675,-1.44598303448504
2005,1,0.29,2500,0,0.85,"Missing",0.846570608121436,1.70795313649466
2005,1,0.29,3000,1,0,"Missing",0.980415127144474,3.9132186059334
2005,0,0.22,6000,0,0.71,"C",0.00801435160976969,-4.81847475413922
2005,1,0.25,15000,0,0.11,"D",0.117312682350342,-2.01812815550012
2005,1,0.29,3500,0,1.24,"Missing",0.881121590889397,2.00309443247678
2005,0,0.29,5000,0,0.88,"Missing",0.742519649019556,1.0591059233325
2005,1,0.2,1300,0,0,"Missing",0.687876804403384,0.790211790977243
2005,0,0.11,10500,0,0.16,"AA",3.55113450931106e-05,-10.2456228204745
2005,0,0.12,6000,0,0.6,"A",0.023310230002499,-3.7352767482347
2005,0,0.14,16500,0,0.2,"AA",0.00174001360180705,-6.35212081947195
2005,1,0.29,5000,0,1,"Missing",0.973767017277155,3.61415457146485
2005,0,0.09,5000,0,0.54,"A",0.00295967042009653,-5.8197133025017
2005,0,0.14,25000,1,0.63,"AA",0.00176461508056485,-6.33805652319883
2005,1,0.29,2700,0,0,"Missing",0.915388241899852,2.38127504177955
2005,0,0.14,16500,0,0.2,"AA",0.000215743048228849,-8.44120668361476
2005,1,0.29,2560,0,1,"Missing",0.960492817989853,3.19096402639357
2005,0,0.2,7500,1,0.62,"C",0.138286293099738,-1.82959696508053
2005,1,0.29,5500,0,0.99,"Missing",0.962158709830911,3.23577857711231
2005,1,0.2,16950,0,0.55,"C",0.213477156205771,-1.30409193670175
2005,0,0.07,1000,1,0.34,"AA",0.00271636388976037,-5.90574103832981
2005,0,0.24,11520,0,0.6,"D",0.266745841157487,-1.01119608036185
2005,0,0.16,7000,0,0.98,"C",0.0269766505928181,-3.58543638023663
2005,1,0.23,4000,1,1,"Missing",0.905406081534004,2.258790364775
2005,1,0.25,5100,0,1.02,"Missing",0.981251631264665,3.95772218368108
2005,1,0.27,3000,1,0.65,"Missing",0.989660355228451,4.56137629503033
2005,1,0.29,9000,0,0.85,"Missing",0.98237411204394,4.02060347738389
2005,1,0.29,5000,0,0.6,"Missing",0.886393885633226,2.05442408950249
2005,1,0.23,2000,0,0.9,"Missing",0.641252528239024,0.580804619457313
2005,0,0.17,12000,0,0.91,"D",0.0665415584812526,-2.64106975096029
2005,0,0.25,9000,0,0.56,"B",0.0218029876894598,-3.80366408344821
2005,1,0.29,2500,1,0.89,"Missing",0.967444606456812,3.39171511377729
2005,0,0.15,3500,0,0.32,"A",0.00075531701163761,-7.18761741147046
2005,0,0.1,3000,0,0.36,"A",0.00490748100709073,-5.31207493976753
2005,0,0.19,19250,0,0.88,"B",0.00519777815101029,-5.25431268976377
2005,0,0.21,13500,0,0.84,"D",0.101580935185994,-2.17978075232215
2005,0,0.11,2500,1,0,"B",0.00542861584365489,-5.21062768229506
2005,0,0.15,16000,0,0.24,"C",0.0160125461817718,-4.11824059546002
2005,0,0.2,24900,0,0.87,"C",0.0233323781357722,-3.73430437585553
2005,0,0.2,1000,1,0.42,"C",0.096222334102172,-2.23992189138932
2005,0,0.2,8500,0,0.89,"D",0.0242296868264061,-3.6956486141443
2005,0,0.23,7100,0,0.27,"A",0.0117990303212685,-4.42786873573746
2005,0,0.17,5000,0,0.15,"B",0.00222828707345469,-6.10429134376834
2005,0,0.11,10500,0,0.16,"AA",0.000607519726825097,-7.40551820679499
2005,0,0.16,7000,0,0.29,"C",0.0341727170799769,-3.34155744257731
2005,1,0.29,4000,1,0,"Missing",0.994277631731819,5.15763372263233
2005,0,0.15,8500,0,0.22,"B",0.0118289676441929,-4.42530438417334
2005,1,0.29,4000,1,1.14,"Missing",0.948929850685353,2.92213471230376
2005,0,0.15,2000,0,0,"B",0.00194107827066013,-6.24256868608874
2005,1,0.29,5000,1,0.97,"Missing",0.991710588916664,4.78445239245611
2005,0,0.12,8000,0,0.72,"B",0.00096700842886701,-6.94033586975391
2005,0,0.11,8000,1,0.17,"AA",0.00209649420450562,-6.1653900607989
2005,0,0.29,4000,0,1,"Missing",0.932653039693227,2.62817548663511
2005,0,0.24,2000,1,0.93,"Missing",0.792910744745163,1.34256077624699
2005,0,0.15,4000,0,0.28,"B",0.000870567472436487,-7.04549434514467
2005,0,0.15,3000,1,0.99,"C",0.20049022817044,-1.3832332463709
2005,0,0.11,1000,0,0.05,"C",0.00124442495996923,-6.68783653540778
2005,1,0.25,2800,0,0.97,"Missing",0.929481804396712,2.57875646109906
2005,0,0.2,17850,0,0.43,"C",0.312683860214709,-0.787601711882616
2005,0,0.07,3000,1,0.01,"AA",0.00292460233810821,-5.83166787298006
2005,0,0.21,4000,0,0,"D",0.0647601493766944,-2.67011258569614
2005,0,0.29,9000,1,0.95,"D",0.0827071904030789,-2.40612018995082
2005,0,0.11,1500,0,0,"AA",0.000889654715617738,-7.02378707980085
2005,0,0.12,10000,0,0.12,"AA",0.000105430553229076,-9.15735264891861
2005,0,0.21,25000,0,0.07,"B",0.00470821825080655,-5.35372639639984
2005,1,0.17,1500,0,0.77,"Missing",0.92168781777759,2.46550339895546
2005,0,0.18,2500,0,0.87,"D",0.00560980470118169,-5.17761377392613
2005,0,0.13,2550,0,0.53,"B",0.00489914804712952,-5.3137827687017
2005,0,0.11,6000,0,0.4,"AA",0.000406196620690104,-7.80826694903691
2005,0,0.18,12000,1,0.68,"C",0.0194756924202818,-3.91892029089378
2005,0,0.15,16000,0,0.77,"B",0.000167949896590643,-8.69167689361954
2005,0,0.23,2500,0,0.79,"D",0.201381056769596,-1.37768499678379
2005,0,0.12,5000,0,0.1,"AA",0.00106419240825413,-6.84447431052297
2005,1,0.23,10000,1,0.72,"D",0.431672418707879,-0.275030969535917
2005,0,0.1,2750,0,0.37,"AA",0.000640695462246364,-7.35231541104266
2005,0,0.27,7000,0,0.71,"C",0.138652818057648,-1.82652455738232
2005,0,0.29,20000,0,1.05,"C",0.173288584691051,-1.56249735611494
2005,0,0.12,10000,0,0.5,"B",0.00817984107548209,-4.79786907744211
2005,0,0.09,2550,0,0.05,"A",0.00651654029477453,-5.02687380787417
2005,0,0.24,4000,0,0.89,"D",0.0764081611256517,-2.49218072974513
2005,0,0.25,4500,0,0.87,"D",0.730277776947075,0.996032352221192
2005,0,0.29,15000,0,0,"AA",0.00169214351820914,-6.38006562294848
2005,0,0.14,7000,0,0.32,"A",0.00113375539589269,-6.78108539863149
2005,0,0.09,2500,0,0,"AA",0.000385625615380188,-7.86025786751832
2005,1,0.27,3750,0,0.88,"Missing",0.896064901058601,2.15424618886731
2005,1,0.2,8500,0,0.89,"D",0.312384641849613,-0.7889943541942
2005,0,0.15,5000,1,0.42,"B",0.0366085200004012,-3.2701788502651
2005,1,0.29,2500,1,0,"Missing",0.948079483309118,2.90472431787375
2005,0,0.14,8000,0,0.76,"AA",0.00116533295164866,-6.75358242490956
2005,0,0.18,9999,0,0.97,"C",0.00812463209426352,-4.80469701571549
2005,1,0.29,20000,0,1.03,"C",0.289962188045201,-0.895567696463174
2005,0,0.15,3000,0,0,"C",0.0279026502409986,-3.55073427848562
2005,1,0.26,2000,1,0,"Missing",0.883475160692453,2.02575871347894
2005,0,0.08,2500,0,0.06,"AA",0.000842152154616329,-7.07870734688822
2005,1,0.29,5500,0,0.99,"Missing",0.969768442678651,3.4681710008896
2005,0,0.11,5000,1,0,"A",0.00469817969768968,-5.35587089281574
2005,0,0.21,25000,0,0.07,"B",0.000876897906634575,-7.03824270180922
2005,0,0.11,1500,0,0,"AA",0.000178802473755264,-8.62905004153948
2005,0,0.14,1000,0,0.6,"A",0.000182846488043084,-8.60668075711148
2005,0,0.27,2000,0,0,"Missing",0.895462948680845,2.14779927899532
2005,1,0.22,5000,0,0.93,"D",0.103344823776021,-2.16060016876405
2005,0,0.09,2550,0,0.05,"A",0.000323179276853847,-8.03698012050777
2005,0,0.2,2000,1,0.88,"D",0.0276292816715346,-3.56086098874165
2005,0,0.09,5400,0,0.18,"AA",0.000834060459337375,-7.08837025654146
2005,0,0.14,2000,0,0.98,"B",0.00172857012143643,-6.35873066580621
2005,1,0.24,20000,1,0.88,"C",0.258559198689983,-1.05347064578979
2005,0,0.15,16000,0,0.77,"B",0.00343224447357111,-5.67110271819835
2005,0,0.22,12150,0,0,"D",0.573723710844033,0.297060238310216
2005,1,0.26,2550,1,0.51,"Missing",0.909215695593911,2.30409594320948
2005,0,0.29,3000,0,0.85,"Missing",0.646770515579705,0.604873598379162
2005,1,0.29,4669,1,0,"Missing",0.955578197362073,3.06858620022231
2005,1,0.29,3500,0,1.24,"Missing",0.939803493112377,2.74805647802091
2005,0,0.14,2400,1,0.22,"B",0.00364249315285879,-5.61143775650395
2005,0,0.2,5000,0,0,"A",0.0014690160958136,-6.52169232870579
2005,0,0.19,10000,0,0.64,"C",0.0348345545919161,-3.32168969048536
2005,0,0.11,1600,0,0.69,"B",0.000189685146376828,-8.56995528154666
2005,0,0.17,25000,0,0.11,"A",0.00317822358963853,-5.74824957301765
2005,0,0.12,3000,0,0.56,"B",0.000827194880139767,-7.09664270642081
2005,0,0.2,2500,0,0,"Missing",0.545670845777876,0.183194002750286
2005,0,0.13,2500,0,0.57,"A",0.00241504572446793,-6.02361909187862
2005,0,0.05,1000,1,0.48,"D",0.0140180678317726,-4.25329097309016
2005,0,0.18,4500,1,0.71,"C",0.0664555643471068,-2.6424550439703
2005,0,0.2,25000,1,0.19,"C",0.101814521210679,-2.17722385506104
2005,0,0.15,25000,1,0.37,"AA",0.0244685882526543,-3.68559217740317
2005,0,0.22,3000,0,0.3,"Missing",0.756320566727581,1.13261175292711
2005,0,0.12,1000,1,0.45,"D",0.0140026219589225,-4.25440910055135
2005,0,0.15,4500,1,0,"C",0.0420512170895034,-3.12590598416193
2005,0,0.2,5000,1,0.95,"C",0.0471897835948977,-3.00523832058871
2005,1,0.29,3000,1,0,"Missing",0.925516633030169,2.51977626548285
2005,0,0.2,12000,0,0.34,"C",0.00410539304359703,-5.49133994982925
2005,0,0.17,6300,0,0.41,"C",0.0200739566982262,-3.88805381451643
2005,0,0.2,2000,0,0.01,"D",0.214962990645474,-1.29526498556785
2005,0,0.2,1000,1,0.9,"D",0.148131949570919,-1.74932821672395
2005,0,0.13,9000,0,0,"A",0.00028716392831108,-8.15517012131315
2005,0,0.26,25000,1,0.38,"D",0.0785276589542974,-2.46252185541953
2005,1,0.29,3500,1,1,"Missing",0.995831669710908,5.47606269165175
2005,0,0.28,10500,0,0.94,"C",0.00784131395502686,-4.84047664363878
2005,0,0.07,3000,1,0.09,"AA",0.00949695310959249,-4.64724192039028
2005,1,0.29,12000,1,0,"Missing",0.975437954407408,3.68168416474128
2005,1,0.29,6000,1,0.79,"Missing",0.46396345821375,-0.144396538446008
2005,0,0.15,8575,0,0.9,"B",0.000332249484942521,-8.00929210589071
2005,0,0.2,3000,0,0.62,"C",0.0114903287323757,-4.45469272459002
2005,1,0.29,4000,1,0.98,"Missing",0.929154778377807,2.57377781216749
2005,0,0.23,15000,0,0.06,"D",0.177060959425945,-1.53638805134045
2005,1,0.29,2500,0,1.09,"Missing",0.930591469307918,2.59581059190164
2005,0,0.29,6000,0,1.02,"Missing",0.631680235976618,0.539431825525248
2005,0,0.05,2000,0,0.1,"AA",0.000493396691303937,-7.61370354135014
2005,0,0.13,9900,0,0.86,"B",0.00196661350832563,-6.22947369693706
2005,0,0.09,2000,1,0.01,"AA",0.00074668671391972,-7.19911788752081
2005,0,0.29,5000,1,0,"Missing",0.897590315525283,2.17073246232941
2005,0,0.17,25000,0,0.67,"A",0.00276983076275429,-5.88619538328588
2005,0,0.16,3500,1,0.51,"C",0.00882604388211161,-4.72118317211788
2005,0,0.18,5000,0,0.5,"D",0.0151793110199329,-4.17252619937465
2005,0,0.27,15000,1,0.75,"C",0.294412680813027,-0.874048073516394
2005,0,0.2,8000,0,0.84,"D",0.0304944466164487,-3.4592416138707
2005,1,0.29,3000,0,0.61,"Missing",0.982668022502345,4.03771813882678
2005,0,0.1,2550,0,0.02,"AA",0.000394201156724604,-7.83825495001581
2005,1,0.29,2560,0,1,"Missing",0.890283354207463,2.09363869257857
2005,0,0.09,3600,0,0.23,"AA",9.51364722828105e-05,-9.26010300587163
2005,0,0.29,3000,0,0.29,"Missing",0.394295405014137,-0.429292012910358
2005,1,0.29,2500,0,0.96,"Missing",0.967765928334274,3.40196622906975
2005,1,0.29,6000,0,0,"Missing",0.768631073644513,1.20059758587335
2005,0,0.15,15000,0,0.05,"AA",0.00077059292183866,-7.1675794210932
2005,0,0.11,5000,0,0.18,"A",0.000346363596848711,-7.96767505313242
2005,1,0.29,1800,0,0.98,"Missing",0.94068854661453,2.76380967307004
2005,1,0.29,3001,0,0.85,"Missing",0.867011953153251,1.87479351263261
2005,0,0.15,3000,1,0,"C",0.0366588733148254,-3.26875207381635
2005,1,0.26,2000,1,0,"Missing",0.940698776468307,2.76399303961315
2005,0,0.2,25000,0,0,"B",0.000402117094908344,-7.81836503292709
2005,0,0.13,10000,0,0.28,"AA",0.00192802314615526,-6.24933019342336
2005,1,0.29,4531,0,0,"Missing",0.96416810254975,3.29242717270549
2005,0,0.19,4700,0,0.74,"D",0.109550934871139,-2.09533630329095
2005,0,0.15,18000,0,0.37,"B",0.00335219572923574,-5.69478187936482
2005,1,0.24,1000,0,0.92,"Missing",0.994962772422096,5.28584947482502
2005,0,0.14,24000,0,0.54,"A",0.000468790461999626,-7.66488576509378
2005,1,0.07,6500,0,0.75,"Missing",0.126863009567896,-1.928984623234
2005,0,0.1,1000,0,0.2,"A",0.00139062829394361,-6.5766080278191
2005,1,0.28,3500,0,0,"Missing",0.948327329671002,2.90977070570461
2005,1,0.2,4100,1,0.8,"D",0.201375184763442,-1.37772150856449
2005,0,0.2,6500,0,0.74,"D",0.433717994688948,-0.266697655642584
2005,0,0.24,7000,0,1.14,"D",0.306233344362058,-0.817788298275784
2005,1,0.24,3500,0,0.8,"Missing",0.993036246633858,4.96004855979448
2005,1,0.29,2100,1,1.14,"Missing",0.83203607205734,1.60012655399777
2005,0,0.16,9000,0,0.97,"C",0.0127982267285135,-4.3455678249196
2005,0,0.11,4000,0,0.11,"AA",6.15555557883861e-05,-9.69550888732035
2005,0,0.28,2000,1,0.97,"Missing",0.860050860889625,1.81571246353415
2005,0,0.1,1000,0,0.3,"AA",0.00149031412075838,-6.50727693619968
2005,1,0.27,6000,0,0.85,"Missing",0.981161257661966,3.95282131491676
2005,1,0.29,4000,0,1,"Missing",0.954769093759135,3.0496889050387
2005,0,0.16,9800,0,0,"C",0.00152487809592976,-6.48431476730734
2005,1,0.29,2100,0,0,"Missing",0.975782690222162,3.69617225061353
2005,0,0.23,8100,0,0.93,"C",0.00730570480787397,-4.91176723333184
2005,0,0.16,17000,0,0,"A",0.00460222265415945,-5.37660306101107
2005,1,0.29,5000,0,0.77,"Missing",0.922062364507517,2.4707038998179
2005,0,0.2,5000,0,0.45,"D",0.0501528093636484,-2.94122658764054
2005,0,0.28,25000,0,0.73,"C",0.00635230950792147,-5.05256425888865
2005,0,0.18,1230,0,0,"C",0.0252308809688405,-3.65413196240651
2005,0,0.29,5000,0,0.77,"D",0.642669902312678,0.586971223266474
2005,1,0.25,1500,1,0.97,"Missing",0.9674504476819,3.39190059183427
2005,0,0.1,1000,0,0.24,"AA",0.00190268725135728,-6.26258354957078
2005,1,0.19,4000,0,0.9,"D",0.212057627840616,-1.31256688823624
2005,0,0.29,2400,0,1.05,"Missing",0.70072618771271,0.850758293826295
2005,0,0.29,5000,1,0,"Missing",0.599457851977664,0.403206667225465
2005,0,0.17,1000,0,0.35,"D",0.0544448728468692,-2.85458350880809
2005,0,0.14,6001,0,0.54,"A",0.00268202675222506,-5.91849688961291
2005,0,0.17,5500,0,0.91,"C",0.00721110846252722,-4.92489536572261
2005,1,0.24,8000,1,0.93,"Missing",0.982165297919824,4.00861350756157
2005,0,0.27,2550,0,0.98,"Missing",0.696285354569827,0.829670974273641
2005,0,0.2,10000,0,0.87,"C",0.00216244136898774,-6.13435264931118
2005,0,0.11,1000,1,0.97,"C",0.00823976383835243,-4.79050969753711
2005,0,0.17,9000,0,1,"Missing",0.340256872223194,-0.662149720026577
2005,0,0.1,4000,0,0.51,"AA",0.00167684601786894,-6.38916236685366
2005,0,0.23,13100,0,0.71,"D",0.124720754068271,-1.94846570283089
2005,0,0.18,20000,0,0.67,"B",0.000423162006400188,-7.76733220682284
2005,0,0.15,4500,1,0.49,"C",0.0172071785990449,-4.04507167923015
2005,0,0.25,4000,1,0.47,"C",0.260405676045629,-1.04386111749612
2005,0,0.2,19900,0,0.98,"A",0.00121050018324273,-6.71551039677807
2005,1,0.2,6500,1,1.06,"Missing",0.928223760836519,2.5597193348984
2005,0,0.11,3000,0,0,"B",0.000746272199451158,-7.19967359489251
2005,1,0.17,1100,0,0.29,"D",0.205973141560222,-1.34937150791173
2005,0,0.1,1000,0,0.2,"A",0.00129611426122321,-6.64708756547043
2005,0,0.17,3000,0,0,"C",0.00127334808873188,-6.6648313976043
2005,0,0.28,5000,0,1.19,"Missing",0.787587386503445,1.31044365835038
2005,0,0.29,2525,0,0,"D",0.126535364604227,-1.93194581147312
2005,0,0.25,2550,0,0,"Missing",0.312325847808986,-0.789268082917336
2005,0,0.07,3000,0,0.06,"AA",0.000179694645873542,-8.62407184863074
2005,0,0.15,20000,1,0.79,"B",0.0228365177622394,-3.75629305797624
2005,1,0.29,2550,0,0,"Missing",0.904560316468983,2.24895452559697
2005,0,0.15,14700,0,0.37,"AA",0.0128378708441556,-4.34243482813357
2005,0,0.12,10000,0,0.81,"AA",0.000340741195374719,-7.98404652741962
2005,0,0.19,6001,0,0.2,"C",0.0211532129312055,-3.83458332526839
2005,0,0.09,4800,0,0.12,"AA",0.000151273186807979,-8.79627188696323
2005,0,0.1,3885,0,0.38,"A",0.00520259275062087,-5.25338199840906
2005,1,0.29,2000,1,0,"Missing",0.985796158131876,4.23993711494789
2005,0,0.15,18000,0,0.61,"B",0.000168748772957327,-8.68693073658942
2005,0,0.11,3000,0,0.32,"AA",0.000713513038942612,-7.2445960788821
2005,0,0.15,15000,0,0.16,"AA",0.000470405278311424,-7.66144542458909
2005,0,0.15,10000,0,0.16,"A",0.00117022243153223,-6.74939052814439
2005,0,0.18,9900,0,0.55,"C",0.1273712767028,-1.92440391693268
2005,0,0.2,10000,0,0.64,"D",0.052206162202826,-2.89893647014294
2005,0,0.25,15000,0,0.9,"D",0.0363609604158187,-3.27722110118806
2005,0,0.1,9000,0,0.22,"AA",0.00334400493032355,-5.69723650077093
2005,1,0.29,4500,0,0.91,"Missing",0.868678167103538,1.88932165809451
2005,1,0.22,15000,0,0.04,"D",0.109979450623977,-2.09095101581469
2005,0,0.11,3000,0,0.27,"B",0.00291484867822354,-5.83501826681982
2005,0,0.1,9990,0,0.05,"AA",0.000519057619216001,-7.56297646890035
2005,0,0.17,10000,0,0.84,"C",0.004770501841919,-5.34052185466204
2005,0,0.17,1000,0,0.72,"C",0.0241982593602487,-3.69697872787475
2005,0,0.17,2500,1,0.59,"C",0.0145656338353264,-4.21441761768013
2005,0,0.2,2000,1,0.98,"C",0.0674568730716591,-2.62642692293841
2005,1,0.27,3200,0,0.98,"Missing",0.786891868805713,1.30629114720481
2005,1,0.24,3000,0,1.99,"Missing",0.939569478911772,2.74392747584991
2005,0,0.09,1500,0,0.03,"AA",0.000975013914662207,-6.93208332606992
2005,0,0.17,3000,0,0.53,"C",0.0125029405333856,-4.36920965970163
2005,0,0.29,5500,0,0.41,"D",0.555292922547294,0.222079950381238
2005,1,0.29,20000,0,0.61,"D",0.786321796067331,1.30289495503922
2005,1,0.29,3800,0,0.73,"Missing",0.995996263166316,5.51651537229679
2005,0,0.24,10000,0,0,"C",0.544999824017893,0.180487666035508
2005,0,0.24,6000,0,0.52,"D",0.0366953921941668,-3.26771847922151
2005,0,0.12,2500,0,0,"B",0.00305383613247517,-5.78829822170806
2005,0,0.21,5000,0,0.77,"C",0.0452001443072363,-3.0504014638549
2005,1,0.29,5000,1,0,"Missing",0.977158097572295,3.75605178336894
2005,0,0.17,1500,0,0.67,"C",0.0159141599259967,-4.12450385479988
2005,0,0.17,11000,0,0,"C",0.0214249764048046,-3.82154009275056
2005,0,0.07,2550,0,0.01,"AA",0.000153696763169088,-8.78037525847311
2005,0,0.15,1600,0,0.82,"C",0.100456316859874,-2.19216464111645
2005,0,0.14,5000,1,0.39,"B",0.000590363651245021,-7.43418131490822
2005,1,0.29,5500,0,0.99,"Missing",0.930425927644632,2.59325049371162
2005,0,0.19,7500,0,0.98,"D",0.406691652016676,-0.377658957033758
2005,1,0.29,7500,0,0.35,"Missing",0.817693257761237,1.50079661045879
2005,0,0.13,5000,0,0.32,"B",0.00292332296632138,-5.83210670335012
2005,0,0.2,15000,0,0.59,"A",0.00101650375684859,-6.89036920828874
2005,0,0.07,1000,0,0.02,"AA",0.00103221309861585,-6.87501739613481
2005,1,0.25,15000,0,0.11,"D",0.54183597735828,0.167736082798964
2005,1,0.26,3000,1,0,"Missing",0.98398953511198,4.11837269800694
2005,0,0.07,1850,1,0.31,"AA",0.00157754101970004,-6.45030917425983
2005,1,0.22,3200,0,0,"D",0.828736607243498,1.57669970121885
2005,0,0.22,25000,1,0.69,"AA",0.00496727364776518,-5.29990449964838
2005,0,0.08,2000,0,0.15,"AA",0.00205529281767833,-6.18527954299987
2005,0,0.13,10800,1,0.68,"A",0.00644518115923731,-5.03795649347502
2005,1,0.26,3000,0,1.17,"Missing",0.966401372482304,3.35909402893334
2005,1,0.29,3500,0,0.71,"Missing",0.887939030574613,2.0698599883231
2005,0,0.15,2500,0,0.56,"C",0.018611208793209,-3.96520467985707
2005,0,0.25,10000,0,0.93,"B",0.00114588964518819,-6.77042741429491
2005,0,0.18,3000,1,0.93,"C",0.0140825258697731,-4.2486379246624
2005,0,0.18,15000,1,0.02,"C",0.00230352564233262,-6.07100825891092
2005,0,0.14,4575,0,0.6,"C",0.00578617964323288,-5.14648004056003
2005,0,0.09,3030,0,0.04,"AA",0.000467397424804076,-7.66786313880467
2005,0,0.2,5000,0,0.96,"C",0.0260319200807929,-3.62205505051383
2005,1,0.29,2400,0,0.87,"Missing",0.61983821364114,0.488861582557734
2005,0,0.25,9000,0,0.42,"C",0.0534443602366944,-2.87418863651339
2005,0,0.16,4000,0,0.8,"C",0.0193344825202312,-3.92634127983667
2005,0,0.11,8000,0,0.32,"A",0.0137885122554984,-4.27003502198143
2005,0,0.17,15000,1,0.89,"B",0.0201376092272395,-3.88482297166646
2005,0,0.24,3000,0,0.56,"Missing",0.571477127273356,0.287880344959928
2005,1,0.29,3000,1,0.53,"D",0.369638964516637,-0.533765969751616
2005,0,0.1,6000,1,0.75,"A",0.0177282033574019,-4.01471126724511
2005,0,0.29,3300,0,0.91,"Missing",0.676174438651052,0.736246108187183
2005,0,0.22,10000,0,0.8,"D",0.242537639385404,-1.13881693489783
2005,1,0.17,1000,1,0.14,"D",0.601884821075638,0.413324742186266
2005,0,0.18,3000,0,0.79,"B",0.000193523195613874,-8.54991963678159
2005,0,0.25,15000,1,0,"D",0.323095535278092,-0.739582092984905
2005,1,0.2,2000,0,0,"D",0.626397895685607,0.516794446420931
2005,0,0.24,4500,1,0.71,"D",0.142032432018835,-1.79851087319574
2005,1,0.25,3500,0,0.97,"Missing",0.983591804027011,4.0934300132342
2005,1,0.29,3800,0,0.84,"Missing",0.896166201109628,2.15533435483847
2005,1,0.29,5000,0,0.71,"Missing",0.880859214727128,2.00059194813852
2005,0,0.25,7000,0,0.96,"D",0.0473605360842083,-3.0014472052346
2005,0,0.19,6000,0,0.5,"B",0.00985975206864669,-4.60938557454156
2005,0,0.12,4000,0,0.04,"AA",9.061717407237e-05,-9.3087761823017
2005,0,0.29,3300,0,0.91,"Missing",0.58059292264005,0.325207868492011
2005,1,0.29,2550,1,0.91,"Missing",0.992966360691576,4.94999253259272
2005,0,0.21,10001,0,0.69,"D",0.0167686048699442,-4.07133610896103
2005,0,0.13,5000,0,0.32,"B",9.29700745806181e-05,-9.28313992089936
2005,0,0.29,2600,1,0,"Missing",0.906212548184966,2.26824280806996
2005,1,0.29,1800,0,0.73,"Missing",0.990177732401368,4.61323244262668
2005,0,0.22,12500,0,0.96,"C",0.113991707114358,-2.05060060933977
2005,0,0.18,20000,0,0.67,"B",0.014568074247406,-4.214247609338
2005,0,0.14,3000,0,0.35,"C",0.0237845838069355,-3.71464564377269
2005,1,0.28,5000,0,0.96,"Missing",0.928067208878312,2.55737192709314
2005,0,0.13,20000,0,0.52,"A",0.000439740552569238,-7.72888582095075
2005,0,0.11,1000,0,0.05,"C",0.0182993940967321,-3.98241843006523
2005,0,0.22,5000,0,0.47,"D",0.0100724960529828,-4.58782316588841
2005,0,0.29,5000,0,0.46,"Missing",0.963707901258228,3.2791881896388
2005,0,0.21,5500,1,0,"C",0.0635172641185241,-2.69081934216139
2005,0,0.17,2000,0,0.79,"D",0.118262633521475,-2.00898638217562
2005,0,0.16,9000,0,0.69,"C",0.00167755130765189,-6.38874114383016
2005,0,0.2,4500,0,0.39,"D",0.0866289307846077,-2.35550839301624
2005,0,0.23,5000,0,0.39,"D",0.20262518369332,-1.3699669655662
2005,0,0.1,3900,0,0.41,"AA",0.00318968127353642,-5.74463950227891
2005,1,0.29,20000,0,0.61,"D",0.380265537004742,-0.488421310529514
2005,0,0.23,6000,0,0,"C",0.185486340858566,-1.47960995272182
2005,1,0.29,6000,0,0,"Missing",0.957110349639291,3.10528814618825
2005,0,0.24,5000,0,0.95,"D",0.179171226921551,-1.52197260512704
2005,1,0.29,2100,0,0,"Missing",0.911037758893426,2.32637232166346
2005,0,0.21,25000,1,0.01,"B",0.000788677422754415,-7.14436417527543
2005,0,0.11,3000,0,0,"B",0.00557602550479039,-5.18368740193673
2005,0,0.2,12200,0,0.35,"C",0.251783287289959,-1.08912391243472
2005,0,0.17,4000,1,0,"C",0.016370036954439,-4.09579712368137
2005,0,0.29,12000,1,0.18,"C",0.239451729928813,-1.15568772982352
2005,1,0.29,10000,1,0.9,"Missing",0.884981858768182,2.04047728046685
2005,0,0.11,11000,1,0.43,"AA",0.000253701778065313,-8.27909734888286
2005,0,0.29,10000,0,0.98,"C",0.436954868792844,-0.253529872240173
2005,0,0.17,2000,0,0.25,"Missing",0.482879561718101,-0.0685085354985824
2005,0,0.18,2500,0,0.82,"D",0.0484871552414113,-2.97675426364487
2005,1,0.29,1300,0,0.55,"Missing",0.961724816325389,3.22392661568237
2005,1,0.11,3000,1,0,"C",0.0655407833349727,-2.65729538885244
2005,0,0.29,18000,0,0.93,"D",0.212790127189607,-1.30818852573373
2005,1,0.29,2501,1,0,"Missing",0.954377504879032,3.04065839165985
2005,0,0.15,15000,0,0.63,"B",0.00175666158969111,-6.34258188889108
2005,0,0.11,15000,0,0.01,"AA",0.000649580334946556,-7.33853425072901
2005,0,0.15,16000,0,0.24,"C",0.0122210811683075,-4.39229648120244
2005,0,0.19,25000,0,0.85,"A",0.0169431371324047,-4.06080410183492
2005,0,0.15,9999,0,0.31,"A",0.00224732692408,-6.09576394682658
2005,0,0.16,3500,1,0,"C",0.0195981457680167,-3.91252758486502
2005,1,0.24,3000,0,1.62,"Missing",0.654766696412455,0.640058552736406
2005,0,0.15,12000,1,0.53,"B",0.00205400666262609,-6.18590680472141
2005,1,0.29,5000,0,0,"Missing",0.979293249451712,3.85637137691293
2005,0,0.29,6000,0,0,"Missing",0.516186992714002,0.0647706053330173
2005,1,0.2,1500,0,0.53,"D",0.353730778659271,-0.602680056731662
2005,0,0.18,14000,0,0.28,"C",0.0183230855009021,-3.98110047897836
2005,1,0.29,3000,0,0,"Missing",0.935895462859634,2.68098864161866
2005,0,0.14,1500,1,0.25,"AA",0.00321582920512421,-5.73644902583885
2005,1,0.29,3001,0,0.84,"Missing",0.974246459039067,3.63309217895997
2005,0,0.11,12000,0,0.02,"AA",0.000469286781692267,-7.66382710463776
2005,0,0.17,9200,0,0.06,"A",0.00184141356907763,-6.29537864719052
2005,0,0.17,8500,1,0.21,"B",0.00396155975411236,-5.52714802644604
2005,1,0.29,2000,1,0,"Missing",0.772568022414661,1.22286886574418
2005,0,0.21,4900,0,0,"D",0.0161500708930369,-4.10954893503034
2005,0,0.29,20000,0,0.03,"D",0.204306098946342,-1.35959521119998
2005,1,0.29,5500,0,1.13,"Missing",0.551903511497141,0.208364647638384
2005,0,0.15,9990,0,0.2,"A",0.000253001372842856,-8.28186260961204
2005,0,0.29,3000,1,0.59,"D",0.332183992771442,-0.698323686814147
2005,0,0.15,2000,1,0.49,"D",0.259751262487047,-1.04726177113246
2005,0,0.09,8000,0,0,"AA",0.000291134699173974,-8.14143333704395
2005,1,0.2,7400,1,0.27,"D",0.273994630228366,-0.974448902687764
2005,0,0.14,3000,0,0.85,"C",0.013746920802047,-4.27309813691782
2005,0,0.14,7000,0,0.32,"A",6.68652988928889e-05,-9.61276355902023
2005,1,0.27,10095,0,0.9,"Missing",0.871091181157711,1.91064133321432
2005,0,0.24,10000,0,0.97,"B",0.0198132367196016,-3.90139289275173
2005,1,0.27,7000,0,0,"D",0.175431739972267,-1.54760990695603
2005,1,0.29,7600,0,0.94,"Missing",0.974820673225347,3.65623023743674
2005,0,0.17,6500,0,0.81,"C",0.0343276044914442,-3.33687481544246
2005,1,0.29,5500,0,0.77,"Missing",0.964718989631791,3.30849198719402
2005,1,0.26,9500,0,0.86,"D",0.15833789752145,-1.67064728882657
2005,0,0.15,16000,0,0.77,"B",0.000979588704774674,-6.92739769458381
2005,0,0.12,4800,0,0.66,"B",0.000905943067887699,-7.00562773918947
2005,0,0.17,5000,0,0.97,"D",0.010786693360415,-4.51859670925944
2005,1,0.22,7300,0,0.74,"D",0.200416732290965,-1.38369181638954
2005,1,0.29,2550,0,0.91,"Missing",0.996674212863358,5.70271757020694
2005,0,0.13,2550,0,0.53,"B",0.00081993307957457,-7.10546756190263
2005,1,0.22,1500,1,1,"Missing",0.915689652992021,2.38517290270487
2005,0,0.2,12500,0,0.52,"A",0.0124084097807593,-4.37689479120587
2005,0,0.12,25000,1,0,"AA",0.00138292704267063,-6.58216909647185
2005,1,0.29,5000,0,0.72,"Missing",0.908740939030704,2.29835777216624
2005,0,0.14,18500,0,0.45,"A",0.000824932031727796,-7.09938428833258
2005,0,0.15,3000,0,0,"C",0.00775152679367409,-4.85208372334569
2005,1,0.27,1700,1,0,"Missing",0.982916390896989,4.05240458965572
2005,1,0.24,1800,0,1.18,"Missing",0.929582425869727,2.58029261633021
2005,0,0.17,10000,1,0.95,"D",0.350930384887235,-0.614952106007912
2005,0,0.18,17000,0,0.23,"B",0.000702424122296073,-7.26027050261872
2005,0,0.11,1253,0,0.73,"A",0.000866590306954142,-7.05007726785169
2005,0,0.13,9000,0,0.26,"AA",0.00242321180563139,-6.02023527381025
2005,0,0.12,5000,0,0,"AA",0.000347477040566521,-7.96446442802963
2005,1,0.2,2500,0,0,"Missing",0.499695234286125,-0.00121906300647301
2005,0,0.2,13000,0,0.9,"C",0.0111500514364266,-4.4850984887237
2005,0,0.25,25000,0,0.57,"D",0.250490439555003,-1.09599831887763
2005,1,0.27,7500,0,0.91,"Missing",0.932075190281288,2.61901213373438
2005,0,0.22,6001,0,0.01,"D",0.142564175797169,-1.79415408085958
2005,0,0.25,4449,0,0.94,"D",0.231465486170898,-1.20005469801624
2005,1,0.17,1000,1,0.14,"D",0.0899310331670456,-2.31447730593785
2005,0,0.07,1000,0,0,"AA",0.000196552425535933,-8.53438479387383
2005,0,0.15,1500,1,0.85,"D",0.136268446990281,-1.84663520285777
2005,1,0.2,8500,0,0.89,"D",0.272160171414001,-0.983690249835716
2005,0,0.28,6000,0,0,"D",0.413553967336785,-0.349292628481743
2005,0,0.08,2500,1,0.24,"AA",0.000933606039639263,-6.97552196569793
2005,0,0.17,2400,0,0.86,"D",0.00726915654652177,-4.91681930692479
2005,0,0.09,5000,0,0.02,"AA",0.00419086549652397,-5.47064833217702
2005,1,0.29,2400,0,1.05,"Missing",0.994864391732533,5.26640814658615
2005,0,0.11,3000,0,0.26,"A",6.22276901998989e-05,-9.68464824759328
2005,0,0.15,5000,1,0.6,"D",0.0738616639553541,-2.52882967679008
2005,0,0.25,10000,1,0,"A",0.00750753374268115,-4.88431240646494
2005,0,0.18,19200,0,0,"AA",0.00168303132025646,-6.38547430495998
2005,0,0.24,25000,0,0.89,"B",0.00826094534682946,-4.78792099318361
2005,0,0.18,25000,0,0.6,"A",0.047420679157398,-3.000114977302
2005,0,0.15,6500,0,1.05,"C",0.000813801813441911,-7.11297956090614
2005,1,0.17,1800,0,0.96,"Missing",0.460088077700832,-0.159988074984406
2005,0,0.13,10000,0,0.15,"A",0.00254649268325604,-5.97048854438815
2005,0,0.1,3000,1,0.32,"A",0.0197806846380094,-3.90307039957774
2005,1,0.23,5000,0,1,"Missing",0.378633361216338,-0.495352956122976
2005,0,0.17,20000,1,0.01,"AA",0.000684312592768316,-7.28641119092488
2005,0,0.18,2000,0,0,"D",0.0156250904912205,-4.1431288430426
2005,0,0.2,9000,0,0.72,"D",0.123025521802819,-1.96408606251094
2005,1,0.29,5000,0,0.72,"Missing",0.879657399255764,1.98918983144604
2005,1,0.29,4500,1,1.32,"Missing",0.840010053923055,1.65830288448134
2005,1,0.2,3000,1,1.03,"Missing",0.887100544289027,2.06146067892571
2005,1,0.07,1000,1,1.06,"Missing",0.448333867769892,-0.207404834956484
2005,0,0.21,9500,0,0.73,"D",0.0106121904424022,-4.53508299560956
2005,0,0.11,1200,0,1,"Missing",0.144838707316692,-1.77566933760634
2005,0,0.11,20000,1,0.87,"AA",0.0313765579149515,-3.42981488082601
2005,1,0.29,5824,0,0,"Missing",0.955557429613013,3.06809706353642
2005,1,0.29,7000,0,0.12,"D",0.364715420770682,-0.55495567440628
2005,0,0.15,5000,1,0.84,"B",0.00067780693132074,-7.29597003589381
2005,1,0.25,1000,1,0.95,"D",0.171133189791531,-1.57761733803227
2005,1,0.29,2700,0,0.47,"Missing",0.843698188513352,1.68600600692883
2005,0,0.15,9500,0,0.39,"B",0.0121247255720613,-4.40030964598597
2005,1,0.2,6500,1,0.92,"D",0.547722662085389,0.191473496629217
2005,0,0.11,3000,0,0.27,"B",0.0104593386231789,-4.54974562955396
2005,0,0.18,9200,0,0.71,"C",0.00420033089560759,-5.46838279506235
2005,1,0.29,5000,0,0.77,"Missing",0.694026477090823,0.8190115394386
2005,1,0.28,1200,0,0.81,"Missing",0.959081418498925,3.15439169534447
2005,0,0.18,9200,0,0.71,"C",0.0217067662516332,-3.80818543432817
2005,0,0.17,5000,0,0.03,"C",0.0166664060075109,-4.07755334865444
2005,0,0.2,3000,0,0.62,"C",0.0404996890003394,-3.16511834449545
2005,0,0.2,7500,0,0,"D",0.124477588528448,-1.95069506199991
2005,0,0.18,25000,0,0.69,"B",0.00244684018227696,-6.01050796976391
2005,0,0.09,6100,0,0.48,"A",0.000222748726119445,-8.40924343697156
2005,1,0.29,3000,1,0,"Missing",0.983281552808656,4.07438276910596
2005,0,0.16,2000,0,0.89,"C",0.0393301241830287,-3.1956400845289
2005,0,0.22,6000,0,0.71,"C",0.0892261956042662,-2.32311990351599
2005,1,0.29,2550,0,0,"Missing",0.86912999927133,1.89328824084137
2005,0,0.17,1000,0,0.35,"D",0.0148287273219315,-4.19624917228709
2005,0,0.22,18200,1,0.8,"C",0.354090400094905,-0.601107307730151
2005,1,0.29,3000,1,0,"Missing",0.952502718888345,2.99842049182502
2005,1,0.17,9000,0,1,"Missing",0.421989623916678,-0.314611094353944
2005,0,0.16,4200,1,0.83,"C",0.02085306554263,-3.84918075167702
2005,0,0.26,10000,0,0.97,"D",0.00617635103855126,-5.08083212513398
2005,1,0.29,3500,0,0,"Missing",0.856373187935286,1.78548789562187
2005,1,0.21,15000,0,0.24,"C",0.219308471215228,-1.26970081916273
2005,0,0.14,3000,0,0,"C",0.0460900411654655,-3.02997238433496
2005,0,0.2,6500,0,0,"C",0.129193418495385,-1.90810923771698
2005,0,0.25,1500,0,0,"Missing",0.439758883443385,-0.242140671806637
2005,1,0.28,4500,0,0.47,"Missing",0.915793110184189,2.38651373222733
2005,0,0.15,2890,1,0,"D",0.126306488796183,-1.9340182363801
2005,0,0.12,15000,0,0.55,"A",0.00164859236594149,-6.40618351393729
2005,0,0.2,1000,1,0.42,"C",0.0410702349836834,-3.15053418497782
2005,0,0.17,1600,0,0.98,"C",0.0119607735394279,-4.41408997621435
2005,0,0.14,4500,1,0.76,"B",0.00315269853886356,-5.75633883511722
2005,0,0.2,7000,0,0.59,"C",0.020100400620676,-3.88671037056004
2005,1,0.29,10000,0,0,"Missing",0.642929121356345,0.588100185298287
2005,0,0.11,3000,0,0.26,"A",0.00163305082690131,-6.41567095490727
2005,1,0.29,2000,1,0,"Missing",0.996735027493606,5.72123362283613
2005,0,0.09,3000,0,0,"AA",0.00124999018044742,-6.68336881127103
2005,0,0.17,2800,0,0,"C",0.0282914337809939,-3.5364968649327
2005,0,0.17,17000,0,0.7,"A",0.00603763977812139,-5.10368616859319
2005,0,0.21,10000,0,0.21,"D",0.0458612386272386,-3.03518882709879
2005,0,0.14,6001,0,0.54,"A",0.0144894639667723,-4.21973805526225
2005,0,0.12,7000,0,0.2,"B",0.00968964364524119,-4.62696073555841
2005,1,0.23,1400,0,0,"Missing",0.772508100149293,1.22252786164179
2005,1,0.26,3000,1,0,"Missing",0.421306270180901,-0.317413321769018
2005,0,0.07,2550,0,0.01,"AA",0.000250088889176498,-8.29344402642472
2005,0,0.15,2000,0,0,"C",0.0604184835548043,-2.7441395036184
2005,1,0.27,12000,1,0,"D",0.735972894703462,1.02514152074841
2005,0,0.22,15000,0,0.94,"C",0.0863125404111224,-2.35951366567835
2005,0,0.15,20000,0,0.75,"B",0.00932733179715331,-4.66543518228306
2005,0,0.15,3000,1,0,"C",0.00647937682446175,-5.03263048320454
2005,1,0.29,4600,0,0.9,"Missing",0.580445888321947,0.324604072676833
2005,0,0.21,5000,0,0.77,"C",0.0269474613474349,-3.58654898298083
2005,0,0.19,10300,0,0.38,"B",0.00329934010774606,-5.71072800292368
2005,1,0.24,3000,0,0.67,"Missing",0.840592336946996,1.66264196679816
2005,0,0.2,3000,0,0,"D",0.00225906329336673,-6.0905434047505
2005,0,0.14,2500,0,0,"C",0.0104764040673738,-4.54809811440686
2005,1,0.27,1000,0,0,"Missing",0.92095394541577,2.45537937800057
2005,1,0.2,6001,0,0.77,"C",0.172626600564618,-1.56712522032478
2005,0,0.09,4500,0,0.07,"AA",0.000638410573992631,-7.35589033424938
2005,1,0.29,3800,0,0.96,"Missing",0.915523307735477,2.38302015768777
2005,0,0.29,3300,0,0.91,"Missing",0.882321974030525,2.0146047377236
2005,0,0.2,3000,1,0.47,"D",0.0262439990280593,-3.61372340546209
2005,1,0.29,12500,0,0.96,"D",0.263748316304127,-1.0265767207278
2005,0,0.15,5000,0,0.73,"B",0.000172824968260418,-8.66305837988031
2005,1,0.29,2550,1,1.26,"Missing",0.80630900616237,1.42620297745534
2005,0,0.12,15000,0,0,"A",0.00450189477544956,-5.39874485079607
2005,0,0.2,9500,1,0.65,"AA",0.00221560843878101,-6.11001015648029
2005,0,0.16,10000,0,0.11,"B",0.00600065370203044,-5.10986813537663
2005,0,0.2,8000,0,0.92,"D",0.141094631404212,-1.80622794132878
2005,0,0.12,10000,0,0.85,"A",0.000386354340488555,-7.85836920005104
2005,0,0.17,6000,0,0.82,"C",0.0021826817322517,-6.12501593853575
2005,1,0.19,3000,0,0.97,"C",0.21676225574195,-1.28463512513966
2005,0,0.24,20000,1,0.88,"C",0.00860752565080717,-4.74647359834562
2005,1,0.27,15000,0,0.94,"D",0.614720227934619,0.467197499301821
2005,0,0.11,10000,1,0.23,"AA",0.00361209113950881,-5.61984978083096
2005,0,0.14,22000,0,0.71,"A",0.000454407090808008,-7.69606257554294
2005,0,0.09,2000,0,0,"A",0.000837955526711291,-7.08370722283305
2005,0,0.11,8000,0,0.62,"B",0.000248382598821043,-8.30029184996328
2005,0,0.19,9000,0,0.76,"C",0.0172665746133612,-4.04156536930515
2005,1,0.2,2500,0,0.8,"Missing",0.919716783850934,2.43850519423597
2005,0,0.23,15000,1,0.76,"B",0.0107895192196062,-4.51833191048297
2005,1,0.2,3000,1,1.03,"Missing",0.935341003770687,2.67178392436409
2005,0,0.09,8000,0,0,"AA",0.000439381733402802,-7.72970249227034
2005,0,0.16,4500,0,0.88,"D",0.0594697014402307,-2.76097690023335
2005,0,0.12,1000,1,0.45,"D",0.055094542518183,-2.84203421309965
2005,0,0.29,2000,1,0,"Missing",0.753912536826551,1.11958934827779
2005,0,0.2,7500,0,0.74,"C",0.0386841432970557,-3.21287324785192
2005,0,0.2,3500,0,0.8,"D",0.19577516251832,-1.41291200792892
2005,1,0.29,3800,0,0.84,"Missing",0.67073423616098,0.711507769719504
2005,0,0.25,3500,0,0.97,"Missing",0.544569384191957,0.178751981846386
2005,1,0.14,25000,1,0.63,"AA",0.0632541285859755,-2.69525163074922
2005,0,0.07,1500,0,0.01,"AA",0.000533496499928565,-7.53552440896792
2005,0,0.19,9900,0,0.36,"C",0.047346718407528,-3.00175350739499
2005,0,0.19,25000,0,0.85,"A",0.000446913652383869,-7.71269813986339
2005,0,0.17,1700,0,0.28,"D",0.275234966114221,-0.968222356044534
2005,0,0.25,5000,0,0.2,"D",0.0659152785035999,-2.6511968839613
2005,0,0.11,1200,0,1,"Missing",0.0772127748601105,-2.4808337618155
2005,1,0.2,3800,0,1,"Missing",0.489832767959068,-0.0406745349589992
2005,0,0.13,10000,0,0.53,"A",0.0146447960807022,-4.20891713325836
2005,0,0.14,1000,0,0,"B",0.0138845583729003,-4.26299611431086
2005,1,0.29,4500,1,1.52,"Missing",0.966588382284013,3.36486906487316
2005,1,0.29,25000,0,0.52,"D",0.240739399055892,-1.14863004950631
2005,0,0.16,8200,0,0.87,"C",0.00244221366367745,-6.01240521102588
2005,1,0.25,2000,1,1.4,"Missing",0.993027789948364,4.95882639441085
2005,0,0.24,2800,0,0,"Missing",0.525780201936845,0.103212335157445
2005,1,0.25,5000,0,1,"Missing",0.641698894088898,0.582745470489885
2005,0,0.16,25000,0,0,"A",0.0138775363029518,-4.26350910988627
2005,1,0.29,2550,0,0.98,"Missing",0.892642467163353,2.11802143531379
2005,1,0.29,7000,1,1.02,"Missing",0.985148541402175,4.19469435075538
2005,0,0.09,1500,0,0.03,"AA",0.000279745120486655,-8.18135186907486
2005,0,0.09,5000,0,0,"AA",0.00261180391860583,-5.94509891920333
2005,1,0.26,1000,1,0,"Missing",0.860394252813486,1.81856835926438
2005,0,0.22,6500,1,0,"B",0.0036920153117797,-5.59788396744203
2005,1,0.2,5000,0,0.96,"C",0.482431312390238,-0.0703036931076424
2005,0,0.18,15000,0,0.58,"C",0.00329647743900953,-5.71159890056578
2005,1,0.28,11000,0,0.9,"Missing",0.990843258102757,4.68406592909473
2005,0,0.29,7000,0,0,"Missing",0.904413872143769,2.24725937536893
2005,1,0.24,14900,0,0.93,"D",0.125493504084971,-1.9414057256255
2005,1,0.26,6000,1,1.06,"Missing",0.930562304409876,2.59535914765557
2005,0,0.2,9500,0,0.72,"D",0.0265770123907569,-3.60077206659079
2005,1,0.29,3500,0,1.01,"Missing",0.829430477641306,1.58159632436748
2005,0,0.15,15000,1,0.45,"A",0.00715724781571065,-4.93244677139788
2005,0,0.17,25000,0,0.54,"A",0.00107113484029519,-6.83796488522354
2005,0,0.27,14000,1,0.65,"D",0.118873210791124,-2.00314406111443
2005,1,0.29,3900,0,0,"Missing",0.947886210974405,2.90080488609247
2005,0,0.21,10001,0,0.69,"D",0.125442843173304,-1.94186742980998
2005,1,0.23,2000,0,0.9,"Missing",0.643262438700743,0.589552399214094
2005,0,0.13,5000,0,0.32,"B",0.000318241199291611,-8.05238268250384
2005,1,0.18,8000,1,0,"C",0.23684869748136,-1.17003478111109
2005,0,0.26,10000,0,0.46,"D",0.0980732031917488,-2.21881918906668
2005,0,0.18,2550,0,0.28,"D",0.0125678238032168,-4.36396793070582
2005,1,0.21,8000,0,0.76,"D",0.133407567374302,-1.87115991819383
2005,0,0.17,1000,0,1.02,"D",0.0215208964976024,-3.81697503772775
2005,0,0.13,1200,0,0.72,"D",0.249447102101166,-1.10156325504592
2005,0,0.17,15000,1,0.41,"B",0.0124908090419243,-4.37019270681754
2005,0,0.21,5000,0,0.73,"D",0.064560757780684,-2.6734094352405
2005,0,0.12,3001,0,0.05,"AA",0.00880552830768433,-4.72353101188976
2005,0,0.2,9000,0,0.65,"A",0.00445572144269346,-5.40910061341617
2005,1,0.2,2000,0,0.77,"Missing",0.767316786761536,1.19322180801101
2005,0,0.26,7000,0,0.58,"D",0.0312473314896912,-3.43407535504865
2005,0,0.12,25000,0,0.17,"AA",0.00676993591262,-4.9884707025975
2005,0,0.17,5000,0,0.15,"B",0.000558425794894673,-7.48983023151477
2005,0,0.2,10000,0,0.87,"C",0.00987952450694249,-4.60736224436798
2005,0,0.14,2400,0,0.94,"B",0.000385389957223739,-7.86086939614434
2005,0,0.1,6000,0,0.51,"AA",9.92466774121209e-05,-9.21780286431061
2005,0,0.13,4000,0,0.01,"A",0.00557251661370012,-5.18432041032829
2005,1,0.29,2000,1,0.83,"Missing",0.981647588450102,3.97947138723394
2005,0,0.17,25000,0,0.54,"A",0.0414633044461904,-3.14059904024516
2005,1,0.24,3500,0,0.94,"Missing",0.277754702226305,-0.955626470716571
2005,0,0.26,2600,0,0.73,"D",0.618868641600226,0.484748951093665
2005,1,0.23,1600,0,0.74,"Missing",0.893685369045938,2.12895086283652
2005,1,0.29,7000,0,0.36,"Missing",0.68076983296957,0.757311895777389
2005,1,0.29,7000,1,0.64,"Missing",0.939690415267038,2.74605943366013
2005,1,0.29,4750,1,1.19,"Missing",0.971300795324,3.52176678848824
2005,0,0.1,8300,0,0.05,"AA",0.000735491980555279,-7.21423515878662
2005,1,0.23,4400,1,0,"Missing",0.433536494482013,-0.267436679085016
2005,0,0.09,3600,0,0.23,"AA",0.000867152893791371,-7.04942771955594
2005,0,0.19,13500,0,0.78,"B",0.0661307922562875,-2.64770191198703
2005,1,0.29,4000,1,0.98,"Missing",0.889532945832436,2.0859792208456
2005,0,0.15,9500,0,0.36,"A",0.000397962557925999,-7.828754590902
2005,0,0.18,13000,0,0.95,"B",0.000705254797237707,-7.25624590231854
2005,0,0.24,7100,0,0.9,"D",0.202140748297584,-1.37296797706343
2005,0,0.22,5000,1,0,"D",0.4605598718842,-0.15808893973052
2005,1,0.17,2000,0,0.25,"Missing",0.801519410645578,1.39581788093655
2005,0,0.11,5000,0,0.18,"A",0.000336236659898841,-7.9973590077984
2005,0,0.22,6001,0,0,"D",0.048102951386313,-2.98511335211895
2005,0,0.1,3000,0,0.2,"AA",0.000958626315715283,-6.94905013328583
2005,0,0.15,1000,0,0.16,"A",0.00674578775222611,-4.99206836217414
2005,0,0.2,3000,0,0.62,"C",0.00878311134285776,-4.72610265682464
2005,0,0.15,3000,0,0.03,"AA",0.000465594696704111,-7.67172934873266
2005,0,0.1,1500,1,0.79,"A",0.00461804777931681,-5.37315447787615
2005,1,0.2,1300,0,0,"Missing",0.777861296058497,1.253246246283
2005,0,0.08,5000,0,0.13,"AA",0.000516145505939744,-7.56860556522372
2005,1,0.2,1100,0,0,"Missing",0.400859194579145,-0.401886408040844
2005,0,0.1,6500,0,0.69,"AA",0.000152081699645929,-8.7909405905823
2005,1,0.24,22000,0,0.93,"D",0.502930400824293,0.0117217375083745
2005,1,0.23,1750,1,0,"Missing",0.94410041289417,2.82667553624617
2005,1,0.29,1000,0,0,"Missing",0.93027700369582,2.59095219925534
2005,0,0.1,7500,0,0.13,"AA",0.000563520502130317,-7.48074316225702
2005,0,0.16,10000,0,0.11,"B",0.00193356109334966,-6.24645641729582
2005,0,0.15,2700,0,0.51,"C",0.0672273002156177,-2.63008212997374
2005,0,0.29,3000,0,0.82,"Missing",0.676421574000905,0.737374997613067
2005,1,0.17,3000,0,0,"Missing",0.84241606065355,1.6763157614606
2005,0,0.17,6001,0,0.56,"B",0.000554923331119197,-7.49612551852986
2005,0,0.13,10000,0,0.12,"AA",0.00240901156088951,-6.02612683842225
2005,0,0.2,3500,0,0.8,"D",0.0353327520177511,-3.30697286815004
2005,0,0.23,9600,0,0.94,"D",0.520172859953106,0.0807352651828483
2005,1,0.26,2500,1,0.91,"Missing",0.915744270151752,2.38588056765069
2005,0,0.18,5000,0,0.92,"B",0.00199243451549962,-6.21640359128217
2005,0,0.15,2000,0,0.87,"D",0.0263213878034518,-3.61069944908576
2005,0,0.16,8000,0,0.9,"B",0.011909137029177,-4.41846873701459
2005,0,0.18,15000,0,0.29,"C",0.0576790789727961,-2.79345137208272
2005,1,0.29,2500,0,0,"Missing",0.997017367850149,5.81196200749603
2005,0,0.11,10500,0,0.16,"AA",0.00442686497275571,-5.41562693398927
2005,0,0.11,14000,0,0.29,"AA",0.00922200454401395,-4.67689806198234
2005,0,0.15,9500,0,0.36,"A",0.00807117175681528,-4.81135268813724
2005,0,0.17,25000,0,0.11,"A",0.00639849177840106,-5.04527392614575
2005,1,0.27,3200,1,0,"Missing",0.982112678166458,4.00561386087833
2005,1,0.29,10500,0,0.99,"Missing",0.824028168629341,1.54388078135636
2005,0,0.09,2000,0,0.85,"A",0.000527395396146312,-7.54703247890474
2005,0,0.25,7000,0,1.02,"C",0.0171848644618308,-4.04639201768755
2005,0,0.24,2350,0,1.37,"Missing",0.652075744575254,0.628175928582219
2005,1,0.28,3200,0,0.99,"Missing",0.733759186860066,1.01377967969691
2005,0,0.12,1500,1,0.59,"D",0.0307974515312351,-3.44904167433111
2005,0,0.18,15000,0,0.26,"B",0.0018794775825457,-6.27488017636445
2005,1,0.15,4000,0,1,"D",0.185516680017925,-1.47940915174994
2005,1,0.29,5224,0,0.67,"Missing",0.977532322895771,3.77295365500938
2005,1,0.16,3500,1,0.51,"C",0.303662620655875,-0.829916998675118
2005,0,0.21,6000,0,0.89,"C",0.0346613459676537,-3.3268538596047
2005,1,0.06,6000,1,0.81,"Missing",0.643788277025333,0.591844628138457
2005,1,0.29,3000,0,0.63,"Missing",0.943561148480482,2.81650339488853
2005,0,0.19,3900,1,0,"C",0.207490552553125,-1.34011861797921
2005,1,0.26,2000,1,0,"Missing",0.936268616563435,2.68722530194705
2005,0,0.29,25000,0,0.82,"B",0.0020109990602568,-6.20711061165931
2005,0,0.09,2000,0,0.02,"AA",0.000240407098601119,-8.33293639144731
2005,0,0.17,17000,1,0.59,"B",0.00778632949538249,-4.84756891049714
2005,0,0.25,9000,0,0.42,"C",0.0464180899480295,-3.02253607314511
2005,0,0.15,1800,1,1.02,"D",0.150735163752035,-1.72884666218649
2005,1,0.29,3500,0,1.24,"Missing",0.925679180579335,2.52213659733939
2005,1,0.29,5000,0,0.89,"Missing",0.716669978869576,0.92800308350139
2005,0,0.18,9500,1,0.36,"A",0.0120530844191846,-4.40630837155579
2005,0,0.15,2000,0,0.36,"D",0.132023668952346,-1.88318322915303
2005,0,0.15,7500,0,0.65,"B",0.000413987526974639,-7.78926063942993
2005,0,0.19,25000,0,0.89,"B",0.0839694265380367,-2.38959697845405
2005,0,0.12,11000,0,0.7,"A",0.00011873548428676,-9.03849361757243
2005,0,0.29,25000,0,0.52,"D",0.601772981947733,0.412858028001122
2005,0,0.09,3000,0,0.13,"A",0.00297249254905503,-5.81537751684891
2005,0,0.18,6000,0,0.58,"C",0.0157616494163908,-4.13428835656922
2005,0,0.2,24000,0,0.76,"C",0.00950122965477217,-4.64678739711466
2005,1,0.23,8000,1,0.74,"D",0.0390763306233626,-3.20237804869868
2005,1,0.24,1500,0,0,"Missing",0.915026985201424,2.37661982373688
2005,0,0.21,25000,1,0.01,"B",0.0159219399770575,-4.12400719234992
2005,0,0.19,2500,0,0.82,"C",0.0103607537982705,-4.55931548430836
2005,0,0.25,15000,0,0.45,"C",0.0396385113686773,-3.18750860925245
2005,0,0.29,25000,0,0.44,"AA",0.000864362417255179,-7.05265367650126
2005,0,0.22,1100,1,0,"Missing",0.408192968989324,-0.371440594815071
2005,0,0.15,3500,1,0.89,"C",0.0103237661475935,-4.56292922286531
2005,0,0.2,8000,0,0.87,"D",0.482292951429932,-0.0708578265035862
2005,0,0.1,2000,0,0,"AA",0.015852201937199,-4.1284676728996
2005,1,0.26,1000,1,0.33,"Missing",0.949980317496463,2.94402468791616
2005,0,0.15,5000,0,0.33,"B",0.000197240122354316,-8.53089141669963
2005,0,0.15,2700,0,0.51,"C",0.0330271037740363,-3.37684191549023
2005,0,0.17,3800,0,1.1,"D",0.00767683999304182,-4.861840817123
2005,0,0.09,1400,1,0.9,"D",0.0447604735747238,-3.06063665834434
2005,1,0.24,1000,1,0.98,"Missing",0.967272458211472,3.38626323199827
2005,0,0.15,20000,1,0.72,"B",0.0416120447330393,-3.13686299752797
2005,1,0.28,3001,0,0,"Missing",0.65471619886893,0.639835166725286
2005,0,0.22,8500,0,0.93,"D",0.234341748578179,-1.18395540929183
2005,1,0.29,9200,1,0.98,"Missing",0.985154554471806,4.19510541718753
2005,0,0.12,25000,0,0.07,"AA",0.00030455258176681,-8.09636220443366
2005,0,0.16,4500,0,0.88,"D",0.00260028052551176,-5.94953227822035
2005,0,0.12,9000,0,0.43,"B",0.00390192870019458,-5.54237474849451
2005,0,0.23,10000,1,0.64,"C",0.00422149512532492,-5.46333548778856
2005,0,0.12,10000,0,0.12,"AA",0.000165452707055976,-8.70665969555781
2005,0,0.18,3000,1,0.95,"D",0.0523890640019611,-2.89524614565745
2005,0,0.12,1500,1,0.59,"D",0.00655964554221402,-5.02023745611783
2005,1,0.15,6088,0,0.69,"B",0.00235945766897345,-6.04696124206004
2005,1,0.2,5500,0,0.95,"Missing",0.934704716018506,2.66131085479447
2005,0,0.1,1500,0,0.89,"A",0.00208914397497126,-6.16890954897985
2005,0,0.15,25000,0,0.04,"A",0.00247427725958233,-5.99932959859476
2005,1,0.29,3000,0,1.51,"Missing",0.938012371577095,2.71682831466587
2005,0,0.15,25000,1,0.37,"AA",0.00190193797647569,-6.26297817606776
2005,0,0.22,15000,0,0.04,"D",0.129799797492331,-1.90273005888325
2005,0,0.21,1000,0,0.42,"D",0.0596363313572743,-2.75800170709915
2005,1,0.24,3000,0,0.67,"Missing",0.854769637961592,1.77251081787047
2005,0,0.21,7500,0,0.68,"C",0.0694150003080184,-2.5957104333924
2005,1,0.24,6001,0,0.74,"D",0.467694554581404,-0.129402048416045
2005,0,0.1,6000,0,0.51,"AA",6.05967674890342e-05,-9.71120840947329
2005,0,0.14,12000,1,0.37,"A",0.00266555372798384,-5.92467435245001
2005,0,0.11,1200,0,1,"Missing",0.135982141211942,-1.84906987598856
2005,0,0.17,1700,0,0.8,"Missing",0.514713942012526,0.0588727665888257
2005,0,0.13,9900,0,0.86,"B",0.0010525702294282,-6.85546714376577
2005,1,0.29,3500,0,0.71,"Missing",0.977492324656565,3.77113406240004
2005,0,0.24,9000,0,0.64,"D",0.174547190456986,-1.55373695831775
2005,0,0.14,9250,0,0.92,"B",0.00234494405892173,-6.05314603509301
2005,1,0.29,3000,0,1.51,"Missing",0.976207050979863,3.71428542918573
2005,1,0.26,2000,1,0,"Missing",0.988649940755336,4.46711735253405
2005,1,0.29,5300,0,0.96,"Missing",0.928197478006058,2.55932490902196
2005,0,0.06,1000,0,0.04,"AA",0.000429531197198757,-7.75238655962011
2005,0,0.11,9000,1,0.85,"A",0.00365627959619142,-5.60764617220795
2005,1,0.28,1200,0,0.81,"Missing",0.994579189548446,5.21207438854352
2005,0,0.17,5000,0,0.89,"D",0.0707684633314126,-2.57494447161929
2005,0,0.2,15000,0,0.61,"B",0.0038971806487792,-5.54359710339654
2005,0,0.26,1500,0,0,"Missing",0.4205751736137,-0.320412697451617
2005,0,0.18,7500,0,0,"C",0.0694605063966634,-2.59500618083447
2005,1,0.2,4000,0,0,"D",0.177319598458138,-1.5346140464009
2005,0,0.25,3500,1,0,"D",0.234041059848788,-1.18563199596414
2005,0,0.19,21200,1,0.47,"B",0.0255791501572087,-3.64006572168927
2005,0,0.12,2500,0,0,"C",0.248645504495919,-1.10584936633856
2005,0,0.13,9000,0,0.86,"B",0.00605500830371074,-5.10079611639454
2005,0,0.22,4500,1,0.68,"D",0.363480084908305,-0.560291197522012
2005,1,0.29,3600,0,0.3,"Missing",0.900450384452492,2.20223889672256
2005,0,0.11,6000,0,0.1,"A",0.00176941384026238,-6.33533596983481
2005,0,0.25,4000,0,0.46,"C",0.0412426153773168,-3.14616597939766
2005,0,0.23,2400,0,0.91,"Missing",0.629006261223476,0.527956025049378
2005,0,0.2,5000,0,0.43,"D",0.0675597906408518,-2.62479203774024
2005,0,0.28,3200,0,0.93,"D",0.041743757910987,-3.1335652892852
2005,0,0.2,12000,0,0.66,"C",0.0159914003699895,-4.11958353560381
2005,0,0.17,2800,0,0,"C",0.0311249579024221,-3.4381256458003
2005,1,0.29,2000,1,0.83,"Missing",0.993662319904553,5.05488464459226
2005,1,0.17,12000,0,0.91,"D",0.204535673070723,-1.35818360247525
2005,0,0.28,6000,0,0,"D",0.559141731833208,0.237679549922748
2005,0,0.24,5500,0,0,"D",0.0557180442426135,-2.83012075493745
2005,0,0.28,6000,0,0.53,"D",0.133914013946515,-1.86678628767283
2005,1,0.29,3975,0,0.97,"Missing",0.964079679834208,3.2898707899286
2005,0,0.28,5000,0,0.95,"C",0.127203574838827,-1.92591358409237
2005,0,0.17,15000,1,0.89,"B",0.0036200983732904,-5.61762741178519
2005,0,0.18,15000,1,0.02,"C",0.00390430122340285,-5.54176451286967
2005,0,0.23,3500,1,0.96,"C",0.0746838075048172,-2.51687220718885
2005,1,0.24,4500,0,0.72,"D",0.258490353152364,-1.0538297967099
2005,1,0.28,5000,0,0.95,"C",0.198099829836555,-1.39821302928667
2005,0,0.12,3500,0,0.31,"A",0.0029432592386912,-5.82529012792494
2005,0,0.13,9900,0,0.86,"B",0.00328815531664193,-5.71413499230323
2005,0,0.17,1500,1,0.56,"C",0.0118713074579553,-4.42168859421828
2005,0,0.16,25000,1,0.66,"AA",0.0009328667563941,-6.97631487717876
2005,0,0.09,2000,0,0.02,"AA",0.000115118292617249,-9.06943520190627
2005,0,0.09,1500,0,0.29,"A",0.000623474802917871,-7.3795785367376
2005,0,0.18,7000,0,0.33,"C",0.114189358359214,-2.04864509637513
2005,0,0.13,25000,1,0.11,"AA",0.00409494683687136,-5.49389819011935
2005,1,0.29,6000,0,1.02,"Missing",0.976641894954311,3.73317601444316
2005,1,0.29,2550,1,1.32,"Missing",0.929141136173366,2.57357058470813
2005,1,0.2,1750,0,0.96,"Missing",0.941076134447943,2.77077784810146
2005,1,0.29,2550,0,1,"Missing",0.850676864305536,1.73991968988983
2005,1,0.29,2000,1,0,"Missing",0.881711545572495,2.00873878616792
2005,0,0.1,2000,0,0,"AA",0.000317706112150435,-8.05406602153382
2005,0,0.2,25000,0,0.08,"B",0.000353939417377463,-7.94603079475925
2005,0,0.2,7500,0,0.99,"D",0.0415772387457662,-3.13773610430703
2005,0,0.18,2000,0,0,"D",0.199965483763732,-1.38651010155968
2005,0,0.2,25000,1,0.19,"C",0.0838183490245123,-2.39156270831303
2005,0,0.2,21000,0,0.34,"AA",0.0127272855222738,-4.35119815259767
2005,0,0.14,8000,0,0.74,"B",0.00545629874795995,-5.20551336536689
2005,0,0.15,1200,0,0.49,"C",0.172499048851093,-1.56801853412571
2005,1,0.29,2000,1,1.08,"Missing",0.984248601200476,4.13494933464347
2005,0,0.2,3500,0,1,"D",0.0882807413655768,-2.33481013299856
2005,0,0.15,2500,0,1.01,"D",0.00867924424828768,-4.73810369401922
2005,0,0.24,25000,1,0.46,"C",0.0639399716616858,-2.68373490683131
2005,0,0.2,6001,0,0.77,"C",0.0261860307091639,-3.61599419924202
2005,1,0.29,4669,1,0,"Missing",0.653086993446216,0.632636294665426
2005,0,0.18,9800,0,0.57,"C",0.0571884290015811,-2.80251485626135
2005,0,0.17,9200,0,0.06,"A",0.193814346924609,-1.42541332853058
2005,1,0.29,5000,1,0,"Missing",0.965113108509187,3.32013414869081
2005,0,0.13,25000,0,0.11,"AA",0.000131784005982977,-8.93421450122946
2005,1,0.26,6000,1,1.06,"Missing",0.912389694806265,2.3431685655244
2005,1,0.24,18000,1,0.97,"C",0.0693521922460873,-2.59668315353782
2005,0,0.15,8500,0,0,"B",0.000925388950597074,-6.98437060431253
2005,0,0.17,6000,0,0.6,"C",0.00584511332932759,-5.13628703227534
2005,1,0.17,2550,0,0.25,"C",0.119584569920594,-1.99637005656176
2005,1,0.29,3000,1,0.61,"Missing",0.974315391998002,3.63584316025869
2005,0,0.09,2550,0,0.58,"AA",8.72142644461294e-05,-9.34705543926195
2005,0,0.15,3000,0,0.03,"AA",0.000896442692035408,-7.01617934633522
2005,0,0.25,10000,0,0.93,"B",0.0539125901169399,-2.86497093072356
2005,0,0.08,2500,0,0.06,"AA",0.00117691879447266,-6.74367783482799
2005,0,0.11,13000,1,0,"AA",0.00459986188109022,-5.37711852798732
2005,0,0.15,6010,0,0.63,"B",0.000177197723408678,-8.63806715403187
2005,1,0.2,2000,0,1.44,"Missing",0.650131206084465,0.619615988360764
2005,0,0.17,18000,0,0.22,"B",0.00272844204472789,-5.90129234124455
2005,1,0.29,3500,0,1.24,"Missing",0.984291761267302,4.13773702369588
2005,1,0.2,1500,0,0.88,"Missing",0.865986117559844,1.86592548301815
2005,0,0.22,6500,1,0,"B",0.014592747032858,-4.21253038380462
2005,0,0.23,6001,0,0.42,"C",0.215509568024106,-1.29202906802263
2005,1,0.29,8000,0,0.8,"Missing",0.952322949779562,2.99445405556538
2005,0,0.2,7500,0,0.38,"C",0.0446957533691446,-3.06215137842447
2005,0,0.13,16000,0,0.34,"A",0.000527501930919581,-7.54683039100069
2005,1,0.27,1000,1,0,"Missing",0.954781714115381,3.04998118274998
2005,0,0.1,2000,0,0.06,"AA",0.0021180242735254,-6.15515130082144
2005,1,0.22,5600,0,0.94,"D",0.10245902915282,-2.17019576620086
2005,0,0.23,1300,0,0.43,"D",0.0524581732982234,-2.89385492727579
2005,0,0.17,3650,0,0.85,"D",0.0421148321072178,-3.12432791905838
2005,1,0.25,8500,0,0.86,"Missing",0.984942284288198,4.18069251311997
2005,0,0.25,15000,0,0.83,"C",0.0103201336475857,-4.56328481319635
2005,0,0.14,4500,0,0,"AA",0.0524279115120075,-2.89446390494375
2005,0,0.22,18200,1,0.8,"C",0.00531715037145322,-5.23148642687586
2005,0,0.15,4500,1,0,"C",0.0274029765681789,-3.56931819617228
2005,0,0.2,2000,0,0,"D",0.0201076116414396,-3.88634432582849
2005,0,0.17,3800,0,0.7,"C",0.123632385469058,-1.9584731251376
2005,0,0.29,23250,0,0.92,"C",0.062943858779395,-2.70049999775442
2005,1,0.25,1500,0,0,"Missing",0.979231130103449,3.8533124765819
2005,1,0.29,12000,1,0,"Missing",0.990813085715954,4.68074579363996
2005,0,0.1,4000,1,0.43,"A",0.00300415613483785,-5.8047498931161
2005,0,0.23,7000,0,0.52,"D",0.0316008174724982,-3.42246139127487
2005,0,0.17,4600,0,0.88,"B",0.00726232302441156,-4.91776670344589
2005,0,0.15,1700,0,0.83,"D",0.00825585938568684,-4.78854197442751
2005,1,0.29,25000,0,0.34,"C",0.329400600552173,-0.710897297575379
2005,0,0.21,5000,0,0.73,"D",0.420293119081981,-0.32157022763374
2005,1,0.2,5000,0,0.64,"D",0.217180009765969,-1.28217622427442
2005,0,0.24,1550,0,1.09,"Missing",0.772546513360857,1.2227464552757
2005,0,0.2,3000,0,0,"D",0.0455753240554448,-3.04174229446207
2005,1,0.24,1000,1,0,"Missing",0.956379950517169,3.08763837669359
2005,0,0.17,1000,0,0.72,"C",0.0101379653550832,-4.58127825176092
2005,0,0.17,3000,1,0.14,"AA",0.00394903469590906,-5.53032725799482
2005,0,0.23,5000,0,0.37,"D",0.217677861089945,-1.27925032957127
2005,0,0.24,1000,0,0,"Missing",0.20592177520259,-1.34968561164349
2005,1,0.15,9999,0,0.83,"C",0.0636552408804357,-2.68850208039034
2005,0,0.15,5000,0,0.92,"B",0.00341664741425803,-5.6756729994501
2005,0,0.23,3500,1,0.96,"C",0.200083688568818,-1.38577138961549
2005,0,0.11,2593,0,1.01,"Missing",0.703623560451724,0.864613096320398
2005,1,0.24,7500,0,0,"C",0.428593197764144,-0.287593182145862
2005,0,0.17,10000,1,0.95,"D",0.0332715031659324,-3.3692164176718
2005,0,0.21,5000,0,0.85,"C",0.0148684009181873,-4.1935370181326
2005,0,0.08,3500,0,0.46,"AA",0.00158574185783632,-6.44511593156843
2005,0,0.2,5000,1,0.95,"C",0.0877955988466802,-2.34085271668021
2005,0,0.23,21000,0,0,"B",0.00100661550793854,-6.90015443499787
2005,1,0.2,3000,1,0.47,"D",0.544954559957381,0.180305132772277
2005,0,0.2,13500,0,0.31,"C",0.028440516915799,-3.53108771459687
2005,1,0.16,4000,0,0.8,"C",0.489702309250946,-0.0411965884372725
2005,0,0.2,3000,1,1.03,"Missing",0.620170353030612,0.4902713484952
2005,0,0.22,1500,1,1,"Missing",0.870392594069435,1.90443444060218
2005,1,0.29,4500,0,0.45,"Missing",0.979090567048932,3.84642375348515
2005,0,0.15,4500,0,0.96,"A",0.0140737534046622,-4.24926994914073
2005,0,0.2,10000,0,0.35,"C",0.00433651436681204,-5.43633845053093
2005,0,0.26,2000,1,0,"Missing",0.846599831739311,1.70817814353008
2005,0,0.2,2550,0,0,"AA",0.00040660121663998,-7.80727098064499
2005,1,0.29,15000,0,0.97,"D",0.346430450790593,-0.63476687385949
2005,1,0.29,4500,0,0.97,"D",0.0984063330750527,-2.21505877593243
2005,1,0.18,8000,0,0.35,"C",0.0644666145018761,-2.6749693472322
2005,0,0.22,10001,1,0.81,"D",0.102614803036546,-2.16850299649579
2005,0,0.15,4000,0,0.72,"C",0.0243681120957843,-3.68980995497159
2005,0,0.24,1500,1,0.88,"Missing",0.963857238334671,3.2834664926319
2005,0,0.26,7000,0,0.58,"D",0.134928812996676,-1.85806447243404
2005,0,0.14,2100,0,0.92,"C",0.0289967459890365,-3.51114620306518
2005,0,0.25,9000,0,0.86,"Missing",0.832075571695279,1.60040922138161
2005,0,0.12,6000,0,0.03,"AA",0.000248345522296643,-8.30044117001848
2005,1,0.27,1000,1,0,"Missing",0.984097365748643,4.12524006939929
2005,1,0.29,11700,0,0.56,"Missing",0.798505668800743,1.37698081895718
2005,0,0.15,10000,0,0.64,"AA",0.0116318509999469,-4.44230813757401
2005,0,0.23,10000,1,0.64,"C",0.53469894056964,0.139019224874102
2005,0,0.19,13000,1,0.89,"C",0.0139075730338342,-4.26131657517327
2005,0,0.08,1000,0,0.78,"A",0.000709939212709004,-7.24962101615809
2005,1,0.29,2550,1,0.75,"D",0.284432328627816,-0.922580809098331
2005,0,0.14,8000,0,0.92,"B",0.000214794238703997,-8.44561520005497
2005,1,0.22,4500,1,0.68,"D",0.317835957144032,-0.763734769325133
2005,0,0.12,25000,0,0.07,"AA",0.00667966077982908,-5.00198600462738
2005,1,0.24,1000,0,0.97,"Missing",0.8561125379469,1.78337035654954
2005,0,0.24,4500,0,0.72,"D",0.0106950330211022,-4.52722321296028
2005,0,0.17,1000,0,0.67,"D",0.0792193297725376,-2.45300153299277
2005,1,0.15,3000,0,0.91,"Missing",0.705454869784183,0.873410565256151
2005,1,0.29,3999,0,0.96,"Missing",0.981056503016799,3.94716934975375
2005,0,0.18,5000,0,0,"B",0.000109130772675653,-9.12285450881343
2005,1,0.29,3700,0,0.58,"D",0.914660635327593,2.3719172730578
2005,0,0.24,3000,0,0.92,"Missing",0.64887928550963,0.614116618380907
2005,0,0.17,6500,0,0.79,"C",0.00338340730963088,-5.6854828535105
2005,0,0.13,20000,0,0.46,"A",0.00055675625960893,-7.49282609746072
2005,0,0.18,2750,1,0,"D",0.0865928089317066,-2.35596499919723
2005,0,0.24,10000,1,0.73,"D",0.0481591401037273,-2.9838869109913
2005,1,0.17,6500,1,0.33,"C",0.138138929119297,-1.83083417551209
2005,0,0.16,3500,1,0.51,"C",0.218797771278463,-1.27268616756172
2005,0,0.29,4600,0,0.9,"Missing",0.267967204739476,-1.00496071257829
2005,0,0.29,15000,0,0,"AA",0.0011139633208375,-6.79871647941956
2005,0,0.15,4000,0,0.64,"B",0.00106056046373204,-6.84789664796579
2005,0,0.12,19500,1,0,"AA",0.00395093890323997,-5.52984326681039
2005,0,0.17,15000,1,0,"A",0.0899191353860979,-2.31462268704494
2005,0,0.22,10000,0,0.65,"C",0.0985248653253574,-2.21372350392216
2005,1,0.29,3000,0,0,"Missing",0.515014434235253,0.0600757987274285
2005,0,0.29,16900,0,0.04,"D",0.0405997998272607,-3.16254516147912
2005,0,0.11,8000,1,0.17,"AA",0.00381667821953856,-5.56455083037962
2005,1,0.29,2501,1,0,"Missing",0.90909712424987,2.30266029873121
2005,1,0.2,2000,0,1.03,"Missing",0.806301000673198,1.42615171845676
2005,0,0.14,12000,1,0.37,"A",0.00209485810610868,-6.16617240229231
2005,0,0.17,11000,0,0,"C",0.00331859753198407,-5.70488889913791
2005,0,0.17,7000,0,0.67,"B",0.00369086146819597,-5.59819769845814
2005,0,0.15,3000,0,0.05,"AA",0.00163963909072582,-6.41163814322479
2005,0,0.08,3000,0,0.03,"AA",0.000214679510756494,-8.44614958704365
2005,0,0.18,10000,0,0.96,"C",0.0180968814192921,-3.99375302008751
2005,1,0.29,3600,0,0.92,"Missing",0.798307637748411,1.3757504567529
2005,0,0.14,3000,0,0,"C",0.0556472340129759,-2.83146741590717
2005,0,0.2,7000,0,0.28,"C",0.0764133664325266,-2.49210697109932
2005,0,0.27,3000,1,0.79,"D",0.596547938589806,0.391101931024865
2005,1,0.22,3000,0,0.3,"Missing",0.431611216697125,-0.275280440532558
2005,0,0.2,25000,0,0,"B",0.000809327341966655,-7.1184974422981
2005,0,0.19,7500,0,0.98,"D",0.15316581415807,-1.70998382184333
2005,0,0.2,5000,0,0.64,"D",0.0228045813595019,-3.7577251985254
2005,0,0.23,3550,0,0.66,"D",0.119584657399678,-1.99636922567603
2005,1,0.24,3000,0,0.91,"Missing",0.823031468750864,1.53702250936689
2005,0,0.14,1500,1,0.25,"AA",0.000906029498017764,-7.00553225374198
2005,1,0.23,2500,0,0.79,"D",0.390261968293801,-0.446211181506324
2005,0,0.09,5000,0,0,"AA",0.000133191892261569,-8.92358646985463
2005,0,0.13,6000,0,0,"B",0.00334103132509156,-5.69812911465583
2005,0,0.12,20000,0,0,"AA",0.00904547175000379,-4.69640437519
2005,0,0.07,1500,1,0.91,"Missing",0.0743389053599959,-2.52187373916373
2005,0,0.19,18000,0,0.76,"C",0.00781015220342103,-4.84449001586564
2005,0,0.15,5000,0,0.92,"B",0.0061487514449918,-5.08533850198379
2005,1,0.29,8500,1,0.87,"Missing",0.923453532587489,2.49022250815191
2005,0,0.15,12000,0,0.61,"B",0.00519806429223232,-5.25425735296261
2005,0,0.29,12000,0,0.63,"D",0.0456738080936217,-3.03948052669834
2005,1,0.2,2500,0,0,"Missing",0.890360120134373,2.09442483453292
2005,0,0.17,25000,0,0.54,"A",0.0117933341668032,-4.42835738108167
2005,0,0.17,15000,1,0.98,"B",0.00426184748400455,-5.45378157598049
2005,0,0.23,2500,0,0.79,"D",0.0328506885977439,-3.38238018377086
2005,1,0.29,3001,0,0,"Missing",0.910751618350989,2.32284692511911
2005,0,0.15,9500,0,0.39,"B",0.00990529782446609,-4.60473084952482
2005,0,0.29,25000,1,0.97,"D",0.405364799776428,-0.383160706777343
2005,0,0.17,10000,1,0.95,"D",0.0195699408882073,-3.91399655036032
2005,0,0.09,5000,0,0,"A",0.00113421227412429,-6.78068204462911
2005,0,0.24,10000,1,0.73,"D",0.085457659308916,-2.37040272551546
2005,0,0.29,5500,1,0.89,"Missing",0.98183535065181,3.98994626515467
2005,0,0.15,12000,0,0.94,"B",0.000917998620381265,-6.9923962499584
2005,0,0.09,1500,0,0.29,"A",0.000140237266812946,-8.87203455979458
2005,1,0.28,1000,0,0,"Missing",0.838008131829759,1.64348166679663
2005,1,0.23,8500,1,1.13,"Missing",0.863350206700931,1.84339901053309
2005,0,0.2,5000,0,0.97,"C",0.0424862195374914,-3.11516033590464
2005,1,0.29,2100,0,0,"Missing",0.956533488975456,3.0913250201704
2005,0,0.05,2000,0,0.1,"AA",0.000266677031456189,-8.22920553916299
2005,0,0.2,3000,1,0.07,"D",0.0893462852946572,-2.32164304344114
2005,0,0.26,7000,0,0.58,"D",0.156728150280519,-1.68277660727751
2005,0,0.11,2500,1,0,"B",0.00181865459908966,-6.30783797216984
2005,1,0.28,12000,0,0,"Missing",0.991228491313737,4.72743625449601
2005,0,0.19,5000,0,0.39,"C",0.040250589608243,-3.1715475671362
2005,1,0.29,6500,1,0.85,"D",0.637732557222673,0.565536274898524
2005,0,0.16,3500,1,0.51,"C",0.0157389577335007,-4.13575212562308
2005,0,0.23,8000,0,0.87,"D",0.177070357757065,-1.5363235526025
2005,1,0.29,4531,0,0,"Missing",0.922823814171606,2.481347396677
2005,1,0.29,1000,1,1,"Missing",0.895051136105306,2.14340763095323
2005,1,0.29,3500,0,1.01,"Missing",0.936694100424424,2.6943782368868
2005,0,0.11,12000,0,0.41,"A",0.00114864492323595,-6.7680230538803
2005,0,0.23,7500,1,0.81,"Missing",0.615912234439386,0.472233394203149
2005,0,0.23,6001,0,0.42,"C",0.0285177721536842,-3.52829549786471
2005,0,0.11,3500,0,0,"D",0.039723427884427,-3.18528020225149
2005,1,0.15,2000,0,0.5,"D",0.31266948925357,-0.787668581563068
2005,1,0.29,2500,0,0.96,"Missing",0.958008736659702,3.1273953166779
2005,0,0.11,3000,0,0,"B",0.00136584729837904,-6.59461353058804
2005,0,0.11,2593,0,1.01,"Missing",0.139912131594003,-1.81601996249859
2005,0,0.26,10000,0,0.97,"D",0.384419851698236,-0.470829834623476
2005,0,0.1,1500,0,0.89,"A",0.000326378549145763,-8.02712622474064
2005,0,0.29,20000,0,0.89,"C",0.0717314416023977,-2.5603919181866
2005,1,0.23,12500,1,0.41,"D",0.0311952534537989,-3.43579714128361
2005,1,0.27,3750,0,0.88,"Missing",0.989783751457873,4.57350703925106
2005,0,0.24,3000,0,1.62,"Missing",0.816629490685522,1.49367674514428
2005,1,0.15,2500,0,0.24,"C",0.0274396187264813,-3.56794425432469
2005,0,0.08,1000,0,0.33,"A",0.00336872511174776,-5.68984649927108
2005,0,0.23,10000,1,0,"D",0.449097049509817,-0.204319649940264
2005,0,0.15,9500,0,0.94,"B",0.000346153076071295,-7.96828325135192
2005,0,0.22,6001,0,0,"D",0.025305248049767,-3.65111254003744
2005,0,0.18,5000,0,0.66,"C",0.061284461098561,-2.72898617145707
2005,1,0.29,2550,0,0,"Missing",0.962479499998578,3.24462531691921
2005,0,0.17,9500,0,0.37,"C",0.0146496528525511,-4.20858062120458
2005,0,0.2,5000,0,0.65,"B",0.00817285867095014,-4.79873009321181
2005,0,0.2,3000,0,0,"D",0.0453467260712559,-3.04701022912802
2005,0,0.18,9995,0,0.53,"C",0.0117718176014791,-4.43020528894344
2005,1,0.2,1000,0,0,"Missing",0.922082031442795,2.47097760267831
2005,0,0.15,1000,0,0.87,"C",0.0261624985452604,-3.61691742126693
2005,1,0.27,10095,0,0.9,"Missing",0.96645247491293,3.36066903227808
2005,0,0.29,25000,0,0.6,"D",0.191839751458207,-1.4380999705498
2005,0,0.2,1000,0,1.07,"Missing",0.744258753557034,1.06822258416922
2005,0,0.16,15000,0,0.59,"A",0.000146594102854617,-8.82769639056601
2005,0,0.15,8500,0,0.22,"B",0.000777799350553784,-7.15826386922799
2005,1,0.29,6000,0,0,"Missing",0.966212123494969,3.35328134478193
2005,0,0.26,25000,0,0.92,"C",0.101159026162533,-2.18441233149067
2005,1,0.2,2000,1,0.78,"D",0.843963853203928,1.68802197508128
2005,0,0.18,4500,0,0.49,"B",0.00130238876647147,-6.64225195039362
2005,0,0.08,2000,0,0.06,"AA",0.0228031289870437,-3.75779037456778
2005,0,0.2,12000,0,0.66,"C",0.0168989116132576,-4.06346273319618
2005,1,0.29,20000,0,0.95,"Missing",0.991286395427235,4.7341179406914
2005,1,0.25,7500,1,0.76,"Missing",0.907619933697305,2.28491449303181
2005,0,0.23,25000,0,0,"B",0.0146149994913315,-4.21098406450678
2005,0,0.22,25000,0,0.63,"AA",0.000983984530568459,-6.92291591304146
2005,0,0.19,4700,0,0.74,"D",0.0173615924961858,-4.03598076792301
2005,1,0.29,3999,0,0.96,"Missing",0.950130625591144,2.94719240072357
2005,0,0.24,3000,0,0,"Missing",0.790941741111123,1.33061134907132
2005,0,0.17,4000,0,0.75,"B",0.00533975947008775,-5.22722060313852
2005,1,0.25,6500,0,0.64,"D",0.695032185603363,0.823751910242485
2005,0,0.16,3000,1,0.96,"C",0.0189148576550624,-3.94871151462927
2005,0,0.16,9000,0,0.97,"C",0.0324788713484279,-3.39414749750008
2005,1,0.29,4000,0,2.68,"Missing",0.993984230870646,5.10733713240901
2005,0,0.15,15500,0,0.98,"B",0.0026049963222715,-5.94771562034454
2005,0,0.25,8500,0,0.86,"Missing",0.365310939481888,-0.552386330568034
2005,1,0.27,15000,1,0.75,"C",0.334133103159836,-0.68955036992615
2005,0,0.11,4000,0,0.64,"D",0.00363531014441643,-5.61341891598393
2005,1,0.24,2350,0,1.37,"Missing",0.793050557571189,1.34341245046153
2005,1,0.26,2500,0,0.65,"Missing",0.861361268867117,1.8266425154823
2005,0,0.1,1000,0,0.24,"A",0.00176886465452378,-6.33564694538509
2005,1,0.29,4000,1,0,"Missing",0.979732277298757,3.87824974199683
2005,0,0.15,3000,0,0.73,"D",0.452006105736002,-0.192568457025441
2005,0,0.2,5000,0,0.85,"D",0.278423184633792,-0.952296635619376
2005,0,0.15,18000,0,0.61,"B",0.00169619246359232,-6.37767163453241
2005,0,0.11,3500,1,0.18,"A",0.00218018706669725,-6.12616202831658
2005,0,0.1,3000,0,0.04,"AA",0.000597007613839457,-7.42298350525922
2005,1,0.29,2000,0,0.98,"Missing",0.898658910811574,2.18241160507139
2005,1,0.17,2000,0,0,"D",0.368385816657789,-0.53914793454243
2005,0,0.19,1000,0,0.87,"C",0.00201910343419976,-6.20308056598118
2005,1,0.17,1775,0,0.9,"D",0.20981966454457,-1.32601277061433
2005,0,0.17,13000,1,0.88,"B",0.0256284968614624,-3.6380877599458
2005,0,0.24,4000,0,0.63,"D",0.0266964972759889,-3.5961635896032
2005,0,0.22,6001,1,0.22,"C",0.0899651139520049,-2.31406096266291
2005,1,0.29,7000,1,0.64,"Missing",0.752693019785434,1.11302706860476
2005,0,0.16,9000,0,0.69,"C",0.00932707037222766,-4.66546347439806
2005,0,0.15,16000,0,0.24,"C",0.028750196671205,-3.51993909123143
2005,0,0.11,9000,0,0.33,"A",0.0126005286789836,-4.36133591867259
2005,0,0.2,2700,1,0.87,"D",0.0921612887709359,-2.28752655110864
2005,1,0.29,5500,0,0.72,"D",0.422726972219865,-0.311588824747204
2005,1,0.29,3000,1,1.01,"Missing",0.989518836701196,4.54763912691982
2005,1,0.28,5000,0,0.96,"Missing",0.830542246443707,1.58947514224669
2005,0,0.15,12000,1,0.53,"B",0.000808466060201876,-7.11956306550682
2005,1,0.28,2500,1,1.04,"Missing",0.991148092668988,4.71823100734502
2005,0,0.15,1500,1,0.42,"C",0.202509306091836,-1.37068432401053
2005,0,0.2,5000,0,0.96,"C",0.0572683137571117,-2.80103422782645
2005,1,0.27,3750,0,0.88,"Missing",0.974145097965456,3.62906004695681
2005,0,0.15,1500,1,0.42,"C",0.0109750112770982,-4.5010986114729
2005,0,0.17,10000,0,0.39,"A",0.00610680653049184,-5.09222577586494
2005,0,0.1,1000,0,0.2,"A",0.000739843501319949,-7.20833176151429
2005,1,0.29,4000,0,1.07,"Missing",0.573482166771837,0.296072661638305
2005,0,0.15,3000,0,0.73,"D",0.0212380753143641,-3.83049285463435
2005,0,0.28,10000,0,0.24,"C",0.0248611312945415,-3.66927429863134
2005,0,0.18,12000,0,0.93,"B",0.00168737466317641,-6.38289261176597
2005,1,0.29,9200,1,0.98,"Missing",0.965044287406025,3.31809208817625
2005,0,0.17,25000,0,0.11,"A",0.0071455082780602,-4.93410017285302
2005,1,0.29,6500,0,0.89,"Missing",0.733026466643134,1.01003228104151
2005,1,0.29,1000,1,0.67,"Missing",0.783474287103818,1.28602893661174
2005,1,0.19,6600,0,0.27,"C",0.246358263125808,-1.11813027440709
2005,1,0.29,10500,0,0.76,"D",0.430605418626463,-0.279381489670151
2005,1,0.29,3000,0,0,"Missing",0.957335136877888,3.11077782164101
2005,1,0.29,5000,0,0,"Missing",0.995682104898294,5.44065999631136
2005,0,0.12,25000,1,0,"AA",0.000428738217808204,-7.75423521004012
2005,1,0.29,4750,1,1.19,"Missing",0.824612456075987,1.54791546359666
2005,1,0.11,2593,0,1.01,"Missing",0.458781444067204,-0.165249242409218
2005,0,0.21,10000,0,0.72,"A",0.00744163249345149,-4.89319557346449
2005,1,0.29,4500,1,1.32,"Missing",0.856533846434069,1.78679469040025
2005,1,0.29,6000,0,1.02,"Missing",0.80641319075403,1.42687021630403
2005,0,0.15,5000,0,0.7,"C",0.0203627079449864,-3.87347720697896
2005,0,0.09,1000,0,0.02,"AA",0.00120441994533066,-6.72055205526441
2005,0,0.09,3001,0,0.34,"AA",0.00253985239518037,-5.97310622848188
2005,1,0.29,3001,1,0,"Missing",0.973187950936988,3.59172585157831
2005,1,0.29,2550,0,0.43,"Missing",0.98653798862612,4.29433008673598
2005,0,0.11,3000,1,0,"C",0.0201373441617414,-3.88483640497543
2005,1,0.29,10000,0,0.93,"D",0.266221458319357,-1.01387875628114
2005,0,0.18,25000,0,0.69,"B",0.00036119850496849,-7.92572161174556
2005,0,0.17,25000,0,0.67,"A",0.000496422995339144,-7.60758563524011
2005,0,0.17,11000,0,0.61,"C",0.0639663676487575,-2.68329396808614
2005,0,0.16,25000,1,0.66,"AA",0.00283328321367542,-5.86348178904337
2005,1,0.25,1500,1,0.97,"Missing",0.976207487921291,3.71430424126932
2005,0,0.22,18200,1,0.8,"C",0.27265108524136,-0.981213398459785
2005,0,0.17,3500,0,0.76,"Missing",0.72411401423824,0.964961172913146
2005,0,0.18,7500,0,0,"C",0.0589667169225792,-2.77000534408759
2005,0,0.18,5500,0,1.02,"C",0.49500765222376,-0.0199700547551163
2005,0,0.17,9000,0,0.94,"C",0.0134926337538029,-4.29202690382823
2005,0,0.15,9800,0,0.94,"B",0.000146610165313896,-8.82758680952525
2005,1,0.2,7500,1,0.9,"D",0.12802745172571,-1.91851323454456
2005,1,0.29,3001,0,0.92,"Missing",0.911841203838657,2.33632616616177
2005,1,0.29,7000,0,0.36,"Missing",0.966246673472088,3.35434018092456
2005,1,0.17,4500,0,0.89,"D",0.122625352289674,-1.96780030273965
2005,0,0.18,10000,0,0.66,"B",0.00111232389505374,-6.80019091004861
2005,1,0.29,2500,0,0.85,"Missing",0.964701407654056,3.30797554507921
2005,0,0.2,8500,0,0.48,"B",0.0538861712458143,-2.86548900635231
2005,0,0.19,3000,1,0.77,"D",0.12095552275304,-1.98341259876188
2005,1,0.29,1800,0,1.11,"Missing",0.829692207943915,1.58344745671023
2005,1,0.28,11000,0,0.9,"Missing",0.82609743861736,1.5582175806849
2005,0,0.13,8000,0,0.57,"A",0.00161788080792174,-6.42501893837192
2005,0,0.29,3800,0,0.96,"Missing",0.524352389684997,0.0974866920944364
2005,0,0.17,4000,1,0.31,"D",0.0715098492147853,-2.56372458160497
2005,0,0.1,2000,0,0.06,"AA",0.000619237972150358,-7.38640148325763
2005,0,0.17,5500,0,0.07,"C",0.00918990047798186,-4.68041778393641
2005,0,0.16,7000,0,0.29,"C",0.0176124785543466,-4.02137819561487
2005,0,0.14,11500,1,0.36,"A",0.0026291687369785,-5.93845492127177
2005,0,0.25,15000,0,0,"C",0.0188365932008919,-3.95293759253578
2005,1,0.17,3500,0,0.98,"Missing",0.917095786008545,2.40352602957053
2005,0,0.18,15000,0,0.58,"C",0.0653348028358078,-2.66066352456996
2005,0,0.15,5000,0,0.46,"C",0.0309600274529638,-3.44360892693371
2005,0,0.17,10000,0,0.05,"B",0.00294257954255394,-5.82552176944984
2005,0,0.07,2000,1,0.07,"AA",0.0027782196324188,-5.8831628903819
2005,1,0.2,2500,0,0.8,"Missing",0.777529615563247,1.25132774499237
2005,0,0.08,1000,0,0.01,"AA",4.78450863663828e-05,-9.947494287375
2005,0,0.13,1000,1,0.7,"C",0.0291953563176863,-3.50411559078596
2005,0,0.2,8000,1,0.92,"C",0.0232288848816157,-3.73885580917629
2005,0,0.13,16000,0,0.34,"A",0.00319665391920403,-5.74244889236686
2005,1,0.19,1000,1,0,"Missing",0.780715179147737,1.26983895926587
2005,0,0.15,8500,0,0.55,"AA",0.000187718228748737,-8.58038076683485
2005,1,0.23,1400,0,0,"Missing",0.290592486812944,-0.892508236435568
2005,1,0.2,15000,0,1.03,"D",0.433638057491859,-0.267023130980466
2005,0,0.17,6000,0,0.82,"C",0.00350946273940779,-5.6487766835662
2005,0,0.24,5000,1,0.47,"C",0.0619589562029467,-2.71732153566036
2005,1,0.18,2550,0,0.28,"D",0.259509431428965,-1.04851985049247
2005,0,0.17,3000,0,0.91,"D",0.0469296330878212,-3.01103942670253
2005,0,0.14,9000,1,0.54,"B",0.00909397595740197,-4.69100748879876
2005,0,0.21,9975,0,0.62,"C",0.101765035135403,-2.17776510873596
2005,0,0.15,4000,0,0.95,"C",0.00164089372289936,-6.41087199112803
2005,0,0.17,1500,0,0.92,"D",0.100215869503962,-2.1948283251568
2005,0,0.19,25000,0,0.66,"A",0.00140841953112072,-6.56387769089842
2005,0,0.17,10000,0,0.05,"B",0.000968882547428799,-6.93839781128632
2005,1,0.29,3000,0,1.34,"Missing",0.984483425456777,4.15020828447076
2005,0,0.08,1000,0,0.05,"AA",0.000893069447282052,-7.01995274312726
2005,0,0.29,3600,1,0.69,"D",0.637821909558248,0.565923052356768
2005,1,0.28,6500,1,0,"Missing",0.767662247564013,1.19515771215815
2005,0,0.18,4000,0,0.19,"D",0.0185511920676039,-3.96849580599149
2005,0,0.25,25000,0,0.73,"A",0.0152928716963712,-4.16495744765454
2005,1,0.29,9740,0,0.56,"D",0.0939226436571287,-2.26665318102366
2005,1,0.23,8000,0,0.75,"C",0.369262909697074,-0.535380237352478
2005,0,0.07,5000,0,0.33,"AA",0.000340353502973025,-7.98518535442005
2005,0,0.19,19900,0,0.75,"C",0.0832541248293951,-2.39893263240311
2005,0,0.15,4000,0,1,"D",0.0071908024031351,-4.92773573276145
2005,1,0.29,6000,1,0.77,"Missing",0.95691466309928,3.10053148810725
2005,1,0.29,2500,0,1.09,"Missing",0.892680754402186,2.11842102302131
2005,0,0.19,10000,1,0.88,"D",0.0557422423243553,-2.82966092773462
2005,0,0.15,25000,0,0,"A",0.000164328815878727,-8.71347682022999
2005,0,0.16,10000,0,0.35,"AA",0.00387554296741458,-5.54918643302572
2005,0,0.21,13500,0,0.84,"D",0.0696277607349096,-2.59242141438984
2005,1,0.2,2300,0,0.86,"C",0.259682242932332,-1.04762075445228
2005,1,0.24,7000,0,1.14,"D",0.754471148696825,1.12260257759359
2005,0,0.2,9500,0,0.72,"D",0.100962249210495,-2.18657834879075
2005,0,0.19,3001,0,0.48,"D",0.0617572259321758,-2.72079774867926
2005,0,0.16,11204,0,0.73,"B",0.00186373716169166,-6.28330610425668
2005,1,0.29,1800,0,0.98,"Missing",0.710346206425175,0.897066071317086
2005,0,0.19,13000,0,0.82,"C",0.0611903240239612,-2.73062369783798
2005,0,0.1,7500,0,0,"AA",0.000137309265649202,-8.89313744407469
2005,0,0.25,15000,0,0.65,"D",0.15142286571751,-1.72348462906377
2005,1,0.24,1500,0,0.99,"Missing",0.545154123002285,0.181109919488824
2005,0,0.15,7500,1,0,"A",0.00125420795096366,-6.67999602527712
2005,1,0.24,1200,0,1.09,"Missing",0.975643092926291,3.69028136869429
2005,0,0.15,12000,0,0.43,"A",0.00232227735749584,-6.06288197714161
2005,0,0.2,8000,1,0.52,"D",0.110757093529421,-2.08303097701561
2005,1,0.29,5000,0,0.72,"Missing",0.979898031124185,3.8866307520893
2005,0,0.29,2500,0,0.08,"Missing",0.159178956515569,-1.66434976519837
2005,0,0.17,6500,1,0.33,"C",0.0143258442988781,-4.2312606293901
2005,0,0.24,11520,0,0.6,"D",0.310860202108607,-0.796100849915413
2005,1,0.24,2350,0,1.37,"Missing",0.912142754323157,2.34008321763202
2005,0,0.1,3000,0,0.2,"AA",0.00640124624933285,-5.04484075903458
2005,1,0.23,4000,1,1.35,"Missing",0.981946970507017,3.99622379573407
2005,0,0.09,5000,0,0.17,"AA",0.000640808000310787,-7.35213966400304
2005,1,0.2,5300,0,1.26,"D",0.0659251612024584,-2.65103638473453
2005,0,0.18,15000,0,0.65,"B",0.0205368453098351,-3.86478401516737
2005,0,0.24,11520,0,0.6,"D",0.161482165135467,-1.64724114703387
2005,0,0.25,15000,0,0,"C",0.0842967114924306,-2.38534953668997
2005,0,0.15,15000,0,0.62,"B",0.0374984291638228,-3.24523665506392
2005,0,0.19,9000,0,0.76,"C",0.0559299426172349,-2.82610049386276
2005,0,0.09,1400,1,0.9,"D",0.0795160369104197,-2.4489408551047
2005,0,0.2,5000,0,0.45,"D",0.276123902671321,-0.963770553750204
2005,0,0.15,14000,1,0.25,"A",0.00668794253908318,-5.00073858783722
2005,1,0.27,14000,1,0.65,"D",0.277330645619844,-0.957741332213708
2005,0,0.09,2500,0,0.09,"AA",0.00102328022448817,-6.88371810115905
2005,0,0.1,3900,0,0.41,"AA",0.0049625442418298,-5.30086181922438
2005,1,0.29,3000,0,0,"Missing",0.865082841239147,1.85816432128829
2005,1,0.29,2500,0,0.08,"Missing",0.871844301611369,1.91736493639508
2005,0,0.29,16900,0,0.04,"D",0.227132559659867,-1.22457373631106
2005,0,0.17,20000,1,0.55,"B",0.00841049186475978,-4.76982926138471
2005,0,0.15,7500,0,0.72,"B",0.000361535709451511,-7.92478813883279
2005,1,0.29,1500,0,0,"Missing",0.819105259279064,1.51029727817726
2005,1,0.17,5000,0,0.61,"C",0.282616130504344,-0.931521532625514
2005,0,0.21,3001,1,0,"C",0.0299333587745355,-3.47839123486334
2005,1,0.24,1000,0,0.81,"Missing",0.953712228388217,3.02548416439982
2005,0,0.09,2000,1,0.01,"AA",0.00270470208871962,-5.91005513990489
2005,0,0.15,17500,0,0.55,"B",0.00229489581388206,-6.07477030037843
2005,1,0.29,1800,0,0.73,"Missing",0.815259166400633,1.48455211483618
2005,0,0.2,8000,0,0.87,"D",0.0491550594141903,-2.96237122091664
2005,0,0.24,2550,0,0,"Missing",0.345507283233187,-0.638846734098196
2005,0,0.25,15000,0,0.45,"C",0.00652686164612372,-5.02528080197077
2005,1,0.29,2100,0,1,"Missing",0.943122547601346,2.80829723378986
2005,0,0.17,1000,0,0.72,"C",0.00612097030172546,-5.089894868755
2005,0,0.09,3500,0,0,"AA",0.000196057508458241,-8.53690645453873
2005,0,0.28,1000,0,0,"Missing",0.215884660781355,-1.28981183867706
2005,0,0.18,10000,0,0.15,"B",0.0195226562683122,-3.91646388747124
2005,0,0.25,25000,0,0.71,"A",0.0145394421502438,-4.21624399850455
2005,1,0.29,3500,0,0.98,"Missing",0.947863291093783,2.90034099796165
2005,0,0.15,9999,0,0.54,"C",0.0308296288500273,-3.44796421482844
2005,1,0.23,14000,0,1.04,"D",0.112688224376183,-2.06357148592383
2005,1,0.28,5000,0,0.96,"Missing",0.976380825230022,3.72179382770037
2005,1,0.25,15000,1,1.04,"D",0.257243628663486,-1.060344485035
2005,0,0.17,10000,0,0.39,"A",0.00240491260524966,-6.02783390580591
2005,0,0.09,4900,0,0,"AA",0.000783842120419873,-7.15051878542313
2005,0,0.24,2500,1,0.96,"D",0.120394929871422,-1.98869560150823
2005,0,0.14,7000,0,0.32,"A",0.000643851161053757,-7.34739891642536
2005,0,0.15,3000,1,0,"C",0.000904288216940867,-7.00745772700387
2005,1,0.3,3000,0,1.03,"D",0.602399968248933,0.415475069138844
2005,0,0.17,2000,0,0.25,"Missing",0.276978301007351,-0.959500066740966
2005,1,0.29,2000,1,1.08,"Missing",0.957937418526324,3.12562390633787
2005,0,0.1,6000,0,0.02,"AA",0.00292505737611026,-5.8315118390095
2005,0,0.12,10000,0,0.5,"B",0.00275055997522061,-5.89319641096377
2005,0,0.22,6500,1,0,"B",0.152018795742012,-1.71885430135723
2005,1,0.29,5500,0,0.99,"Missing",0.995044483896831,5.30228612317901
2005,0,0.24,10000,0,0.97,"B",0.0458142008781032,-3.03626430457355
2005,0,0.16,6500,1,0.93,"A",0.00803474666336944,-4.81591261023944
2005,0,0.1,7000,0,0.17,"AA",0.000592478196711213,-7.43060383065045
2005,0,0.29,2000,0,0.4,"Missing",0.502403879621521,0.00961559257323685
2005,0,0.15,6000,0,0.39,"B",0.00333504669711802,-5.69992797721715
2005,0,0.23,10000,0,0.88,"C",0.0905231456509421,-2.30726397781453
2005,0,0.2,3000,0,0.98,"D",0.00658033888017289,-5.01706694866564
2005,1,0.29,3000,0,0,"Missing",0.897279712632256,2.16735800717975
2005,0,0.24,4500,0,0.6,"D",0.260970785073811,-1.04092898674537
2005,1,0.29,2500,0,0.96,"Missing",0.962193423454983,3.23673242417287
2005,0,0.14,10000,0,0.44,"A",0.00340651165147501,-5.67865416036812
2005,1,0.26,1500,0,0,"Missing",0.688120590862738,0.791347496070707
2005,0,0.12,2500,0,0,"B",0.018691889135197,-3.96079679492249
2005,0,0.25,6500,0,0.64,"D",0.397554466185751,-0.41566531441146
2005,0,0.29,1000,1,0.42,"Missing",0.960727684974196,3.19717118414
2005,0,0.25,7000,0,0.14,"D",0.271267739991732,-0.988200090719275
2005,0,0.26,5500,0,0.99,"Missing",0.452056323991255,-0.19236571799065
2005,0,0.18,10000,0,0.97,"C",0.00489764356449008,-5.31409141841873
2005,0,0.15,2000,0,0.98,"C",0.00330578979941241,-5.70876859715503
2005,1,0.28,5000,0,1.19,"Missing",0.972255453950938,3.55657930053434
2005,1,0.29,5000,0,0.92,"Missing",0.94840683769966,2.91139441373902
2005,0,0.17,1500,1,0.56,"C",0.0218168428210547,-3.803014651821
2005,0,0.13,5000,0,0,"B",0.000260187260574341,-8.25384873209866
2005,0,0.14,9500,0,0.77,"A",0.00200097906614932,-6.2121157014304
2005,1,0.2,2600,0,0,"Missing",0.985375082263518,4.21029559461836
2005,0,0.25,4500,1,0.2,"D",0.457697422385907,-0.169615790973899
2005,0,0.15,6000,0,0.39,"B",0.00119508600514755,-6.72834132466378
2005,1,0.29,3500,0,0.88,"Missing",0.950210420784072,2.94887774618825
2005,0,0.12,25000,1,0.22,"AA",0.000183777015304174,-8.60160361471011
2005,1,0.29,3500,1,0,"Missing",0.963080891336086,3.26140814060194
2005,1,0.2,6500,1,1.06,"Missing",0.979524117309041,3.86781911966335
2005,0,0.15,10000,0,0.16,"A",0.00136016178939794,-6.598790535868
2005,0,0.11,5000,0,0.18,"A",0.00272639265656664,-5.90204579875288
2005,1,0.29,3900,0,0,"Missing",0.939290347488257,2.73902193527966
2005,0,0.25,16000,1,0.67,"D",0.272497483969224,-0.981988076581006
2005,0,0.24,3000,0,0,"Missing",0.357157868272818,-0.587721283702276
2005,1,0.29,2975,0,0.96,"Missing",0.92652983122033,2.53456678607318
2005,0,0.29,4000,0,0.8,"D",0.373919976958829,-0.515436386094425
2005,0,0.24,15000,0,0.85,"C",0.0546298348610924,-2.85099640039559
2005,0,0.19,15000,0,0.37,"C",0.0048525771878525,-5.32338094705749
2005,0,0.23,25000,0,0,"B",0.00584610892683819,-5.13611571543819
2005,0,0.15,14000,0,0.69,"B",0.000579584777596382,-7.45261885869719
2005,0,0.17,3000,0,0,"C",0.00197049841871657,-6.22749632140291
2005,0,0.21,3000,0,0.04,"C",0.0232655581582899,-3.73724072897379
2005,0,0.1,5000,0,0.43,"A",0.00842584034141645,-4.76799052552982
2005,1,0.28,2550,0,0.94,"Missing",0.963638032171959,3.27719235027149
2005,1,0.29,3500,1,0,"Missing",0.994160042696839,5.13717471673459
2005,1,0.25,9000,0,0.43,"D",0.169435525074863,-1.58963308848793
2005,0,0.2,25000,0,0,"B",0.00282592374777708,-5.86609005326113
2005,1,0.25,9000,0,0.99,"Missing",0.851852298363221,1.74920339293092
2005,0,0.09,1500,0,0.76,"A",0.000235337019806748,-8.35425657964473
2005,1,0.29,5000,1,0.7,"C",0.207256530573734,-1.34154237138359
2005,0,0.15,20000,0,0.75,"B",0.00172999737856802,-6.35790389020003
2005,0,0.15,19300,0,0.39,"A",0.000198179649818456,-8.52613841703239
2005,0,0.13,10000,0,0.51,"A",0.000558587436965666,-7.48954065141648
2005,1,0.29,5000,0,0.92,"Missing",0.972128504462,3.55188350069167
2005,0,0.23,7800,1,1.03,"C",0.0851287651307019,-2.37461833435193
2005,1,0.23,1800,0,0,"Missing",0.545407901879374,0.182133429315613
2005,0,0.15,10000,1,0,"B",0.00083430305574153,-7.08807919414155
2005,1,0.23,4000,1,1.35,"Missing",0.92058345681079,2.45030096215419
2005,0,0.21,15000,0,0.24,"C",0.160276496793471,-1.65617224606435
2005,1,0.29,5000,1,0.97,"Missing",0.998959566414681,6.86707676853834
2005,0,0.14,24000,0,0.54,"A",0.000232279444198192,-8.36733710384762
2005,1,0.18,4000,0,0.19,"D",0.242111492167394,-1.14113795603463
2005,0,0.19,6200,0,0,"C",0.0257917574332673,-3.63157012064104
2005,0,0.22,5400,0,0.63,"D",0.0519326783558353,-2.9044772813274
2005,0,0.16,5000,0,0.94,"C",0.0662864355119434,-2.64518443137725
2005,1,0.29,2500,1,0.82,"Missing",0.971265668512973,3.52050740694305
2005,0,0.13,2500,0,0.57,"A",0.0136695299751981,-4.27882219427295
2005,1,0.25,5000,0,1,"Missing",0.693435464554415,0.816229888509288
2005,0,0.07,5000,0,0.05,"AA",0.0023532875973093,-6.04958588997468
2005,0,0.16,20000,1,0.32,"A",0.00371970361467473,-5.59038464843003
2005,0,0.29,8500,1,0.93,"B",0.0135310789500612,-4.28914263669002
2005,0,0.15,10000,1,0,"B",0.000486562574177183,-7.62765836250031
2005,0,0.22,6000,0,0.71,"C",0.0227800435756526,-3.75882689031406
2005,0,0.12,1000,1,0.45,"D",0.0571458616966617,-2.80330461594417
2005,0,0.16,5000,0,0,"C",0.0213487162250776,-3.82518377483532
2005,0,0.13,10000,0,0.15,"A",0.00114923766588954,-6.76750655710243
2005,0,0.16,9000,0,0.05,"B",0.000522213083733228,-7.55691249750523
2005,0,0.16,5200,0,0.86,"C",0.0251479025171679,-3.65751127045351
2005,0,0.18,10000,0,0.66,"B",0.0017566745828788,-6.34257447937948
2005,0,0.18,9800,0,0.57,"C",0.0809096624314874,-2.43005116371867
2005,0,0.2,5000,0,0.7,"D",0.0612109591101071,-2.73026454646491
2005,1,0.29,13531,0,0.82,"D",0.270052021563835,-0.994358656288868
2005,0,0.21,6001,1,0,"D",0.2129437604775,-1.30727161097365
2005,0,0.2,10000,0,0.35,"C",0.0460016726701118,-3.03198415990205
2005,0,0.25,3000,0,0.71,"D",0.0346318049340162,-3.32773710027084
2005,0,0.19,2100,0,0.86,"D",0.0137654053813077,-4.27173566356919
2005,1,0.23,2600,0,0.5,"Missing",0.834830831689906,1.62025889638342
2005,0,0.1,5200,0,0,"A",0.00320565212838206,-5.73962893587479
2005,0,0.06,1000,0,0.04,"AA",0.000344415416864476,-7.97331754725626
2005,0,0.11,1000,0,0.05,"C",0.00105638409631331,-6.85184648979822
2005,0,0.2,5000,0,0.22,"D",0.0327529904547124,-3.38545963236081
2005,0,0.17,2000,0,0.25,"Missing",0.307394694214199,-0.812327721862799
2005,0,0.2,25000,1,0.87,"C",0.511698654424316,0.0468031594922875
2005,1,0.25,2500,0,0,"Missing",0.980763139239482,3.9315027123443
2005,0,0.11,8000,0,0,"A",0.00262199781284931,-5.94119328652497
2005,1,0.29,3950,0,0.78,"Missing",0.810213502331698,1.45139805220249
2005,0,0.29,5500,0,0.41,"D",0.216757963841218,-1.28466040504877
2005,0,0.14,25000,1,0.63,"AA",0.00116230656070947,-6.75618585117554
2005,0,0.24,4000,0,0.63,"D",0.103825795683681,-2.1554203653494
2005,0,0.23,3500,1,0.96,"C",0.535264362638694,0.141292038510472
2005,1,0.24,3500,0,1,"Missing",0.622573075692008,0.500484040160644
2005,0,0.15,15000,1,0.72,"C",0.0092146719582913,-4.67770089748991
2005,0,0.2,9000,1,0.93,"D",0.0540929699741515,-2.86144005491018
2005,0,0.15,1250,0,0.74,"C",0.0117642696084612,-4.43085432427924
2005,1,0.29,3600,0,0.92,"Missing",0.913564911310654,2.35796071864929
2005,1,0.29,4500,0,0.91,"Missing",0.897951146260348,2.17466400714192
2005,0,0.25,25000,0,0.73,"A",0.017547625498416,-4.02513322725624
2005,0,0.15,7500,1,0,"A",0.0086364573606959,-4.74308884026214
2005,0,0.11,3000,0,0,"B",0.000418216663706308,-7.779092621362
2005,1,0.23,15000,0,0.06,"D",0.192025747873895,-1.43690072528621
2005,0,0.11,5000,1,0.45,"B",0.0171014064299095,-4.05134524718368
2005,0,0.08,2500,1,0.24,"AA",9.76824812764306e-05,-9.23369063913907
2005,0,0.2,6500,0,0,"C",0.00910839222432053,-4.68940894074433
2005,1,0.29,3500,0,0.88,"Missing",0.895117114930539,2.14411021701797
2005,1,0.29,6000,0,1.12,"Missing",0.945330447322972,2.85022761544184
2005,1,0.29,2550,0,1.7,"Missing",0.642685377138897,0.587038609688354
2005,1,0.29,4500,0,0.98,"Missing",0.824416636374857,1.54656209225474
2005,0,0.17,3000,0,0,"Missing",0.815938927003576,1.4890718868097
2005,0,0.29,3442,0,0.26,"Missing",0.849033659131521,1.72704192733421
2005,0,0.12,5250,1,0.39,"B",0.000217468857905655,-8.43323740722234
2005,1,0.29,5000,1,1.05,"Missing",0.909815817466711,2.31138812888749
2005,0,0.1,5200,0,0,"A",0.00452759548521652,-5.39302640228742
2005,0,0.23,4900,0,1,"D",0.264082458096945,-1.02485668134039
2005,0,0.24,1000,0,0.81,"Missing",0.726400849542586,0.976437916120623
2005,1,0.28,3500,0,0,"Missing",0.982392275301569,4.02165298519903
2005,1,0.2,2500,0,0,"Missing",0.864235713976914,1.85092535768308
2005,0,0.07,2550,0,0.01,"AA",0.00027613380369544,-8.19434884178911
2005,0,0.15,20000,0,0.75,"B",0.000597249321680765,-7.42257847975042
2005,0,0.2,4100,1,0.8,"D",0.0454419321261211,-3.04481318333294
2005,0,0.25,3001,0,1.02,"D",0.0891605857434171,-2.32392752950746
2005,0,0.12,12000,0,0,"AA",0.00216368126722917,-6.13377819214959
2005,0,0.28,4750,1,0.14,"Missing",0.321741377050413,-0.745780619022088
2005,1,0.11,12000,0,0.41,"A",0.115128478130908,-2.03939375554323
2005,0,0.17,1800,0,0.96,"Missing",0.221476419205021,-1.25708315660687
2005,0,0.21,12000,1,0.98,"C",0.0407854608120438,-3.15778909596179
2005,0,0.15,8400,0,0.48,"B",0.000497727776611424,-7.60495941202427
2005,0,0.2,5000,0,0.43,"D",0.0260210264458763,-3.62248479503378
2005,0,0.2,3000,0,0.89,"D",0.0101455946635244,-4.58051827902244
2005,0,0.09,2000,0,0,"AA",0.000719689347791553,-7.23597095201255
2005,0,0.21,25000,0,0.07,"A",0.0105422244191349,-4.54176852534698
2005,1,0.29,9000,1,0.95,"D",0.30524356213917,-0.8224513127068
2005,0,0.29,20000,0,1.03,"C",0.0149661017616847,-4.18688829387545
2005,1,0.25,15000,1,1.04,"D",0.204825922845098,-1.3564005941124
2005,0,0.09,2550,0,0.01,"AA",0.00340305891951491,-5.67967170712635
2005,1,0.11,1550,0,0.95,"D",0.0132968569224313,-4.30684154162438
2005,0,0.2,7400,1,0.27,"D",0.23602618545912,-1.17459076021222
2005,0,0.29,10000,0,0.04,"B",0.00562114588628117,-5.17558273752223
2005,0,0.2,2700,1,0.87,"D",0.592122816975688,0.372747967385796
2005,0,0.09,6001,0,0.26,"AA",0.00183861403180961,-6.2969029284162
2005,0,0.17,3000,0,0.91,"D",0.0685140741520851,-2.60974189456222
2005,1,0.29,6000,1,0.79,"Missing",0.899897389570356,2.19608498103664
2005,0,0.11,15200,0,0.83,"A",0.000250029404831407,-8.29368196702562
2005,0,0.13,12500,0,0,"AA",0.00427795597360337,-5.44999282711709
2005,0,0.22,6001,0,0.01,"D",0.0170292372906948,-4.05564766933157
2005,0,0.15,2000,1,0.49,"D",0.0481735784309919,-2.98357198245563
2005,0,0.2,8000,0,0.79,"C",0.0480563758310585,-2.9861309965211
2005,0,0.22,7000,0,0.07,"AA",0.000545853962537394,-7.51261308288047
2005,0,0.1,8000,0,0.21,"A",0.00891686798603709,-4.71085365551626
2005,0,0.15,15000,0,0.01,"AA",0.00330486973316805,-5.70904787865587
2005,1,0.29,4750,0,1,"Missing",0.810278104345521,1.45181823462428
2005,0,0.15,6010,0,0.63,"B",0.000110614292211216,-9.10935063248149
2005,0,0.29,2550,1,1.51,"D",0.0710669942417975,-2.5704136088329
2005,1,0.24,4000,0,0.63,"D",0.413379904504247,-0.350010377763788
2005,0,0.19,6001,0,0.52,"C",0.0260105035862547,-3.62290007908633
2005,0,0.12,15000,0,0.09,"A",0.00203291056040757,-6.19625175947276
2005,0,0.11,18800,0,0.63,"AA",0.000154954986786592,-8.77222092405643
2005,0,0.15,2000,0,0.87,"D",0.388744873514507,-0.452591151336698
2005,1,0.29,3000,1,0.4,"Missing",0.635240764373853,0.554766576014858
2005,0,0.21,13500,0,0.82,"C",0.10585686300948,-2.13377803824589
2005,0,0.21,20000,0,0.01,"B",0.00565241094197392,-5.17000466317653
2005,0,0.11,3500,1,0.18,"A",0.00906573166276264,-4.69414664962434
2005,0,0.08,1000,0,0.78,"A",8.65357002511093e-05,-9.35486697006109
2005,0,0.15,6010,0,0.63,"B",0.000833799780858146,-7.08868310775541
2005,0,0.16,10000,1,0.83,"C",0.0810118440694225,-2.42867786721326
2005,0,0.18,3500,0,0.01,"C",0.0212110795642056,-3.83179234585374
2005,0,0.22,7000,0,0.07,"AA",0.000233108591198548,-8.36377302055788
2005,1,0.19,13000,0,0.82,"C",0.0593718745606046,-2.76272724866795
2005,1,0.24,4500,0,0.72,"D",0.288707445593962,-0.901669937689686
2005,1,0.29,3000,1,0.67,"Missing",0.931436844665161,2.60897309193443
2005,0,0.15,4200,0,0.3,"C",0.0222661542203241,-3.78216971411571
2005,0,0.1,2000,0,0,"A",0.0012159260029344,-6.71103268429903
2005,0,0.11,10000,0,0.17,"AA",0.000448209040106183,-7.70980251748099
2005,0,0.2,8000,1,0.52,"D",0.229779602231244,-1.20955610642148
2005,0,0.13,19000,0,0.08,"AA",0.0344332334758839,-3.33369306432481
2005,1,0.24,9500,0,0.86,"D",0.329954066241705,-0.708392816317933
2005,0,0.09,5000,0,0.28,"AA",0.000222766852656843,-8.40916204553657
2005,0,0.16,8000,0,0.8,"C",0.0200805185957835,-3.88772028548345
2005,0,0.22,7500,0,0.92,"D",0.0450741067804179,-3.05332578615069
2005,0,0.29,10000,0,0.62,"C",0.0535091256277925,-2.87290911731956
2005,0,0.19,6000,0,0.5,"B",0.0213046420688205,-3.82729543084998
2005,0,0.23,4000,0,0.51,"D",0.484782529546216,-0.0608886865662874
2005,0,0.12,25000,0,0.01,"AA",0.000107523757936358,-9.13769120121618
2005,1,0.2,2000,1,0.88,"D",0.646454288388983,0.603489700965921
2005,0,0.24,4500,0,0.6,"D",0.116060928987909,-2.03027283296111
2005,0,0.27,4700,0,0,"D",0.126475317488301,-1.93248921574041
2005,1,0.29,6000,0,0.84,"Missing",0.969475065603213,3.4582108847001
2005,0,0.07,1325,0,0.02,"AA",0.00132034049935211,-6.62854440867678
2005,0,0.29,12000,0,0.6,"B",0.0247254270267909,-3.67488689624526
2005,1,0.2,7500,0,0,"D",0.175724418334893,-1.54558795479486
2005,0,0.15,3000,0,0.27,"C",0.01077913103708,-4.51930567880659
2005,1,0.24,2600,0,0.96,"Missing",0.985657885000555,4.23010900798065
2005,0,0.15,4000,0,0.46,"B",0.00307553200240491,-5.78119711260538
2005,0,0.16,20000,0,0.29,"AA",0.00121860621493335,-6.70882817078344
2005,0,0.1,6000,0,0.51,"AA",0.000236228028056413,-8.35047674291699
2005,1,0.29,12000,1,0.97,"D",0.703320594195395,0.863160711069032
2005,1,0.29,2501,0,1.07,"Missing",0.937853243012092,2.71409484323076
2005,1,0.29,4750,1,1.19,"Missing",0.875940878307912,1.95454035832547
2005,0,0.18,1230,0,0,"C",0.0564843078540822,-2.81565013403505
2005,0,0.2,1750,0,0.96,"Missing",0.552317162071821,0.210037419600105
2005,0,0.15,15000,1,0.45,"A",0.000403581203734401,-7.81472917942508
2005,1,0.28,2250,0,0.57,"Missing",0.5937369214227,0.379435401481898
2005,0,0.19,5500,0,0.29,"B",0.0031954930082861,-5.742813287365
2005,1,0.29,6500,0,0.95,"Missing",0.821171409845557,1.52430411929626
2005,0,0.21,7000,0,0.78,"D",0.0257049696843342,-3.63502981750573
2005,1,0.22,6001,0,0,"D",0.245942836688667,-1.12036904079881
2005,0,0.09,1000,1,0.05,"AA",0.00590896979704129,-5.12535728114255
2005,0,0.17,1500,0,0.61,"D",0.0222159107382616,-3.78448014594284
2005,1,0.2,7500,1,0.52,"D",0.255096633508623,-1.0716120722501
2005,0,0.2,20000,1,0.2,"C",0.0227643384334231,-3.75953262466301
2005,1,0.29,4500,1,1.52,"Missing",0.998780126398843,6.70778741296101
2005,1,0.29,5000,1,1.05,"Missing",0.988964793886582,4.49556801561392
2005,0,0.11,5000,0,0.18,"A",9.66268521718506e-05,-9.24455725105875
2005,0,0.07,1325,0,0.02,"AA",0.00222205369665618,-6.10709889602359
2005,0,0.15,3000,0,0.03,"AA",0.00358126735710211,-5.62845083540592
2005,1,0.23,1000,1,0,"Missing",0.924684227557368,2.50776272935544
2005,0,0.16,6001,1,0.77,"C",0.00186097198811381,-6.28479364774886
2005,0,0.23,3500,1,0.96,"C",0.0580132942596034,-2.78731896602067
2005,0,0.15,4500,1,0.49,"C",0.0441770910761279,-3.07436630090665
2005,0,0.25,8500,0,0.86,"Missing",0.700601080625958,0.850161790517605
2005,0,0.09,5000,0,0.18,"AA",0.00355438312908282,-5.63601303788483
2005,0,0.15,1000,1,0.73,"C",0.0245889245283693,-3.68056287887743
2005,0,0.1,3500,0,0.07,"AA",6.30967007160123e-05,-9.67077897768522
2005,1,0.28,4750,1,0.14,"Missing",0.924952513262246,2.51162132950017
2005,0,0.07,1000,0,0.09,"AA",0.000478999449393094,-7.64333199584024
2005,1,0.26,3000,0,1.17,"Missing",0.839141537733449,1.65185452839388
2005,1,0.29,5500,0,1.13,"Missing",0.981532172012614,3.97308460108118
2005,0,0.08,3500,0,0,"AA",0.00265397005024964,-5.92904112982246
2005,1,0.29,3000,0,0,"Missing",0.918731638907358,2.42523728710632
2005,0,0.12,17500,0,0.13,"AA",6.08632180060264e-05,-9.70682067427219
2005,1,0.18,5000,1,0,"D",0.476418208429821,-0.0943972003368614
2005,0,0.15,15000,0,0,"AA",0.00125275672398152,-6.6811552346822
2005,0,0.19,5000,0,0.28,"B",0.000516820236174808,-7.5672984957437
2005,0,0.09,5000,0,0,"A",0.00378101622489657,-5.5739742805812
2005,1,0.29,5000,0,0.46,"Missing",0.940595191974772,2.76213769156166
2005,0,0.15,5000,0,0.85,"C",0.00803334694348356,-4.81608824481276
2005,0,0.2,3100,1,0.92,"C",0.119309326864723,-1.9989869494993
2005,0,0.12,10000,0,0.58,"A",0.00425751580200376,-5.45480282903625
2005,0,0.15,3600,0,0.28,"A",0.00047981241084886,-7.64163541362264
2005,0,0.17,10000,1,0.95,"D",0.0247566168887512,-3.67359426122711
2005,0,0.15,1500,1,0.2,"C",0.0617675836102469,-2.72061900718634
2005,0,0.23,13100,0,0.71,"D",0.0278779737031355,-3.55164443401495
2005,0,0.11,4500,1,0.97,"AA",0.0245379997054249,-3.6826882808599
2005,1,0.29,5000,1,0.42,"D",0.836678646100236,1.63372030512734
2005,0,0.25,2550,0,0.53,"D",0.0465580604116168,-3.01937838657288
2005,0,0.24,4000,0,0.89,"D",0.0363903664714831,-3.27638218588799
2005,0,0.28,12839,0,0.45,"C",0.0118503129700299,-4.42347991315783
2005,1,0.25,7000,0,0.62,"D",0.651405427502157,0.625222661326781
2005,1,0.29,5000,1,0,"Missing",0.81302416770615,1.46978146624964
2005,0,0.22,9000,0,0.95,"D",0.188500837901104,-1.45978090244352
2005,0,0.09,4800,0,0.12,"AA",0.00942415792690218,-4.65501004797366
2005,0,0.09,5000,0,0.17,"AA",0.000817783604842105,-7.10809467994442
2005,0,0.1,9000,0,0.22,"AA",7.92062377593749e-05,-9.44337629328246
2005,0,0.25,8000,1,0.48,"D",0.0609834755802539,-2.7342301415961
2005,1,0.29,5000,1,0.7,"C",0.356904802478256,-0.588823678917495
2005,0,0.13,18000,0,0.53,"AA",0.000213224883826221,-8.45294990898103
2005,0,0.11,1550,0,0.95,"D",0.0458660840708494,-3.03507809988149
2005,0,0.11,8000,0,0,"A",0.00159419594197797,-6.43979031344039
2005,0,0.09,2000,1,0.01,"AA",0.000777837344950534,-7.15821498381328
2005,0,0.28,9900,0,0.33,"D",0.196760099307768,-1.40666820821802
2005,0,0.19,8750,0,0.73,"D",0.0168587124104233,-4.06588526066684
2005,1,0.2,1000,0,1,"Missing",0.793312484859496,1.3450091340681
2005,0,0.24,9000,0,0.64,"D",0.136223572791441,-1.84701651694704
2005,0,0.15,5000,0,0,"C",0.00395294272103904,-5.52933420852069
2005,0,0.11,20000,0,0.01,"AA",0.000363708909069979,-7.91879293554845
2005,1,0.29,5000,1,0.42,"D",0.661880740324842,0.671686716615746
2005,0,0.21,15000,0,0.82,"C",0.425251596324186,-0.301251401098194
2005,0,0.15,14500,1,0,"A",0.00226302130899718,-6.08878891030325
2005,0,0.15,6088,0,0.69,"B",0.000948214906851677,-6.95998072166247
2005,1,0.23,1600,0,0.74,"Missing",0.905649001313431,2.26162995853744
2005,1,0.19,6001,0,0.2,"C",0.168914651435112,-1.59333892917286
2005,0,0.1,4000,0,0.51,"AA",0.000392079563002053,-7.84365361548053
2005,0,0.29,20000,0,0.61,"D",0.495079639745201,-0.0196820763715868
2005,0,0.2,9000,0,1.01,"D",0.0446759126882708,-3.06261615100845
2005,1,0.29,5000,1,0.96,"Missing",0.96080067881654,3.1991075473793
2005,0,0.2,5000,1,0,"C",0.101405948835353,-2.18169962004757
2005,1,0.2,2600,0,0,"Missing",0.46364873304232,-0.14566207055614
2005,0,0.22,5000,1,0,"D",0.0498647560739991,-2.94728987437526
2005,0,0.2,5000,0,0,"C",0.00399997872868298,-5.51745823566485
2005,0,0.13,10000,0,0.15,"A",0.00207514747837323,-6.17564575033006
2005,0,0.1,8000,0,0.21,"A",0.0100156118543317,-4.59354411241035
2005,0,0.09,2000,0,0,"A",0.00223511159100413,-6.10122651012094
2005,0,0.25,7000,0,0.14,"D",0.0325413956459882,-3.39215964675446
2005,1,0.28,8000,0,0.92,"D",0.55708567750775,0.229342699292959
2005,1,0.24,1025,1,0.59,"Missing",0.980615872138675,3.92372623551352
2005,0,0.17,25000,1,0.02,"A",0.00106998168444422,-6.83904319347318
2005,0,0.24,14900,0,0.93,"D",0.111290327465373,-2.07762825516747
2005,0,0.14,7500,0,0.14,"A",0.00672798893657027,-4.99472827681378
2005,0,0.19,2750,0,0,"C",0.0202522324862916,-3.87903012473612
2005,0,0.19,2500,0,0.82,"C",0.0109475442227503,-4.50363221020987
2005,1,0.15,25000,0,0.09,"C",0.419632965270985,-0.324280284894506
2005,0,0.09,3500,0,0.1,"AA",0.000429210038807002,-7.75313485572717
2005,0,0.07,1000,1,0.08,"AA",0.00284996968414685,-5.8575928833192
2005,0,0.29,25000,0,0.38,"B",0.00197252614533135,-6.22646577627416
2005,0,0.16,20000,1,0.32,"A",0.0293038165522564,-3.50029576366144
2005,0,0.24,1200,0,1.09,"Missing",0.17960379917419,-1.51903408613172
2005,0,0.29,12000,0,0.92,"C",0.173300688065718,-1.56241287286716
2005,1,0.23,6001,1,0.85,"Missing",0.867281951017899,1.87713718141427
2005,0,0.15,9800,0,0.94,"B",0.00381488020938961,-5.56502383921219
2005,0,0.09,2500,0,0,"AA",0.00202078940761188,-6.20224421410497
2005,0,0.22,7300,0,0.74,"D",0.0574725392188293,-2.7972578000818
2005,1,0.22,1100,1,0,"Missing",0.723717268496419,0.962976072095119
2005,0,0.11,6000,0,0.1,"A",0.00152478769488013,-6.48437414371963
2005,0,0.19,7400,1,0.87,"C",0.0746342251612508,-2.51758990728412
2005,1,0.24,1000,1,0,"Missing",0.902564496141352,2.22604949129093
2005,1,0.23,5000,0,0.97,"Missing",0.930885420844025,2.60037050378674
2005,0,0.21,5000,0,0.26,"D",0.090145448617988,-2.3118602914818
2005,0,0.17,5600,0,0.84,"C",0.00147303840727557,-6.5189539432609
2005,0,0.13,25000,0,0.05,"AA",0.00386394728959342,-5.55219457251497
2005,1,0.25,4000,1,0.47,"C",0.128455101463554,-1.91468794399461
2005,1,0.29,3000,1,1.01,"Missing",0.842087006989589,1.67383913842129
2005,1,0.29,3500,0,0.83,"Missing",0.881381044614273,2.00557374620031
2005,0,0.1,6000,1,0.75,"A",0.00635299697104217,-5.05245535033802
2005,0,0.28,5500,0,0.35,"D",0.0328377751123532,-3.38278670941385
2005,0,0.29,22000,0,0,"D",0.113853591131793,-2.05196884931101
2005,0,0.15,4999,0,0.89,"C",0.0316315395258382,-3.42145794674023
2005,0,0.21,13500,0,0.84,"D",0.18613473563646,-1.47532403279202
2005,0,0.1,9990,0,0.05,"AA",0.00219127812114416,-6.12107660594696
2005,0,0.15,2500,1,0.9,"C",0.0286498640570679,-3.52353829824186
2005,0,0.15,1500,1,0.85,"D",0.0530275714998444,-2.8824579829257
2005,0,0.13,2500,1,0.77,"B",0.0201792199671265,-3.88271631700446
2005,0,0.14,1500,0,0.04,"AA",0.00321717394073402,-5.73602960277923
2005,0,0.2,6001,0,0.77,"C",0.0659489184012875,-2.65065064920741
2005,0,0.09,3600,0,0.23,"AA",0.000126605907591639,-8.97430477197904
2005,0,0.24,7500,1,0.94,"C",0.0424282351798421,-3.11658660378824
2005,0,0.26,25000,0,0.92,"C",0.0478030409097344,-2.99168264836095
2005,0,0.14,6001,0,0.54,"A",0.00068970097946591,-7.27856247846217
2005,1,0.22,15000,0,0.83,"D",0.552674455388649,0.211482522649006
2005,1,0.29,1000,1,1,"Missing",0.728123124625236,0.985120861379433
2005,0,0.29,5000,0,0.88,"Missing",0.68551599043508,0.779238594547202
2005,1,0.29,17000,1,0,"D",0.640247593827646,0.576438932694342
2005,0,0.21,9975,0,0.62,"C",0.0477128647355438,-2.99366553950183
2005,0,0.07,2000,0,0.39,"C",0.000271602820833699,-8.21089813663647
2005,1,0.29,1000,1,0.67,"Missing",0.944162478051597,2.82785218816068
2005,0,0.29,3950,0,0.78,"Missing",0.856063354852294,1.78297114756956
2005,0,0.2,9000,0,0,"C",0.021579256862354,-3.81420726239839
2005,1,0.23,1400,0,0,"Missing",0.447098290058406,-0.212401787301449
2005,0,0.16,20000,0,0.29,"AA",0.000435751719916317,-7.73800207985925
2005,1,0.24,2000,1,0.93,"Missing",0.982525852490342,4.02940415285901
2005,0,0.11,1000,0,0.98,"D",0.0877089068514102,-2.34193566556027
2005,0,0.25,15000,0,0.83,"C",0.222878796252838,-1.24896821843988
2005,1,0.18,2550,1,0.99,"Missing",0.958716346416654,3.14512862593904
2005,0,0.18,5000,0,0.66,"C",0.0172071994385328,-4.04507044693386
2005,1,0.27,1700,0,0.95,"Missing",0.779287816782127,1.26152093282967
2005,1,0.29,2100,1,1.14,"Missing",0.986319340171667,4.2779970324836
2005,1,0.29,5000,1,0,"Missing",0.953656045365121,3.0242122120729
2005,0,0.18,3100,0,0.86,"D",0.105999611181219,-2.13227078409012
2005,0,0.25,9500,0,0.64,"D",0.0300547007513939,-3.47422059763813
2005,0,0.14,7000,0,0.32,"A",0.000394136596760639,-7.83841880217533
2005,1,0.25,4500,0,0.87,"D",0.56047365765,0.24308459104284
2005,1,0.24,1000,1,0,"Missing",0.944459339459399,2.83349726134133
2005,0,0.29,5000,0,0.77,"D",0.532160591423208,0.128820214403893
2005,1,0.24,1000,0,0,"D",0.187762591791174,-1.46461431687739
2005,0,0.29,10000,0,0.51,"D",0.0658196690117726,-2.65275077864088
2005,0,0.13,21000,0,0.24,"A",0.000621763013734953,-7.38232958829512
2005,0,0.2,5300,0,1.26,"D",0.148368592312232,-1.7474541469044
2005,0,0.21,5000,0,0.26,"D",0.0967622717861882,-2.23372861964527
2005,0,0.29,15000,0,0,"Missing",0.259584753239985,-1.04812792172198
2005,1,0.28,9900,0,0.33,"D",0.228123930033186,-1.21893497194693
2005,0,0.18,3100,0,0.86,"D",0.0806333100825247,-2.43377321188043
2005,0,0.09,2550,0,0.58,"AA",0.000133179017093866,-8.92368315370616
2005,0,0.17,2800,0,0,"C",0.00218771608795785,-6.12270704891004
2005,1,0.17,3500,0,0.76,"Missing",0.414920051487502,-0.343662647364282
2005,0,0.15,2000,0,0.36,"D",0.0190852972043603,-3.93956724780165
2005,0,0.08,2500,0,0.06,"AA",0.000146639182287466,-8.82738888084012
2005,0,0.17,5000,0,0.89,"D",0.0189398046072886,-3.94736804763974
2005,0,0.2,12000,0,0.26,"C",0.0695728783332875,-2.5932689390479
2005,0,0.27,14000,1,0.65,"D",0.417762418488726,-0.331965685973016
2005,0,0.19,12500,0,0.02,"AA",0.00299775822118374,-5.80688826875864
2005,0,0.12,9000,0,0.12,"A",0.00525000984923724,-5.24426148675886
2005,0,0.09,1500,0,0.03,"AA",0.00079143158332395,-7.14087537671088
2005,0,0.14,9000,0,0.14,"B",0.000942427376116343,-6.96610882438942
2005,0,0.22,8500,0,0.93,"D",0.196632865702559,-1.40747344866895
2005,0,0.22,9000,0,0.95,"D",0.0298006267146625,-3.48297216586292
2005,0,0.17,5000,0,0.61,"C",0.025455707092665,-3.64503000473343
2005,0,0.29,5000,0,0,"Missing",0.97276558721692,3.57566178611365
2005,0,0.14,22000,0,0.77,"B",0.000274279252593206,-8.20108948365517
2005,1,0.2,24900,0,0.87,"C",0.0651488200462209,-2.66371315872845
2005,0,0.25,8500,0,0.87,"C",0.00670510313381476,-4.99815869740948
2005,0,0.24,1000,1,0.98,"Missing",0.801684401588657,1.39685532308627
2005,0,0.13,2550,0,0.53,"B",0.00220709078778018,-6.11387048626662
2005,0,0.12,2500,0,0,"B",0.000315056166814712,-8.06244452187778
2005,0,0.1,4000,1,0.43,"A",0.0214500251079764,-3.82034604258426
2005,0,0.18,3001,0,0.8,"D",0.0179585002341182,-4.00157001442375
2005,0,0.13,10800,1,0.68,"A",0.00116801925154796,-6.75127721030458
2005,1,0.2,2018,0,0,"Missing",0.843117388632001,1.68160837196407
2005,0,0.13,15000,0,0.09,"AA",0.00334257772321599,-5.69766481962342
2005,0,0.2,9000,0,0.92,"C",0.0259650526726294,-3.62469567731637
2005,1,0.07,3000,0,0.87,"C",0.0165533117086794,-4.08447724520187
2005,0,0.16,3400,0,0.49,"C",0.018211768672536,-3.98730761925268
2005,0,0.16,24000,1,0.35,"A",0.000988837476274836,-6.91799124451709
2005,1,0.2,1000,0,0.9,"Missing",0.735904065864591,1.02478734092667
2005,1,0.29,6000,0,1.12,"Missing",0.995043788003974,5.30214500575159
2005,0,0.1,5200,0,0,"A",0.00138212502656574,-6.58275000883842
2005,0,0.22,19000,0,0.75,"C",0.0217715623988591,-3.80513857793185
2005,1,0.29,10500,0,0.99,"Missing",0.985457577287416,4.21603599657442
2005,0,0.21,25000,0,0.99,"C",0.183752237965236,-1.49112962140101
2005,0,0.12,10000,1,0.08,"AA",0.00335202846842547,-5.69483194432927
2005,1,0.2,1000,0,1.07,"Missing",0.78527287030503,1.2966632050185
2005,0,0.27,2550,0,0.98,"Missing",0.395177821614037,-0.425598649903403
2005,0,0.15,1000,0,0.87,"C",0.0211618955047913,-3.83416407801829
2005,0,0.17,2000,0,0,"D",0.0730800491826127,-2.54031180438295
2005,0,0.13,5000,0,0.32,"B",0.00394973821047215,-5.5301484190686
2005,0,0.27,8500,0,0.96,"C",0.0622507463159423,-2.7123120688195
2005,1,0.2,2000,0,1.44,"Missing",0.133345493076997,-1.87169695241052
2005,0,0.15,18000,0,0.37,"B",0.00074354788783261,-7.20333356102975
2005,1,0.28,1200,0,0.81,"Missing",0.966317171606946,3.35650395105499
2005,1,0.29,4000,1,0,"Missing",0.955765559578896,3.07300897169506
2005,0,0.2,6000,1,0.25,"C",0.133341754266353,-1.87172930538988
2005,0,0.16,17000,0,0,"A",0.0175213934029785,-4.02665595457118
2005,0,0.29,10000,0,0.98,"C",0.116071533342798,-2.03016947149859
2005,0,0.15,4000,0,0.95,"C",0.00807537833705793,-4.81082739727331
2005,0,0.07,1325,0,0.02,"AA",8.73141148312543e-05,-9.34591110834504
2005,0,0.14,5000,0,0.84,"C",0.0166239224113543,-4.0801488613762
2005,1,0.29,6000,0,0.98,"Missing",0.914956544441266,2.37571420401563
2005,0,0.25,10700,0,0,"Missing",0.454143818577436,-0.183941608175596
2005,1,0.28,5000,0,0.56,"Missing",0.910201262396067,2.3160948251785
2005,1,0.28,6000,0,0.86,"Missing",0.851035901978947,1.74274899164004
2005,1,0.28,4000,0,0,"Missing",0.943228208421107,2.81026868068817
2005,1,0.25,3000,0,0,"Missing",0.845632998813461,1.70075256607183
2005,1,0.29,8000,0,0.8,"D",0.230396571915674,-1.20607330384028
2005,0,0.2,2500,0,1,"C",0.118891958704245,-2.00296508259588
2005,0,0.15,11000,0,0.65,"B",0.00250948263381576,-5.98516603240713
2005,1,0.26,12000,0,0.59,"D",0.352320882613309,-0.608853025809591
2005,1,0.2,2700,1,0.8,"D",0.300996786888298,-0.842555749047379
2005,1,0.29,25000,0,0.98,"D",0.814194984879802,1.47750205843102
2005,0,0.17,6500,1,0.33,"C",0.0149267629894087,-4.18956021515698
2005,0,0.29,3999,0,0.94,"Missing",0.28733642917475,-0.908355702555385
2005,0,0.19,5500,0,0.29,"B",0.00235525344455121,-6.04874890612069
2005,0,0.21,5000,1,0.94,"C",0.0273804821249527,-3.5701625371397
2005,0,0.11,6100,0,0.76,"B",0.000485462498740702,-7.62992293539507
2005,1,0.28,3500,0,0,"Missing",0.970908919738099,3.50780105643514
2005,0,0.19,24000,1,0.18,"B",0.0219127896414313,-3.79852836995344
2005,1,0.24,3000,0,0.56,"Missing",0.905799924427081,2.26339746384759
2005,0,0.16,6000,1,0.55,"C",0.0531289526726475,-2.88044088652263
2005,1,0.25,6000,1,1,"Missing",0.909484482946884,2.3073566415728
2005,0,0.23,9500,0,0.53,"D",0.0383253656073973,-3.22256421119954
2005,0,0.18,5000,0,0.12,"C",0.0115064260060912,-4.45327647937825
2005,0,0.11,2000,0,0.75,"B",0.00871647189471846,-4.73378603962389
2005,0,0.2,15000,1,0.8,"B",0.0126394175999359,-4.35821499272568
2005,0,0.15,11000,0,0.42,"A",0.00172212166511519,-6.36247461587416
2005,0,0.18,12000,1,0.68,"C",0.138503789134499,-1.82777297403442
2005,0,0.21,15000,0,0.82,"C",0.0258874883290485,-3.62776703614563
2005,1,0.29,3500,1,0.74,"Missing",0.930585414402486,2.59571685341945
2005,1,0.18,2550,1,0.99,"Missing",0.581937653568,0.330732741993671
2005,0,0.2,2550,0,0,"AA",0.115904391415242,-2.03179957197762
2005,0,0.15,1000,0,0,"D",0.0310374332957581,-3.44103197861038
2005,1,0.2,6000,0,0.85,"Missing",0.896705814530032,2.16114675556336
2005,1,0.29,7900,1,0.99,"Missing",0.975256019827535,3.6741177868914
2005,0,0.15,10000,0,0.49,"A",0.00701221427099668,-4.95306483924615
2005,0,0.25,6000,0,0.11,"D",0.0365919792939172,-3.27064794816117
2005,0,0.14,9000,0,0.14,"B",0.00469196950850936,-5.35719983547506
2005,0,0.15,8000,0,0.84,"A",0.00146663430553901,-6.5233173805083
2005,0,0.2,10000,0,0.64,"D",0.0295155934550465,-3.49287661964843
2005,1,0.29,10000,0,0,"Missing",0.959302768176653,3.16004666147408
2005,0,0.15,15500,0,0.98,"B",0.00317967508421794,-5.74779152119196
2005,0,0.07,1100,1,0.18,"A",0.000740132366501054,-7.20794110771229
2005,0,0.07,1500,1,0.07,"AA",0.000714882524655672,-7.24267719177505
2005,0,0.09,7000,0,0.17,"AA",0.000278223784285718,-8.18680652615509
2005,1,0.29,5000,0,0.46,"Missing",0.96374770024423,3.28032671779025
2005,1,0.2,7500,0,0,"D",0.1358784897393,-1.84995236722596
2005,1,0.19,1000,1,0,"Missing",0.886323832535057,2.05372861344369
2005,1,0.29,4000,0,0.8,"D",0.0920951284430898,-2.28831755845456
2005,0,0.15,5000,0,5.95,"B",0.011962589640471,-4.41393631156009
2005,1,0.29,5000,1,0,"Missing",0.994380107414702,5.1758069845986
2005,0,0.15,10000,0,0.08,"B",0.0041452556552897,-5.48163694325737
2005,0,0.09,6100,0,0.48,"A",0.0184222774321149,-3.97560053584001
2005,0,0.19,3900,1,0,"C",0.0873142992361256,-2.34687732877721
2005,0,0.16,2000,1,0.41,"C",0.0527755403869276,-2.88748825373648
2005,0,0.15,2650,1,0.42,"D",0.0185073368032893,-3.97090730116885
2005,0,0.18,17000,0,0.23,"B",0.0010964085119364,-6.81461842002641
2005,0,0.14,8000,0,0.53,"B",0.0578690333884979,-2.78996188299309
2005,0,0.22,4000,1,1,"D",0.144002618196618,-1.78243583616449
2005,0,0.14,2500,0,0.24,"C",0.00738305628309122,-4.90115714965864
2005,0,0.13,9000,0,0,"A",0.00165986666262826,-6.39935675779013
2005,0,0.17,25000,0,0.06,"AA",0.000411424947393988,-7.79547243273992
2005,0,0.13,5000,0,0.95,"B",0.000292914200538655,-8.13533786564837
2005,0,0.11,15152,0,0.6,"A",8.3773284555102e-05,-9.38731262456849
2005,1,0.29,6000,1,0.79,"Missing",0.938544532226769,2.72601749405265
2005,0,0.18,14000,0,0.91,"C",0.0239825163358593,-3.70615542097574
2005,0,0.1,5000,0,0.43,"A",0.003215854305174,-5.73644119553191
2005,1,0.29,5108,0,0,"Missing",0.535850214680939,0.143647358474265
2005,0,0.27,7000,0,0.71,"C",0.0889585836428487,-2.32641744965354
2005,0,0.17,4800,0,0.88,"C",0.00660971991850489,-5.01258233755292
2005,0,0.2,5200,1,0.77,"D",0.0371296294502877,-3.25550350437008
2005,0,0.29,4000,1,0,"Missing",0.702042147051168,0.857041397312801
2005,1,0.29,1000,1,1.09,"Missing",0.964158719981161,3.29215562606071
2005,1,0.29,1300,0,0.55,"Missing",0.702462067480989,0.859049682158408
2005,0,0.2,11000,0,0.44,"C",0.0554837815311121,-2.83458210489872
2005,0,0.15,25000,0,0,"B",0.00315947007004257,-5.75418649306659
2005,0,0.21,5000,0,0,"C",0.106197110112532,-2.13018837306258
2005,0,0.1,2300,0,0.62,"A",0.000246916264939359,-8.30621434040151
2005,1,0.29,7000,1,0,"Missing",0.929254914577599,2.57530002780426
2005,1,0.23,1800,0,0,"Missing",0.901729314747411,2.21658861499858
2005,0,0.12,5000,0,0,"AA",0.000225257293030361,-8.39804200183942
2005,1,0.29,5900,0,0.88,"Missing",0.966970028637307,3.37675212840933
2005,0,0.17,20000,1,0.01,"AA",0.00286413433688874,-5.85262088182726
2005,0,0.13,6001,0,0.94,"A",0.000679057155426656,-7.29412597024291
2005,1,0.2,3800,0,1,"Missing",0.594796467882394,0.383829786930282
2005,0,0.11,8000,0,0.06,"A",0.00911919919110645,-4.68821225313074
2005,0,0.07,3000,1,0.01,"AA",0.00143590811345066,-6.54452085823371
2005,0,0.19,5000,0,0.39,"C",0.00774513200496801,-4.85291548004906
2005,1,0.27,2400,0,0,"Missing",0.909635143937749,2.30918814694703
2005,1,0.23,1800,0,0,"Missing",0.788995602549093,1.31888177312334
2005,1,0.19,7500,0,0.98,"D",0.432960658207,-0.269781821968718
2005,0,0.21,5500,1,0,"C",0.162134927325015,-1.64242820309201
2005,1,0.29,3000,1,1.01,"Missing",0.983134557756054,4.06547930481913
2005,0,0.21,14000,0,0.85,"C",0.151271539511749,-1.7246628038617
2005,0,0.17,1500,0,0.67,"C",0.0265962091420669,-3.60003029966657
2005,0,0.24,10000,1,0.73,"D",0.562937414304396,0.253092055778805
2005,0,0.19,8750,0,0.73,"D",0.138388450034134,-1.82873994481465
2005,0,0.17,15000,0,0.65,"B",0.00421370067983786,-5.4651913927276
2005,0,0.08,1000,0,0.05,"AA",0.000110720446400806,-9.10839130772749
2005,0,0.15,5100,0,0.19,"C",0.0189470396182618,-3.94697874557363
2005,0,0.2,3000,0,0.62,"C",0.0480866309451758,-2.98546983620804
2005,0,0.15,9500,0,0.36,"A",0.0107175435538665,-4.52509790558163
2005,0,0.07,1000,0,0.02,"AA",0.00155891784725949,-6.46220325186346
2005,0,0.23,4900,0,1,"D",0.0176453688659847,-4.01947901290979
2005,0,0.14,4575,0,0.6,"C",0.0367065119775186,-3.26740395226878
2005,0,0.13,2550,0,0.27,"A",0.000544124431270351,-7.51578833079041
2005,0,0.24,6001,0,0.74,"D",0.0388057286146295,-3.2096086635497
2005,0,0.25,15000,0,0.79,"D",0.106636647247198,-2.12556615264125
2005,0,0.09,1000,0,0,"A",0.00128991465232097,-6.65188847648045
2005,0,0.2,15000,0,0.65,"B",0.00917812699892982,-4.68171162027508
2005,0,0.16,9800,0,0,"C",0.0546185652213391,-2.85121463341639
2005,0,0.15,11000,0,0.42,"A",0.00325691659279909,-5.72371212972332
2005,0,0.19,23000,0,0.27,"A",0.00457653105144833,-5.38222694475421
2005,1,0.26,2600,0,0.73,"D",0.415784395355687,-0.340103255218043
2005,1,0.29,2560,0,1,"Missing",0.942101616235294,2.78942367168419
2005,0,0.22,25000,0,0.7,"C",0.064172093993248,-2.67986315527332
2005,0,0.19,5500,0,0.29,"B",0.00393981029174652,-5.53267511434497
2005,0,0.17,5000,0,0.15,"B",0.00203895445627437,-6.19327708799037
2005,0,0.15,10000,0,0.49,"A",0.00311771608189534,-5.76753198397152
2005,0,0.13,20000,0,0.46,"A",0.000173352331849741,-8.66001106687877
2005,0,0.17,7500,0,0.2,"C",0.0608053178685235,-2.73734553684193
2005,0,0.14,20200,0,0.86,"A",0.00165485631349434,-6.40238486646232
2005,0,0.23,16000,1,0,"A",0.00290715385446538,-5.83766934545911
2005,0,0.22,12500,0,0.96,"C",0.0666865596424205,-2.63873766536004
2005,1,0.25,5000,0,0.2,"D",0.136133386100831,-1.84778318958615
2005,1,0.22,2000,1,0.84,"D",0.376994829463591,-0.502323345766125
2005,0,0.15,8400,0,0.48,"B",0.000327231793477462,-8.02451450428108
2005,0,0.23,3000,0,0.86,"Missing",0.534974851040416,0.1401282504811
2005,0,0.15,9500,0,0.94,"B",0.00220176876889739,-6.11629005955339
2005,1,0.24,1500,0,0,"Missing",0.734276887115376,1.01643135024976
2005,1,0.29,2550,0,1,"Missing",0.980751204719402,3.93087033750502
2005,0,0.2,5000,0,0.85,"D",0.0664284618827438,-2.64289198688989
2005,1,0.24,1000,0,0.97,"Missing",0.901074388859829,2.20921965168716
2005,0,0.11,8000,0,0,"A",0.000180887493698565,-8.61745439788056
2005,0,0.29,20000,1,0.9,"C",0.0136054663266956,-4.28358476236715
2005,0,0.12,25000,1,0,"AA",0.000486737923153702,-7.62729786879037
2005,1,0.2,1990,1,1,"D",0.296576062055215,-0.863656032618979
2005,0,0.18,18000,0,0.15,"B",0.0193978902932726,-3.92300246827321
2005,0,0.12,15000,0,0.09,"A",0.00102356894655559,-6.88343569846773
2005,0,0.25,15000,0,0.45,"C",0.111116721640081,-2.07938473632892
2005,0,0.18,1230,0,0,"C",0.0096292205757272,-4.63327711224829
2005,0,0.15,13000,0,0.26,"AA",0.00342996340481391,-5.67176982779691
2005,0,0.2,8500,0,0.48,"B",0.00622796857913265,-5.07245762684455
2005,1,0.17,6500,0,0.79,"C",0.025889700874636,-3.62767930069222
2005,0,0.14,14500,0,0.48,"A",0.12017486318247,-1.99077530427169
2005,0,0.16,9000,0,0.69,"C",0.00756141439500712,-4.87710687018408
2005,0,0.29,4500,0,0.98,"Missing",0.903724954818199,2.23931591157771
2005,0,0.1,15000,0,0.21,"AA",9.8071530729836e-05,-9.22971536379856
2005,0,0.14,2400,1,0.22,"B",0.000340242317746563,-7.98551219473568
2005,1,0.29,7000,0,0,"Missing",0.943261503630813,2.81089062584631
2005,0,0.19,15000,1,0.41,"A",0.0199903825880038,-3.89231109800334
2005,1,0.2,12000,0,0.66,"C",0.0349335181246835,-3.31875021906744
2005,1,0.29,5000,0,0.83,"Missing",0.986382930978433,4.28272056643067
2005,0,0.17,9000,0,0.99,"C",0.00322207835037533,-5.73450139679009
2005,0,0.29,5500,0,0.41,"D",0.237193218389483,-1.16812968765301
2005,0,0.1,2000,0,0,"AA",0.000104848298438661,-9.16289117548232
2005,0,0.22,12800,0,0,"A",0.000509402462899827,-7.58176262827472
2005,0,0.15,5000,0,0.74,"C",0.0268496964706022,-3.59028402833465
2005,0,0.25,9000,0,0.79,"D",0.0688803342930451,-2.60401709023624
2005,0,0.26,9500,0,0.86,"D",0.591433901259553,0.369896219882321
2005,0,0.1,1000,0,0.56,"A",0.000650054024510064,-7.33780481849632
2005,0,0.29,1750,1,0.98,"Missing",0.898971716638113,2.18585106213722
2005,0,0.25,10500,0,0.81,"D",0.334761180334037,-0.686728720432643
2005,0,0.14,1500,0,0.04,"AA",0.00128137279077544,-6.65854108851595
2005,0,0.2,2000,1,0.88,"D",0.429135409972102,-0.285379526137956
2005,0,0.15,12000,0,0.94,"B",0.00256411181132542,-5.96357572793704
2005,0,0.13,18000,0,0.53,"AA",0.000564988077442748,-7.47814078116838
2005,0,0.17,4800,0,0.88,"C",0.00655802094601348,-5.02048678735592
2005,0,0.19,5500,0,0.29,"B",0.00297087435192198,-5.81592367874753
2005,0,0.1,1000,0,0.53,"A",0.00163404309410182,-6.41506252991412
2005,0,0.13,5000,0,0.32,"B",0.00209826692575847,-6.16454307705469
2005,1,0.29,3000,0,0.29,"Missing",0.828902399558569,1.57786825896938
2005,0,0.17,5000,1,0.08,"C",0.0947166259719564,-2.25735846573276
2005,0,0.22,4000,1,1,"D",0.322154407579072,-0.743888564960281
2005,0,0.07,1000,0,0,"AA",0.000608247457777557,-7.40432032336241
2005,0,0.29,1000,0,0,"Missing",0.554547313317754,0.219061090704388
2005,0,0.29,10000,0,0.62,"C",0.130019089003243,-1.90078999186252
2005,1,0.24,3000,0,0.92,"Missing",0.665934600778035,0.689854688825783
2005,0,0.15,10000,0,0.49,"A",0.0161499688878599,-4.1095553548122
2005,1,0.27,2550,0,0.98,"Missing",0.960673430038451,3.1957341572741
2005,1,0.29,2501,1,0,"Missing",0.987585813643076,4.37642351317729
2005,0,0.15,2000,0,0.54,"C",0.0145327109272517,-4.21671389916426
2005,0,0.1,2550,0,0.02,"AA",9.97461493682625e-05,-9.2127823546395
2005,0,0.07,5000,0,0.05,"AA",0.00089029337604065,-7.0230688236328
2005,0,0.2,13000,0,1.01,"B",0.001014607543647,-6.89223827515841
2005,0,0.18,12000,1,0.68,"C",0.062332155814497,-2.71091833828627
2005,1,0.29,1000,0,0,"Missing",0.581271124138671,0.327993662682793
2005,0,0.15,4400,0,0.8,"Missing",0.623394248635764,0.503980253571844
2005,0,0.17,3000,0,0.91,"D",0.0127528992559425,-4.349161725086
2005,1,0.29,3001,1,0,"Missing",0.822752812664422,1.5351105094915
2005,0,0.2,9500,0,0.72,"D",0.00296390041923298,-5.81828086739227
2005,1,0.17,6500,0,0.81,"C",0.0751712837477736,-2.50983925577626
2005,1,0.2,6500,1,1.06,"Missing",0.53845447697272,0.154122265772348
2005,0,0.06,1000,0,0.04,"AA",0.000116484159434921,-9.05763877377481
2005,0,0.15,19500,0,0.59,"AA",0.000745206732772361,-7.20110339988745
2005,0,0.23,5000,0,0.39,"D",0.0208056803797383,-3.85150406609654
2005,0,0.15,8575,0,0.9,"B",0.00796848960304053,-4.82425990673417
2005,0,0.11,2593,0,1.01,"Missing",0.400435626614414,-0.403650326119668
2005,0,0.19,7500,0,0.57,"C",0.0576617789989351,-2.79376971078992
2005,0,0.12,5900,1,0.31,"A",0.00473053677412777,-5.34897483883922
2005,1,0.29,5500,0,0.99,"Missing",0.857367571691926,1.79359584215201
2005,0,0.1,4000,0,0.88,"A",0.00236900359024062,-6.04291402417883
2005,0,0.22,15000,0,0.04,"D",0.218761630665946,-1.27289762110446
2005,0,0.17,1275,0,0.91,"A",0.00227534276906156,-6.08334663491434
2005,0,0.2,7500,0,0.36,"C",0.049529436001872,-2.95439003294831
2005,0,0.1,10000,0,0.15,"AA",0.00126029113737163,-6.67515143733114
2005,1,0.26,1500,0,0,"Missing",0.734426351923382,1.01719752481015
2005,0,0.26,17850,0,0.94,"C",0.0262881056780779,-3.61199888220317
2005,1,0.24,3500,0,1,"Missing",0.829393565093706,1.5813354356651
2005,0,0.17,20000,1,0.55,"B",0.00649782045948628,-5.02976944904356
2005,0,0.17,7500,0,0.2,"C",0.0179384869377198,-4.00270543406116
2005,0,0.16,20000,1,0.32,"A",0.00426485600083523,-5.45307288516139
2005,0,0.23,10000,0,0.88,"C",0.0500852927026579,-2.94264479260688
2005,0,0.23,5000,0,1,"Missing",0.569249020993419,0.278787836923278
2005,0,0.18,8000,0,0.33,"C",0.142726878779351,-1.79282369696981
2005,1,0.29,1000,0,0,"Missing",0.745982649368618,1.07729976745636
2005,1,0.29,3000,0,0,"Missing",0.795480498858652,1.35828300211687
2005,1,0.28,4500,0,0.47,"Missing",0.992296067462651,4.85829060023626
2005,0,0.24,1500,0,0,"Missing",0.598985426237008,0.401239497469454
2005,0,0.18,3001,0,1,"Missing",0.157491842624851,-1.67700968045773
2005,0,0.09,6000,0,0,"AA",0.000677818973742248,-7.29595225725811
2005,1,0.29,4850,0,0.89,"Missing",0.933692879853343,2.64485027744187
2005,1,0.29,1000,0,0,"Missing",0.719373962836858,0.941358383325237
2005,0,0.13,10800,1,0.68,"A",0.000405775735775865,-7.80930406782904
2005,0,0.13,15000,1,0.07,"AA",0.000623723279005555,-7.37917983321053
2005,0,0.14,20200,0,0.86,"A",0.00209721499670887,-6.16504558923543
2005,0,0.22,6500,1,0.97,"Missing",0.867869942765286,1.88225514831428
2005,1,0.28,2550,0,0.74,"Missing",0.880479499833483,1.99697873908086
2005,1,0.29,5000,0,0.89,"Missing",0.972334645287141,3.55951913249572
2005,1,0.27,14000,1,0.65,"D",0.499281259578338,-0.00287496366687678
2005,0,0.25,9000,0,0.78,"D",0.087180696259276,-2.34855501292106
2005,0,0.15,18000,0,0.37,"B",0.000437955659450006,-7.73295483525471
2005,0,0.15,25000,1,0.37,"AA",0.00208009581609247,-6.17325905868068
2005,0,0.18,8000,1,0,"C",0.0492021251933952,-2.96136468276701
2005,1,0.22,1500,1,1,"Missing",0.904739296721926,2.25102945421208
2005,0,0.14,22000,0,0.71,"A",0.00777046613546474,-4.84962431118916
2005,0,0.17,10000,0,0.79,"A",0.00334104590250165,-5.69812473689228
2005,0,0.18,5600,0,0.48,"B",0.00600378570066766,-5.10934317772334
2005,0,0.26,9500,0,0.86,"D",0.0603560027767868,-2.74524066851262
2005,1,0.27,15000,0,0.94,"D",0.720466005266282,0.946774320030433
2005,0,0.21,5000,0,0.26,"D",0.0575781608025355,-2.79530964357837
2005,1,0.24,2600,0,0.96,"Missing",0.957170478146882,3.10675388593882
2005,0,0.11,15200,0,0.83,"A",0.00154878126021693,-6.46873695920346
2005,0,0.1,1500,0,0.89,"A",7.32275629403337e-05,-9.52186543472655
2005,0,0.09,2000,0,0.85,"A",0.000364368148082517,-7.91698137106632
2005,0,0.11,3000,0,0.89,"B",0.00846002426511189,-4.76390722375817
2005,1,0.17,1550,0,0.95,"Missing",0.718319937867502,0.936143170290508
2005,1,0.29,5000,0,0.46,"Missing",0.940455840359042,2.75964647815979
2005,0,0.1,3500,0,0.07,"AA",0.000117454182183966,-9.04934477820538
2005,0,0.2,15000,0,0.65,"B",0.0042034583329453,-5.46763536220568
2005,1,0.29,5000,0,1.01,"Missing",0.915702132367503,2.38533455908605
2005,0,0.17,2800,0,0,"C",0.118860871071833,-2.00326187660139
2005,0,0.17,11300,0,0.27,"C",0.0501701778283861,-2.94086205098563
2005,1,0.29,4000,1,0,"Missing",0.952255369862667,2.99296664172801
2005,0,0.2,6500,0,0.9,"D",0.0774052138524234,-2.47813597908646
2005,0,0.24,3000,0,1,"Missing",0.455728069670827,-0.177552700697488
2005,0,0.22,12800,0,0,"A",0.00950369911585578,-4.64652502810319
2005,1,0.29,3000,0,0.79,"Missing",0.901626267690804,2.21542627648561
2005,0,0.18,5600,0,0.33,"C",0.250296725643204,-1.09703037743251
2005,0,0.17,25000,0,0.06,"AA",0.00764262282184359,-4.86634245610681
2005,0,0.07,1100,1,0.18,"A",0.00068326167631717,-7.28794914871867
2005,0,0.19,7500,0,0.57,"C",0.0158765336436675,-4.12690921553274
2005,0,0.2,19000,0,0.95,"C",0.0166280185803834,-4.07989832422683
2005,1,0.29,6000,0,1.12,"Missing",0.889622948753813,2.08689547678591
2005,1,0.29,8500,1,0.87,"Missing",0.997600748934618,6.03019651253864
2005,0,0.07,1000,0,0.12,"C",0.00494607588976261,-5.30420241813015
2005,0,0.23,6001,0,0.88,"D",0.0953474574909513,-2.25002327237306
2005,1,0.28,3500,1,0.94,"Missing",0.931708797344875,2.61323936284541
2005,0,0.24,4000,0,0.63,"D",0.345977062407622,-0.636769944372769
2005,0,0.15,2500,0,0.7,"D",0.00504302560038552,-5.28469327491261
2005,0,0.11,1000,1,0.97,"Missing",0.655937849410444,0.645243731330476
2005,0,0.15,9990,0,0.2,"A",0.0234218075274346,-3.7303872873388
2005,1,0.29,3000,0,0,"Missing",0.947097661809998,2.88495467736354
2005,0,0.15,1200,0,0.49,"C",0.0352714916366376,-3.30877168798109
2005,1,0.28,1900,0,1.2,"Missing",0.733788312916027,1.01392877660377
2005,0,0.13,25000,1,0.11,"AA",7.90587968511167e-05,-9.44523965646396
2005,0,0.17,1500,0,0.67,"C",0.0249966206306513,-3.66370029605436
2005,0,0.25,25000,0,0.73,"A",0.111918352529106,-2.07129407394257
2005,0,0.2,10000,0,0.87,"C",0.259183538318462,-1.05021645168997
2005,0,0.23,4500,1,0,"D",0.0856089065475389,-2.36846904592674
2005,0,0.29,10500,0,0.76,"D",0.525670078240695,0.102770671228619
2005,1,0.29,2500,0,0.85,"Missing",0.981208398656289,3.95537483894147
2005,1,0.28,1250,0,0,"Missing",0.964623607568193,3.30569326406266
2005,1,0.27,3001,1,1.02,"Missing",0.979444296816377,3.86384693714711
2005,1,0.2,13000,0,0.8,"D",0.333638036123664,-0.691776331064981
2005,0,0.15,12000,0,0.61,"B",0.000558155913509336,-7.49031390798024
2005,0,0.12,10000,1,0.08,"AA",0.00304592934622225,-5.79089864274136
2005,0,0.23,8000,1,0,"C",0.114874265598237,-2.04189152008275
2005,1,0.29,25000,0,0.34,"C",0.697268973965352,0.834326530296751
2005,1,0.29,25000,0,0.52,"D",0.445423565136082,-0.219178980722523
2005,0,0.15,5000,0,0.7,"C",0.00160262554751215,-6.43450811633132
2005,0,0.19,10300,0,0.38,"B",0.00652727111886065,-5.02521765523258
2005,0,0.22,5400,0,0.63,"D",0.233447130663716,-1.18894804060021
2005,1,0.29,5000,1,0.65,"D",0.560424474748428,0.242884941283949
2005,0,0.23,12500,1,0.41,"D",0.192090843047495,-1.43648122168189
2005,0,0.2,15000,0,0.61,"B",0.0593219762071795,-2.76362108609434
2005,0,0.2,1500,0,0.53,"D",0.0223315294604112,-3.77917106835594
2005,1,0.28,12000,0,0.83,"D",0.731651539595067,1.00301800047295
2005,0,0.09,2550,0,0.58,"AA",0.00053473651886899,-7.53320154093428
2005,0,0.29,8500,1,0.93,"B",0.0681833667517416,-2.61493540405394
2005,1,0.26,2500,1,0.91,"Missing",0.918647818512008,2.42411517701169
2005,0,0.17,10000,0,0.28,"B",0.0111931505094355,-4.48119698418983
2005,0,0.15,6000,0,0.14,"C",0.0160274846246033,-4.11729292756775
2005,0,0.09,9000,0,0.99,"Missing",0.0962619315945585,-2.23946664096449
2005,0,0.17,1700,0,0.56,"Missing",0.53835721771236,0.153730919773993
2005,0,0.07,5000,0,0.33,"AA",0.00306601480520901,-5.78430594505083
2005,0,0.13,25000,0,0.1,"AA",4.29547164793522e-05,-10.0553211466678
2005,0,0.2,5000,0,0.97,"C",0.00696325529146382,-4.96012058780236
2005,0,0.29,7500,0,0.35,"Missing",0.490203344586637,-0.0391916373618106
2005,0,0.2,5500,0,0.8,"D",0.0682469548751342,-2.6139349906765
2005,1,0.29,1000,1,0.67,"Missing",0.97492778175326,3.66060300788233
2005,1,0.17,5000,0,0.61,"C",0.0348323351597832,-3.32175570556915
2005,1,0.2,1000,0,0,"Missing",0.577585763722754,0.312870504848485
2005,0,0.29,13531,0,0.82,"D",0.0192922181915205,-3.92857272522891
2005,1,0.27,2000,1,0,"Missing",0.86313295505434,1.8415587609305
2005,0,0.2,9000,0,0,"C",0.0471322339129146,-3.00651899983839
2005,0,0.12,25000,0,0.06,"AA",0.000418716419647237,-7.77789786582189
2005,0,0.09,3500,0,0.67,"A",0.000551764868940863,-7.50183664735125
2005,0,0.1,8300,0,0.05,"AA",0.000904591673173536,-7.00712190488149
2005,1,0.29,2000,0,0,"Missing",0.998034262151754,6.22991993640434
2005,0,0.15,8500,0,0.55,"AA",0.00341119796816064,-5.67727470970159
2005,0,0.17,1100,0,0.29,"D",0.0265692768161183,-3.60107111831411
2005,0,0.21,2500,1,0.38,"A",0.0118378069548365,-4.42454845838497
2005,0,0.28,12000,0,0.83,"D",0.0980968677039975,-2.21855168572394
2005,0,0.1,3000,0,0.05,"AA",0.00199322268768009,-6.2160072972815
2005,0,0.16,8000,0,0.8,"C",0.00553902330128501,-5.19038267259814
2005,0,0.11,1000,1,0.97,"C",0.00193435205545058,-6.24604663831067
2005,0,0.09,9000,0,0.37,"AA",0.000788713563372221,-7.14431831582198
2005,0,0.15,3000,0,0.05,"AA",0.00934850070198533,-4.663146829074
2005,0,0.24,1000,1,0.18,"C",0.159792493802288,-1.65977283274026
2005,0,0.29,6000,1,0,"D",0.155532085864673,-1.69185469130711
2005,0,0.28,5500,0,0.35,"D",0.233204755370897,-1.19030296349122
2005,0,0.27,6500,0,0.67,"D",0.222268307938099,-1.25249634945657
2005,1,0.2,4200,1,0.97,"Missing",0.855764589251686,1.78054856414893
2005,0,0.16,25000,1,0.66,"AA",0.0040585483250412,-5.50286311813101
2005,0,0.24,25000,0,0.89,"B",0.00290998341296866,-5.83669367217917
2005,0,0.1,10000,0,0.18,"AA",0.00540530162459456,-5.21495506158813
2005,1,0.2,5000,0,0.87,"D",0.651992728286087,0.627810033643212
2005,0,0.14,14500,0,0.48,"A",0.000206519780106621,-8.48490782160099
2005,0,0.12,2500,0,0,"B",0.00469901142900678,-5.35569304015196
2005,0,0.11,25000,0,0.29,"AA",0.000708595176138548,-7.2515173268022
2005,0,0.21,5000,0,0,"C",0.00639988608339236,-5.04505463509231
2005,0,0.18,18000,0,0.15,"B",0.00110563376011955,-6.80623032442906
2005,1,0.22,4000,1,1,"D",0.739734646425662,1.04458983474217
2005,0,0.15,9800,0,0.94,"B",6.0763119962354e-05,-9.7084667676364
2005,0,0.15,2000,0,0.5,"D",0.0336404112320699,-3.35780795052112
2005,1,0.29,6500,1,0.85,"D",0.765079504965301,1.18073261858551
2005,0,0.13,4950,0,0,"B",0.000336889851202237,-7.99541758545995
2005,1,0.29,2500,1,0,"Missing",0.983434621057602,4.08373624824828
2005,0,0.24,25000,0,0.89,"B",0.0191768856217097,-3.93468645184011
2005,1,0.29,4500,0,0.98,"Missing",0.951267747379679,2.97145448355752
2005,0,0.17,4000,1,0.76,"D",0.268554581623465,-1.00196842484619
2005,0,0.09,2550,0,0.05,"A",0.00115809933367401,-6.75981635268656
2005,1,0.29,5000,0,0,"Missing",0.845437780716642,1.69925784780799
2005,1,0.29,2500,0,0,"Missing",0.962556016080021,3.24674620892563
2005,0,0.07,1000,0,0.34,"AA",0.000729643346223245,-7.22222480036148
2005,1,0.25,4000,1,0.99,"Missing",0.909196257143415,2.30386046967648
2005,0,0.08,3500,0,0,"AA",0.000174235785204213,-8.6549268377055
2005,0,0.24,4500,0,0.72,"D",0.0613411073385605,-2.72800193561574
2005,0,0.17,10700,0,0.12,"C",0.0272376582107135,-3.57553929049241
2005,0,0.17,25000,0,0.54,"A",0.000564363607411448,-7.47924729727969
2005,0,0.14,5000,0,0.84,"C",0.0575151833858132,-2.79647083766963
2005,0,0.15,15000,1,0.72,"C",0.0388617943988239,-3.20810659412184
2005,0,0.15,15000,0,0.63,"B",0.00197555663585034,-6.22492756878011
2005,1,0.23,15900,0,0.74,"D",0.190383822149629,-1.44751812981047
2005,1,0.29,5000,1,0.94,"Missing",0.98478868699499,4.17038765952638
2005,0,0.17,17000,1,0.59,"B",0.00161975290556065,-6.42386060267949
2005,0,0.21,4000,1,0.91,"D",0.125498467120994,-1.94136050299858
2005,1,0.29,3000,0,0.63,"Missing",0.585129979561724,0.343868742427952
2005,0,0.14,4575,0,0.6,"C",0.00160332994434042,-6.43406798059848
2005,0,0.2,24900,0,0.87,"C",0.0071558285919918,-4.93264651233721
2005,1,0.11,2593,0,1.01,"Missing",0.797020339696952,1.36777442031659
2005,1,0.29,1550,0,0,"Missing",0.894299071314128,2.1354265720103
2005,1,0.29,3001,1,0,"Missing",0.945201397501338,2.84773333205657
2005,0,0.13,1000,1,0.7,"C",0.0218713235068866,-3.80046488257445
2005,1,0.18,8000,0,0.33,"C",0.176757221503138,-1.53847398817105
2005,0,0.23,4000,1,1,"Missing",0.81727217459417,1.49797442556047
2005,0,0.2,1500,0,0.88,"Missing",0.456339773608026,-0.175086818270341
2005,0,0.17,2550,0,0.25,"C",0.0411610981802863,-3.14822948380793
2005,1,0.28,1900,0,1.2,"Missing",0.830837587253803,1.59157505761577
2005,0,0.2,6000,0,1,"C",0.0160820737479868,-4.11383726543045
2005,0,0.11,3000,0,0.89,"B",0.00101469414332924,-6.89215283922689
2005,0,0.08,2499,0,0.01,"AA",0.000240458027145356,-8.33272452001174
2005,0,0.23,5000,0,0.78,"D",0.0463737555978517,-3.02353813022918
2005,0,0.17,2000,0,0.79,"D",0.0408612941169735,-3.15585243951718
2005,0,0.2,9000,0,1.01,"D",0.107813620386175,-2.1132710573499
2005,0,0.16,3000,0,0.81,"B",0.00509865832562039,-5.27366614643377
2005,1,0.29,2500,1,1.04,"Missing",0.927491286710865,2.54877666211804
2005,1,0.29,3000,0,0.91,"Missing",0.827973375609163,1.57133174100263
2005,0,0.23,8000,1,0.74,"D",0.554256860376937,0.217885360199351
2005,1,0.29,6000,1,0.77,"Missing",0.984202326142909,4.13196878695547
2005,0,0.2,7000,0,0.59,"C",0.0182114986315154,-3.98732272224333
2005,1,0.29,3001,1,0,"Missing",0.967783787725858,3.4025388899227
2005,0,0.17,5000,0,0.46,"A",0.00515382559672875,-5.26284885339027
2005,1,0.21,2550,0,0.24,"Missing",0.825385275405647,1.55326830466494
2005,1,0.24,2000,0,1.02,"Missing",0.972100276427192,3.55084218319427
2005,0,0.1,4500,0,0.69,"A",0.000141745988538978,-8.86133215927006
2005,0,0.2,5000,0,0.64,"D",0.166418373562742,-1.61122668919728
2005,1,0.2,5000,0,0.95,"Missing",0.867219176996915,1.87659192261892
2005,1,0.29,2000,0,0.98,"Missing",0.878197591593707,1.97547148715802
2005,0,0.15,15000,0,0.16,"AA",0.000563323811649104,-7.48109245871803
2005,0,0.2,20000,1,0.2,"C",0.179219230504332,-1.52164623729963
2005,0,0.2,2000,1,0.98,"C",0.269594198888675,-0.996682410293665
2005,0,0.24,23000,0,0.82,"B",0.0614640149373142,-2.72586931786825
2005,1,0.29,3000,0,0.91,"Missing",0.988054895149388,4.41541669957472
2005,1,0.29,5300,0,0.83,"Missing",0.998434902458722,6.45824080665119
2005,1,0.25,9000,0,0.97,"D",0.357442430177627,-0.586482100893213
2005,0,0.18,1500,0,0.1,"C",0.0160848698505572,-4.11366057418099
2005,0,0.16,4200,1,0.83,"C",0.12600616956247,-1.93674244610041
2005,1,0.24,1025,1,0.59,"Missing",0.69254528387762,0.812045816045172
2005,1,0.2,1000,1,0.76,"C",0.307732738864042,-0.810740421253812
2005,0,0.24,20000,1,0.88,"C",0.093832230651644,-2.26771605743089
2005,0,0.19,6001,0,0.2,"C",0.176116476002809,-1.54288359392706
2005,1,0.29,5500,0,0.99,"Missing",0.990293349395047,4.62518993180753
2005,0,0.17,10000,0,0.76,"C",0.0405929223260342,-3.16272174176253
2005,0,0.26,3675,0,0.85,"Missing",0.875565975308017,1.95109485288375
2005,0,0.29,1300,0,0.55,"Missing",0.65203465485498,0.627994820233064
2005,0,0.12,15000,0,0,"AA",0.000105437823696299,-9.15728368425004
2005,1,0.29,2000,1,0.98,"Missing",0.887409856394196,2.06455276864102
2005,1,0.19,3000,1,0.77,"D",0.178706942929817,-1.52513272328099
2005,0,0.19,19250,0,0.88,"B",0.00196793888406266,-6.22879865786048
2005,0,0.21,7500,0,0.68,"C",0.0113144740962523,-4.47029350972532
2005,0,0.17,3000,0,0.53,"C",0.00895729319833807,-4.70628954510883
2005,0,0.14,14100,0,0.73,"B",0.000214945314349099,-8.44491194563578
2005,0,0.15,4000,0,0.84,"Missing",0.103005328961706,-2.1642691967861
2005,1,0.24,1750,1,0.91,"Missing",0.931624452396217,2.61191451586693
2005,0,0.19,10000,1,0.81,"C",0.074202134243736,-2.52386301014541
2005,0,0.14,12000,1,0.37,"A",0.0324422410995841,-3.3953138109321
2005,0,0.16,9000,0,0.69,"C",0.0107777870546907,-4.51943172894818
2005,0,0.2,12000,0,0.26,"C",0.0583873827242664,-2.78049413843167
2005,1,0.26,3001,1,1.01,"Missing",0.9823775643565,4.02080287683853
2005,1,0.23,9500,0,0.53,"D",0.754610524282214,1.12335510914707
2005,1,0.29,3000,1,1.01,"Missing",0.933817317453204,2.6468619917336
2005,0,0.18,15000,0,0.58,"C",0.00883955846694975,-4.71963949162194
2005,0,0.2,3500,0,0.51,"D",0.272395867084252,-0.982500724901726
2005,0,0.21,5000,0,0.26,"D",0.0720695139851821,-2.55532569740476
2005,0,0.18,15000,0,0.58,"C",0.0338202828541794,-3.35228915254928
2005,0,0.2,1500,0,0.53,"D",0.0635982340845195,-2.68945891747697
2005,1,0.24,3000,0,0,"Missing",0.428102247031017,-0.28959815986752
2005,0,0.14,4000,0,0.16,"B",0.00127104118215197,-6.66664703628119
2005,0,0.17,25000,0,0.34,"AA",0.000774811620908468,-7.16211551601013
2005,1,0.17,1700,0,0.56,"Missing",0.882695390417903,2.01820611761117
2005,0,0.11,1600,0,0.69,"B",8.37800584966652e-05,-9.38723176065985
2005,0,0.11,7000,0,0.83,"AA",0.000139131919956162,-8.87994886887796
2005,0,0.07,3000,1,0.09,"AA",0.000215380422274566,-8.44288928384299
2005,1,0.29,2500,0,0.85,"Missing",0.695036565432814,0.823772573558899
2005,0,0.23,18000,0,0.58,"C",0.0543137776939472,-2.85713289752802
2005,0,0.09,1000,0,0.02,"AA",0.00125721719891196,-6.67759656464411
2005,0,0.19,4000,0,0.9,"D",0.0589925984347868,-2.76953901941396
2005,0,0.17,5600,0,1.09,"B",0.00198691527818123,-6.21918306256532
2005,1,0.23,2600,0,0.5,"Missing",0.926213194789321,2.52992451566261
2005,1,0.19,2100,0,0.86,"D",0.792529654379614,1.34024150704199
2005,0,0.1,5200,0,0,"A",0.00358193588224135,-5.62826350911737
2005,0,0.29,5000,1,0,"Missing",0.359692590984143,-0.576698634896072
2005,0,0.19,7000,0,0.83,"C",0.0119282125663406,-4.41684895636403
2005,0,0.22,8000,1,0.93,"D",0.0714930110065823,-2.56397821118913
2005,0,0.25,9500,0,0.64,"D",0.0534549707392437,-2.87397891293919
2005,1,0.2,12500,0,0.52,"A",0.277758278440648,-0.955608643822782
2005,0,0.1,7000,0,0.17,"AA",0.00312064985297362,-5.76658848340521
2005,0,0.16,3500,0,0,"C",0.0031237177342684,-5.76560279830986
2005,0,0.12,15000,0,0,"AA",0.0003753561513505,-7.88725981915886
2005,1,0.26,1000,0,0,"Missing",0.736814454132204,1.02947682116445
2005,0,0.07,2550,1,0,"A",0.0310284975746154,-3.4413291433869
2005,0,0.15,25000,0,0.9,"B",0.0209439289033173,-3.84474010018473
2005,0,0.28,9900,0,0.33,"D",0.0275513421973767,-3.56376602705538
2005,0,0.28,4000,0,0.53,"Missing",0.501977442982396,0.00790981316921124
2005,1,0.15,1100,0,0,"Missing",0.959889835068657,3.17518873099104
2005,0,0.09,5000,0,0.01,"AA",0.00181013183839916,-6.31254382535573
2005,0,0.11,6100,0,0.76,"B",0.000166236068789103,-8.70193542880919
2005,0,0.21,6000,0,0.76,"D",0.124259584324669,-1.9526969184608
2005,0,0.2,5000,0,0.61,"C",0.0142082488255846,-4.23962242743167
2005,0,0.18,6000,0,0.58,"C",0.0163877356786037,-4.09469854847962
2005,0,0.2,1000,0,0.91,"Missing",0.254340314563076,-1.07559611900439
2005,0,0.11,11000,1,0.43,"AA",0.00119897974047066,-6.72508460100976
2005,1,0.23,4000,0,0.51,"D",0.22705006032341,-1.22504376217195
2005,0,0.29,22000,0,0,"D",0.239482019573072,-1.15552141514056
2005,0,0.09,3001,0,0.34,"AA",0.00223567433326956,-6.10097420412983
2005,0,0.15,25000,0,0,"A",0.00130106792208106,-6.64326795817376
2005,1,0.24,1000,0,0.81,"Missing",0.914903753267408,2.37503594165017
2005,0,0.16,9800,0,0,"C",0.0501185135940767,-2.94194675301457
2005,0,0.18,4000,0,0.19,"D",0.077650700759737,-2.47470342716447
2005,0,0.12,4700,0,0.09,"B",0.000190358266506698,-8.56641227176062
2005,1,0.29,4500,0,0.98,"Missing",0.992804362747594,4.92705872306588
2005,0,0.16,25000,0,0.63,"A",0.00122014603299575,-6.70756383720628
2005,1,0.18,2550,1,0.99,"Missing",0.990880727245913,4.68820411209869
2005,0,0.17,5000,0,0.46,"A",0.00243174081085907,-6.01671319274541
2005,0,0.2,1500,0,0,"D",0.0611815824908375,-2.73077587738908
2005,0,0.17,6000,0,0.6,"C",0.00282754292329233,-5.86551562146345
2005,1,0.29,3001,0,0,"Missing",0.960622060505865,3.19437530612866
2005,0,0.09,1000,1,0.05,"AA",0.000538632257019175,-7.52593871151631
2005,0,0.2,1500,0,0,"D",0.103697694306949,-2.15679787009132
2005,0,0.14,3000,0,0,"C",0.0240158249089191,-3.70473338797239
2005,0,0.15,5100,0,0.19,"C",0.0685974070516347,-2.60843687853372
2005,0,0.11,1200,0,1,"Missing",0.513777702544986,0.0551247650905569
2005,0,0.26,3675,0,0.85,"Missing",0.393529382484868,-0.432500546570981
2005,1,0.17,4000,0,0.78,"C",0.0661207334954108,-2.64786479860071
2005,0,0.2,25000,1,0.19,"C",0.00634867706366543,-5.05313990859516
2005,1,0.29,5000,0,0.88,"Missing",0.965499644699263,3.3316761113155
2005,1,0.29,5000,0,0.32,"Missing",0.965090699310713,3.31946879674548
2005,0,0.15,5000,0,0.17,"B",0.000644077695190673,-7.34704690922856
2005,1,0.17,1550,0,0.95,"Missing",0.680571577299552,0.7563997803413
2005,0,0.23,15000,0,0.18,"D",0.0260117879238832,-3.62284938401517
2005,0,0.2,19900,0,0.98,"A",0.00509700894575318,-5.27399134951959
2005,1,0.17,1700,0,0.28,"D",0.116443607881553,-2.02654801451822
2005,1,0.29,3600,1,0.69,"D",0.99361901233557,5.04803095408207
2005,0,0.15,2000,0,0.62,"C",0.00335046367048599,-5.69530044458005
2005,0,0.12,15000,0,0,"AA",0.000102483152830485,-9.18570964711965
2005,0,0.1,7000,0,0.17,"AA",6.47989814019506e-05,-9.64415587275434
2005,1,0.2,3500,0,0.51,"D",0.516642958178466,0.0665964352077566
2005,0,0.29,10000,0,0.51,"D",0.282272903231485,-0.93321506379694
2005,0,0.1,9990,0,0.05,"AA",0.000250894590115033,-8.2902267406719
2005,0,0.15,2000,0,0.36,"D",0.00487499012241534,-5.31875028905817
2005,0,0.16,25000,0,0.63,"A",0.0138969876149087,-4.26208872588315
2005,0,0.13,9000,0,0.26,"AA",0.0044699207999835,-5.40590464787204
2005,0,0.09,5500,1,0.48,"A",0.00167632396102987,-6.38947427086638
2005,0,0.17,1100,0,0.29,"D",0.0448646238321969,-3.05820348930691
2005,0,0.12,8000,0,0.72,"B",0.00406869654544004,-5.50035559371575
2005,0,0.25,9900,0,0.37,"B",8.43242884782386e-05,-9.3807562870589
2005,0,0.06,9600,1,0.16,"C",0.0517044733449563,-2.90912188783422
2005,0,0.18,5000,1,0,"D",0.0168620967248135,-4.06568109273797
2005,0,0.24,2350,0,1.37,"Missing",0.676176263127529,0.736254440566451
2005,0,0.26,9500,0,0.86,"D",0.0206296274015637,-3.86018162232774
2005,1,0.23,1000,1,0,"Missing",0.929227331730955,2.57488052995542
2005,0,0.21,6250,0,0,"C",0.0923588552061388,-2.28516749599877
2005,1,0.22,10000,0,0.8,"D",0.0298391304898885,-3.48164126677027
2005,0,0.18,25000,0,0,"A",0.00176221070252997,-6.33942241193655
2005,0,0.22,2000,1,0.84,"D",0.0486579084148187,-2.97305936285198
2005,1,0.23,4000,1,1.35,"Missing",0.69182817556696,0.808680124625065
2005,1,0.18,9900,0,0.55,"C",0.0591091661442299,-2.76744111418631
2005,0,0.13,16000,0,0.34,"A",0.00391544876806086,-5.53890219404602
2005,0,0.24,7500,1,0.82,"D",0.420304008974122,-0.321525532391445
2005,0,0.16,9000,0,0.69,"C",0.00723318870363535,-4.92181582714706
2005,1,0.27,3500,1,1.09,"Missing",0.969769845694689,3.46821885770899
2005,0,0.11,12000,0,0.02,"AA",0.000802214037268787,-7.12733257033307
2005,0,0.1,2000,0,0.29,"A",0.000463212856486493,-7.67686055611811
2005,0,0.21,5000,0,0,"D",0.0444860664391922,-3.06707331963939
2005,0,0.26,10000,0,0.97,"D",0.129604777855773,-1.90445773741244
2005,0,0.15,25000,0,0.09,"C",0.0481799209529819,-2.98343366780737
2005,0,0.15,4500,0,0.96,"A",0.000203492687238399,-8.49967697527906
2005,0,0.14,1000,0,0.6,"A",0.0234845611425259,-3.72764732800313
2005,1,0.29,10000,0,0,"Missing",0.895753106817891,2.15090276595311
2005,0,0.17,6500,0,0.81,"C",0.0143054593065546,-4.23270527604936
2005,0,0.29,2800,0,0.99,"C",0.140985407618474,-1.8071295165236
2005,0,0.15,2000,0,0.5,"D",0.0292722698768341,-3.50140538015211
2005,1,0.25,2750,1,0,"Missing",0.45156774462665,-0.194338358125025
2005,0,0.23,15000,0,0.77,"C",0.0703269704067432,-2.58167757068077
2005,0,0.11,1600,0,0.69,"B",0.00110368668387371,-6.80799487605081
2005,0,0.29,3550,0,0,"Missing",0.446564297119694,-0.214562188319596
2005,0,0.16,15000,0,0.59,"A",0.00831978173435334,-4.78076467405897
2005,0,0.15,3200,0,0.7,"C",0.00888961331294565,-4.71394236559315
2005,0,0.17,6000,0,0.82,"C",0.00592178994286156,-5.12317712730245
2005,1,0.29,5500,0,0.72,"D",0.589319629219183,0.36115347539534
2005,0,0.09,3500,0,0.67,"A",0.00014812816955799,-8.81728450930234
2005,0,0.15,2000,0,0.36,"D",0.00871754339735176,-4.7336620377748
2005,0,0.09,9000,0,0.37,"AA",0.00049963560907499,-7.60113174661415
2005,0,0.23,10000,0,0.44,"C",0.0401941914725044,-3.17300848676464
2005,1,0.29,3005,1,0.76,"Missing",0.585146692588607,0.343937590733241
2005,0,0.12,8000,0,0.72,"B",0.00268461483754952,-5.91752978613497
2005,1,0.29,12000,0,0.91,"D",0.794625916470817,1.35303834467232
2005,0,0.12,20000,0,0,"AA",0.000296175166521816,-8.12426328084726
2005,1,0.11,1200,0,0.87,"Missing",0.760652993395917,1.15626285680855
2005,0,0.13,24250,0,0,"AA",0.00140566192992334,-6.56584031184069
2005,0,0.2,15000,0,1.03,"D",0.00718305865346522,-4.92882100929983
2005,0,0.15,3500,0,0.32,"A",0.000849850329060235,-7.06960009578639
2005,0,0.12,2500,0,0,"B",0.00187907484224542,-6.27509488593426
2005,1,0.25,3500,1,0,"D",0.548233111749448,0.193534270064198
2005,1,0.29,5500,1,0.72,"C",0.498674735414247,-0.00530107075691588
2005,1,0.29,1000,1,1.09,"Missing",0.997742276340431,6.09113792741438
2005,1,0.29,4500,0,0.91,"Missing",0.540148340554414,0.160939848554943
2005,0,0.13,15000,0,0,"B",0.000145427522945333,-8.83568728144625
2005,0,0.29,10000,0,0.51,"D",0.370984287393672,-0.527996527012727
2005,0,0.24,6500,0,0.98,"C",0.0917815279155762,-2.29207390126675
2005,0,0.25,7000,0,1.02,"C",0.0375835207632306,-3.24288161082734
2005,0,0.15,5000,0,0.74,"C",0.0430285003403207,-3.10191091533794
2005,0,0.15,25000,0,0,"A",0.00128975931858229,-6.65200906098421
2005,0,0.29,12000,0,0.6,"B",0.0136216927643217,-4.28237638156369
2005,0,0.15,15000,1,0.45,"A",0.0261920168666056,-3.61575947704509
2005,0,0.14,7750,0,0.59,"C",0.0544578038635157,-2.85433235473267
2005,0,0.17,10000,0,0.76,"C",0.0296920719245715,-3.48673340113688
2005,0,0.25,10500,0,0.81,"D",0.00461117647571426,-5.37465041298026
2005,0,0.17,5000,0,0.17,"C",0.00596132346118534,-5.11648360222635
2005,0,0.18,2800,0,0.99,"C",0.189080168277072,-1.45599810218339
2005,0,0.14,10000,0,0.44,"A",0.00185507957552386,-6.28797088361972
2005,0,0.25,25000,0,0.73,"A",0.128665262607808,-1.91281204854332
2005,0,0.16,8000,0,0.66,"B",0.00023938888572854,-8.33718177390251
2005,0,0.19,15000,1,0.94,"B",0.0340792955257639,-3.34439171382256
2005,0,0.24,14900,0,0.93,"D",0.194939311941729,-1.41822937415638
2005,0,0.11,7000,0,0,"AA",0.00012768506180185,-8.96581608739631
2005,1,0.29,2700,0,0.47,"Missing",0.985975011410988,4.25279037309415
2005,0,0.15,5500,1,0,"C",0.0083657045511011,-4.77521382856898
2005,1,0.23,4000,1,1.35,"Missing",0.888569528129961,2.07621207218831
2005,0,0.2,1000,0,0.33,"D",0.00499576014196309,-5.29415741721795
2005,0,0.17,1275,0,0.91,"A",0.0048776273469918,-5.31820681494232
2005,1,0.29,7000,1,0.64,"Missing",0.929642986615824,2.5812181557549
2005,0,0.17,5000,0,0.15,"B",0.000359291542787939,-7.93101704604247
2005,0,0.18,10000,0,0.87,"C",0.0219339521770768,-3.79754143729032
2005,0,0.18,20000,1,0.43,"B",0.0364462207207827,-3.27479053373131
2005,0,0.15,1100,0,0,"Missing",0.608523640723184,0.441110633872983
2005,0,0.18,20000,0,0.67,"B",0.000131677523460551,-8.93502294227451
2005,1,0.2,3000,1,1.03,"Missing",0.992018792189638,4.82265229615433
2005,0,0.18,15000,0,0.65,"B",0.000890382286934607,-7.02296887266794
2005,0,0.21,7500,1,1.02,"C",0.0338842027575732,-3.3503347895251
2005,0,0.17,7000,0,0.51,"B",0.00154099689131334,-6.47378355451573
2005,1,0.29,2550,1,1.32,"Missing",0.998562979579135,6.54374540729955
2005,0,0.09,4000,0,0.32,"A",0.000131282423723715,-8.93802835806439
2005,0,0.29,5000,0,1,"D",0.505013639652043,0.0200552307861475
2005,0,0.07,5000,0,0.05,"AA",0.00127401211674503,-6.66430938672839
2005,0,0.29,2550,1,0,"Missing",0.91690218530539,2.40098239419735
2005,1,0.29,7000,1,0.27,"Missing",0.960632037501757,3.19463908925921
2005,0,0.11,25000,0,0.29,"AA",0.000305564122582885,-8.09304529667212
2005,0,0.29,7000,0,0,"C",0.142142472053006,-1.7976081554313
2005,0,0.18,1000,1,0.61,"D",0.52151705470406,0.0861214088347637
2005,0,0.1,4500,0,0.4,"A",0.00396886743711273,-5.52529774101467
2005,0,0.25,2550,0,0.86,"D",0.103271717328733,-2.161389351253
2005,0,0.2,3000,0,0.98,"D",0.592373967442228,0.373787969991602
2005,0,0.29,12000,0,0.92,"C",0.0355548572624907,-3.30047617558226
2005,0,0.11,2000,0,0.75,"B",0.00141220176775847,-6.56119205524206
2005,0,0.18,2500,0,0.84,"A",0.0154818359866359,-4.1524848829806
2005,1,0.25,10500,0,0.81,"D",0.73295363573756,1.00966015489261
2005,0,0.11,7000,0,0.83,"AA",0.000253024717573177,-8.28177031935746
2005,0,0.1,4500,0,0.4,"A",0.00513247480820709,-5.26702162617387
2005,0,0.24,25000,0,0,"A",0.00679356197193846,-4.9849631408386
2005,1,0.29,2550,1,0.76,"Missing",0.99421154357865,5.14608434236732
2005,0,0.15,15000,0,0.63,"B",0.00117596287065693,-6.74449134771722
2005,0,0.14,5000,0,0.34,"B",0.000463974623294813,-7.67521661611578
2005,0,0.09,2000,0,0.85,"A",0.0062794817139329,-5.06416855094911
2005,0,0.2,1500,0,0.53,"D",0.00754662815968519,-4.87907916880555
2005,0,0.13,10000,0,0.28,"AA",0.000774695566912125,-7.16226542687268
2005,1,0.29,4000,1,0,"Missing",0.997790299552461,6.11268617130158
2005,1,0.29,3600,0,0.3,"Missing",0.979154395453036,3.84954622447716
2005,1,0.29,3600,1,0.69,"D",0.633445130523017,0.547025160586665
2005,0,0.13,20000,0,0.13,"AA",0.000221184230159326,-8.41629337438978
2005,0,0.22,20000,1,0.89,"C",0.511072529497823,0.044297360134018
2005,0,0.2,24000,0,0.76,"C",0.00736355667886365,-4.90382141706496
2005,1,0.29,4000,1,1.14,"Missing",0.375008924458813,-0.51078754625629
2005,1,0.17,3000,0,1.12,"Missing",0.992135139909343,4.83745458025659
2005,0,0.24,6500,0,0.98,"C",0.0788865451746627,-2.4575725320281
2005,0,0.14,24000,0,0.54,"A",0.00988134619970477,-4.6071760307617
2005,0,0.22,17500,0,0,"AA",0.00733253715554316,-4.90807413753765
2005,0,0.18,1230,0,0,"C",0.00725238284046504,-4.91914638724871
2005,0,0.29,8500,1,0.93,"B",0.0530168744744548,-2.88267102496408
2005,0,0.28,6000,0,0.68,"D",0.174621467750482,-1.55322151833022
2005,0,0.18,7000,0,0.33,"C",0.0205978333293488,-3.86175645943165
2005,0,0.29,23800,0,0.5,"C",0.314672969809153,-0.778362232222384
2005,0,0.17,1600,0,0.98,"C",0.00850625852507026,-4.75841044613168
2005,0,0.1,3500,0,0.07,"AA",0.00166272614946432,-6.39763265491971
2005,0,0.07,6500,0,0.75,"Missing",0.141113170313475,-1.80607497194085
2005,0,0.14,4575,0,0.6,"C",0.0680133656553112,-2.61761423413436
2005,1,0.29,2500,1,1.84,"Missing",0.902276622846098,2.22278034497186
2005,1,0.27,10000,0,0.45,"Missing",0.990319737117568,4.62793879957575
2005,1,0.24,10000,0,0.57,"D",0.17573781800089,-1.54549544741157
2005,0,0.25,2500,0,0,"Missing",0.642156114488147,0.584734625810279
2005,0,0.16,15000,0,0.59,"A",0.00104161835068035,-6.86593750767241
2005,0,0.06,1000,0,0.04,"AA",0.000345451139572631,-7.97031383340706
2005,0,0.29,2500,0,0.83,"D",0.485533840698546,-0.0578807910785362
2005,0,0.29,1000,1,1.09,"Missing",0.59023721016773,0.364946076348185
2005,1,0.29,2500,1,0.87,"Missing",0.982492002608869,4.02743443355347
2005,1,0.29,5000,1,0,"Missing",0.962727636480975,3.25151841602702
2005,0,0.17,3600,1,0.76,"D",0.140275807117741,-1.81300109641449
2005,1,0.17,3500,0,0.98,"Missing",0.812748225975605,1.46796727999059
2005,1,0.2,9000,1,1.01,"D",0.451056311035707,-0.196403676175457
2005,1,0.29,1800,0,0.85,"Missing",0.802945564646676,1.404806909511
2005,0,0.2,7500,1,0.9,"D",0.133828227274113,-1.86752614915264
2005,0,0.1,2000,0,0.29,"A",0.00415278433298089,-5.47981481500942
2005,1,0.29,2550,1,1.51,"D",0.665029098732416,0.685787131026335
2005,0,0.06,1000,0,0.04,"AA",0.00118557273964432,-6.73634302047742
2005,1,0.24,3000,0,0,"Missing",0.758120193601123,1.14240100482494
2005,0,0.16,15000,0,0,"B",0.000367708522548991,-7.90785221578612
2005,0,0.16,10000,0,0.11,"B",0.00347708175504983,-5.6580787722793
2005,0,0.29,15000,0,0,"AA",0.00929448296273203,-4.66899633847582
2005,0,0.15,6000,0,0.72,"B",0.000161986190982282,-8.72783746790305
2005,0,0.12,5000,0,0,"AA",0.000368978405803969,-7.90440338999753
2005,0,0.11,8000,0,0,"A",0.0147752551016257,-4.1999159536508
2005,1,0.29,2550,1,1.26,"Missing",0.847287924592736,1.7134862830856
2005,1,0.29,2500,1,0.87,"Missing",0.998161425961395,6.29692472054141
2005,0,0.18,18000,0,0.15,"B",0.00166474427882973,-6.39641762212838
2005,0,0.18,19200,0,0,"AA",0.00315800671971183,-5.754651231567
2005,0,0.16,3500,0,0.53,"B",0.000256395040988181,-8.26853474610871
2005,0,0.24,7000,0,1.14,"D",0.0460091720604169,-3.03181328785219
2005,0,0.29,10000,0,0.98,"C",0.112177917323949,-2.06868520714781
2005,0,0.15,3000,1,0.99,"C",0.00194838791834186,-6.23880266836589
2005,0,0.17,10000,0,0.05,"B",0.00899217870428795,-4.70236725997414
2005,0,0.14,1000,0,0,"B",0.000596588208003257,-7.42368668517285
2005,0,0.18,2800,0,0.99,"C",0.00880182398347416,-4.72395551928035
2005,1,0.29,5000,0,0.93,"Missing",0.979393685196291,3.86133611893271
2005,0,0.15,15000,0,0.65,"B",0.000234802893823348,-8.35652931499099
2005,0,0.19,6000,0,0.5,"B",0.00225195417427501,-6.09370242417641
2005,0,0.29,5000,0,0,"Missing",0.671229849970388,0.713752752227031
2005,0,0.19,7400,1,0.87,"C",0.0210946265714807,-3.83741663831336
2005,0,0.22,15000,0,0.04,"D",0.0930702895879909,-2.27670994062255
2005,0,0.17,6000,0,0.6,"C",0.0121580219498731,-4.39753354900101
2005,1,0.23,1000,1,0,"Missing",0.971233478867162,3.51935464106671
2005,0,0.23,1800,0,0,"Missing",0.598259047190775,0.398216364523744
2005,0,0.11,25000,0,0.35,"AA",0.00435777608958719,-5.43142612407604
2005,1,0.29,5000,1,0,"Missing",0.834239719453146,1.6159781428968
2005,0,0.2,8000,0,0.87,"D",0.0182827745195274,-3.98334397565115
2005,1,0.2,2000,0,0,"Missing",0.899534448417877,2.19206245154059
2005,0,0.19,24000,1,0.18,"B",0.00540017896047185,-5.21590837249931
2005,0,0.15,5000,0,5.95,"B",0.000268646374858177,-8.22184595233453
2005,0,0.19,19900,0,0.75,"C",0.0360759597905981,-3.28538578531466
2005,0,0.25,9900,0,0.37,"B",0.00683714243056672,-4.9785247851725
2005,0,0.17,20000,0,0.56,"B",0.00162453858870527,-6.42090558935033
2005,0,0.19,2500,0,0.82,"C",0.10303358025769,-2.16396346815798
2005,0,0.25,1000,1,0.95,"D",0.100644868460065,-2.19007981920688
2005,0,0.23,7800,1,1.03,"C",0.00812028892078246,-4.80523610602195
2005,0,0.18,25000,0,0.6,"A",0.000150276948784097,-8.80288035276254
2005,0,0.19,6001,0,0.2,"C",0.0143838313887594,-4.22716224196362
2005,1,0.29,2000,0,0,"Missing",0.98228399769217,4.0154121535667
2005,1,0.29,8500,1,0.87,"Missing",0.95643647766217,3.0889942189032
2005,1,0.21,9975,0,0.62,"C",0.344225735212323,-0.6445189719935
2005,1,0.23,1000,0,0.92,"Missing",0.989500469721896,4.54586971900465
2005,0,0.12,7500,0,0.81,"A",0.00140759122149197,-6.56446680623522
2005,0,0.29,25000,0,0.95,"C",0.115109813553841,-2.03957698099329
2005,1,0.29,2501,0,1.22,"Missing",0.960972100900679,3.20366862532645
2005,1,0.2,2400,1,0,"D",0.119899250457036,-1.99338457842293
2005,1,0.29,1500,1,1.29,"Missing",0.911967643736447,2.33790007937399
2005,0,0.13,9999,0,0.61,"B",0.0157572858085205,-4.13456967807361
2005,0,0.18,5000,0,0.12,"C",0.0670713139433093,-2.63257232228528
2005,0,0.22,15000,0,0.04,"D",0.100476961556784,-2.19193620258292
2005,1,0.28,5000,0,0.95,"Missing",0.988524425019494,4.45599248955551
2005,1,0.18,4000,0,0.19,"D",0.119775622457222,-1.99455666980885
2005,0,0.07,2550,0,0.01,"AA",6.72185711028997e-05,-9.60749377208609
2005,1,0.29,2000,0,0.98,"Missing",0.974389176347444,3.63879572781692
2005,1,0.29,5000,0,1.08,"Missing",0.844513143582162,1.69219909646841
2005,0,0.15,20000,1,0.79,"B",0.00832273397300679,-4.78040691430509
2005,0,0.15,1600,0,0.82,"C",0.00748800117769761,-4.8869372055285
2005,0,0.15,3000,0,0.73,"D",0.0219704616434806,-3.79584097377358
2005,0,0.29,25000,0,0.47,"D",0.0382773382082772,-3.22386808636729
2005,0,0.15,4500,1,0,"C",0.105460652920929,-2.13797096451787
2005,0,0.24,5700,0,0.1,"A",0.029090241235385,-3.50783076238352
2005,1,0.29,4500,0,0.98,"Missing",0.959405345185269,3.16267725730504
2005,0,0.21,3001,1,0,"C",0.0759852621122036,-2.49818861970427
2005,0,0.29,5000,0,0.77,"D",0.0940406865953859,-2.26526687234806
2005,0,0.15,3000,0,0.27,"C",0.0812583079975456,-2.42537193950782
2005,0,0.12,11000,0,0.7,"A",0.00270054741505142,-5.91159657973523
2005,0,0.21,14000,0,0.85,"C",0.0149254985591358,-4.18964621127444
2005,0,0.25,9000,0,0.97,"D",0.0257382639597633,-3.63370123571413
2005,1,0.29,1550,0,0,"Missing",0.932711837688167,2.62911197064886
2005,1,0.26,5500,0,0.99,"Missing",0.985126606734821,4.19319623785711
2005,0,0.17,1500,0,0.92,"D",0.0097057963242385,-4.62527880816905
2005,0,0.17,25000,0,0.67,"A",0.00554065160337843,-5.19008710925376
2005,0,0.18,25000,0,0.6,"A",0.00185039654439622,-6.29050320389602
2005,1,0.29,5000,1,0.94,"Missing",0.820857824565171,1.52217015422413
2005,1,0.24,1000,0,0,"Missing",0.977544055235006,3.77348798078073
2005,0,0.18,7000,0,0.54,"B",0.00194253806429386,-6.2418154531581
2005,0,0.14,6000,0,0.03,"AA",0.000117840387182267,-9.04606165282361
2005,0,0.15,4000,0,0.95,"C",0.0131903380820668,-4.31499257767205
2005,0,0.2,3300,0,0.55,"D",0.164371162420322,-1.62605748414484
2005,0,0.19,6000,0,0.5,"B",0.00663016344451454,-5.00947358220782
2005,0,0.21,9975,0,0.62,"C",0.0295707241290494,-3.49095370384091
2005,0,0.23,1300,0,0.43,"D",0.401546213548891,-0.399026677394316
2005,0,0.15,15500,0,0.98,"B",0.00271419356160688,-5.90654251677073
2005,0,0.22,12500,0,0.96,"C",0.084929633840572,-2.37717788875096
2005,0,0.11,5000,1,0,"A",0.00572586119240531,-5.15701999745316
2005,1,0.29,5000,0,0,"Missing",0.808756887167889,1.4419529008741
2005,0,0.29,2550,0,1,"Missing",0.728557838452741,0.987317932674913
2005,0,0.12,7000,0,0.2,"B",0.000495930268509367,-7.60857917552285
2005,1,0.25,10700,0,0,"Missing",0.974339468648659,3.63680570700806
2005,0,0.1,9990,0,0.05,"AA",0.000977079509233436,-6.92996497107381
2005,1,0.29,4000,0,0,"Missing",0.974123745390187,3.62821260648193
2005,1,0.29,2875,1,1,"Missing",0.943020341037062,2.80639350911431
2005,1,0.29,2550,0,0.91,"Missing",0.948504653705647,2.91339525537724
2005,1,0.28,4000,0,0,"Missing",0.962127386152893,3.23491859882909
2005,0,0.26,5000,0,0,"Missing",0.467716332429989,-0.12931457209203
2005,0,0.18,6000,0,0.75,"C",0.0316084246307497,-3.42221283819025
2005,0,0.14,4500,1,0.76,"B",0.0471135785711246,-3.00693446466436
2005,0,0.14,1000,0,0,"B",0.000290729145156725,-8.14282772547286
2005,0,0.22,3600,0,0.57,"D",0.423503307295062,-0.308408279345802
2005,1,0.29,4000,0,1,"Missing",0.830628286812383,1.5900866005836
2005,1,0.29,22000,0,0.83,"D",0.701525290848988,0.85457174864059
2005,0,0.25,8000,1,0.85,"D",0.422846356258339,-0.311099622287711
2005,0,0.09,8000,0,0,"AA",0.000916761931872303,-6.99374555327769
2005,0,0.2,5000,0,0,"C",0.0275674326804248,-3.56316563291422
2005,1,0.14,10000,0,0.65,"C",0.0146400262459145,-4.20924772871208
2005,1,0.2,5950,0,0.74,"C",0.152458656104492,-1.71544616964262
2005,0,0.12,7500,1,0,"B",0.00400121399548193,-5.51714822476898
2005,1,0.17,10000,0,0.84,"C",0.0641770716472936,-2.67978027201443
2005,0,0.25,2000,0,0.19,"D",0.0141316510760332,-4.24510578648062
2005,1,0.29,3500,0,0.94,"Missing",0.971460782383408,3.52752170179632
2005,0,0.15,10000,0,0.64,"AA",0.00352153353327926,-5.64533097265409
2005,0,0.2,12500,0,0.52,"A",0.00114966050443603,-6.76713827185394
2005,0,0.14,4575,0,0.6,"C",0.00158927681567966,-6.44288565806799
2005,1,0.2,5000,0,0.7,"D",0.309564952755894,-0.802153968545039
2005,0,0.13,10000,0,0.51,"A",0.00125140437547524,-6.68223666990619
2005,1,0.29,3001,0,0,"Missing",0.732576010081622,1.0077317274172
2005,0,0.16,25000,0,0.63,"A",0.00155667796611558,-6.46364334640103
2005,0,0.22,25000,0,0.7,"C",0.0016382297253693,-6.41249948281576
2005,0,0.1,3000,0,0.05,"AA",0.000717390213510022,-7.23917298690669
2005,0,0.2,10000,0,0.87,"C",0.0922771120714792,-2.28614300498051
2005,1,0.29,1550,0,0,"Missing",0.986961124378764,4.32669532358139
2005,0,0.19,19250,0,0.88,"B",0.0287026190756591,-3.52164430834695
2005,0,0.09,5000,0,0.18,"AA",5.71799972961926e-05,-9.76924923672387
2005,0,0.2,8000,0,0.79,"C",0.0108169102574277,-4.51576876644348
2005,0,0.15,2000,0,0.36,"D",0.00240842619873221,-6.02637044324571
2005,0,0.17,5500,0,0.07,"C",0.0706359503071762,-2.57696130865785
2005,0,0.15,6010,0,0.63,"B",0.0111434130245779,-4.48570074978312
2005,0,0.1,2500,1,0,"B",0.000573963680366961,-7.46237030980808
2005,1,0.29,3800,0,0.96,"Missing",0.708549885783538,0.888351610691507
2005,0,0.2,5000,0,0.22,"D",0.171233942250131,-1.57690721231607
2005,0,0.23,19000,0,0.95,"C",0.0127547044818853,-4.3490183523969
2005,0,0.2,5000,0,0,"A",0.0019712655930211,-6.22710629840415
2005,0,0.13,15000,1,0.07,"AA",0.00215174986850391,-6.13931980733741
2005,0,0.12,25000,0,0.06,"AA",0.00139921493993283,-6.57044376207963
2005,1,0.19,1000,1,0,"Missing",0.905869905525819,2.26421789438272
2005,0,0.2,5000,0,0,"D",0.0520858952906638,-2.9013697029839
2005,0,0.15,2600,0,0.68,"C",0.00210232688720372,-6.16260596627356
2005,0,0.29,5000,0,1,"Missing",0.541664486111737,0.167045301452119
2005,1,0.28,2500,1,1.04,"Missing",0.459886729002512,-0.160798660806106
2005,0,0.22,20000,1,0.77,"B",0.0592752779902306,-2.76445823729256
2005,0,0.13,1000,1,0.7,"C",0.00832390985244885,-4.78026445329908
2005,1,0.29,5000,0,0.72,"Missing",0.744778880652332,1.0709570657198
2005,0,0.17,9500,0,0.95,"AA",0.00115969849869659,-6.75843485109498
2005,1,0.29,1800,0,0.85,"Missing",0.918481910276723,2.42189725419517
2005,0,0.17,2000,0,0,"D",0.0166277626219907,-4.07991397783033
2005,0,0.15,4500,1,0,"C",0.61080807920215,0.450710208891545
2005,0,0.1,3900,0,0.53,"A",0.00168678795064463,-6.38324096726003
2005,0,0.09,3500,0,0.14,"AA",0.000256207937863443,-8.26926494514333
2005,0,0.29,16900,0,0.04,"D",0.390242651686315,-0.446292358919713
2005,1,0.17,2000,0,0.79,"D",0.533369757944864,0.133677742224333
2005,0,0.2,8000,1,0.52,"D",0.21991230576997,-1.26617748511434
2005,0,0.12,25000,0,0.06,"AA",0.00584877620938622,-5.13565688731252
2005,0,0.14,7500,0,0.14,"A",0.0184736608453264,-3.97276286945425
2005,1,0.25,2550,1,0.67,"Missing",0.756193539780445,1.13192263369098
2005,0,0.12,6250,0,0.21,"AA",0.00943315168516059,-4.65404709352041
2005,0,0.15,18000,0,0.61,"B",0.019500730575361,-3.9176099702602
2005,0,0.11,14000,0,0.29,"AA",0.000103712015140744,-9.17378886762319
2005,0,0.23,7000,0,0.52,"D",0.404877512528956,-0.385182662492198
2005,0,0.23,2400,0,0.91,"Missing",0.430404517060158,-0.280200926013554
2005,0,0.15,5000,0,5.95,"B",0.00272333480832454,-5.90317106733511
2005,0,0.15,12000,0,0.94,"B",0.000464645783133713,-7.67377044559824
2005,0,0.17,1500,0,0,"Missing",0.372419129756614,-0.521852626658733
2005,0,0.18,7500,1,0.96,"D",0.143112634367852,-1.78967450814683
2005,0,0.17,20000,0,0.56,"B",0.0350043075025716,-3.316652512177
2005,0,0.13,15000,0,0.45,"A",0.00650237998877032,-5.02906340442632
2005,1,0.29,2550,0,0,"Missing",0.818003845258544,1.50288147833736
2005,0,0.09,6100,0,0.48,"A",0.000230325594805464,-8.37578626838721
2005,0,0.12,15000,0,0.55,"A",0.00117317404208,-6.74686848409787
2005,1,0.29,3005,1,0.76,"Missing",0.982357550618239,4.01964745180305
2005,1,0.17,4000,0,0.78,"C",0.221723347237563,-1.25565163465467
2005,0,0.26,7225,0,1.01,"Missing",0.804545209213226,1.41494805676015
2005,0,0.16,8000,1,0.59,"C",0.00750862796443643,-4.88416556475753
2005,0,0.29,10000,0,0.51,"D",0.0728538855097081,-2.54365530698106
2005,0,0.19,11000,0,0.93,"B",0.0333573748276867,-3.36654997430726
2005,0,0.2,12000,0,0.95,"C",0.119099513132766,-2.00098527634176
2005,0,0.15,15500,0,0.98,"B",0.000497164102293298,-7.60609311293681
2005,1,0.23,2000,0,1.13,"Missing",0.832270049900337,1.60180172116124
2005,1,0.29,12000,1,0,"Missing",0.855371945751639,1.77737109492286
2005,0,0.2,12000,0,0.34,"C",0.13712432707349,-1.83938260570034
2005,0,0.17,20000,1,0.01,"AA",0.00433453712653384,-5.43679649186945
2005,0,0.18,13000,0,0.73,"C",0.010641869092733,-4.53226024514209
2005,0,0.2,5000,0,0.81,"C",0.0239365622505608,-3.70812049073272
2005,0,0.12,1000,1,0.45,"D",0.0240078383233096,-3.7050741814805
2005,0,0.16,25000,0,0.76,"AA",0.00864291992232534,-4.74233431271856
2005,0,0.2,3000,0,0.98,"D",0.0621639964917907,-2.71379909975675
2005,0,0.17,3000,0,0.88,"D",0.0767613560210915,-2.48718641689811
2005,1,0.29,6000,1,0,"Missing",0.978061102283183,3.79731093207183
2005,0,0.11,4999,0,0.28,"A",0.0744050695825236,-2.52091261971971
2005,1,0.17,9000,0,1,"Missing",0.724574204253294,0.967265929464352
2005,0,0.07,1000,0,0.12,"C",0.000273533715877103,-8.20381209696517
2005,0,0.09,1000,0,0.18,"AA",0.000275076020949138,-8.1981879448238
2005,0,0.14,7000,0,0.55,"C",0.0126843139139797,-4.3546237271674
2005,0,0.12,1000,1,0.45,"D",0.145933631544966,-1.76685696569038
2005,0,0.26,5500,0,0.99,"Missing",0.384319398539195,-0.471254351051323
2005,1,0.2,4500,0,0.39,"D",0.0881211688540489,-2.3367943344712
2005,0,0.2,8000,0,0.79,"C",0.0641595773435323,-2.68007159732977
2005,1,0.15,2200,1,0,"C",0.0167439239740134,-4.07283414618392
2005,0,0.2,2000,0,1.44,"Missing",0.597666445274538,0.395751331809841
2005,0,0.23,1600,0,0.74,"Missing",0.116420231028112,-2.02677524886694
2005,0,0.13,9000,0,0.86,"B",0.00336128393809682,-5.69206530782059
2005,0,0.15,5000,0,0.33,"B",0.000374677940604374,-7.88906897790047
2005,0,0.1,6000,1,0.75,"A",0.000369831759611418,-7.90209245932379
2005,1,0.29,3000,1,1.01,"Missing",0.992527474659802,4.88902168815762
2005,0,0.07,1000,0,0,"AA",5.06940112984029e-05,-9.88965207939469
2005,0,0.24,10000,0,0.54,"A",0.0565787835414676,-2.81387879410839
2005,0,0.22,3000,0,0.3,"Missing",0.5661672417531,0.266230404514056
2005,0,0.16,8200,0,0.87,"C",0.0427280330932583,-3.10923232047783
2005,0,0.29,10000,0,0.93,"D",0.104183008941547,-2.15158708702011
2005,0,0.17,1000,0,1.02,"D",0.217143341383388,-1.28239191749354
2005,1,0.23,2000,0,1.13,"Missing",0.899092597330831,2.18718273847293
2005,0,0.24,15000,0,0.86,"B",0.000617053386410566,-7.38993776817284
2005,0,0.1,1500,0,0.89,"A",0.000145448079294952,-8.83554591971223
2005,0,0.17,11000,0,0.61,"C",0.0643812080819569,-2.67638632936854
2005,0,0.1,2500,1,0,"B",0.00350442681462621,-5.6502177237968
2005,1,0.16,7000,0,0.98,"C",0.161782444291521,-1.64502518359276
2005,0,0.2,4500,0,0.39,"D",0.196496710329079,-1.40833558950448
2005,0,0.23,6001,0,0.81,"D",0.123657915707377,-1.95823751293017
2005,1,0.29,10000,0,0,"Missing",0.259460198762585,-1.0487760671973
2005,1,0.27,1700,0,0.95,"Missing",0.962576937555609,3.24732684081747
2005,1,0.25,5000,0,0.2,"D",0.315459818823322,-0.77471602777173
2005,1,0.29,4000,1,0,"Missing",0.88571885456722,2.0477379799966
2005,0,0.09,5000,0,0,"AA",7.09602449579157e-05,-9.55331980514984
2005,0,0.1,5000,0,0.09,"AA",0.00107617423998349,-6.83326614355086
2005,1,0.24,1500,1,0.88,"Missing",0.985635166026488,4.228503137303
2005,1,0.15,1000,1,0.46,"D",0.12721646629179,-1.92579747377974
2005,0,0.17,5000,1,0.28,"B",0.00474048163353504,-5.34686478463376
2005,0,0.16,3300,0,0.3,"C",0.00209651918081073,-6.16537812247397
2005,0,0.19,7500,0,0.57,"C",0.00735446646010637,-4.90506582479316
2005,0,0.15,15000,0,0.62,"B",0.00238288539217658,-6.03705744696537
2005,0,0.24,3000,0,0,"Missing",0.374880194503732,-0.511336826558481
2005,0,0.2,7000,0,0.59,"C",0.107228576177032,-2.11936780181891
2005,0,0.15,15000,0,0.01,"AA",0.00190708697130971,-6.26026943927667
2005,0,0.13,9900,0,0.86,"B",0.00146048564307018,-6.5275247131401
2005,1,0.27,10000,1,0.79,"D",0.302770799790861,-0.834138111948516
2005,0,0.23,1300,0,0.43,"D",0.165073266627984,-1.62095456102291
2005,0,0.09,1000,0,0.6,"A",0.000501312090417831,-7.59778027806779
2005,0,0.25,13000,0,0.74,"D",0.458178551566987,-0.167677557504824
2005,1,0.29,2500,1,0.89,"Missing",0.961852686065377,3.2274059587044
2005,0,0.29,2000,1,0,"Missing",0.347937389397706,-0.628118037783434
2005,0,0.19,9000,1,0.98,"C",0.0644653727229086,-2.67498993712286
2005,0,0.25,2000,0,0,"D",0.540532302611785,0.162485759764535
2005,0,0.15,9000,0,0.97,"C",0.00435507883244768,-5.43204797743381
2005,0,0.23,6001,0,1.2,"Missing",0.665363855833137,0.687290237916068
2005,1,0.29,3500,0,0.94,"Missing",0.920653422333008,2.45125834315535
2005,1,0.26,2600,0,0.36,"Missing",0.959307014255137,3.16015542646931
2005,0,0.2,12500,0,0.52,"A",0.000909574064957127,-7.0016241405361
2005,0,0.15,5000,0,0.92,"B",0.000383166058154643,-7.86665885105854
2005,0,0.23,1525,0,0.56,"D",0.0219434199246118,-3.79710020226386
2005,1,0.27,2550,0,0.98,"Missing",0.990345159617985,4.63059414485859
2005,0,0.27,1700,1,0,"Missing",0.622114578647055,0.498533254261984
2005,0,0.2,8500,0,0.89,"D",0.277685916519298,-0.955969384674904
2005,1,0.29,1890,1,0,"Missing",0.864236683861822,1.85093362384217
2005,0,0.2,5000,0,0,"C",0.0551025096167721,-2.84188118411934
2005,1,0.29,2000,1,0,"Missing",0.545474883702829,0.182403588034614
2005,0,0.15,1000,0,0.16,"A",0.00517016346261477,-5.25966739843031
2005,0,0.29,25000,0,0.11,"C",0.0559974452846589,-2.82482280263037
2005,0,0.15,2300,0,0.46,"C",0.0674135565875707,-2.62711571392473
2005,0,0.2,5000,0,0.81,"C",0.0105977459837819,-4.53645964148893
2005,0,0.15,9999,0,0.57,"B",0.000783616958874539,-7.15080630572145
2005,1,0.27,7500,0,0.69,"Missing",0.858104335002273,1.79963366066127
2005,1,0.29,4000,0,0.77,"Missing",0.908534755351692,2.29587408264278
2005,1,0.29,5108,0,0,"Missing",0.903571167372381,2.2375496249219
2005,0,0.19,23000,0,0.27,"A",0.0466265161446584,-3.01783733490793
2005,0,0.09,1000,0,0.6,"A",0.00206171461945673,-6.18215345996222
2005,0,0.08,2500,1,0.24,"AA",0.000257681544378083,-8.26352834481409
2005,0,0.09,3001,0,0.21,"AA",0.000194557043775282,-8.54459057774104
2005,1,0.22,1500,1,1,"Missing",0.854492359834108,1.77027896645624
2005,1,0.17,1700,0,0.56,"Missing",0.319606234496381,-0.755581976605658
2005,0,0.12,9000,0,0.43,"B",0.000567478503948962,-7.47374004824934
2005,1,0.29,5000,1,1.02,"Missing",0.910308483776032,2.31740735007728
2005,0,0.17,20000,1,0.01,"AA",0.00291566733079926,-5.83473662926281
2005,1,0.29,4000,0,0.98,"Missing",0.97749208152089,3.77112301137923
2005,0,0.26,17850,0,0.94,"C",0.197299003944021,-1.40326192143668
2005,0,0.27,15000,0,0.94,"D",0.215011586476984,-1.29497704056395
2005,0,0.15,15000,0,0.04,"AA",0.00304781446931197,-5.79027804414399
2005,0,0.2,5000,0,0.61,"C",0.00524058382349006,-5.24606800631143
2005,0,0.1,1500,1,0.79,"A",0.000873582914694078,-7.04203354580994
2005,1,0.24,3000,0,0,"Missing",0.974961227031408,3.66197216088039
2005,0,0.14,3000,0,0.35,"C",0.0131885070128296,-4.31513326182795
2005,1,0.2,5000,0,0.7,"D",0.29114701939202,-0.889819782536268
2005,0,0.2,6500,1,0.9,"C",0.590364495702257,0.365472385089181
2005,0,0.14,5000,0,0.84,"C",0.0383193655742477,-3.22272701773147
2005,1,0.29,6000,0,0.59,"Missing",0.834348590105146,1.61676564878157
2005,0,0.17,2500,0,0.59,"C",0.016752542639414,-4.07231077923571
2005,1,0.29,3001,0,0.84,"Missing",0.972852012515627,3.57892905876885
2005,0,0.12,3000,0,0.98,"B",0.0039519115338764,-5.52959614352924
2005,0,0.2,1000,0,0.91,"Missing",0.895357974345888,2.14667836380702
2005,0,0.2,5000,1,0.72,"A",0.0643626798339348,-2.67669396348561
2005,1,0.29,5000,0,0.92,"Missing",0.879711723545847,1.98970310127634
2005,1,0.28,3001,0,0,"Missing",0.853896635586286,1.76549580420157
2005,0,0.21,7500,0,0.68,"C",0.0761737498650874,-2.49550709959741
2005,1,0.27,1000,1,0,"Missing",0.921847584016128,2.46771892862314
2005,1,0.29,3800,0,1,"Missing",0.938348869462166,2.72263024147752
2005,1,0.15,3500,0,0.56,"C",0.170784705096264,-1.58007609703702
2005,0,0.29,6000,0,1.02,"Missing",0.745808501375844,1.07638095213591
2005,0,0.24,2000,1,0.93,"Missing",0.690102643824046,0.800599212152397
2005,0,0.09,6001,0,0.22,"AA",8.77561316629227e-05,-9.34086106157655
2005,0,0.26,25000,0,0.69,"B",0.00499696245316307,-5.2939155715067
2005,0,0.18,5000,0,0,"B",0.000346209375472872,-7.96812056518048
2005,0,0.18,5000,1,0,"D",0.11744943799791,-2.01680815515879
2005,0,0.1,2000,0,0,"AA",0.00219323705604122,-6.12018107297546
2005,0,0.2,2550,0,0,"AA",0.00538557981876635,-5.21863016689938
2005,0,0.14,7750,0,0.59,"C",0.00856803374883527,-4.75111205653494
2005,0,0.17,5000,0,0.34,"D",0.0730433409349668,-2.54085383408832
2005,1,0.29,5000,0,0.32,"Missing",0.827462222702103,1.56774724256232
2005,0,0.07,1000,1,1.06,"Missing",0.536657290703612,0.146892725275803
2005,1,0.29,2000,1,0,"Missing",0.998323656318725,6.38946248720012
2005,0,0.13,2550,0,0.53,"B",0.00018122732238858,-8.61557714616745
2005,0,0.24,7100,0,0.9,"D",0.125262440053188,-1.94351285306498
2005,0,0.05,1000,1,0.48,"D",0.0147725080492428,-4.20010468168323
2005,0,0.1,2000,0,0,"AA",0.000269657870883782,-8.21808685311259
2005,0,0.25,4000,1,0.47,"C",0.0984026988152603,-2.21509973869255
2005,0,0.09,1000,0,0.02,"AA",0.00413375172109759,-5.48442755802405
2005,0,0.06,1000,0,0.04,"AA",6.0247691002719e-05,-9.71698606042823
2005,0,0.26,7000,0,0.92,"C",0.00792496767096572,-4.82978050147136
2005,0,0.17,10000,1,0.6,"A",0.00130623200451271,-6.63930153292647
2005,0,0.22,15000,0,0,"C",0.0132302775798585,-4.31192874259481
2005,0,0.28,3500,0,0,"Missing",0.355883054004682,-0.5932781258815
2005,1,0.29,2550,1,0,"Missing",0.951287868969146,2.97188862186332
2005,0,0.22,15000,0,0.04,"D",0.0449541086399101,-3.05611723169605
2005,0,0.22,15000,0,0.83,"D",0.0392460792664185,-3.19786676240839
2005,0,0.16,5000,0,0.35,"B",0.00098606308395515,-6.92080367617373
2005,0,0.15,5000,1,0.84,"B",0.000821544662772047,-7.10350237230655
2005,0,0.1,3000,0,0.2,"AA",0.00113545319097865,-6.7795873222305
2005,0,0.16,3500,1,0.51,"C",0.00958982721674201,-4.63741630155691
2005,0,0.17,2000,0,0.79,"D",0.11521784977706,-2.03851677452558
2005,0,0.17,8500,1,0.21,"B",0.0050336151287192,-5.28657051311506
2005,0,0.17,5000,0,0.78,"C",0.00299035465321392,-5.8093684508013
2005,1,0.23,1600,0,0.74,"Missing",0.984374832904264,4.14312386257355
2005,0,0.15,8000,0,0.54,"B",0.00230101381524,-6.0721017987157
2005,1,0.2,1500,0,0.74,"Missing",0.736978313959089,1.03032198179846
2005,0,0.2,2300,0,0.86,"C",0.121240714301502,-1.98073306620445
2005,1,0.2,1500,0,0.6,"Missing",0.939355238213828,2.740160459373
2005,0,0.28,25000,0,0.73,"C",0.0206090043151667,-3.86120286254847
2005,1,0.29,4300,1,0.95,"Missing",0.231057303537378,-1.20235070275587
2005,0,0.09,8000,0,0,"AA",0.00410867738079031,-5.49053696623787
2005,0,0.11,4500,1,0.97,"AA",0.0012052208714252,-6.71988648531342
2005,1,0.29,1750,1,0.98,"Missing",0.996737734654586,5.72206583556317
2005,0,0.18,2500,0,0,"C",0.0035072980147355,-5.64939587131778
2005,0,0.11,2500,1,0,"B",0.00232320105465255,-6.06248337549528
2005,1,0.29,4669,1,0,"Missing",0.907078254928075,2.27847103716034
2005,0,0.18,18000,0,0.15,"B",0.00466017447969548,-5.36403132260429
2005,0,0.2,9000,0,0.88,"D",0.146366591592189,-1.76338746149003
2005,0,0.24,2500,1,0.83,"D",0.45542853200078,-0.178760383838437
2005,0,0.29,20000,0,0.89,"C",0.0141347290537696,-4.24488488072548
2005,0,0.18,7500,0,0.9,"B",5.80784635489973e-05,-9.75365756169367
2005,1,0.29,4000,1,0.92,"Missing",0.981262299575428,3.95830224380422
2005,0,0.07,1100,1,0.18,"A",0.00142793954492693,-6.55009379142409
2005,0,0.2,3000,0,0.62,"C",0.0456458753353984,-3.04012155356855
2005,1,0.17,3500,0,0.96,"Missing",0.910273078487624,2.31697378836581
2005,0,0.15,2000,0,0.62,"C",0.0625799478429227,-2.70668657171514
2005,0,0.16,5000,0,0.94,"B",0.00481929277561736,-5.33029714572272
2005,0,0.23,6001,0,1.2,"Missing",0.355258000948539,-0.596005946557017
2005,0,0.15,3000,0,0.73,"D",0.0500400610997546,-2.94359590751049
2005,1,0.28,12000,0,0.83,"D",0.577381815020575,0.312034636694733
2005,0,0.13,10000,0,0.28,"AA",0.00156605347685485,-6.45762925228219
2005,0,0.15,5500,0,0.28,"C",0.0220131569887221,-3.793855897448
2005,0,0.09,3500,0,0.14,"AA",0.000126323436362402,-8.97653865334217
2005,1,0.29,7100,1,1.12,"Missing",0.966614160406055,3.36566756317865
2005,0,0.18,9750,0,0.92,"C",0.0268814892365758,-3.58906795684815
2005,1,0.2,3000,1,0.07,"D",0.252918241910934,-1.08310834572389
2005,1,0.24,1500,0,0,"Missing",0.923100088325743,2.48523293874823
2005,0,0.11,10121,0,0,"AA",0.00694581275419955,-4.96264623518503
2005,1,0.29,7000,1,0,"Missing",0.953483203973347,3.02030835750633
2005,0,0.17,2400,0,0.77,"D",0.0670511274301454,-2.63289497603174
2005,0,0.09,2000,0,0,"A",0.00251337821753714,-5.98361098529835
2005,0,0.24,1000,0,0,"D",0.092290507751191,-2.28598308999678
2005,1,0.29,3500,0,0.88,"Missing",0.992188277053086,4.8442873373717
2005,0,0.18,15000,0,0.51,"B",0.000665014316153134,-7.31503675395406
2005,0,0.25,15000,0,0.65,"D",0.0143087422598528,-4.23247248223189
2005,0,0.19,6001,0,0.52,"C",0.0121074014402946,-4.40175703105011
2005,0,0.2,7500,1,0.38,"C",0.0211126267777914,-3.83654530625402
2005,0,0.11,1000,1,0.97,"C",0.0108445477120875,-4.51318906188454
2005,0,0.29,16900,0,0.04,"D",0.467389595782632,-0.130627045871759
2005,0,0.1,7500,0,0,"AA",0.000349225084758879,-7.959444615567
2005,0,0.17,3500,0,0.12,"D",0.13221645058193,-1.88150195977777
2005,0,0.22,12500,0,0.96,"C",0.0680211934250417,-2.61749075006756
2005,0,0.16,4500,0,0.88,"D",0.417120474730263,-0.334605430504758
2005,0,0.16,3500,0,0,"C",0.0248328770034212,-3.67044040366335
2005,0,0.25,13000,0,0.74,"D",0.112348889986492,-2.06696965303761
2005,0,0.15,1600,0,0.82,"C",0.0496741804768659,-2.95131960310955
2005,1,0.29,6000,0,0.84,"Missing",0.923342711233039,2.48865577468938
2005,1,0.29,5200,0,0,"Missing",0.757959111599201,1.14152276948778
2005,1,0.23,1000,1,0,"Missing",0.855780408748948,1.78067673411621
2005,0,0.1,4000,1,0.43,"A",0.0155059053981374,-4.15090695489442
2005,0,0.11,1500,0,0.07,"B",0.00106836094183211,-6.84056070297679
2005,0,0.29,6000,0,0.94,"Missing",0.984333535445776,4.14044238624055
2005,0,0.18,4100,0,0.5,"C",0.0142023606291342,-4.24004290735653
2005,0,0.17,3500,0,0.12,"D",0.0247160688326116,-3.6752750479215
2005,0,0.15,3500,0,0.3,"C",0.00109985127468277,-6.81147985659771
2005,1,0.21,15000,0,0.24,"C",0.228897964804541,-1.21454437045597
2005,0,0.15,8500,0,0,"B",0.000308276573506649,-8.08420488788973
2005,0,0.2,2000,1,0,"D",0.0231456244761301,-3.74253183308788
2005,1,0.29,3000,0,1.01,"Missing",0.983332790942196,4.07750434938264
2005,0,0.29,4000,1,0.94,"D",0.578235086259449,0.315532427247918
2005,1,0.28,2000,0,0.77,"Missing",0.638104298960655,0.567145696342706
2005,0,0.29,10000,0,0.04,"B",0.0443317558805359,-3.0707095705661
2005,1,0.27,1000,1,0.88,"Missing",0.945723462031855,2.85785815093571
2005,1,0.25,4500,1,0.93,"Missing",0.984308304758399,4.13880755892284
2005,1,0.24,1000,1,0.98,"Missing",0.961339552426075,3.21351062805542
2005,0,0.22,12150,0,0,"D",0.0895961644574544,-2.31857576472309
2005,0,0.28,8000,0,0.92,"D",0.382990539496298,-0.476874069035528
2005,1,0.29,2000,0,1.26,"Missing",0.994719270317396,5.23839627133239
2005,0,0.18,3001,0,0.8,"D",0.0265253961971422,-3.60276911582286
2005,0,0.11,3000,1,0,"C",0.00789447904019397,-4.8336658140752
2005,0,0.15,16000,0,0.77,"B",0.000160833003103305,-8.73498313316103
2005,1,0.29,3500,0,1.01,"Missing",0.963346778722742,3.26891213205484
2005,1,0.29,13200,0,0.98,"D",0.553059214690604,0.213038960301474
2005,0,0.24,10000,1,0.73,"D",0.173436276549385,-1.56146676486652
2005,0,0.08,3000,0,0,"AA",0.00131141996322663,-6.63533250678807
2005,1,0.17,1700,0,0.8,"Missing",0.658974972448151,0.658729686535209
2005,0,0.1,1000,0,0.28,"A",0.000599138371140137,-7.41941866502694
2005,0,0.19,2500,0,0.82,"C",0.200242810051276,-1.38477748859324
2005,0,0.15,12000,0,0.43,"A",0.00257221742865956,-5.96041140811219
2005,0,0.18,13000,0,0.95,"B",5.88314028684126e-05,-9.74077595009878
2005,0,0.09,1025,1,0.76,"D",0.00127417673525202,-6.66418001757729
2005,1,0.29,4000,0,0.98,"Missing",0.93916067256859,2.73675016224782
2005,0,0.29,13500,0,0.78,"D",0.184867564089801,-1.48371089915247
2005,1,0.29,2875,1,1,"Missing",0.987960599548745,4.40745817572007
2005,0,0.16,6500,1,0.93,"A",0.0169044510356792,-4.06312935466712
2005,0,0.15,4200,0,0.3,"C",0.0312325315442507,-3.43456438315435
2005,0,0.21,5000,0,0.97,"D",0.069491673107447,-2.59452409088982
2005,0,0.12,6000,0,0.33,"AA",0.0029410273187058,-5.8260509698982
2005,0,0.09,2000,1,0.01,"AA",0.00244269591484584,-6.01220728231387
2005,0,0.29,5000,1,0.75,"D",0.332876930464561,-0.69520169745741
2005,0,0.19,3000,1,0.77,"D",0.0137710276289743,-4.27132161308423
2005,1,0.2,2018,0,0,"Missing",0.920032270539805,2.44278557455559
2005,0,0.07,2550,0,0.44,"AA",0.000717224746894037,-7.23940382988119
2005,0,0.11,18000,0,0.46,"AA",0.00259086161920894,-5.95317056337478
2005,0,0.18,4500,0,0.49,"B",0.000226296132454706,-8.39343977407551
2005,1,0.29,3000,1,1.01,"Missing",0.94162659307445,2.78074837271769
2005,0,0.16,15000,0,0.46,"AA",0.00106002747578152,-6.84839986094323
2005,0,0.29,12000,0,0.63,"D",0.134536421372777,-1.86143033916168
2005,0,0.14,12000,1,0.37,"A",0.00617116099143458,-5.08167801028771
2005,1,0.29,7100,1,1.12,"Missing",0.997447959541495,5.9683067575144
2005,0,0.2,5000,0,0.16,"A",0.00226308390960184,-6.08876118554148
2005,0,0.24,25000,0,0.42,"C",0.10527619686236,-2.13992772790513
2005,0,0.25,2500,0,1.01,"D",0.751607164597927,1.10720229329866
2005,1,0.29,3001,0,0.92,"Missing",0.949170394088712,2.92710935533691
2005,1,0.29,4500,0,0.98,"Missing",0.988069513122329,4.41665600620251
2005,1,0.29,3000,1,0.61,"Missing",0.9852085308252,4.19880271771143
2005,1,0.29,4850,0,0.89,"Missing",0.957036921687368,3.10350086840884
2005,0,0.26,10000,0,0.88,"D",0.876921025917721,1.96359072300656
2005,0,0.14,9999,0,0,"A",0.00151777066021889,-6.48899376800628
2005,1,0.29,3000,0,0,"Missing",0.988161868319419,4.42452069890356
2005,0,0.16,25000,0,0.85,"A",0.000430750177786778,-7.74955142684129
2005,0,0.13,10200,0,0.95,"A",0.00861133533401413,-4.74602725438477
2005,0,0.21,6000,0,0.76,"D",0.37286670284935,-0.519938122415807
2005,1,0.25,9000,0,0.86,"Missing",0.737939129613064,1.03528453450183
2005,1,0.29,3001,0,0.84,"Missing",0.739357901538114,1.04263391289369
2005,0,0.2,4100,1,0.8,"D",0.354652020032001,-0.598652591663775
2005,0,0.1,5000,0,0.71,"AA",0.000691677238928116,-7.27569921232914
2005,0,0.24,25000,1,0.46,"C",0.159298784445519,-1.66345473773646
2005,0,0.29,5000,0,0.89,"Missing",0.494865416310529,-0.0205390567657338
2005,0,0.09,5000,0,0.08,"A",9.98033731869699e-05,-9.21220876739553
2005,1,0.29,3999,0,0.96,"Missing",0.772244139957172,1.22102647753402
2005,1,0.29,4200,0,1,"Missing",0.954538594191087,3.04436433425205
2005,1,0.23,1500,1,1.11,"Missing",0.986593152583421,4.29849217067997
2005,0,0.29,10000,0,0.62,"C",0.261859076321212,-1.0363282774485
2005,0,0.1,4000,0,0.34,"A",0.00100056531925522,-6.90618905324077
2005,1,0.29,1500,1,0.91,"Missing",0.984997989246469,4.18445535744221
2005,1,0.27,1000,0,0,"Missing",0.812432070887425,1.46589123724697
2005,1,0.26,6000,1,0,"Missing",0.987547270469953,4.37328452621744
2005,1,0.29,3900,0,0,"Missing",0.899545199511011,2.19218142176878
2005,1,0.29,6000,0,0,"Missing",0.920622573873789,2.45083612979467
2005,0,0.12,8000,1,0.91,"A",0.00285418188707332,-5.85611176854768
2005,0,0.15,8000,0,0.54,"B",0.00307649145944041,-5.78088423426329
2005,1,0.28,3500,0,0,"Missing",0.947542556977238,2.89386961917737
2005,0,0.14,5000,0,0.68,"B",0.00173731894694866,-6.35367335931418
2005,1,0.26,1000,1,0.33,"Missing",0.671790440805386,0.716294143492064
2005,1,0.28,4000,0,0,"Missing",0.888211301708538,2.07259920007663
2005,0,0.2,8500,0,0.48,"B",0.00399145744482728,-5.51959939581231
2005,0,0.15,8000,0,0.84,"A",0.000914067603774472,-6.99669153888475
2005,1,0.29,3999,0,0.94,"Missing",0.637513205440348,0.564586946404047
2005,0,0.17,1500,0,0.67,"C",0.054931483579658,-2.84517077347403
2005,0,0.25,5000,0,0.52,"C",0.0578242891619841,-2.79078287161054
2005,0,0.21,13500,0,0.84,"D",0.0904846393028884,-2.30773178214218
2005,1,0.25,7000,0,0.62,"D",0.233419206782626,-1.18910409039116
2005,0,0.15,3000,0,0,"C",0.00654488501428668,-5.02250505156986
2005,1,0.29,2200,0,1.06,"Missing",0.967240324271245,3.38524862964628
2005,0,0.29,5100,0,0.81,"Missing",0.73023092337943,0.995794496246929
2005,0,0.16,8000,1,0.59,"C",0.0127752881961434,-4.34738498983373
2005,0,0.15,2700,0,0.51,"C",0.0201505703946473,-3.88416632118173
2005,0,0.23,19000,0,0.95,"C",0.0228971045893658,-3.75358149879466
2005,0,0.15,8000,0,0.84,"A",0.00474108531239751,-5.34673684071693
2005,0,0.15,7500,1,0,"A",0.00279367964725994,-5.87759809285491
2005,0,0.17,25000,1,0.02,"A",0.0109978769105117,-4.49899423228903
2005,0,0.21,5000,1,0.94,"C",0.140405413807657,-1.81192681596212
2005,0,0.13,9000,0,0.86,"B",7.49911975808646e-05,-9.49806482289475
2005,0,0.2,5000,0,0.08,"D",0.0538129499651974,-2.86692613294034
2005,0,0.14,1500,1,0.25,"AA",0.0015528470961476,-6.46611114273462
2005,1,0.29,2501,1,0,"Missing",0.894345068158939,2.13591325907203
2005,1,0.06,6000,1,0.81,"Missing",0.572448507948127,0.291848058567108
2005,0,0.15,9500,0,0.94,"B",0.00330643153652655,-5.70857384692662
2005,0,0.1,6000,0,0.51,"AA",0.000840767451990162,-7.080354328819
2005,0,0.15,5000,0,0.53,"A",0.0164306509331701,-4.09203959802835
2005,0,0.15,5000,0,0.33,"B",0.016343580283716,-4.09744149208334
2005,1,0.29,2000,1,0.83,"Missing",0.927937785711284,2.55543485602867
2005,1,0.2,15000,0,0.93,"D",0.228745109658416,-1.21541059061429
2005,0,0.07,5000,0,0.33,"AA",0.000820180756616748,-7.10516528981083
2005,0,0.08,3000,0,0,"AA",0.00120290354798742,-6.72181339382327
2005,1,0.28,3500,0,0,"Missing",0.976330513697456,3.71961444934982
2005,0,0.14,14100,0,0.73,"B",0.0119862416448136,-4.41193716069037
2005,0,0.18,3500,0,0.01,"C",0.00880418025894475,-4.72368547481528
2005,1,0.2,5500,0,0.95,"Missing",0.964135306238713,3.29147829303881
2005,1,0.29,3000,0,1.02,"Missing",0.982067910436147,4.0030686402747
2005,0,0.2,3500,1,0.81,"C",0.093331708532041,-2.27361675691624
2005,0,0.23,25000,0,0.04,"AA",0.0162209440607243,-4.10509808470236
2005,0,0.15,8500,0,0.55,"AA",0.000238364235299631,-8.34147226109491
2005,0,0.23,1300,0,0.43,"D",0.108462362359895,-2.10654443263299
2005,1,0.28,6500,1,0,"Missing",0.928015603680366,2.55659916920908
2005,0,0.21,5000,0,0.95,"D",0.0907697870925964,-2.30427183267117
2005,0,0.23,15000,0,0.96,"C",0.0164998205639857,-4.08776831433803
2005,0,0.1,3500,0,0.07,"AA",0.000236843854840008,-8.34787260239056
2005,0,0.2,12000,0,0.26,"C",0.0922250276115049,-2.28676497724541
2005,1,0.29,2600,1,0,"Missing",0.900820710555048,2.20637703167465
2005,0,0.21,2500,1,0.38,"A",0.0280675247624705,-3.54467312652955
2005,1,0.27,2000,1,0,"Missing",0.948433074603617,2.91193074140942
2005,0,0.2,20000,1,0.05,"AA",0.00794388761543012,-4.82737689104708
2005,0,0.22,25000,0,0.73,"C",0.079374004003615,-2.45088295993793
2005,0,0.09,4500,0,0.07,"AA",0.00666744666846933,-5.00382852728204
2005,0,0.11,20000,0,0.01,"AA",0.00221091332318002,-6.11213621941666
2005,1,0.29,2800,0,0.97,"Missing",0.94867292141233,2.91684562252938
2005,0,0.11,12000,0,0.02,"AA",0.000431053959120209,-7.7488461336327
2005,1,0.25,3000,0,0.73,"D",0.140193567312186,-1.81368319431985
2005,0,0.21,6000,0,0.89,"C",0.0226919189324116,-3.76279306913974
2005,1,0.2,5000,0,0.72,"Missing",0.555142681034011,0.221471564434584
2005,0,0.19,13000,0,0.82,"C",0.00318427757036709,-5.74634048000642
2005,1,0.22,6500,1,0.97,"Missing",0.993535797316411,5.03499041638351
2005,0,0.15,2200,1,0,"C",0.021903228056803,-3.7989745881427
2005,1,0.26,6000,1,0,"Missing",0.970820059551424,3.50465963428493
2005,1,0.29,5500,1,0.89,"Missing",0.980973826644173,3.94273020266304
2005,0,0.26,7300,0,0,"C",0.144439007134577,-1.77890006329218
2005,0,0.12,18950,0,0,"AA",0.000109720198785278,-9.11746735392741
2005,0,0.22,15000,0,0.83,"D",0.0679784394079667,-2.61816536073078
2005,0,0.13,10000,0,0.53,"A",0.0181391685117318,-3.99137597249333
2005,0,0.21,5000,1,0.94,"C",0.11165698989452,-2.07392635930846
2005,1,0.29,1000,0,0.92,"Missing",0.874288656723738,1.93942223959307
2005,0,0.18,3001,0,0.8,"D",0.027110609670217,-3.5803452447055
2005,1,0.29,3000,0,0.85,"Missing",0.868142410707219,1.88463329764356
2005,0,0.12,15000,0,0.09,"AA",0.000830578730276727,-7.09255691090465
2005,0,0.15,7700,0,0.38,"C",0.0270944174410311,-3.58095933184621
2005,1,0.26,2500,0,0.65,"Missing",0.938583086028453,2.72668611370527
2005,1,0.26,7000,0,0.92,"C",0.353432694466225,-0.603984230688138
2005,0,0.29,5000,0,1,"D",0.0416204486278821,-3.13665229086996
2005,1,0.24,9000,0,0.64,"D",0.274772929256982,-0.970539762056301
2005,0,0.22,7300,0,0.74,"D",0.034587150903495,-3.32907358082542
2005,0,0.29,4300,1,0.95,"Missing",0.963882753958189,3.28419918173659
2005,0,0.11,5000,1,0,"A",0.000433061021183921,-7.74419875855005
2005,0,0.15,1000,1,0.55,"B",0.00647763237116499,-5.03290150692975
2005,0,0.24,7500,1,0.94,"C",0.0411581490566313,-3.14830421041683
2005,0,0.2,6001,0,0,"A",0.00182497865971952,-6.30436033935831
2005,0,0.12,9000,0,0.05,"AA",0.000606881151548761,-7.40657051715698
2005,0,0.14,3500,0,0.65,"B",0.000932828500665024,-6.9763559250927
2005,0,0.15,3800,0,0.2,"B",0.000831655716415012,-7.09126000343481
2005,0,0.19,7000,0,1,"C",0.048995908915475,-2.96578156130851
2005,0,0.18,9800,0,0.57,"C",0.0882526588336011,-2.33515908971179
2005,1,0.29,2000,0,0,"Missing",0.823894119311261,1.54295661669677
2005,0,0.17,15000,1,0.98,"B",0.00278473269496645,-5.88081477319627
2005,1,0.22,13000,0,0.82,"D",0.222299194426757,-1.25231768438865
2005,0,0.15,15000,0,0.65,"B",0.00764850582407107,-4.86556706168495
2005,0,0.17,20000,1,0.01,"AA",0.00310133699980848,-5.77281581409737
2005,1,0.23,2000,0,0.9,"Missing",0.940521544519181,2.76082040177429
2005,0,0.26,25000,1,0.09,"B",0.0104031411968052,-4.55518984816733
2005,0,0.29,5000,1,0.42,"D",0.774416318831106,1.23341842684776
2005,0,0.21,25000,0,0.07,"B",0.00143065411264376,-6.54819183939104
2005,0,0.18,2800,0,0.38,"C",0.0696958748691838,-2.59137041703011
2005,0,0.29,2800,0,0.99,"C",0.084345005955969,-2.38472404864257
2005,0,0.18,10000,0,0.87,"C",0.0555341211231353,-2.83362193331124
2005,0,0.14,8000,0,0.74,"B",0.000420355658241823,-7.7739889556541
2005,1,0.29,4000,0,1,"Missing",0.763905236755196,1.17421048220949
2005,0,0.18,10000,0,0.15,"B",0.00553995045140372,-5.19021436916381
2005,0,0.13,21000,0,0.24,"A",0.00140679037177869,-6.56503672061586
2005,0,0.2,10000,0,0.85,"D",0.0232760536856955,-3.73677896645201
2005,0,0.15,9800,0,0.94,"B",0.000895800167767761,-7.01689699527197
2005,0,0.25,15000,1,0,"D",0.0648040576819095,-2.66938785136404
2005,0,0.21,6001,1,0,"D",0.19259771870934,-1.43321837930611
2005,1,0.27,10000,0,0.45,"Missing",0.522493421166471,0.0900344552030279
2005,0,0.18,15000,0,0.26,"B",0.00020224292332272,-8.50583872901234
2005,1,0.29,4000,0,1.12,"Missing",0.987299455042515,4.35332849006766
2005,0,0.23,3250,0,0.93,"D",0.0705818279229229,-2.57778605243406
2005,0,0.1,6500,0,0.34,"A",0.00196048738411721,-6.23259975963097
2005,0,0.26,17850,0,0.94,"C",0.00259523274550198,-5.95148047020483
2005,0,0.29,3000,0,0.85,"D",0.198536819354662,-1.39546446207567
2005,0,0.13,8000,0,0.57,"A",0.000193994086437522,-8.54748886874063
2005,0,0.15,3000,0,0.08,"AA",0.000256301278376638,-8.26890060266388
2005,0,0.24,15000,0,0.85,"C",0.00963369524881336,-4.63280800466737
2005,0,0.17,25000,0,0.78,"B",0.00121132203634098,-6.71483086752052
2005,0,0.18,10000,0,0.27,"C",0.00811165980168106,-4.80630803235871
2005,1,0.2,1000,0,1.07,"Missing",0.664836807239562,0.684924052114306
2005,0,0.22,13000,0,0.82,"D",0.0278113388850497,-3.55410607032184
2005,0,0.11,8000,0,0,"A",0.000711040129408767,-7.24807039591547
2005,0,0.2,2300,0,0.86,"C",0.0469054901173398,-3.01157934098034
2005,1,0.29,4000,1,0,"Missing",0.971543887603536,3.53052345841894
2005,0,0.13,12500,0,0,"AA",0.000317124378860584,-8.05589932403131
2005,0,0.19,2750,0,0,"C",0.00360552556084006,-5.62167569109605
2005,0,0.22,12800,0,0,"A",0.00818550263855771,-4.79717147251333
2005,0,0.12,4700,0,0.09,"B",0.000231460393903887,-8.37087029653807
2005,1,0.29,3000,1,0.95,"Missing",0.989408865954313,4.53709041934666
2005,1,0.29,7100,1,1.12,"Missing",0.986435997122622,4.28667900822077
2005,0,0.15,11000,0,0.54,"B",0.028828809696179,-3.51712753203382
2005,0,0.25,4500,1,0.2,"D",0.0279537881654132,-3.54885062230648
2005,1,0.23,3000,0,0.89,"Missing",0.978253942537629,3.80633681627062
2005,0,0.24,3000,0,0.4,"Missing",0.546340633327386,0.18589602902402
2005,0,0.08,4000,0,0.13,"AA",0.000391284169273319,-7.84568512557644
2005,0,0.11,4000,0,0,"B",4.08084047787897e-05,-10.1065816890515
2005,0,0.23,8000,1,0,"C",0.306655706675969,-0.815801049944988
2005,0,0.15,4000,0,1,"D",0.0194906636365106,-3.91813660459146
2005,0,0.25,25000,0,0.87,"A",0.0805302333859449,-2.43516447933059
2005,1,0.29,3000,0,1.01,"Missing",0.950803121365378,2.9614768392639
2005,1,0.29,2000,0,0,"Missing",0.957172085857806,3.10679310373885
2005,1,0.17,6500,1,0,"D",0.32533817114715,-0.729346403077109
2005,0,0.1,1500,0,0.16,"A",0.000329330700305152,-8.01811875899975
2005,0,0.16,8000,1,0.59,"C",0.0226698616607031,-3.76378814304566
2005,0,0.14,9700,0,0.23,"AA",0.000530326249362476,-7.5414877090435
2005,0,0.1,4999,0,0.06,"AA",0.0001646294739373,-8.71164857870688
2005,0,0.11,6000,0,0,"A",0.000276784256386694,-8.19199539048581
2005,1,0.29,3001,0,0,"Missing",0.974186294942996,3.63069699861313
2005,0,0.23,15000,0,0.96,"C",0.0108771203982503,-4.51015703309771
2005,0,0.24,25000,1,0.46,"C",0.0662586305589212,-2.64563376453411
2005,0,0.14,8000,0,0.92,"B",0.000884573777010357,-7.02951967162131
2005,0,0.25,16000,1,0.67,"D",0.173898812609454,-1.55824367558305
2005,0,0.15,3000,0,0.03,"AA",0.000349382695476229,-7.95899324414585
2005,0,0.29,25000,1,0.97,"D",0.323132095090149,-0.739414932825249
2005,1,0.2,2700,1,0.8,"D",0.328952347875932,-0.712927250036197
2005,0,0.29,5000,0,0,"Missing",0.827283058958911,1.56649283293812
2005,0,0.15,3000,0,0.46,"B",0.00237664007206936,-6.03968805439546
2005,1,0.29,3000,0,1.02,"Missing",0.996477977697359,5.6451916973237
2005,0,0.09,1000,0,0.02,"AA",0.00171147918470468,-6.36868431664846
2005,0,0.19,1500,0,0.86,"D",0.145197961330354,-1.77277184654141
2005,1,0.29,4000,0,1,"Missing",0.916708018206871,2.39843672419163
2005,1,0.24,4000,0,1,"Missing",0.433565805937991,-0.267317325257811
2005,1,0.29,2550,0,1.7,"Missing",0.965226939727142,3.32352028749567
2005,0,0.09,2000,0,0,"AA",0.000208576062684386,-8.47499817639654
2005,0,0.14,9999,0,0.54,"A",0.0100405018372498,-4.59103693454079
2005,0,0.25,5000,0,0.76,"C",0.0159267944531785,-4.12369741353752
2005,0,0.09,2500,0,0.1,"AA",9.53452901929725e-05,-9.25791027223671
2005,0,0.2,10000,1,0.89,"D",0.079470184441035,-2.44956747792302
2005,0,0.18,15000,0,0.29,"C",0.0259386577139245,-3.62573984967069
2005,0,0.1,1000,0,0.24,"AA",0.000920878532585905,-6.98926111404814
2005,0,0.12,17000,0,0.19,"AA",0.00104459638079505,-6.86307956429645
2005,1,0.23,8200,0,0.44,"C",0.752190575733709,1.11032971680454
2005,0,0.09,5000,0,0.02,"AA",0.00390600513592274,-5.5413264781513
2005,1,0.26,1000,1,0,"Missing",0.978640106093825,3.8246489140078
2005,0,0.17,1275,0,0.91,"A",0.00388126374875995,-5.54770565453595
2005,1,0.29,2500,1,1.84,"Missing",0.897207080587713,2.16657022115056
2005,0,0.24,10000,0,0.97,"B",0.0312394534233733,-3.43433563862944
2005,0,0.19,7500,0,0.8,"D",0.0706505546864258,-2.57673885991239
2005,0,0.2,9000,0,0.92,"C",0.00265273100206095,-5.92950934711021
2005,0,0.25,7000,0,1.02,"C",0.0164387129893213,-4.09154084985678
2005,1,0.24,3000,0,1,"Missing",0.640103452976636,0.575813187794402
2005,0,0.14,5000,0,0.34,"B",0.00571886331656522,-5.15824993558832
2005,0,0.14,9000,0,0.14,"B",0.00108420215963794,-6.82582610888965
2005,0,0.28,8000,0,0.92,"D",0.536361593025396,0.145703594370055
2005,1,0.28,4000,0,0,"Missing",0.220223487293172,-1.26436447440042
2005,0,0.25,15000,1,0.82,"D",0.114256907565437,-2.0479774571274
2005,0,0.28,3500,0,0,"Missing",0.942204427753336,2.7913100976172
2005,1,0.29,13531,0,0.82,"D",0.14546483782325,-1.77062325816497
2005,1,0.29,5200,0,0,"Missing",0.812391577637838,1.46562553150727
2005,0,0.23,8200,0,0.44,"C",0.0158905458398973,-4.12601279365234
2005,0,0.15,15000,0,0.05,"AA",0.00110987026544259,-6.80240166184076
2005,0,0.23,8500,0,0.86,"D",0.135498754143261,-1.85319030048933
2005,0,0.29,6000,0,1.12,"Missing",0.0835889413360988,-2.39455378734194
2005,0,0.25,2500,0,1.01,"D",0.273090081126523,-0.979000853587732
2005,1,0.29,10000,1,0.9,"Missing",0.974075707888252,3.62630858095338
2005,1,0.07,1000,1,1.06,"Missing",0.924736694838737,2.50851634198862
2005,0,0.19,7400,1,0.87,"C",0.0206223413270382,-3.86054230921347
2005,0,0.25,3500,1,0,"D",0.158328928063201,-1.67071459479123
2005,0,0.13,9000,0,0,"A",0.00490883650300484,-5.31179740560557
2005,0,0.25,6500,0,0.64,"D",0.0741394156731232,-2.5247763501358
2005,0,0.24,9500,0,0.86,"D",0.0847337938880307,-2.37970045318837
2005,0,0.18,2550,0,0.28,"D",0.201653986175512,-1.3759888158385
2005,1,0.24,4500,1,0.71,"D",0.58704874259832,0.351778287998294
2005,0,0.11,10000,0,0.37,"AA",0.000756875392869109,-7.18555476262203
2005,0,0.17,1000,0,0.72,"C",0.0152183175438604,-4.16992017055937
2005,0,0.25,5000,0,0.2,"D",0.0842632924906937,-2.38578255498157
2005,0,0.23,8200,0,0.44,"C",0.109995912256776,-2.09078285188567
2005,0,0.09,3500,0,0,"AA",0.0001473069554435,-8.82284469822862
2005,0,0.1,5200,0,0,"A",0.000370549576464137,-7.90015269431312
2005,0,0.17,5000,0,0.03,"C",0.00161006325947078,-6.42987044835664
2005,0,0.25,9000,0,0.56,"B",0.0069291578294342,-4.96506372257914
2005,0,0.09,3500,0,0.14,"AA",0.00179951919713422,-6.31843462218731
2005,1,0.29,1500,0,0,"Missing",0.991206357922869,4.7248937755372
2005,0,0.16,8000,1,0.59,"C",0.0163569647174602,-4.09660927896979
2005,0,0.18,7000,0,0.54,"B",0.00283328337504255,-5.86348173192743
2005,0,0.28,12000,0,0.83,"D",0.316659551239636,-0.769165970325717
2005,0,0.25,9000,0,0.42,"C",0.206776964221134,-1.34446369295175
2005,1,0.29,4000,0,2.68,"Missing",0.993305330465458,4.99972648174106
2005,0,0.24,4500,1,0.71,"D",0.389647451566305,-0.448794378518252
2005,0,0.19,12500,0,0.88,"C",0.0124584339841922,-4.37282076604852
2005,1,0.24,3000,0,0.97,"Missing",0.910546962104057,2.32033170488292
2005,0,0.09,1000,0,0,"A",0.000407880983655915,-7.80412716865076
2005,0,0.21,25000,0,0.07,"B",0.00277912168539274,-5.88283735109164
2005,1,0.29,2000,0,0.28,"Missing",0.94572695962334,2.85792629153856
2005,0,0.14,17500,0,0.79,"B",0.00755677624653249,-4.87772512880767
2005,0,0.15,12000,0,0.61,"B",0.00155927557600917,-6.46197344741759
2005,0,0.22,13000,0,0.82,"D",0.0109674695700693,-4.5017936438269
2005,0,0.1,6000,1,0.75,"A",0.00110803212982236,-6.8040610465916
2005,1,0.28,4000,0,0,"Missing",0.912022415651991,2.33858250962543
2005,0,0.17,1200,0,0.94,"D",0.0248039432188188,-3.67163589337085
2005,0,0.15,25000,0,0,"B",0.00685143412987707,-4.97642227362969
2005,1,0.25,5500,0,0.49,"Missing",0.978306945292012,3.80883132100934
2005,0,0.15,8000,0,0.84,"A",0.0665673005768802,-2.64065539085003
2005,1,0.29,2500,0,0.85,"Missing",0.957385815186249,3.11201928617494
2005,1,0.29,5000,0,1,"Missing",0.989657759770827,4.56112268395368
2005,0,0.27,14000,1,0.65,"D",0.662104871818519,0.672688384348316
2005,0,0.28,12000,0,0.83,"D",0.0750452468425257,-2.5116535979476
2005,0,0.17,10000,0,0.84,"C",0.0137114385472085,-4.27571855553396
2005,0,0.15,10000,0,0.59,"B",0.00184750662121894,-6.29206910590148
2005,0,0.12,25000,1,0,"AA",0.00567805759693646,-5.16545183805745
2005,1,0.29,9000,1,0,"Missing",0.928166054505195,2.55885351201427
2005,0,0.21,7000,0,0.52,"C",0.0291606988152246,-3.50533908461995
2005,0,0.17,5600,0,0.84,"C",0.101545250342392,-2.18017182754382
2005,0,0.17,1000,0,0.72,"C",0.0418504045015569,-3.13090245734717
2005,1,0.29,4500,0,0.94,"Missing",0.882140696824606,2.01285999640969
2005,0,0.23,10000,0,0.44,"C",0.078652879963747,-2.46079261366692
2005,1,0.29,10000,0,0.51,"D",0.158467792438668,-1.66967291649769
2005,0,0.18,25000,0,0.6,"A",0.00157087161678194,-6.45455253701769
2005,1,0.15,4000,0,0.84,"Missing",0.340299774843765,-0.661958607663492
2005,0,0.13,20000,0,0.46,"A",0.00132250575148162,-6.62690366426086
2005,1,0.29,5000,0,0.97,"Missing",0.874754819078121,1.94367037677335
2005,1,0.23,1500,0,0.84,"Missing",0.855088807192728,1.77508424021439
2005,0,0.13,24250,0,0,"AA",0.000610218455267686,-7.40108313680382
2005,0,0.08,1000,0,0.31,"AA",0.00074240086464607,-7.20487853524897
2005,0,0.11,1000,0,0.03,"AA",0.000369867624773316,-7.90199545118153
2005,0,0.19,9000,1,0.98,"C",0.128357532552232,-1.9155597322498
2005,1,0.2,2000,1,0,"Missing",0.706973305662543,0.880729196167058
2005,1,0.23,1000,1,0,"Missing",0.934839464314492,2.66352081384786
2005,1,0.29,2550,0,1,"Missing",0.953836540914851,3.02830375976213
2005,0,0.19,3000,0,0.97,"C",0.0105652714457392,-4.53956145513675
2005,1,0.29,6700,0,0.39,"Missing",0.834320587627248,1.61656305581076
2005,0,0.29,8000,0,0.8,"D",0.164763222927882,-1.62320581928395
2005,0,0.11,6475,0,0.1,"AA",4.52878418630469e-05,-10.0024266641756
2005,1,0.29,5000,0,0.72,"Missing",0.94837510668346,2.91074612137767
2005,0,0.2,1500,0,0.74,"Missing",0.692394597558798,0.81133822010564
2005,1,0.28,3500,1,0.94,"Missing",0.991799428762242,4.79531708310918
2005,1,0.2,1500,0,0.6,"Missing",0.724483198429403,0.966809958447591
2005,0,0.21,25000,1,0.01,"B",0.0108407597106481,-4.51354225251282
2005,1,0.26,2550,1,0.51,"Missing",0.92540760491452,2.51819573495529
2005,1,0.24,3000,0,0,"Missing",0.848604171301189,1.72369505916865
2005,1,0.29,3500,1,0,"Missing",0.934896608481162,2.66445929908874
2005,0,0.29,4531,0,0,"Missing",0.422725592758311,-0.311594477611576
2005,1,0.24,10000,1,0.73,"D",0.379404056974651,-0.492078464234998
2005,1,0.29,3500,0,0.83,"Missing",0.850230105242811,1.73640694359098
2005,0,0.2,10000,0,0.45,"A",0.00101004030452006,-6.8967544927208
2005,0,0.19,7000,0,0.62,"C",0.00766956584550643,-4.86279614122516
2005,0,0.2,7000,0,0.86,"D",0.0302596724915419,-3.46721244690525
2005,0,0.16,3000,1,0.96,"C",0.0140932625258478,-4.2478649152505
2005,1,0.29,1500,0,0.95,"Missing",0.916661145230022,2.39782299434998
2005,0,0.15,25000,0,0.04,"A",0.000226104204988989,-8.39428845116609
2005,0,0.12,1000,1,0.45,"D",0.0670284441627934,-2.63325764456312
2005,0,0.15,25000,0,0.16,"AA",0.00521431412247255,-5.25111976321703
2005,0,0.1,3885,0,0.38,"A",0.000234528474141649,-8.35769899655802
2005,0,0.15,2300,0,0.46,"C",0.0134974380109755,-4.2916660320388
2005,1,0.29,20000,0,0.89,"C",0.165139829292463,-1.62047168532262
2005,0,0.15,6000,0,0.72,"B",0.00229116424081106,-6.07640139553404
2005,1,0.26,2200,0,0.97,"Missing",0.923559828266068,2.49172721578338
2005,0,0.22,5600,0,0.94,"D",0.0628075927982079,-2.7028126344277
2005,0,0.12,5000,0,0,"AA",6.6179866177138e-05,-9.62306809552098
2005,0,0.17,10000,0,0.05,"B",0.00619974004602132,-5.07702887763297
2005,0,0.12,6250,0,0.21,"AA",0.00100268140886031,-6.90407427425492
2005,1,0.29,4000,1,0.98,"Missing",0.958019090569794,3.12765272772428
2005,0,0.19,9750,0,0.78,"B",0.000782286841737971,-7.15250648639629
2005,1,0.29,2550,0,0,"Missing",0.748660132512372,1.09147904190722
2005,0,0.2,7000,0,0.59,"C",0.0328433913753131,-3.38260988651401
2005,1,0.29,2100,0,1,"Missing",0.966795801753124,3.37131098525779
2005,0,0.17,3600,1,0.76,"D",0.247108098690597,-1.11409577272721
2005,1,0.24,1500,0,0.96,"Missing",0.911792134971878,2.33571591022462
2005,0,0.2,9000,0,0.94,"D",0.0101105867544333,-4.58401016471271
2005,0,0.08,2000,0,0.15,"AA",0.000192246465277696,-8.55654007087235
2005,0,0.11,5000,0,0,"AA",0.00324284318391957,-5.72805669548268
2005,0,0.1,4999,0,0.06,"AA",0.000440504928481444,-7.72714832229123
2005,1,0.29,2550,1,0,"Missing",0.971729227820858,3.53724870768149
2005,0,0.16,5300,0,0.92,"C",0.0284260869370196,-3.53161006963094
2005,1,0.29,3001,0,0.85,"Missing",0.687441148313226,0.788183446580007
2005,0,0.07,1000,0,0,"AA",0.00373401127137074,-5.58653121519459
2005,0,0.18,20000,0,0.67,"B",0.00608883271951431,-5.0951914420519
2005,0,0.17,4000,0,0.02,"AA",0.000850232138149357,-7.06915054827031
2005,0,0.18,9800,0,0.57,"C",0.0357583451566711,-3.29455826963871
2005,0,0.08,1668,0,0.05,"AA",0.00066414100481924,-7.31635171273269
2005,0,0.1,7000,0,0.07,"AA",0.000142001628231096,-8.85953002230116
2005,0,0.15,19300,0,0.39,"A",0.00148324210367778,-6.5120406333059
2005,0,0.12,4500,0,0.09,"AA",0.00391001916680458,-5.54029531972468
2005,1,0.23,6001,0,0.81,"D",0.147457831735117,-1.75468042380974
2005,0,0.18,2550,0,0.28,"D",0.29104989676145,-0.890290428798342
2005,1,0.23,1000,1,0,"Missing",0.975670114649966,3.69141908749787
2005,1,0.27,10000,1,0.79,"D",0.597608842704109,0.395511787104156
2005,0,0.09,5000,0,0.01,"AA",0.000135004208154902,-8.91006959517183
2005,1,0.24,1000,1,0,"Missing",0.810370719665643,1.4524208115224
2005,1,0.23,3150,0,0.88,"Missing",0.771458257465502,1.21656369033005
2005,0,0.12,15000,0,0.55,"A",0.000319362108288566,-8.04886555014276
2005,1,0.25,8500,0,0.87,"C",0.140267201564629,-1.81307245529255
2005,0,0.13,25000,0,0.05,"AA",0.00525455513089213,-5.24339152572748
2005,1,0.23,1600,0,0.74,"Missing",0.46266333952514,-0.149625165185326
2005,1,0.29,2000,1,0,"Missing",0.773959356184455,1.23080453782654
2005,0,0.2,10000,0,0.87,"C",0.0396884922393033,-3.18619644143234
2005,0,0.26,5000,0,0.64,"D",0.428165325525598,-0.289340523373743
2005,0,0.08,2300,0,0.18,"AA",0.000401364238820833,-7.82023977189285
2005,0,0.16,3400,0,0.49,"C",0.0344430435230478,-3.33339804441456
2005,1,0.29,3000,0,0,"Missing",0.783206839762704,1.28445310392975
2005,1,0.2,7500,0,0.36,"C",0.130029626802478,-1.90069683430157
2005,0,0.19,23000,0,0.27,"A",0.00547265881584092,-5.20250301960365
2005,0,0.14,3000,0,0.35,"C",0.0144391394362825,-4.22326834484858
2005,0,0.11,6000,0,0.4,"AA",0.000400799374177361,-7.82164868991285
2005,0,0.29,25000,0,0.47,"D",0.0608189343201093,-2.73710712858969
2005,0,0.16,3500,1,0,"C",0.158393910139845,-1.67022704545341
2005,0,0.15,9999,0,0.57,"B",0.00423079963858109,-5.461124489141
2005,0,0.12,8000,0,0.72,"B",0.00295418875525123,-5.82157263774114
2005,1,0.27,5000,0,0.96,"Missing",0.80962981960903,1.44760663587782
2005,0,0.11,23500,0,0.02,"AA",0.000283691583314713,-8.16733915231294
2005,0,0.11,5000,1,0,"A",0.000431296281920471,-7.74828388566492
2005,1,0.27,2550,0,0.98,"Missing",0.825021246149417,1.55074457892642
2005,0,0.15,7500,1,0,"A",0.00270425430563437,-5.91022115987518
2005,0,0.29,12000,0,0.6,"B",0.0743787182704696,-2.52129531180766
2005,0,0.19,6200,0,0,"C",0.0462816051690008,-3.02562385867458
2005,1,0.29,4500,0,0.97,"D",0.767377537440368,1.19356209934661
2005,0,0.21,15500,0,0.66,"A",0.000680690726490641,-7.29172157859114
2005,0,0.13,5000,1,0.16,"A",0.00790009037607921,-4.83294961814255
2005,0,0.15,3000,0,0.27,"C",0.0466848096641571,-3.01652674694438
2005,0,0.19,12500,0,0.02,"AA",0.00168456343984187,-6.38456285098138
2005,0,0.25,14000,0,0.84,"B",0.00637854967741423,-5.04841555120956
2005,0,0.09,5000,0,0,"A",0.00132807066660658,-6.62269906320345
2005,1,0.18,5000,0,0.5,"D",0.0364806946510473,-3.27380931734742
2005,0,0.12,10000,0,0.12,"AA",0.000737983259262226,-7.21085116184465
2005,0,0.07,1000,0,0.34,"AA",5.32580967973923e-05,-9.84030745288531
2005,0,0.19,9900,0,0.36,"C",0.192834383831356,-1.43169716606062
2005,0,0.15,13000,0,0.26,"AA",0.000147042587379027,-8.82464124968279
2005,0,0.24,6001,0,0.74,"D",0.114593351626353,-2.04465724029648
2005,0,0.1,2750,0,0.37,"AA",3.95437163858023e-05,-10.1380642096042
2005,0,0.16,6000,1,0.55,"C",0.0253351882553911,-3.64989935951968
2005,1,0.29,2000,0,0,"Missing",0.731888984489503,1.00422771020835
2005,0,0.25,4000,0,0.46,"C",0.0123383061689762,-4.382631478358
2005,1,0.18,1500,0,0.1,"C",0.145338262407372,-1.77164189235565
2005,1,0.23,15900,0,0.74,"D",0.622757752681914,0.501270056251201
2005,1,0.29,3001,1,0,"Missing",0.953405710549113,3.01856254277032
2005,1,0.29,2550,0,0.95,"Missing",0.908289314958025,2.29292406246129
2005,0,0.15,3500,0,0.9,"C",0.0323328312569469,-3.39880503262996
2005,0,0.2,5000,0,0.22,"D",0.0197252275293916,-3.90593451069522
2005,0,0.17,4000,0,0.75,"B",0.0098921477421016,-4.60607259380822
2005,0,0.12,19500,1,0,"AA",0.000140507562954143,-8.87010872434901
2005,0,0.24,25000,1,0.46,"C",0.103744625886857,-2.15629302902862
2005,0,0.15,18000,0,0.12,"B",0.00091444398474275,-6.99627948199725
2005,0,0.29,4000,0,1,"Missing",0.714941180594852,0.919504731555618
2005,1,0.26,5000,1,0,"Missing",0.987465070745253,4.3666220369757
2005,0,0.2,12200,0,0.35,"C",0.0402550062749208,-3.17143324200798
2005,0,0.22,15000,0,0.83,"D",0.121610550430137,-1.97726633054579
2005,1,0.25,1500,1,0,"Missing",0.911205386184777,2.32844233028048
2005,1,0.18,9750,0,0.92,"C",0.101350291240226,-2.18231056660918
2005,0,0.09,2000,0,0.13,"AA",0.000182994654993435,-8.605870601835
2005,1,0.24,7500,1,0.82,"D",0.142454543239621,-1.79505123442499
2005,1,0.29,5900,0,0.88,"Missing",0.972415631560656,3.56253406616312
2005,0,0.1,7000,0,0.17,"AA",0.000671515978782352,-7.30530100508244
2005,0,0.16,8500,0,0.56,"C",0.0217837135753654,-3.80456819045769
2005,0,0.22,8000,1,0.93,"D",0.14830755436153,-1.74793729478942
2005,0,0.18,3001,0,1,"Missing",0.356059732494905,-0.592507464797059
2005,1,0.24,3500,0,0.94,"Missing",0.938635379385404,2.72759363884286
2005,0,0.16,3500,0,0.83,"C",0.0113469086580428,-4.46739816109425
2005,0,0.11,6475,0,0.1,"AA",0.00493042525317044,-5.30738741649852
2005,0,0.2,12200,0,0.35,"C",0.00749936811078791,-4.88540888412741
2005,0,0.24,20000,1,0.88,"C",0.56410629624397,0.257844287357183
2005,0,0.18,8000,1,0,"C",0.229221014114724,-1.21271500817839
2005,0,0.11,14000,0,0.29,"AA",0.00103833842356175,-6.86909463524584
2005,0,0.1,6500,0,0.67,"A",0.000165503032059679,-8.70635552598349
2005,0,0.14,1000,0,0,"B",0.00381042320285954,-5.56619731778628
2005,1,0.22,10000,0,0.65,"C",0.291452758888835,-0.888338804026295
2005,0,0.25,15000,0,0.83,"C",0.0303968115218816,-3.46254918499373
2005,0,0.27,7000,0,0.71,"C",0.555151930025733,0.22150901599602
2005,0,0.13,9000,0,0.26,"AA",0.00274272408650782,-5.89605716806192
2005,1,0.26,6000,1,1.06,"Missing",0.927917152287529,2.5551263330643
2005,0,0.11,14000,0,0.56,"AA",0.000363649633998832,-7.91895598205914
2005,0,0.21,5000,0,0.95,"D",0.0513034821787541,-2.9173303273168
2005,0,0.12,1800,0,0.39,"B",6.71676746058282e-05,-9.6082512888894
2005,0,0.15,2500,0,0.24,"C",0.0350685557167991,-3.31475217618632
2005,0,0.2,7500,0,0.74,"C",0.00804824484894443,-4.81422043571071
2005,0,0.26,2500,0,0.65,"Missing",0.837763617169325,1.64168155596144
2005,0,0.14,8000,0,0.76,"AA",0.00373219019603433,-5.58702086153265
2005,0,0.1,1500,1,0.79,"A",0.00124294129804252,-6.68903097921026
2005,1,0.29,5000,0,0.93,"Missing",0.977282790847194,3.76165330859181
2005,0,0.28,6000,0,0.98,"Missing",0.861508682532898,1.82787750041301
2005,0,0.14,16500,0,0.2,"AA",0.00123985350431603,-6.69152142526651
2005,0,0.18,1000,1,0,"C",0.0195405508554744,-3.91552945006996
2005,0,0.23,10000,0,0.44,"C",0.112182392365718,-2.06864027510027
2005,1,0.24,1000,0,0.81,"Missing",0.879291657365043,1.98573940404576
2005,0,0.07,1325,0,0.02,"AA",0.00209739719674108,-6.1649585332902
2005,0,0.15,2550,0,0.98,"Missing",0.253342777980124,-1.08086278160263
2005,0,0.11,9000,1,0.85,"A",0.00625346586239497,-5.06834633027005
2005,0,0.11,3000,0,0.27,"B",0.00105461226351554,-6.8535269335829
2005,0,0.15,12000,0,0.94,"B",0.000981352247565849,-6.9255972588663
2005,0,0.21,15500,0,0.66,"A",0.000306985224434326,-8.08840390805968
2005,0,0.2,5000,1,0.95,"C",0.00469418994573747,-5.35672447447036
2005,1,0.29,6000,1,0.77,"Missing",0.611639686504969,0.454209809862011
2005,1,0.28,3200,0,0.99,"Missing",0.987399992459644,4.36137780579
2005,1,0.28,2550,0,0.74,"Missing",0.934140008502404,2.65209518118142
2005,0,0.29,7000,0,0,"C",0.147060099925833,-1.75784774162849
2005,0,0.2,3000,1,0.47,"D",0.0547560201738708,-2.84855575371594
2005,0,0.19,1500,0,0.86,"D",0.0378813741079644,-3.23467821185212
2005,1,0.25,10500,0,0.81,"D",0.125226917313334,-1.9438370885789
2005,0,0.22,15000,0,0.04,"D",0.373190075044604,-0.518555470262603
2005,0,0.09,6001,0,0.22,"AA",0.000105778396116647,-9.1540584708946
2005,0,0.24,4000,0,0.7,"Missing",0.55746877695953,0.230895473810012
2005,0,0.2,3000,1,0,"D",0.09619865093413,-2.24019425561621
2005,1,0.29,2500,0,0.89,"Missing",0.987152957527376,4.34171137251368
2005,1,0.25,8500,1,0.73,"D",0.681381289422394,0.760126922588505
2005,0,0.19,8500,0,0.79,"C",0.0460884689154365,-3.03000814570777
2005,0,0.29,25000,0,0.95,"C",0.0176616636436258,-4.01853939226127
2005,0,0.13,7500,0,0.92,"B",0.00565972979781431,-5.16870332005061
2005,0,0.18,8000,0,0.35,"C",0.0255632817106675,-3.64070256551524
2005,0,0.11,1500,0,0.2,"B",0.000695177241190068,-7.2706483026284
2005,1,0.2,2000,0,0.77,"Missing",0.914001885667094,2.36350726489356
2005,0,0.18,7000,0,0.33,"C",0.0738762785437077,-2.52861605177676
2005,1,0.18,9999,0,0.92,"D",0.460959865307466,-0.156479050396925
2005,0,0.13,6000,0,0.92,"C",0.145647936710019,-1.76915104370986
2005,1,0.29,2400,0,1.05,"Missing",0.930169604741296,2.58929756306808
2005,0,0.21,7000,0,0.52,"C",0.0076192208321383,-4.86943277213079
2005,0,0.14,24000,0,0.54,"A",0.000954711932423898,-6.95314573646728
2005,0,0.21,5000,0,0,"C",0.0475189164950397,-2.9979423732022
2005,0,0.12,25000,0,0.17,"AA",0.000650897374312012,-7.33650746202863
2005,1,0.29,2550,0,0.43,"Missing",0.995393411752948,5.37565054125424
2005,1,0.24,8000,1,0.93,"Missing",0.907266489101517,2.28070631513116
2005,0,0.17,4000,1,0.76,"D",0.147537055588442,-1.7540503726903
2005,0,0.14,4575,0,0.6,"C",0.133513467808952,-1.87024421105024
2005,1,0.24,2500,1,1,"D",0.557992277941306,0.233017770824576
2005,0,0.16,5000,0,0.94,"B",0.00603003849155458,-5.10495359232842
2005,0,0.1,6000,0,0.02,"AA",0.000147493352064372,-8.82157994971986
2005,0,0.14,9000,0,0.14,"B",0.00371668280949189,-5.59120011955586
2005,1,0.29,5000,0,0.75,"Missing",0.886396735613027,2.05445239156419
2005,0,0.09,2550,0,0.05,"A",0.00175277993322889,-6.34479790030812
2005,0,0.18,12000,0,0.57,"A",0.00143891385125445,-6.54242676987919
2005,0,0.19,5000,0,0.42,"B",0.0128652709199262,-4.34027502955234
2005,1,0.29,1000,0,0,"Missing",0.951567186216515,2.97793274034833
2005,0,0.15,15500,0,0.98,"B",0.000315671429939877,-8.06049294272883
2005,1,0.22,4500,1,0.68,"D",0.30620825903398,-0.817906374871151
2005,0,0.19,13000,1,0.89,"C",0.0354405415624761,-3.30381507061989
2005,0,0.16,3300,0,0.3,"C",0.00880706383101133,-4.72335509618913
2005,1,0.29,3600,0,0.92,"Missing",0.937440229570989,2.70703057407052
2005,0,0.08,3000,0,0.03,"AA",0.000627717329387554,-7.37279269084089
2005,1,0.25,5500,0,0.49,"Missing",0.899303574887651,2.1895103593813
2005,0,0.14,3000,0,0.95,"C",0.0148313404933665,-4.19607031172311
2005,1,0.26,3000,1,0,"Missing",0.941621524076728,2.78065615578926
2005,1,0.24,5250,0,0.57,"Missing",0.701124278563621,0.852657319242868
2005,0,0.16,5000,0,0.35,"B",0.00240805928551749,-6.02652316828384
2005,0,0.2,3300,0,0.55,"D",0.168800549140292,-1.59415194376781
2005,0,0.11,1550,0,0.95,"D",0.0342976240114066,-3.33777960638137
2005,0,0.1,1000,0,0.53,"A",0.00174645503618126,-6.34841925728298
2005,1,0.23,3890,0,0.97,"Missing",0.451326695729184,-0.195311732154863
2005,0,0.28,6000,0,0,"D",0.061707469913682,-2.72165677427364
2005,0,0.21,3000,1,0.97,"D",0.059435445260504,-2.76158951517197
2005,1,0.29,4000,1,0,"Missing",0.937433856970795,2.70692191717396
2005,0,0.11,2500,1,0,"B",0.000918254232457795,-6.99211758792375
2005,0,0.2,7500,0,0.99,"D",0.0228549134209977,-3.75546901955534
2005,0,0.18,10000,0,0.66,"B",0.00282618521451767,-5.86599727098962
2005,0,0.15,18000,0,0.61,"B",0.00389827664110978,-5.54331481567604
2005,0,0.12,10000,0,0.12,"AA",0.000558060114156123,-7.49048565403534
2005,0,0.17,5000,1,0.98,"B",0.00162004287799653,-6.42368130562255
2005,0,0.12,9000,0,0.05,"AA",0.00042061801679895,-7.77336475316559
2005,0,0.17,7500,0,0.62,"D",0.00181967957048097,-6.30727351637058
2005,0,0.05,1000,0,0.64,"D",0.00431490163095205,-5.44135651402019
2005,0,0.15,2500,0,0.94,"D",0.263350095881782,-1.02862844097982
2005,0,0.14,7750,0,0.59,"C",0.0137095955825306,-4.27585484389738
2005,0,0.14,6000,0,0.03,"AA",0.00294305587394725,-5.82535942936103
2005,0,0.2,5000,1,0.43,"D",0.0922451762428618,-2.2865243327481
2005,0,0.29,5108,0,0,"Missing",0.682824261549306,0.76678152249184
2005,0,0.16,10000,0,0.11,"B",0.000327014308814221,-8.02517956239306
2005,1,0.2,2000,1,0,"Missing",0.63171467871316,0.53957986713677
2005,1,0.2,3000,0,0.76,"C",0.37166289212961,-0.525089578947282
2005,0,0.05,2000,0,0.1,"AA",6.28291377746354e-05,-9.67502878367959
2005,0,0.09,2500,0,0.04,"A",0.000367733907732358,-7.90778315661729
2005,0,0.16,4000,0,0.8,"C",0.0988164516987139,-2.21044484700578
2005,1,0.29,10000,0,0.49,"D",0.435850019295077,-0.258021947654844
2005,0,0.16,15000,0,0.59,"A",0.00120089911920639,-6.72348311596613
2005,0,0.2,3000,0,0.39,"D",0.156452055580133,-1.68486713130463
2005,1,0.29,2550,0,0.91,"Missing",0.972522133344007,3.56651200272146
2005,0,0.15,1500,1,0.85,"D",0.038875164181252,-3.20774870872794
2005,0,0.17,8500,1,0.21,"B",0.00363561366780244,-5.61333512171846
2005,0,0.18,10000,0,0.96,"C",0.00804697912708959,-4.81437899088658
2005,0,0.23,10000,0,1.02,"D",0.140689913274242,-1.80957157059824
2005,1,0.25,5000,1,0.92,"Missing",0.990329771898656,4.62898609284629
2005,0,0.21,5000,1,0.94,"C",0.0100280594449905,-4.59228949167384
2005,1,0.26,2500,0,0.65,"Missing",0.948077374159698,2.9046814713832
2005,0,0.19,13000,1,0.89,"C",0.109421790434522,-2.09666087399201
2005,0,0.2,9000,0,0.94,"D",0.168508414561869,-1.59623549224592
2005,0,0.11,5000,1,0.45,"B",0.00139757652720047,-6.57161704031425
2005,0,0.23,6001,0,1.2,"Missing",0.276062928777408,-0.964075627862118
2005,1,0.23,6001,1,0.52,"D",0.0764147547630061,-2.49208729938235
2005,0,0.2,15000,1,0.8,"B",0.0149899063517302,-4.18527482376615
2005,0,0.25,4500,1,0.2,"D",0.267321727452713,-1.00825378203391
2005,0,0.1,2000,0,0,"AA",0.00450903277418554,-5.39715338183003
2005,1,0.27,1000,1,0.88,"Missing",0.920258611060862,2.445865969371
2005,1,0.29,3000,1,0,"Missing",0.995372513999245,5.37110331279009
2005,0,0.19,6200,0,0,"C",0.0255343006388824,-3.64186664874515
2005,0,0.29,25000,1,0.97,"D",0.298187776827771,-0.855942468241746
2005,0,0.15,5000,0,0,"C",0.0964315877230784,-2.2375180049241
2005,0,0.15,10000,0,0.66,"B",0.00490234441238567,-5.31312733645933
2005,0,0.16,8000,0,0.8,"C",0.00338549008827402,-5.68486536691507
2005,0,0.15,5500,0,0.28,"C",0.0929598470851663,-2.27801907101341
2005,0,0.13,1200,0,0.72,"D",0.0067104738658036,-4.9973526193265
2005,0,0.13,7500,0,0.92,"B",0.00185122850382025,-6.29005286001556
2005,0,0.18,9500,1,0.36,"A",0.0668094886328116,-2.63676425639426
2005,0,0.23,25000,0,0.04,"AA",0.0134040775347174,-4.29870160157074
2005,0,0.09,3500,0,0,"AA",0.000190469672007714,-8.5658270903171
2005,0,0.19,16000,0,0,"A",0.000352096639359935,-7.95125271777027
2005,1,0.25,6000,0,0.11,"D",0.467737239760949,-0.129230592890554
2005,0,0.19,10000,1,0.88,"D",0.164551002239779,-1.62474873603626
2005,1,0.28,6500,1,0,"Missing",0.991523705318333,4.76196944981733
2005,1,0.29,5000,0,0,"Missing",0.938847155775086,2.73127631924173
2005,1,0.17,1700,0,0.56,"Missing",0.902540342829767,2.22577487064109
2005,0,0.15,16000,0,0.77,"B",0.000475763651800292,-7.6501134800127
2005,0,0.14,7000,0,0.32,"A",0.000347040250908916,-7.96572268740555
2005,1,0.24,2000,0,1.02,"Missing",0.902561074091079,2.22601057924184
2005,0,0.24,15000,0,0.85,"C",0.211545437135334,-1.31563497176316
2005,0,0.1,1000,0,0.24,"A",0.00823410033738558,-4.79120298217817
2005,0,0.09,2500,1,0.24,"AA",0.00463480770173062,-5.36951498739855
2005,0,0.15,2890,1,0,"D",0.0165320613291261,-4.08578343171683
2005,0,0.24,23000,0,0.82,"B",0.00953857064367113,-4.64282727827375
2005,0,0.08,1000,0,0.01,"AA",5.66961577488194e-05,-9.77774741633274
2005,0,0.2,25000,0,0,"B",0.000724084044537049,-7.22987874238103
2005,0,0.1,9000,0,0.22,"AA",0.00187251719527352,-6.27859738701122
2005,0,0.29,5500,0,0.72,"D",0.454595406583445,-0.182120085418426
2005,0,0.2,1000,0,1,"Missing",0.656044430682766,0.645716026279743
2005,0,0.14,7000,0,0.55,"C",0.013278345177797,-4.30825346215763
2005,1,0.17,3000,0,1.12,"Missing",0.805528341890496,1.42121195168095
2005,0,0.29,5000,0,0.71,"Missing",0.758426368748217,1.144071401321
2005,0,0.15,4000,0,1,"D",0.00595770128694509,-5.11709504321864
2005,0,0.22,9000,0,0.95,"D",0.122470085821542,-1.96924424220225
2005,0,0.22,7000,0,0.07,"AA",0.000608219077184208,-7.40436701246575
2005,1,0.29,5000,1,0.96,"Missing",0.998342125115808,6.40055943632367
2005,0,0.19,6600,0,0.27,"C",0.0157290952033421,-4.13638897394705
2005,0,0.17,9500,0,0.95,"AA",0.0060311125888279,-5.10477440312943
2005,0,0.2,5000,1,0.72,"A",0.0291990417881314,-3.50398556762435
2005,1,0.29,2501,0,1.22,"Missing",0.96516889408304,3.32179227007546
2005,0,0.25,2000,0,0,"D",0.0610898344158394,-2.7323743281645
2005,0,0.14,7000,0,0.32,"A",0.00214300266297492,-6.14340201767367
2005,0,0.15,1250,0,0.74,"C",0.00990524304645495,-4.6047364350392
2005,0,0.16,3500,0,0.83,"C",0.00346385025717856,-5.66190465423754
2005,0,0.15,20000,1,0.72,"B",0.0238958049023908,-3.70986642155292
2005,0,0.09,3001,0,0.21,"AA",0.000108274043041386,-9.13073682922071
2005,0,0.18,4500,1,0.71,"C",0.0328859106315068,-3.38127215353042
2005,0,0.15,4200,0,0.3,"C",0.107689373107602,-2.11456340033082
2005,1,0.26,7000,0,0.58,"D",0.409602577846781,-0.365608539728344
2005,0,0.25,9500,0,0.64,"D",0.0812463996788929,-2.42553146065256
2005,0,0.15,9999,0,0.31,"B",0.00130755080655904,-6.63829109859419
2005,1,0.23,2000,0,0.9,"Missing",0.976293669330284,3.71802130252443
2005,0,0.18,7000,0,0.95,"C",0.0458075562533853,-3.03641631289958
2005,0,0.16,2000,1,0.41,"C",0.00636858611390143,-5.04998884210319
2005,0,0.15,10000,0,0.66,"B",0.00117416678230458,-6.74602164771827
2005,0,0.1,2000,0,0,"B",0.00119242419832848,-6.7305737668634
2005,0,0.11,6001,0,0.28,"A",0.0157793243897976,-4.13314963557397
2005,0,0.18,7500,0,0,"C",0.0221902205847735,-3.78566347391793
2005,1,0.29,5000,0,0.72,"Missing",0.851813681041842,1.74889742481281
2005,0,0.15,11000,0,0.42,"A",0.00383167826910469,-5.56061334344592
2005,0,0.2,11000,0,0.44,"C",0.105346317414333,-2.13918351264609
2005,1,0.24,6000,0,0,"Missing",0.813074592636861,1.47011320902973
2005,0,0.08,2300,0,0.18,"AA",0.000149504957685387,-8.80803148777354
2005,0,0.15,4000,0,0.64,"B",0.00059740204562587,-7.42232264741209
2005,0,0.25,6500,0,0.64,"D",0.0853056258194661,-2.37234958653259
2005,0,0.29,11000,0,0.98,"D",0.408473014006508,-0.370281454424793
2005,1,0.24,1000,0,0.92,"Missing",0.957263745298731,3.10903133318077
2005,0,0.11,3000,0,0.32,"AA",0.000379597296112066,-7.87601994488492
2005,0,0.23,3000,1,0.7,"D",0.501120515333905,0.00448206883893998
2005,0,0.15,15000,0,0.01,"AA",0.00127050197657703,-6.66707188970943
2005,0,0.15,3000,0,0.03,"AA",0.000151334725985511,-8.79586509990771
2005,0,0.19,8500,0,0.79,"C",0.281405220470152,-0.937501913588506
2005,0,0.1,9000,0,0.22,"AA",0.000108564572069117,-9.12805685726273
2005,0,0.12,4000,0,0,"B",0.00197403756565164,-6.22569831938749
2005,0,0.19,9750,0,0.78,"B",0.00974036007657092,-4.62168908547451
2005,0,0.21,5000,0,0.95,"D",0.0777408843249938,-2.47344491981974
2005,1,0.29,6000,1,0.72,"Missing",0.988667197537597,4.46865637768782
2005,0,0.22,9000,0,0.99,"C",0.0300647906849537,-3.4738745323624
2005,0,0.2,8000,0,0.87,"D",0.0296914358697685,-3.48675547858953
2005,0,0.23,6001,1,0.52,"D",0.0315263315402681,-3.42489817595969
2005,0,0.11,2593,0,1.01,"Missing",0.161484617936088,-1.64722303268548
2005,0,0.23,6001,0,0.88,"D",0.025819781224598,-3.63045540378607
2005,1,0.27,1000,0,0,"Missing",0.795924895668061,1.36101674463673
2005,0,0.29,1500,0,0.95,"Missing",0.887166870143833,2.06212309296096
2005,0,0.21,5000,0,0.26,"D",0.508131867459598,0.0325303382306048
2005,0,0.2,16950,0,0.55,"C",0.0184970573484413,-3.97147335464262
2005,1,0.29,3000,0,0,"Missing",0.950500574497204,2.95502770284091
2005,1,0.22,1500,1,1,"Missing",0.489383761743614,-0.0424713360747524
2005,0,0.15,5000,0,0.73,"B",0.00476779119627469,-5.34109294953637
2005,0,0.29,13200,0,0.98,"D",0.297387297602711,-0.859770497175742
2005,0,0.29,2000,0,0.77,"Missing",0.781065941184313,1.27188899483143
2005,0,0.13,10800,1,0.68,"A",0.00145045746519878,-6.53442476866973
2005,0,0.23,15000,0,0.77,"C",0.0058418062947979,-5.13685629651846
2005,0,0.16,5000,0,0.89,"C",0.00865422164367396,-4.7410161389187
2005,0,0.15,15000,0,0.62,"B",0.0011737711246919,-6.74635906946263
2005,1,0.2,9999,0,0.94,"D",0.360841752913506,-0.571712567094713
2005,0,0.1,10000,0,0.12,"A",0.00114315610732335,-6.77281851665075
2005,1,0.25,9000,0,0.86,"Missing",0.894720597763679,2.13989369855211
2005,1,0.29,2550,0,0.9,"Missing",0.923610302889924,2.49244240006233
2005,1,0.29,3000,0,0.92,"Missing",0.988689892786493,4.47068395650535
2005,1,0.17,10000,0,0.05,"B",0.019176057475592,-3.93473048170923
2005,0,0.13,9900,0,0.86,"B",0.00541937078911106,-5.21234145198908
2005,0,0.14,10000,0,0.44,"A",0.000562069187057774,-7.48332337979695
2005,1,0.24,3500,0,1,"Missing",0.807774315552968,1.43561258550411
2005,0,0.17,2400,0,0.86,"D",0.0815423915142553,-2.42157272430835
2005,1,0.29,1550,0,0,"Missing",0.809375094165147,1.44595480785048
2005,0,0.15,5000,0,0.17,"B",0.00161498641133638,-6.42681244446846
2005,0,0.09,8000,0,0,"AA",0.00202899820046637,-6.19818204563961
2005,0,0.12,7000,0,0.2,"B",0.00499605279169757,-5.29409854519379
2005,1,0.16,4200,1,0.83,"C",0.620685823338464,0.492460209511826
2005,1,0.29,4750,1,1.19,"Missing",0.984281336468435,4.13706300092175
2005,1,0.22,15000,0,0.04,"D",0.488167602634481,-0.047338427643838
2005,0,0.25,3001,1,0.84,"D",0.323242693599094,-0.738909310288532
2005,0,0.2,5000,0,0.65,"B",0.00113737096640388,-6.77789783143837
2005,0,0.12,25000,1,0,"AA",0.00553998110497142,-5.19020880517033
2005,0,0.11,20000,1,0.87,"AA",0.00213183760712111,-6.14863683163971
2005,0,0.19,5000,0,0.39,"C",0.0153563329536045,-4.16075185716075
2005,0,0.15,3600,0,0.28,"A",0.0123147649736026,-4.3845651121309
2005,1,0.28,3000,0,0.98,"Missing",0.972962334284413,3.58311445016446
2005,0,0.11,6001,0,0.01,"A",0.0121751164458592,-4.39611120540762
2005,0,0.11,5000,0,0.05,"A",0.00327193677187026,-5.71909588316718
2005,0,0.29,3800,0,1,"Missing",0.83152596915931,1.59648091157125
2005,0,0.24,10000,0,0.97,"B",0.00248710896148247,-5.99414409574831
2005,0,0.07,3000,1,0.01,"AA",0.000392619962772343,-7.84227573274477
2005,0,0.15,2600,0,0.68,"C",0.0161854816644178,-4.10732273479555
2005,1,0.29,3000,0,0,"Missing",0.920178265066213,2.44477158268736
2005,0,0.29,2500,0,0.08,"Missing",0.358188784684379,-0.583234024375
2005,1,0.29,2875,1,1,"Missing",0.942524379766919,2.79720092416913
2005,0,0.17,20000,1,0.01,"AA",0.000187087732304916,-8.58374578918311
2005,0,0.13,2550,0,0.53,"B",0.000457467825085035,-7.68934643090938
2005,0,0.24,17500,0,0.15,"D",0.113454517639669,-2.05593039876939
2005,0,0.19,6600,0,0.27,"C",0.0410872247875243,-3.15010287608612
2005,1,0.29,2550,0,1,"Missing",0.96151134137548,3.21814274374671
2005,1,0.29,6000,1,0.79,"Missing",0.928283144051494,2.56061098845984
2005,0,0.17,6500,0,0.81,"C",0.00164864127291771,-6.4061537994896
2005,1,0.24,1000,1,0,"Missing",0.953191248127842,3.01374537235728
2005,0,0.08,2499,0,0.01,"AA",0.000302010149633549,-8.10474787733215
2005,0,0.17,1000,0,0.67,"D",0.0122048017217938,-4.39364592900936
2005,0,0.19,2750,0,0,"C",0.0108219108683519,-4.51530152227903
2005,1,0.29,2560,0,1,"Missing",0.903329003148294,2.23477340330458
2005,0,0.14,9250,0,0.92,"B",0.000586525155347176,-7.44070830294449
2005,0,0.17,4000,1,0,"C",0.00458255374602118,-5.38090576394845
2005,0,0.29,10000,0,0.04,"B",0.00101692925472205,-6.88995028036906
2005,0,0.14,9000,1,0.54,"B",0.00180814036253788,-6.31364660885697
2005,0,0.24,15000,1,0.81,"D",0.267877297955183,-1.00541909344024
2005,0,0.2,3000,0,0,"D",0.0427715931748451,-3.10816786122857
2005,1,0.17,1100,0,0.29,"D",0.299896006831654,-0.847793115011446
2005,1,0.29,3800,0,1,"Missing",0.933359508283599,2.63947807516266
2005,1,0.29,5000,0,0.93,"Missing",0.876165493276567,1.95660894135472
2005,0,0.29,5500,0,0.72,"D",0.0239553129440413,-3.70731823720345
2005,0,0.11,2500,1,0,"B",0.000841396765700078,-7.07960547982707
2005,0,0.19,4041,0,0.91,"D",0.0833642258234882,-2.3974909301462
2005,0,0.12,2500,0,0,"C",0.00347477403518545,-5.65874500284167
2005,0,0.26,2000,1,0,"Missing",0.781993966645431,1.27732428688387
2005,0,0.19,15000,0,0.3,"AA",0.0179068842291908,-4.00450089371728
2005,0,0.21,10000,0,0.84,"D",0.0381269573643137,-3.22796089533142
2005,1,0.29,2500,0,0,"Missing",0.644017981937118,0.592846429460156
2005,0,0.15,5000,0,0.92,"B",0.000307318208416636,-8.08731947224137
2005,0,0.2,10000,0,0.87,"C",0.0286542004779821,-3.52338248614805
2005,1,0.27,15000,1,0.96,"Missing",0.892682677004856,2.11844109171853
2005,0,0.2,1500,0,0.88,"Missing",0.177783192798579,-1.53143932607847
2005,0,0.18,3000,1,0.93,"C",0.00836938928259362,-4.77476975291346
2005,0,0.15,5600,0,0.07,"A",0.00233908585338867,-6.05565326109724
2005,1,0.29,5000,0,0.32,"Missing",0.705282285153289,0.872580127749383
2005,1,0.24,2350,0,1.37,"Missing",0.952362078379722,2.99531618015801
2005,0,0.1,6000,0,0.52,"A",0.000332445398413265,-8.00870242598099
2005,0,0.25,15000,0,0,"C",0.06949859305681,-2.59441707953145
2005,1,0.29,3500,0,1.01,"Missing",0.993553432372755,5.0377400041506
2005,0,0.17,15000,1,0.41,"B",0.0127943036761289,-4.34587837674668
2005,0,0.15,11000,0,0.65,"B",0.00198445031723121,-6.22042689951576
2005,1,0.29,2500,1,1.84,"Missing",0.88207232486783,2.01220253968574
2005,0,0.17,3500,0,0.12,"D",0.0409917157816729,-3.15252972105546
2005,1,0.24,3000,0,0.56,"Missing",0.747876069513792,1.08731652751224
2005,1,0.29,5000,0,0,"Missing",0.955453723044375,3.06565774991445
2005,0,0.25,15000,0,0.65,"D",0.452441702771241,-0.190810013793316
2005,0,0.17,12000,1,0.51,"A",0.0104093961391563,-4.55458245296883
2005,0,0.2,5000,0,0,"A",0.000753246504519957,-7.19036449015851
2005,0,0.23,7100,0,0.27,"A",0.00391810037999153,-5.53822254333177
2005,0,0.22,2500,1,0.74,"D",0.0535377455703681,-2.87234416093564
2005,0,0.11,25000,1,0.09,"AA",0.00201889077035863,-6.2031861105
2005,0,0.13,10000,0,0.12,"AA",0.000143154024514296,-8.85144624857687
2005,0,0.14,18500,0,0.45,"A",0.00320640952813587,-5.73939193384485
2005,0,0.17,10000,0,0.62,"B",0.000434677015385262,-7.7404725245127
2005,1,0.29,3000,1,0.53,"D",0.967793727467684,3.40285774039063
2005,0,0.15,25000,0,0.01,"A",0.00480643156333452,-5.33298232931546
2005,1,0.27,15000,1,0.96,"Missing",0.974703157987747,3.65145340500409
2005,0,0.11,10000,0,0.43,"AA",0.000174802762134784,-8.65167747513936
2005,0,0.23,5000,0,0.39,"D",0.00810957763308456,-4.8065668528564
2005,1,0.29,3001,1,0,"Missing",0.993605426600423,5.04589044834505
2005,0,0.1,9990,0,0.05,"AA",0.000182342521543463,-8.60944129395478
2005,0,0.29,23800,0,0.5,"C",0.0207439780605351,-3.85453713146313
2005,1,0.29,3600,0,0.3,"Missing",0.911596899302203,2.33329085119059
2005,0,0.13,6001,0,0.94,"A",0.0008861948264833,-7.0276871493525
2005,1,0.29,20000,0,0.95,"Missing",0.886990256933227,2.06035996113221
2005,0,0.11,13000,0,0.82,"A",0.00101395925856244,-6.89287807988984
2005,0,0.09,5400,0,0.18,"AA",0.000294190136246975,-8.13099004431296
2005,0,0.29,22000,0,0,"D",0.0602964494771204,-2.7462912327166
2005,0,0.08,1000,0,0.78,"A",0.00283850245441219,-5.86163613202539
2005,0,0.15,3800,0,0.2,"B",0.00115581167202679,-6.76179595533796
2005,0,0.18,5000,0,0.99,"D",0.104796351917799,-2.14503227081186
2005,0,0.28,25000,1,0.75,"C",0.0349054450023366,-3.31958324669448
2005,0,0.15,4999,0,0.89,"C",0.0266289798811632,-3.5987652331814
2005,0,0.15,8500,0,0.55,"AA",0.00307285512034636,-5.78207055691004
2005,0,0.08,6001,0,0.04,"AA",0.000363219420398018,-7.92014015700721
2005,0,0.15,3000,0,0,"C",0.0273383516197705,-3.57174574350405
2005,0,0.15,4500,0,0.96,"A",0.0019410031829261,-6.2426074455876
2005,0,0.11,5000,1,0.45,"B",0.00153532450228833,-6.47747701382232
2005,0,0.19,23000,0,0.27,"A",0.00272328897842481,-5.9031879420272
2005,1,0.29,25000,1,0.96,"Missing",0.952963358021128,3.00864953929045
2005,0,0.16,2000,1,0,"C",0.00697504358730248,-4.9584172193049
2005,0,0.08,1668,0,0.05,"AA",0.000894164791189954,-7.01872590479239
2005,0,0.15,15152,0,0.85,"B",0.0110992143199047,-4.48971968495211
2005,0,0.17,12000,1,0.51,"A",0.0199792721330818,-3.89287837954441
2005,1,0.28,6000,0,0.86,"Missing",0.93950206720539,2.74274082340725
2005,0,0.15,14700,0,0.37,"AA",0.000213798889658739,-8.45026093100309
2005,0,0.15,7000,1,0,"B",0.00613347039637296,-5.08784219865619
2005,1,0.24,1025,1,0.59,"Missing",0.937214834891692,2.70319371427931
2005,1,0.29,2100,0,0,"Missing",0.937688285248695,2.71126812941981
2005,0,0.14,24000,0,0.54,"A",0.00159678809632414,-6.4381630428205
2005,0,0.21,4500,0,0,"D",0.024007835330034,-3.7050743092265
2005,1,0.29,4750,1,1.19,"Missing",0.924802004930979,2.5094550965933
2005,0,0.22,5000,0,0.47,"D",0.0452589970214826,-3.04903862304339
2005,1,0.25,10700,0,0,"Missing",0.905112847331276,2.25537131022736
2005,1,0.29,3600,0,0.92,"Missing",0.974618535914012,3.6480270019995
2005,0,0.14,20200,0,0.86,"A",0.0016985296704013,-6.37629232811808
2005,0,0.22,15000,0,0.94,"C",0.0783555770962098,-2.46490234261894
2005,0,0.14,8000,0,0.74,"B",0.00452659518074332,-5.39324836658707
2005,0,0.17,2500,1,0.59,"C",0.0249540748354932,-3.66544744369927
2005,0,0.23,13100,0,0.71,"D",0.086104461842266,-2.36215504234649
2005,0,0.15,10000,0,0.16,"A",0.000127234289527057,-8.9693531292481
2005,1,0.29,2550,0,1,"Missing",0.919270945320516,2.43248236146693
2005,1,0.29,2500,0,0.85,"Missing",0.905409802433887,2.25883381069626
2005,0,0.1,9990,0,0.05,"AA",0.000186721388700201,-8.58570621328997
2005,0,0.12,5000,0,0,"AA",0.000221354229901665,-8.41552491067382
2005,1,0.29,5000,1,0,"Missing",0.493839178823487,-0.0246445319577413
2005,0,0.25,5000,0,0.2,"D",0.218861926066527,-1.27231086902024
2005,1,0.24,2550,0,0,"Missing",0.906177376262601,2.26782904825944
2005,0,0.15,20000,1,0.79,"B",0.0303716206455812,-3.46340424301786
2005,0,0.28,9900,0,0.33,"D",0.17242109556564,-1.56856474068264
2005,0,0.11,8000,0,0,"A",0.0163964281660012,-4.09415942537081
2005,0,0.28,6000,0,0.53,"D",0.156308810474408,-1.6859529336176
2005,0,0.25,9000,0,0.78,"D",0.0228193040829776,-3.75706473665991
2005,0,0.29,16900,0,0.04,"D",0.125547977428743,-1.94090945447
2005,0,0.09,3500,0,0,"AA",0.000357521389666151,-7.93595778107036
2005,0,0.13,8000,0,0.57,"A",0.00355816928295573,-5.63494459812534
2005,1,0.24,4100,1,0.91,"Missing",0.272300196178529,-0.982983485636477
2005,1,0.28,6215,1,0.91,"Missing",0.964374752559365,3.29842538226931
2005,0,0.23,8000,0,0,"D",0.114454220867155,-2.04602922922026
2005,1,0.29,6000,0,1.02,"Missing",0.906753918160852,2.27462905942705
2005,1,0.29,5000,1,0.94,"Missing",0.873059143613363,1.92828202085267
2005,1,0.23,1600,1,1.46,"Missing",0.774798728660901,1.23560874904302
2005,0,0.17,4000,1,0.76,"D",0.672821552895595,0.72097441091927
2005,0,0.08,2600,0,0,"A",0.000436745960702237,-7.73572201616611
2005,1,0.2,3000,0,0.98,"D",0.660347916556861,0.664845032719006
2005,1,0.15,1500,1,0.85,"D",0.176332596940966,-1.54139484431854
2005,0,0.18,25000,0,0.69,"B",0.015866964191221,-4.12752186296536
2005,1,0.25,3000,0,0.97,"Missing",0.969538753707934,3.46036518443973
2005,0,0.25,2500,0,1.01,"D",0.0899811577098737,-2.31386501547738
2005,0,0.2,8000,0,0.84,"D",0.215923041569273,-1.28958512162959
2005,0,0.23,6300,0,0.76,"D",0.00686377036436855,-4.97461093804936
2005,1,0.26,3001,1,1.01,"Missing",0.915719100717061,2.38555439997787
2005,0,0.1,4000,0,0.88,"A",0.000767330740495644,-7.17182501109077
2005,1,0.29,3000,0,0.94,"Missing",0.707970837109184,0.885549232126547
2005,0,0.17,9500,0,0.37,"C",0.0971135598805699,-2.22971577289562
2005,0,0.15,5100,0,0.19,"C",0.0148561384366548,-4.19437454028049
2005,1,0.26,1000,1,0,"Missing",0.978498569758351,3.81789986937912
2005,0,0.18,5000,0,0,"B",0.0263610929101834,-3.60915133325639
2005,0,0.08,1000,0,0.01,"AA",0.000741715046125255,-7.20580343317597
2005,1,0.1,7500,1,1.02,"D",0.0478033036982662,-2.99167687507644
2005,0,0.09,3500,0,0.1,"AA",0.000570621862735938,-7.4682130198444
2005,1,0.28,4750,1,0.14,"Missing",0.959390963566969,3.16230805610146
2005,1,0.29,7900,1,0.99,"Missing",0.991575108306013,4.76810407644788
2005,0,0.22,4000,1,1,"D",0.424951455582804,-0.302479522064677
2005,0,0.2,9999,0,0.9,"D",0.0529586791757335,-2.88383075434582
2005,0,0.1,4000,0,0.16,"A",0.00274926078052685,-5.89367016358094
2005,0,0.23,7000,0,0.52,"D",0.191623515356159,-1.43949530683337
2005,1,0.29,16000,1,0,"D",0.891782677253702,2.1090810146136
2005,0,0.29,2500,0,0,"Missing",0.411265431072661,-0.358736611356504
2005,1,0.29,7000,1,0,"Missing",0.825125708216422,1.55146836518895
2005,0,0.26,25000,0,0.69,"B",0.0139635933917021,-4.25723980696551
2005,0,0.21,3000,1,0.97,"D",0.238684690407025,-1.15990421400655
2005,1,0.29,2000,1,0.09,"Missing",0.976960115943559,3.74721902468192
2005,1,0.23,6001,0,0.61,"D",0.567816115265844,0.272946468792845
2005,0,0.15,9000,0,0.49,"B",0.00916759609749002,-4.68287029854896
2005,0,0.15,15000,0,0.63,"B",0.00186992864391988,-6.27998332803227
2005,0,0.13,10000,0,0.15,"A",0.000438181157778469,-7.73243985367651
2005,0,0.18,25000,0,0.69,"B",0.00150564470553651,-6.49702731740867
2005,1,0.29,9000,0,0.85,"Missing",0.951534642458966,2.97722682911174
2005,0,0.2,2000,1,0.98,"C",0.107469944686882,-2.11684896433899
2005,1,0.29,12000,1,0,"Missing",0.947500012355434,2.89301401574067
2005,1,0.29,6000,0,0.92,"Missing",0.907046474722346,2.27809404879886
2005,0,0.18,2000,0,0,"D",0.0259923896411855,-3.62361532805565
2005,0,0.12,12000,1,0,"AA",0.00952415117792556,-4.64435468116332
2005,0,0.2,13000,0,0.8,"D",0.040413790837981,-3.16733107532424
2005,0,0.17,2500,0,0.59,"C",0.0262709375621885,-3.61266980244095
2005,0,0.29,2000,0,0,"Missing",0.731059930042364,1.00000687351212
2005,0,0.19,6200,0,0,"C",0.0107178800574456,-4.52506616847147
2005,0,0.09,2500,0,0,"AA",0.000444779921099434,-7.71748607859492
2005,0,0.2,4000,0,0,"D",0.233625473095606,-1.18795169797159
2005,0,0.14,7000,0,0.55,"C",0.0152008474106246,-4.17108653738259
2005,1,0.17,1800,0,0.96,"Missing",0.96588108510789,3.34318880690803
2005,0,0.24,5250,0,0.57,"Missing",0.858503432845317,1.80291522258647
2005,0,0.25,9000,0,0.79,"D",0.0854485605326875,-2.37051915128969
2005,0,0.11,5000,1,0,"A",0.000780725563603134,-7.15450583042148
2005,0,0.15,1800,1,1.02,"D",0.0897529866494667,-2.3166547016731
2005,0,0.16,15000,0,0.46,"AA",0.00308132308800691,-5.77931012007043
2005,0,0.19,7400,1,0.87,"C",0.0636022358527861,-2.68939172325651
2005,0,0.11,3500,1,0.18,"A",0.000544528193126706,-7.51504616241877
2005,0,0.17,2550,0,0.25,"C",0.0676275294395069,-2.62371724099381
2005,1,0.29,4000,1,0.98,"Missing",0.98988177722127,4.58324748536239
2005,0,0.29,25000,0,0.95,"C",0.295957342117548,-0.866623618434526
2005,0,0.22,12150,0,0,"D",0.0558744837380041,-2.82715130614601
2005,0,0.25,3000,0,0.73,"D",0.0843735599379839,-2.3843543833228
2005,0,0.09,7000,0,0.17,"AA",0.000240578792362947,-8.332222295365
2005,0,0.24,7500,0,0,"C",0.199790148243235,-1.38760645105855
2005,0,0.15,15000,0,0.05,"AA",0.00129078966053652,-6.65120948449192
2005,1,0.29,5000,0,1.08,"Missing",0.790633079273977,1.32874567645062
2005,1,0.29,3550,0,0,"Missing",0.993424126755027,5.01775030725932
2005,0,0.29,20000,0,0.04,"C",0.0106534963834794,-4.53115649061602
2005,0,0.17,10000,0,0.62,"B",0.00104035531096,-6.86715208216624
2005,0,0.15,7700,0,0.38,"C",0.0118063748039397,-4.42723903224817
2005,1,0.29,3000,1,1.01,"Missing",0.97575370044958,3.6949461885886
2005,0,0.1,5000,0,0,"AA",0.000639389299008025,-7.35435746367301
2005,0,0.23,15000,0,0.77,"C",0.0694493442104473,-2.59517888738138
2005,0,0.07,1850,1,0.31,"AA",0.00139157470102897,-6.57592675078368
2005,0,0.11,6475,0,0.1,"AA",0.00425233787144991,-5.45602495511549
2005,1,0.24,3000,0,0.91,"Missing",0.592280556421264,0.373401135911418
2005,0,0.11,1500,0,0.2,"B",0.000684353609548022,-7.28635121301644
2005,0,0.24,9000,0,0.64,"D",0.0656617047564284,-2.65532269799493
2005,0,0.2,12200,0,0.35,"C",0.18247462431259,-1.49967082439349
2005,0,0.16,10000,0,0.11,"B",0.000444052534257474,-7.71912353097686
2005,0,0.24,7500,0,0,"C",0.175415019903462,-1.54772549677123
2005,0,0.1,1000,0,0.3,"AA",0.00146081770269729,-6.527297043965
2005,1,0.25,5000,0,0.2,"D",0.308206730883807,-0.808516404948024
2005,0,0.1,3900,0,0.53,"A",0.00380132619364524,-5.56859670521161
2005,0,0.26,9000,1,0.83,"Missing",0.961869764826335,3.22787152037151
2005,0,0.18,3000,1,0.95,"D",0.148196953460954,-1.74881317836528
2005,1,0.24,10000,1,0.73,"D",0.0120387823198846,-4.40751014507337
2005,1,0.16,2000,0,0.89,"C",0.0458342185250783,-3.03580648995563
2005,0,0.25,5000,0,0.9,"D",0.0965618226908778,-2.23602422904967
2005,0,0.25,10000,0,0.87,"Missing",0.659710925570938,0.662006272227113
2005,0,0.11,1500,0,0.07,"B",0.000371511403201258,-7.89755941882331
2005,0,0.24,6001,0,0.74,"D",0.0678250427267262,-2.62058903096395
2005,0,0.15,8500,0,0.22,"B",0.00195157341188111,-6.23716587365718
2005,1,0.24,3500,0,0.83,"Missing",0.914948966450694,2.375616818326
2005,0,0.2,1000,1,0.9,"D",0.134902029310501,-1.85829395525784
2005,1,0.24,6001,0,0.74,"D",0.240027724987562,-1.15252751491668
2005,0,0.18,10000,0,0.96,"C",0.205883171305769,-1.34992171150946
2005,0,0.11,25000,1,0.09,"AA",0.00447300971758084,-5.40521073847869
2005,0,0.24,4000,0,0.92,"D",0.0224870098837196,-3.77207377690776
2005,0,0.09,1000,0,0.18,"AA",0.000101768650651152,-9.19270667782649
2005,0,0.17,15000,0,0.52,"B",0.00136059636992048,-6.59847064523433
2005,0,0.2,7500,1,0.62,"C",0.102521009858181,-2.16952195897543
2005,0,0.23,21000,0,0,"B",0.00218640781639886,-6.12330654685254
2005,1,0.28,4500,0,0.47,"Missing",0.826423313095606,1.5604876266501
2005,0,0.28,15000,0,0.93,"B",0.0261097687555128,-3.61898907224081
2005,0,0.14,2500,1,0.71,"B",0.00520149347891839,-5.25359441880701
2005,0,0.29,15000,0,0,"AA",0.00371315372439676,-5.59215363838288
2005,0,0.14,4500,1,0.76,"B",0.00862210195297042,-4.74476689065712
2005,0,0.29,3800,0,0.73,"Missing",0.464161912323492,-0.143598599875728
2005,0,0.19,25000,0,0.72,"C",0.0142154654330618,-4.23910731898654
2005,0,0.22,10000,0,0.8,"D",0.0987743673973207,-2.21091751910433
2005,0,0.17,1500,0,0.67,"C",0.0861091934543782,-2.36209491443585
2005,0,0.2,25000,1,0.19,"C",0.0196317935502112,-3.91077785003661
2005,1,0.25,9500,0,0.64,"D",0.433758214182127,-0.266533901732688
2005,0,0.2,6000,0,0.02,"C",0.0252529774901251,-3.65323390406848
2005,0,0.14,2100,0,0.92,"C",0.00749309798859634,-4.88625163805645
2005,1,0.24,1800,0,1.18,"Missing",0.866030027553592,1.86630389319172
2005,0,0.24,9000,0,0.64,"D",0.138699943161223,-1.82613002426279
2005,1,0.24,3000,0,0,"Missing",0.843761242310432,1.68648423107658
2005,1,0.24,8000,1,0.93,"Missing",0.933311935459523,2.63871348645117
2005,0,0.16,25000,0,0.92,"A",0.000967879460699104,-6.93943465435416
2005,1,0.29,12000,0,0.63,"D",0.419090231522815,-0.326509194531003
2005,1,0.29,6000,0,0.59,"Missing",0.900715324237647,2.20519801583556
2005,0,0.2,9000,0,0.94,"D",0.00479435431796068,-5.33551035297216
2005,0,0.23,14000,1,0.83,"C",0.196554775922434,-1.40796786086317
2005,0,0.15,3000,0,0.08,"AA",0.000490801000987034,-7.61898088414549
2005,0,0.17,20000,0,0.56,"B",0.002905104960444,-5.8383764254008
2005,1,0.29,6500,0,0.89,"Missing",0.916683712328369,2.398118436756
2005,0,0.15,4000,0,0,"C",0.0145671501508884,-4.21431198209802
2005,0,0.22,18200,1,0.8,"C",0.521522313929647,0.086142484777918
2005,0,0.15,10000,0,0.49,"A",0.000702713133294204,-7.25985885002909
2005,0,0.08,4000,0,0.13,"AA",0.000117419165715395,-9.04964298642564
2005,0,0.15,9500,0,0.39,"B",0.000367357336339145,-7.9088080902898
2005,0,0.19,9000,1,0.98,"C",0.00248038464585149,-5.99685816580218
2005,0,0.15,1200,0,0.9,"D",0.0660890669450181,-2.64837774148913
2005,0,0.19,21200,1,0.47,"B",0.000248057463469134,-8.3016020428677
2005,0,0.29,8500,1,0.93,"B",0.0196717905304804,-3.90870176646524
2005,0,0.19,6000,0,0.49,"C",0.00772243883489083,-4.85587264230736
2005,0,0.13,2550,0,0.27,"A",0.000836986849028124,-7.08486486231345
2005,0,0.15,1250,0,0.74,"C",0.0172310383663327,-4.0436617448328
2005,0,0.27,4700,0,0,"D",0.0655361070107103,-2.65737174553398
2005,1,0.29,25000,1,0.97,"D",0.50341188709024,0.0136477601945435
2005,1,0.25,4000,0,0.02,"Missing",0.667258251278796,0.695810494569812
2005,1,0.28,5000,0,0.95,"C",0.0175949913415253,-4.02238937709518
2005,0,0.25,8500,0,0.87,"C",0.518524593303861,0.0741323046839995
2005,0,0.11,5000,0,0.18,"A",0.000142057231128208,-8.8591384781239
2005,0,0.2,7500,1,0.52,"D",0.249688254410547,-1.10027562357829
2005,0,0.29,1200,1,1,"Missing",0.634717599683032,0.55250942113476
2005,0,0.16,11204,0,0.73,"B",0.00152160016564749,-6.48646999833431
2005,0,0.23,15000,0,0.96,"C",0.099139040661379,-2.20682761160034
2005,0,0.2,2550,0,0,"AA",0.00846527301072814,-4.76328170527034
2005,0,0.12,10000,0,0.85,"A",0.00969387815787707,-4.62651954078772
2005,0,0.14,2100,0,0.92,"C",0.0072810925931278,-4.91516661743913
2005,1,0.19,6600,0,0.27,"C",0.111253683925686,-2.07799880160796
2005,0,0.19,16000,0,0.99,"C",0.00698729248579199,-4.95665032093579
2005,0,0.27,7000,0,0.71,"C",0.0501377067988295,-2.94154366384107
2005,0,0.2,8500,0,0.48,"B",0.00404221402414982,-5.50691230548658
2005,0,0.09,3500,0,0.1,"AA",0.000166456831269419,-8.70060808312888
2005,0,0.14,2500,1,0.71,"B",0.000672403978797707,-7.30397860899587
2005,0,0.22,20000,1,0.89,"C",0.0171849265103974,-4.04638834390848
2005,0,0.15,3000,0,0.73,"D",0.107027924322444,-2.12146553475971
2005,0,0.26,12000,0,0.59,"D",0.187599728894658,-1.4656825719687
2005,0,0.24,3500,0,0,"C",0.0765985702755804,-2.4894856466352
2005,1,0.25,4800,0,0.85,"Missing",0.965366110951549,3.32767476399541
2005,0,0.15,9500,0,0.36,"A",0.000734983882169015,-7.21492673389839
2005,1,0.18,3001,0,1,"Missing",0.95582088261704,3.07431831417644
2005,1,0.29,6000,0,0,"Missing",0.755008359060018,1.12550472944005
2005,0,0.21,10000,0,0.72,"A",0.00883312872531679,-4.7203736260259
2005,1,0.17,12000,0,0.91,"D",0.057410315400078,-2.79840707288708
2005,1,0.29,4000,1,1.14,"Missing",0.985592010252348,4.22545958996534
2005,1,0.29,2501,0,1.22,"Missing",0.651495156267759,0.62561783289334
2005,0,0.19,6001,0,0.52,"C",0.0169932557221863,-4.05779943792017
2005,0,0.25,15000,0,0.45,"C",0.128375913419063,-1.91539545412663
2005,0,0.24,4500,0,0.72,"D",0.15186672794717,-1.72003443746315
2005,0,0.19,10300,0,0.38,"B",0.00910386226740322,-4.68991097485109
2005,1,0.26,1000,1,0,"Missing",0.930323304140115,2.59166625194848
2005,1,0.26,1000,0,0,"Missing",0.961639871329503,3.22162142215253
2005,0,0.18,2700,1,0.74,"C",0.0102512885591492,-4.57004767331082
2005,0,0.15,20000,1,0.79,"B",0.00123354414133289,-6.69662953161795
2005,1,0.24,3000,0,0,"Missing",0.523175924574113,0.0927701751232519
2005,0,0.2,5000,1,0.72,"A",0.00507025462031967,-5.27928108969473
2005,0,0.15,25000,0,0.04,"A",0.000888011576892953,-7.02563737192272
2005,0,0.23,8000,1,0.74,"D",0.192128625022364,-1.43623778674331
2005,1,0.29,18000,0,0.93,"D",0.61837823858386,0.482670342063153
2005,0,0.24,3000,0,0,"Missing",0.83397854732308,1.61409066639354
2005,1,0.29,5000,0,0.89,"Missing",0.914454233187602,2.36927590377232
2005,0,0.29,4000,1,0.16,"Missing",0.359325538884715,-0.57829269579089
2005,0,0.2,9000,1,1.01,"D",0.303956267642442,-0.828528657588966
2005,0,0.26,10000,0,0.46,"D",0.197485787327302,-1.40208294649093
2005,0,0.09,5400,0,0.18,"AA",5.4403154879781e-05,-9.81903400703556
2005,0,0.2,1500,0,0,"D",0.0225860659708981,-3.76757707478121
2005,0,0.17,6500,0,0.45,"B",0.000991505387974397,-6.9152941785998
2005,0,0.15,9999,0,0.57,"B",0.00296116151507696,-5.8192081294461
2005,0,0.09,2000,0,0.13,"AA",0.00237030629228425,-6.04236297501955
2005,0,0.13,2550,0,0.53,"B",0.000232700374558993,-8.36552615058203
2005,0,0.14,4500,0,0,"AA",0.00116828122170968,-6.75105268735112
2005,1,0.26,2550,0,0.88,"Missing",0.670855110661634,0.71205513624927
2005,1,0.26,6500,0,0.53,"Missing",0.929421620984827,2.57783862840747
2005,0,0.2,20000,1,1,"C",0.00472896861030786,-5.34930796748489
2005,1,0.15,19500,0,0.59,"AA",0.000419879189082024,-7.7751235657444
2005,1,0.29,13500,0,0.78,"D",0.526950290407558,0.107905741244375
2005,0,0.14,2500,1,0.71,"B",0.00396208516569643,-5.52701488028483
2005,1,0.2,3500,0,0,"Missing",0.851660187423019,1.74768193337985
2005,0,0.29,2525,0,0,"D",0.759665626578243,1.15084719514018
2005,0,0.21,6000,0,0.89,"C",0.0108701456085932,-4.51080552518249
2005,0,0.15,12000,0,0.45,"AA",0.000524963873573383,-7.55165600826614
2005,0,0.1,1000,0,0.56,"A",0.000717689467004525,-7.23875563254875
2005,0,0.23,8000,1,0,"C",0.214482140045034,-1.2981167227818
2005,0,0.25,8000,1,0.48,"D",0.323192526643152,-0.739138647055423
2005,0,0.07,1000,0,0.02,"AA",0.00011520711952352,-9.06866379643629
2005,0,0.15,9999,0,0.83,"C",0.0118569645454225,-4.42291203970627
2005,0,0.17,5000,1,0.98,"B",0.00644454472871986,-5.03805588408075
2005,0,0.17,7100,0,0.95,"D",0.0133495708126863,-4.3028315661428
2005,1,0.29,2000,1,0,"Missing",0.928752505296435,2.5676826370458
2005,1,0.29,5824,0,0,"Missing",0.74175583874126,1.05511463184372
2005,0,0.12,15000,0,0.55,"A",0.000831656934801084,-7.09125853720392
2005,1,0.28,2550,0,0.74,"Missing",0.966622731549407,3.36593319318451
2005,0,0.29,10000,0,0.98,"C",0.234907923658278,-1.18080256466989
2005,0,0.23,8500,0,1,"D",0.207295690781415,-1.34130404408505
2005,0,0.15,5000,0,0,"C",0.0182418991937193,-3.9856238431298
2005,0,0.15,4200,0,0.3,"C",0.00589494363277663,-5.12774791950834
2005,0,0.1,7500,0,0.2,"AA",0.000106347925160111,-9.14868817247075
2005,0,0.15,5500,1,0,"C",0.0270247905228953,-3.58360399115961
2005,0,0.26,7300,0,0,"C",0.0732496346418175,-2.53781097620701
2005,1,0.29,5000,1,1.02,"Missing",0.986014952730398,4.25568281285884
2005,0,0.11,15000,0,0.01,"AA",0.011821119867603,-4.42597598318328
2005,0,0.2,8000,0,0.92,"D",0.116710670361108,-2.02395484434148
2005,0,0.24,7500,0,0,"C",0.156270514839066,-1.68624335303971
2005,0,0.24,3500,0,0.94,"Missing",0.893162149665305,2.12345587534289
2005,0,0.1,6000,0,0.02,"AA",0.00429757217970795,-5.44539819181869
2005,0,0.17,25000,0,0.89,"B",0.000492528215155213,-7.61546615979085
2005,0,0.29,13200,0,0.98,"D",0.174662907586392,-1.5529340257773
2005,0,0.09,1025,1,0.76,"D",0.0441605259539229,-3.07475867268811
2005,0,0.15,15152,0,0.85,"B",0.00187435510120646,-6.27761451084317
2005,0,0.17,1000,1,0.59,"D",0.690221810711826,0.801156487783847
2005,0,0.17,8000,0,0.8,"C",0.0513823663857214,-2.91571075518968
2005,0,0.19,6000,1,0.61,"D",0.0544385224064015,-2.85470687151153
2005,0,0.15,9500,0,0.37,"C",0.0106749239528925,-4.52912553403227
2005,0,0.2,5000,0,0.43,"D",0.0277573524136741,-3.55610465379768
2005,0,0.14,11500,1,0.36,"A",0.0336272489861226,-3.35821291036738
2005,0,0.12,22000,0,0.37,"AA",0.00738447457108888,-4.9009636388785
2005,1,0.29,3000,1,0.82,"Missing",0.965199196527769,3.32269402651295
2005,0,0.09,5400,0,0.18,"AA",1.76211175615823e-05,-10.9463948924523
2005,0,0.15,9999,0,0.57,"B",0.00146023993054952,-6.52769321365084
2005,0,0.2,3500,0,0.51,"D",0.0712922202781402,-2.56700692679049
2005,0,0.18,12000,0,0.54,"B",0.00991733784385346,-4.60350391400402
2005,0,0.2,7000,0,0.28,"C",0.00780680738201063,-4.84492174458468
2005,0,0.18,10000,0,0.66,"B",0.000861096220693265,-7.05644283802374
2005,0,0.12,5900,1,0.31,"A",0.00127140765519295,-6.66635838582688
2005,1,0.27,7500,0,0.91,"Missing",0.923631389445399,2.49274130774403
2005,0,0.23,25000,0,0,"B",0.0907153076446209,-2.30493212290533
2005,0,0.18,9999,0,0.92,"D",0.00649582396868791,-5.03007876126021
2005,0,0.11,8000,0,0.06,"A",0.000728501966858593,-7.22379146500477
2005,0,0.11,6475,0,0.1,"AA",0.000680469910868816,-7.29204625152513
2005,0,0.29,2550,0,0.95,"Missing",0.273100074095894,-0.978950514762718
2005,0,0.29,3000,0,0.98,"Missing",0.50768737289636,0.0307519148128605
2005,0,0.28,2550,0,0.94,"Missing",0.405254480173398,-0.3836184003995
2005,0,0.12,4000,0,0.28,"AA",0.000499732559806618,-7.60093762556065
2005,1,0.29,4000,0,1.21,"Missing",0.875701929299679,1.95234329259774
2005,0,0.07,3000,0,0.87,"C",0.00934664835397304,-4.66334686239323
2005,1,0.2,1500,0,0.41,"Missing",0.810685483388822,1.45447042454747
2005,0,0.13,10800,1,0.68,"A",0.000303825516903043,-8.0987531072093
2005,1,0.29,10000,0,1.13,"Missing",0.972589164963862,3.56902338312419
2005,0,0.13,10000,0,0.15,"A",0.00088336004702572,-7.03089393575405
2005,1,0.29,3550,0,0,"Missing",0.933150739359193,2.63612650844121
2005,0,0.19,8750,0,0.73,"D",0.0646122641818614,-2.67255689325671
2005,0,0.21,25000,0,0.99,"C",0.0302400492510345,-3.46788138743437
2005,1,0.28,1900,0,1.2,"Missing",0.937569224476218,2.70923224326989
2005,0,0.23,4500,1,0,"D",0.165916034280316,-1.61485223281277
2005,0,0.21,15000,0,0.24,"C",0.00517886866274976,-5.25797632595522
2005,1,0.19,1000,1,0,"Missing",0.563494832163103,0.255357948006756
2005,0,0.19,18000,0,0.76,"C",0.0178680085165055,-4.00671383007718
2005,0,0.07,2550,0,0.44,"AA",0.00472442794681971,-5.35027317149043
2005,0,0.14,3000,0,0.85,"C",0.0345752546381496,-3.32942991280597
2005,0,0.18,1000,1,0,"C",0.0232839803283158,-3.73643035960267
2005,0,0.12,5000,0,0,"AA",0.000150452104112183,-8.80171530610467
2005,0,0.15,1100,0,0,"Missing",0.317411237388977,-0.765694361742691
2005,1,0.24,3000,0,1.62,"Missing",0.913859283312954,2.36169440299611
2005,1,0.29,1000,1,0.42,"Missing",0.987809824762555,4.39485987526402
2005,1,0.24,3000,0,0.56,"Missing",0.422586287928641,-0.312165357177046
2005,0,0.21,1000,0,0.42,"D",0.126049428095386,-1.93634970367285
2005,0,0.23,10000,0,0.67,"D",0.179018662353197,-1.52301031858522
2005,0,0.23,6000,0,0,"C",0.399052036995801,-0.409416519845013
2005,1,0.25,1500,1,0.97,"Missing",0.880775814439836,1.99979749335807
2005,0,0.11,5000,0,0.12,"A",6.33739032234151e-05,-9.66639502643065
2005,0,0.14,5000,0,0.68,"B",0.00133471592155626,-6.61770119516705
2005,0,0.12,8000,0,0.61,"A",0.00210452171854874,-6.16156031041895
2005,0,0.17,5000,1,0.08,"C",0.0647393302726413,-2.67045637801866
2005,0,0.29,25000,1,0.93,"C",0.110264983078939,-2.0880372785621
2005,0,0.29,5100,0,0.66,"Missing",0.545169334655587,0.181171266591764
2005,1,0.22,2500,1,0.63,"D",0.236140519153217,-1.1739567986828
2005,0,0.14,22000,0,0.77,"B",0.000905289630861433,-7.00634993171031
2005,0,0.2,3000,0,0.62,"C",0.0772636324814858,-2.48012019558629
2005,1,0.29,6000,1,0.79,"Missing",0.998991704805542,6.89848549669468
2005,0,0.18,4500,1,0.71,"C",0.0219246577275299,-3.7979747770787
2005,0,0.15,5000,0,0.17,"B",0.00123395476418638,-6.69629629532927
2005,0,0.1,3900,0,0.53,"A",0.00298135024572164,-5.81239317517029
2005,1,0.29,2100,0,0,"Missing",0.755227401026148,1.12668928523458
2005,1,0.29,3000,1,0.75,"Missing",0.970331946990939,3.4875674157338
2005,0,0.09,1000,0,0.6,"A",0.00235158030010805,-6.05031335909295
2005,1,0.23,2600,0,0.5,"Missing",0.812494798769149,1.46630292774492
2005,0,0.2,7000,0,0.28,"C",0.0145441490224425,-4.21591554328693
2005,0,0.11,1500,0,0.07,"B",0.000210687855038373,-8.46492216977649
2005,0,0.14,9000,1,0.54,"B",0.00024795864265366,-8.30200059980969
2005,0,0.1,7000,0,0.51,"AA",2.06231875136169e-05,-10.7890738843325
2005,0,0.29,3500,1,0.95,"Missing",0.963089834727833,3.26165969903005
2005,1,0.24,1000,0,0,"Missing",0.873802533086281,1.93500653753795
2005,0,0.1,3000,0,0.05,"AA",0.000914567573751745,-6.9961442153447
2005,1,0.29,3550,0,0,"Missing",0.911518752629635,2.33232153183926
2005,0,0.15,4999,0,0.89,"C",0.00813589749956412,-4.80330004416837
2005,0,0.17,6000,0,0.82,"C",0.026600177880328,-3.59987701166242
2005,0,0.24,25000,0,0.42,"C",0.15310740573768,-1.71043420597258
2005,0,0.24,1500,0,0,"Missing",0.480619895877795,-0.0775592725494625
2005,0,0.15,10000,0,0.08,"B",0.00146964411588617,-6.52126428043653
2005,0,0.13,5000,0,0.32,"B",0.0115826831843759,-4.44659384020925
2005,0,0.2,1800,0,0.61,"Missing",0.835373901531323,1.62420257829757
2005,0,0.17,2400,0,0.86,"D",0.0496697576892386,-2.95141329697795
2005,1,0.29,3500,0,0.88,"Missing",0.813900500964029,1.4755566521065
2005,1,0.28,11000,0,0.9,"Missing",0.972084840876052,3.55027320645453
2005,0,0.29,2550,0,0.43,"Missing",0.941247430241671,2.77387115632046
2005,0,0.15,3500,0,0.3,"C",0.00573525224852453,-5.15537178335558
2005,0,0.09,1025,1,0.76,"D",0.0111628916709795,-4.48393458095643
2005,1,0.25,5000,1,1.1,"Missing",0.939955399289501,2.75074479532111
2005,1,0.29,1500,1,1.29,"Missing",0.994537239836003,5.20432335681681
2005,0,0.29,3500,0,0,"Missing",0.877642013164085,1.97028771425761
2005,1,0.2,2500,0,0.78,"Missing",0.979720203656858,3.8776418880061
2005,0,0.29,1500,0,0.84,"Missing",0.627977760320664,0.523551115768611
2005,0,0.21,9800,0,0.7,"D",0.0885534410471223,-2.33142673920958
2005,0,0.08,3500,0,0.46,"AA",0.000137631072145621,-8.89079620240145
2005,0,0.24,3500,0,0,"C",0.0305637001084836,-3.45690173462369
2005,1,0.26,2200,0,0.97,"Missing",0.96892920310434,3.43992317593786
2005,1,0.19,3000,0,0.97,"C",0.0136816512156543,-4.27792356363221
2005,0,0.2,13000,0,0.8,"D",0.0644361855609456,-2.67547399474349
2005,0,0.12,9000,0,0.12,"A",0.000686350643801749,-7.28343533196887
2005,1,0.29,5000,0,0.83,"Missing",0.872669961415506,1.92477498867703
2005,0,0.24,9000,0,0.64,"D",0.479204170805377,-0.0832313319560547
2005,1,0.23,4000,0,1.01,"Missing",0.619589111346297,0.487804580223092
2005,0,0.17,4800,0,0.88,"C",0.00194334372945034,-6.24139998319891
2005,0,0.19,25000,0,0.72,"A",0.00186916037885119,-6.28039503477198
2005,0,0.15,1000,0,0,"Missing",0.726729977548133,0.978094588801255
2005,1,0.23,4400,1,0,"Missing",0.990418355849407,4.63827823503985
2005,0,0.22,7000,0,0.75,"C",0.00802234552719235,-4.81746974242803
2005,0,0.19,13000,1,0.89,"C",0.0796440185067965,-2.4471935952874
2005,0,0.15,3000,1,0,"C",0.0970328910244839,-2.23063612483028
2005,0,0.17,10000,0,0.62,"B",0.00452618864979454,-5.3933385884331
2005,0,0.09,2000,0,0,"AA",0.000902214226941196,-7.00975594248156
2005,1,0.29,3000,1,0.98,"Missing",0.928978392465901,2.57110131741806
2005,0,0.09,1000,0,0.6,"A",0.00110258778106716,-6.80899213771906
2005,0,0.12,4000,0,0.43,"B",0.000961534282054651,-6.94601834195534
2005,0,0.13,2500,1,0.77,"B",0.00135476059159066,-6.60277484632468
2005,1,0.15,2000,1,0.49,"D",0.100255337867964,-2.19439070399428
2005,1,0.29,3000,0,0,"Missing",0.758652025980432,1.14530344077062
2005,1,0.29,2550,0,0.95,"Missing",0.90656169761997,2.27235773834273
2005,1,0.29,2550,0,0.9,"Missing",0.967989697044975,3.40916362534745
2005,0,0.12,2500,0,0,"B",4.82215836964376e-05,-9.93965561985948
2005,0,0.1,3000,1,0.32,"A",0.00635811781027761,-5.05164447048076
2005,0,0.13,25000,1,0.11,"AA",0.00100699668703548,-6.89977545113726
2005,1,0.2,9000,0,0.94,"D",0.128325265849596,-1.91584816289352
2005,0,0.25,5000,0,0.52,"C",0.292160301115287,-0.884915025995487
2005,0,0.24,1500,0,0.99,"Missing",0.546510275006559,0.186580496743016
2005,1,0.28,6215,1,0.91,"Missing",0.756357830308107,1.13281395346457
2005,0,0.26,6000,1,0,"Missing",0.712998874008628,0.909993702115702
2005,0,0.29,22000,0,0.83,"D",0.0184408738531844,-3.97457264649305
2005,0,0.18,4500,1,0.71,"C",0.0647881716530332,-2.66965000753306
2005,1,0.15,3000,0,0.73,"D",0.119966894307579,-1.99274370291988
2005,1,0.28,11000,0,0.9,"Missing",0.845516569213363,1.69986091860001
2005,0,0.16,3000,1,0.96,"C",0.015258295651712,-4.16725604538308
2005,0,0.15,18000,0,0.37,"B",0.000592536408295507,-7.43050552621549
2005,0,0.17,1000,1,0.14,"D",0.0309536910511751,-3.44382015066244
2005,1,0.29,2100,0,0,"Missing",0.884818307631716,2.03887150660111
2005,0,0.14,2400,0,0.94,"B",0.00196357253229347,-6.23102424145299
2005,1,0.23,1000,1,0.93,"Missing",0.699924157539979,0.84693673189639
2005,0,0.1,15000,0,0.21,"AA",0.000123871973859206,-8.99613811495313
2005,0,0.26,2600,0,0.73,"D",0.792671704102296,1.34110563614899
2005,0,0.16,5000,1,0.69,"C",0.0630677498287768,-2.69840143190049
2005,0,0.17,25000,0,0.67,"A",0.000634349550532342,-7.36227586309095
2005,0,0.26,3000,0,1.17,"Missing",0.913955426677287,2.36291634651801
2005,0,0.15,19300,0,0.39,"A",0.00719829181893957,-4.92668720395318
2005,0,0.17,1000,1,0.14,"D",0.0928750636211744,-2.27902499940628
2005,0,0.2,3500,0,1,"D",0.0368723277936161,-3.26272463516687
2005,0,0.1,6000,0,0.51,"AA",0.0187706341386877,-3.95651260573319
2005,0,0.15,2600,0,0.68,"C",0.0166430757933083,-4.07897788943716
2005,0,0.15,2500,0,1.01,"D",0.0525703124794908,-2.8916011669028
2005,1,0.29,2000,1,0,"Missing",0.896929694378191,2.16356614613625
2005,0,0.19,2100,0,0.86,"D",0.0298918233327214,-3.47982261175205
2005,0,0.16,11204,0,0.73,"B",0.00189385835155872,-6.26724342103005
2005,1,0.24,2500,1,1,"D",0.273798304820253,-0.975436071764193
2005,1,0.29,2000,0,0,"Missing",0.973013843194465,3.58507428580019
2005,0,0.27,7500,0,0.73,"C",0.303344133176002,-0.831423639918166
2005,0,0.1,4000,0,0.88,"A",0.000582505865303258,-7.44758862779721
2005,0,0.21,7500,1,1.02,"C",0.0346807611973131,-3.32627376319881
2005,1,0.24,1500,0,0.99,"Missing",0.692965021384327,0.814017845767394
2005,0,0.15,1000,0,0.27,"A",0.00488138662478652,-5.3174326155489
2005,0,0.08,4000,0,0.13,"AA",0.000540479112399924,-7.52251394136637
2005,1,0.2,1300,0,0,"Missing",0.193265716189193,-1.42892834002693
2005,1,0.29,7100,1,1.12,"Missing",0.812467910891166,1.46612644645504
2005,0,0.29,7500,0,0.35,"Missing",0.963866680763663,3.28373757688442
2005,1,0.29,2600,0,0.98,"Missing",0.975043494810598,3.66534756281725
2005,0,0.1,1000,0,0.24,"AA",0.00134368411788496,-6.6109955081701
2005,1,0.27,10095,0,0.9,"Missing",0.893606884135011,2.12812507724959
2005,0,0.2,6500,1,0.92,"D",0.272686743814249,-0.981033595771819
2005,1,0.29,3000,1,0.92,"Missing",0.990538591754435,4.65102759211973
2005,1,0.23,1600,1,1.46,"Missing",0.750101923672697,1.09915595548591
2005,1,0.24,15000,1,0.81,"D",0.130547579390667,-1.89612585854703
2005,1,0.29,3000,0,1.01,"Missing",0.960259166702961,3.18482400771688
2005,0,0.13,10000,0,0.51,"A",0.000378828966267556,-7.87804683033647
2005,0,0.23,6001,0,0.88,"D",0.0665501098183476,-2.64093208703276
2005,0,0.21,1000,0,0.42,"D",0.0963356002932088,-2.23862012058053
2005,0,0.15,1000,0,0,"D",0.146518119381138,-1.76217520991409
2005,1,0.29,3000,0,0.91,"Missing",0.948901364917279,2.92154707125629
2005,0,0.21,15000,0,0.24,"C",0.116545208312106,-2.02556086897056
2005,0,0.09,5000,0,0,"A",0.0051283281966185,-5.26783403730788
2005,1,0.29,3000,1,0.67,"Missing",0.906025646679388,2.26604570520703
2005,0,0.15,4000,0,0.64,"B",0.000269233145236889,-8.21966357342667
2005,0,0.09,1000,0,0.18,"AA",8.64305447952304e-05,-9.35608298262776
2005,0,0.1,3900,0,0.41,"AA",0.000135437799991019,-8.9068626167201
2005,1,0.29,5000,0,0.92,"Missing",0.938933451759717,2.732780381028
2005,1,0.28,3500,0,0,"Missing",0.819123944398335,1.51042338764614
2005,0,0.1,4000,0,0.51,"AA",0.000960158803756479,-6.94745124655171
2005,0,0.14,2690,1,0.69,"C",0.0126115359241057,-4.36045159799515
2005,0,0.14,18500,0,0.45,"A",0.000284022076652052,-8.16617452571537
2005,0,0.11,1550,0,0.95,"D",0.0393048714641153,-3.19630864763524
2005,0,0.29,12000,0,0.91,"D",0.134472432082834,-1.86198001401528
2005,0,0.11,18000,0,0.46,"AA",8.37606677454931e-05,-9.38746325512929
2005,0,0.2,7500,0,0.99,"D",0.0989086197483186,-2.20941028235646
2005,1,0.29,3600,0,0.3,"Missing",0.986974056905137,4.32770076275723
2005,1,0.29,3000,0,1.01,"Missing",0.97293674210342,3.58214205603117
2005,1,0.2,1500,0,0.8,"D",0.120842440004013,-1.98447658242693
2005,0,0.1,5000,0,0.09,"AA",0.00246821266756335,-6.00178974292414
2005,1,0.29,6000,0,0,"Missing",0.904396844539221,2.24706242496303
2005,0,0.21,6000,0,0.76,"D",0.0812084133228093,-2.42604045976308
2005,0,0.08,1000,0,0.01,"AA",0.000179805878451168,-8.62345292002659
2005,0,0.11,10000,0,0.17,"AA",0.00113586892311707,-6.7792208354094
2005,0,0.11,5000,0,0.05,"A",0.000866255872812704,-7.05046359661213
2005,1,0.22,2500,1,0.63,"D",0.663562551680193,0.67921088194564
2005,0,0.2,5000,0,0.7,"D",0.353113532393162,-0.605381177263432
2005,1,0.22,20000,1,0.77,"B",0.00747966423066454,-4.88805959976132
2005,0,0.11,2500,1,0,"B",0.00221198843993552,-6.1116489829046
2005,1,0.29,4500,1,0.6,"Missing",0.99129705950119,4.73535328980452
2005,0,0.27,4700,0,0,"D",0.128063439213286,-1.91819090987613
2005,1,0.28,2500,1,1.04,"Missing",0.878313460830058,1.97655515959055
2005,0,0.09,6100,0,0.48,"A",0.00124943875442128,-6.6838106050062
2005,0,0.14,5000,0,0,"B",0.00998705587400249,-4.59642817599923
2005,0,0.21,3000,0,0.04,"C",0.0479099020764296,-2.98933746400301
2005,1,0.29,2100,0,0,"Missing",0.698052004674405,0.838038803613219
2005,1,0.29,3600,0,0.3,"Missing",0.959127590646329,3.15556886406386
2005,0,0.08,2600,0,0,"A",0.00134526952266654,-6.60981472219373
2005,0,0.25,15000,0,0.11,"D",0.193336986994418,-1.42847128819966
2005,0,0.13,20000,0,0.13,"AA",0.0002501747659497,-8.29310061446963
2005,0,0.24,5000,1,0.47,"C",0.0470876970341021,-3.00751111991426
2005,0,0.24,5000,0,0.7,"B",0.038161052831957,-3.22703158592862
2005,0,0.29,2501,1,0,"Missing",0.891631069525837,2.10751101915763
2005,0,0.12,4000,0,0.28,"AA",0.00313653059989212,-5.7614965345901
2005,0,0.08,5000,0,0.13,"AA",0.00266094354297017,-5.92641001353667
2005,1,0.24,3000,0,0.97,"Missing",0.882317324761008,2.01455996074164
2005,1,0.29,2000,1,0,"Missing",0.603040262323593,0.418149105408735
2005,0,0.17,6750,1,0.73,"C",0.0076497908281489,-4.86539777368361
2005,0,0.17,5000,1,0.08,"C",0.00985419195413724,-4.60995526938716
2005,1,0.26,25000,1,0.09,"B",0.0120724648818172,-4.40468212021496
2005,0,0.14,8000,0,0.53,"B",0.00621208616627776,-5.07502704139627
2005,1,0.24,2550,1,0.93,"Missing",0.98031806062642,3.90817563849443
2005,0,0.25,9500,0,0.64,"D",0.0472208930933333,-3.00454664476777
2005,0,0.18,4800,0,0.89,"C",0.0627924536564994,-2.70306985706256
2005,1,0.24,2000,0,1.02,"Missing",0.936294740175668,2.68766318927936
2005,0,0.15,9000,0,0.3,"B",0.00033122645308118,-8.01237698690777
2005,0,0.25,5000,0,0.9,"D",0.331927835283285,-0.699478617029728
2005,0,0.23,6001,0,0.24,"D",0.385184841147204,-0.467598341970791
2005,0,0.17,6500,0,0.79,"C",0.0308280217130901,-3.44801800406962
2005,0,0.14,2500,0,0,"C",0.0496497970136181,-2.95183624925124
2005,1,0.29,3500,0,1.24,"Missing",0.729824575553238,0.993732729607862
2005,0,0.29,12000,1,0.97,"D",0.0817967171558264,-2.41818169687877
2005,0,0.07,1000,0,0,"AA",0.0017916272708371,-6.3228377480937
2005,0,0.28,23500,0,0.89,"D",0.149529369434982,-1.73829705466928
2005,0,0.15,3200,0,0.7,"C",0.00256592435277407,-5.96286727184687
2005,0,0.19,9000,0,0.76,"C",0.0272322847050282,-3.57574211612564
2005,0,0.17,15000,1,0,"A",0.0338619020762051,-3.35101623265543
2005,1,0.24,1500,0,0,"Missing",0.812208353641817,1.46442381620323
2005,0,0.17,2400,0,0.77,"D",0.0461729214677571,-3.02808888478026
2005,1,0.29,3700,0,0.58,"D",0.368459501132337,-0.538831267315558
2005,0,0.25,9000,0,0.79,"D",0.0635823190792335,-2.68972618744442
2005,1,0.29,5000,0,0.78,"Missing",0.968431215119025,3.42350864609385
2005,0,0.15,9999,0,0.57,"B",0.0042882896632247,-5.4475697946886
2005,1,0.24,4000,0,0.92,"D",0.441804212034596,-0.233842950584678
2005,1,0.23,2400,0,0.91,"Missing",0.614945664744529,0.468149459031031
2005,0,0.14,3500,0,0.94,"C",0.00182444180657846,-6.3046550900137
2005,0,0.15,15000,0,0.16,"AA",0.00419473705158734,-5.46972106277115
2005,0,0.17,9500,0,0.95,"AA",0.00630303833248392,-5.06040050049958
2005,0,0.22,5000,1,0,"D",0.482806702683216,-0.0688003151895151
2005,0,0.14,2500,0,0.24,"C",0.0221514687565643,-3.78745097816688
2005,1,0.29,10000,0,0.93,"D",0.79740274189642,1.37013981531014
2005,0,0.12,4000,0,0.04,"AA",0.00195957173300147,-6.23306783898019
2005,0,0.19,24000,1,0.18,"B",0.00280816792025729,-5.8724108757242
2005,0,0.24,5000,1,0.47,"C",0.0333272596242472,-3.36748434098914
2005,0,0.12,2500,0,0,"B",0.000706355696981825,-7.25468502197448
2005,0,0.2,2000,0,0.01,"D",0.12067688396453,-1.9860358318611
2005,1,0.29,5900,0,0.88,"Missing",0.743763993615328,1.06562485189689
2005,1,0.29,5300,0,0.83,"Missing",0.964379481964594,3.2985630494979
2005,0,0.29,2600,0,0.98,"Missing",0.612604791638174,0.458274633987181
2005,0,0.23,15000,0,0.86,"C",0.147844655120977,-1.75160674492112
2005,0,0.16,10000,0,0.11,"B",0.00272460676224437,-5.90270284345443
2005,0,0.09,3500,0,0.1,"AA",0.000959425983443392,-6.94821549972215
2005,1,0.29,2875,1,1,"Missing",0.965201014632905,3.3227481547281
2005,0,0.23,21000,0,0,"B",0.00370026001232118,-5.59564506529141
2005,0,0.23,13100,0,0.71,"D",0.419042511829356,-0.326705209084028
2005,0,0.07,1000,0,0.02,"AA",5.81355465306415e-05,-9.75267512759111
2005,0,0.1,6500,0,0.34,"A",0.000514744025823988,-7.57132594154745
2005,1,0.19,1000,1,0,"Missing",0.986482181297397,4.29013654371906
2005,0,0.13,4000,0,0.01,"A",0.00126337847226487,-6.6727016419616
2005,1,0.29,9000,1,0,"Missing",0.942260561095148,2.7923413838919
2005,0,0.21,13500,0,0.84,"D",0.0795666803021951,-2.44824914278005
2005,1,0.29,4000,1,0,"Missing",0.978872156329413,3.83580927221803
2005,1,0.29,1000,1,1.09,"Missing",0.996625408131152,5.68810059107242
2005,1,0.29,3000,0,0.82,"Missing",0.989727632254207,4.56797223923693
2005,1,0.29,5000,1,0,"Missing",0.99695015770591,5.78961089401443
2005,0,0.08,2500,1,0.24,"AA",0.000635318104668078,-7.36074921226834
2005,0,0.15,4000,0,0,"C",0.14149559863826,-1.80292319555942
2005,0,0.2,5000,0,0.7,"D",0.0918862442904577,-2.29081831549339
2005,0,0.15,8000,0,0.84,"A",0.00193727279468791,-6.24453491913627
2005,1,0.29,2500,1,0.82,"Missing",0.897672114431503,2.17162265091602
2005,1,0.28,3900,0,1.08,"Missing",0.936012607445347,2.68294287325899
2005,0,0.15,8942,0,0,"B",0.00051241882049081,-7.5758557083886
2005,1,0.29,3000,1,1.01,"Missing",0.890524225676213,2.09610702120971
2005,0,0.24,12000,0,0.9,"D",0.12661258821032,-1.93124729035867
2005,0,0.19,3000,0,0,"D",0.0620232606059455,-2.71621566486172
2005,0,0.17,4000,0,0.02,"AA",0.00208344418955282,-6.17164727675356
2005,1,0.2,13500,0,0.31,"C",0.275081058022969,-0.968994033752924
2005,1,0.28,6500,1,0,"Missing",0.860976769635906,1.82342647929694
2005,1,0.15,1000,1,1.75,"Missing",0.831057166233419,1.5931381886239
2005,1,0.27,2550,0,0.98,"Missing",0.644339711575976,0.594250060201478
2005,0,0.23,6000,0,0,"C",0.0084869425370611,-4.76070330701232
2005,1,0.29,2000,1,0,"Missing",0.97437169301799,3.6380953637658
2005,0,0.29,25000,0,0.38,"B",0.12944425372994,-1.9058814811945
2005,0,0.22,5600,0,0.94,"D",0.0346574113638091,-3.32697145752948
2005,1,0.29,2500,0,1.21,"Missing",0.712188071496612,0.90603478110047
2005,0,0.15,15000,0,0.62,"B",0.000710371379982382,-7.24901203047154
2005,0,0.09,1500,0,0.03,"AA",0.00124771703871665,-6.68519127045429
2005,0,0.15,14000,1,0.25,"A",0.000644978565081724,-7.34564828749891
2005,0,0.23,10000,1,0.64,"C",0.0210796070464565,-3.83814424213062
2005,1,0.26,5000,0,0,"Missing",0.951445655739581,2.9752988999345
2005,0,0.15,20000,0,0.37,"A",0.00923653466897402,-4.67530904354166
2005,0,0.2,1000,1,0.76,"C",0.0473482006367291,-3.00172064613938
2005,1,0.28,1200,0,0.81,"Missing",0.91990195349298,2.44101562647372
2005,0,0.2,5500,0,0.8,"D",0.0751436833030211,-2.51023633399754
2005,0,0.25,10500,0,0.81,"D",0.214972849322413,-1.29520656610267
2005,0,0.17,6500,0,0.45,"B",0.000157987846321332,-8.75283444958513
2005,0,0.2,15000,0,0.59,"A",0.00122923539617255,-6.7001329404916
2005,1,0.25,5500,0,0.49,"Missing",0.714936734084994,0.919482913681709
2005,1,0.29,10000,0,0.51,"D",0.445223422599965,-0.219989240024938
2005,0,0.29,5000,0,0.77,"Missing",0.91963551342781,2.4374050411844
2005,1,0.29,5000,1,0,"Missing",0.960513833058427,3.19151797747925
2005,0,0.12,5000,0,0.1,"AA",0.00250418780902202,-5.98728349642215
2005,0,0.13,2550,0,0.27,"A",0.00133721441211286,-6.61582851636632
2005,0,0.17,4600,0,0.88,"B",0.017750109282794,-4.01345407450135
2005,0,0.1,2000,1,0,"B",0.000463777105089742,-7.6756426134348
2005,0,0.25,13000,0,0.93,"D",0.171445442748234,-1.57541758742477
2005,0,0.15,25000,0,0.31,"B",0.00112775966033255,-6.78639381962958
2005,1,0.22,5000,1,0,"D",0.375391170172012,-0.509156978764361
2005,1,0.29,1800,0,0.73,"Missing",0.98873790295799,4.4749864407643
2005,0,0.21,4900,0,0,"D",0.175647968899114,-1.5461158455821
2005,1,0.29,2500,1,0.82,"Missing",0.977600978259039,3.77608430346215
2005,0,0.14,9500,0,0.77,"A",0.000338481564341439,-7.99070239103519
2005,0,0.11,18000,0,0.46,"AA",0.000627178439324344,-7.37365209039821
2005,1,0.29,3500,0,0.9,"Missing",0.975321508310562,3.67683508627587
2005,1,0.29,6000,0,0.98,"Missing",0.784333385740242,1.2911004040432
2005,0,0.2,5000,0,0.61,"C",0.00358353268464435,-5.62781621278122
2005,0,0.15,5000,1,0.84,"B",0.00178688038001339,-6.32549550528667
2005,0,0.15,5000,0,0.17,"B",0.000933839856205647,-6.97527131844538
2005,1,0.29,5000,0,0.32,"Missing",0.994583830661039,5.21293558747426
2005,0,0.16,2000,1,0,"C",0.00623795636130555,-5.07084516274152
2005,1,0.29,2550,0,0.43,"Missing",0.993171197463895,4.97975371941034
2005,0,0.11,2500,1,0,"B",0.000505977460003298,-7.58851232960722
2005,0,0.25,7500,0,0.54,"D",0.272573663032063,-0.981603838266074
2005,1,0.2,2000,0,0.84,"Missing",0.742873862087636,1.06095948843196
2005,0,0.23,6001,0,0.61,"D",0.0363239858320017,-3.27827686345099
2005,0,0.25,15000,0,0.45,"C",0.0120256612589693,-4.4086139196456
2005,0,0.29,16900,0,0.04,"D",0.22631538843896,-1.22923476144471
2005,0,0.25,9500,0,0.64,"D",0.141830181328622,-1.80017156796462
2005,0,0.14,7500,1,0.54,"B",0.00731971828061231,-4.90983679913837
2005,0,0.12,15000,0,0,"AA",0.000978558878768638,-6.92845056248146
2005,1,0.29,2550,1,0.93,"Missing",0.912393907583489,2.34322126937767
2005,0,0.17,8500,1,0.21,"B",0.000620410671205231,-7.38450832308005
2005,1,0.29,4000,0,0.98,"Missing",0.977133708875699,3.75495967646239
2005,0,0.24,5700,0,0.1,"A",0.00271335669127325,-5.90685173457951
2005,0,0.17,5500,0,0.91,"C",0.0196834525046456,-3.90809721877288
2005,0,0.11,3500,0,0.1,"AA",8.67629253927826e-05,-9.35224438766436
2005,0,0.2,2850,0,0.7,"C",0.096654376209887,-2.23496374721204
2005,0,0.09,5400,0,0.18,"AA",0.0033728148070018,-5.68862911337654
2005,0,0.22,24000,0,0.72,"B",0.0132276067252024,-4.31213334405838
2005,0,0.23,2000,0,0.9,"Missing",0.82796978238502,1.57130651382434
2005,0,0.2,10000,1,0.89,"D",0.153047517071939,-1.71089615036576
2005,0,0.29,10000,0,0.62,"C",0.358348817752857,-0.582537962906128
2005,1,0.29,2975,0,0.96,"Missing",0.972639162164408,3.57090044766505
2005,0,0.14,16500,0,0.2,"AA",0.00656656924447944,-5.01917554387173
2005,1,0.29,4000,0,1,"Missing",0.828779798748176,1.57700404239819
2005,0,0.15,1000,1,0.55,"B",0.00915399849994777,-4.68436834681806
2005,0,0.18,4100,0,0.5,"C",0.0255344256126864,-3.6418616261586
2005,1,0.29,5224,0,0.67,"Missing",0.993918906875246,5.09647115063473
2005,0,0.08,3500,0,0,"AA",0.00113668057346213,-6.77850571462746
2005,0,0.22,5000,0,0.93,"D",0.164547825397333,-1.62477184489879
2005,0,0.15,17500,0,0.55,"B",0.00168998248387541,-6.38134570255643
2005,0,0.1,4500,0,0.04,"AA",0.00151633174423988,-6.48994370450849
2005,0,0.13,5000,1,0.16,"A",0.00472254976620266,-5.3506726843014
2005,0,0.2,12000,0,0.95,"C",0.0862970788823459,-2.35970973791198
2005,1,0.29,10000,1,0.72,"Missing",0.992981740676087,4.95219704810181
2005,1,0.29,4000,0,1.21,"Missing",0.988076859992083,4.41727943780609
2005,0,0.15,9999,0,0.57,"B",0.00052313311809676,-7.55515132837644
2005,0,0.14,14500,0,0.48,"A",0.011625689096276,-4.44284425637399
2005,0,0.12,1800,0,0.39,"B",0.0003106707081929,-8.07646630385046
2005,0,0.23,3250,0,0.93,"D",0.101605429597061,-2.17951238514369
2005,0,0.29,3000,0,0.92,"Missing",0.92246647818245,2.47634065481852
2005,1,0.25,2550,0,0.53,"D",0.159542529888585,-1.66163581911721
2005,0,0.11,2000,0,0.75,"B",0.00014340192813345,-8.84971577183802
2005,1,0.29,10000,1,0.9,"Missing",0.979655724000758,3.87440161325944
2005,0,0.09,3001,0,0.34,"AA",9.90657994717571e-05,-9.21962721677011
2005,0,0.29,23250,0,0.92,"C",0.0720636147756078,-2.55541391255603
2005,1,0.29,2550,0,0.99,"Missing",0.960809024081671,3.19932914885001
2005,0,0.15,25000,0,0.09,"C",0.00847138508331591,-4.76255378434086
2005,1,0.27,6000,0,0.95,"Missing",0.778514305285182,1.25702936283254
2005,1,0.29,2550,0,0.95,"Missing",0.754464772106286,1.12256815531958
2005,1,0.29,5000,0,0.72,"Missing",0.923317251327778,2.48829612947978
2005,0,0.19,10000,1,0.81,"C",0.0108118773520927,-4.51623924388094
2005,1,0.29,5824,0,0,"Missing",0.982554064546208,4.03104867352443
2005,1,0.21,7000,0,0.78,"D",0.134019752739694,-1.86587490154154
2005,0,0.15,11000,0,0.65,"B",0.000546684912157104,-7.51109111607512
2005,0,0.21,9500,0,0.73,"D",0.14889235318774,-1.74331503204821
2005,0,0.15,5000,0,0.74,"C",0.00421874383476781,-5.46399019689076
2005,0,0.15,7500,0,0.98,"C",0.0165008253542473,-4.08770639750266
2005,0,0.23,7500,0,0.89,"D",0.138966013884379,-1.82390457768346
2005,0,0.15,1250,0,0.74,"C",0.00278092474296953,-5.88218696653855
2005,0,0.15,3000,1,0,"C",0.14224423758706,-1.7967738366406
2005,1,0.2,16950,0,0.55,"C",0.0659836182366514,-2.65008747475421
2005,0,0.15,5000,0,0.35,"B",0.00794430391356618,-4.82732406795138
2005,0,0.1,6500,0,0.67,"A",0.0104309699797353,-4.55249026143173
2005,0,0.29,2700,0,0,"Missing",0.276411787398726,-0.962330726306462
2005,0,0.16,20000,1,0.32,"A",0.0159454612443949,-4.12250709382534
2005,0,0.2,4000,0,0,"D",0.0523008065246742,-2.8970253533682
2005,0,0.29,10000,0,0.98,"C",0.14040030156444,-1.81196917446452
2005,0,0.18,2000,0,0,"D",0.0208749393125953,-3.84811001411703
2005,0,0.17,5000,1,0.28,"B",0.00119134937962136,-6.73147662221916
2005,0,0.15,6000,0,0.14,"C",0.0558703966529381,-2.82722878538789
2005,1,0.29,2501,0,1.22,"Missing",0.95400527535651,3.03214249290741
2005,0,0.17,1100,0,0.29,"D",0.00332266543113811,-5.7036597797117
2005,1,0.28,3000,0,0.98,"Missing",0.942751120768047,2.80139425945796
2005,0,0.15,3500,0,0.9,"C",0.00596993009014202,-5.1150322404754
2005,0,0.1,7500,0,0.13,"AA",0.000599036564224811,-7.41958870354197
2005,1,0.26,3675,0,0.85,"Missing",0.691976881601311,0.809377707076279
2005,0,0.1,3500,0,0.07,"AA",8.17726586763335e-05,-9.41148584023657
2005,1,0.26,3000,1,0,"Missing",0.893643746347528,2.12851285925577
2005,0,0.14,9900,0,0.02,"AA",0.000279534457675204,-8.18210541615873
2005,1,0.25,9000,0,0.43,"D",0.442922306900797,-0.229310339910028
2005,0,0.14,1000,0,0,"B",0.00261314072377642,-5.94458587770505
2005,0,0.11,2500,1,0,"B",0.00750737490392367,-4.88433372397757
2005,1,0.29,2550,0,0,"Missing",0.934087413672198,2.65124060991586
2005,1,0.29,4000,1,0,"Missing",0.982907683596109,4.05188617339103
2005,0,0.15,5000,0,0.64,"C",0.0362981582656433,-3.27901495046297
2005,1,0.28,3200,0,0.99,"Missing",0.991661624957867,4.77851358690833
2005,0,0.28,4000,0,0,"Missing",0.513777680838058,0.0551246781968651
2005,1,0.26,2864,0,0.71,"Missing",0.86920701002318,1.89396546912614
2005,1,0.29,10000,0,0.47,"Missing",0.975434502649819,3.68154010376317
2005,0,0.19,4400,0,0.98,"D",0.103352638241198,-2.16051584100789
2005,1,0.2,10000,0,0.87,"C",0.493330265155427,-0.0266805219769966
2005,0,0.09,3500,0,0,"AA",0.000674030128639581,-7.3015614894163
2005,0,0.2,24900,0,0.87,"C",0.0310440244763233,-3.44081283653124
2005,1,0.2,1500,0,0.41,"Missing",0.841536467071458,1.66970485780172
2005,0,0.22,19000,0,0.75,"C",0.0130283942168363,-4.32751012466164
2005,0,0.22,7000,0,0.07,"AA",0.00663034799559472,-5.00944556173983
2005,0,0.18,20000,0,0.67,"B",0.00824155158619412,-4.79029095256048
2005,1,0.29,2501,0,1.07,"Missing",0.933919520652791,2.64851688496155
2005,0,0.2,2000,0,0.01,"D",0.35108864724644,-0.614257369019792
2005,0,0.28,2550,0,0.94,"Missing",0.684798515784624,0.775912590676837
2005,0,0.13,25000,0,0.1,"AA",0.00196702836137591,-6.22926235558204
2005,0,0.18,1000,1,0,"C",0.14855476121279,-1.74598153392696
2005,0,0.12,6000,0,0.33,"AA",0.000388130350319336,-7.85378111463738
2005,0,0.15,5000,0,0.41,"B",0.000853059653548384,-7.06582765538195
2005,0,0.13,2000,1,0.54,"A",0.000868073249825514,-7.04836600742099
2005,0,0.08,3000,0,0.03,"AA",0.000202870827134811,-8.50273820958443
2005,1,0.29,2550,0,0.43,"Missing",0.796935152578594,1.36724793763111
2005,1,0.25,5500,0,0.49,"Missing",0.962677492065184,3.25012188195445
2005,0,0.17,7100,0,0.95,"D",0.0458176669882572,-3.03618501909407
2005,0,0.2,9900,0,0.96,"D",0.0533739448477232,-2.87558143938744
2005,0,0.18,5000,0,0.12,"C",0.218930012902155,-1.27191265503386
2005,0,0.28,3900,0,1.08,"Missing",0.541012314337368,0.164418659684774
2005,1,0.25,10000,1,0.71,"D",0.161641033826738,-1.64606833330112
2005,0,0.17,15000,1,0,"A",0.00132690450850123,-6.62357870103168
2005,1,0.29,4000,0,1,"Missing",0.97113461999761,3.51582214601444
2005,1,0.29,2000,1,0,"Missing",0.943192866127891,2.80960887153642
2005,0,0.11,8000,1,0.17,"AA",0.000806732890972615,-7.12171087612925
2005,0,0.22,1100,1,0,"Missing",0.94276331401334,2.80162020236352
2005,0,0.24,9000,0,0.64,"D",0.0598182936914754,-2.75476163241923
2005,1,0.23,2600,0,0.5,"Missing",0.882872577031697,2.01991845594447
2005,0,0.2,7000,0,0.59,"C",0.052956796411164,-2.88386829460201
2005,1,0.28,1900,0,1.2,"Missing",0.97084790135242,3.50564290980199
2005,0,0.12,3500,0,0.31,"A",0.0026182560820723,-5.94262511065124
2005,0,0.2,12500,0,0.52,"A",0.00420620744650956,-5.46697880292996
2005,0,0.13,7500,0,0.92,"B",0.00927687873926027,-4.67090995454357
2005,0,0.11,2500,1,0,"B",0.00329746017970943,-5.71129984056632
2005,0,0.11,15152,0,0.6,"A",0.0011965139385778,-6.72714577089172
2005,0,0.1,1000,0,0.56,"A",0.000731191091708681,-7.22010426246801
2005,1,0.28,4000,0,0.53,"Missing",0.971014999826385,3.51156345520344
2005,0,0.11,8000,1,0.17,"AA",0.000476141321815272,-7.64931959851434
2005,0,0.15,4000,0,0.95,"C",0.133454356756933,-1.8707552607503
2005,0,0.24,6001,0,0.74,"D",0.0312404504161529,-3.43430269545573
2005,0,0.13,2500,1,0.9,"C",0.0166924557522109,-4.07596506814545
2005,0,0.15,3600,0,0.28,"A",0.000627422433503479,-7.37326288720024
2005,0,0.27,7000,0,0,"D",0.311695606179368,-0.792204082606246
2005,0,0.19,6000,0,0.49,"C",0.00949926204628243,-4.64699649491924
2005,1,0.29,3500,0,1.01,"Missing",0.895839958920409,2.15183320689514
2005,0,0.2,5128,0,0,"Missing",0.569468349802361,0.279682365141774
2005,0,0.15,14500,1,0,"A",0.00662426211813567,-5.01036999178837
2005,0,0.11,1500,0,0.39,"B",0.000470469535091634,-7.66130877086553
2005,0,0.15,3500,0,0.56,"C",0.0317642538760584,-3.41713403143684
2005,0,0.1,6000,0,0.52,"A",0.00781214471450487,-4.84423292211901
2005,0,0.2,7500,0,0,"D",0.0983788992129053,-2.21536802399444
2005,0,0.17,2550,0,0.25,"C",0.0261830673587195,-3.6161104139927
2005,0,0.22,6001,0,0,"D",0.0221463634107807,-3.7876867000841
2005,0,0.13,10200,0,0.95,"A",0.00168120600049067,-6.3865612648552
2005,0,0.2,12000,0,0.95,"C",0.361723383602645,-0.567891971369811
2005,1,0.29,2550,1,0,"Missing",0.887890093639831,2.06936826999304
2005,0,0.24,9950,0,0,"D",0.0168466444499272,-4.06661362113055
2005,0,0.15,5000,0,0.35,"B",0.000526386001555458,-7.54894924650524
2005,0,0.09,5400,0,0.18,"AA",0.000411576698567165,-7.79510350602615
2005,1,0.28,2500,1,1.04,"Missing",0.876405098393341,1.95881913009599
2005,0,0.1,3000,0,0.16,"AA",0.00795262685861813,-4.82626856477103
2005,0,0.17,9000,0,0.94,"C",0.0261469817154673,-3.61752662512452
2005,1,0.27,2000,1,0,"Missing",0.977611041591803,3.77654397381771
2005,0,0.14,4000,0,0.16,"B",0.0154379204300106,-4.15537010469392
2005,1,0.24,1000,0,0.97,"Missing",0.968271641404771,3.41830179531278
2005,0,0.11,5000,0,0.12,"A",0.000195483229023785,-8.53984046492482
2005,0,0.12,2500,0,0,"B",0.0214491813697781,-3.82038624065875
2005,1,0.29,4000,0,0,"Missing",0.537504363295827,0.150299754973708
2005,0,0.15,2500,1,0.28,"B",0.00131647336109285,-6.63148147320193
2005,1,0.2,12000,0,0.34,"C",0.0473548188140745,-3.00157393202803
2005,0,0.2,5000,0,0.65,"B",0.00534389618895799,-5.22644204277951
2005,0,0.29,1300,0,0.55,"Missing",0.889387255579859,2.08449743645227
2005,0,0.18,5000,0,0.99,"D",0.025072075441455,-3.66060885013423
2005,0,0.2,3000,0,0,"D",0.115082741300523,-2.03984278841776
2005,0,0.21,8000,0,0.76,"D",0.0695536816114682,-2.5935655315592
2005,0,0.12,4000,0,0.43,"B",0.00136965987610303,-6.59182223686579
2005,1,0.29,3000,0,0.82,"Missing",0.949381873013433,2.93150135985593
2005,0,0.28,5000,0,0.81,"D",0.069887115448233,-2.58842465612191
2005,1,0.29,2550,0,0,"Missing",0.762693680151434,1.16750468758029
2005,0,0.19,6500,0,0.7,"C",0.228937750850811,-1.2143189722444
2005,0,0.24,25000,0,0.89,"B",0.00446879792045098,-5.40615701527642
2005,0,0.29,6000,0,0.59,"Missing",0.640974175043906,0.579594845854147
2005,0,0.15,5500,0,0.28,"C",0.0251857470565223,-3.65596870153281
2005,0,0.1,2100,0,0,"AA",0.000511822404319131,-7.57702090623097
2005,0,0.13,20000,0,0.52,"A",0.00829962635315389,-4.78321052286916
2005,0,0.28,23500,0,0.89,"D",0.477822831722289,-0.0887669142761935
2005,1,0.29,5000,0,1.08,"Missing",0.843675033158539,1.685830427309
2005,0,0.23,8500,0,1,"D",0.467181925896678,-0.131461296760537
2005,1,0.29,2500,0,1.09,"Missing",0.79106784125119,1.33137413054325
2005,1,0.15,2000,1,0.49,"D",0.931621316202694,2.61186528336253
2005,0,0.14,7500,0,0.67,"B",0.031084967198162,-3.43945259010884
2005,0,0.15,6000,0,0.14,"C",0.00208957999582399,-6.16870042592211
2005,0,0.21,25000,0,0.07,"B",0.0111826190298591,-4.48214896382499
2005,0,0.11,1253,0,0.73,"A",0.00476666951395795,-5.3413293667367
2005,1,0.29,25000,1,0.96,"Missing",0.871797815371894,1.91694894879671
2005,1,0.17,1000,1,0.71,"Missing",0.655250503114714,0.642199552712907
2005,0,0.16,17000,0,0,"A",0.00820468214166142,-4.7948117689899
2005,0,0.2,3000,0,0.98,"D",0.0879806409746512,-2.33854441549785
2005,1,0.29,7500,0,0.35,"Missing",0.961638870769882,3.22159429869701
2005,0,0.11,2700,1,0.12,"AA",0.000205639656114422,-8.4891795022454
2005,0,0.23,8500,0,1,"D",0.158477356751934,-1.66960119796351
2005,1,0.22,3600,0,0.57,"D",0.327841036108547,-0.717966021063926
2005,1,0.29,3000,1,0.92,"Missing",0.985396078339952,4.21175357083882
2005,1,0.29,9000,0,0.85,"Missing",0.939695830342105,2.74615498825881
2005,0,0.17,5600,0,1.09,"B",0.000642561337988108,-7.34940551019688
2005,0,0.24,18000,1,0.97,"C",0.00350224170814827,-5.65084363855583
2005,0,0.2,24000,0,0.76,"C",0.0124168936831848,-4.37620271232984
2005,1,0.29,10000,0,0,"Missing",0.800729722272836,1.39086138198394
2005,0,0.12,25000,1,0.22,"AA",0.00287219340817557,-5.8498029613133
2005,0,0.15,5000,0,0.33,"B",0.00202899873555816,-6.19818178138131
2005,1,0.23,10000,0,0,"D",0.488744794538874,-0.0450284284532225
2005,0,0.1,3000,1,0.32,"A",0.00228344229091019,-6.07978514454704
2005,1,0.24,4000,0,1,"Missing",0.855736881589665,1.78032410413069
2005,0,0.11,18800,0,0.63,"AA",0.00030714540107304,-8.08788211078891
2005,1,0.25,4800,0,0.85,"Missing",0.959968993087403,3.17724665843537
2005,0,0.21,10000,0,0.72,"A",0.0153121823715144,-4.16367590951431
2005,1,0.23,3500,1,0.95,"D",0.463843436748549,-0.144879139551054
2005,1,0.28,6000,0,0,"D",0.440381885185866,-0.239612341908185
2005,0,0.15,15000,0,0.62,"B",0.00220215639914581,-6.11611363254088
2005,1,0.29,4000,1,1.14,"Missing",0.962090706763863,3.23391244984555
2005,1,0.29,5000,1,0,"Missing",0.933058959909968,2.63465615944345
2005,0,0.22,19000,0,0.75,"C",0.0131790360424491,-4.31586124031549
2005,0,0.17,25000,1,0.02,"A",0.00138735229847098,-6.5789698539998
2005,1,0.29,2700,0,0.47,"Missing",0.915953412344276,2.38859424344418
2005,0,0.16,5200,0,0.86,"C",0.0103675746636374,-4.55865047183163
2005,0,0.25,14000,0,0.84,"B",0.0282721023193951,-3.53720028993406
2005,1,0.29,4531,0,0,"Missing",0.884109167310466,2.03193189695367
2005,0,0.2,3500,0,0.51,"D",0.0223352515120602,-3.77900060267641
2005,0,0.25,2800,0,0.97,"Missing",0.735350102132078,1.02193890284523
2005,0,0.23,19000,0,0.95,"C",0.00893320197581413,-4.70900704218389
2005,0,0.28,3500,0,0.93,"D",0.0971799732985351,-2.22895857335971
2005,0,0.29,8000,0,0.8,"D",0.29942037901169,-0.85005948655856
2005,0,0.2,24000,0,0.76,"C",0.0058409878102522,-5.13699723775653
2005,1,0.29,6000,1,0.79,"Missing",0.952851802870985,3.00616361423124
2005,0,0.11,1200,0,1,"Missing",0.256626387420434,-1.06357747990844
2005,1,0.2,1750,0,0.96,"Missing",0.92114643155146,2.45802644698086
2005,0,0.2,2550,0,0,"AA",0.022284488781134,-3.78132787330229
2005,1,0.29,2550,1,1.32,"Missing",0.919890819363555,2.44086452620211
2005,0,0.11,1000,0,0.05,"C",0.000474053355542143,-7.65371651241484
2005,0,0.15,12000,0,0.43,"A",0.000224430247066844,-8.40172114711343
2005,0,0.2,13500,0,0.31,"C",0.0117572867228211,-4.43145513378803
2005,1,0.29,2000,0,0.98,"Missing",0.978020393434447,3.79541547284097
2005,0,0.26,7225,0,1.01,"Missing",0.838229617704924,1.64511413321674
2005,0,0.29,20000,0,0.89,"C",0.0581944503618234,-2.78400883479581
2005,0,0.25,9000,0,0.56,"B",0.00234057835245928,-6.05501389919307
2005,0,0.15,3600,0,0.28,"A",0.00313917378284358,-5.76065152884399
2005,0,0.2,7500,1,0.52,"D",0.18889938726798,-1.45717757569179
2005,0,0.18,2500,0,0.84,"A",0.0135026481697251,-4.29127481412206
2005,0,0.24,9000,0,0.64,"D",0.128719364268363,-1.91232956062
2005,0,0.2,15000,0,0.65,"B",0.000458276849377043,-7.68757869995861
2005,0,0.1,2300,0,0.62,"A",0.0074541491446629,-4.89150239929781
2005,0,0.13,2500,1,0.77,"B",0.0107704618593921,-4.52011902170768
2005,1,0.25,4000,0,0.02,"Missing",0.841082609253487,1.66630537040959
2005,0,0.2,6001,0,0,"A",0.0023017998816642,-6.07175945174476
2005,0,0.15,1700,0,0.83,"D",0.144018833814251,-1.78230429237981
2005,1,0.27,10000,0,0.45,"Missing",0.881455764674761,2.00628863389879
2005,0,0.14,8000,0,0.53,"B",0.000534961252892399,-7.53278113379552
2005,1,0.15,2000,0,1.59,"Missing",0.946092954949107,2.86507964994297
2005,0,0.07,2550,0,0.44,"AA",9.21642612936599e-05,-9.29184595558151
2005,0,0.17,2400,0,0.86,"D",0.0899657960572923,-2.31405263126731
2005,0,0.15,25000,1,0.37,"AA",0.000874047844076841,-7.0415010122537
2005,0,0.21,7000,0,0.52,"C",0.00523999015533577,-5.24618189235164
2005,1,0.23,7500,1,0.81,"Missing",0.989081964988624,4.50636119470852
2005,1,0.29,2501,1,0,"Missing",0.984549859431119,4.15456643960456
2005,0,0.2,5000,0,0.96,"C",0.0582044482277158,-2.78382643283917
2005,0,0.24,20000,1,0.88,"C",0.205173471875062,-1.35426806165001
2005,1,0.29,2550,1,0.93,"Missing",0.794010114455939,1.349269131492
2005,1,0.24,1500,0,0,"Missing",0.874892980982854,1.944932048279
2005,1,0.28,5000,0,0.96,"Missing",0.984240186381403,4.13440670098905
2005,0,0.21,1000,0,0.42,"D",0.0877296007519315,-2.34167707127616
2005,1,0.29,3000,1,0.98,"Missing",0.989510661174132,4.54685114785968
2005,0,0.15,1700,0,0.83,"D",0.107631818372527,-2.11516249329421
2005,0,0.11,8000,0,0,"A",0.000172051961296595,-8.66754195944847
2005,1,0.2,3800,0,1,"Missing",0.594552847233722,0.382819066798872
2005,1,0.28,11000,0,0.9,"Missing",0.986401637380919,4.28411422196706
2005,1,0.26,2500,0,0.65,"Missing",0.972144312968876,3.55246711585081
2005,1,0.29,2100,0,0,"Missing",0.817346793626076,1.49847416896895
2005,1,0.29,2550,0,0.43,"Missing",0.919030181038456,2.42924248316518
2005,0,0.08,3500,0,0.46,"AA",0.000226795111392284,-8.39123672021743
2005,1,0.29,4600,0,0.9,"Missing",0.919574252056783,2.43657642046232
2005,1,0.29,7000,1,0.91,"D",0.44991714949511,-0.201005450582938
2005,0,0.26,10000,0,0.97,"D",0.0613637375581576,-2.72760897005201
2005,0,0.2,5950,0,0.74,"C",0.0246820897996284,-3.67668560830702
2005,0,0.25,2000,0,0.19,"D",0.0107713109714703,-4.52003932934857
2005,1,0.29,1500,0,0.51,"Missing",0.98241858964333,4.02317536579069
2005,0,0.26,10848,0,0.68,"B",0.00318503820644578,-5.746100873049
2005,0,0.14,7000,0,0.55,"C",0.00415533754828919,-5.47919761996102
2005,1,0.28,4500,0,0.47,"Missing",0.99006591513338,4.60179976216026
2005,0,0.25,15000,1,1.04,"D",0.124546693508928,-1.9500611229135
2005,0,0.23,3550,0,0.66,"D",0.318372309131769,-0.761262119582731
2005,1,0.29,2100,1,1.14,"Missing",0.924333067409485,2.50273122603583
2005,0,0.21,5000,0,0.77,"C",0.140391797991448,-1.81203963535913
2005,0,0.07,2550,1,0.63,"Missing",0.0478433036502955,-2.99079845475938
2005,0,0.17,25000,1,0.02,"A",0.00374633051877882,-5.58322508080593
2005,0,0.07,3000,1,0.01,"AA",0.0010875873487625,-6.82270529832477
2005,1,0.29,3000,1,0,"Missing",0.950461374330491,2.95419484204958
2005,0,0.23,7500,0,0.89,"D",0.41641838345171,-0.337493831758423
2005,1,0.23,5000,0,0.97,"Missing",0.986798519166979,4.31413687639269
2005,0,0.2,6500,0,0,"C",0.0445016148218461,-3.06670759700563
2005,1,0.2,5000,0,0.87,"Missing",0.989381755619125,4.53450656916748
2005,0,0.13,15000,0,0,"B",0.00149583861986118,-6.5035713211697
2005,1,0.24,4500,1,0.71,"D",0.341839042929482,-0.655109525450273
2005,1,0.26,2550,1,0.51,"Missing",0.984984815740805,4.18356425252705
2005,0,0.29,16000,1,0,"D",0.179027594518573,-1.52294954474344
2005,0,0.1,3000,0,0.05,"AA",0.000794631208712726,-7.13683749225568
2005,0,0.24,5000,1,0.47,"C",0.00634783785808919,-5.05327294779719
2005,0,0.29,1000,0,0,"Missing",0.632783664124458,0.54417745545811
2005,1,0.29,3000,0,1.15,"Missing",0.700399909516288,0.849202917564986
2005,0,0.11,12000,0,0.47,"A",0.000645480184424642,-7.34487035757766
2005,0,0.13,12500,0,0,"AA",0.00118896202419805,-6.7334849316616
2005,0,0.2,9900,0,0.96,"D",0.0589804183652525,-2.76975845205457
2005,0,0.13,9000,0,0.26,"AA",0.000148367440557997,-8.81567027610331
2005,1,0.22,7500,0,0.92,"D",0.0719542146068178,-2.55705106077529
2005,1,0.28,1200,0,0.81,"Missing",0.917990169541164,2.41534755827921
2005,0,0.07,2000,1,0.81,"Missing",0.870030888363933,1.90123189546089
2005,0,0.29,6500,1,0.85,"D",0.195295729779512,-1.415959871022
2005,1,0.29,2500,0,0.89,"Missing",0.886411870086405,2.05460269661598
2005,0,0.24,4592,0,0.6,"C",0.00941575851373759,-4.65591018872361
2005,0,0.1,6000,0,0,"AA",0.000788830831585266,-7.14416952662206
2005,0,0.15,14000,0,0.69,"B",0.00435915861063161,-5.4311075320126
2005,0,0.17,20000,1,0.01,"AA",0.000218461953121255,-8.4286802003627
2005,0,0.29,10000,0,0.04,"B",0.000287684859933806,-8.15335718703379
2005,0,0.24,15000,0,1.03,"D",0.284357823147573,-0.922946903280583
2005,1,0.29,7100,1,1.12,"Missing",0.893087240096084,2.12267109548104
2005,0,0.07,3000,1,0.01,"AA",0.000702915864928172,-7.259570190335
2005,0,0.15,3600,0,0.28,"A",0.0540308802797579,-2.86265418536832
2005,0,0.2,9000,0,0.72,"D",0.0174729835865205,-4.02947194799318
2005,0,0.15,1600,0,0.82,"C",0.0052065862731909,-5.25261067607058
2005,0,0.19,5000,0,0.39,"C",0.00349930597976897,-5.65168517877201
2005,0,0.22,6001,0,0.25,"Missing",0.0871941390915975,-2.34838610292586
2005,0,0.16,25000,0,0.78,"B",0.000584560975575626,-7.44406472967886
2005,0,0.19,10000,1,1.02,"C",0.106300564770272,-2.12909891812252
2005,0,0.15,9900,0,0.72,"B",0.00700822666434983,-4.95363768258564
2005,0,0.25,8000,1,0.48,"D",0.396329210692096,-0.420783792511665
2005,1,0.27,3200,1,0,"Missing",0.89678933950835,2.16204883738063
2005,1,0.18,3001,0,1,"Missing",0.803142459670048,1.40605178590537
2005,1,0.29,5108,0,0,"Missing",0.957243522301989,3.10853711434415
2005,0,0.21,12000,1,0.98,"C",0.154103508173711,-1.70277249440084
2005,0,0.18,19200,0,0,"AA",0.00213750684812517,-6.14597535878075
2005,0,0.08,2000,0,0.05,"AA",0.000212349098781365,-8.45706657359061
2005,1,0.24,3000,0,0,"Missing",0.961305288856293,3.21258910908842
2005,0,0.15,14700,0,0.37,"AA",0.0014293055631689,-6.54913624482886
2005,0,0.22,20000,1,0.89,"C",0.0875047493651313,-2.34448981031021
2005,0,0.1,8000,0,0.21,"A",0.000410990132945447,-7.79653027657569
2005,1,0.2,5000,0,0.64,"D",0.19478790304797,-1.41919442725271
2005,1,0.29,5200,0,0,"Missing",0.976131803126467,3.71105072342635
2005,0,0.16,2000,1,0,"C",0.0497051475944063,-2.95066380632541
2005,0,0.2,6500,1,0.92,"D",0.11971792995525,-1.99510399813684
2005,0,0.08,2000,0,0.06,"AA",0.00107529938005583,-6.83408028517011
2005,0,0.2,25000,0,0.08,"B",0.00256075635272587,-5.96488857314655
2005,1,0.24,1550,0,1.09,"Missing",0.959127300654082,3.15556146667775
2005,1,0.23,7200,0,1.12,"Missing",0.969956776107784,3.47461436867282
2005,0,0.15,15000,0,0.01,"AA",0.000535872624169781,-7.53107805035375
2005,1,0.28,3500,1,0.94,"Missing",0.958982365535553,3.15187060320306
2005,0,0.15,9000,0,0.97,"C",0.00378337571435825,-5.57334807096927
2005,0,0.08,2000,0,0.15,"AA",5.35624212397467e-05,-9.83460926818807
2005,0,0.29,10000,0,0.78,"D",0.398492882163662,-0.411748732322577
2005,0,0.29,20000,0,1.03,"C",0.16269970851319,-1.63827655467401
2005,0,0.14,10000,0,0.65,"C",0.0247642594321804,-3.67327776518579
2005,1,0.29,3000,0,1.01,"Missing",0.937909444204473,2.71505950619929
2005,0,0.1,6000,1,0.75,"A",0.0013276815076474,-6.6229925216125
2005,0,0.18,2800,0,0.99,"C",0.156885792763413,-1.68158431996322
2005,0,0.11,25000,0,0.35,"AA",0.000186975567267463,-8.58434561292032
2005,0,0.29,9000,1,0.95,"D",0.795069939869901,1.35576133463434
2005,0,0.24,10000,1,0,"C",0.310445308170624,-0.798038270385984
2005,1,0.29,3000,0,1.02,"Missing",0.984010549966991,4.11970748668502
2005,0,0.17,3800,0,0.7,"C",0.00939068976226255,-4.65860147106211
2005,0,0.17,25000,0,0.67,"A",0.000798147837840008,-7.13241825069451
2005,1,0.29,2200,0,1.06,"Missing",0.898958187008577,2.18570210164709
2005,1,0.26,9500,0,0.86,"D",0.477658373138708,-0.0894260549827159
2005,0,0.16,7000,0,0.29,"C",0.0142852964814399,-4.23413617518347
2005,0,0.24,7000,0,1.14,"D",0.267323860401265,-1.00824289193791
2005,1,0.2,5500,0,0.95,"Missing",0.948073199717252,2.90459667417649
2005,1,0.29,3500,0,0.98,"Missing",0.965829672088179,3.34162983321167
2005,0,0.07,1000,0,0,"AA",7.92892671345529e-05,-9.44232849116035
2005,1,0.29,4000,0,1.12,"Missing",0.954741227498999,3.04904381901167
2005,0,0.24,25000,0,0.85,"B",0.00455700762495925,-5.38652167102429
2005,0,0.14,2400,1,0.22,"B",0.00892427924441746,-4.71001537236581
2005,0,0.16,5000,0,0.89,"C",0.00399463940672994,-5.51879932569136
2005,1,0.29,5500,1,0.72,"C",0.195613189904904,-1.41394107218864
2005,0,0.25,15000,0,0,"C",0.0311112454657433,-3.43858045653257
2005,0,0.11,3000,1,0,"C",0.106711425481265,-2.12478144743168
2005,0,0.08,4000,0,0.13,"AA",0.0015944041514867,-6.43965950871016
2005,0,0.2,5500,0,0.95,"Missing",0.336101803356669,-0.68071471916102
2005,0,0.08,3500,0,0,"AA",0.00178361174980289,-6.32732969326405
2005,0,0.21,5000,1,0.94,"C",0.0139809745401955,-4.25597820603949
2005,0,0.25,25000,0,0.71,"A",0.0093929112994359,-4.65836268838983
2005,0,0.22,4000,0,0.47,"B",0.0021367460978508,-6.14633208993055
2005,0,0.15,25000,1,0.37,"AA",0.000935733545677391,-6.97324362381783
2005,0,0.22,6001,1,0.22,"C",0.0524145639475108,-2.89473261222875
2005,1,0.29,5000,0,0.72,"Missing",0.82504771384559,1.55092793342529
2005,1,0.07,2550,1,0.63,"Missing",0.512274151540998,0.0491064719169979
2005,1,0.25,10700,0,0,"Missing",0.865704106268598,1.8634976437848
2005,1,0.2,2500,0,0.78,"Missing",0.399747711003472,-0.406516422871829
2005,0,0.17,3000,0,1.12,"Missing",0.55337621007703,0.214321470811966
2005,0,0.15,1600,0,0.82,"C",0.0442126503404954,-3.07352449578099
2005,0,0.2,9999,0,0.94,"D",0.0724534393055592,-2.54959885435499
2005,0,0.14,8000,0,0.76,"AA",0.00342048531664206,-5.67454648397393
2005,0,0.19,24000,1,0.18,"B",0.0020090630769274,-6.2080757125145
2005,0,0.17,9000,0,0.94,"C",0.190588123411372,-1.44619322796745
2005,1,0.2,7500,1,0.52,"D",0.17566576555409,-1.54599294180674
2005,0,0.08,3001,0,0.14,"AA",0.000213733959292114,-8.45056474040714
2005,0,0.2,9000,0,0.92,"C",0.004589392580694,-5.37940764285203
2005,0,0.15,3000,0,0.05,"AA",0.000508061639835586,-7.58439958874077
2005,1,0.25,6000,1,1,"Missing",0.968983445789194,3.44172645918152
2005,0,0.08,1000,0,0.31,"AA",0.000234167035942652,-8.35924167398911
2005,0,0.11,15000,0,0.21,"A",0.0025872519172919,-5.95456839772462
2005,1,0.29,7000,1,0.91,"D",0.643921227383109,0.59242442312395
2005,1,0.22,6500,1,0.97,"Missing",0.689353871339904,0.797100326160833
2005,0,0.13,10000,0,0.53,"A",0.000915668853438351,-6.99493968403132
2005,0,0.16,4500,0,0.88,"D",0.0185872318635752,-3.96651824764516
2005,0,0.19,18000,0,0.76,"C",0.0817204880383667,-2.41919708152567
2005,0,0.29,7000,0,0.12,"D",0.188503515203714,-1.45976340019958
2005,1,0.17,3500,0,0.98,"Missing",0.698334859386819,0.839381132687009
2005,1,0.11,15000,0,0.21,"A",0.0192100748794964,-3.93292341830884
2005,0,0.12,6000,0,0.03,"AA",0.000202298133470157,-8.5055657217786
2005,0,0.17,5000,1,0.98,"B",0.00827984756955181,-4.78561640432786
2005,0,0.16,5300,0,0.92,"C",0.0130593760828157,-4.32510352991634
2005,1,0.17,2000,0,0.25,"Missing",0.409080776660598,-0.367766695637781
2005,0,0.17,2000,0,0.79,"D",0.0834971528810175,-2.39575263974557
2005,0,0.15,1500,0,0.8,"C",0.00475565657070542,-5.34365351176721
2005,0,0.16,3300,0,0.3,"C",0.0020457995636048,-6.18991868618412
2005,1,0.2,1000,0,0.91,"Missing",0.62237488086354,0.499640658344429
2005,1,0.25,10000,0,0.87,"Missing",0.846340521701109,1.7061828122742
2005,0,0.21,6000,0,0.76,"D",0.0542323332980942,-2.85871965754324
2005,1,0.28,6000,0,0.98,"Missing",0.962943819548044,3.25755991945339
2005,1,0.29,5000,0,0.88,"Missing",0.977709261866302,3.78104108571845
2005,0,0.24,25000,1,0.46,"C",0.262649320051502,-1.0322438412522
2005,0,0.25,5000,0,0.52,"C",0.0104852380535092,-4.54724631522955
2005,0,0.29,25000,1,0.42,"D",0.146666144871834,-1.76099197973781
2005,1,0.23,4000,1,1.35,"Missing",0.87292277706409,1.92705213867404
2005,1,0.28,2550,0,0.94,"Missing",0.943456154690128,2.81453353242646
2005,0,0.12,1500,1,0.59,"D",0.114290073675593,-2.04764977752739
2005,0,0.19,19250,0,0.88,"B",0.00165670272534798,-6.40126788540008
2005,0,0.11,11000,1,0.43,"AA",0.00374724717783534,-5.58297950878596
2005,0,0.14,3000,0,0.98,"C",0.0119704814019703,-4.41326883828959
2005,0,0.19,3000,0,0.97,"C",0.00685472812738814,-4.97593829754454
2005,0,0.09,2000,0,0,"A",0.00132423421119147,-6.62559582865726
2005,0,0.07,1100,1,0.18,"A",0.00124158177050159,-6.69012673773493
2005,0,0.11,18800,0,0.63,"AA",0.000549405476310565,-7.50612426009571
2005,0,0.17,10000,0,0.05,"B",0.00329364641982722,-5.71246091124723
2005,0,0.28,2250,0,0.57,"Missing",0.553574630425982,0.215124335775462
2005,0,0.17,2400,0,0.77,"D",0.0775931723916586,-2.47550693225657
2005,0,0.2,8000,0,0.87,"D",0.0246692466461252,-3.67721925485169
2005,1,0.29,6000,0,0,"Missing",0.844393504954206,1.69128827122547
2005,0,0.2,25000,1,0.98,"B",0.0300931892657255,-3.47290111956413
2005,0,0.14,1400,0,0.61,"C",0.0434678610658236,-3.09129254991916
2005,1,0.23,3890,0,0.97,"Missing",0.96907583356626,3.44480490497424
2005,1,0.29,2501,1,0,"Missing",0.692921459384256,0.813813111053056
2005,0,0.12,25000,1,0,"AA",0.000377972417953296,-7.880311289517
2005,0,0.13,6000,0,0,"B",0.000485427656871089,-7.62999474329518
2005,0,0.11,1253,0,0.73,"A",0.00108713885872727,-6.82311820385965
2005,1,0.29,3000,1,0,"Missing",0.967897364727077,3.4061879309847
2005,0,0.29,7500,1,0.09,"D",0.787282462574139,1.3086219242692
2005,0,0.25,25000,0,0.87,"A",0.0288840708691164,-3.51515559048578
2005,1,0.29,2000,1,0.98,"Missing",0.971279681670468,3.52100963347743
2005,0,0.12,25000,0,0.01,"AA",0.00177263068140115,-6.33351637145973
2005,0,0.17,1700,0,0.28,"D",0.0573204945658133,-2.80006812680449
2005,0,0.23,2000,0,1.13,"Missing",0.807213789134835,1.43200669235812
2005,0,0.18,10000,0,0.66,"B",0.00161196586171985,-6.42868754623852
2005,0,0.14,7750,0,0.59,"C",0.00557719067565287,-5.18347729124088
2005,0,0.15,12000,1,0.53,"B",0.00531489954907332,-5.23191209300927
2005,1,0.29,2550,0,0.9,"Missing",0.972848562889538,3.57879845347492
2005,1,0.29,4000,1,0.94,"D",0.878099973374638,1.97455919713748
2005,0,0.15,14700,0,0.37,"AA",0.00147336300698221,-6.51873328180423
2005,0,0.17,3800,0,0.7,"C",0.0810246976535393,-2.42850523000758
2005,1,0.25,3000,0,0,"Missing",0.939644915905924,2.74525686738644
2005,0,0.15,10000,0,0.41,"C",0.020920242201354,-3.84589589121992
2005,0,0.16,9000,0,0.05,"B",0.00631521995772822,-5.0584574474786
2005,0,0.15,6000,0,0.72,"B",0.000945735070665641,-6.96260189772457
2005,0,0.29,3000,1,0.67,"Missing",0.833535205435109,1.61089209636502
2005,1,0.24,1000,0,0.81,"Missing",0.692030971032035,0.80963148782406
2005,0,0.11,1600,0,0.69,"B",0.00014136336689618,-8.86403553899214
2005,0,0.12,17000,0,0.19,"AA",0.000853044082758109,-7.0658459240065
2005,0,0.24,7500,0,0,"C",0.152728939506583,-1.71335595467519
2005,0,0.2,9000,0,0.92,"C",0.0373359239391533,-3.24974854882161
2005,0,0.29,10000,1,0.9,"Missing",0.959527422592057,3.16581625138727
2005,0,0.18,10000,0,0.66,"B",0.00503850858282532,-5.28559391213098
2005,0,0.15,8500,0,0,"B",0.000263618782702608,-8.24074284977592
2005,1,0.23,21000,0,0,"B",0.0228911193595099,-3.75384905523118
2005,0,0.13,4000,0,0.01,"A",0.00532504891762786,-5.22999410349474
2005,0,0.2,7000,0,0.86,"D",0.0552716054459205,-2.83863816025922
2005,0,0.13,20000,0,0.79,"A",0.000159038093505903,-8.74620775189964
2005,1,0.29,3001,0,0,"Missing",0.955183726211851,3.05933237778546
2005,0,0.24,1025,1,0.59,"Missing",0.723959751252477,0.964189114767164
2005,1,0.25,2550,1,0.67,"Missing",0.833651301201253,1.61172903048919
2005,0,0.18,18000,0,0.15,"B",0.00505023947332912,-5.28325658132667
2005,0,0.25,25000,0,0.47,"AA",0.00448572536338271,-5.40235924916453
2005,0,0.26,1500,0,0,"Missing",0.448937701583376,-0.204963738180453
2005,1,0.29,2500,0,0,"Missing",0.950414217607888,2.9531937607808
2005,0,0.16,20000,1,0.32,"A",0.00313597197927236,-5.76167521227121
2005,0,0.17,20000,1,0.55,"B",0.0260922356988604,-3.61967881404606
2005,0,0.23,7100,0,0.27,"A",0.00562312164691074,-5.17522932518332
2005,0,0.15,14000,1,0.25,"A",0.0168172429857759,-4.06839029222584
2005,0,0.22,12000,1,0.92,"C",0.0477245624195428,-2.99340811735373
2005,0,0.17,1000,0,0.67,"D",0.0978534790716279,-2.22130569856223
2005,1,0.28,4750,1,0.14,"Missing",0.977218436510128,3.75875861588929
2005,0,0.09,4000,0,0.32,"A",0.00020598859542651,-8.48748374290047
2005,0,0.18,13000,0,0.95,"B",0.00407521842475508,-5.49874738780277
2005,0,0.18,19200,0,0,"AA",0.00101299781425008,-6.89382770017444
2005,0,0.25,25000,0,0.18,"A",0.000916298468729046,-6.99425168861358
2005,0,0.18,5000,0,0.5,"D",0.0265166969196724,-3.60310606621219
2005,0,0.23,10000,0,0.67,"D",0.0998843761956017,-2.19850994698121
2005,0,0.07,1000,1,0.34,"AA",0.000842556036934488,-7.07822747408097
2005,0,0.11,3500,1,0.18,"A",0.00220323463697785,-6.11562304357051
2005,1,0.29,2550,0,1.16,"Missing",0.922549065342209,2.47749592718678
2005,0,0.14,6001,0,0.56,"B",0.00753519589724064,-4.8806067200242
2005,0,0.22,5000,0,0.55,"C",0.0517294858692866,-2.90861186877635
2005,0,0.17,4500,0,0.89,"D",0.019554489181997,-3.91480218549052
2005,1,0.25,3000,0,0.62,"Missing",0.960078123718125,3.18009020863614
2005,0,0.25,25000,0,0.57,"D",0.279595346470164,-0.946469706232859
2005,0,0.1,5000,0,0,"AA",0.0038361529862725,-5.55944171114447
2005,1,0.29,4000,1,0.16,"Missing",0.972759270435063,3.57542337817395
2005,1,0.25,3500,1,0,"D",0.826021103703679,1.55768631626716
2005,0,0.2,3000,0,0.27,"D",0.370642774737133,-0.529460293767235
2005,1,0.2,1000,0,0.98,"Missing",0.452918534970307,-0.188885447109132
2005,0,0.29,2550,0,1.16,"Missing",0.927308261128845,2.54605830161629
2005,0,0.2,18000,1,0.75,"B",0.00747629393602243,-4.88851369137372
2005,0,0.23,15000,1,0.76,"B",0.0324152120886072,-3.39617523562715
2005,0,0.2,7500,0,0.74,"C",0.0941666229101931,-2.26378958138471
2005,0,0.18,14000,0,0.91,"C",0.00846483978373376,-4.76333332047215
2005,0,0.2,13500,0,0.31,"C",0.00562754020447984,-5.17443940645376
2005,0,0.18,2550,0,0.28,"D",0.113546296177108,-2.05501825101242
2005,1,0.29,4000,0,1,"Missing",0.904801408112922,2.2517503304847
2005,0,0.2,11000,0,0.44,"C",0.151096140868221,-1.72602961106922
2005,0,0.14,10000,0,0.65,"C",0.0568259091899398,-2.80925850995731
2005,0,0.17,6000,0,0.6,"C",0.0342074890553908,-3.34050442083448
2005,0,0.1,1000,0,0.53,"A",0.00134786747965595,-6.60788280351513
2005,0,0.29,15000,0,0.49,"C",0.139980823642987,-1.81544924783966
2005,1,0.23,6001,1,0.92,"D",0.622088826645648,0.498423713776251
2005,1,0.28,2000,1,0.97,"Missing",0.488752991891982,-0.0449956224294703
2005,1,0.29,2600,0,0.98,"Missing",0.851346667052254,1.74520243932438
2005,1,0.29,7000,1,1.02,"Missing",0.972378585723999,3.5611538686645
2005,0,0.29,10000,0,0.78,"D",0.438444615192878,-0.247476907860875
2005,0,0.25,9900,0,0.37,"B",0.0152216749959576,-4.169696166412
2005,0,0.09,1000,0,0,"A",0.000447385889129046,-7.71164156313008
2005,0,0.23,15000,1,0.76,"B",0.00427187491480763,-5.45142143255289
2005,0,0.19,6001,1,0.24,"D",0.357635715081869,-0.585640652055572
2005,1,0.25,4000,0,0.45,"D",0.597863412448108,0.396570519644466
2005,0,0.29,3000,0,1.34,"Missing",0.636863485931935,0.561776489425385
2005,0,0.22,15000,0,0.04,"D",0.00650308492890684,-5.02895428811519
2005,1,0.29,4300,1,0.95,"Missing",0.904931124173532,2.25325719730977
2005,0,0.1,1000,0,0.53,"A",0.0304330250338581,-3.46132118570356
2005,1,0.29,4000,1,0.98,"Missing",0.982080893198929,4.00380611831378
2005,0,0.19,21200,1,0.47,"B",0.0211839901706176,-3.83309797226963
2005,0,0.23,21000,0,0,"B",0.0136441253316165,-4.28070816678413
2005,0,0.16,3000,1,0.96,"C",0.00622177226165326,-5.07345927514378
2005,0,0.11,12000,0,0.02,"AA",0.00127398665412864,-6.66432939858822
2005,0,0.09,2000,0,0,"A",0.000993716649853086,-6.91306424174157
2005,0,0.17,3600,1,0.76,"D",0.289265430187321,-0.898954330414097
2005,0,0.17,5000,0,0.93,"C",0.0169159696214713,-4.06243647633061
2005,0,0.29,23800,0,0.5,"C",0.144204203163364,-1.78080142000858
2005,1,0.24,3500,0,0.94,"Missing",0.838483585621469,1.64698823067111
2005,1,0.29,4000,0,1.07,"Missing",0.980902971009433,3.93894077370508
2005,0,0.21,9800,0,0.7,"D",0.0157769897123595,-4.13329997663586
2005,1,0.22,1500,1,1,"Missing",0.757772896495013,1.14050800157637
2005,1,0.29,5300,0,0.83,"Missing",0.958040642469624,3.12818872942806
2005,0,0.28,5500,0,0.35,"D",0.574187015052635,0.298954906042579
2005,0,0.11,7000,0,0.83,"AA",0.000426283910815392,-7.7599786015702
2005,0,0.16,25000,0,0.85,"A",0.00527183155290495,-5.24009165687291
2005,0,0.2,25000,0,0.08,"B",0.00247101441872805,-6.00065244439993
2005,0,0.17,5000,0,0.61,"C",0.0281657601099795,-3.54107819509256
2005,0,0.2,7500,1,0.38,"C",0.197286871623474,-1.40333852963572
2005,0,0.17,1100,0,0.29,"D",0.0241845993788443,-3.69755738853922
2005,0,0.29,6000,0,0,"Missing",0.413070360151633,-0.351287006657635
2005,0,0.21,4000,1,0.91,"D",0.189246823762024,-1.45491155394885
2005,0,0.09,1000,0,0.02,"AA",0.00215053609048959,-6.1398852716961
2005,1,0.29,3500,0,0.88,"Missing",0.937102983879149,2.7012944601668
2005,1,0.29,2500,1,0.87,"Missing",0.984081152254341,4.12420456544322
2005,0,0.18,2500,0,0.82,"D",0.036974666099135,-3.25984674061521
2005,0,0.22,7500,0,0.92,"D",0.0260588171609126,-3.62099473299076
2005,0,0.14,2400,0,0.94,"B",0.0214380263527211,-3.82091784266664
2005,1,0.26,1000,0,0,"Missing",0.762047591389027,1.16393831977087
2005,1,0.28,1500,1,1,"Missing",0.971309433429699,3.52207671472546
2005,0,0.12,5900,1,0.31,"A",0.00414874185237074,-5.48079278704875
2005,0,0.08,2500,0,0.47,"AA",0.000375979207272931,-7.88560066600433
2005,0,0.16,3800,0,0,"B",0.00179854439582257,-6.31897744649793
2005,1,0.29,2550,1,1.51,"D",0.733634243361044,1.01314020911212
2005,0,0.17,5500,0,0.91,"C",0.0557605428774683,-2.82931329381381
2005,1,0.29,1000,0,0.92,"Missing",0.990271075883156,4.62287540339601
2005,0,0.17,3000,0,0.88,"D",0.0723437696407658,-2.55123188751979
2005,0,0.29,4600,0,0.9,"Missing",0.373316774925482,-0.518013868038817
2005,0,0.2,5000,1,0.43,"D",0.128635441097603,-1.9130780758369
2005,1,0.29,3001,1,0,"Missing",0.991391747050496,4.74638837262576
2005,0,0.24,4500,0,0.72,"D",0.444829766314262,-0.221583132709066
2005,1,0.17,4500,0,0.89,"D",0.286977067320038,-0.910111275784737
2005,0,0.17,4000,1,0.31,"D",0.511302619138191,0.0452181797175863
2005,0,0.15,5500,0,0.28,"C",0.0152880638254588,-4.16527676601357
2005,1,0.27,6000,0,0.85,"Missing",0.796034155594705,1.36168954352185
2005,0,0.15,3000,0,0,"C",0.0103427055175948,-4.56107722568161
2005,0,0.2,3500,1,0.81,"C",0.0346091667141101,-3.32841444702286
2005,1,0.29,5000,0,0,"Missing",0.974609649766226,3.64766784183509
2005,0,0.15,7000,0,0.95,"C",0.000249984325610836,-8.29386232404736
2005,0,0.15,2000,0,0.87,"D",0.207426384533244,-1.34050888822624
2005,0,0.15,2500,0,0.56,"C",0.0173149668590016,-4.038717391061
2005,0,0.15,9000,0,0.49,"B",0.0138855069870649,-4.26292683315119
2005,0,0.23,5000,0,0.37,"D",0.335045482978038,-0.685452350168244
2005,0,0.29,3000,0,0.61,"Missing",0.683979963376211,0.772123005269785
2005,0,0.21,15500,0,0.66,"A",0.0556561880607411,-2.83129703980103
2005,0,0.28,5500,0,0.35,"D",0.174313100767874,-1.55536253316029
2005,1,0.29,2550,0,1.16,"Missing",0.94929875230722,2.92977303693824
2005,1,0.24,3000,0,0,"Missing",0.818290552831516,1.50480850532225
2005,1,0.29,4850,0,0.89,"Missing",0.964814368124679,3.31129790428337
2005,1,0.28,6000,0,0.98,"Missing",0.937867349394265,2.71433689503157
2005,0,0.29,25000,0,0.44,"AA",0.00972688605311879,-4.6230869684315
2005,0,0.14,25000,0,0,"AA",0.000277402909013367,-8.18976212203616
2005,1,0.23,1800,0,0,"Missing",0.983842413318669,4.10907603224639
2005,0,0.09,2000,0,0,"A",0.000324108905482073,-8.0341068091791
2005,1,0.26,10848,0,0.68,"B",0.0751411271359193,-2.51027311548444
2005,0,0.14,2000,0,0,"C",0.00331650919354859,-5.70552047593883
2005,0,0.09,1000,1,0.05,"AA",0.000554998160426678,-7.49599060654095
2005,0,0.24,15000,0,0.86,"B",0.000190020282310651,-8.56818970415918
2005,1,0.29,3000,1,0.75,"Missing",0.927095137693247,2.54290085485835
2005,0,0.17,9000,0,0.9,"C",0.0100556391442009,-4.58951515437546
2005,0,0.15,20000,1,0.72,"B",0.000977557583260473,-6.92947532342914
2005,0,0.23,8200,0,0.44,"C",0.0260110217994556,-3.62287962400421
2005,0,0.22,12150,0,0,"D",0.012226634174147,-4.39183658341464
2005,0,0.07,1000,0,0.34,"AA",0.00235024420876185,-6.05088302723554
2005,1,0.24,3500,0,1,"Missing",0.925029667279524,2.51273333817937
2005,1,0.29,5000,0,1.08,"Missing",0.888842498112297,2.07897192084088
2005,0,0.14,9999,0,0.54,"A",0.00176775589252198,-6.33627507392291
2005,0,0.13,10000,0,0.28,"AA",0.000638242876333366,-7.3561532165131
2005,0,0.1,5000,0,0.09,"AA",0.000191711947061327,-8.55932485787311
2005,1,0.23,1600,1,1.46,"Missing",0.629373756900683,0.529531164529295
2005,1,0.29,22000,0,0.83,"D",0.560577225364533,0.243505022619431
2005,0,0.15,1500,1,0.42,"C",0.00711241148495602,-4.93877609934717
2005,0,0.2,13000,0,0.8,"D",0.0459898169950282,-3.03225434309081
2005,0,0.13,6000,1,0.22,"A",0.00180582281113174,-6.31493148474857
2005,0,0.12,6250,0,0.21,"AA",7.73487880601655e-05,-9.46710829754733
2005,0,0.15,1000,1,0.46,"D",0.0438583927134332,-3.08193993038104
2005,1,0.29,2000,0,0.4,"Missing",0.951242166389213,2.97090280008478
2005,0,0.15,25000,1,0.37,"AA",0.000208901790814878,-8.47343739323071
2005,0,0.14,7000,0,0.55,"C",0.0171235231685704,-4.05003031077548
2005,0,0.15,1250,0,0.74,"C",0.00545943407835953,-5.20493575199742
2005,0,0.22,12000,1,0.92,"C",0.322477192475639,-0.742410803700618
2005,1,0.25,5000,0,0.9,"D",0.822025390191256,1.53013038429577
2005,1,0.2,2500,0,0.78,"Missing",0.931800813302423,2.61468643268886
2005,1,0.29,6000,1,0.77,"Missing",0.980583381102351,3.92201833782305
2005,1,0.29,6000,0,0,"Missing",0.902159338848768,2.22145090624029
2005,0,0.1,1000,0,0.65,"A",0.000203723748410323,-8.49854191179918
2005,1,0.29,7600,0,0.94,"Missing",0.978590933161308,3.82229919734992
2005,0,0.29,5500,0,0.41,"D",0.0576091615459001,-2.79473848167518
2005,1,0.2,4200,1,0.97,"Missing",0.87833707958853,1.97677616418272
2005,0,0.23,10000,0,1.02,"D",0.361153732055115,-0.570360124934661
2005,0,0.18,2800,0,0.99,"C",0.0367928959873581,-3.26496366723803
2005,0,0.22,17500,0,0,"AA",0.0565385636446129,-2.81463254329721
2005,0,0.17,25000,0,0.89,"B",0.0136731662051058,-4.278552533145
2005,1,0.25,2550,0,0,"Missing",0.62167185683484,0.496650469523837
2005,1,0.2,6500,1,0.92,"D",0.488533720622755,-0.0458731602364577
2005,1,0.29,4500,0,0.94,"Missing",0.926702305999134,2.53710322833319
2005,0,0.16,6500,0,0.67,"C",0.0206727830631812,-3.85804781531556
2005,0,0.2,5000,0,0.97,"C",0.0970190017762059,-2.23079465633544
2005,0,0.15,14700,0,0.37,"AA",0.000141957154595662,-8.85984330686022
2005,0,0.2,6500,1,1.06,"Missing",0.608703117210934,0.441864093692034
2005,0,0.22,2000,1,0.84,"D",0.183676376202635,-1.49163549005625
2005,0,0.09,5400,0,0.18,"AA",0.000454572992154522,-7.69569738209974
2005,0,0.16,6001,1,0.77,"C",0.0108112858748604,-4.51629454956625
2005,0,0.2,12000,0,0.95,"C",0.0325296331835527,-3.39253333165077
2005,0,0.14,7750,0,0.59,"C",0.00671844160107832,-4.99615794401614
2005,0,0.17,10000,0,0.76,"C",0.099355138229663,-2.20441033370238
2005,0,0.1,4000,0,0.51,"AA",0.00386851034094789,-5.55100975848155
2005,0,0.08,3500,0,0,"AA",0.000191532907811349,-8.56025937049729
2005,0,0.14,3000,0,0.95,"C",0.00143692748780809,-6.54381017311581
2005,0,0.14,7000,0,0.32,"A",0.000284106304862723,-8.16587793027305
2005,1,0.29,3500,0,0,"Missing",0.941428376895732,2.77714793987552
2005,0,0.1,10000,0,0.18,"AA",0.00291565413152912,-5.83474116952606
2005,0,0.2,9000,0,0.72,"D",0.0362243575042385,-3.28112677972652
2005,0,0.23,6001,1,0.92,"D",0.419557551794308,-0.324589946556383
2005,1,0.28,5000,0,0.96,"Missing",0.835187368154582,1.62284682859263
2005,0,0.11,2500,1,0,"B",0.000974457679650235,-6.93265453494506
2005,0,0.15,12000,0,0.61,"B",0.00124993311315769,-6.68341452364236
2005,0,0.25,15000,1,1.04,"D",0.357005047048563,-0.588386955916013
2005,0,0.24,9000,0,0.64,"D",0.279619214823023,-0.946351209968535
2005,0,0.2,5000,0,0.45,"D",0.0324993179134082,-3.39349702806704
2005,0,0.15,1500,1,0.42,"C",0.0188744658515934,-3.95089042138992
2005,1,0.29,3000,0,0.36,"Missing",0.94500596090975,2.84396643613321
2005,0,0.15,5100,0,0.19,"C",0.0138656006927183,-4.26438165040453
2005,1,0.29,3000,0,0.94,"Missing",0.679307272847788,0.75059013412478
2005,0,0.11,8000,0,0,"A",0.0328812809020982,-3.3814177321372
2005,0,0.12,10000,0,0.85,"A",0.000577205071700463,-7.45673557265465
2005,1,0.29,1800,0,1.11,"Missing",0.88702399584506,2.06069659120539
2005,0,0.12,15000,0,0,"AA",0.000135510724003801,-8.90632425693033
2005,1,0.28,6500,1,0,"Missing",0.977931551224145,3.79129074781309
2005,0,0.11,1550,0,0.95,"D",0.0377806148168108,-3.23744634024566
2005,1,0.23,1000,1,0,"Missing",0.87904705301613,1.98343682435262
2005,0,0.23,8000,1,0,"C",0.00606332764165618,-5.09941472956878
2005,0,0.21,10000,0,1.01,"D",0.0287660111672507,-3.51937289404
2005,0,0.09,3030,0,0.04,"AA",0.000472884110888201,-7.65618721222906
2005,0,0.14,7750,0,0.59,"C",0.0172204802922023,-4.04428541156788
2005,0,0.09,2000,0,0,"A",0.00167562335464531,-6.38989300212779
2005,0,0.18,1600,0,0.94,"D",0.0537251002830296,-2.86865280937948
2005,1,0.29,3000,0,0,"Missing",0.967998603080345,3.40945108859056
2005,0,0.14,5000,0,0.34,"B",0.000590101915540707,-7.43462502168324
2005,0,0.29,2800,0,0.99,"C",0.0304807605484921,-3.45970463631564
2005,1,0.23,1800,0,0,"Missing",0.831818088087986,1.59856757020156
2005,1,0.29,20000,0,0.95,"Missing",0.969720632078235,3.46654146794329
2005,0,0.13,5000,0,0,"B",0.0048107800644779,-5.33207364333212
2005,0,0.2,8500,0,0.89,"D",0.00997111646031151,-4.59804155831434
2005,0,0.29,3000,1,0.59,"D",0.155219958205092,-1.69423309174007
2005,1,0.29,3800,0,0.84,"Missing",0.993954279045741,5.10234046714856
2005,0,0.1,10000,0,0.15,"AA",0.00362416561728592,-5.61650044289549
2005,0,0.14,24000,0,0.54,"A",0.000658931064351641,-7.32423248712524
2005,0,0.19,3000,1,0,"D",0.126805611077902,-1.92950290634866
2005,0,0.09,3500,0,0.1,"AA",0.000107013899649556,-9.14244480904614
2005,0,0.12,5000,0,0,"AA",0.000536021514946055,-7.53080009264849
2005,0,0.13,16000,0,0.34,"A",0.00100025725841363,-6.90649729580423
2005,0,0.22,2500,1,0.63,"D",0.142947773408269,-1.79101951529219
2005,0,0.11,7000,0,0.83,"AA",0.00017743987741243,-8.63670126960845
2005,0,0.27,8500,0,0.96,"C",0.165283608633469,-1.61942917751018
2005,0,0.2,9500,1,0.65,"AA",0.0171711928587413,-4.0472018055898
2005,0,0.2,7500,1,0.9,"D",0.464289511989598,-0.143085574931846
2005,1,0.25,4449,0,0.94,"D",0.496739879392835,-0.0130406672324199
2005,1,0.29,5000,1,0,"Missing",0.969021148415501,3.44298167191835
2005,0,0.2,3000,0,0.62,"C",0.0718130277799174,-2.55916728617983
2005,1,0.2,2000,0,0.77,"Missing",0.816742193564645,1.49442955273087
2005,1,0.29,3500,0,0.94,"Missing",0.816380104453512,1.49201222492913
2005,0,0.23,8000,1,0,"C",0.012013464248754,-4.40964102835017
2005,0,0.2,7500,0,0,"D",0.133765868993818,-1.86806420573063
2005,0,0.09,5000,0,0.02,"AA",0.000158522883909853,-8.7494530616383
2005,0,0.09,5000,1,0,"AA",0.000305680564587938,-8.09266418054281
2005,0,0.18,25000,0,0.6,"A",0.000739751990243458,-7.2084555505187
2005,0,0.17,15000,1,0,"A",0.00808502595022903,-4.8096236892683
2005,1,0.29,2875,1,1,"Missing",0.954079420174983,3.03383353885952
2005,1,0.25,15000,1,1.04,"D",0.716962111105096,0.929442223853771
2005,0,0.22,15000,0,0.04,"D",0.225854506437836,-1.23186881696765
2005,1,0.2,5000,0,0.72,"Missing",0.775640745036036,1.2404408716398
2005,0,0.19,13500,0,0.78,"B",0.0017194390846234,-6.36403623591774
2005,0,0.29,25000,1,0.93,"C",0.143806790541179,-1.78402539636297
2005,0,0.09,1000,1,0.05,"AA",0.00786827383214339,-4.83701718375182
2005,0,0.15,3500,0,0.56,"C",0.0399632945827618,-3.17901012114273
2005,0,0.2,24000,0,0.76,"C",0.00953031532560083,-4.64370145478702
2005,0,0.07,1100,1,0.18,"A",0.00300296875152612,-5.80514640907798
2005,0,0.19,3000,0,0,"D",0.151627043056718,-1.72189650524214
2005,1,0.27,7500,0,0.69,"Missing",0.640565361089966,0.577818813576414
2005,1,0.29,3000,1,1.01,"Missing",0.85913916243908,1.80815847867873
2005,0,0.2,8000,0,0.91,"D",0.0279409843509502,-3.54932193421158
2005,1,0.17,4000,1,0,"C",0.74293978843879,1.0613046593087
2005,0,0.24,5500,0,0,"D",0.0537253724951725,-2.86864745496605
2005,1,0.24,4000,0,0.89,"D",0.765047945681764,1.18055703680573
2005,0,0.07,5000,0,0.33,"AA",0.000626407316048022,-7.37488313025008
2005,0,0.22,15000,0,0.95,"C",0.0295515693573677,-3.4916214133192
2005,1,0.25,10700,0,0,"Missing",0.815399541443076,1.4854844218918
2005,0,0.17,1500,0,0.92,"D",0.0244924437163233,-3.68459325585774
2005,1,0.29,3500,0,1.01,"Missing",0.577008791094647,0.310506106157321
2005,0,0.22,12800,0,0,"A",0.00450279903857762,-5.39854309982718
2005,0,0.17,5500,0,0.91,"C",0.0440298009775956,-3.07786004039191
2005,1,0.29,2500,1,0.82,"Missing",0.808105687309348,1.43774808535704
2005,0,0.09,2500,0,0.09,"AA",0.000455871530995412,-7.69284354294452
2005,0,0.11,1600,0,0.9,"B",4.47839597973249e-05,-10.0136157379307
2005,0,0.09,5000,0,0.02,"AA",0.000521942117804497,-7.55743178328487
2005,0,0.2,17850,0,0.43,"C",0.0106538148128994,-4.531126279541
2005,1,0.29,5000,0,0.89,"Missing",0.971096544962986,3.51446475230839
2005,1,0.18,3001,0,1,"Missing",0.799402861766967,1.3825664167751
2005,0,0.12,4000,0,0.28,"AA",0.00260751546901163,-5.94674651764142
2005,0,0.27,1000,0,0,"Missing",0.586125399653504,0.34797072903788
2005,0,0.14,12000,1,0.37,"A",0.00199404029602227,-6.2155963679684
2005,0,0.1,3000,1,0.32,"A",0.000692259953401074,-7.27485651800753
2005,0,0.08,3000,0,0.46,"AA",0.000168587644731314,-8.6878861947707
2005,0,0.17,4600,0,0.88,"B",0.0282916057829942,-3.53649060829184
2005,0,0.29,3000,0,0.79,"Missing",0.7277799854712,0.983388168484894
2005,1,0.24,3000,0,1.62,"Missing",0.833728225683357,1.61228383647399
2005,0,0.15,18000,0,0.37,"B",0.00347803426405029,-5.65780391475906
2005,1,0.25,3000,1,0.93,"Missing",0.870216701326751,1.90287613632392
2005,0,0.11,6001,0,0.28,"A",0.000297759507128309,-8.11892661649036
2005,0,0.15,5000,0,0.41,"B",0.00063957653040142,-7.35406449071265
2005,0,0.23,8200,0,0.44,"C",0.0174053412000344,-4.0334195593017
2005,0,0.14,20200,0,0.86,"A",0.000969769601037327,-6.93748179925229
2005,0,0.09,1000,0,0,"A",0.000325714078907705,-8.02916485286853
2005,0,0.23,4900,0,1,"D",0.233705110109466,-1.18750696199078
2005,0,0.08,4000,0,0.13,"AA",0.000143224337466284,-8.85095512890979
2005,0,0.08,3500,0,0,"AA",0.00118470428604822,-6.73707667657295
2005,0,0.2,2600,0,0,"Missing",0.444330831394679,-0.223603695936525
2005,1,0.26,5000,0,0,"Missing",0.829258059383146,1.58037809922658
2005,0,0.26,12000,0,0.59,"D",0.081001846920091,-2.42881215675227
2005,1,0.29,3000,0,1.01,"Missing",0.74584263692912,1.0765610206658
2005,1,0.27,3000,0,0.98,"Missing",0.836828489080452,1.63481727615162
2005,0,0.2,15000,0,0.84,"C",0.0316512852233782,-3.4208135098032
2005,1,0.29,6000,1,0.79,"Missing",0.978771108178463,3.83093473788848
2005,0,0.15,1500,1,0.2,"C",0.162537678607935,-1.63946643005556
2005,1,0.23,14000,1,0.83,"C",0.0550395155258831,-2.8430917198805
2005,0,0.12,5000,0,0,"AA",0.000219984044809626,-8.42173552958964
2005,0,0.15,5000,1,0.42,"B",0.00149526334705186,-6.50395655340934
2005,1,0.29,1800,0,0.73,"Missing",0.997504992293609,5.99096533562464
2005,0,0.15,12000,0,0.52,"C",0.189118626984928,-1.45574729676115
2005,0,0.2,5000,0,0,"B",0.000744727521970433,-7.20174714383705
2005,1,0.24,1000,0,0.92,"Missing",0.719072027316859,0.939863218272711
2005,0,0.17,7000,0,0.67,"B",0.00256123638637225,-5.96470065168972
2005,0,0.24,3500,0,1,"Missing",0.727091359270623,0.979915045925664
2005,0,0.17,2000,0,0.53,"A",0.0104445461280814,-4.55117586523479
2005,0,0.18,2275,0,1.03,"D",0.0197672878221646,-3.90376156364643
2005,0,0.15,3500,1,0.89,"C",0.168455203253533,-1.59661531341741
2005,0,0.13,10000,0,0.78,"B",0.00358222582569294,-5.62818227538809
2005,1,0.26,1500,0,0,"Missing",0.912392913110139,2.34320882783495
2005,0,0.23,8000,1,0,"C",0.0426637348203104,-3.11080544626738
2005,1,0.29,3000,1,0,"Missing",0.986344050148937,4.27982991579641
2005,0,0.15,7700,0,0.38,"C",0.0286609010750099,-3.5231417717526
2005,0,0.22,2500,1,0.74,"D",0.503184718204419,0.0127390450927063
2005,1,0.29,7000,1,0.64,"Missing",0.96267160113969,3.24995793666234
2005,1,0.25,15000,0,0,"D",0.121876424490157,-1.97477971295153
2005,0,0.17,15000,1,0.98,"B",0.000812665434377109,-7.1143780571194
2005,0,0.11,10000,0,0.37,"AA",8.84718557548018e-05,-9.332737594828
2005,1,0.29,5000,0,0.6,"Missing",0.985989410692808,4.25383219209258
2005,0,0.15,16000,0,0.77,"B",0.00503699149560404,-5.28589658070803
2005,0,0.17,1000,1,0.76,"D",0.00946407394448555,-4.65074319622363
2005,1,0.18,9200,0,0.71,"C",0.294609875239,-0.873098993910582
2005,0,0.11,25000,0,0.23,"AA",0.00775653723901963,-4.85143250082428
2005,1,0.25,3000,0,0,"Missing",0.728331919774432,0.986175850203046
2005,1,0.29,20000,0,0.61,"D",0.482006375735184,-0.0720055921851817
2005,0,0.29,25000,0,0.44,"AA",0.027768884407278,-3.55567742151495
2005,0,0.2,5000,1,0.95,"C",0.0668339155131661,-2.63637252728437
2005,0,0.23,2000,0,0.9,"Missing",0.95179603889641,2.98290956872861
2005,0,0.21,6001,1,0,"D",0.198700273217321,-1.3944375432353
2005,0,0.15,8000,0,0.12,"B",0.000357188023120893,-7.93689098759083
2005,0,0.27,3500,1,1.09,"Missing",0.869712591669362,1.89841995919429
2005,0,0.1,3000,0,0.36,"A",0.000591079038664586,-7.43296955854033
2005,0,0.2,2000,0,0.84,"Missing",0.643727180386124,0.591578218817852
2005,1,0.24,5600,0,0.62,"Missing",0.928399429499537,2.56235901808311
2005,0,0.09,2000,0,0,"AA",0.00215270976171055,-6.13887284596624
2005,1,0.25,15000,0,0.79,"D",0.811047424206406,1.45683046676936
2005,0,0.23,15000,0,0.06,"D",0.122976961602436,-1.96453622779608
2005,0,0.22,6001,0,0.25,"Missing",0.353924113731344,-0.601834445724416
2005,1,0.29,3500,0,1.24,"Missing",0.973904939558287,3.61956765957925
2005,0,0.15,5000,0,0.7,"C",0.0082754544897552,-4.78615154984069
2005,0,0.1,5000,0,0.71,"AA",0.000216432828947499,-8.43801386131108
2005,0,0.29,13531,0,0.82,"D",0.0894669708096525,-2.32016065845607
2005,0,0.14,4575,0,0.6,"C",0.00165660925596396,-6.40132439953949
2005,0,0.19,6600,0,0.27,"C",0.122603949497676,-1.96799924987391
2005,0,0.29,12500,0,0.96,"D",0.185507539977259,-1.47946964281505
2005,0,0.09,5000,0,0.02,"AA",0.00178973017547476,-6.32389907679411
2005,0,0.14,10000,0,0.65,"C",0.00156102366195847,-6.46085123602958
2005,0,0.2,13500,0,0.31,"C",0.335018974006283,-0.685571338862648
2005,0,0.12,5250,1,0.39,"B",0.00936576695837537,-4.66128414865067
2005,1,0.29,3000,1,0,"Missing",0.876227500910948,1.95718056571149
2005,0,0.2,5000,0,0.08,"D",0.476360496565824,-0.0946285636988651
2005,1,0.29,5000,0,0,"Missing",0.888983311519499,2.08039792646108
2005,0,0.11,1000,0,0.98,"D",0.0245192826138795,-3.68347053950751
2005,0,0.2,12000,0,0.26,"C",0.0408989014909895,-3.15489328581019
2005,0,0.15,2000,0,0.36,"D",0.0050425511850625,-5.28478782970804
2005,0,0.25,15000,0,0.9,"D",0.0234869346218922,-3.7275438370277
2005,0,0.13,15000,1,0.07,"AA",0.00394288197619991,-5.53189268139422
2005,0,0.19,19900,0,0.75,"C",0.00929893356447763,-4.66851311732711
2005,0,0.21,15000,0,0.24,"C",0.108416932097996,-2.10701433366916
2005,0,0.21,9000,0,0,"D",0.264505517028791,-1.02268092954177
2005,1,0.29,2550,0,1.7,"Missing",0.936860739984284,2.69719188458762
2005,0,0.11,25000,0,0.35,"AA",0.00202000863196369,-6.20263144272773
2005,1,0.29,1500,0,0.51,"Missing",0.960433815566842,3.18941024860502
2005,0,0.21,15500,0,0.66,"A",0.00296333774571023,-5.81847129201008
2005,1,0.24,5000,0,0.95,"D",0.476104182850528,-0.0956561405021863
2005,0,0.2,11000,0,0.44,"C",0.0660352068733228,-2.64925070551937
2005,0,0.19,7500,0,0.57,"C",0.033158276601788,-3.37274244736695
2005,0,0.19,6600,0,0.27,"C",0.113607696780483,-2.05440837542312
2005,0,0.14,4500,1,0.76,"B",0.015660609271593,-4.14082215082373
2005,1,0.28,3500,0,1.01,"Missing",0.781957489089026,1.27711032933189
2005,1,0.23,3890,0,0.97,"Missing",0.877304213888654,1.96714580426356
2005,1,0.29,3900,0,0,"Missing",0.924951208731647,2.51160253653916
2005,0,0.28,3500,0,0.93,"D",0.0962029711841036,-2.24014456685203
2005,0,0.15,4500,0,0.96,"A",0.00259433494858081,-5.9518273709999
2005,1,0.28,3000,0,0.98,"Missing",0.971818111947048,3.54048915534733
2005,0,0.25,15000,0,0,"D",0.355302219587372,-0.595812899401563
2005,0,0.23,15000,0,0.18,"D",0.348304086492479,-0.626502152823741
2005,0,0.2,9999,0,0.94,"D",0.0502453234638385,-2.93928623880895
2005,1,0.24,1000,1,0.9,"D",0.295690851466526,-0.867902903392153
2005,0,0.07,2500,1,0.06,"AA",0.00182812143074214,-6.30263658547645
2005,0,0.13,10200,0,0.95,"A",0.00704592086473674,-4.94823556977548
2005,0,0.25,9000,0,0.42,"C",0.0178114094079474,-4.00994410742782
2005,0,0.11,6000,0,0,"A",0.00076725039583455,-7.17192980366811
2005,1,0.15,2000,0,0.5,"D",0.0461467541697896,-3.02868320295533
2005,1,0.29,3000,1,0.53,"D",0.631180776236761,0.537285697673765
2005,0,0.15,9999,0,0.57,"B",0.000182258075490896,-8.60990460340689
2005,0,0.16,25000,0,0,"A",0.000981477125102956,-6.92546989148933
2005,0,0.15,13000,0,0.26,"AA",0.000395333088816556,-7.83538647432923
2005,1,0.29,2501,1,0,"Missing",0.977901151825912,3.78988310482813
2005,0,0.1,3500,1,0.21,"AA",0.00152951893204467,-6.48127132667921
2005,0,0.16,15000,0,0.59,"A",0.00567145025176762,-5.16662282362817
2005,0,0.11,3500,0,0.1,"AA",0.00790558274750879,-4.83224909464334
2005,0,0.15,20000,0,0.37,"A",0.000493875852450174,-7.61273238534052
2005,0,0.28,9000,0,0.7,"D",0.167400782562642,-1.604161562007
2005,0,0.25,5100,0,1.02,"Missing",0.316168996338011,-0.77143394725481
2005,0,0.2,17850,0,0.43,"C",0.0581057594569482,-2.785628208075
2005,0,0.18,6000,0,0.75,"C",0.13739021892709,-1.83713723280279
2005,0,0.23,6001,0,0.81,"D",0.125334036049974,-1.94285959649698
2005,1,0.24,1550,0,1.09,"Missing",0.783796501525153,1.28792933554258
2005,0,0.22,5000,0,0.55,"C",0.198980700880849,-1.39267720103649
2005,0,0.24,25000,0,0.42,"C",0.188039490605389,-1.4627997080457
2005,0,0.13,10200,0,0.95,"A",0.00132340363840419,-6.62622406699441
2005,1,0.27,1700,0,0.95,"Missing",0.975003132517095,3.66369016749712
2005,1,0.29,6000,1,0.72,"Missing",0.770028824569292,1.2084739717975
2005,0,0.15,12000,1,0.53,"B",0.00273671060697509,-5.8982581259271
2005,0,0.19,6600,0,0.27,"C",0.572537070425845,0.292209914997143
2005,1,0.19,1000,1,0,"Missing",0.830370462831874,1.58825507594651
2005,0,0.19,3001,0,0.48,"D",0.0286290208251278,-3.52428753669118
2005,0,0.17,5000,0,0.93,"C",0.010053715423631,-4.58970842357418
2005,0,0.16,25000,1,0.66,"AA",0.000346446424759807,-7.96743586313559
2005,0,0.22,15000,0,0,"C",0.110961148799808,-2.08096080746473
2005,1,0.09,9000,0,0.99,"Missing",0.843979425053502,1.68814022716471
2005,0,0.24,1000,0,0,"Missing",0.624996288621224,0.510809788581223
2005,0,0.11,1000,0,0.98,"D",0.0560507735026621,-2.82381442956005
2005,0,0.16,3000,1,0.96,"C",0.0262779996875288,-3.61239376694992
2005,1,0.18,15000,1,0.02,"C",0.707922547881141,0.88531567798256
2005,0,0.1,2000,0,0.06,"AA",0.000412315821938042,-7.79330854332083
2005,0,0.14,5000,0,0.34,"B",0.00382590813340592,-5.56212617374415
2005,0,0.07,2000,1,0.07,"AA",6.51575641272821e-06,-11.9412807350909
2005,0,0.17,9000,0,0.99,"C",0.00982698733863657,-4.6127472771705
2005,0,0.29,18000,0,0.91,"C",0.22759159387821,-1.22196066579618
2005,0,0.13,20000,0,0.46,"A",0.00115784110659525,-6.76003961097185
2005,0,0.16,20000,0,0.29,"AA",0.000686889758155703,-7.28264962132123
2005,1,0.24,1000,0,0.97,"Missing",0.783576627718104,1.28663231268402
2005,0,0.24,6000,0,0,"Missing",0.608226799492025,0.439864735668302
2005,1,0.25,1500,1,0.97,"Missing",0.920852300528497,2.45398393432652
2005,0,0.11,2000,0,0.75,"B",0.00230740234846252,-6.06932284317228
2005,1,0.29,4000,0,1.07,"Missing",0.964820253952257,3.31147129802589
2005,0,0.1,5000,0,0.11,"AA",0.000388244340986511,-7.85348735200913
2005,1,0.2,2600,0,0,"Missing",0.953181848555941,3.0135347233062
2005,0,0.17,17000,1,0.59,"B",0.0106031895344836,-4.53594061974621
2005,0,0.11,10000,1,0.23,"AA",0.000297872282177306,-8.11854782996963
2005,0,0.14,2000,0,0.98,"B",0.00108203612976061,-6.82782808551619
2005,0,0.2,3500,1,0.81,"C",0.0453252937134853,-3.04750542398141
2005,0,0.15,25000,0,0.44,"AA",0.0753102043104106,-2.50784268422181
2005,0,0.09,1500,0,0.76,"A",0.000828482656907575,-7.09508582840145
2005,0,0.13,3500,1,0.71,"C",0.183008304636368,-1.49609739767639
2005,0,0.15,9500,0,0.39,"B",0.0039107260004494,-5.54011385147194
2005,0,0.15,9999,0,0.54,"C",0.0113599366029249,-4.46623749288922
2005,0,0.15,5000,0,0.83,"C",0.0468233819093914,-3.01341752340769
2005,0,0.29,3500,0,1.01,"Missing",0.360664272081205,-0.572482180824492
2005,0,0.18,3100,0,0.86,"D",0.516597918800782,0.0664160784105881
2005,0,0.12,17000,0,0.19,"AA",0.00182508327027288,-6.30430291467787
2005,0,0.15,5000,0,0.7,"C",0.0105323412585662,-4.54271643688743
2005,1,0.28,25000,0,0.73,"C",0.0523747643964183,-2.89553422316733
2005,0,0.24,2500,1,1,"D",0.425339114768936,-0.300893334140955
2005,0,0.1,2000,1,0,"B",0.000554929103077425,-7.49611511144719
2005,0,0.29,9200,1,0.98,"Missing",0.903877603583871,2.2410716148988
2005,0,0.13,20000,0,0.46,"A",0.00169810396491929,-6.37654341772193
2005,0,0.17,2000,0,0.79,"D",0.0158030170586939,-4.13162518804809
2005,0,0.2,4000,0,0,"D",0.124662926018868,-1.94899553648359
2005,1,0.22,5000,0,0.86,"Missing",0.77425991117941,1.23252333178652
2005,1,0.29,7000,0,0.12,"D",0.885435369774055,2.04494034742039
2005,1,0.29,4000,1,0,"Missing",0.833110880041359,1.60783710304261
2005,1,0.29,17000,1,0,"D",0.692153915890398,0.810208421540952
2005,0,0.17,6550,0,0.77,"C",0.00661254236525942,-5.01215257289028
2005,0,0.09,1500,0,0.03,"AA",0.00354282324984226,-5.63928222757873
2005,0,0.15,9800,0,0.94,"B",0.000642188931707423,-7.34998561619601
2005,0,0.15,17500,0,0.55,"B",0.0407423184890261,-3.15889241834395
2005,1,0.29,4000,1,0.16,"Missing",0.797479120479575,1.37061266312534
2005,0,0.2,19900,0,0.98,"A",0.00293226993347382,-5.82904185711313
2005,0,0.19,10300,0,0.38,"B",0.00396448672400174,-5.52640651784328
2005,1,0.29,3001,0,0.84,"Missing",0.958821902318781,3.14779884044724
2005,1,0.29,1300,0,0.55,"Missing",0.743099336014182,1.06214024290749
2005,0,0.23,15000,1,0.76,"B",0.0127689375355092,-4.3478886513307
2005,0,0.12,8000,0,0.72,"B",0.000954204872545294,-6.95367749806018
2005,1,0.29,2500,1,0.89,"Missing",0.97654270337927,3.72883687739227
2005,0,0.29,5000,0,0.93,"Missing",0.975937737568153,3.70275405186587
2005,0,0.15,5000,0,0.83,"C",0.0631929244849617,-2.69628502457691
2005,1,0.23,1800,0,0,"Missing",0.903498659100215,2.23671772233113
2005,0,0.07,1000,1,0.08,"AA",0.000302253518100797,-8.10394212962634
2005,0,0.13,15000,0,0.45,"A",0.000133789425634815,-8.91910964614696
2005,0,0.17,11300,0,0.27,"C",0.00370983073095954,-5.59305229926218
2005,0,0.2,6001,0,0.77,"C",0.0963681276004973,-2.23824653626163
2005,1,0.29,2400,0,0.87,"Missing",0.942236387109954,2.79189714216224
2005,0,0.19,6600,0,0.27,"C",0.0446857356163139,-3.06238602203837
2005,1,0.29,4500,0,0.45,"Missing",0.924955758877899,2.51166808687596
2005,1,0.24,1000,0,0.97,"Missing",0.940339442407127,2.75756979380452
2005,0,0.18,12000,1,0.68,"C",0.0822120577706653,-2.41266438467368
2005,0,0.24,4500,0,0.6,"D",0.366727702846537,-0.546280880352892
2005,0,0.21,25000,1,0.01,"B",0.00258211143849487,-5.95656237689321
2005,0,0.1,1425,0,0,"AA",0.0049829940900976,-5.29672889509363
2005,0,0.19,3900,1,0,"C",0.295906251915756,-0.866868824526805
2005,0,0.29,25000,0,0.11,"C",0.0676048231085529,-2.62407740609568
2005,0,0.29,3000,1,0.53,"D",0.346207705533099,-0.635750808500039
2005,0,0.19,4000,0,0.85,"C",0.0251492379410606,-3.65745679919491
2005,0,0.25,2550,0,0,"Missing",0.722368125314822,0.956238833416944
2005,1,0.2,2000,0,1.44,"Missing",0.973950927009216,3.62137873762611
2005,1,0.2,5500,0,0.95,"Missing",0.332598673375187,-0.696454975964585
2005,0,0.15,2000,0,0.5,"D",0.151281929787426,-1.72458187772249
2005,0,0.19,7500,0,0.8,"D",0.0166832007289648,-4.07652907747602
2005,1,0.24,15000,0,1.03,"D",0.0787889682495204,-2.45891615305799
2005,0,0.19,20000,1,0.82,"B",0.021899786003201,-3.79913526785331
2005,0,0.15,8000,0,0.84,"A",0.00110902049857143,-6.80316845103431
2005,0,0.29,13200,0,0.98,"D",0.103391168470024,-2.16010013458358
2005,0,0.09,3500,0,0.67,"A",0.00147558379864266,-6.51722489826231
2005,1,0.2,3000,0,0.62,"C",0.0231440736747936,-3.74260042479989
2005,1,0.29,7500,0,0.86,"Missing",0.982814474096105,4.04635285561649
2005,1,0.29,2000,0,0.98,"Missing",0.852941916317254,1.75786381592841
2005,0,0.15,5000,1,0.84,"B",0.00119127349878481,-6.7315403934041
2005,1,0.26,7000,0,0.92,"C",0.225552296564761,-1.23359808870795
2005,0,0.13,5000,0,0.69,"A",0.000161508968984057,-8.73078835932564
2005,1,0.29,2100,0,0,"Missing",0.998243822317745,6.34285788152359
2005,0,0.2,13000,0,0.8,"D",0.0827153925375407,-2.40601208239829
2005,0,0.17,11000,0,0,"C",0.00273163911451346,-5.90011806486254
2005,0,0.09,5000,0,0.28,"AA",0.000817283047429379,-7.10870745861599
2005,0,0.12,10000,0,0.81,"AA",0.00213388820129868,-6.14767334855975
2005,0,0.07,1000,1,0.08,"AA",0.000342144136269693,-7.97993625592533
2005,0,0.18,1000,1,0,"C",0.00976069425323565,-4.61958310649602
2005,0,0.09,5000,0,0,"A",0.000743667666495044,-7.20317236341859
2005,1,0.29,3000,1,0.53,"D",0.301556392127345,-0.839897405013619
2005,1,0.29,2500,0,1.09,"Missing",0.922124220027376,2.4715649506042
2005,0,0.15,7000,0,0.95,"C",0.00789328588136219,-4.83381816653762
2005,1,0.07,1000,1,1.06,"Missing",0.54557794288027,0.182819271014369
2005,0,0.15,3000,0,0.08,"AA",0.0762429432808627,-2.4945242473735
2005,1,0.25,3000,0,0,"Missing",0.754952422800677,1.12520234676331
2005,1,0.26,9000,1,0.83,"Missing",0.99903335716302,6.9407143720246
2005,0,0.16,6000,0,0.16,"A",0.0142211894094884,-4.23869893510587
2005,0,0.11,15000,0,0.21,"A",0.000512014935955535,-7.57664461550174
2005,0,0.07,1000,1,0.99,"D",0.00435823578730083,-5.43132017886742
2005,0,0.21,15000,0,0.24,"C",0.00724807060106751,-4.91974550404008
2005,0,0.29,9000,1,0.95,"D",0.258743936852799,-1.05250721805163
2005,0,0.15,5600,0,0.07,"A",0.00333023214960179,-5.70137747310983
2005,0,0.15,9500,0,0.36,"A",0.014584214599151,-4.21312391729814
2005,0,0.17,2500,0,0.59,"C",0.00285494801766009,-5.85584261235946
2005,0,0.15,10000,0,0.41,"C",0.0177627074462308,-4.01273174903345
2005,0,0.1,1000,0,0.53,"A",0.00487926576015383,-5.31786932118185
2005,0,0.15,20000,0,0.37,"A",0.0275467286128227,-3.56393823943855
2005,0,0.1,6500,0,0.34,"A",2.77493523373608e-05,-10.492270307501
2005,0,0.15,1000,0,0.27,"A",0.00639402108132122,-5.0459773809117
2005,0,0.11,6500,0,0.34,"A",0.00110144203462427,-6.81003296807495
2005,1,0.2,1000,0,0.98,"Missing",0.699151633021832,0.843261273583769
2005,1,0.15,2000,1,0.49,"D",0.241545949116438,-1.14422249753926
2005,0,0.15,5000,0,0.64,"C",0.0118046927040052,-4.42738321846596
2005,0,0.08,2500,1,0.24,"AA",0.00438928898781432,-5.42418907658814
2005,1,0.29,1000,1,1,"Missing",0.996460979973765,5.64036012173588
2005,0,0.2,12000,0,0.26,"C",0.0436893021360532,-3.0859795882628
2005,0,0.17,11300,0,0.27,"C",0.0521577277528862,-2.89991575527657
2005,0,0.1,3600,1,0.28,"A",0.00261589696662267,-5.94352890760682
2005,0,0.25,12000,0,0.43,"C",0.0277686724405131,-3.55568527281243
2005,1,0.13,1000,1,0.7,"C",0.0310357845100214,-3.44108680410889
2005,1,0.29,2700,0,0,"Missing",0.528071421362561,0.112403884600567
2005,1,0.27,7500,0,0.94,"Missing",0.989454779812296,4.54148136947898
2005,0,0.2,3000,0,0,"D",0.200075838607127,-1.38582043720722
2005,1,0.25,8500,0,0.87,"C",0.104967609050615,-2.14320809129095
2005,0,0.2,9000,0,0.88,"D",0.0350532970408464,-3.31520319387709
2005,0,0.21,3001,1,0,"C",0.0821569454931915,-2.41339502402713
2005,0,0.23,7800,1,1.03,"C",0.064266019034213,-2.67830021152376
2005,1,0.21,10000,0,0.21,"D",0.035364810446784,-3.30603271738574
2005,0,0.24,5700,0,0.1,"A",0.000896744309224261,-7.01584264094735
2005,0,0.29,3000,1,0.92,"Missing",0.337981495775854,-0.672302359787473
2005,0,0.27,8500,0,0.96,"C",0.264306832357627,-1.02370246797231
2005,0,0.11,20000,1,0.87,"AA",0.00197558747801695,-6.22491192611193
2005,0,0.16,8000,1,0.59,"C",0.0460581039631466,-3.0306990349261
2005,0,0.15,15000,0,0.62,"B",0.00852628032536575,-4.7560392452988
2005,1,0.25,4000,0,0.02,"Missing",0.903309379913873,2.23454871054258
2005,0,0.17,3000,1,0.59,"C",0.254501566060655,-1.07474604406598
2005,0,0.21,4500,0,0,"D",0.149520503213648,-1.73836677562926
2005,0,0.14,9900,0,0.02,"AA",0.0029807286406841,-5.81260231819617
2005,1,0.29,13200,0,0.98,"D",0.278514022811527,-0.951844533080726
2005,0,0.11,6001,0,0.28,"A",0.0123645051406606,-4.38048381814813
2005,1,0.23,5000,0,0.97,"Missing",0.696073751282309,0.828670550135613
2005,1,0.29,3999,0,0.96,"Missing",0.988161548134537,4.42449332833862
2005,1,0.29,2800,0,0.99,"C",0.0632775592628283,-2.6948562648781
2005,1,0.2,9999,0,0.94,"D",0.451243319058152,-0.195648435026156
2005,0,0.19,2100,0,0.86,"D",0.0109393306278913,-4.50439106452751
2005,1,0.26,3000,0,1.17,"Missing",0.822195219327872,1.5312916493207
2005,1,0.23,3550,0,0.66,"D",0.556984333788802,0.228931980151574
2005,0,0.29,3600,0,0.3,"Missing",0.847538178722675,1.715421674456
2005,0,0.24,9000,0,0.64,"D",0.415299266793986,-0.342100764017596
2005,0,0.12,15000,0,0.55,"A",0.000664391996223703,-7.31597361411827
2005,0,0.19,7500,0,0.57,"C",0.144963699615072,-1.77466056102991
2005,1,0.2,2000,0,0,"D",0.188704336947606,-1.45845111830537
2005,0,0.1,3600,1,0.28,"A",0.0046186873649523,-5.37301534794046
2005,0,0.1,3900,0,0.41,"AA",0.00202151611201941,-6.20188393645298
2005,1,0.29,1500,1,1.29,"Missing",0.977205456781097,3.75817574865498
2005,1,0.29,5100,0,0.66,"Missing",0.827012958047844,1.56460367395895
2005,1,0.23,4000,1,1,"Missing",0.968721603840668,3.43304962738955
2005,0,0.27,15000,1,0.75,"C",0.0356104862857544,-3.29885511979716
2005,0,0.18,1000,1,0.61,"D",0.245275219550116,-1.1239722284194
2005,0,0.29,25000,0,0.98,"D",0.0299877530834821,-3.47651962934208
2005,0,0.2,5000,1,0.95,"C",0.00599358550918213,-5.11105384429633
2005,1,0.2,3500,0,0,"Missing",0.735000494774378,1.02014321346368
2005,1,0.24,5500,0,0,"D",0.262074697739648,-1.0352130340257
2005,0,0.17,1000,0,0.89,"Missing",0.67654494481206,0.737938711341944
2005,1,0.26,12000,0,0.59,"D",0.504358821769491,0.0174357287764058
2005,0,0.17,20000,1,0.01,"AA",0.0270872430687579,-3.58123153258454
2005,0,0.18,3500,0,0.01,"C",0.0199136570527674,-3.8962348924279
2005,1,0.22,15000,0,0.04,"D",0.21282021908778,-1.30800889312725
2005,0,0.2,5000,0,0.65,"B",0.0014727794483473,-6.51913001722555
2005,0,0.14,25000,0,0.23,"B",0.000574252615777143,-7.46186674372438
2005,0,0.19,9900,0,0.36,"C",0.0110418610665521,-4.49495840255645
2005,0,0.2,5000,0,0.7,"D",0.19913753806635,-1.39169349232175
2005,1,0.29,7000,1,0,"Missing",0.952471918239798,2.99773989309798
2005,0,0.2,6000,0,1,"C",0.00621636722650441,-5.0743338207529
2005,0,0.11,5000,1,0.45,"B",0.000727225239765709,-7.22554681775834
2005,1,0.29,5300,0,0.83,"Missing",0.868536770924125,1.8880827374967
2005,1,0.28,3900,0,1.08,"Missing",0.843692734274773,1.68596464728127
2005,0,0.1,7500,0,0.2,"AA",0.000229960744760545,-8.37737195137207
2005,0,0.29,6000,0,0,"Missing",0.81362597361324,1.47374521940455
2005,0,0.19,6000,1,0.61,"D",0.272141762277243,-0.983783185462689
2005,0,0.07,1850,1,0.31,"AA",0.000444012038752447,-7.71921477095104
2005,0,0.12,25000,1,0,"AA",0.00922389208617925,-4.67669149973512
2005,0,0.15,2500,0,0.44,"D",0.0340495619162388,-3.34529535994811
2005,0,0.29,10000,0,0.93,"D",0.0553416448958878,-2.837297635766
2005,1,0.19,4400,0,0.98,"D",0.374247030492216,-0.514039587106736
2005,0,0.25,3000,0,0.97,"Missing",0.700495769141459,0.849659782127774
2005,0,0.11,5000,1,0.45,"B",0.00150093460474035,-6.50016523293902
2005,0,0.17,17000,1,0.59,"B",0.00721016703201898,-4.92502687532838
2005,0,0.29,7000,0,0,"C",0.0935492214715802,-2.271048999723
2005,0,0.25,9900,0,0.37,"B",0.00469528627810729,-5.35648984931776
2005,0,0.1,4000,0,0.34,"A",0.000601564619272351,-7.41537485247617
2005,0,0.15,18000,0,0.37,"B",8.10489870076998e-05,-9.42037575595178
2005,1,0.24,1000,1,0.98,"Missing",0.911216866244148,2.3285842251109
2005,0,0.16,3500,0,0,"C",0.0557839477057415,-2.8288688564384
2005,0,0.29,25000,0,0.58,"D",0.257299755982374,-1.06005075232058
2005,0,0.24,4500,0,0.6,"D",0.143651007936759,-1.78529119204695
2005,1,0.29,5100,0,0.66,"Missing",0.90343643433356,2.23600424958242
2005,0,0.14,5000,0,0.68,"B",0.0221278653823715,-3.78854122847141
2005,1,0.29,20000,0,0.95,"Missing",0.956536043681395,3.09138646681032
2005,0,0.21,5000,0,0,"C",0.011830299190637,-4.4251904764408
2005,0,0.29,25000,0,0.57,"B",0.000891225842766981,-7.02202106827226
2005,0,0.17,7100,0,0.95,"D",0.0834102590888041,-2.39688866700851
2005,0,0.23,9600,0,0.94,"D",0.22124315385354,-1.25843652088788
2005,0,0.14,8000,0,0.21,"B",0.00304426371562718,-5.79144730125432
2005,0,0.22,20000,1,0.89,"C",0.0217554627425939,-3.80589479029782
2005,0,0.22,2000,0,0,"Missing",0.598518831458173,0.399297359400952
2005,0,0.09,9000,0,0.37,"AA",2.77283308491398e-05,-10.4930281643958
2005,0,0.09,1500,0,0.29,"A",0.000114527830452859,-9.07457816939153
2005,0,0.11,6000,0,0,"A",0.000722921742496572,-7.23148639846453
2005,0,0.15,2600,0,0.68,"C",0.00600488391290022,-5.10915916964634
2005,0,0.18,3000,0,0.79,"B",0.0323886180302057,-3.39702347604514
2005,0,0.16,8000,0,0.9,"B",0.00304991665525116,-5.78958643775384
2005,1,0.22,6500,1,0.97,"Missing",0.856303995454552,1.78492545941211
2005,0,0.18,3002,1,0.8,"D",0.144983426499955,-1.77450141707195
2005,1,0.29,6500,1,0.85,"D",0.293758845250268,-0.877197581638751
2005,0,0.26,2600,0,0.73,"D",0.200046946155198,-1.38600097347296
2005,0,0.12,7500,1,0,"B",0.00340314509910454,-5.6796462968187
2005,1,0.25,10000,0,0.87,"Missing",0.639262199157125,0.572163316550909
2005,1,0.29,2100,0,1,"Missing",0.885728935711158,2.04783757923686
2005,0,0.18,3001,0,0.8,"D",0.301842477916903,-0.838539468643561
2005,0,0.15,3000,0,0.05,"AA",0.000117585806458014,-9.04822463044781
2005,1,0.25,4000,1,0.47,"C",0.116448625831742,-2.02649924277311
2005,0,0.15,3500,0,0.3,"C",0.00922451351898645,-4.67662350270486
2005,0,0.07,3000,1,0.01,"AA",0.000194073537921004,-8.54707931690549
2005,0,0.1,2000,0,0,"AA",0.00341415045896915,-5.67640659244222
2005,0,0.05,1000,0,0.42,"D",0.00116815099663177,-6.75116429117679
2005,0,0.2,5500,0,0.8,"D",0.0305573060232801,-3.45711755736864
2005,0,0.21,1500,0,0.01,"C",0.00834176484622392,-4.77810372066853
2005,0,0.23,8000,1,0,"C",0.063775154927549,-2.68649197341578
2005,0,0.16,3300,0,0.3,"C",0.00110388691259597,-6.80781327397224
2005,1,0.29,3000,1,0,"Missing",0.920960832018615,2.45547398085099
2005,0,0.21,4500,0,0,"D",0.262948010756566,-1.03070209651042
2005,0,0.18,7500,0,0,"C",0.00554003639507555,-5.19019876942478
2005,1,0.29,1800,0,0.98,"Missing",0.959842750302405,3.17396647986384
2005,1,0.15,1200,1,0,"Missing",0.804072035658442,1.4119417989499
2005,0,0.14,9250,0,0.92,"B",0.00130758020405753,-6.63826858653811
2005,1,0.29,2560,0,1,"Missing",0.955888381711371,3.07591794969093
2005,0,0.22,5000,0,0.93,"D",0.0351725526764492,-3.31168324935851
2005,0,0.28,6000,0,0,"D",0.0212509234571528,-3.8298749525645
2005,0,0.21,15000,0,0.24,"C",0.00237058748707409,-6.04224406793393
2005,0,0.13,1200,0,0.72,"D",0.00377993546016734,-5.57426124605635
2005,0,0.1,3000,0,0,"A",0.000877939887771309,-7.03705410612323
2005,0,0.28,4000,0,0,"Missing",0.571682723847978,0.288719938525564
2005,0,0.12,5000,0,0,"AA",0.00188789406616195,-6.27040364347313
2005,1,0.09,1025,1,0.76,"D",0.357060776803052,-0.588144188645496
2005,0,0.1,3000,0,0.2,"AA",0.00129672754427362,-6.64661389278774
2005,0,0.1,3000,0,0.04,"AA",0.000755318899419091,-7.18761491026098
2005,0,0.23,3250,0,0.93,"D",0.085588379078777,-2.36873130568765
2005,0,0.15,1500,1,0.2,"C",0.00715821354040352,-4.93231087819805
2005,0,0.17,8500,1,0.21,"B",0.00276448941608274,-5.88813100303008
2005,1,0.26,2200,0,0.97,"Missing",0.964217403407771,3.29385514489238
2005,0,0.11,25000,0,0.35,"AA",5.92982794795655e-05,-9.73287096617913
2005,1,0.29,1000,0,0,"Missing",0.967070049646433,3.37988834424999
2005,0,0.29,10000,0,0.51,"D",0.0911584489351204,-2.29957157824397
2005,0,0.09,5000,0,0,"AA",0.000111454773589575,-9.10178020639493
2005,1,0.24,2550,1,0.93,"Missing",0.872533364794037,1.92354624810309
2005,0,0.29,10000,0,0.62,"C",0.00898003841033724,-4.7037305173773
2005,0,0.09,3500,0,0.1,"AA",0.000651822280270875,-7.33508657465618
2005,0,0.2,5000,0,0.97,"C",0.0554198990505147,-2.83580177322905
2005,0,0.17,1000,0,0.72,"C",0.00304443745847752,-5.79139005640202
2005,1,0.26,5000,0,0,"Missing",0.970183368193439,3.48241874086879
2005,0,0.11,1600,0,0.9,"B",0.00847085403479493,-4.76261700922235
2005,0,0.24,25000,0,0,"A",0.00806149150055687,-4.81256252886798
2005,0,0.17,25000,0,0.78,"B",0.00119792570460185,-6.72596515361295
2005,0,0.23,10000,0,0.88,"C",0.0314530259987408,-3.42730178878495
2005,0,0.15,25000,0,0,"B",0.000269070561581579,-8.22026779528013
2005,0,0.25,25000,0,0.71,"A",0.0110571856307653,-4.4935560083335
2005,0,0.15,8575,0,0.9,"B",0.00057276970107735,-7.46445390608443
2005,0,0.09,2000,0,0.85,"A",0.13021874473807,-1.89902606108688
2005,0,0.13,25000,1,0.11,"AA",0.00767673174584842,-4.86185502679544
2005,0,0.2,3000,1,0.07,"D",0.0617853773602877,-2.72031200744437
2005,0,0.13,10000,0,0.78,"B",0.000205621090502311,-8.48926980714668
2005,1,0.24,10000,1,0.73,"D",0.44682524278947,-0.21350640581296
2005,1,0.29,3800,0,1,"Missing",0.94203007771189,2.78811290889991
2005,0,0.11,6000,0,0.1,"A",0.000232773132701459,-8.36521345789659
2005,1,0.24,1000,0,0.81,"Missing",0.795548705457542,1.35870229350331
2005,1,0.23,3500,0,0.92,"Missing",0.972446849649764,3.5636985413404
2005,1,0.29,3000,1,0.98,"Missing",0.993757726292527,5.07014894861376
2005,1,0.29,4000,0,0,"Missing",0.968529096379673,3.42671510075126
2005,0,0.11,1500,0,0,"AA",0.00110285503290277,-6.80874951354865
2005,0,0.25,13000,0,0.93,"D",0.38699975979371,-0.459941255448286
2005,0,0.15,5000,0,0,"C",0.0109887180401266,-4.49983662523791
2005,1,0.29,3001,0,0.92,"Missing",0.958470788445107,3.1389420131898
2005,0,0.14,2400,0,0.94,"B",0.00247544981287517,-5.99885463809427
2005,0,0.29,7000,1,0.91,"D",0.37052542418415,-0.529963401105476
2005,1,0.29,3000,0,0.29,"Missing",0.987005185623342,4.33012490956518
2005,0,0.24,15000,0,0.86,"B",0.00655259918590976,-5.02131932406253
2005,1,0.29,3000,0,0.94,"Missing",0.982305575911885,4.01665287036941
2005,0,0.25,10000,1,0,"A",0.0347607231812552,-3.32388792069065
2005,1,0.17,1100,0,0.29,"D",0.0430136765609439,-3.10227097559339
2005,0,0.15,9999,0,0.31,"A",0.000503822736211614,-7.59278211592705
2005,0,0.19,1000,0,0.87,"C",0.0183350527524601,-3.98043537722102
2005,0,0.16,3800,0,0,"B",8.7864596126974e-05,-9.33962574038926
2005,0,0.1,2000,0,0,"AA",0.000201532712060817,-8.5093572939976
2005,1,0.29,3000,0,0.61,"Missing",0.942093465059442,2.7892742452672
2005,1,0.2,2000,0,0.77,"Missing",0.256895847007192,-1.06216547569807
2005,0,0.11,6000,0,0.4,"AA",0.000255085209441584,-8.273657796201
2005,1,0.24,1200,0,1.09,"Missing",0.991375753835343,4.74451607089838
2005,1,0.29,5000,0,0.9,"Missing",0.907371085815833,2.28195016072897
2005,0,0.25,14000,0,0.84,"B",0.00968776336701832,-4.62715670335908
2005,0,0.08,4000,0,0.13,"AA",0.00029855635423035,-8.11625325062796
2005,0,0.21,5000,0,0.26,"D",0.0943926883362244,-2.26114216516368
2005,0,0.29,25000,0,0.38,"B",0.196101453767681,-1.41084092836408
2005,0,0.2,6000,0,1,"C",0.157778372836983,-1.67485185001129
2005,0,0.08,3500,0,0.46,"AA",0.000689288702474782,-7.27916083168817
2005,1,0.2,5200,1,0.77,"D",0.454558240186475,-0.182269988162704
2005,0,0.13,9999,0,0.61,"B",0.00245193186751802,-6.00842410501253
2005,0,0.21,5000,0,0.97,"D",0.0376061428086718,-3.24225637221501
2005,0,0.14,9000,0,0.14,"B",0.00229768126108741,-6.07355448694161
2005,0,0.11,10500,0,0.16,"AA",0.000134695622654589,-8.91235826737744
2005,1,0.29,3000,0,1.34,"Missing",0.982624814584885,4.03518431065279
2005,0,0.24,7100,0,0.9,"D",0.0800669390438561,-2.44143788471373
2005,1,0.29,2500,0,0,"Missing",0.813104029320742,1.47030690317539
2005,0,0.17,11000,0,0,"C",0.02681332796274,-3.59167683988646
2005,0,0.22,8500,0,0.93,"D",0.266081129171824,-1.0145972331326
2005,0,0.16,3000,0,0.81,"B",0.00650162150729286,-5.0291808214231
2005,1,0.29,2550,0,1,"Missing",0.971935859985976,3.54479720933987
2005,1,0.29,3000,0,0.61,"Missing",0.789262466596141,1.32048548115929
2005,0,0.23,4500,1,0,"D",0.30192033556873,-0.838170035604007
2005,0,0.17,1600,0,0.98,"C",0.0400552266790446,-3.17661658617063
2005,0,0.2,7500,1,0.52,"D",0.261678019645006,-1.03726520184708
2005,0,0.23,10000,0,0,"D",0.0389439048936733,-3.20591050419369
2005,1,0.29,3000,1,0,"Missing",0.927119023386223,2.54325430048042
2005,1,0.2,1100,0,0,"Missing",0.661545931217609,0.670191023397061
2005,1,0.15,2000,0,1.59,"Missing",0.931215184237958,2.60550736349359
2005,0,0.28,3500,0,1.01,"Missing",0.90761369023999,2.28484003189367
2005,1,0.23,15000,0,0.77,"C",0.217831743655199,-1.27834693227888
2005,0,0.23,15000,1,0.76,"B",0.00708234857326261,-4.94304215944327
2005,1,0.29,3100,0,1,"Missing",0.411584358511912,-0.357419569894369
2005,1,0.24,1000,1,0,"Missing",0.989546196690048,4.55028058555393
2005,0,0.19,2100,0,0.86,"D",0.0670967210266231,-2.63216635296015
2005,0,0.19,6000,1,0.61,"D",0.142662192051559,-1.79335247360301
2005,0,0.23,25000,0,0.04,"AA",0.005628248450445,-5.17431284855884
2005,1,0.22,5000,0,0.86,"Missing",0.754707465473397,1.1238786944692
2005,0,0.15,1500,1,0.64,"AA",0.00160178311167237,-6.43503475813599
2005,0,0.16,5000,1,0.69,"C",0.0236456361412156,-3.72064701866998
2005,0,0.11,9000,0,0.33,"A",0.00903934051223917,-4.69708861619263
2005,0,0.19,20000,1,0.82,"B",0.00185426836061499,-6.28840908584317
2005,0,0.18,15000,0,0.51,"B",0.00276956762108447,-5.8862906544685
2005,1,0.29,2550,1,0.76,"Missing",0.981186877774878,3.95420832159348
2005,0,0.13,9000,0,0,"A",0.00201760932578289,-6.203822323107
2005,0,0.21,5000,0,0,"C",0.0187553293684246,-3.95734389286586
2005,0,0.16,10000,0,0.11,"B",0.00281981781626041,-5.86825919928986
2005,1,0.17,1000,0,0.89,"Missing",0.800126868840244,1.38708748007939
2005,0,0.09,5000,0,0.17,"AA",0.000159968233132825,-8.74037532433313
2005,0,0.24,22000,0,0.93,"D",0.0849804841120963,-2.37652376244002
2005,0,0.15,2600,0,0.68,"C",0.0467165151696693,-3.01581457909145
2005,0,0.22,19000,0,0.75,"C",0.0374292293465198,-3.24715565889882
2005,1,0.23,4400,1,0,"Missing",0.851905573229385,1.74962560210722
2005,1,0.29,3600,1,0,"Missing",0.944701811616766,2.83812918624199
2005,0,0.21,5000,0,0,"C",0.077735792757231,-2.47351593678641
2005,0,0.24,25000,0,0.97,"C",0.0103463120853404,-4.5607249357863
2005,1,0.29,5000,0,0,"Missing",0.91279212176053,2.34821349404425
2005,0,0.25,10000,1,0.71,"D",0.072637018024396,-2.54687037321636
2005,1,0.29,3000,0,0,"Missing",0.939139333021119,2.73637674903328
2005,0,0.29,5000,1,0.7,"C",0.156662016335214,-1.68327708463655
2005,0,0.09,1500,0,0.29,"A",0.00309088800197782,-5.77620117541495
2005,0,0.17,6000,0,0.6,"C",0.0455640118113466,-3.0420023874676
2005,0,0.11,1500,0,0.2,"B",0.000420309791090312,-7.77409812259837
2005,0,0.18,4500,1,0.71,"C",0.0141748835312639,-4.242007339116
2005,0,0.17,11000,0,0.61,"C",0.00383288711601171,-5.56029669212362
2005,1,0.29,3005,1,0.76,"Missing",0.834885538266143,1.62065569465907
2005,0,0.23,13100,0,0.71,"D",0.272744789113907,-0.980740943001511
2005,1,0.21,2550,0,0.24,"Missing",0.937985584346474,2.71636771182812
2005,0,0.15,18000,0,0.37,"B",0.000393405252103447,-7.84027681889961
2005,0,0.13,7500,0,0.92,"B",0.000727281991190239,-7.22546872570618
2005,1,0.25,5000,0,1,"Missing",0.959660510020883,3.16924869713319
2005,0,0.25,25000,0,0.47,"AA",0.00306283811037005,-5.78534576762062
2005,0,0.12,4000,0,0.28,"AA",0.000604536101943268,-7.41044444879462
2005,0,0.29,5000,0,0.83,"Missing",0.667095732939223,0.695078600917165
2005,0,0.15,4500,0,0.96,"A",0.000958844055759868,-6.94882280356629
2005,0,0.11,12000,0,0.47,"A",0.000261127663110123,-8.250239977774
2005,1,0.23,2000,0,0.9,"Missing",0.520682269554975,0.0827763105618202
2005,0,0.18,8000,0,0.35,"C",0.0131116934663464,-4.32105240535589
2005,0,0.13,6000,1,0.22,"A",0.0114830903841223,-4.45533019691558
2005,0,0.15,1500,0,0.8,"C",0.0250662381795422,-3.66084768385531
2005,0,0.14,24000,0,0.54,"A",0.00809823843946203,-4.80797751027877
2005,0,0.24,4000,0,0.63,"D",0.0782560431194274,-2.46628142615401
2005,0,0.09,3001,0,0.34,"AA",0.00101104014610372,-6.89576407883884
2005,0,0.17,1800,0,0.96,"Missing",0.03906075807407,-3.20279284997072
2005,0,0.21,15000,0,0.24,"C",0.0701886452919178,-2.58379517120091
2005,0,0.2,4000,1,0.98,"B",0.011789676826662,-4.42867124942535
2005,0,0.2,5000,1,0.95,"C",0.324079470367638,-0.735086744788001
2005,0,0.23,7500,1,0.81,"Missing",0.955207620159938,3.05989068806314
2005,0,0.28,2000,0,0.77,"Missing",0.130476491081531,-1.89675230514729
2005,1,0.29,6000,0,0,"Missing",0.929074607179172,2.57256052549858
2005,0,0.23,7500,0,0.89,"D",0.372946987618874,-0.519594801114018
2005,0,0.16,3500,0,0,"C",0.00465593433827092,-5.36494586429566
2005,0,0.15,3000,0,0.27,"C",0.0121474143834418,-4.39841714258162
2005,1,0.29,8500,1,0.87,"Missing",0.887480974793697,2.06526476397621
2005,0,0.13,4950,0,0,"B",0.00179934137802951,-6.31853361999566
2005,1,0.28,2250,0,0.57,"Missing",0.91142624386001,2.33117506588323
2005,0,0.22,17500,0,0,"AA",0.000887238755934123,-7.02650880687261
2005,0,0.24,7500,1,0.82,"D",0.0543027661253736,-2.85734730188918
2005,0,0.29,3500,0,0.88,"Missing",0.73368217537984,1.01338550633147
2005,0,0.21,10000,0,0.84,"D",0.144834608688668,-1.77570242868578
2005,0,0.19,4400,0,0.98,"D",0.0578818480931665,-2.78972686237344
2005,0,0.16,5000,0,0.94,"B",0.000198031579893775,-8.52688599438388
2005,0,0.2,6001,0,0.77,"C",0.0289139273894136,-3.51409171200544
2005,0,0.23,1525,0,0.56,"D",0.27514747354559,-0.968661001011586
2005,0,0.2,25000,0,0.08,"B",0.00384871124713829,-5.55616079112936
2005,0,0.11,2593,0,1.01,"Missing",0.146418087101893,-1.76297537088813
2005,0,0.16,10999,0,0.97,"B",0.00185013245589382,-6.29064619860959
2005,1,0.29,3975,0,0.97,"Missing",0.82764788431999,1.56904823507975
2005,0,0.17,5000,0,0.46,"A",0.00653474806852038,-5.02406529074476
2005,1,0.17,1000,1,0.76,"D",0.120166737726989,-1.99085215542514
2005,1,0.29,2100,0,0,"Missing",0.981200637578011,3.95495400664143
2005,1,0.29,6000,1,0.79,"Missing",0.976668034428786,3.73432248049446
2005,0,0.14,2500,1,0.71,"B",0.000339057961673904,-7.98900037135505
2005,1,0.29,3000,0,0.91,"Missing",0.78434402280592,1.29116328888668
2005,1,0.28,4000,0,0,"Missing",0.987493240871388,4.36890042360939
2005,0,0.15,1000,0,0,"D",0.0171827379786201,-4.04651793064147
2005,0,0.18,20000,0,0.67,"B",0.00363294609642173,-5.61407180178992
2005,0,0.24,5700,0,0.1,"A",0.0393150067983379,-3.19604026623901
2005,0,0.15,9500,0,0.37,"C",0.0116077461031005,-4.44440699430784
2005,0,0.2,3000,0,0.98,"D",0.00263395207424167,-5.93663244384604
2005,0,0.23,18000,0,0.58,"C",0.0560238068157559,-2.82432422463656
2005,0,0.23,8500,0,1,"D",0.21684991159432,-1.28411889880936
2005,1,0.29,2500,1,0,"Missing",0.951516500962941,2.97683351462492
2005,0,0.12,1000,1,0.45,"D",0.141047821525051,-1.80661425664754
2005,0,0.23,19000,0,0.95,"C",0.0851371875094529,-2.37451019619155
2005,0,0.08,3000,0,0.03,"AA",0.000170268998398364,-8.67796074448485
2005,1,0.29,5000,0,0.72,"Missing",0.971521842952393,3.5297263782608
2005,0,0.28,25000,1,0.75,"C",0.0203100975359923,-3.87611791759044
2005,0,0.19,3725,0,0.78,"D",0.0230502555962223,-3.74675835387939
2005,0,0.22,4000,0,0.47,"B",0.00159519570855102,-6.43916237959869
2005,0,0.15,10000,0,0.41,"C",0.0926006659045079,-2.28228630054999
2005,0,0.13,5000,0,0.69,"A",0.00325965973078967,-5.72286748211466
2005,0,0.16,23000,1,0.13,"A",0.000267434492049479,-8.22636844089418
2005,1,0.19,6000,0,0.49,"C",0.0219098086448565,-3.79866746610289
2005,0,0.2,8500,0,0.89,"D",0.0173593926329757,-4.03610972328742
2005,1,0.2,9500,0,0.72,"D",0.0896199483116447,-2.31828421893428
2005,0,0.22,10000,0,0.65,"C",0.0150884262869561,-4.17862388539286
2005,0,0.17,2550,0,0.25,"C",0.0272663398811638,-3.574457344037
2005,0,0.11,20000,1,0.87,"AA",0.000203542114763763,-8.49943405950491
2005,0,0.15,1250,0,0.74,"C",0.00285642577209588,-5.85532365260904
2005,0,0.29,3000,1,0,"Missing",0.971244546476631,3.51975084968856
2005,1,0.24,5500,0,0,"D",0.174718619625771,-1.55254760327298
2005,0,0.1,6000,0,0.52,"A",0.0139832476000967,-4.25581333159713
2005,0,0.22,9000,0,0.95,"D",0.171152243969866,-1.57748301451789
2005,0,0.24,10000,1,0,"C",0.190701105659493,-1.44546099981897
2005,0,0.18,9200,0,0.71,"C",0.0163219042420631,-4.09879068084525
2005,0,0.15,2500,0,0.56,"C",0.000770087400833415,-7.16823615791172
2005,1,0.29,2400,0,0.87,"Missing",0.689916928404391,0.799730962256657
2005,0,0.09,2000,0,0.06,"AA",0.00108568404156236,-6.82445876376548
2005,1,0.2,1500,0,0.88,"Missing",0.527170930322196,0.108790893623073
2005,0,0.2,2000,1,0.87,"Missing",0.488252336322902,-0.0469993043302417
2005,0,0.28,6000,0,0,"D",0.0241922798713147,-3.69723199025464
2005,0,0.15,3200,0,0.7,"C",0.0242184347094208,-3.69612464729089
2005,0,0.15,3000,1,0.99,"C",0.0839155722671087,-2.39029732909945
2005,0,0.23,1300,0,0.43,"D",0.055395050817632,-2.83627654255528
2005,0,0.15,6000,0,0.39,"B",0.00136149494263119,-6.59780953779497
2005,0,0.08,3000,0,0,"AA",0.000265355825899371,-8.23417350236434
2005,0,0.15,20000,0,0.75,"B",0.00563462923603787,-5.17317336663272
2005,0,0.25,3000,0,0.71,"D",0.106942463612127,-2.12236004266073
2005,0,0.15,2550,0,0.98,"Missing",0.489095965415791,-0.0436230548043476
2005,0,0.13,10000,0,0.28,"AA",8.26531718518447e-05,-9.40077470093298
2005,1,0.27,6000,0,0.85,"Missing",0.875300908668587,1.94866415703798
2005,0,0.24,25000,1,0.46,"C",0.0104955263152003,-4.54625518503646
2005,0,0.17,10000,1,0.6,"A",0.0107897096522555,-4.51831406834816
2005,1,0.25,3000,1,0.93,"Missing",0.903243437916587,2.23379395027076
2005,0,0.15,5000,0,0.27,"B",0.0029156781755828,-5.83473289890733
2005,0,0.23,3890,0,0.97,"Missing",0.725322655431838,0.971019481487143
2005,1,0.29,3000,0,0.61,"Missing",0.902114247849537,2.22094016840825
2005,1,0.25,15000,1,0.82,"D",0.694611682701375,0.8217688212082
2005,0,0.18,1000,1,0.61,"D",0.032419635163293,-3.39603422308639
2005,1,0.28,5200,1,0.92,"Missing",0.92545707383524,2.51891259976169
2005,1,0.25,5500,0,0.49,"Missing",0.381322297185175,-0.483939521215611
2005,0,0.13,25000,1,0.11,"AA",0.0119160728689533,-4.41787949057738
2005,1,0.29,2500,0,0.89,"Missing",0.814468273957061,1.47930957842214
2005,0,0.25,9500,0,0.64,"D",0.126023533892247,-1.9365847822094
2005,1,0.19,1000,1,0,"Missing",0.977946822762919,3.79199861120629
2005,0,0.25,5000,0,0.2,"D",0.208456465815935,-1.33425465754435
2005,0,0.15,3000,1,0.99,"C",0.0822333850372515,-2.41238176261784
2005,0,0.14,5000,1,0.39,"B",0.000887267125984198,-7.02647680332263
2005,1,0.29,3000,1,0.8,"Missing",0.856721930948696,1.78832611706353
2005,0,0.13,4250,1,0.99,"B",0.0018388341976326,-6.29678296947759
2005,1,0.22,5400,0,0.63,"D",0.497311226222526,-0.0107551987837047
2005,0,0.22,8000,1,0.93,"D",0.0348620438249784,-3.32087238299739
2005,0,0.29,12000,0,0.92,"C",0.191778908909736,-1.43849245625026
2005,0,0.09,3030,0,0.04,"AA",0.000417189273457931,-7.78155326963822
2005,1,0.29,10000,0,0,"Missing",0.878973447451081,1.98274472547517
2005,0,0.25,15000,1,1.04,"D",0.0999889920932634,-2.19734689339542
2005,0,0.2,3000,0,0.98,"D",0.217115395597668,-1.28255631974264
2005,1,0.29,2500,1,1.01,"Missing",0.987873175836082,4.40013445295374
2005,0,0.18,9800,1,0.72,"C",0.0866646403209286,-2.35505716817655
2005,1,0.29,4500,1,0.6,"Missing",0.980282763302073,3.90634785155259
2005,0,0.2,8500,0,0.48,"B",0.10116247900391,-2.18437435782273
2005,1,0.25,3000,0,0.97,"Missing",0.638670301533225,0.569597527495362
2005,0,0.07,2550,1,0.63,"Missing",0.223977736404989,-1.24263455410515
2005,1,0.29,2550,0,0.99,"Missing",0.980669255986446,3.92653847028123
2005,0,0.16,25000,0,0,"AA",0.000644693718631317,-7.34609030715994
2005,1,0.24,1800,0,1.18,"Missing",0.937107466163798,2.70137050969187
2005,0,0.12,5000,0,0,"AA",0.00717347497057774,-4.9301657595286
2005,1,0.29,5000,0,0.51,"Missing",0.986451127166635,4.2878104244538
2005,0,0.07,2000,0,0.39,"C",0.0054967371803218,-5.19808870289258
2005,0,0.15,4500,0,0.96,"A",0.00342889495467629,-5.67208245327287
2005,1,0.29,2500,0,0.85,"Missing",0.721996756091696,0.95438786357748
2005,0,0.06,1000,0,0.04,"AA",0.000929708808036127,-6.97970898922928
2005,0,0.16,25000,0,0.63,"A",0.0230275818876253,-3.7477657104853
2005,0,0.09,2500,0,0.28,"AA",0.000155007404541622,-8.77188265153034
2005,0,0.15,2600,0,0.68,"C",0.00345256048616808,-5.66518061897985
2005,0,0.24,9500,0,0.86,"D",0.0451715173392413,-3.05106498419277
2005,1,0.29,5000,0,0.77,"D",0.361531616247588,-0.5687226615315
2005,0,0.23,14000,1,0.83,"C",0.0392710524467807,-3.19720464818663
2005,0,0.11,10000,0,0.17,"AA",0.000690135327522409,-7.27793247917872
2005,0,0.16,5000,0,0.89,"C",0.0399221339547608,-3.18008348584126
2005,1,0.29,2500,0,0,"Missing",0.980566189852496,3.92111580930235
2005,0,0.11,3000,0,0.89,"B",0.00253936320605046,-5.97329934280565
2005,0,0.09,3030,0,0.04,"AA",7.73645977288833e-05,-9.46690390809815
2005,0,0.15,1000,0,0,"D",0.249901250194507,-1.09913902366289
2005,0,0.14,9500,0,0.77,"A",0.00169875966104315,-6.3761567011774
2005,0,0.14,11500,1,0.36,"A",0.00137281271844572,-6.5895198087823
2005,0,0.29,12000,0,0.92,"C",0.0724422688972218,-2.54976508274142
2005,1,0.29,1000,1,0.42,"Missing",0.997824697031403,6.12840965585854
2005,1,0.21,5000,0,0.26,"D",0.0818234028836851,-2.41782644219306
2005,0,0.29,6000,1,0,"D",0.260841954475472,-1.04159707661904
2005,0,0.25,2000,0,0,"D",0.235709789343205,-1.17634623177609
2005,0,0.11,1000,1,0.97,"C",0.015203437461665,-4.17091353326843
2005,1,0.29,9000,1,0,"Missing",0.980158699569481,3.89994885128846
2005,0,0.22,18200,1,0.8,"C",0.213958841907039,-1.30122548605688
2005,0,0.29,3001,0,0.85,"Missing",0.291197497069189,-0.889575209451408
2005,1,0.29,2000,0,0.98,"Missing",0.970783462775206,3.50336854679392
2005,1,0.25,1250,0,0.99,"Missing",0.850177905393789,1.73599707380697
2005,0,0.22,6001,0,0,"D",0.104454650314514,-2.14867985303547
2005,0,0.2,1990,1,1,"D",0.699255342568128,0.843754381932285
2005,0,0.25,3000,0,0.62,"Missing",0.337871437609267,-0.67279427906495
2005,0,0.18,12000,0,0.93,"B",0.000771691569613544,-7.16615361951852
2005,0,0.1,1000,0,0.24,"A",0.00162026606867309,-6.42354332318274
2005,0,0.15,3800,0,0.2,"B",0.000784361027369827,-7.14985648071514
2005,0,0.16,6000,1,0.55,"C",0.259972446362933,-1.04611177027717
2005,0,0.25,25000,0,0.71,"A",0.0330743439286678,-3.37536373755973
2005,0,0.25,15000,0,0.83,"C",0.0304506947902637,-3.46072251840746
2005,0,0.24,15000,0,0.86,"B",0.00639794757619848,-5.04535952910679
2005,0,0.2,5000,0,0.43,"D",0.278599867932217,-0.951417364236189
2005,0,0.18,2500,0,0.87,"D",0.0193024300033442,-3.92803312967558
2005,0,0.15,4000,0,0.46,"B",0.00949084944089729,-4.64789098675162
2005,0,0.06,1000,0,0.04,"AA",3.47474096037411e-05,-10.2673707844959
2005,0,0.22,5000,0,0.93,"D",0.180888751926599,-1.51033769659848
2005,0,0.25,9000,0,0.97,"D",0.115712896264082,-2.03366969694577
2005,1,0.29,1000,0,0.92,"Missing",0.456732736002898,-0.173503000665579
2005,0,0.16,15000,0,0.59,"A",0.00433680657652624,-5.43627077577291
2005,0,0.12,4500,0,0.09,"AA",0.00291007584699072,-5.83666181553004
2005,0,0.28,6000,0,0,"D",0.16859921987253,-1.59558754668151
2005,0,0.16,8200,0,0.87,"C",0.0375279320595833,-3.24441953478736
2005,0,0.23,6500,0,0.75,"D",0.209503463050808,-1.32792100650297
2005,0,0.14,3000,0,0.35,"C",0.015409128613307,-4.15726609498794
2005,0,0.11,1000,0,0.05,"C",0.00488181342079798,-5.31734475712592
2005,0,0.1,2750,0,0.37,"AA",0.000104463858701226,-9.16656492681283
2005,1,0.17,3500,0,0.76,"Missing",0.738339225167902,1.0373544613951
2005,0,0.12,9000,0,0.05,"AA",0.00467240040479793,-5.36139898385803
2005,0,0.22,25000,0,0.63,"AA",0.00422954938282393,-5.46142130125377
2005,1,0.29,2600,0,0.98,"Missing",0.929764057834165,2.58307067603559
2005,0,0.11,14000,0,0.56,"AA",0.000719435672442418,-7.23632374696074
2005,1,0.29,7000,0,0,"Missing",0.973151758083373,3.59033969843164
2005,0,0.2,6001,0,0,"A",0.000446141988843761,-7.71442705443418
2005,0,0.11,1850,0,0.86,"C",0.0132325017812333,-4.31175838820869
2005,0,0.14,14500,0,0.48,"A",0.00036229818289026,-7.92268061173077
2005,0,0.17,5000,0,0.93,"C",0.00597923631257353,-5.11346524258014
2005,0,0.28,10000,0,0.87,"D",0.209572336372189,-1.32750518457105
2005,1,0.29,6500,0,0.89,"Missing",0.930939433510583,2.60121032506854
2005,0,0.15,1250,0,0.74,"C",0.0786280645377308,-2.4611351025621
2005,0,0.09,5000,0,0,"A",0.00196733233322733,-6.22910752941243
2005,0,0.25,15000,0,0.11,"D",0.0828871149754693,-2.4037509456766
2005,1,0.28,3500,0,0,"Missing",0.981949224885535,3.99635097471196
2005,1,0.29,5500,1,0.89,"Missing",0.944909590531621,2.84211360734784
2005,0,0.25,5000,0,0.76,"C",0.0348081775172135,-3.32247451605748
2005,0,0.1,1000,0,0.2,"A",0.00405404186941097,-5.50397862130528
2005,0,0.14,5000,0,0.84,"C",0.0321646305281448,-3.40419458192274
2005,1,0.29,1000,1,1,"Missing",0.968337396012186,3.42044427656638
2005,0,0.2,1500,0,0,"D",0.120526926113599,-1.98744976726392
2005,0,0.12,10000,1,0.08,"AA",0.00154501463431814,-6.4711756872265
2005,0,0.2,6001,0,0.77,"C",0.0699226117603053,-2.58787871164531
2005,0,0.24,20000,1,0.88,"C",0.522620817846347,0.0905450811996311
2005,0,0.09,1000,0,0,"A",0.00215394525165278,-6.13829784930277
2005,1,0.29,2800,0,0.97,"Missing",0.580267502629675,0.323871611305248
2005,0,0.18,15000,0,0.51,"B",0.000616321117598103,-7.39112592433404
2005,1,0.29,3100,0,1,"Missing",0.974242128372641,3.63291958984595
2005,0,0.23,2000,0,1.13,"Missing",0.639645523023952,0.573825947376843
2005,0,0.11,5000,0,0.18,"A",0.00539587507762732,-5.21671000643395
2005,0,0.11,20000,1,0.87,"AA",0.0020482252935958,-6.1887312454409
2005,0,0.17,5000,0,0,"C",0.140809976520767,-1.8085788150952
2005,1,0.29,2500,0,0.83,"D",0.430219005005817,-0.280957674690707
2005,1,0.25,3000,0,0.97,"Missing",0.9572481749662,3.10865079849661
2005,1,0.29,5500,0,1.02,"Missing",0.97310341206803,3.58849092232683
2005,0,0.09,2500,0,0,"AA",0.000789759973641527,-7.14299141750431
2005,0,0.15,4500,1,0.49,"C",0.023403818026304,-3.7311740695399
2005,0,0.17,1700,0,0.28,"D",0.226569039969979,-1.22778669873583
2005,0,0.17,17000,1,0.59,"B",0.00276547277932004,-5.88777436776483
2005,0,0.22,20000,0,0.92,"D",0.00875019456653626,-4.72989064036714
2005,0,0.1,3000,0,0.36,"A",0.000713989488502318,-7.24392807321822
2005,0,0.07,1000,1,0.34,"AA",0.00137077470008461,-6.59100750937707
2005,0,0.27,10000,1,0.79,"D",0.110096534065374,-2.08975542824681
2005,0,0.17,6001,0,0.56,"B",0.00700341803282047,-4.95432890162826
2005,0,0.11,3000,0,0.32,"AA",0.00234923132125241,-6.05131510657898
2005,1,0.29,2100,1,1.14,"Missing",0.990282096144308,4.62401990563026
2005,0,0.2,1000,1,0.76,"C",0.0288545285525869,-3.51620932365514
2005,0,0.19,3900,1,0,"C",0.0407877791882479,-3.15772983741925
2005,1,0.15,4000,0,0.84,"Missing",0.495726438025115,-0.0170946641816859
2005,0,0.21,5000,0,0,"C",0.0295459475756731,-3.49181746068906
2005,0,0.2,2700,1,0.8,"D",0.0418222999482486,-3.13160356256948
2005,0,0.08,3001,0,0.32,"AA",0.00209414261624736,-6.16651472336359
2005,0,0.2,2850,0,0.7,"C",0.0133397189646599,-4.3035798135568
2005,1,0.24,1500,1,0.88,"Missing",0.908235420107191,2.29227723501816
2005,0,0.08,3000,0,0,"AA",0.000227805218930953,-8.38679176589849
2005,0,0.22,15000,0,0.95,"C",0.0760748642903964,-2.49691313451074
2005,1,0.29,1000,0,0.45,"Missing",0.702166791461495,0.857637343556813
2005,1,0.2,1000,1,0.9,"D",0.622482304043359,0.500097756398481
2005,0,0.11,15000,0,0.21,"A",0.00234418742298053,-6.05346951252263
2005,0,0.12,20000,0,0,"AA",0.000264542936443291,-8.23724241130756
2005,0,0.15,12000,0,0.94,"B",0.00948373763126027,-4.648647780881
2005,0,0.15,9800,0,0.94,"B",0.0189356292749899,-3.94759278063816
2005,0,0.18,2550,1,0.99,"Missing",0.603144680531473,0.418585322817212
2005,0,0.13,4000,0,0.01,"A",0.00435702109035412,-5.43160015072285
2005,0,0.24,4000,0,0.63,"D",0.145896767479684,-1.76715276809632
2005,0,0.15,5000,1,0.42,"B",0.00201618457171631,-6.20453015972517
2005,0,0.18,6800,1,0.89,"D",0.105800788805395,-2.13437060664023
2005,0,0.15,5000,0,0,"C",0.0469459767110674,-3.01067408072655
2005,0,0.29,2550,0,1.7,"Missing",0.95129740866952,2.97209450747558
2005,1,0.23,1000,0,0.92,"Missing",0.985153816257917,4.19505494246135
2005,0,0.29,3001,0,0.83,"Missing",0.960634094725053,3.19469348843397
2005,0,0.12,12000,1,0,"AA",0.00369590370681096,-5.59682742846009
2005,0,0.13,9000,0,0,"A",0.00112632005508654,-6.78767259407137
2005,0,0.16,10000,0,0.35,"AA",0.000631191717155167,-7.36726951989395
2005,1,0.29,2500,1,0.89,"Missing",0.702506983853254,0.859264593013453
2005,0,0.21,10000,0,1.01,"D",0.0807694936175695,-2.43193757395678
2005,0,0.1,4999,0,0.06,"AA",0.00035817423427145,-7.93413276365466
2005,1,0.29,3000,0,0,"Missing",0.698068372244601,0.838116458888297
2005,1,0.2,4200,1,0.97,"Missing",0.328323214334441,-0.715778718363137
2005,0,0.29,25000,0,0.44,"AA",0.00442785476420107,-5.41540237733934
2005,0,0.2,8000,0,0.84,"D",0.149941725487242,-1.73505818352454
2005,0,0.2,25000,1,0.19,"C",0.0198344537497773,-3.90030096827027
2005,1,0.29,3001,1,0,"Missing",0.930804137030672,2.59910779885875
2005,1,0.25,9000,0,0.86,"Missing",0.934839799115214,2.66352631008852
2005,0,0.09,5000,1,0,"AA",0.00281118529800078,-5.87133392623953
2005,0,0.11,5000,0,0.18,"A",0.000473675820222307,-7.6545136057932
2005,1,0.29,2550,0,0.43,"Missing",0.967849444577449,3.40464681621083
2005,1,0.17,9000,0,1,"Missing",0.895165872790517,2.14462967364052
2005,1,0.29,1890,1,0,"Missing",0.705773467080675,0.874944327072154
2005,1,0.29,2500,1,0,"Missing",0.739029462697398,1.0409302714328
2005,0,0.14,5000,0,0.29,"B",0.0180255051524923,-3.99777762747488
2005,0,0.17,6550,0,0.77,"C",0.00420267033803956,-5.46782363457494
2005,1,0.29,3500,1,0,"Missing",0.917795509754547,2.41276468312068
2005,0,0.22,7500,0,0.92,"D",0.221922443774899,-1.25449823740546
2005,0,0.13,2600,1,0.1,"C",0.0175851659877348,-4.02295795199963
2005,0,0.15,3600,0,0.28,"A",0.0034638427979596,-5.6619068151723
2005,0,0.13,3500,1,0.71,"C",0.00292692817839921,-5.8308705891797
2005,1,0.24,1800,0,1.18,"Missing",0.77450156172503,1.23390644297602
2005,0,0.24,5000,0,0.9,"C",0.00841077135096073,-4.76979574941941
2005,0,0.28,12839,0,0.45,"C",0.103282647188671,-2.16127133223525
2005,0,0.15,5000,1,0.42,"B",0.00347368738825423,-5.65905886667357
2005,0,0.29,9000,1,0.95,"D",0.17587626940622,-1.54453994405438
2005,1,0.29,5000,0,0.97,"Missing",0.916551478091511,2.39638829618272
2005,1,0.18,10000,0,0.97,"C",0.224601542109761,-1.23904912813408
2005,0,0.09,1000,1,0.05,"AA",0.00220668285214509,-6.11405574175481
2005,1,0.22,6001,0,0.25,"Missing",0.864703216775574,1.85491558630485
2005,1,0.25,4000,0,0.45,"D",0.661720816998984,0.670972200642636
2005,0,0.15,12000,0,0.61,"B",0.00156580403651288,-6.4577887943813
2005,1,0.29,3000,1,0.53,"D",0.852222855165311,1.75214269892516
2005,0,0.18,10000,0,0.15,"B",0.013026874138319,-4.32762834589174
2005,0,0.12,3000,0,0.98,"B",0.00424523176716687,-5.4577045946781
2005,0,0.07,1000,0,0.12,"C",0.0290840301746643,-3.50805069242905
2005,1,0.29,2550,1,0.93,"Missing",0.92527719960442,2.51630809612093
2005,0,0.11,3500,1,0.18,"A",0.00375563338956765,-5.58073562552334
2005,0,0.2,8000,0,0.79,"C",0.052471190577317,-2.89359307414704
2005,1,0.29,2500,0,0.89,"Missing",0.991777174308643,4.79258455131122
2005,0,0.23,1600,0,0.74,"Missing",0.454439206756999,-0.182750097894731
2005,0,0.13,25000,0,0.1,"AA",0.000514768911843419,-7.57127757141948
2005,0,0.17,3000,0,1.12,"Missing",0.743071443678641,1.06199414050531
2005,0,0.21,9975,0,0.62,"C",0.00790357915881692,-4.83250458603878
2005,0,0.11,10000,0,0.37,"AA",0.000775899908888741,-7.16071082841591
2005,1,0.29,4000,0,1,"Missing",0.944098096045809,2.82663163646501
2005,0,0.23,15000,1,0.76,"B",0.0191471549680521,-3.93626830429648
2005,0,0.21,5000,0,0.77,"C",0.00557035320014124,-5.18471089042377
2005,0,0.15,25000,0,0.16,"AA",0.000228031764485268,-8.38579756302815
2005,0,0.23,10000,0,0.44,"C",0.0248016680761114,-3.67172995562665
2005,0,0.13,25000,1,0.11,"AA",0.000777131882247594,-7.15912305537143
2005,1,0.17,3500,0,0.98,"Missing",0.594715916349908,0.383495577693562
2005,0,0.09,1000,0,0.18,"AA",0.00220843033497429,-6.11326239895777
2005,0,0.1,3900,0,0.53,"A",0.000451276696775407,-7.70297850968527
2005,1,0.27,1000,1,0,"Missing",0.970991798353207,3.51073941624912
2005,0,0.29,6000,1,0.77,"Missing",0.947764388392948,2.89834145893408
2005,0,0.12,5900,1,0.31,"A",0.000363680810819014,-7.91887022141905
2005,1,0.29,6000,1,0.77,"Missing",0.90886675453395,2.29987582730235
2005,1,0.29,3500,0,0.99,"Missing",0.837618729158947,1.64061592606784
2005,0,0.19,4400,0,0.98,"D",0.0189851569389622,-3.94493012987108
2005,0,0.24,25000,0,0.42,"C",0.0735798667433697,-2.53295640074173
2005,1,0.29,3000,1,0.98,"Missing",0.971876842055501,3.54263572765539
2005,0,0.15,5000,0,0,"C",0.00264344302434175,-5.9330260925462
2005,0,0.07,3000,1,0.01,"AA",0.000312053472645198,-8.07202389598502
2005,0,0.25,4000,1,0.47,"C",0.0909173778192503,-2.30248482549403
2005,0,0.16,6000,0,0.16,"A",0.00272507156564078,-5.90253179725887
2005,1,0.29,3000,1,0.74,"Missing",0.920191426222744,2.4449507808782
2005,0,0.15,13000,0,0.26,"AA",0.000787773853236247,-7.14551141326417
2005,0,0.19,4000,0,0.9,"D",0.205491944780988,-1.35231628963092
2005,0,0.15,1500,0,0.77,"C",0.034529799353571,-3.33079253662556
2005,1,0.22,2000,1,0.84,"D",0.329394830993786,-0.710923416600378
2005,0,0.18,8000,0,0.35,"C",0.0598136638743334,-2.75484395780212
2005,0,0.2,4000,0,0,"D",0.0536836768984199,-2.86946790582446
2005,0,0.11,13000,1,0,"AA",0.000408619692333537,-7.80231697889308
2005,0,0.24,4500,0,0.72,"D",0.0792014337230547,-2.45324689914543
2005,0,0.05,1000,1,0.48,"D",0.0077395186005866,-4.85364616551137
2005,0,0.15,8000,0,0.64,"B",0.0126825523357799,-4.35476439949712
2005,0,0.24,7500,1,0.82,"D",0.0919186528079709,-2.29042998670992
2005,0,0.11,1500,0,0,"AA",0.00033234450268592,-8.00900606860954
2005,1,0.15,2000,0,1.59,"Missing",0.910633078340982,2.32138943821799
2005,1,0.07,1000,1,1.06,"Missing",0.633517353731552,0.547336222481759
2005,0,0.15,2700,0,0.51,"C",0.00466672682856937,-5.36261969628671
2005,0,0.18,4500,1,0.71,"C",0.0609803988803183,-2.73428387074728
2005,0,0.18,10000,0,0.66,"B",0.000867957464642308,-7.04849951401514
2005,0,0.11,15000,0,0.01,"AA",0.000314403670986226,-8.06451836820636
2005,1,0.29,2000,1,0,"Missing",0.680644675069052,0.756736046477808
2005,1,0.11,3000,1,0,"C",0.051825481993807,-2.90665661734651
2005,0,0.15,4000,0,0.95,"C",0.0102975679614817,-4.56549657713852
2005,0,0.24,10000,0,0.89,"D",0.0650796444040505,-2.66484952612587
2005,0,0.08,3001,0,0.32,"AA",0.00144893023486875,-6.53547978294186
2005,0,0.24,25000,0,0.85,"B",0.0722257870609916,-2.55299125451874
2005,0,0.2,5000,0,0.7,"D",0.0314006258996269,-3.42902325795424
2005,1,0.26,2000,1,0,"Missing",0.929870883762341,2.58470768114832
2005,0,0.17,6500,1,0,"D",0.0295634873029267,-3.49120592052802
2005,0,0.2,5000,0,0.65,"B",0.0010424031331439,-6.86518357964288
2005,0,0.13,15000,0,0.45,"A",0.000734679927910991,-7.21534067588949
2005,1,0.25,9000,0,0.79,"D",0.900220499279978,2.19967697390467
2005,0,0.17,3000,1,0.14,"AA",0.00538428769565166,-5.21887141755315
2005,0,0.17,13000,1,0.88,"B",0.0298028228578512,-3.48289621044547
2005,1,0.29,2000,1,0,"Missing",0.963962987788745,3.28650637217833
2005,1,0.28,1000,0,0,"Missing",0.903213237905619,2.23344843969211
2005,1,0.29,6000,0,0.43,"D",0.0960929531191093,-2.24141054619632
2005,0,0.16,20000,0,0.15,"AA",0.00111123212270089,-6.80117400882493
2005,1,0.29,3000,0,0,"Missing",0.864221650495024,1.85080550268488
2005,0,0.09,1000,0,0.02,"AA",0.00045235353103885,-7.70059407966083
2005,1,0.25,10000,0,0.87,"Missing",0.928867415736502,2.56942049180493
2005,1,0.24,2800,0,0,"Missing",0.307820771904169,-0.810327218024867
2005,0,0.08,3500,0,0,"AA",5.06829212300045e-05,-9.88987087928009
2005,0,0.29,7000,0,0.7,"D",0.497735647424311,-0.00905747222350994
2005,0,0.16,4000,0,0.8,"C",0.00203161106253107,-6.19689249623745
2005,0,0.18,9800,1,0.72,"C",0.203481665390145,-1.36467424359468
2005,0,0.13,2600,1,0.1,"C",0.00324721102241727,-5.72670630335463
2005,0,0.15,5000,0,0,"C",0.00149590957031927,-6.50352381934431
2005,0,0.15,10000,0,0.64,"AA",0.000984037868284848,-6.92286165527179
2005,1,0.27,7500,0,0.91,"Missing",0.975418042339261,3.68085339505669
2005,1,0.29,1000,0,0,"Missing",0.652997608447024,0.632241794854268
2005,0,0.14,22000,0,0.71,"A",0.00195097442140854,-6.2374734478792
2005,0,0.26,7000,0,0.58,"D",0.0783383149590756,-2.46514140157863
2005,0,0.16,8000,1,0.59,"C",0.0412221777646974,-3.14668296475484
2005,1,0.29,3000,1,1.01,"Missing",0.999092225150899,7.00360598652954
2005,0,0.2,8500,0,0.64,"C",0.0145797834119191,-4.2134322947023
2005,0,0.2,5000,0,0.77,"D",0.101295329546509,-2.18291416652619
2005,0,0.24,4592,0,0.6,"C",0.12386600149856,-1.95631869734008
2005,1,0.29,2000,1,0.83,"Missing",0.938416373009159,2.72379770537394
2005,1,0.29,1890,1,0,"Missing",0.955150363726589,3.0585532983893
2005,1,0.25,8500,1,0.73,"D",0.589864401223896,0.363404848309219
2005,0,0.06,9600,1,0.16,"C",0.0988938681837188,-2.20957580748809
2005,1,0.29,3500,0,0,"Missing",0.762457519115331,1.16620031993119
2005,0,0.19,1000,0,0.87,"C",0.023007392006006,-3.74866353013017
2005,1,0.29,3025,1,0,"Missing",0.983830781494578,4.10834456972264
2005,1,0.29,4000,0,0.98,"Missing",0.63683806728055,0.561666581324804
2005,1,0.2,1100,0,0,"Missing",0.852818620850619,1.75688119018031
2005,1,0.25,2800,0,0.97,"Missing",0.857293775448112,1.79299251163575
2005,0,0.06,1000,0,0.04,"AA",0.000546189040230653,-7.51199907635782
2005,0,0.2,5950,0,0.74,"C",0.0442506580165757,-3.07262544231992
2005,1,0.29,9000,1,0,"Missing",0.950392122279546,2.95272501359806
2005,0,0.15,2500,0,0.94,"D",0.0206224489315197,-3.86053698149722
2005,0,0.09,6001,0,0.26,"AA",8.17993517936782e-05,-9.41115943597209
2005,0,0.25,8000,1,0.48,"D",0.59994492690394,0.405235642139159
2005,0,0.11,4500,1,0.97,"AA",0.00184048268868244,-6.29588523250032
2005,0,0.2,5000,0,0,"D",0.237121985714778,-1.16852342569871
2005,0,0.21,5000,0,0.73,"D",0.0915579284387497,-2.29475925342397
2005,1,0.29,1000,0,0.45,"Missing",0.892164402749351,2.11304260396345
2005,0,0.29,11000,0,0.98,"D",0.277129401360857,-0.958745677738465
2005,0,0.17,5233,0,0.38,"B",0.00250704648909623,-5.98613972186928
2005,0,0.16,25000,0,0.85,"A",0.00022017952656501,-8.42084711077265
2005,0,0.29,5000,0,1,"Missing",0.960916385691821,3.20218408982586
2005,0,0.25,25000,0,0.18,"A",0.00905074016090157,-4.695816791947
2005,0,0.15,1500,1,0.64,"AA",0.00532629613820138,-5.2297586593466
2005,0,0.23,1300,0,0.43,"D",0.152769379024088,-1.71304347978047
2005,0,0.11,5000,0,0.05,"A",0.0139703430149711,-4.25674970557659
2005,1,0.15,1200,1,0,"Missing",0.90358730119202,2.23773480760869
2005,0,0.18,20000,0,0.53,"A",0.00375221554257412,-5.58164952934472
2005,0,0.1,6000,0,0.02,"AA",0.000327660531389704,-8.02320473657798
2005,0,0.25,9000,0,0.99,"Missing",0.903874251821983,2.24103303756786
2005,1,0.29,3500,0,0.88,"Missing",0.964885632308113,3.31339919590465
2005,0,0.2,12500,0,0.52,"A",0.0209096865508472,-3.84641136605632
2005,0,0.14,2500,0,0.24,"C",0.000691629875858034,-7.27576773775072
2005,1,0.17,1000,0,0.35,"D",0.115071962589659,-2.03994863373589
2005,0,0.18,3002,1,0.8,"D",0.200424814964775,-1.3836413792073
2005,0,0.19,11500,0,0.38,"C",0.0885853902959744,-2.33103095972459
2005,0,0.24,25000,0,0.97,"C",0.00596124474847093,-5.11649688539753
2005,0,0.18,12000,0,0.93,"B",0.000827968359781338,-7.09570730581871
2005,1,0.24,3000,0,0.85,"Missing",0.849589477918495,1.73138489594654
2005,0,0.29,6000,0,1.12,"Missing",0.332825414536588,-0.695433687160855
2005,0,0.08,2000,0,0.06,"AA",0.000139660172037603,-8.8761587587901
2005,0,0.25,9000,0,0.78,"D",0.0846704615252209,-2.38051735326514
2005,0,0.11,5000,0,0.18,"A",0.00555953393094967,-5.18666595394354
2005,0,0.14,9000,1,0.54,"B",0.00476872001194434,-5.34089722476832
2005,0,0.1,4000,0,0.51,"AA",0.000506284043133486,-7.58790628386047
2005,0,0.1,7500,1,1.02,"D",0.0295345506082306,-3.49221501606604
2005,1,0.29,1890,1,0,"Missing",0.979119220430436,3.84782431485509
2005,0,0.11,15000,0,0.01,"AA",0.000680235914183857,-7.2923904199584
2005,1,0.28,3200,0,0.99,"Missing",0.54840513188906,0.194228837157202
2005,0,0.29,3500,1,1,"Missing",0.764039745678286,1.17495643400113
2005,1,0.29,4000,1,0,"Missing",0.996986992615142,5.80179901220894
2005,0,0.25,9000,0,0.97,"D",0.0311022075575972,-3.43888032974658
2005,0,0.22,6500,1,0,"B",0.0108602504586057,-4.51172624879781
2005,1,0.29,4000,1,0,"Missing",0.99387743113518,5.0896321327285
2005,0,0.17,2000,0,0.79,"D",0.059007246098606,-2.76927518753698
2005,1,0.24,3000,0,0.67,"Missing",0.881521000853037,2.00691310306983
2005,0,0.18,10000,0,0.97,"C",0.010381923651537,-4.55725290377794
2005,0,0.15,4200,0,0.3,"C",0.0467289581219641,-3.0155352115593
2005,1,0.25,9000,0,0.42,"C",0.882340502871232,2.01478320369099
2005,0,0.15,11000,0,0.65,"B",0.00460351412849451,-5.3763211832323
2005,1,0.29,7500,0,0.35,"Missing",0.852951234490435,1.75793810651801
2005,0,0.18,3001,0,1,"Missing",0.153643705799422,-1.70630409928024
2005,1,0.29,7400,0,0,"Missing",0.685966414959598,0.781328729826602
2005,1,0.29,3500,0,0.71,"Missing",0.963211151430012,3.2650778807057
2005,0,0.2,7000,0,0.59,"C",0.0218876883101729,-3.79970020044639
2005,1,0.29,2975,0,0.96,"Missing",0.930413982584445,2.59306598170904
2005,0,0.18,20000,1,0.43,"B",0.00310280944575725,-5.77233967194381
2005,1,0.29,3000,1,0.8,"Missing",0.993721489993669,5.06432428405135
2005,0,0.26,10000,0,0.88,"D",0.0101636633235724,-4.57872067246716
2005,0,0.15,4500,1,0,"C",0.0827612846975533,-2.40540738448268
2005,0,0.19,15000,1,0.41,"A",0.0238068603356214,-3.71368666729862
2005,0,0.21,10000,0,0.72,"A",0.0039179887256649,-5.53825115288751
2005,1,0.22,5000,1,0,"D",0.537101373774996,0.148678774396837
2005,0,0.25,2500,0,1.01,"D",0.471240200540238,-0.115166319509547
2005,0,0.2,2550,0,0,"AA",0.00321642935216861,-5.73626181836922
2005,0,0.25,15000,0,0.9,"D",0.195842399669473,-1.41248501781799
2005,1,0.29,10500,0,0.99,"Missing",0.760209119117002,1.15382633830512
2005,0,0.17,25000,0,0.91,"A",0.00213350565659404,-6.1478530191963
2005,1,0.29,5000,0,0.92,"Missing",0.978448084175342,3.8155030149138
2005,0,0.26,5000,1,0,"Missing",0.934140964202692,2.65211071545691
2005,0,0.14,2400,0,0.94,"B",0.00293532044817496,-5.8279990130508
2005,1,0.2,2000,1,0,"Missing",0.848791928944493,1.72515723615347
2005,0,0.18,2500,0,0.84,"A",0.00352935751885259,-5.64310383019848
2005,0,0.09,3600,0,0.23,"AA",0.00101962592837705,-6.88729930973511
2005,0,0.08,3500,0,0.46,"AA",0.000189784375708139,-8.56943219255731
2005,0,0.29,20000,0,0.89,"C",0.0321422008834138,-3.40491533876618
2005,0,0.11,8000,0,0.06,"A",0.000204494640935841,-8.49476427296469
2005,1,0.29,3500,0,0.9,"Missing",0.971649494784405,3.53435028668334
2005,0,0.2,4000,0,0,"D",0.28133956816419,-0.937826600366669
2005,0,0.28,5000,0,0.81,"D",0.448800700858786,-0.205517532348575
2005,0,0.23,6001,0,1.2,"Missing",0.920907226195173,2.45473778416524
2005,0,0.29,25000,0,0.52,"D",0.0747887225353693,-2.51535501413111
2005,0,0.2,12000,0,0.34,"C",0.0267728973056437,-3.59322737832255
2005,0,0.13,8000,0,0.57,"A",7.47562320845015e-05,-9.50120321777438
2005,0,0.17,13000,1,0.88,"B",0.00380634961266873,-5.56727104383593
2005,0,0.21,6000,0,0.76,"D",0.129306359898888,-1.90710570973515
2005,1,0.27,2000,1,0,"Missing",0.971337250359708,3.52307537291297
2005,1,0.23,8000,0,0.87,"D",0.877950926610344,1.97316749507484
2005,0,0.26,2600,0,0.36,"Missing",0.631450175520452,0.538443128667057
2005,0,0.08,4000,0,0.13,"AA",0.000247301451847779,-8.30465518062253
2005,0,0.18,7500,0,0.58,"C",0.0119133409095368,-4.41811154852527
2005,0,0.07,3000,1,0.09,"AA",0.0012171524721671,-6.71002329375578
2005,0,0.24,4500,0,0.6,"D",0.257941558667707,-1.05669495949821
2005,0,0.29,4000,1,1.14,"Missing",0.657209328977409,0.650882608797788
2005,0,0.07,2000,1,0.07,"AA",0.00129136726176053,-6.65076152726578
2005,1,0.2,12000,0,0.95,"C",0.150554157654552,-1.73026131570744
2005,1,0.28,3500,0,1.01,"Missing",0.66429987900019,0.682515408098615
2005,0,0.21,5000,0,0,"D",0.0138274140465962,-4.26717822900239
2005,0,0.11,5000,1,0,"A",0.0016333566347959,-6.41548340441781
2005,1,0.29,5000,1,0.94,"Missing",0.971809057957997,3.5401586205704
2005,0,0.14,16500,0,0.2,"AA",0.00458863105521749,-5.37957435330494
2005,0,0.28,3200,0,0.93,"D",0.0837350611709084,-2.39264777666754
2005,0,0.17,5000,1,0.28,"B",0.0112305758278861,-4.47782112077543
2005,1,0.2,5000,0,0.45,"D",0.0305940159059363,-3.45587906517498
2005,1,0.17,9000,0,1,"Missing",0.359869075867146,-0.575932437233523
2005,0,0.12,15000,0,0,"A",0.00835653716334995,-4.77631950384205
2005,1,0.24,3500,0,0.94,"Missing",0.931526409765267,2.6103764145995
2005,1,0.16,7000,0,0.98,"C",0.032824762012297,-3.38319652725718
2005,0,0.11,4999,0,0.28,"A",0.000139957734204384,-8.87403011194642
2005,0,0.18,14000,0,0.28,"C",0.0194014912850452,-3.92281317494958
2005,0,0.13,2000,1,0.54,"A",0.000440391811521672,-7.72740525775117
2005,1,0.22,6001,0,0.25,"Missing",0.800362125325959,1.38855918315474
2005,1,0.29,4500,0,0.45,"Missing",0.680791729645303,0.7574126543183
2005,0,0.18,3000,1,0.95,"D",0.392570277372294,-0.436520913780701
2005,0,0.24,3000,0,1,"Missing",0.942577359764278,2.7981793405268
2005,0,0.23,10000,1,0,"D",0.0978353703908744,-2.22151084750915
2005,0,0.2,15000,0,1.03,"D",0.0164887216306277,-4.08845249569735
2005,0,0.09,1000,0,0,"A",0.00455574479974223,-5.386800095239
2005,0,0.15,5000,0,0.53,"A",0.00362080104000011,-5.61743262384935
2005,0,0.22,2500,1,0.74,"D",0.76012536978963,1.15336696719181
2005,1,0.25,13000,0,0.93,"D",0.208452994013812,-1.33427569859649
2005,1,0.22,18200,1,0.8,"C",0.0776390247896489,-2.47486646262582
2005,0,0.18,13000,0,0.95,"B",0.00259512684833483,-5.9515213817072
2005,1,0.28,5200,1,0.92,"Missing",0.99066098273149,4.66417135046735
2005,0,0.15,25000,0,0.16,"AA",0.000131428542012704,-8.93691582361341
2005,0,0.15,1000,0,0.16,"A",0.00943469299479558,-4.65388215801861
2005,0,0.22,6001,0,0,"D",0.150006282693528,-1.73455178021026
2005,1,0.29,3500,0,0.98,"Missing",0.862976683961398,1.84023657188227
2005,0,0.14,7750,0,0.59,"C",0.0134013960426324,-4.29890438997869
2005,1,0.25,5000,0,1,"Missing",0.61459901895738,0.466685751970678
2005,0,0.16,3800,0,0,"B",0.00196020866836799,-6.23274221556176
2005,1,0.28,4750,1,0.14,"Missing",0.697114594860167,0.833595275695759
2005,1,0.29,5000,0,0.97,"Missing",0.967714069030193,3.40030509876043
2005,0,0.23,13100,0,0.71,"D",0.350932668641893,-0.614942079803713
2005,0,0.07,1850,1,0.31,"AA",0.00648061303983141,-5.03243846479967
2005,1,0.16,2000,1,0.41,"C",0.16373836848172,-1.6306716806659
2005,0,0.2,9999,0,0.94,"D",0.397572701372262,-0.415589178001185
2005,1,0.26,3600,0,0.53,"Missing",0.899879853708953,2.19589033081442
2005,0,0.15,6000,0,0.39,"B",0.00126310592419415,-6.67291766767849
2005,0,0.18,9999,0,0.92,"D",0.0158681273891773,-4.12744737427882
2005,0,0.15,3200,0,0.7,"C",0.0187365202286842,-3.95836643361698
2005,1,0.29,12000,1,0.18,"C",0.363960897132846,-0.558213607538677
2005,1,0.25,2550,0,0.53,"D",0.884696366765986,2.03767555982479
2005,0,0.29,25000,0,0.6,"D",0.321825748120271,-0.745394019430236
2005,0,0.07,1000,0,0.34,"AA",2.71647964889244e-05,-10.5135615044882
2005,0,0.17,5000,0,0.17,"C",0.0256861927795499,-3.63577983415602
2005,0,0.1,5000,0,0.11,"AA",0.0171426359140674,-4.04889531832876
2005,0,0.14,10000,0,0.44,"A",0.00039161678797317,-7.84483508452969
2005,0,0.15,3000,0,0.08,"AA",0.00197850337314547,-6.22343412904345
2005,1,0.29,2600,1,0,"Missing",0.936130334340858,2.68491018002352
2005,0,0.23,5000,0,1,"Missing",0.843582347130363,1.68512783099366
2005,0,0.15,15152,0,0.85,"B",0.00204289247642226,-6.19134361274285
2005,1,0.29,4500,1,1.32,"Missing",0.943827979148687,2.82152514075173
2005,0,0.16,25000,1,0.66,"AA",0.000640734676273155,-7.35225416826906
2005,0,0.1,7500,0,0.13,"AA",0.000383262190097604,-7.86640789789514
2005,0,0.17,20000,0,0.56,"B",0.00684229667567012,-4.97776601989224
2005,0,0.09,1000,0,0,"A",0.000604780575041675,-7.41003988807281
2005,1,0.18,3100,0,0.86,"D",0.0456896018741553,-3.03911824153514
2005,0,0.15,3000,0,0.27,"C",0.00524610061970529,-5.24501030772701
2005,0,0.29,7000,0,0,"C",0.00660088132692085,-5.01392934099113
2005,0,0.22,25000,1,0.69,"AA",0.0231626773385815,-3.74177788331739
2005,1,0.29,3700,0,0.58,"D",0.169569679503389,-1.58868009400482
2005,0,0.16,6500,0,0.67,"C",0.0188641779926658,-3.95144612326416
2005,0,0.15,18000,0,0.61,"B",0.00215722621370605,-6.13677248646987
2005,0,0.2,3500,1,0.81,"C",0.00632346745670176,-5.05714402780078
2005,0,0.1,4000,0,0.34,"A",0.00128476849698742,-6.65589114033219
2005,1,0.25,5000,1,0.92,"Missing",0.924443579833244,2.50431235705006
2005,0,0.2,15000,0,0.59,"A",0.00049588035657403,-7.60867987357547
2005,0,0.17,15000,0,0.65,"B",0.000225225580689606,-8.39818282621789
2005,1,0.29,4000,1,0,"Missing",0.91688053937781,2.40069833283954
2005,1,0.27,3200,0,0.98,"Missing",0.985358781588445,4.20916509021521
2005,0,0.2,2500,0,0.78,"Missing",0.1507957346299,-1.72837358240009
2005,0,0.21,6000,0,0.89,"C",0.236258969397705,-1.17330023516685
2005,0,0.1,2000,0,0,"AA",0.0084067923126938,-4.77027296253069
2005,0,0.2,3000,0,0.76,"C",0.202685394269753,-1.36959434336489
2005,0,0.12,10000,0,0.5,"B",0.0018091658181941,-6.31307860953014
2005,0,0.13,24250,0,0,"AA",0.00276209764592823,-5.88899895200241
2005,0,0.21,5000,1,0.94,"C",0.118806094934805,-2.0037849884962
2005,0,0.22,25000,1,0.69,"AA",0.00686693946339487,-4.97414613957729
2005,0,0.15,15152,0,0.85,"B",0.00105789592984194,-6.8504148594762
2005,0,0.11,4000,0,0.64,"D",0.00212918460223502,-6.14988473386718
2005,0,0.15,25000,0,0,"B",0.000575728803667589,-7.45929794050906
2005,0,0.14,4000,0,0.18,"B",0.000107917682841742,-9.13403389386247
2005,1,0.26,4000,0,0.99,"Missing",0.91110492855099,2.32720136844207
2005,0,0.25,7000,0,0.14,"D",0.0546396211254183,-2.85080692688003
2005,0,0.18,3001,0,0.8,"D",0.0822210424487094,-2.41254531448321
2005,0,0.24,17500,0,0.15,"D",0.217156849692745,-1.28231245494853
2005,0,0.18,7500,0,0.58,"C",0.00429790330739652,-5.44532081228763
2005,0,0.11,15000,0,0.01,"AA",0.000768413995824815,-7.17041320361492
2005,0,0.2,12000,0,0.66,"C",0.016268331825297,-4.10213277965866
2005,1,0.29,3000,1,0.74,"Missing",0.833267245256587,1.6089621537333
2005,1,0.29,3500,0,1.01,"Missing",0.796130702303795,1.36228428029714
2005,0,0.11,6001,0,0.01,"A",0.00298905052602385,-5.8098059651746
2005,0,0.15,14000,1,0.25,"A",0.0243672033572082,-3.68984817922308
2005,0,0.18,7500,0,0.9,"B",0.00135697734286173,-6.60113769588941
2005,0,0.07,1000,0,0,"AA",0.000287717950492143,-8.15324213691338
2005,0,0.29,2550,0,0,"Missing",0.914794684776974,2.37363583473866
2005,0,0.22,2500,1,0.74,"D",0.228310707113142,-1.21787454690909
2005,1,0.17,2000,0,0.25,"Missing",0.68541232777234,0.778757791212006
2005,0,0.19,24000,1,0.18,"B",0.00535558569724835,-5.22424522890434
2005,0,0.13,25000,0,0.27,"AA",0.000420531027039131,-7.77357167573618
2005,0,0.24,14900,0,0.93,"D",0.0110173120466169,-4.49720896881486
2005,0,0.08,4000,0,0.13,"AA",0.000276663310546766,-8.19243257488027
2005,0,0.12,7500,0,0.81,"A",0.00114347844219619,-6.77253626444049
2005,0,0.2,9000,0,1.01,"D",0.152579469220434,-1.71451149590718
2005,0,0.29,2550,1,1.51,"D",0.569898159259912,0.281435657324373
2005,0,0.23,10000,0,0.69,"A",0.00423348034590953,-5.46048838051276
2005,0,0.22,6001,1,0.22,"C",0.140697058468718,-1.80951246998873
2005,0,0.2,9500,1,0.65,"AA",0.00449046273760051,-5.40129894778933
2005,1,0.25,3001,1,0.84,"D",0.241035890929706,-1.1470086417282
2005,0,0.19,1000,0,0.87,"C",0.0111354065767417,-4.48642759618815
2005,0,0.07,1000,0,0,"AA",0.00112134630086024,-6.79210328574449
2005,0,0.14,11500,1,0.36,"A",0.004175638441703,-5.47430363143712
2005,0,0.11,9000,0,0.33,"A",0.000693338605283951,-7.27329849111535
2005,1,0.28,12000,0,0,"Missing",0.824560794190681,1.54755829664841
2005,1,0.23,1600,0,0.74,"Missing",0.929614539833211,2.58078331682024
2005,0,0.13,10800,1,0.68,"A",0.00276910083974657,-5.88645967617674
2005,0,0.22,25000,0,0.73,"C",0.0516012649486152,-2.91122883372406
2005,1,0.24,4000,0,0.63,"D",0.218778688851892,-1.27279781297027
2005,1,0.24,3200,1,0.73,"Missing",0.945745199470502,2.8582817100747
2005,0,0.28,12000,0,0.83,"D",0.00872427316143307,-4.73288356720923
2005,0,0.2,1000,1,0.76,"C",0.0163100375248367,-4.09953005126309
2005,0,0.28,4000,0,0,"Missing",0.705899955008722,0.875553522125913
2005,0,0.07,2000,1,0.07,"AA",0.00391808214896979,-5.53822721467103
2005,0,0.16,2000,0,0.89,"C",0.00803799058171719,-4.81550568528751
2005,0,0.1,6000,0,0,"AA",0.000259864406805362,-8.25509067709324
2005,1,0.29,3500,0,1.01,"Missing",0.932052752484467,2.61865778218295
2005,1,0.25,5500,0,0.49,"Missing",0.953513185691402,3.02098454454637
2005,1,0.29,5000,1,1.02,"Missing",0.988546321168785,4.45792452787366
2005,0,0.2,12200,0,0.35,"C",0.0163383337547811,-4.09776789197015
2005,0,0.2,8000,0,0.92,"D",0.127815219918392,-1.92041567867807
2005,0,0.26,5000,0,0,"Missing",0.649588275302604,0.61722992018462
2005,0,0.11,12000,0,0.02,"AA",0.00405928369003293,-5.50268120701448
2005,0,0.12,7000,0,0.2,"B",0.00101346183516735,-6.89336927351669
2005,0,0.29,12000,1,0.18,"C",0.172081644704703,-1.57094550210271
2005,1,0.29,3900,0,0,"Missing",0.957985789695185,3.12682504290735
2005,1,0.24,3500,0,0.8,"Missing",0.7826575009513,1.28122073542514
2005,0,0.09,4900,0,0,"AA",0.000341745074636291,-7.98110369116477
2005,0,0.23,5000,0,0.39,"D",0.0229695706127114,-3.75034747416601
2005,0,0.11,3000,0,0.89,"B",0.00514722383595083,-5.26413725420705
2005,0,0.17,9000,0,0.94,"C",0.00496388523972539,-5.30059028417444
2005,1,0.23,3000,1,0.7,"D",0.355583817017432,-0.594583770589779
2005,1,0.25,2500,0,0,"Missing",0.960460573487819,3.19011461981581
2005,0,0.22,20000,1,0.89,"C",0.160307507509131,-1.65594185180865
2005,1,0.29,6000,0,0.94,"Missing",0.878545787498613,1.97873068644476
2005,0,0.21,6250,0,0,"C",0.0109929669750258,-4.49944574043606
2005,0,0.24,10000,0,0,"C",0.0389222192003148,-3.20649006782406
2005,1,0.29,5000,0,0.75,"Missing",0.904546022921159,2.24878896978579
2005,0,0.07,3000,0,0.06,"AA",0.000149466809850363,-8.80828671948964
2005,0,0.28,12000,1,0.87,"D",0.0480108537389369,-2.98712652883219
2005,0,0.23,1750,1,0,"Missing",0.807084619877627,1.43117687232007
2005,0,0.11,6100,0,0.76,"B",0.00414215916689819,-5.48238732752873
2005,0,0.1,1500,0,0.89,"A",0.00184795124667293,-6.29182802696611
2005,1,0.17,3000,0,0,"Missing",0.779845260465564,1.26476485535468
2005,0,0.14,25000,1,0.63,"AA",0.00374439390639876,-5.58374409416062
2005,1,0.25,9000,0,0.86,"Missing",0.883172014282549,2.02281734285458
2005,0,0.15,25000,0,0.01,"A",0.0065278568903759,-5.02512732746261
2005,1,0.2,7400,1,0.27,"D",0.769836354683835,1.20738740857544
2005,0,0.21,7500,0,0.68,"C",0.0438242371971002,-3.08275472345769
2005,0,0.17,6500,1,0.33,"C",0.139093100496613,-1.8228428712547
2005,0,0.2,25000,1,0.87,"C",0.0641721232198512,-2.67986266860167
2005,1,0.29,3000,1,0.61,"Missing",0.989662816254173,4.56161682849743
2005,0,0.23,16000,1,0,"A",0.0267266007759754,-3.59500567536929
2005,0,0.17,9000,0,0.9,"C",0.002502254940617,-5.98805758658455
2005,0,0.13,1000,1,0.7,"C",0.024765911418339,-3.6732093649919
2005,1,0.29,3950,0,0.78,"Missing",0.939681290412857,2.74589843433561
2005,0,0.13,8500,0,0.21,"AA",0.000671627285707479,-7.30513515274318
2005,0,0.16,5000,0,0.94,"B",0.0003875738129613,-7.85521659331033
2005,0,0.17,1500,0,0.92,"D",0.0355392496306029,-3.30093142811308
2005,0,0.15,18000,0,0.12,"B",0.00325666191290159,-5.72379058492158
2005,1,0.29,3300,0,0.91,"Missing",0.830255607484579,1.58743988209456
2005,0,0.24,25000,0,0,"A",0.00658129398835728,-5.01692085201877
2005,1,0.29,2550,0,1,"Missing",0.884315402760516,2.03394629083011
2005,1,0.29,3000,1,0,"Missing",0.994193402073565,5.1429369126917
2005,0,0.15,12000,0,0.33,"B",0.000135997775127749,-8.90273602469316
2005,0,0.13,25000,0,0.27,"AA",0.0111055815728716,-4.48913974369901
2005,0,0.11,18000,0,0.46,"AA",0.00120667197562109,-6.71868174154582
2005,0,0.15,2500,0,0.56,"C",0.0112891785734444,-4.47255727543707
2005,0,0.29,2500,0,0,"Missing",0.966353065750435,3.35760731498801
2005,0,0.21,25000,1,0.01,"B",0.0149397186826184,-4.18867948889044
2005,0,0.11,13000,0,0.82,"A",0.00127767444759085,-6.66143519995239
2005,0,0.17,7500,0,0.2,"C",0.0110729946401373,-4.49211129371919
2005,0,0.17,8000,0,0.8,"C",0.0413707973104006,-3.14292909719773
2005,0,0.16,15000,0,0,"B",0.00906074863276819,-4.69470148492572
2005,0,0.2,10000,0,0.64,"D",0.4958221058353,-0.0167119656047241
2005,1,0.29,3000,0,1.34,"Missing",0.996363865102005,5.61319124099109
2005,1,0.29,3000,1,1.01,"Missing",0.982045489594426,4.0017962712512
2005,1,0.29,5000,0,0,"Missing",0.864104152266901,1.84980454129412
2005,1,0.29,10000,1,0.72,"Missing",0.887558782113913,2.06604417511349
2005,0,0.24,11520,0,0.6,"D",0.321872935634469,-0.745177823115238
2005,0,0.18,17000,0,0.23,"B",0.00169604670467021,-6.37775771724035
2005,0,0.1,5000,1,0.06,"AA",0.000438774906424423,-7.73108514681976
2005,0,0.14,2400,1,0.22,"B",0.000103343470649153,-9.17734910209771
2005,0,0.2,3500,0,0.51,"D",0.0181435379655247,-3.99113066630502
2005,1,0.24,4500,0,1.46,"Missing",0.958666408508313,3.14386763819979
2005,0,0.1,8300,0,0.05,"AA",0.0368650115098483,-3.26293067328063
2005,1,0.17,1200,0,1.36,"Missing",0.846210042065863,1.70517984354042
2005,0,0.17,10000,1,0.95,"D",0.226629027741973,-1.22744440419715
2005,0,0.18,13000,0,0.52,"B",0.00230426451776779,-6.07068681125892
2005,0,0.11,6001,0,0.01,"A",0.0150914082747701,-4.17842324312721
2005,1,0.24,3500,0,0.8,"Missing",0.347234082154731,-0.631219452247263
2005,0,0.23,3000,1,0.7,"D",0.0266609419655329,-3.59753284145218
2005,0,0.09,3001,0,0.34,"AA",0.00236140320318534,-6.04613506330219
2005,0,0.17,1500,0,0.67,"C",0.00681898113156718,-4.98120287586785
2005,1,0.24,3500,0,0.8,"Missing",0.861497820356321,1.82778646290523
2005,0,0.09,5000,0,0,"AA",0.000808198563925055,-7.11989425686968
2005,1,0.29,1200,1,1,"Missing",0.785189333104686,1.29616785630617
2005,1,0.29,5108,0,0,"Missing",0.859837953630655,1.81394471816287
2005,1,0.28,4000,0,0,"Missing",0.801462481739796,1.39546006976274
2005,0,0.14,4500,0,0,"AA",0.000116286610308028,-9.05933634232302
2005,0,0.1,2000,0,0,"AA",0.000369387532871798,-7.9032947846657
2005,0,0.19,2500,0,0.82,"C",0.0117460913181552,-4.43241912584929
2005,0,0.11,25000,0,0.29,"AA",0.000339292310515099,-7.98830919933847
2005,1,0.29,7000,1,0.64,"Missing",0.930681621735595,2.5972071746277
2005,0,0.14,4000,0,0.18,"B",0.0018828935719841,-6.27306088291464
2005,1,0.29,5000,0,0.82,"Missing",0.858812140839709,1.80545886480789
2005,0,0.2,15000,1,0.8,"B",0.00310704900179546,-5.77096999137755
2005,0,0.16,9000,0,0.05,"B",0.00235770600448742,-6.04770567490126
2005,1,0.29,3000,1,0.74,"Missing",0.748288003122554,1.08950237037752
2005,0,0.15,15152,0,0.85,"B",0.000990261047424504,-6.91655121364722
2005,0,0.21,4500,0,0,"D",0.118322301080281,-2.00841430234482
2005,0,0.13,19000,0,0.08,"AA",0.00197186756846622,-6.22680036674813
2005,0,0.29,25000,0,0.58,"D",0.229613233988703,-1.21049638015378
2005,0,0.25,9500,0,0.64,"D",0.178317949963496,-1.52778532716719
2005,0,0.1,7500,0,0.2,"AA",0.000361066848713202,-7.92608630823454
2005,1,0.24,4100,1,0.91,"Missing",0.695625921455612,0.826554580210414
2005,0,0.15,1500,0,0.8,"C",0.00104808054382708,-6.85974621107533
2005,1,0.24,1800,0,1.18,"Missing",0.94409526068671,2.82657791424052
2005,1,0.29,3000,1,0.74,"Missing",0.565479409534551,0.263430551357862
2005,0,0.22,13000,0,0.82,"D",0.369717246299707,-0.533430019796126
2005,0,0.29,10000,0,0.04,"B",0.0733599138324273,-2.53618758025107
2005,1,0.29,5000,0,0.77,"Missing",0.77335993048906,1.2273814060504
2005,1,0.23,8500,0,1,"D",0.355748799029506,-0.59386385258716
2005,0,0.13,25000,0,0.27,"AA",0.000528490225360306,-7.54495761796039
2005,0,0.2,19000,0,0.95,"C",0.0412710475445889,-3.14544717317418
2005,0,0.2,15000,1,0.8,"B",0.00367703807411091,-5.60196390705314
2005,0,0.26,7000,0,0.92,"C",0.00582277215365151,-5.14013902499385
2005,0,0.08,2000,0,0.15,"AA",0.000573636627328674,-7.46294061432224
2005,0,0.12,7000,0,0.2,"B",0.000204836643553036,-8.49309289957958
2005,0,0.25,4449,0,0.94,"D",0.0816904401577397,-2.41959756144833
2005,0,0.2,5000,1,0.72,"A",0.00326052937980655,-5.72259985385471
2005,0,0.2,5000,0,0.16,"A",0.0368305846323489,-3.26390071676322
2005,1,0.29,2200,0,1.06,"Missing",0.931074664021986,2.603315640279
2005,0,0.17,5600,0,0.84,"C",0.138971469417506,-1.82385898437013
2005,0,0.2,3800,0,1,"Missing",0.560199477041,0.241971662099986
2005,1,0.29,13500,0,0.78,"D",0.911240780972042,2.32887986703647
2005,1,0.29,2550,0,1.7,"Missing",0.994319722927061,5.16505879579123
2005,0,0.13,5000,0,0,"B",0.00142546504862774,-6.55183068659741
2005,0,0.2,6001,0,0,"A",0.00591392020773919,-5.12451487305325
2005,0,0.1,7500,0,0.2,"AA",0.000317618646220937,-8.05434145145328
2005,0,0.1,5000,0,0.11,"AA",0.000898474508609285,-7.01391334481692
2005,0,0.14,8000,0,0.21,"B",0.000561801814085428,-7.48379945455634
2005,1,0.29,1500,1,0.94,"Missing",0.906694295467952,2.27392409529343
2005,0,0.15,9000,0,0.49,"B",0.00257890277450397,-5.95780901783377
2005,1,0.07,1500,1,0.91,"Missing",0.9313505064197,2.60762193487477
2005,1,0.25,4500,1,0.93,"Missing",0.867226367928237,1.87665437239298
2005,0,0.19,21200,1,0.47,"B",0.00184372048099691,-6.29412432608545
2005,1,0.29,5000,1,0.97,"Missing",0.97906184828101,3.84502187951212
2005,1,0.29,3000,1,0,"Missing",0.968109466579745,3.41303595842885
2005,1,0.22,2000,1,0.84,"D",0.608758617323553,0.442097113560567
2005,0,0.11,1500,0,0,"AA",5.1039298839569e-05,-9.88286361588997
2005,0,0.14,6001,0,0.54,"A",0.000422554897964112,-7.76876853939882
2005,0,0.29,5000,0,1.08,"Missing",0.980662421014292,3.92617798265249
2005,1,0.24,15000,0,0.85,"C",0.0336004470474291,-3.35903799272632
2005,1,0.2,3800,0,1,"Missing",0.622900548493514,0.501877923048872
2005,0,0.14,4000,0,0.16,"B",0.000508690119669212,-7.58316270948428
2005,0,0.14,9000,1,0.54,"B",0.000488974117545793,-7.62271190554004
2005,0,0.2,5000,0,0.22,"D",0.331374539371718,-0.701974779213075
2005,0,0.18,9999,0,0.92,"D",0.0712046638720759,-2.5683300888817
2005,0,0.15,15000,0,0.04,"AA",0.00035339421431117,-7.947572913042
2005,0,0.09,5500,1,0.48,"A",0.00264164312731777,-5.93370902029771
2005,0,0.15,6088,0,0.69,"B",0.00212914500061785,-6.14990337315496
2005,0,0.08,2500,1,0.24,"AA",0.00224856803039433,-6.09521059645428
2005,1,0.29,2501,1,0,"Missing",0.961805874968062,3.22613092832082
2005,1,0.29,5100,0,0.81,"Missing",0.834201029799008,1.61569838464686
2005,0,0.1,6000,0,0.51,"AA",0.00132540269994619,-6.62471265940897
2005,1,0.29,3000,0,0.92,"Missing",0.941833163508577,2.78451277749538
2005,0,0.11,5000,1,0.45,"B",0.00270725090377813,-5.90911066348465
2005,0,0.17,1200,0,0.94,"D",0.0494143461190964,-2.95683748311659
2005,1,0.29,4300,1,0.95,"Missing",0.991448955373369,4.75311401037029
2005,1,0.25,4500,1,0.93,"Missing",0.975972609951121,3.7042400907931
2005,0,0.17,17000,0,0.7,"A",0.249895160246227,-1.09917151220795
2005,0,0.11,10500,0,0.16,"AA",0.00130920880938222,-6.63702221995945
2005,0,0.18,3002,1,0.8,"D",0.0502175649961993,-2.93986807676146
2005,1,0.2,1500,0,0.6,"Missing",0.753087018562894,1.11514481094256
2005,0,0.13,5000,0,0.69,"A",0.00151611185079171,-6.49008895196664
2005,0,0.29,8500,1,0,"B",0.00777903774263708,-4.84851317961692
2005,1,0.29,3999,0,0.94,"Missing",0.935124621521752,2.66821163002656
2005,0,0.11,3000,0,0.32,"AA",0.00038200142515206,-7.86970414419382
2005,0,0.29,3000,0,0.85,"D",0.130873467227079,-1.89325776460915
2005,0,0.29,12000,0,0.6,"B",0.00419841936117516,-5.46883990963499
2005,0,0.29,5000,0,0.82,"Missing",0.720050926630785,0.944714235137702
2005,0,0.19,4000,0,0.85,"C",0.00599743118634747,-5.11040854902972
2005,0,0.18,3100,0,0.86,"D",0.235428119974023,-1.17791039939384
2005,0,0.13,9500,0,0.27,"A",0.0134836913586843,-4.29269894948498
2005,1,0.29,2550,0,0.43,"Missing",0.951821005197552,2.98345386377187
2005,1,0.29,3001,0,0.92,"Missing",0.622810609790952,0.501495052841654
2005,1,0.29,3000,1,0,"Missing",0.89799553608441,2.17514852113207
2005,0,0.29,8500,1,0,"B",0.000965691903634925,-6.94169955647609
2005,0,0.24,9950,0,0,"D",0.0497889940349,-2.94889011518316
2005,1,0.12,1000,1,0.45,"D",0.328304175634462,-0.715865052350167
2005,0,0.21,5000,0,0.77,"C",0.115823007381123,-2.03259403303945
2005,0,0.11,2000,0,0.75,"B",6.321330807678e-05,-9.66893249283714
2005,1,0.26,9000,1,0.83,"Missing",0.899429818541257,2.19090522084442
2005,0,0.17,5000,0,0.61,"C",0.038073853797664,-3.22940988209508
2005,0,0.25,15000,0,0,"C",0.00977182638471841,-4.61843200834097
2005,0,0.2,6500,0,0.9,"D",0.040358795598218,-3.16875011561801
2005,1,0.29,3025,1,0,"Missing",0.991021056420225,4.70385354780998
2005,1,0.29,8500,1,0.87,"Missing",0.976971486089188,3.74772428310253
2005,0,0.15,1700,0,0.83,"D",0.0893176295791722,-2.32199528801613
2005,1,0.29,5108,0,0,"Missing",0.983345902692598,4.07830467230204
2005,1,0.24,3000,0,0,"Missing",0.735060260024239,1.02045007846979
2005,0,0.23,4400,1,0,"Missing",0.343098098317496,-0.649518287627668
2005,1,0.29,2000,0,0.77,"Missing",0.962791486105436,3.25329925979505
2005,0,0.18,2000,0,0,"D",0.122686664748633,-1.96723054529559
2005,0,0.2,6500,0,0.74,"D",0.203050622884017,-1.36733583821375
2005,1,0.23,4000,0,0.51,"D",0.428890781533835,-0.286378169122106
2005,1,0.29,4000,1,0,"Missing",0.950156970873611,2.94774855379716
2005,0,0.17,3650,0,0.85,"D",0.260934535551729,-1.04111694798431
2005,0,0.24,17500,0,0.15,"D",0.141336611423553,-1.80423262056775
2005,0,0.21,5000,0,0.73,"D",0.0740584009492348,-2.52595718071288
2005,0,0.18,3002,1,0.8,"D",0.52220004749495,0.0888586117283783
2005,0,0.18,5000,0,0.66,"C",0.00585421205011142,-5.13472245313151
2005,0,0.09,1400,1,0.9,"D",0.145866198055081,-1.76739810843432
2005,0,0.17,3800,0,1.1,"D",0.0377468383800494,-3.23837585714602
2005,1,0.26,5000,0,0,"Missing",0.913235704609901,2.35379881862834
2005,1,0.26,6000,1,0,"Missing",0.930014965655009,2.58691925399961
2005,0,0.25,5000,0,0.2,"D",0.0401099715085889,-3.17519375479549
2005,1,0.29,5000,0,0,"Missing",0.973210094953402,3.59257484461365
2005,0,0.12,6250,0,0.21,"AA",0.00163731324644664,-6.41305998982167
2005,0,0.23,15000,0,0.18,"D",0.503978366653701,0.0159138024526559
2005,0,0.29,6000,0,0.43,"D",0.268651003098048,-1.00147761874666
2005,0,0.18,15000,0,0.58,"C",0.0287399029767871,-3.52030779278281
2005,1,0.29,2500,1,1.04,"Missing",0.902980484725469,2.23078879491881
2005,0,0.09,5000,0,0.18,"AA",1.83664071319191e-05,-10.9049688947461
2005,0,0.25,12000,0,0.43,"C",0.199013294933701,-1.39247271780593
2005,1,0.24,3000,0,0,"Missing",0.988321719512873,4.43827752378575
2005,0,0.09,3500,0,0.67,"A",0.00122395380373789,-6.70444413420151
2005,0,0.29,12000,0,0.91,"D",0.184143938733158,-1.48852021638377
2005,0,0.2,8500,0,0.89,"D",0.0511406147483975,-2.92068162545441
2005,1,0.29,3600,0,0.92,"Missing",0.995729989278992,5.45185978771815
2005,1,0.07,6500,0,0.75,"Missing",0.613076632448326,0.460263283513905
2005,0,0.16,5000,0,0.89,"C",0.00929839578950608,-4.6685714937193
2005,1,0.29,3000,1,0.95,"Missing",0.966695073540954,3.36817778553915
2005,0,0.25,25000,0,0.18,"A",0.0300151426175089,-3.47557845219598
2005,0,0.14,2690,1,0.69,"C",0.0643486719876998,-2.67692659777269
2005,1,0.29,1000,0,0,"Missing",0.934362073180125,2.65571034013361
2005,1,0.2,2000,1,0.87,"Missing",0.881120341392712,2.0030825037441
2005,0,0.15,3000,0,0.46,"B",0.000493129740215291,-7.61424500243778
2005,1,0.29,5000,0,0.77,"Missing",0.970210612227869,3.48336095887892
2005,0,0.29,5000,0,0.46,"Missing",0.82754718302413,1.56834245010686
2005,0,0.11,1253,0,0.73,"A",0.0188697248069262,-3.95114647346499
2005,0,0.25,4500,0,0.87,"D",0.0534279730298061,-2.87451261765969
2005,1,0.29,3500,0,0.98,"Missing",0.930577059109357,2.59558751411306
2005,1,0.29,4000,1,1.14,"Missing",0.943284563632079,2.81132158127356
2005,0,0.2,3000,0,0.27,"D",0.0683930554235837,-2.61163970186487
2005,0,0.29,7000,0,0,"C",0.128516954177773,-1.91413557599288
2005,0,0.15,3000,0,0.46,"B",0.000590285517006514,-7.4343137511857
2005,1,0.29,2500,0,1.21,"Missing",0.883194896206194,2.02303913044987
2005,0,0.15,9000,0,0.97,"C",0.0206289591195882,-3.86021469949338
2005,0,0.15,25000,0,0.31,"B",9.13123467437886e-05,-9.30113323030935
2005,1,0.23,1500,0,0.84,"Missing",0.946028585235376,2.86381823535093
2005,0,0.13,10000,0,0.78,"B",0.00598690201175981,-5.11217629864587
2005,1,0.25,8000,1,0.85,"D",0.419802654059846,-0.323583567721734
2005,0,0.29,3000,0,1.51,"Missing",0.747035609821854,1.08286412590361
2005,1,0.25,15000,0,0.65,"D",0.164390485593831,-1.62591680850371
2005,0,0.13,1200,0,0.72,"D",0.013159253609023,-4.31738346759156
2005,0,0.15,19300,0,0.39,"A",0.00077489493003444,-7.16200791663474
2005,0,0.29,20000,0,0.03,"D",0.213315668187771,-1.3050539859057
2005,1,0.17,3500,0,0.98,"Missing",0.726267561712372,0.975767362534407
2005,0,0.09,2550,0,0.17,"A",0.00118775635174513,-6.73450070790601
2005,0,0.24,10000,1,0,"C",0.0677570003280034,-2.62166572966677
2005,0,0.26,7000,0,0.58,"D",0.0486528440731615,-2.97316877216568
2005,0,0.18,4100,0,0.5,"C",0.00488242801976808,-5.31721825180711
2005,0,0.19,12200,1,0,"C",0.0153240334753578,-4.16289020771374
2005,0,0.25,15000,0,0,"C",0.315144791582983,-0.776175252310521
2005,0,0.07,2500,1,0.06,"AA",0.000134156835897711,-8.91636685943471
2005,1,0.29,3600,0,0.92,"Missing",0.822847821268699,1.53576214622163
2005,1,0.29,4000,1,0.92,"Missing",0.960184237265779,3.18286229738492
2005,0,0.14,2690,1,0.69,"C",0.0281275013875106,-3.54247682679694
2005,1,0.29,2500,0,0,"Missing",0.913033181956017,2.35124557969839
2005,0,0.24,2500,1,0.96,"D",0.201638860027531,-1.37608277573871
2005,0,0.13,10200,0,0.95,"A",5.30838960660528e-05,-9.84358386600088
2005,0,0.07,6500,0,0.75,"Missing",0.276140116401986,-0.963689437693796
2005,0,0.15,5000,0,0.41,"B",0.00228649405062137,-6.07844650475865
2005,1,0.24,2800,0,0,"Missing",0.703434854024053,0.863708358682693
2005,0,0.18,25000,0,0.6,"A",0.00901762423527207,-4.69951583904702
2005,0,0.29,3550,0,0,"Missing",0.83021512256048,1.58715264212084
2005,0,0.29,25000,0,0.44,"AA",0.00580140654010578,-5.14383658384683
2005,0,0.1,4000,1,0.43,"A",0.000953416199600136,-6.95450515294864
2005,0,0.15,25000,0,0,"A",0.00482430777589051,-5.32925203830863
2005,1,0.29,5108,0,0,"Missing",0.892665661781382,2.11826349275297
2005,0,0.1,4000,0,0.51,"AA",5.45139970039783e-05,-9.81699854802515
2005,0,0.17,4000,0,0.75,"B",0.00857589219361788,-4.75018736868025
2005,1,0.26,3600,0,0.53,"Missing",0.965677144521232,3.33701808667229
2005,1,0.15,1000,0,0,"Missing",0.874030776995212,1.93707797374094
2005,0,0.15,8400,0,0.48,"B",0.000716926181398022,-7.23982049418347
2005,0,0.15,2300,0,0.46,"C",0.0670277845621086,-2.63326819220896
2005,0,0.21,5000,0,0.97,"D",0.0484807772003067,-2.97689251616722
2005,0,0.11,1000,0,0.03,"AA",0.00109507117195494,-6.8158402494063
2005,0,0.24,25000,0,0,"A",0.00716471602437906,-4.9313963463492
2005,0,0.12,6000,0,0.03,"AA",0.00127818779059438,-6.66103298745503
2005,0,0.24,5500,0,0,"D",0.490254382191686,-0.0389874089465148
2005,1,0.27,14000,1,0.65,"D",0.561853448630665,0.248687601746425
2005,0,0.25,14000,0,0.8,"D",0.53976506641126,0.1593968983896
2005,0,0.23,7800,1,1.03,"C",0.15326357700466,-1.70923029259172
2005,0,0.18,15000,1,0.02,"C",0.125187803475941,-1.94419419318245
2005,1,0.29,5000,0,1.08,"Missing",0.988617059064729,4.46419123102929
2005,0,0.09,1025,1,0.76,"D",0.160843361856006,-1.65196640160412
2005,0,0.15,1000,0,0.16,"A",0.00536641961660248,-5.22221346032343
2005,0,0.19,25000,0,0.85,"A",0.00487680121451973,-5.31837703125824
2005,1,0.29,7000,0,0,"Missing",0.47246723076825,-0.110242593529749
2005,1,0.24,1000,0,0,"D",0.297241071278123,-0.860470417741384
2005,0,0.09,1025,1,0.76,"D",0.00765840612428923,-4.86426351234322
2005,0,0.11,2500,0,0.33,"B",0.000827771921453243,-7.09594478399257
2005,1,0.29,5000,1,1.02,"Missing",0.759045521780376,1.14745372299862
2005,1,0.29,6000,0,1.02,"Missing",0.992650471627036,4.90574246553992
2005,0,0.2,5000,1,0.43,"D",0.323368609265787,-0.738333772388647
2005,1,0.23,8500,0,0.86,"D",0.557756479987142,0.232061770714907
2005,0,0.2,6001,0,0,"A",0.0131297752775661,-4.3196559732325
2005,0,0.11,13000,0,0.82,"A",0.00351595308508335,-5.64692249393792
2005,1,0.2,2200,0,0.92,"Missing",0.973975074927752,3.62233097746324
2005,0,0.07,1500,0,0.01,"AA",2.91895106617466e-05,-10.4416719472025
2005,0,0.17,12000,0,0.91,"D",0.0131982607693575,-4.31438408613516
2005,1,0.29,9200,1,0.98,"Missing",0.991118207109375,4.71483036912975
2005,0,0.2,1000,1,0.42,"C",0.0330009052218044,-3.37766256728528
2005,0,0.07,1000,0,0.34,"AA",0.00011856009090515,-9.03997206255324
2005,1,0.2,7000,0,0.86,"D",0.269697617496935,-0.996157274777083
2005,1,0.24,2800,0,0,"Missing",0.813968129709527,1.47600320786214
2005,1,0.29,7000,1,1.02,"Missing",0.92626274684145,2.53064979653425
2005,1,0.29,4000,0,0.95,"Missing",0.982541454638626,4.03031330156504
2005,1,0.22,5000,0,0.86,"Missing",0.578935453765969,0.318404854142523
2005,1,0.29,3000,0,0.91,"Missing",0.886839765989193,2.05885950445837
2005,0,0.29,7000,0,0.12,"D",0.0267625344270424,-3.59362516716288
2005,0,0.29,2400,0,0.87,"Missing",0.467856294871296,-0.128752388763962
2005,0,0.29,2500,1,1.04,"Missing",0.960376235175024,3.18789605922307
2005,0,0.17,1800,0,0.96,"Missing",0.360851543967404,-0.571670114748752
2005,0,0.09,7000,0,0.17,"AA",2.54876998733876e-05,-10.5772890920536
2005,0,0.15,12000,0,0.61,"B",0.00154962746934984,-6.46818988990894
2005,1,0.29,2100,0,0,"Missing",0.995851980059398,5.48096753450527
2005,0,0.18,2800,0,0.99,"C",0.126926773017346,-1.9284091022753
2005,1,0.26,5000,0,0,"Missing",0.598027105098178,0.397251418446109
2005,1,0.29,3500,0,0.98,"Missing",0.968353932394741,3.42098375849681
2005,0,0.26,7000,0,0.58,"D",0.293053984260601,-0.880597467508042
2005,1,0.29,2501,1,0,"Missing",0.990343346438905,4.63040453162758
2005,0,0.25,25000,0,0.87,"A",0.00547316549717738,-5.20240993029311
2005,0,0.24,4000,0,0.89,"D",0.157995421884239,-1.6732193942287
2005,0,0.15,15000,0,0.05,"AA",3.49030624636771e-05,-10.2629010792585
2005,0,0.29,12000,0,0.92,"C",0.0419546124058349,-3.12830677734688
2005,1,0.26,2550,0,0.88,"Missing",0.937779786058422,2.71283522184982
2005,1,0.2,10000,0,0.79,"C",0.102545336779743,-2.16925759373423
2005,1,0.29,10000,1,0.9,"Missing",0.980493955348176,3.91733208107068
2005,0,0.08,3001,0,0.14,"AA",0.000272516112991796,-8.20754026211172
2005,0,0.29,15000,0,0,"AA",0.0109043867210246,-4.50762584392938
2005,1,0.29,7500,0,0.86,"Missing",0.908429826534867,2.29461204237225
2005,0,0.16,25000,0,0,"AA",0.000261963342815452,-8.24704397924882
2005,0,0.19,7500,0,0.8,"D",0.126166544961119,-1.93528698305436
2005,0,0.21,20000,0,0.01,"B",0.00124214856915361,-6.6896697610531
2005,1,0.28,3500,0,0,"Missing",0.697382847302728,0.834866054591623
2005,0,0.1,3500,1,0.21,"AA",0.000244455458735682,-8.31623295316219
2005,1,0.29,5000,1,0,"Missing",0.952688530938962,3.00253527919008
2005,1,0.29,2000,1,0.09,"Missing",0.913295896282713,2.35455870535675
2005,0,0.2,1000,0,0.98,"Missing",0.38934831604885,-0.450052364268692
2005,0,0.24,6001,0,0.74,"D",0.0084891730562202,-4.76043827417683
2005,0,0.21,1000,0,0.42,"D",0.16047748067932,-1.65467967540786
2005,1,0.14,8000,0,0.44,"A",0.0648458384091527,-2.66869865826628
2005,0,0.15,25000,0,0.01,"A",0.00923261662023903,-4.67573727843827
2005,0,0.19,2500,0,0.82,"C",0.00170386995863944,-6.37314784564357
2005,0,0.15,8000,0,0.64,"B",0.00120113736651536,-6.7232845063325
2005,1,0.29,2501,0,1.07,"Missing",0.938267341084919,2.7212218114331
2005,1,0.29,5824,0,0,"Missing",0.950613428270378,2.95742893027331
2005,0,0.13,6000,1,0.22,"A",0.0276406191378845,-3.56043907080636
2005,1,0.26,6500,0,0.53,"Missing",0.847144903715263,1.71238136926673
2005,1,0.29,3500,0,0.9,"Missing",0.874162300126711,1.93827307610258
2005,0,0.14,2000,0,0.98,"B",0.00364912880937655,-5.60961101911769
2005,0,0.13,5000,1,0.16,"A",0.00150728946712637,-6.49593386950948
2005,0,0.24,4500,0,0.72,"D",0.0546599567879748,-2.85041330691646
2005,0,0.22,12800,0,0,"A",0.0230705627155155,-3.74585696202542
2005,0,0.22,20000,0,0.92,"D",0.0403602726485418,-3.16871197913892
2005,0,0.21,9500,0,0.73,"D",0.0291266745185626,-3.50654159755365
2005,1,0.29,3000,0,0,"Missing",0.68156491298657,0.760972850958905
2005,0,0.15,4000,0,0.46,"B",0.00246137114929876,-6.00457230124836
2005,1,0.29,7000,1,0,"Missing",0.988545472444327,4.45784957146186
2005,0,0.15,6000,0,0.72,"B",0.000190837379316413,-8.56389805417959
2005,0,0.2,5000,1,0.72,"A",0.00724724012816816,-4.91986092561872
2005,0,0.14,8000,0,0.44,"A",0.000360280237530569,-7.92826804660055
2005,1,0.29,1500,1,0.94,"Missing",0.95731284724729,3.11023223949454
2005,1,0.23,2000,0,1.13,"Missing",0.896436095082388,2.15823814684403
2005,1,0.27,3000,0,0.98,"Missing",0.896658067008473,2.16063136533799
2005,0,0.1,1500,0,0.16,"A",0.00344455781168948,-5.66750923534425
2005,1,0.29,5000,1,0.96,"Missing",0.611360822178544,0.453035978808757
2005,0,0.2,7500,0,0.36,"C",0.0369008698682732,-3.26192122093563
2005,1,0.29,2560,0,1,"Missing",0.862755173707393,1.83836457454425
2005,0,0.2,8000,0,0.84,"D",0.124431320079749,-1.95111967741363
2005,0,0.26,17850,0,0.94,"C",0.0976193645749818,-2.22396054027362
2005,1,0.22,5000,1,0,"D",0.174955717174585,-1.55090416386054
2005,0,0.09,2500,0,0.28,"AA",0.000707345688458088,-7.25328346444693
2005,0,0.12,9000,0,0.05,"AA",0.00210458101440206,-6.1615320759417
2005,0,0.24,7500,1,0.94,"C",0.0356949787806663,-3.29639762812417
2005,0,0.17,7500,0,0.2,"C",0.0141340625558693,-4.24493271110448
2005,0,0.16,5000,0,0.94,"C",0.0271945050708063,-3.57716922632863
2005,1,0.29,3000,0,0.98,"Missing",0.730998077057282,0.999692301119494
2005,0,0.29,13500,0,0.78,"D",0.305713399932366,-0.820236782117101
2005,0,0.24,2500,1,1,"D",0.266873761474596,-1.01054216565701
2005,1,0.29,3000,0,0.85,"Missing",0.880611883760014,1.99823732127533
2005,0,0.18,10000,0,0.87,"C",0.00280421532747121,-5.87382336528897
2005,1,0.18,3001,0,1,"Missing",0.349718870243857,-0.620275172854084
2005,1,0.26,5500,0,0.99,"Missing",0.99059854784794,4.65744519261501
2005,0,0.15,5500,1,0,"C",0.0504268473728455,-2.93548885137952
2005,0,0.25,1500,1,0.97,"Missing",0.420958603931743,-0.318839469922625
2005,1,0.17,9000,0,1,"Missing",0.471929382337292,-0.112400659636299
2005,0,0.1,5000,0,0.52,"AA",0.000527949066358788,-7.54598265566011
2005,1,0.29,4531,0,0,"Missing",0.965400192534882,3.32869460520549
2005,1,0.29,2000,1,0.83,"Missing",0.981815364647994,3.98882624486245
2005,1,0.29,3500,1,1,"Missing",0.988138776450702,4.42254859558492
2005,0,0.11,3500,0,0,"D",0.0132209939760351,-4.31264009073369
2005,0,0.21,13500,0,0.82,"C",0.014877289104652,-4.19293038402158
2005,0,0.26,10848,0,0.68,"B",0.00407796662798129,-5.49807048608267
2005,0,0.13,10000,0,0.15,"A",0.00150044421807759,-6.50049249831953
2005,0,0.23,7500,0,0.89,"D",0.124105072991122,-1.95411756777789
2005,0,0.2,6500,0,0,"C",0.0246785351411943,-3.6768332810126
2005,0,0.17,25000,0,0.91,"A",0.00122911655360003,-6.70022974423107
2005,0,0.11,10000,0,0.17,"AA",5.51900812118047e-05,-9.80467211741479
2005,0,0.13,10000,0,0.12,"AA",0.000311144379496097,-8.07494231796469
2005,0,0.22,15000,0,0.94,"C",0.0938000765775454,-2.26809427532542
2005,0,0.16,4000,0,0.8,"C",0.0175398224237202,-4.02558594837546
2005,0,0.2,12500,0,0.52,"A",0.00486494731999659,-5.32082257207185
2005,1,0.26,6000,1,0,"Missing",0.933304005344076,2.63858608317342
2005,0,0.09,1500,0,0.76,"A",0.00530166308136759,-5.2344189519404
2005,0,0.17,20000,1,0.01,"AA",0.00569147002816248,-5.16307898312139
2005,0,0.14,9999,0,0.54,"A",0.000520403061353221,-7.56038639013262
2005,1,0.29,13531,0,0.82,"D",0.570250130297122,0.282871748585623
2005,1,0.29,4300,1,0.95,"Missing",0.958766436415903,3.14639492131583
2005,1,0.29,5300,0,0.96,"Missing",0.768664742173303,1.20078691754069
2005,0,0.07,1100,1,0.18,"A",0.0015212587874159,-6.4866947201585
2005,0,0.11,2593,0,1.01,"Missing",0.109659782369839,-2.09422097129721
2005,1,0.25,5000,1,0.92,"Missing",0.869265413725083,1.89447929394544
2005,0,0.16,25000,0,0.85,"A",0.0121462201393208,-4.39851666896229
2005,1,0.24,3000,0,0.56,"Missing",0.507851532584661,0.0314087121606672
2005,0,0.1,5000,0,0.52,"AA",0.000928041314389292,-6.98150583414166
2005,0,0.22,2500,1,0.63,"D",0.161473459914125,-1.64730543836267
2005,0,0.18,6000,0,0.75,"C",0.0180811448977813,-3.99463899570995
2005,1,0.25,6000,0,0.11,"D",0.796156921786715,1.36244583094366
2005,1,0.29,2000,0,0.77,"Missing",0.916361302492754,2.39390442010751
2005,1,0.28,2000,1,0.97,"Missing",0.946988212973151,2.88277236084793
2005,1,0.29,3000,0,0.85,"D",0.254701495549799,-1.07369256146693
2005,1,0.29,2501,0,1.07,"Missing",0.785358187151682,1.2971692510028
2005,0,0.1,1000,0,0.56,"A",0.00271237391895124,-5.90721498361822
2005,0,0.11,23500,0,0.02,"AA",0.00379734702244042,-5.56964803281158
2005,0,0.19,16000,0,0.99,"C",0.0185535129755655,-3.96836834074428
2005,1,0.29,3000,0,0,"Missing",0.843193428989107,1.68218337081666
2005,1,0.29,3001,1,0,"Missing",0.98245332121605,4.02518814347872
2005,1,0.29,16000,1,0,"D",0.347894466841326,-0.628307231921513
2005,0,0.21,7000,0,0.78,"D",0.115080595902942,-2.03986385521158
2005,0,0.19,10000,0,0.64,"C",0.151960558895523,-1.71930613922196
2005,0,0.29,2550,1,0.93,"Missing",0.926737846277179,2.53762657233153
2005,0,0.14,22000,0,0.77,"B",0.00243004669041961,-6.01741180360396
2005,0,0.2,3000,0,0.62,"C",0.0134130910435883,-4.29802024625602
2005,0,0.17,4990,0,0.9,"C",0.0056915873769348,-5.16305824695444
2005,0,0.15,2000,1,0,"C",0.0110630769660175,-4.49301738696469
2005,0,0.1,6500,0,0.67,"A",0.000106734942057543,-9.14505523317549
2005,0,0.28,6000,0,0.98,"Missing",0.317320531920609,-0.766113044661656
2005,1,0.29,20000,0,1.03,"C",0.523152661255835,0.0926769216967638
2005,0,0.18,1000,1,0,"C",0.0541573119009548,-2.86018326875408
2005,0,0.1,5000,0,0.11,"AA",9.73305759234012e-05,-9.23730003900664
2005,0,0.21,5000,1,0.94,"C",0.108352016147042,-2.10768608221962
2005,0,0.17,2500,0,0.59,"C",0.0208283461475951,-3.85039210856574
2005,0,0.2,7500,1,0.62,"C",0.0318013464902532,-3.41592865543913
2005,0,0.09,3500,0,0.1,"AA",6.82813178473726e-05,-9.59180607593995
2005,1,0.29,4500,0,0.98,"Missing",0.99722441566717,5.88411454015187
2005,0,0.16,3500,1,0,"C",0.0549456338696984,-2.84489823486316
2005,1,0.29,5000,1,0.94,"Missing",0.927903102042902,2.5549162922405
2005,0,0.13,9000,0,0,"A",0.000603197710331224,-7.41266215744046
2005,1,0.29,5000,0,0.32,"Missing",0.85131497885527,1.74495207166138
2005,0,0.22,15000,0,0.95,"C",0.0453115316854781,-3.04782351338654
2005,0,0.21,3000,0,0.04,"C",0.0256920981078461,-3.63554389672313
2005,1,0.12,1500,1,0.59,"D",0.0955088346294651,-2.24815378495275
2005,1,0.28,3500,0,1.01,"Missing",0.948378616814282,2.91081781787696
2005,0,0.2,1500,0,0.8,"D",0.0213356174423126,-3.82581091059611
2005,0,0.15,18000,0,0.12,"B",0.000193147585757016,-8.55186280200546
2005,1,0.28,23500,0,0.89,"D",0.495980697865813,-0.0160775548487382
2005,0,0.12,25000,0,0.01,"AA",0.000268507533915417,-8.2223630415452
2005,0,0.14,6000,0,0.03,"AA",0.000261139669439953,-8.25019398804744
2005,0,0.18,15000,0,0.26,"B",0.000473014625062183,-7.65591112362538
2005,1,0.29,4000,0,0.98,"Missing",0.820585328598197,1.52031817430698
2005,0,0.2,3500,1,0.81,"C",0.0363417149524827,-3.27777050195475
2005,0,0.2,5000,0,0,"D",0.241062856041943,-1.14686124674504
2005,0,0.26,4500,0,0.96,"Missing",0.746568319299502,1.08039284971346
2005,0,0.29,7000,0,0,"C",0.106982222442955,-2.12194381309172
2005,1,0.28,5500,0,0.35,"D",0.193434092359627,-1.42784876830796
2005,1,0.25,2500,0,1.01,"D",0.893031528507195,2.12208775443662
2005,0,0.09,2550,0,0.01,"AA",0.00114929083400177,-6.76746024113396
2005,0,0.12,8000,0,0.72,"B",0.00167587992087633,-6.38973963996559
2005,0,0.07,2500,1,0,"AA",0.00148845392943166,-6.50852776621326
2005,1,0.26,3600,0,0.53,"Missing",0.71653424196333,0.927334703790578
2005,0,0.18,4800,0,0.89,"C",0.00409663842192381,-5.49348348603013
2005,0,0.19,5000,0,0.39,"C",0.0090790793870449,-4.69266193519985
2005,0,0.2,7500,1,0.9,"D",0.177538318441342,-1.53311542962383
2005,0,0.2,9999,0,0.94,"D",0.114894782168178,-2.04168975626221
2005,1,0.25,9000,0,0.99,"Missing",0.289087957360671,-0.899817720246465
2005,0,0.24,20000,1,0.88,"C",0.0217263098103315,-3.80726551790659
2005,0,0.12,25000,1,0,"AA",0.00346053335530858,-5.66286601800867
2005,0,0.1,3000,0,0.14,"AA",0.000136672961934301,-8.89778294275845
2005,1,0.29,6000,0,0,"Missing",0.825192713881386,1.55193280668618
2005,1,0.18,1230,0,0,"C",0.0174927097857469,-4.0283235533185
2005,0,0.16,24000,1,0.35,"A",0.00332334797237259,-5.70345369620076
2005,0,0.18,25000,0,0.6,"A",0.0135456355970521,-4.28805266500104
2005,1,0.23,1750,1,0,"Missing",0.897222689581821,2.16673947876736
2005,0,0.16,15000,0,0,"B",0.000279057040748723,-8.18381525392692
2005,0,0.11,1000,0,0.05,"C",0.000894282780924491,-7.01859384015688
2005,1,0.22,6001,1,0.22,"C",0.0323030073235946,-3.39975868229153
2005,0,0.29,3000,0,0.91,"Missing",0.850446769871931,1.73810943918622
2005,0,0.14,2000,0,0,"C",0.0996395554000933,-2.20123594882636
2005,0,0.21,13500,0,0.82,"C",0.0137871932202727,-4.2701320259295
2005,0,0.13,25000,0,0.27,"AA",0.002017295534405,-6.20397817596021
2005,0,0.19,3001,0,0.48,"D",0.693769204235798,0.817800294274845
2005,1,0.2,1500,0,0.6,"Missing",0.820909106291824,1.52251892931109
2005,0,0.15,3200,0,0.7,"C",0.0139237330321696,-4.26013890492576
2005,0,0.24,9500,0,0.86,"D",0.107470652538902,-2.11684158476413
2005,0,0.21,10000,0,0.21,"D",0.0323092566557369,-3.39955878327544
2005,0,0.2,9500,1,0.65,"AA",0.0047101707845033,-5.35330981303646
2005,0,0.14,2400,1,0.22,"B",0.0055202840182464,-5.19379039034246
2005,0,0.29,2500,0,0.95,"D",0.281413805532324,-0.937459459139723
2005,0,0.29,2000,0,1.23,"Missing",0.632432538836821,0.542666687350459
2005,1,0.29,5100,0,0.81,"Missing",0.967100180502094,3.38083491799511
2005,0,0.18,17000,0,0.23,"B",0.0108577958038689,-4.51195477787418
2005,1,0.29,4000,1,0.98,"Missing",0.877641435010996,1.97028233041644
2005,1,0.27,2000,1,0,"Missing",0.883570919376184,2.02668922184693
2005,0,0.1,3500,1,0.21,"AA",0.000739224729198863,-7.20916908610306
2005,0,0.1,2000,0,0.29,"A",0.000251537364573476,-8.2876674435615
2005,0,0.18,12000,0,0.54,"B",0.0121994132739039,-4.39409298379913
2005,0,0.15,12000,0,0.94,"B",1.80322751983662e-05,-10.9233293066793
2005,1,0.15,1000,1,1.75,"Missing",0.899369195274146,2.19023520265187
2005,0,0.07,1500,1,0.07,"AA",0.000788005627883651,-7.14521700988005
2005,0,0.26,17850,0,0.94,"C",0.00477178750456949,-5.34025109654504
2005,0,0.15,9000,0,0.49,"B",0.00274842625122684,-5.89397459328574
2005,0,0.15,5000,0,0,"C",0.00566890672219297,-5.16707396183008
2005,0,0.28,9000,0,0.7,"D",0.103518405813739,-2.15872833124448
2005,0,0.17,6500,0,0.81,"C",0.0226904239557357,-3.76286048245384
2005,1,0.24,3500,0,0.94,"Missing",0.862664461997253,1.83759869733419
2005,0,0.07,2000,1,0.07,"AA",0.00581754760983351,-5.14104194346509
2005,1,0.29,3000,0,0,"Missing",0.964421848850982,3.29979708375459
2005,1,0.26,9000,1,0.83,"Missing",0.964762519632208,3.30977167810715
2005,1,0.29,3000,0,0.36,"Missing",0.944856038656864,2.84108533127675
2005,0,0.15,5000,0,0.17,"B",0.000162546563512058,-8.72438349277535
2005,0,0.25,15000,0,0.45,"C",0.0233183934260956,-3.73491824348476
2005,0,0.25,8500,0,0.87,"C",0.168076417194088,-1.59932184877951
2005,0,0.17,2400,0,0.77,"D",0.49810983819408,-0.00756068324000347
2005,0,0.19,15000,1,0.94,"B",0.000205662963151227,-8.48906614614288
2005,1,0.21,9000,0,0,"D",0.550781958812595,0.203830626815966
2005,0,0.09,5000,0,0,"AA",6.94664409245102e-05,-9.57459731755179
2005,0,0.2,9999,0,0.94,"D",0.0383669093566464,-3.22143762267338
2005,0,0.15,7500,1,0,"A",0.000227778380328801,-8.38690961349982
2005,0,0.2,3500,0,1,"D",0.263899749542736,-1.02579702486599
2005,1,0.29,4500,1,1.32,"Missing",0.931975077411528,2.61743192667107
2005,0,0.25,14000,0,0.8,"D",0.13550516821748,-1.85313554541313
2005,1,0.26,4500,0,0.96,"Missing",0.97319956821052,3.59217116829439
2005,0,0.11,10000,1,0.23,"AA",0.000616936635639583,-7.39012710981801
2005,0,0.11,5000,0,0.12,"A",0.000366825950305273,-7.91025617900372
2005,1,0.24,2000,0,1.02,"Missing",0.751227588417154,1.10517018421892
2005,0,0.24,9000,0,1.03,"D",0.642425729105566,0.585908122054179
2005,1,0.29,4500,1,1.52,"Missing",0.954316347914622,3.03925470658666
2005,0,0.18,4000,0,0.19,"D",0.0719034572653547,-2.55781141256517
2005,0,0.2,1750,0,0.96,"Missing",0.238333084066093,-1.16184013377685
2005,0,0.17,3500,0,0.98,"Missing",0.294959427522245,-0.871417537711913
2005,0,0.2,1000,1,0.76,"C",0.0913947379689558,-2.29672283932284
2005,1,0.2,4000,0,0.48,"D",0.366910805554104,-0.545492537836053
2005,1,0.29,5300,0,0.96,"Missing",0.978499646821655,3.81795106399907
2005,1,0.25,1500,0,0,"Missing",0.992541961237107,4.89097681075742
2005,0,0.07,2550,1,0,"A",0.00458782204102047,-5.37975148999179
2005,1,0.29,5000,0,0.83,"Missing",0.956634703001652,3.09376209511474
2005,0,0.15,19300,0,0.39,"A",0.00211014740393599,-6.15888509734703
2005,0,0.24,10000,1,0.03,"A",0.0244134113323565,-3.68790629342564
2005,1,0.29,4000,1,0,"Missing",0.991473172589742,4.75597453102315
2005,1,0.2,2000,0,1.03,"Missing",0.937239435740647,2.70361186543088
2005,0,0.21,3500,0,1.03,"D",0.0349278451994144,-3.31891850255114
2005,0,0.13,25000,0,0.05,"AA",0.000114085295359103,-9.07845009262753
2005,0,0.18,2700,1,0.74,"C",0.0379580418104203,-3.23257667849048
2005,0,0.16,4500,0,0.88,"D",0.134536781528916,-1.86142724600682
2005,0,0.18,18000,0,0.15,"B",0.0053019913845716,-5.23435669923505
2005,0,0.2,4000,1,0.98,"B",0.00015857858103228,-8.74910171696552
2005,0,0.25,14000,0,0.84,"B",0.000494039916575089,-7.61240007926264
2005,1,0.19,7500,0,0.8,"D",0.452035575919472,-0.192449480758191
2005,1,0.22,6001,0,0.69,"D",0.30999115473974,-0.800160652752403
2005,0,0.16,3000,0,0.81,"B",0.00649910912223456,-5.02956984930732
2005,0,0.09,5000,0,0.17,"AA",0.00459896547106457,-5.37731432512654
2005,0,0.22,7500,0,0.92,"D",0.0590085780741468,-2.76925119920612
2005,0,0.1,6000,1,0.75,"A",0.00265203231623965,-5.92977346593821
2005,0,0.14,3500,0,0.94,"C",0.00352219469592481,-5.64514257827525
2005,0,0.22,5000,0,0.55,"C",0.0566085781117645,-2.81332074757619
2005,1,0.23,7500,1,0.81,"Missing",0.941969627718386,2.78700649820721
2005,0,0.16,10000,1,0.83,"C",0.019793281636749,-3.90242091767978
2005,0,0.15,3000,0,0.08,"AA",0.000598276370398474,-7.42085929750959
2005,0,0.13,5000,0,0.69,"A",0.0510489950961635,-2.92257130942746
2005,0,0.18,3001,0,0.8,"D",0.00859372091617876,-4.74809260855687
2005,0,0.15,15500,0,0.98,"B",0.00323834877636973,-5.72944811243444
2005,0,0.28,12000,0,0.83,"D",0.0712576138045758,-2.56752972423834
2005,0,0.2,20000,1,0.2,"C",0.122473277954755,-1.96921454030545
2005,1,0.29,5500,0,0.77,"Missing",0.9899918514005,4.59429709106026
2005,0,0.25,10000,1,0.71,"D",0.0793660347357692,-2.45099202278331
2005,0,0.22,12150,0,0,"D",0.313688737544987,-0.782930047616537
2005,0,0.15,1700,0,0.83,"D",0.0366863363171594,-3.26797469560504
2005,0,0.15,3000,0,0.91,"Missing",0.185214485759407,-1.48141036989717
2005,0,0.13,2000,1,0.54,"A",0.00538383720837699,-5.21895554099341
2005,0,0.22,6001,0,0.25,"Missing",0.696596910976475,0.831144675273684
2005,0,0.25,15000,0,0.65,"D",0.60763676129761,0.437389231278857
2005,0,0.15,4999,0,0.89,"C",0.0289898501152749,-3.5113911485605
2005,0,0.13,10000,0,0.12,"AA",0.0069357106730287,-4.96411187967377
2005,1,0.28,3500,0,0,"Missing",0.946506389609157,2.87321550657971
2005,0,0.11,6475,0,0.1,"AA",0.000438064546869446,-7.7327061306383
2005,0,0.12,25000,1,0.22,"AA",0.0326145614745732,-3.38983814845606
2005,0,0.23,4900,0,1,"D",0.081574197468895,-2.42114811578423
2005,1,0.18,9800,0,0.57,"C",0.0318262579045468,-3.41511988747129
2005,1,0.11,1200,0,0.87,"Missing",0.673244412521928,0.722895979874823
2005,1,0.27,1700,0,0.95,"Missing",0.820551822697843,1.5200906080283
2005,0,0.15,5000,0,0.7,"C",0.00287568101892553,-5.84858593290196
2005,0,0.18,19200,0,0,"AA",0.0356976593687631,-3.29631975406272
2005,0,0.26,7225,0,1.01,"Missing",0.198439559360892,-1.39607581169789
2005,0,0.1,7500,0,0.2,"AA",0.00295159746619223,-5.82245277921234
2005,0,0.18,9500,1,0.36,"A",0.00733162630362867,-4.90819928339919
2005,0,0.24,5000,0,0.95,"D",0.291064843517833,-0.890217992330807
2005,0,0.1,3000,0,0.36,"A",0.00557616623462698,-5.18366202235876
2005,0,0.27,15000,0,0.94,"D",0.277179973337788,-0.958493246943509
2005,0,0.08,2000,0,0.05,"AA",3.11418127626432e-05,-10.3769280376396
2005,1,0.29,1000,0,0.45,"Missing",0.79259492681204,1.34063852366126
2005,1,0.27,10095,0,0.9,"Missing",0.737327904248904,1.03212624073328
2005,1,0.29,3000,1,0.74,"Missing",0.889979213237001,2.09052878802751
2005,0,0.09,2000,0,0.02,"AA",0.00416503822997715,-5.47685608837781
2005,0,0.19,19250,0,0.88,"B",0.000126599161794212,-8.97435806199877
2005,0,0.09,3001,0,0.21,"AA",0.00037894437785328,-7.87774210773836
2005,0,0.15,3500,0,0.32,"A",0.000713601336875922,-7.24447224720395
2005,1,0.23,1000,0,0.92,"Missing",0.597914437261696,0.39678275360748
2005,0,0.25,4449,0,0.94,"D",0.0233221250287309,-3.73475440729509
2005,0,0.11,1500,0,0,"AA",0.00514125873594804,-5.26530281875265
2005,0,0.12,20000,0,0,"AA",0.00431304747658206,-5.4417881780938
2005,0,0.15,4000,0,0.72,"C",0.0701735041933768,-2.58402719845018
2005,0,0.17,6500,0,0.45,"B",0.00793248107647514,-4.82882530949611
2005,1,0.25,1500,1,0,"Missing",0.990153706427077,4.61076509273709
2005,0,0.12,2500,0,0,"B",0.000326663657156986,-8.02625277077159
2005,0,0.17,5000,0,0.15,"B",0.00584695279757376,-5.13597052960268
2005,1,0.29,13531,0,0.82,"D",0.588670505311519,0.358472029834906
2005,0,0.15,12000,0,0.61,"B",0.000923420216145085,-6.98650230813856
2005,1,0.29,7000,1,1.02,"Missing",0.963965291473428,3.28657268954324
2005,1,0.2,5000,1,0.95,"C",0.489846647998027,-0.0406189918679662
2005,0,0.15,15500,0,0.98,"B",0.000372962119751114,-7.8936606674172
2005,0,0.15,7700,0,0.38,"C",0.017163098278676,-4.04768155734853
2005,1,0.15,1800,1,1.02,"D",0.394331690675753,-0.429140082228119
2005,0,0.18,9999,0,0.97,"C",0.0135797777077858,-4.28550069983863
2005,1,0.29,6000,1,0.77,"Missing",0.880280051114605,1.99508484071449
2005,1,0.29,2550,0,1.7,"Missing",0.776321487895015,1.24435691578177
2005,0,0.13,5000,0,0.95,"B",0.000309702407673695,-8.0795889464272
2005,0,0.24,6001,0,0.74,"D",0.00694076059365667,-4.96337895512983
2005,0,0.15,1000,1,0.55,"B",0.00435412128682823,-5.43226883206461
2005,0,0.2,3200,1,0,"D",0.118029196153258,-2.01122693435557
2005,1,0.24,3000,0,0.85,"Missing",0.876957614827642,1.96392977056479
2005,0,0.14,1500,1,0.25,"AA",0.00742653152943567,-4.89524210346026
2005,0,0.28,12000,0,0.83,"D",0.240273752967055,-1.15117925644769
2005,0,0.12,2000,0,0.01,"AA",0.00028883655520554,-8.14936070448271
2005,0,0.08,1000,0,0,"AA",0.000161533054031206,-8.73063922121761
2005,0,0.2,9500,0,0.72,"D",0.221293500098528,-1.25814433448946
2005,0,0.29,4000,0,0.8,"D",0.168854576221812,-1.59376692931952
2005,1,0.27,6000,0,0.85,"Missing",0.963194182322631,3.2645991128498
2005,0,0.18,2700,1,0.74,"C",0.040180435782185,-3.17336510777982
2005,0,0.22,15000,0,0.94,"C",0.0125342377272043,-4.36667790684821
2005,1,0.29,5000,1,0,"Missing",0.998786505665074,6.71303696996856
2005,0,0.15,3000,0,0.46,"B",0.00289734385945782,-5.84105932293865
2005,0,0.17,10000,0,0.62,"B",0.00933701951350903,-4.66438730484228
2005,0,0.13,8000,0,0.57,"A",0.00206636988853116,-6.17989338045823
2005,0,0.15,2500,1,0.9,"C",0.0799161545017959,-2.44348678596326
2005,0,0.23,6001,0,0.61,"D",0.0508586272342308,-2.92650798920269
2005,1,0.26,5000,1,0,"Missing",0.975970949373306,3.70416927985209
2005,1,0.24,3000,0,0.91,"Missing",0.659424253071986,0.660729551689008
2005,1,0.28,1500,1,1,"Missing",0.952390540728501,2.99594371684146
2005,0,0.2,5000,0,0.97,"C",0.0223675668354123,-3.77752176368677
2005,0,0.18,3002,1,0.8,"D",0.546003209994763,0.184534727295603
2005,0,0.18,2750,1,0,"D",0.0172959115877027,-4.03983789658225
2005,0,0.11,8000,1,0.17,"AA",0.000292993364202752,-8.1350675606807
2005,0,0.17,11000,0,0.61,"C",0.000919899868840414,-6.99032540882506
2005,0,0.2,12000,0,0.26,"C",0.0188156337647498,-3.95407227145289
2005,0,0.19,2750,0,0,"C",0.0169992205170503,-4.05744242204341
2005,0,0.2,5000,0,0,"D",0.0386418920319484,-3.21401000674693
2005,0,0.09,3000,0,0.71,"AA",0.00012597967333395,-8.9792639991637
2005,1,0.23,1800,0,0,"Missing",0.937517664544611,2.70835171576754
2005,0,0.18,1600,0,0.94,"D",0.0261687019642243,-3.61667396817104
2005,0,0.21,10000,0,1.01,"D",0.0295772956614245,-3.49072472570244
2005,0,0.26,7000,0,0.92,"C",0.0244095087791995,-3.68807015924832
2005,1,0.29,2000,0,0.77,"Missing",0.95503116354772,3.05577424535283
2005,0,0.2,10000,1,0.89,"D",0.27040966133022,-0.992545123415608
2005,0,0.14,7000,0,0.32,"A",0.00114708246460333,-6.76938580664679
2005,1,0.29,3999,0,0.96,"Missing",0.920642702547581,2.45111160775073
2005,0,0.11,6000,0,0.1,"A",0.0016571665013387,-6.4009875208571
2005,0,0.23,15000,0,0.96,"C",0.0723221455840651,-2.5515541493162
2005,0,0.25,15000,0,0,"C",0.0486292624562948,-2.97367836839981
2005,0,0.23,6001,0,1.2,"Missing",0.984304654265504,4.13857123875482
2005,1,0.27,2800,0,0,"Missing",0.958096549690976,3.12958038563583
2005,1,0.29,5000,0,0.32,"Missing",0.880747977574873,1.99953243180089
2005,0,0.19,6000,0,0.5,"B",0.00210445862767599,-6.16159035281482
2005,0,0.23,10000,0,0,"D",0.303272267908406,-0.831763730180764
2005,0,0.1,1000,0,0.24,"AA",0.000577088712311901,-7.45693730047439
2005,0,0.29,12000,0,0.92,"C",0.120397201043158,-1.98867415530006
2005,0,0.18,3000,1,0.93,"C",0.176344259411519,-1.54131454815593
2005,0,0.18,10000,0,0.66,"B",0.0017133005610911,-6.36761884619489
2005,0,0.29,18000,0,0.93,"D",0.0671587988328175,-2.63117503707629
2005,0,0.29,12000,0,0.92,"C",0.0807251351420467,-2.432535178139
2005,1,0.29,6000,0,0.98,"Missing",0.79294146519439,1.34274787439734
2005,1,0.29,6000,0,0.59,"Missing",0.937326883684218,2.70509949459115
2005,1,0.29,4600,0,0.9,"Missing",0.670677586442724,0.711251273075928
2005,0,0.27,6000,0,0.95,"Missing",0.815352663187662,1.48517301691515
2005,1,0.29,6000,1,0,"D",0.728932070724404,0.989211095216081
2005,0,0.29,7000,0,0,"Missing",0.706868326966528,0.880222502549413
2005,0,0.17,1500,0,0.67,"C",0.00431222673478068,-5.44197931328003
2005,1,0.29,2500,1,0.87,"Missing",0.976853203135519,3.74247998150396
2005,0,0.21,25000,0,0.07,"A",0.00250851678950718,-5.98555195262644
2005,1,0.06,6000,1,0.81,"Missing",0.544188845255318,0.177217739224304
2005,0,0.11,2500,1,0,"B",0.00205122229859078,-6.18726609136284
2005,0,0.15,7000,0,0.95,"C",0.00789631663931205,-4.83343121878277
2005,1,0.29,15000,0,0,"Missing",0.75209774380365,1.10983175373016
2005,0,0.26,10000,0,0.88,"D",0.0896044103516535,-2.31847467750527
2005,0,0.2,8000,0,0.87,"D",0.0362794328109885,-3.27955039305998
2005,1,0.24,3000,0,0.56,"Missing",0.910807429218877,2.32353374205204
2005,0,0.15,7000,1,0,"B",0.00108635119711913,-6.82384378211485
2005,1,0.29,5000,1,0,"Missing",0.913967758228746,2.36307316505972
2005,0,0.27,3200,0,0.98,"Missing",0.535492671907629,0.142209870782929
2005,1,0.29,3000,1,0.98,"Missing",0.953360785711487,3.01755171533289
2005,0,0.19,5500,0,0.29,"B",0.00299334464416636,-5.80836607300795
2005,0,0.1,1000,0,0.56,"A",0.000556424550848251,-7.49342239501833
2005,0,0.15,15000,0,0.63,"B",0.000732971455533499,-7.21767055859883
2005,0,0.25,25000,0,0.18,"A",0.0165772977686369,-4.08300488512195
2005,1,0.29,10000,1,0.9,"Missing",0.993946730606472,5.10108509257533
2005,1,0.25,8000,1,0.48,"D",0.715170563149724,0.920630530181604
2005,0,0.15,7000,0,0.95,"C",0.00854028208769209,-4.75438428111313
2005,0,0.23,15000,0,0.77,"C",0.114921120620637,-2.04143078490403
2005,1,0.22,5000,0,0.86,"Missing",0.828719139036364,1.57657663192846
2005,1,0.25,4000,0,0.02,"Missing",0.802426187831862,1.40152762597686
2005,0,0.29,6000,0,0.98,"Missing",0.690854078301731,0.804115222861319
2005,0,0.15,2500,0,0.94,"D",0.237547908431411,-1.1661703529347
2005,1,0.24,9950,0,0,"D",0.0684529116320814,-2.61070065242733
2005,0,0.1,15000,0,0.21,"AA",0.0011785363078944,-6.74230279616926
2005,1,0.23,13100,0,0.71,"D",0.420837436239741,-0.319336582676345
2005,0,0.25,10000,0,0.87,"Missing",0.321292117232768,-0.74784008630869
2005,0,0.13,10000,0,0.12,"AA",0.000355906228258068,-7.94048729600067
2005,0,0.25,8500,0,0.78,"D",0.595668680791518,0.387449968864815
2005,0,0.1,8300,0,0.05,"AA",0.000196969242877616,-8.53226598029638
2005,0,0.15,8400,0,0.48,"B",0.00967271310203121,-4.62872664222857
2005,1,0.29,2500,0,0.85,"Missing",0.957016669332967,3.1030084279938
2005,0,0.29,6000,0,0.59,"Missing",0.660634348661401,0.666122364153545
2005,0,0.12,2500,0,0,"B",0.00956490850570346,-4.64004329562442
2005,0,0.19,2750,0,0,"C",0.048803603263327,-2.96991640974912
2005,0,0.15,14500,1,0,"A",0.0019071621677831,-6.26022993469596
2005,0,0.24,5000,0,0.67,"D",0.173584051528402,-1.56043628742057
2005,0,0.1,1500,0,0.89,"A",0.00126169762773299,-6.67403464700884
2005,1,0.29,2550,1,1.32,"Missing",0.956679300568311,3.09483765846568
2005,0,0.24,25000,0,0.42,"C",0.0150834377367051,-4.17895962599762
2005,0,0.17,13000,1,0.88,"B",0.00380820605788651,-5.56678157594033
2005,0,0.1,9990,0,0.05,"AA",0.000504643970825393,-7.59115261424421
2005,0,0.17,1500,0,0.61,"D",0.0866891117858225,-2.35474804450262
2005,1,0.29,5500,0,1.13,"Missing",0.935550071449934,2.67524604723808
2005,0,0.29,3800,0,0.73,"Missing",0.57501390407351,0.302337768580231
2005,0,0.2,1500,0,0.53,"D",0.0319951852483442,-3.40965163069112
2005,0,0.11,9000,0,0.33,"A",0.000114044594530278,-9.0788069548725
2005,1,0.28,4500,0,0.47,"Missing",0.946235032863898,2.86786890071815
2005,1,0.17,3500,0,0.76,"Missing",0.54081914991388,0.163640793083892
2005,0,0.27,6500,0,0.67,"D",0.292243496432751,-0.884512766357377
2005,1,0.15,2500,0,1.01,"D",0.318572783777348,-0.760338476653892
2005,0,0.11,1500,0,0.07,"B",0.000148346067491282,-8.8158143628232
2005,0,0.23,5000,0,0.37,"D",0.254428721598293,-1.0751300167148
2005,0,0.15,12000,1,0.53,"B",0.00933233467767173,-4.66489390827187
2005,1,0.29,5000,1,0.75,"D",0.374691538282654,-0.51214194383502
2005,1,0.29,5000,1,0,"Missing",0.933348028155474,2.63929352057229
2005,1,0.29,3000,1,0.53,"D",0.725907939771384,0.973959165868626
2005,0,0.2,7000,0,0.28,"C",0.0341839291816132,-3.34121778654677
2005,1,0.26,5000,1,0,"Missing",0.913432779713405,2.35628856240299
2005,0,0.18,19200,0,0,"AA",0.00102157904348318,-6.88538366567214
2005,0,0.13,6000,1,0.22,"A",0.000682667278482376,-7.28882006385708
2005,0,0.07,3000,0,0.06,"AA",0.00142793712402101,-6.55009548923394
2005,0,0.2,20000,1,0.05,"AA",0.0362072465439633,-3.28161700588558
2005,1,0.27,7000,0,0,"D",0.174111300545497,-1.55676526499094
2005,1,0.29,1000,1,1,"Missing",0.844392213805192,1.69127844464776
2005,0,0.2,3200,1,0,"D",0.182139417176513,-1.50191946316153
2005,0,0.2,2550,0,0,"AA",0.015134072145802,-4.17555688265945
2005,0,0.15,5000,0,0.67,"C",0.0240447577584309,-3.70349972683265
2005,0,0.17,10000,0,0.39,"A",0.00286322359426834,-5.85293982756234
2005,1,0.24,1025,1,0.59,"Missing",0.941095215270634,2.77112199751161
2005,0,0.29,5500,0,0.99,"Missing",0.521495230869405,0.086033951695462
2005,0,0.1,1000,0,0.3,"AA",0.000279975049045668,-8.18053005506741
2005,0,0.11,3500,0,0.1,"AA",0.00129381700677493,-6.64886385490488
2005,0,0.15,4200,0,0.3,"C",0.00780523981036478,-4.84512414013253
2005,0,0.11,6000,0,0.1,"A",0.00729639988651082,-4.91305106990019
2005,0,0.2,5000,1,0.43,"D",0.0112172385851255,-4.4790228983118
2005,0,0.15,4000,0,1,"D",0.00453170238853991,-5.39211560519471
2005,0,0.11,7500,0,0,"AA",0.000193738708680783,-8.54880641172719
2005,1,0.29,3001,1,0,"Missing",0.952655110785027,3.00179406223069
2005,0,0.25,13000,0,0.74,"D",0.0897670429008688,-2.31648266117466
2005,0,0.12,9000,0,0.12,"A",0.0017470229519102,-6.34809355924095
2005,0,0.1,3000,1,0.32,"A",0.0086002890860182,-4.74732197664493
2005,0,0.15,2300,0,0.46,"C",0.0197839457793962,-3.90290222127015
2005,0,0.09,5000,0,0.02,"AA",0.0012635891127259,-6.67253471703524
2005,1,0.29,3000,1,0,"Missing",0.445539154680947,-0.218711059363728
2005,1,0.29,4000,0,1,"Missing",0.934006830809054,2.64993251213881
2005,0,0.21,3500,0,1.03,"D",0.00824665537348824,-4.78966672296609
2005,0,0.08,2600,0,0,"A",0.00194462369957709,-6.24074027434898
2005,0,0.1,1000,0,0.28,"A",0.0033884841475115,-5.68397837365777
2005,0,0.15,2000,0,0.54,"C",0.0168914578842902,-4.06391148978217
2005,1,0.29,1800,0,0.85,"Missing",0.981334121387956,3.96221581026117
2005,1,0.29,4669,1,0,"Missing",0.929133433674246,2.57345359868394
2005,0,0.17,1500,0,0.61,"D",0.0984681512418611,-2.21436221240025
2005,0,0.13,15000,0,0.45,"A",0.0181980492085439,-3.98807520658185
2005,0,0.16,6500,1,0.93,"A",0.00140844073065978,-6.56386261777639
2005,0,0.11,14000,0,0.56,"AA",0.000514628787978211,-7.57154995598927
2005,1,0.29,3000,0,0.79,"Missing",0.817444614596475,1.49912954210276
2005,0,0.19,25000,0,0.89,"B",0.00290241139152664,-5.83930674163147
2005,0,0.23,8200,0,0.44,"C",0.0430493449744483,-3.10140481267881
2005,0,0.1,5000,0,0.71,"AA",0.000671735513878896,-7.30497391422236
2005,0,0.11,20000,0,0.01,"AA",0.000562180174432708,-7.48312582611725
2005,0,0.09,2500,1,0.24,"AA",0.00110752767610666,-6.80451692520656
2005,0,0.22,6001,0,0.98,"C",0.0845267884679513,-2.3823725952507
2005,0,0.09,2500,0,0.09,"AA",0.000448453338785332,-7.7092573663365
2005,0,0.13,2550,0,0.27,"A",0.000514250574064279,-7.57228553027197
2005,0,0.15,5000,1,0.92,"C",0.00621595969275038,-5.07439979117005
2005,1,0.24,3000,0,0.97,"Missing",0.923600426685411,2.49230242819168
2005,0,0.15,20000,0,0.75,"B",0.000729206410703776,-7.22282425136696
2005,0,0.19,15000,1,0.41,"A",0.00838030636186579,-4.77345518790893
2005,0,0.1,5000,0,0,"A",0.000146112759081081,-8.83098578843572
2005,0,0.29,5500,0,0.72,"D",0.0411043251292191,-3.14966893338521
2005,0,0.18,7000,0,0.54,"B",0.0010898552410848,-6.82061994833968
2005,1,0.25,4800,0,0.85,"Missing",0.675278099328022,0.732155479250927
2005,0,0.29,25000,0,0.6,"D",0.0924661466416873,-2.28388827414083
2005,1,0.29,1000,0,0.92,"Missing",0.991775972874522,4.79243724094589
2005,0,0.18,9200,0,0.71,"C",0.00746897670308846,-4.88950026758
2005,0,0.18,13000,0,0.95,"B",0.000831713780113144,-7.09119013077072
2005,1,0.24,4000,0,0.99,"Missing",0.535870315510617,0.143728177512741
2005,0,0.15,7000,0,0,"A",0.00363930683454824,-5.61231610031411
2005,0,0.25,6000,0,0.11,"D",0.274754886109048,-0.970630308879225
2005,1,0.27,3200,1,0,"Missing",0.888834865101896,2.07889466715331
2005,0,0.11,6000,0,0.4,"AA",0.00109182023190639,-6.81881662130577
2005,0,0.13,10000,0,0.15,"A",0.00196755844337929,-6.22899237709873
2005,1,0.29,7000,0,0,"Missing",0.984549488452088,4.15454205172282
2005,0,0.24,6000,0,0.52,"D",0.260665475990286,-1.04251260565935
2005,0,0.18,8000,0,0.23,"C",0.173937199954371,-1.557976485477
2005,0,0.16,5000,0,0,"C",0.0263270425590654,-3.61047882951233
2005,1,0.29,2501,1,0,"Missing",0.924547024830115,2.50579429790825
2005,0,0.26,10000,0,0.88,"D",0.0396914328883934,-3.18611928874717
2005,0,0.15,15500,0,0.98,"B",0.00560171954659846,-5.17906419846489
2005,0,0.15,6000,0,0.14,"C",0.0492068094190734,-2.96126455693364
2005,1,0.23,14000,1,0.83,"C",0.853231158896378,1.76017166637949
2005,1,0.26,7000,0,0.92,"C",0.31490648238499,-0.777279637579485
2005,1,0.24,1550,0,1.09,"Missing",0.908764860077434,2.29864625189388
2005,0,0.22,5400,0,0.63,"D",0.035598089950866,-3.29921614350897
2005,0,0.23,5000,0,0.97,"Missing",0.785367281468484,1.2972232014019
2005,1,0.29,3000,0,0,"Missing",0.971656308088404,3.53459765154242
2005,0,0.11,8000,0,0.32,"A",0.000123532572573953,-8.99888215092955
2005,0,0.18,3000,0,0.79,"B",0.000517084327604777,-7.56678736920795
2005,0,0.13,4950,0,0,"B",0.00222701441929622,-6.10486391806154
2005,0,0.1,3000,0,0.36,"A",0.00529637406384304,-5.23542238187701
2005,0,0.2,10000,0,0.45,"A",0.00237349466913359,-6.04101555009671
2005,0,0.13,2600,1,0.1,"C",0.0270236274097942,-3.58364822625037
2005,1,0.29,2550,0,1,"Missing",0.984327916289156,4.14007806774372
2005,0,0.2,25000,1,0.98,"B",0.0030383675315115,-5.79339191127019
2005,1,0.3,3000,0,1.03,"D",0.240883848607968,-1.14783993649547
2005,0,0.18,20000,1,0.43,"B",0.00203420747138506,-6.19561270561181
2005,0,0.28,12839,0,0.45,"C",0.176151377038701,-1.54264308085665
2005,1,0.29,4500,0,0.98,"Missing",0.868011073554637,1.88348644362847
2005,0,0.2,5000,0,0.43,"D",0.0380178086749088,-3.23094123907399
2005,0,0.24,3000,0,0,"Missing",0.673358792521109,0.723415968017043
2005,0,0.15,10000,0,0.16,"A",0.0015698418466407,-6.4552093239803
2005,0,0.17,6000,0,0.6,"C",0.0089032799182439,-4.71239238904823
2005,0,0.11,2000,0,0.75,"B",0.000103599135470174,-9.17487796855397
2005,1,0.23,6001,1,0.52,"D",0.570147882874837,0.282454534945647
2005,1,0.27,10095,0,0.9,"Missing",0.970849699831853,3.50570645715262
2005,0,0.15,3000,0,0.08,"AA",0.00135330419715063,-6.60385190272713
2005,1,0.24,2000,1,0.93,"Missing",0.691097735222111,0.805256322380808
2005,0,0.29,12000,0,0.6,"B",0.0292945184637515,-3.50062269232301
2005,0,0.24,5500,0,0,"D",0.173544369521779,-1.56071293338111
2005,0,0.08,1000,0,0.05,"AA",0.00520038431965254,-5.25380879511878
2005,0,0.24,10000,0,0.68,"D",0.173224595463757,-1.56294408739784
2005,0,0.16,25000,1,0.66,"AA",0.0085488333883979,-4.75337486687859
2005,0,0.18,5000,0,0.66,"C",0.0123441646813063,-4.38215083627052
2005,0,0.09,5000,1,0,"AA",0.000162023454725822,-8.72760741437172
2005,0,0.13,2600,1,0.1,"C",0.00212257637788992,-6.15299982331879
2005,0,0.18,4000,0,0.19,"D",0.0380381472928008,-3.23038526342289
2005,1,0.29,5000,1,1.02,"Missing",0.995761520830323,5.45930327349404
2005,1,0.2,2000,1,0,"Missing",0.322339776497554,-0.743039821329011
2005,0,0.21,20000,0,0.01,"B",0.00689745352828153,-4.96968163845665
2005,0,0.2,7500,0,0,"D",0.093859753002453,-2.26739241326354
2005,0,0.29,7500,0,0.35,"Missing",0.445335873613874,-0.219533983234866
2005,0,0.29,25000,0,0.44,"AA",0.00950294422581098,-4.64660522457187
2005,1,0.29,6000,1,0.77,"Missing",0.951291091039353,2.97195815623577
2005,1,0.27,1000,1,0,"Missing",0.981396514032663,3.96562759085686
2005,0,0.29,16000,1,0,"D",0.232745925198612,-1.19287059560176
2005,1,0.26,9000,1,0.83,"Missing",0.934962294174185,2.66553901005248
2005,0,0.24,1000,1,0.18,"C",0.0262985695057777,-3.61159017082688
2005,1,0.24,1500,1,0.88,"Missing",0.98457663972058,4.15632848004012
2005,0,0.19,8750,0,0.73,"D",0.010650101216949,-4.53147866348279
2005,0,0.25,10000,1,0,"A",0.0165597592710082,-4.08408126206506
2005,0,0.16,3500,1,0,"C",0.0200796029346068,-3.88776682042614
2005,0,0.14,7000,0,0.32,"A",0.000377103363053978,-7.88261406105331
2005,1,0.26,3000,1,0,"Missing",0.925157094943207,2.51457223791108
2005,0,0.16,3000,0,0.81,"B",0.00377304653629117,-5.57609232161569
2005,0,0.2,5000,0,0.95,"Missing",0.200574092728059,-1.38271013587388
2005,0,0.29,6000,0,0.94,"Missing",0.88139508244105,2.00570802403165
2005,1,0.21,4000,1,0.91,"D",0.195408760942521,-1.41524079634474
2005,0,0.14,9999,0,0.54,"A",0.0010571493890898,-6.85112154041206
2005,0,0.13,25000,0,0.05,"AA",0.00377541772509002,-5.57546168414652
2005,0,0.17,25000,0,0.34,"AA",0.00267551207114222,-5.92093539083938
2005,0,0.13,20000,0,0.46,"A",0.000734929652275355,-7.21500057467658
2005,0,0.21,15000,0,0.82,"C",0.0265044093186463,-3.60358218692179
2005,1,0.26,6500,0,0.53,"Missing",0.887892417714477,2.06939161805332
2005,1,0.29,25000,0,0.61,"A",0.469078676637441,-0.123843334937093
2005,0,0.13,10200,0,0.95,"A",0.00556416200307209,-5.18582918943347
2005,1,0.25,7000,0,0.14,"D",0.361780129712232,-0.567646197438579
2005,1,0.17,2000,0,0.79,"D",0.229057603141355,-1.21364014450182
2005,1,0.2,2000,1,0,"Missing",0.805238675046816,1.41936388991926
2005,1,0.29,2550,0,0,"Missing",0.856619172337538,1.78748922591522
2005,0,0.2,2000,0,0.77,"Missing",0.251620350790872,-1.08998899458039
2005,0,0.2,5000,0,0,"A",0.00188073426645138,-6.27421050606269
2005,0,0.15,10000,0,0.66,"B",0.00140239440254194,-6.56817083702933
2005,0,0.25,15000,0,0,"C",0.0416502121887463,-3.13590637113833
2005,1,0.29,5500,0,0.99,"Missing",0.885544455871697,2.04601617350876
2005,0,0.15,9990,0,0.2,"A",0.00858716527266643,-4.74886235321504
2005,0,0.2,9000,0,0.92,"C",0.00406565808926224,-5.50110571216112
2005,1,0.28,1250,0,0,"Missing",0.863658471839497,1.84601442910968
2005,0,0.23,25000,0,0,"B",0.0102387109169634,-4.57128806724404
2005,0,0.24,9999,0,0.89,"B",0.00110696751095491,-6.80502339376519
2005,1,0.18,2550,0,0.28,"D",0.323733617048979,-0.736666048018883
2005,1,0.28,2500,1,1.04,"Missing",0.917367348098342,2.407103085858
2005,1,0.29,3500,0,1.01,"Missing",0.783464009874124,1.28596835589882
2005,0,0.11,9000,0,0.33,"A",0.00875727488488807,-4.72907466346914
2005,0,0.29,6000,1,0.72,"Missing",0.874167566151883,1.93832094879635
2005,0,0.17,5000,0,0.34,"D",0.071784349252205,-2.559597612756
2005,1,0.29,6000,0,1.12,"Missing",0.988007548359478,4.41141291584951
2005,0,0.2,10000,0,0.45,"A",0.00731102981278675,-4.9110332515098
2005,0,0.18,2800,0,0.38,"C",0.0189308082380374,-3.94785232849011
2005,0,0.29,16000,1,0,"D",0.45117690211643,-0.195916656750619
2005,0,0.16,5000,0,0,"C",0.00853555687970242,-4.75494248489803
2005,0,0.2,3000,0,0,"D",0.0565217346991408,-2.81494807917551
2005,0,0.26,25000,1,0.38,"D",0.148769606305146,-1.74428398199489
2005,0,0.23,4000,0,0.51,"D",0.0217716090916013,-3.80513638553563
2005,0,0.29,23800,0,0.5,"C",0.118750767543967,-2.00431357673221
2005,0,0.08,2000,0,0.23,"AA",0.000109568847618758,-9.11884788605778
2005,0,0.17,3000,1,0.14,"AA",0.00120249075147451,-6.72215703277183
2005,0,0.14,15000,0,0.59,"AA",0.00108890601566715,-6.82149224278706
2005,0,0.09,6000,0,0,"AA",0.000368450363469486,-7.90583603601125
2005,0,0.18,9999,0,0.97,"C",0.0955150508036516,-2.24808182967397
2005,0,0.2,1500,0,0.6,"Missing",0.371212499567457,-0.527018688721627
2005,0,0.19,7000,0,0.83,"C",0.148626248718177,-1.74541646607277
2005,1,0.29,4000,0,1.21,"Missing",0.923265620950572,2.48756713766199
2005,1,0.27,3000,0,0.98,"Missing",0.971986122072966,3.54664149901843
2005,0,0.1,3000,0,0.07,"AA",0.00326746578162695,-5.72046776925668
2005,0,0.17,25000,0,0.78,"B",0.00725435295206299,-4.9188727893849
2005,0,0.15,2000,0,1.59,"Missing",0.257779186145804,-1.05754344088497
2005,1,0.23,7000,0,0.52,"D",0.412530319386119,-0.353514932605133
2005,1,0.23,10000,1,0.72,"D",0.619287595732694,0.486525532601305
2005,0,0.29,25000,0,0.95,"C",0.122639012218975,-1.96767334408985
2005,0,0.24,7500,1,0.94,"C",0.228286649504787,-1.2180110994575
2005,0,0.29,22000,0,0,"D",0.131116903469854,-1.8911192716284
2005,0,0.09,4500,0,0.07,"AA",0.000158675588215744,-8.74849007755271
2005,0,0.2,13500,0,0.31,"C",0.135308430484133,-1.85481603351256
2005,0,0.22,15000,0,0,"C",0.00845169669947123,-4.76490045012188
2005,1,0.29,5000,0,0.89,"Missing",0.887740872113116,2.06787004892963
2005,0,0.11,1527,0,0.03,"AA",0.000165099535788958,-8.70879690557213
2005,1,0.29,2500,1,0.87,"Missing",0.977091474473191,3.75307114055201
2005,0,0.29,13500,0,0.78,"D",0.142857387743198,-1.7917574693267
2005,1,0.29,5000,0,0.75,"Missing",0.952659949527235,3.00190134865458
2005,0,0.17,10000,0,0.85,"C",0.00912043193597629,-4.68807583691253
2005,0,0.24,25000,0,0,"A",0.00453451321730571,-5.39149271494119
2005,1,0.29,2600,1,0,"Missing",0.946421199173614,2.87153422934353
2005,1,0.22,6001,0,0.69,"D",0.340089013636772,-0.662897568618845
2005,0,0.29,6000,0,0.84,"Missing",0.666224056973168,0.69115609723578
2005,0,0.1,4500,0,0.15,"AA",0.000264041062879911,-8.2391418497736
2005,0,0.24,23000,0,0.82,"B",0.000205769381493241,-8.48854873305054
2005,0,0.15,2000,0,0.5,"D",0.0268028541195724,-3.59207829934332
2005,0,0.2,8500,0,0.64,"C",0.131466994046592,-1.88804976408995
2005,1,0.29,4750,1,1.19,"Missing",0.839657605880582,1.65568270467384
2005,1,0.2,1100,0,0,"Missing",0.802460568127815,1.40174449804582
2005,0,0.2,3000,0,0.98,"D",0.0290180154855296,-3.51039105383517
2005,0,0.07,3000,1,0.09,"AA",0.000424394786541474,-7.76442195073619
2005,0,0.29,1500,0,0.51,"Missing",0.799374289967408,1.38238825111676
2005,0,0.14,6000,0,0.03,"AA",0.000631036529117083,-7.36751557054689
2005,1,0.29,6000,1,0,"Missing",0.998361955860755,6.41261295967786
2005,1,0.29,3100,0,1,"Missing",0.903900180246896,2.24133149385814
2005,1,0.29,3000,0,0.85,"D",0.423746818839028,-0.307410963246556
2005,0,0.1,2500,1,0,"B",0.002495065696665,-5.99094203523632
2005,1,0.29,3000,1,0,"Missing",0.534416436692795,0.13788378541502
2005,0,0.24,4000,0,0.92,"D",0.0154754946483883,-4.1529010065196
2005,1,0.28,1500,1,1,"Missing",0.959262344941116,3.1590117479621
2005,0,0.29,4000,0,0.8,"D",0.0345615394651471,-3.32984087374293
2005,1,0.29,5000,1,0.97,"Missing",0.985187934713307,4.19739034890511
2005,0,0.25,7900,0,0.68,"C",0.0278989404811555,-3.55087105723386
2005,0,0.21,7000,0,0.52,"C",0.12848423587658,-1.91442773448507
2005,0,0.25,7900,0,0.68,"C",0.114322812783364,-2.04732639790806
2005,0,0.2,5000,0,0.96,"C",0.0266067937005367,-3.59962153256986
2005,0,0.17,20000,1,0.01,"AA",0.0342289814846931,-3.33985406818847
2005,0,0.11,2593,0,1.01,"Missing",0.634780395520288,0.552780276483243
2005,0,0.17,5000,1,0.08,"C",0.111491038368822,-2.07560051949539
2005,1,0.11,1200,0,1,"Missing",0.690382659485497,0.801908873272837
2005,0,0.29,25000,0,0.95,"C",0.175019325647908,-1.55046356093246
2005,0,0.17,17000,1,0.59,"B",0.000337670626805627,-7.99310188684862
2005,0,0.1,5000,0,1.13,"A",0.00937667646466869,-4.66010898596639
2005,0,0.11,5000,1,0,"A",0.0150161709204671,-4.18349754208335
2005,1,0.29,3500,0,0.99,"Missing",0.831316908427656,1.5949893233305
2005,0,0.14,3210,0,0.08,"B",0.000647050705246798,-7.34243863662256
2005,1,0.18,2500,0,0.82,"D",0.202470243356038,-1.37092621701015
2005,1,0.28,2550,0,0.74,"Missing",0.592243061633071,0.373245870118932
2005,0,0.18,2800,0,0.99,"C",0.0140162056290071,-4.25342571363259
2005,0,0.25,5000,0,0.76,"C",0.0746642419199561,-2.51715536498533
2005,1,0.29,1500,0,0.95,"Missing",0.98305288998146,4.06056560445194
2005,0,0.11,8000,0,0.06,"A",0.00098406238128087,-6.92283672042225
2005,0,0.13,16000,0,0.34,"A",0.000580243912473336,-7.45148159175919
2005,1,0.25,1500,1,0.97,"Missing",0.745926125577214,1.07700149900808
2005,0,0.2,3000,0,1,"C",0.0402796801530013,-3.17079478129532
2005,0,0.29,3000,0,1.34,"Missing",0.447042700525341,-0.212626665447664
2005,0,0.15,9500,0,0.36,"A",0.00129676425817655,-6.64658554369227
2005,0,0.11,20000,1,0.87,"AA",0.0129733702106723,-4.33179820841091
2005,0,0.18,12000,0,0.93,"B",0.000959420318444586,-6.94822140998099
2005,1,0.21,9000,0,0,"D",0.540883997268794,0.163901925669501
2005,1,0.29,2100,0,1,"Missing",0.68167307142718,0.761471243557666
2005,0,0.13,10000,0,0.53,"A",0.00112568763287101,-6.7882348791365
2005,1,0.29,3000,0,0,"Missing",0.936423562239315,2.68982497163738
2005,0,0.29,5000,0,1,"Missing",0.194164954271657,-1.42317098612497
2005,0,0.2,5000,1,0,"C",0.0197564358653824,-3.90432177075041
2005,1,0.29,2500,1,1.84,"Missing",0.984528788583155,4.15318217047574
2005,1,0.29,2550,0,0.95,"Missing",0.933524703949985,2.64213703575043
2005,0,0.15,7000,0,0.95,"C",0.000562668334437679,-7.4822573807412
2005,1,0.25,3000,0,0,"Missing",0.753625791783379,1.11804439570705
2005,0,0.14,8000,0,0.44,"A",0.00131215044259952,-6.63477491635267
2005,1,0.29,4000,0,1.12,"Missing",0.929266847777199,2.5754815624847
2005,0,0.16,10000,0,0.35,"AA",0.0012308139973622,-6.69884796993758
2005,1,0.24,8000,1,0.93,"Missing",0.495169784071544,-0.0193214647805453
2005,1,0.16,9000,0,0.97,"C",0.0609990181559894,-2.73395875659467
2005,1,0.29,6500,0,0.95,"Missing",0.973840482625394,3.61703443725538
2005,0,0.29,10000,0,0.04,"B",0.0994803335384287,-2.20301203211992
2005,0,0.18,2800,0,0.99,"C",0.0190189587010363,-3.94311682544665
2005,0,0.29,8500,1,0.93,"B",0.00539887564077102,-5.21615105952522
2005,1,0.24,3000,0,0.85,"Missing",0.836045564491119,1.62909455762053
2005,1,0.2,5500,0,0.95,"Missing",0.886854595545585,2.0590072838899
2005,0,0.16,10000,1,0.83,"C",0.0915749277873965,-2.29455489015855
2005,0,0.29,6000,1,0,"D",0.169380281505942,-1.59002569750441
2005,0,0.21,2500,1,0.38,"A",0.00854437277793591,-4.75390128213598
2005,0,0.17,9000,0,0.94,"C",0.138869997128893,-1.82470726055208
2005,0,0.21,4500,0,0,"D",0.054304581545577,-2.85731195133306
2005,0,0.09,3001,0,0.21,"AA",0.00381708178175949,-5.56444469435447
2005,0,0.11,3500,1,0.18,"A",0.0220586719445601,-3.79174386642791
2005,0,0.1,1000,0,0.65,"A",0.00342475513143626,-5.6732946712656
2005,0,0.14,25000,0,0.58,"AA",0.00156863082109185,-6.45598226617831
2005,0,0.14,16500,0,0.2,"AA",0.00512809664237971,-5.26787942306807
2005,0,0.13,6001,0,0.94,"A",0.00583152602796265,-5.13862796273393
2005,1,0.19,7500,0,0.57,"C",0.0649316979089378,-2.66728366096959
2005,0,0.12,3000,0,0.98,"B",0.000183034570103565,-8.60565246397093
2005,0,0.23,13100,0,0.71,"D",0.0902207547376861,-2.31094248498744
2005,0,0.25,2500,0,1.01,"D",0.0821704513600679,-2.41321593158644
2005,0,0.17,4990,0,0.9,"C",0.00810337425624144,-4.80733834415545
2005,0,0.21,6001,1,0,"D",0.139608543154853,-1.81854508222143
2005,0,0.2,4100,1,0.8,"D",0.14400351272565,-1.78242857927526
2005,0,0.28,15000,0,0.93,"B",0.065377792827359,-2.65995974955084
2005,0,0.2,3000,0,0.27,"D",0.0380001767502038,-3.23142345589695
2005,0,0.23,3500,1,0.96,"C",0.120884189356005,-1.98408366721853
2005,0,0.2,7000,0,0.59,"C",0.10784983337509,-2.1128946387803
2005,0,0.05,1000,0,0.64,"D",0.0100343634819391,-4.59165468150363
2005,1,0.29,4000,1,0,"Missing",0.980920555074068,3.9398798990067
2005,1,0.25,2550,1,0.67,"Missing",0.729659695517061,0.992896702575266
2005,0,0.15,11000,0,0.42,"A",0.00182071679017265,-6.30670263836451
2005,0,0.27,14000,1,0.65,"D",0.0321371071193486,-3.40507909013245
2005,0,0.15,2000,0,0.87,"D",0.049235538689811,-2.9606506632798
2005,0,0.1,1000,0,0.24,"A",0.000831053983810774,-7.09198440325034
2005,0,0.21,9975,0,0.62,"C",0.383176237109804,-0.476088315137309
2005,0,0.08,1500,1,0.22,"AA",0.000289708019028613,-8.1463472231218
2005,0,0.24,10000,1,0.03,"A",0.00518125941050783,-5.25751239413987
2005,1,0.29,3500,0,0.71,"Missing",0.93767219124636,2.71099271700406
2005,0,0.18,3100,0,0.98,"C",0.0590362419159137,-2.76875309950608
2005,0,0.15,1700,0,0.83,"D",0.158119740206665,-1.67228519944467
2005,0,0.21,10000,0,0.21,"D",0.415017335525444,-0.343261921707228
2005,0,0.15,4200,0,0.3,"C",0.00327656229007451,-5.717678546528
2005,0,0.12,5900,1,0.31,"A",0.00826585671504623,-4.78732168896138
2005,0,0.2,12000,0,0.95,"C",0.043947437844799,-3.07981856748869
2005,0,0.12,5250,1,0.39,"B",0.0118177105150584,-4.42626788688951
2005,0,0.13,2500,1,0.77,"B",0.0060491727097827,-5.10176621539796
2005,0,0.24,15000,0,1.03,"D",0.302584977893245,-0.835018517492384
2005,0,0.2,5000,0,0.64,"D",0.114493506604394,-2.04564167971571
2005,1,0.29,4500,1,1.32,"Missing",0.952267245204896,2.9932278695793
2005,0,0.17,10000,0,0.28,"B",0.000412240009840456,-7.7934925050695
2005,0,0.25,6000,1,1,"Missing",0.894878424057035,2.14157032353447
2005,0,0.29,3000,0,0,"Missing",0.813855733998495,1.47526112259858
2005,0,0.15,4400,0,0.8,"Missing",0.617974981012619,0.480961871646595
2005,0,0.2,4000,0,0,"D",0.0527035804957631,-2.88892865885367
2005,0,0.16,25000,0,0,"AA",0.00107172446986088,-6.83741397457628
2005,1,0.22,3000,0,0.3,"Missing",0.893291067288784,2.12480759817175
2005,1,0.17,1700,0,0.8,"Missing",0.902822133839013,2.22898259038017
2005,0,0.07,5000,0,0.33,"AA",0.00119750816796395,-6.72631418210194
2005,0,0.15,9800,0,0.94,"B",0.000529842609282423,-7.54240057611312
2005,0,0.19,4400,0,0.98,"D",0.0692410957718614,-2.59840572354236
2005,0,0.17,25000,0,0.06,"AA",0.00126273649597189,-6.67321055639605
2005,0,0.27,7500,0,0.73,"C",0.0368079593958704,-3.26453870130874
2005,0,0.14,9900,0,0.02,"AA",0.0105470604924255,-4.54130500925237
2005,0,0.2,20000,1,0.05,"AA",0.0137784858656873,-4.27077260831041
2005,0,0.23,4000,0,0.51,"D",0.291059842410529,-0.890242228953743
2005,1,0.29,5000,0,0.72,"Missing",0.94169203548855,2.78193959831925
2005,0,0.1,2000,0,0,"AA",0.00904283880622873,-4.69669815319315
2005,0,0.15,3000,0,0.08,"AA",0.00243253170421971,-6.01638721527793
2005,0,0.29,2500,0,0.85,"Missing",0.451904247217863,-0.19297968808644
2005,1,0.29,2500,0,0,"Missing",0.710296024709612,0.896822192578018
2005,1,0.24,9950,0,0,"D",0.373837452916819,-0.515788912200251
2005,0,0.11,3000,1,0,"C",0.00388759428277166,-5.54606957834826
2005,0,0.23,12000,0,0.79,"D",0.02870200686923,-3.52166626815987
2005,0,0.15,1000,0,0.27,"A",0.00134042894834423,-6.61342427741233
2005,1,0.24,5250,0,0.57,"Missing",0.947934574416362,2.90178437351311
2005,0,0.29,25000,0,0.44,"AA",0.00885735305927451,-4.7176104981869
2005,0,0.13,15000,1,0.07,"AA",0.0108582205749386,-4.51191522790712
2005,0,0.14,18500,0,0.45,"A",0.00490684747233571,-5.3122046804721
2005,0,0.11,1500,0,0.2,"B",0.0055811666786989,-5.18276064265631
2005,0,0.2,25000,0,0,"B",0.00564135838859816,-5.17197306247896
2005,0,0.17,2800,0,0,"C",0.000490616550823261,-7.61935695388534
2005,0,0.22,20000,1,0.89,"C",0.577064158484158,0.310732960901008
2005,0,0.08,1000,0,0.33,"A",5.23989231453693e-05,-9.85657211721332
2005,0,0.21,6000,0,0.76,"D",0.0567710054546657,-2.81028336131592
2005,0,0.2,6500,1,0.92,"D",0.0287611444560921,-3.51954710188419
2005,1,0.29,3001,0,0.83,"Missing",0.794363780971178,1.35143283809724
2005,0,0.15,5000,0,0.7,"C",0.037091013746372,-3.25658417349649
2005,0,0.14,1500,0,0.04,"AA",0.000345695674996761,-7.96960596653036
2005,0,0.25,13000,0,0.93,"D",0.436675988599567,-0.254663496065047
2005,0,0.15,5000,0,0.46,"C",0.00741396251963171,-4.89694864707653
2005,0,0.29,25000,0,0.82,"B",0.00719242644924157,-4.92750827198104
2005,0,0.2,3100,1,0.92,"C",0.0193596829055269,-3.92501304022444
2005,0,0.15,1000,1,0.55,"B",0.017572659648184,-4.02368212202661
2005,0,0.13,9000,0,0.26,"AA",0.000381216485164458,-7.87176185250548
2005,0,0.29,3000,0,0.63,"Missing",0.927318253603669,2.54620655048492
2005,0,0.19,5000,0,0.42,"B",0.0139648596658943,-4.25714784289217
2005,0,0.22,20000,0,0.92,"D",0.287742415357537,-0.906373933360086
2005,0,0.26,3000,1,0,"Missing",0.74055176513579,1.04883833450218
2005,1,0.29,3000,1,0,"Missing",0.963573335449827,3.27534754950251
2005,0,0.16,3500,1,0.51,"C",0.0389932403981199,-3.20459313488818
2005,0,0.22,12800,0,0,"A",0.00179414241020068,-6.32143238330193
2005,0,0.2,2500,0,1,"C",0.183564877953877,-1.49237928730561
2005,0,0.15,5000,0,0.17,"B",0.00576340202234375,-5.15044727523298
2005,0,0.05,1000,1,0.48,"D",0.00165916097398158,-6.3997827028448
2005,0,0.15,1500,1,0.42,"C",0.0556515704034032,-2.83138490058224
2005,0,0.09,5000,0,0,"AA",0.00764428878313753,-4.8661228181414
2005,0,0.15,1600,0,0.82,"C",0.0152712487216982,-4.16639433180562
2005,1,0.29,2550,0,0.99,"Missing",0.898510922447798,2.18078768009505
2005,0,0.17,15000,0,0.96,"B",0.0105031803982867,-4.54551844451568
2005,0,0.14,2000,0,0.5,"C",0.0344866711103441,-3.33208700218194
2005,0,0.27,14000,1,0.65,"D",0.67949936212869,0.751472028257627
2005,0,0.11,11000,1,0.43,"AA",0.00402353707598821,-5.51156224028162
2005,1,0.29,2700,0,0,"Missing",0.984758012217927,4.1683419644668
2005,0,0.2,3500,0,0.8,"D",0.219520615301466,-1.26846217919041
2005,1,0.29,4000,0,0,"Missing",0.96535784518928,3.32742756901937
2005,0,0.12,3500,0,0.31,"A",0.000321159023410031,-8.04325294686708
2005,0,0.16,2000,1,0,"C",0.00619660071717877,-5.0775385293797
2005,0,0.23,6001,0,0.42,"C",0.0384625183747277,-3.2188493283396
2005,0,0.14,12000,1,0.37,"A",0.00292336268287003,-5.83209307751266
2005,0,0.25,2000,0,0.19,"D",0.531769721675799,0.127250319037296
2005,0,0.29,2550,0,0.95,"Missing",0.80843822161716,1.43989390587013
2005,0,0.14,4500,0,0,"AA",0.000152334465297793,-8.78927967885751
2005,0,0.15,1500,1,0.64,"AA",0.00116932392394414,-6.75015953185417
2005,0,0.28,15000,0,0.93,"B",0.00269650860288606,-5.91309730207126
2005,1,0.29,12000,1,0,"Missing",0.986267338696947,4.27415042018706
2005,1,0.26,3000,0,1.17,"Missing",0.989180054062614,4.51548509487743
2005,0,0.29,20000,1,0.87,"D",0.705132552264918,0.871859876886871
2005,0,0.24,23000,0,0.82,"B",0.205642034186425,-1.3513972390894
2005,0,0.29,5000,0,0.9,"Missing",0.613316282252907,0.461273668792045
2005,0,0.1,2500,1,0,"B",0.000336023535694194,-7.99799327374106
2005,1,0.28,3500,1,0.94,"Missing",0.937180316549527,2.7026072489068
2005,0,0.09,2000,0,0,"A",0.00128446725275961,-6.65612594300509
2005,0,0.12,1500,1,0.59,"D",0.0748290964567013,-2.51477168162738
2005,0,0.09,5000,0,0,"A",0.00248081951447566,-5.9966824221602
2005,0,0.17,10000,1,0.95,"D",0.213949432871987,-1.3012814330192
2005,0,0.17,4000,0,0.02,"AA",0.00199561342457882,-6.21480618759683
2005,1,0.26,5000,1,0,"Missing",0.911530577759691,2.33246815929099
2005,1,0.29,2400,0,0.87,"Missing",0.894405754764788,2.13655566268983
2005,1,0.29,10000,0,0.51,"D",0.643151429173841,0.589068680231027
2005,1,0.29,3800,0,0.84,"Missing",0.959360309295343,3.16152152524421
2005,0,0.17,9000,0,0.99,"C",0.0369101790598047,-3.26165931116825
2005,0,0.12,8000,0,0.72,"B",0.000251231140613177,-8.28888590093997
2005,0,0.08,2000,0,0.06,"AA",0.000262452911077443,-8.24517639103803
2005,1,0.26,2500,1,0.91,"Missing",0.874473477940254,1.94110489834498
2005,0,0.21,13500,0,0.84,"D",0.168014264313833,-1.59976641363741
2005,0,0.19,25000,0,0.72,"C",0.098585055450247,-2.21304600670506
2005,0,0.25,25000,0,0.57,"D",0.0474172655743734,-3.00019054851703
2005,0,0.16,5000,0,0.94,"C",0.0413957843576325,-3.14229923588711
2005,0,0.15,18000,0,0.12,"B",0.000869940212570006,-7.0462157510308
2005,0,0.29,2000,0,0.98,"Missing",0.839612511994368,1.65534780272573
2005,0,0.09,5000,0,0.54,"A",0.000350852251766789,-7.95479444443901
2005,1,0.29,4850,0,0.89,"Missing",0.97053004905422,3.4944712323756
2005,0,0.1,4500,0,0.15,"AA",0.00124548888793631,-6.68698087991732
2005,0,0.19,20000,1,0.82,"B",0.00917968519335844,-4.68154028946137
2005,1,0.29,3001,1,0,"Missing",0.915190277150312,2.37872180435434
2005,0,0.15,15000,0,0.65,"B",0.00183944603778942,-6.29644967921349
2005,0,0.25,5000,0,0.2,"D",0.214375828196702,-1.29874784393466
2005,0,0.09,2500,0,0.1,"AA",7.53707666656331e-05,-9.493015694527
2005,0,0.17,15000,0,0.52,"B",0.00452949345360536,-5.39260538344487
2005,0,0.13,9000,0,0.26,"AA",0.0157547066743964,-4.13473599072313
2005,0,0.15,19300,0,0.39,"A",0.00441814431944084,-5.41760757511739
2005,0,0.19,1500,0,0.86,"D",0.150942982926644,-1.72722417298038
2005,0,0.29,23250,0,0.92,"C",0.0711091699078575,-2.56977491807832
2005,0,0.23,15000,0,0.06,"D",0.359667635333191,-0.576806991525274
2005,0,0.24,25000,0,0.89,"B",0.00309606874113264,-5.77452124881534
2005,0,0.2,9000,0,0.72,"D",0.0939908134736318,-2.26585239715511
2005,0,0.2,15000,0,1.03,"D",0.0576516250711664,-2.79395659608364
2005,0,0.05,1000,1,0.48,"D",0.0542390519587074,-2.8585886746457
2005,0,0.15,17500,0,0.55,"B",0.00184062017780463,-6.29581039479561
2005,0,0.21,9500,0,0.73,"D",0.00930568756713696,-4.66778024341693
2005,0,0.28,3200,0,0.93,"D",0.357076653493148,-0.588075030457157
2005,0,0.23,6001,0,0.61,"D",0.0825859533159543,-2.40771928409398
2005,1,0.29,20000,0,0.89,"C",0.0661842386338521,-2.64683681363924
2005,0,0.16,17000,0,0,"A",0.000748247425585053,-7.19702832431626
2005,0,0.16,15000,0,0.46,"AA",0.000263990789139457,-8.23933231940904
2005,0,0.25,13000,0,0.74,"D",0.0136823580391172,-4.27787118619226
2005,0,0.07,1000,0,0.12,"C",0.0130046764220546,-4.32935628385647
2005,0,0.17,1200,0,0.94,"D",0.0481872476503843,-2.98327391225469
2005,0,0.26,25000,0,0.92,"C",0.0503182829715723,-2.93775840412755
2005,1,0.25,4000,1,0.99,"Missing",0.961451775270627,3.21653436021599
2005,0,0.25,6000,1,1,"Missing",0.907784547566653,2.28687935461906
2005,0,0.14,9250,0,0.92,"B",0.000283747966269713,-8.16714036829541
2005,0,0.11,14000,0,0.56,"AA",0.00517027429540474,-5.25964585025209
2005,0,0.1,3500,0,0.07,"AA",0.00117637509444013,-6.74414045493795
2005,0,0.26,2600,0,0.36,"Missing",0.869375534496196,1.89544864660884
2005,0,0.18,6500,0,0.85,"C",0.00387979391994078,-5.5480859003304
2005,0,0.22,15000,0,0.83,"D",0.0640799079374322,-2.68139923502789
2005,1,0.21,9000,0,0,"D",0.278465594862322,-0.9520855482082
2005,1,0.25,10000,0,0.87,"Missing",0.899787465204678,2.19486530707958
2005,0,0.16,24000,1,0.35,"A",0.00177889152902764,-6.3299843695249
2005,0,0.28,12839,0,0.45,"C",0.117083730906458,-2.02034104300269
2005,0,0.19,10300,0,0.38,"B",0.00116291439790554,-6.75566242159943
2005,1,0.23,8500,0,1,"D",0.413662161259865,-0.34884653499372
2005,0,0.17,10000,0,0.72,"B",0.0175829461840088,-4.02308645110799
2005,0,0.22,12800,0,0,"A",0.0602085590819833,-2.74784345963304
2005,0,0.15,25000,0,0.09,"C",0.0133182314576541,-4.30521368164026
2005,0,0.14,3500,0,0.94,"C",0.00286518860590526,-5.85225179883463
2005,0,0.2,13500,0,0.31,"C",0.0378667748880886,-3.23507885314455
2005,1,0.17,3650,0,0.85,"D",0.743025376428699,1.06175285909123
2005,1,0.2,5000,0,0.77,"D",0.510747250879871,0.0429956258568551
2005,1,0.24,9950,0,0,"D",0.0296934341593427,-3.48668611953081
2005,0,0.11,6000,0,0.1,"A",0.000549126070660972,-7.50663322901643
2005,0,0.21,5000,0,0,"C",0.00326380472785609,-5.72159252713832
2005,0,0.25,14000,0,0.84,"B",0.0297767545857319,-3.48379815327124
2005,0,0.18,3001,0,0.8,"D",0.0315209229220528,-3.4250753341006
2005,0,0.2,2300,0,0.86,"C",0.0298898789737689,-3.4798896646515
2005,0,0.17,1500,0,0.61,"D",0.0866926446576236,-2.35470342377165
2005,0,0.18,3002,1,0.8,"D",0.00862946934051506,-4.74390534705559
2005,0,0.14,10000,0,0.44,"A",0.000359979254006987,-7.92910411187094
2005,0,0.16,17000,0,0,"A",0.000529425877886242,-7.54318782175464
2005,0,0.22,4500,1,0.68,"D",0.566106729231618,0.265984044004957
2005,0,0.22,20000,1,0.89,"C",0.513668096147188,0.0546860089949797
2005,0,0.1,2000,0,0,"AA",7.59265024519251e-05,-9.48566882921071
2005,0,0.12,3500,0,0.31,"A",0.00073182838163661,-7.21923242650833
2005,0,0.19,16000,0,0.99,"C",0.136014081904958,-1.84879804637551
2005,1,0.29,5824,0,0,"Missing",0.974930850506408,3.66072855959605
2005,1,0.29,3000,0,0.63,"Missing",0.970069528855132,3.47849068486073
2005,0,0.23,12000,0,0.79,"D",0.00405718426899265,-5.50320063880583
2005,1,0.2,3500,0,0.8,"D",0.0885687351549045,-2.33123726345831
2005,1,0.29,5500,0,1.13,"Missing",0.961623360848656,3.22117393817697
2005,1,0.23,3500,0,0.92,"Missing",0.807278509828326,1.43242263564648
2005,0,0.15,1500,1,0.64,"AA",0.000543390268303574,-7.5171392320744
2005,0,0.09,5000,0,0.01,"AA",9.7220641423966e-05,-9.23843028334662
2005,0,0.29,20000,0,1.05,"C",0.336968060759534,-0.676835012175582
2005,0,0.11,10000,0,0.17,"AA",0.000188674809146275,-8.57529691873088
2005,0,0.17,7500,0,0.62,"D",0.121310345767815,-1.98007966542318
2005,1,0.29,4000,1,0.16,"Missing",0.822219636365692,1.5314586806616
2005,0,0.2,6500,1,0.9,"C",0.0556139342846538,-2.83210126397182
2005,0,0.22,2500,1,0.74,"D",0.0946632587658632,-2.25798101436021
2005,0,0.14,8000,0,0.76,"AA",0.00496173064248974,-5.30102659834954
2005,1,0.18,7500,1,0.96,"D",0.233470097691281,-1.18881970141398
2005,0,0.16,11204,0,0.73,"B",0.000826476489743267,-7.09751226845973
2005,1,0.29,3000,1,0.95,"Missing",0.967227982074798,3.38485919064768
2005,0,0.23,7100,0,0.27,"A",0.000365642873406408,-7.91348774690555
2005,0,0.13,15000,1,0.07,"AA",0.00131083094905462,-6.63578233976516
2005,0,0.23,1600,0,0.74,"Missing",0.636420538492392,0.559861694667289
2005,0,0.11,10121,0,0,"AA",0.00038127741246573,-7.87160198096081
2005,1,0.25,2000,0,0,"D",0.637869012094466,0.566126960650451
2005,0,0.08,3000,0,0.03,"AA",0.000882800474736857,-7.03152815544664
2005,0,0.11,1500,0,0.39,"B",0.000960476686971734,-6.94711990957286
2005,0,0.16,25000,0,0.85,"A",0.00298538395454098,-5.81103706332029
2005,1,0.29,4500,0,0.91,"Missing",0.878948149769409,1.9825069400841
2005,0,0.23,6000,0,0,"C",0.0461448129817678,-3.02872730447696
2005,0,0.15,4000,0,0,"C",0.0235681840320961,-3.72400725471336
2005,0,0.24,1500,0,0,"Missing",0.279659322543021,-0.94615210605938
2005,1,0.26,3675,0,0.85,"Missing",0.891611675251641,2.10731031821371
2005,0,0.2,10000,0,0.79,"C",0.0688948431402905,-2.60379089168926
2005,0,0.11,6000,0,0,"A",0.00121713095307792,-6.71004099532056
2005,0,0.2,10000,0,0.35,"C",0.0173342191558779,-4.03758652943878
2005,1,0.24,4500,1,0.71,"D",0.478090504946211,-0.0876941362670001
2005,1,0.25,10000,0,0.87,"Missing",0.824379461260353,1.54630529757382
2005,0,0.23,25000,0,0.67,"D",0.0438589982363123,-3.08192549086068
2005,0,0.17,5500,0,0.91,"C",0.0774310120781816,-2.47777478358114
2005,0,0.2,1750,0,0.96,"Missing",0.386058452811332,-0.463910933443027
2005,0,0.17,11000,0,0,"C",0.00299508255875895,-5.80778390547127
2005,0,0.15,5500,1,0,"C",0.00559153856058122,-5.18089356550264
2005,1,0.29,5000,0,0,"Missing",0.311484779585969,-0.793186949201855
2005,0,0.23,6001,0,0.42,"C",0.0652700875092252,-2.66172377054049
2005,1,0.27,2550,0,0.98,"Missing",0.630756520001485,0.535463660532715
2005,1,0.27,7500,0,0.94,"Missing",0.881893389781417,2.01048348243216
2005,0,0.1,6000,0,0.51,"AA",0.00773550168285731,-4.85416936238626
2005,0,0.24,17500,0,0.15,"D",0.184306183324326,-1.48744064545268
2005,0,0.11,4500,1,0.97,"AA",0.00139104167458141,-6.57631039625925
2005,0,0.15,2700,0,0.51,"C",0.151420595027842,-1.72350230073702
2005,0,0.1,2000,0,0,"AA",0.000499974817950748,-7.60045272506186
2005,0,0.2,8000,0,0.87,"D",0.0797465947252361,-2.44579503124913
2005,0,0.09,1000,0,0.02,"AA",0.00104104620251403,-6.86648751904823
2005,0,0.08,3000,0,0.03,"AA",0.000403106891048375,-7.81590560469315
2005,0,0.08,1000,0,0.31,"AA",0.000440011281070104,-7.7282700844705
2005,0,0.12,3000,0,0.56,"B",0.00213670098542549,-6.14635324803716
2005,1,0.25,10000,1,0.71,"D",0.582641195271767,0.333625256559893
2005,1,0.29,4500,0,0.91,"Missing",0.992571915269895,4.89503141836799
2005,1,0.17,2000,0,0.25,"Missing",0.461558200425453,-0.154071254548383
2005,0,0.09,2550,0,0.05,"A",0.000449468763050025,-7.70699462932137
2005,1,0.29,3500,0,0,"Missing",0.884539234172929,2.03613608763029
2005,0,0.28,5500,0,0.35,"D",0.266674062168244,-1.01156309410639
2005,0,0.12,4000,0,0.04,"AA",0.000337573464069955,-7.99338976956545
2005,0,0.22,6001,0,0.01,"D",0.101585573791734,-2.17972992613859
2005,0,0.16,25000,0,0.63,"A",0.00306610261243182,-5.78427721850601
2005,0,0.22,8000,1,0.93,"D",0.0408697684408365,-3.15563623318422
2005,0,0.28,1000,0,0,"Missing",0.560422251405495,0.242875916109184
2005,0,0.15,5000,0,0.17,"B",0.00144958864678195,-6.53502481435547
2005,1,0.28,2550,0,0.94,"Missing",0.729233147831156,0.990735373087669
2005,1,0.29,3300,0,0.91,"Missing",0.78314070454979,1.28406364397464
2005,1,0.29,5000,0,0,"Missing",0.873759930133332,1.93462024790231
2005,0,0.09,5000,0,0.17,"AA",0.000502921235150893,-7.59457394254087
2005,0,0.18,25000,0,0,"A",0.000234158638597507,-8.35927754352353
2005,0,0.13,10000,0,0.15,"A",0.000172192732617057,-8.66672396245471
2005,1,0.29,5000,1,0,"Missing",0.868618185663606,1.88879595942846
2005,0,0.16,20000,1,0.32,"A",0.00649861115788363,-5.02964697386612
2005,0,0.26,3600,0,0.53,"Missing",0.486812563843827,-0.0527619812357616
2005,0,0.15,9500,0,0.39,"B",0.00128022008963927,-6.65944223052932
2005,1,0.29,6000,1,0.79,"Missing",0.973225262195192,3.59315674469013
2005,0,0.15,1000,0,0,"D",0.140522097343696,-1.81096036208457
2005,0,0.2,5000,0,0.85,"D",0.109720782457048,-2.09359634365781
2005,0,0.11,9000,1,0.85,"A",0.00194559998177525,-6.24023738043965
2005,1,0.15,4400,0,0.8,"Missing",0.647816226013274,0.6094539297497
2005,1,0.23,1500,1,1.11,"Missing",0.945361364042504,2.85082599943503
2005,1,0.28,4750,1,0.14,"Missing",0.79835418554114,1.37603957587245
2005,1,0.29,10500,0,0.99,"Missing",0.995879508623009,5.48765385247863
2005,0,0.23,6000,0,0,"C",0.045584079395128,-3.041541032429
2005,1,0.29,3100,0,1,"Missing",0.859236616374117,1.80896398924194
2005,0,0.24,6001,0,0.74,"D",0.213176184486261,-1.30588537386873
2005,1,0.29,10000,1,0.72,"Missing",0.915511719829486,2.38287033705707
2005,0,0.29,3000,1,0.53,"D",0.189730801052863,-1.4517603058969
2005,0,0.13,6000,0,0,"B",0.01695475257424,-4.06010696663657
2005,0,0.17,10000,1,0.6,"A",0.00985419854373934,-4.60995459402165
2005,0,0.29,3000,1,0.59,"D",0.385963296967361,-0.464312423919567
2005,0,0.14,6001,0,0.56,"B",0.00151682057952065,-6.48962088671716
2005,0,0.16,5000,1,0.69,"C",0.0213724320666885,-3.82404927887159
2005,0,0.16,25000,0,0,"A",0.000330457763585817,-8.01470118996662
2005,0,0.15,10000,0,0.59,"B",0.00507882805778128,-5.27758297215299
2005,1,0.15,1000,0,0,"Missing",0.580325634601238,0.324110294878316
2005,0,0.15,3010,0,0.34,"AA",0.00233965524213474,-6.05540929637602
2005,0,0.07,1325,0,0.02,"AA",0.000620678569894885,-7.38407633957515
2005,1,0.29,2700,0,0,"Missing",0.992184671004927,4.84382218936102
2005,0,0.2,2200,0,0.92,"Missing",0.458940035688261,-0.164610552142933
2005,1,0.17,3500,0,0.96,"Missing",0.643761743569014,0.591728927613584
2005,1,0.29,3800,0,0.73,"Missing",0.926859411890889,2.53941844127404
2005,0,0.24,25000,0,0.89,"B",0.000383819634669975,-7.86495392378879
2005,0,0.23,8500,0,0.86,"D",0.0177435110664277,-4.01383258924958
2005,0,0.17,4800,0,0.88,"C",0.0548273021302801,-2.84717937592289
2005,1,0.29,3000,0,1.34,"Missing",0.997892697708482,6.16023715856531
2005,1,0.22,10000,0,0.8,"D",0.641444468587583,0.581639067982121
2005,0,0.29,2500,0,0,"Missing",0.984623757359026,4.15943596337399
2005,0,0.26,25000,1,0.09,"B",0.00786577172351383,-4.83733775596205
2005,0,0.08,2499,0,0.01,"AA",0.000229715818356504,-8.3784378431459
2005,0,0.18,5000,0,0,"B",0.000787606616434201,-7.14572389353867
2005,1,0.28,4000,0,0.53,"Missing",0.987216399868423,4.34672615580601
2005,0,0.15,5500,1,0,"C",0.0440869551937955,-3.07650301349788
2005,0,0.18,10000,0,0.66,"B",0.00595157888636802,-5.11812937545461
2005,0,0.25,5000,1,1.1,"Missing",0.664151327266712,0.681849346278462
2005,0,0.11,12000,0,0.47,"A",0.00782949351822263,-4.84199715091203
2005,0,0.09,3500,0,0.67,"A",0.00123831762636459,-6.69276248854439
2005,1,0.29,2550,0,0.99,"Missing",0.989321197066189,4.52875830602659
2005,0,0.15,25000,0,0.01,"A",0.00310571121703893,-5.77140199047206
2005,0,0.25,15000,0,0.45,"C",0.179423546491844,-1.52025789299817
2005,1,0.29,7000,1,1.02,"Missing",0.890901471640435,2.09998243574859
2005,0,0.1,15000,0,0.21,"AA",0.000165592807206673,-8.70581314517954
2005,1,0.23,7000,0,0.98,"C",0.0280193233756964,-3.54644153153458
2005,0,0.07,1850,1,0.31,"AA",0.000683504078149904,-7.28759419747552
2005,0,0.14,10000,0,0.65,"C",0.00846719010015881,-4.76305333228835
2005,0,0.09,3600,0,0.23,"AA",0.00619773923101086,-5.07735366864472
2005,0,0.15,7000,0,0,"A",0.0019665405228778,-6.22951088300279
2005,1,0.25,15000,1,1.04,"D",0.381125290339887,-0.48477467743493
2005,1,0.24,1800,0,1.18,"Missing",0.928909482219774,2.57005733498904
2005,1,0.24,1025,1,0.59,"Missing",0.982672475019277,4.03797959894057
2005,1,0.28,8000,0,0.92,"D",0.693767220618067,0.817790957576767
2005,0,0.11,8000,0,0.62,"B",8.11030594363258e-05,-9.41970876696029
2005,0,0.17,4000,1,0.31,"D",0.0750937838136386,-2.51095456124339
2005,1,0.29,4090,1,0.58,"Missing",0.970273862344863,3.48555164944829
2005,0,0.2,9999,0,0.94,"D",0.106339087744689,-2.12869348107082
2005,1,0.29,3500,1,0.95,"Missing",0.935721091455056,2.67808589183218
2005,0,0.29,10000,0,0.98,"C",0.209625508579334,-1.32718422663353
2005,1,0.23,6001,1,0.85,"Missing",0.959853045982061,3.17423362318506
2005,0,0.28,10500,0,0.94,"C",0.0437935839843234,-3.08348648380288
2005,1,0.23,1600,1,1.46,"Missing",0.946261504692629,2.86838935956872
2005,1,0.29,5000,0,0.89,"Missing",0.794773414304559,1.35394239575313
2005,1,0.29,2000,1,0.09,"Missing",0.997282166043494,5.90519852146824
2005,1,0.22,3200,0,0,"D",0.125764982736912,-1.93893428908355
2005,0,0.17,2000,0,0.74,"B",0.00186345306283443,-6.2834588355499
2005,1,0.25,3000,0,0,"Missing",0.702385609126628,0.858683895746418
2005,1,0.23,2400,0,0.91,"Missing",0.892112265023346,2.11250078678819
2005,0,0.1,4000,0,0.34,"A",0.00691935161312014,-4.96648980993878
2005,1,0.29,5500,0,1.02,"Missing",0.916376834586299,2.39410709158959
2005,0,0.2,7000,0,0.28,"C",0.0143114680049601,-4.2322792399693
2005,0,0.1,7500,0,0.23,"AA",0.00232907672594292,-6.05995155165045
2005,0,0.25,15000,0,0.79,"D",0.366682381578059,-0.546476035111398
2005,0,0.1,2000,1,0,"B",0.000704801897804578,-7.25688874027323
2005,0,0.2,3000,0,1,"C",0.0995103944957348,-2.20267651552044
2005,0,0.23,5300,0,0.45,"D",0.187087485483484,-1.46904715127372
2005,0,0.2,6000,0,1,"C",0.0158142507289529,-4.13090317042642
2005,1,0.24,4500,0,1.46,"Missing",0.722731892036987,0.958053389468516
2005,0,0.08,2000,0,0.06,"AA",0.00676950200796352,-4.98853523438867
2005,0,0.22,18200,1,0.8,"C",0.0887449630419564,-2.32905613854546
2005,0,0.18,10000,0,0.15,"B",0.00934663598666118,-4.66334819805956
2005,1,0.22,20000,0,0.92,"D",0.73837623106001,1.03754601756394
2005,0,0.15,2000,0,0.36,"D",0.27313526398761,-0.978773257506918
2005,0,0.23,4500,1,0,"D",0.246129589401196,-1.11936230059144
2005,0,0.12,4800,0,0.66,"B",0.000321462910968608,-8.04230686881168
2005,0,0.11,13000,1,0,"AA",0.00121050888617609,-6.7155031985555
2005,0,0.13,8500,0,0.21,"AA",0.00165050795477345,-6.40502031552467
2005,0,0.07,1000,0,0,"AA",0.000112776660976879,-9.08998836352096
2005,0,0.17,3000,0,0.91,"D",0.0577926028142852,-2.7913646287103
2005,0,0.13,12500,0,0,"AA",0.00449133339523639,-5.40110420159399
2005,1,0.27,2400,0,0,"Missing",0.83275103158615,1.60525118478337
2005,0,0.29,12000,1,0.18,"C",0.371061910180115,-0.527663903010367
2005,0,0.1,4000,0,0.34,"A",0.000494018054541552,-7.61244435366757
2005,0,0.08,1000,0,0.33,"A",0.0105104862458815,-4.54481571857836
2005,0,0.2,9999,0,0.94,"D",0.0641626235285129,-2.68002086516723
2005,0,0.15,5000,0,0.83,"C",0.00211142243463631,-6.15827976435655
2005,0,0.22,5400,0,0.63,"D",0.685219867384838,0.777865357627315
2005,0,0.15,20000,0,0.75,"B",0.000538482003456514,-7.52621785465439
2005,0,0.2,19000,0,0.95,"C",0.0427998202988108,-3.10747863981748
2005,0,0.21,3500,0,1.03,"D",0.150356534673068,-1.73180743736965
2005,0,0.29,1500,1,1.29,"Missing",0.822805323798356,1.53547063439017
2005,0,0.29,3500,0,0,"Missing",0.916626968283246,2.39737569736538
2005,0,0.28,9900,0,0.33,"D",0.122352151998602,-1.97034205029151
2005,0,0.21,4500,0,0,"D",0.161091161419462,-1.6501316209744
2005,0,0.13,2500,0,0.57,"A",0.00080867085375025,-7.11930958137533
2005,1,0.29,5900,0,0.88,"Missing",0.751450322555418,1.10636236783281
2005,1,0.28,2500,1,1.04,"Missing",0.97831965650862,3.80943044363348
2005,0,0.2,5950,0,0.74,"C",0.0118766429795281,-4.42123384871682
2005,0,0.28,6000,0,0,"D",0.392127054400773,-0.438379983430002
2005,0,0.14,5000,0,0.29,"B",0.000185418523693353,-8.59270956206143
2005,1,0.24,3000,0,0,"Missing",0.996946658263277,5.78846062407112
2005,1,0.23,8000,0,0.75,"C",0.0647316883071364,-2.6705825979846
2005,0,0.09,2500,0,0.04,"A",0.000136560019049947,-8.89860977063515
2005,0,0.07,2550,0,0.44,"AA",0.00171828216244228,-6.36471046989628
2005,1,0.23,1600,0,0.74,"Missing",0.684479923357338,0.774436999598649
2005,0,0.13,5000,0,0,"B",0.000664183498031496,-7.31628769004347
2005,0,0.29,5000,1,0.42,"D",0.19522098567708,-1.41643554657105
2005,1,0.29,6000,0,0,"Missing",0.933403981385814,2.64019330378082
2005,0,0.29,10000,0,0.49,"D",0.533178227801152,0.132908213679319
2005,0,0.07,1000,1,0.99,"D",0.00725125641375889,-4.91930285211964
2005,1,0.29,3000,1,0,"Missing",0.992212171952422,4.84737495931571
2005,0,0.26,25000,1,0.09,"B",0.0318247816615939,-3.41516779775042
2005,0,0.14,25000,1,0.63,"AA",0.00435129275853033,-5.43292150497858
2005,0,0.2,1000,0,1,"Missing",0.119343049202058,-1.9986660516386
2005,0,0.17,4000,1,0.76,"D",0.0424978113038917,-3.11487543102438
2005,0,0.17,17000,0,0.7,"A",0.000383054846122208,-7.86694924944213
2005,1,0.23,6001,1,0.85,"Missing",0.964215636091382,3.29380392281829
2005,0,0.13,24250,0,0,"AA",0.000216157322874144,-8.43928788806801
2005,0,0.18,25000,0,0.69,"B",0.000602185414768794,-7.41434279532105
2005,0,0.08,2499,0,0.01,"AA",7.47743562853744e-05,-9.50096078502103
2005,0,0.19,10000,1,0.88,"D",0.279312081837241,-0.947876468180566
2005,1,0.27,1800,1,0.1,"Missing",0.937660749964211,2.71079696573226
2005,1,0.28,6500,1,0,"Missing",0.945305010927743,2.84973554052597
2005,0,0.14,4575,0,0.6,"C",0.00869613768623266,-4.73614212626507
2005,0,0.21,4900,0,0,"D",0.0737522946511794,-2.53042959060083
2005,0,0.15,6000,0,0.14,"C",0.0559456209558015,-2.82580360481037
2005,1,0.17,3000,0,0.88,"D",0.154043018676991,-1.70323660335007
2005,1,0.21,4000,0,0,"D",0.161094864938616,-1.65010421633583
2005,0,0.11,6500,0,0.34,"A",0.00163917703039846,-6.41192045187684
2005,0,0.13,5000,0,0.69,"A",0.00304121316253112,-5.79245292949908
2005,0,0.2,2500,0,0,"Missing",0.117484452277661,-2.01647040268011
2005,0,0.25,12000,0,0.43,"C",0.0250532364632108,-3.66137984869297
2005,0,0.17,1700,0,0.28,"D",0.0398125575211111,-3.18294613985314
2005,1,0.29,9000,0,0.85,"Missing",0.972066696390053,3.54960476505528
2005,0,0.22,7000,0,0.07,"AA",0.00421997155392347,-5.46369799096995
2005,0,0.2,10000,0,0.45,"A",0.0812904085773785,-2.42494203351868
2005,0,0.07,2000,0,0.39,"C",0.000424160776619938,-7.76497373370712
2005,0,0.1,7000,0,0.51,"AA",0.00658637255256108,-5.01614437086192
2005,0,0.11,8000,0,0,"A",0.00256294389938974,-5.96403248662725
2005,0,0.1,2500,1,0,"B",0.00456051618141892,-5.38574851712174
2005,0,0.11,9000,0,0.33,"A",0.00605281283789412,-5.10116097773864
2005,0,0.15,8000,0,0.12,"B",0.000710750224460235,-7.24847848869849
2005,0,0.08,3001,0,0.32,"AA",0.000186732623788872,-8.58564603352708
2005,0,0.17,2000,0,0.73,"C",0.00184593912951374,-6.29291947273166
2005,0,0.17,5600,0,1.09,"B",0.000347573454379294,-7.96418690191614
2005,0,0.17,6300,0,0.41,"C",0.0461083782620927,-3.02955538641362
2005,0,0.17,6000,0,0.6,"C",0.0547373022614952,-2.84891745625335
2005,0,0.1,1000,0,0.2,"A",6.74877165705494e-05,-9.6034974633842
2005,1,0.29,2000,1,0.83,"Missing",0.986790615152569,4.31353032396471
2005,1,0.25,3000,0,0.97,"Missing",0.995684056469799,5.44111403139955
2005,0,0.17,9000,0,0.99,"C",0.00922391805086946,-4.67668865859403
2005,0,0.18,7500,0,0,"C",0.0123139990965203,-4.38462808126504
2005,0,0.29,25000,0,0.34,"C",0.0637870422825161,-2.6862928988248
2005,0,0.19,4400,0,0.98,"D",0.581538412911975,0.329091929503618
2005,0,0.19,1500,0,0.86,"D",0.0870406540375638,-2.35031605433479
2005,0,0.21,6000,0,0.76,"D",0.0316800990250353,-3.41987381616355
2005,0,0.13,10000,0,0.12,"AA",0.00229346563334758,-6.07539512875546
2005,0,0.2,17850,0,0.43,"C",0.0686545282964392,-2.60754319227565
2005,0,0.08,2000,0,0.15,"AA",0.00121792800550802,-6.70938554993716
2005,0,0.14,4500,1,0.76,"B",0.00296719474524423,-5.81716669714311
2005,0,0.19,8750,0,0.73,"D",0.217933290928798,-1.27775103157838
2005,0,0.25,3000,0,0.73,"D",0.100717446491537,-2.18927824578432
2005,1,0.28,2250,0,0.57,"Missing",0.925588594368866,2.52082062180112
2005,0,0.09,2000,0,0.02,"AA",0.000104049745416422,-9.17053739671135
2005,0,0.12,2500,0,0,"B",0.000908041628023359,-7.0033118804256
2005,1,0.29,3001,0,0.83,"Missing",0.945539233095676,2.85427481266537
2005,0,0.29,23250,0,0.92,"C",0.131717326926137,-1.88585915817228
2005,1,0.29,7500,0,0.86,"Missing",0.767619626762543,1.19491876389944
2005,0,0.1,2000,0,0.29,"A",0.0034995066838302,-5.65162762361732
2005,0,0.15,6088,0,0.69,"B",0.00314298417821637,-5.75943462142783
2005,0,0.14,25000,0,0.23,"B",7.38190960331652e-05,-9.51381928417112
2005,0,0.17,1200,0,1.36,"Missing",0.314310726992338,-0.780042497302527
2005,0,0.08,3000,0,0.46,"AA",0.00014807904121782,-8.8176162744721
2005,0,0.19,4000,0,0.9,"D",0.0322149845241623,-3.40257826896184
2005,1,0.13,1200,0,0.72,"D",0.233475056867515,-1.1887919908115
2005,0,0.14,1400,0,0.61,"C",0.00415955166065494,-5.47817975773792
2005,1,0.29,6700,0,0.39,"Missing",0.572707499306897,0.292906321918671
2005,0,0.24,2500,1,0.96,"D",0.401088887965129,-0.400930124681412
2005,0,0.29,4500,1,0.6,"Missing",0.344583463225174,-0.642934632899208
2005,1,0.24,1000,0,0.97,"Missing",0.851427029200186,1.74583757625078
2005,1,0.22,5000,0,0.86,"Missing",0.986113818368256,4.26287756393938
2005,0,0.08,1500,1,0.22,"AA",0.000529584302377856,-7.54288846972429
2005,0,0.15,3000,0,0,"C",0.0152268784917816,-4.16934909310742
2005,1,0.29,3000,0,1.01,"Missing",0.925154974747087,2.51454161797629
2005,0,0.25,4000,0,0.45,"D",0.0170455830168289,-4.05467163817157
2005,0,0.15,19500,0,0.59,"AA",0.000539074425464481,-7.5251176961701
2005,0,0.29,4500,0,0.97,"D",0.224946009015259,-1.23707227923632
2005,1,0.24,3000,0,0,"Missing",0.707415875801569,0.882866489568153
2005,1,0.28,2000,0,0.77,"Missing",0.809329266453255,1.44565780624844
2005,1,0.29,3000,0,0,"Missing",0.984298592271201,4.13817892586208
2005,0,0.12,10000,0,0.5,"B",4.55958451892227e-05,-9.99564836298181
2005,1,0.2,1500,0,0.74,"Missing",0.581335961221243,0.328260054701979
2005,1,0.2,1000,0,0.91,"Missing",0.95683685288416,3.09864584411356
2005,0,0.2,7500,1,0.9,"D",0.25158668873409,-1.090167763576
2005,1,0.29,3000,0,0.94,"Missing",0.982264444220905,4.01428913785369
2005,0,0.2,5000,0,0.61,"C",0.13325711770898,-1.87246189475805
2005,0,0.12,3000,0,0.56,"B",0.000331807445449068,-8.01062387838475
2005,0,0.15,2300,0,0.46,"C",0.00291446896648776,-5.83514892420542
2005,0,0.25,9900,0,0.37,"B",0.00996000076376235,-4.5991681973019
2005,0,0.17,15000,0,0.96,"B",0.000247623709160925,-8.30335261146482
2005,0,0.15,4000,0,0,"C",0.00302737478879762,-5.79702747478765
2005,0,0.13,25000,1,0.11,"AA",0.00106601166394235,-6.84276443125528
2005,1,0.23,1000,1,0,"Missing",0.979407266501677,3.86200928781349
2005,0,0.15,20000,0,0.37,"A",0.00198694722696364,-6.21916695109252
2005,0,0.25,4000,0,0.45,"D",0.0203806885479958,-3.87257622579373
2005,0,0.15,11000,0,0.42,"A",0.000896787709194594,-7.01579420141636
2005,1,0.29,5000,0,0,"Missing",0.933899246195628,2.64818840816567
2005,1,0.29,5000,0,0.75,"Missing",0.992366479857906,4.86754338004505
2005,0,0.15,10000,0,0.41,"C",0.0518182633214983,-2.90680352833896
2005,0,0.28,3500,0,1.01,"Missing",0.437191257105746,-0.252569101125964
2005,0,0.2,25000,1,0.98,"B",0.00208947115191346,-6.16875262524442
2005,1,0.29,2000,1,0,"Missing",0.961220000075888,3.21029866319136
2005,0,0.15,3000,0,0.96,"C",0.0140732645035411,-4.24930518412675
2005,1,0.29,3000,0,0,"Missing",0.89414601166837,2.13380840989084
2005,1,0.29,2875,1,1,"Missing",0.989694280937419,4.56469709836768
2005,0,0.22,7000,0,0.75,"C",0.156656886013472,-1.68331591621275
2005,0,0.14,5000,0,0.29,"B",0.00175316200184937,-6.34457956266283
2005,0,0.19,11500,0,0.38,"C",0.0113650249699246,-4.46578452419844
2005,0,0.16,2000,1,0.41,"C",0.0135678495803132,-4.28639155238143
2005,1,0.24,4000,0,1,"Missing",0.617229039322939,0.477803373083159
2005,0,0.29,3000,0,0.91,"Missing",0.680026618803272,0.753894134129336
2005,1,0.26,9500,0,0.86,"D",0.629420788583029,0.529732795409826
2005,1,0.29,5000,1,0.75,"D",0.786215507233875,1.30226247261525
2005,0,0.18,2500,0,0,"C",0.0292944764850459,-3.50062416855802
2005,0,0.26,25000,0,0.69,"B",0.0118727562892577,-4.42156509063015
2005,0,0.12,7500,1,0,"B",0.0156018032548662,-4.14464398584803
2005,0,0.15,17000,1,0.58,"A",0.00441332772601411,-5.41870319247733
2005,0,0.12,10000,0,0.85,"A",0.00408291374064198,-5.49685312174292
2005,0,0.25,5000,0,0.2,"D",0.114602981282893,-2.04456233450583
2005,0,0.25,25000,0,0.71,"A",0.000657192499734997,-7.32687617577525
2005,0,0.17,3500,0,0.76,"Missing",0.454171846270592,-0.183828547008819
2005,0,0.2,3000,0,0.39,"D",0.143079156096785,-1.78994753390635
2005,0,0.14,5000,0,0.29,"B",0.000563691959137885,-7.48043877652049
2005,0,0.15,12000,1,0.53,"B",0.00459193770840003,-5.37885067225982
2005,0,0.17,6500,0,0.45,"B",0.0035545632979467,-5.63596216915045
2005,1,0.29,5000,0,0.92,"Missing",0.99004716743956,4.59989539577387
2005,1,0.29,3001,0,0,"Missing",0.781741622161238,1.27584469909077
2005,1,0.22,2500,1,1,"Missing",0.963989517531496,3.28727034486924
2005,0,0.2,2850,0,0.7,"C",0.0447819181209703,-3.06013522782359
2005,0,0.2,1500,0,0.6,"Missing",0.535871979902838,0.143734869525123
2005,1,0.27,2000,1,0,"Missing",0.859244871841922,1.80903224666109
2005,0,0.11,6475,0,0.1,"AA",0.000687486244163042,-7.28178101444264
2005,0,0.15,5000,0,0.64,"C",0.0172684952655331,-4.0414521858167
2005,0,0.09,3000,0,0.71,"AA",0.00599965053586389,-5.11003633472097
2005,0,0.28,4750,1,0.14,"Missing",0.916089562250671,2.39036412251783
2005,0,0.17,7000,0,0.51,"B",0.00666404360197351,-5.00434248374068
2005,1,0.29,3000,1,0,"Missing",0.659261496417058,0.660004932272246
2005,0,0.13,2500,0,0.57,"A",0.00768717605712597,-4.86048491095583
2005,0,0.07,1000,1,0.99,"D",0.17423122363293,-1.55593151407385
2005,0,0.17,20000,0,0.56,"B",0.00186569810291394,-6.28225253732413
2005,0,0.24,6000,0,0.52,"D",0.0354215296720322,-3.30437136949581
2005,1,0.29,1800,0,0.73,"Missing",0.555098372840323,0.221292151234957
2005,1,0.29,15000,0,0.49,"C",0.603038241855142,0.418140665088459
2005,0,0.21,9975,0,0.62,"C",0.0721791959115716,-2.55368675598967
2005,0,0.14,3000,0,0,"C",0.0133674743296819,-4.3014731882042
2005,1,0.23,1000,1,0.93,"Missing",0.991753757514443,4.78971720786028
2005,1,0.27,1000,0,0,"Missing",0.969203999179911,3.44909027715733
2005,0,0.29,2550,1,0.75,"D",0.737854925691516,1.03484915837266
2005,0,0.26,9000,1,0.83,"Missing",0.818417205946776,1.50566052302503
2005,0,0.23,4400,1,0,"Missing",0.580894609751861,0.326446929490035
2005,0,0.2,3000,1,0.47,"D",0.385221062479322,-0.467445394239805
2005,0,0.17,4500,0,0.05,"D",0.019408926158048,-3.92242245493413
2005,1,0.28,3500,0,1.01,"Missing",0.970157691657933,3.48153149735256
2005,1,0.29,5000,0,0,"Missing",0.919540733226361,2.436123288835
2005,1,0.19,12500,0,0.88,"C",0.0602664811673722,-2.74682026315919
2005,0,0.14,1000,0,0,"B",0.00037802960098702,-7.88015995484905
2005,1,0.17,3650,0,0.85,"D",0.130510326822123,-1.89645410061912
2005,0,0.18,10000,0,0.66,"B",0.000471877331909546,-7.65831950747708
2005,1,0.23,1800,0,0,"Missing",0.905986176852741,2.26558222237307
2005,0,0.19,13000,1,0.89,"C",0.0780287502469538,-2.46943668890441
2005,1,0.29,2500,0,0.89,"Missing",0.503032080211222,0.0121284695172941
2005,1,0.23,6001,1,0.85,"Missing",0.646217461960553,0.602453650506834
2005,0,0.11,3000,0,0.89,"B",0.00140509877953773,-6.56624158609046
2005,0,0.18,2750,1,0,"D",0.0146639373627139,-4.20759152429814
2005,1,0.29,3300,0,0.91,"Missing",0.961024381257241,3.20506348917028
2005,0,0.16,10999,0,0.97,"B",0.00274045746755148,-5.89688619416224
2005,0,0.15,1000,1,0.73,"C",0.0838138361416862,-2.39162147672938
2005,0,0.16,7000,0,0.29,"C",0.00669310893766007,-4.99996119039768
2005,1,0.25,2000,1,1.4,"Missing",0.980060904656815,3.89493232278562
2005,0,0.19,12500,0,0.02,"AA",0.00266152105556648,-5.92619242501767
2005,1,0.25,10700,0,0,"Missing",0.974893037390632,3.65918255727295
2005,0,0.15,1000,0,0.87,"C",0.00579987241756876,-5.14410260164776
2005,0,0.18,9999,0,0.92,"D",0.20831857315032,-1.3350905623886
2005,1,0.17,1700,0,0.8,"Missing",0.953124141747176,3.01224236581686
2005,0,0.11,5000,0,0,"AA",0.000722399804936732,-7.23220916502126
2005,0,0.25,3001,1,0.89,"D",0.525143999767778,0.100660909586956
2005,0,0.2,1000,1,0.76,"C",0.0134642562921627,-4.29416106558465
2005,0,0.29,23800,0,0.5,"C",0.0049982639816939,-5.29365383341535
2005,0,0.2,3200,1,0,"D",0.116781949319813,-2.02326359817493
2005,0,0.2,2000,1,0,"D",0.633580145275296,0.547606683647214
2005,0,0.27,15000,1,0.75,"C",0.179923446529713,-1.5168662304227
2005,0,0.2,13500,0,0.31,"C",0.0310561603429634,-3.44040946376069
2005,0,0.14,5000,0,0.84,"C",0.00387731668247462,-5.54872708831675
2005,1,0.29,2550,1,0,"Missing",0.943425402672643,2.81395722322009
2005,0,0.12,17500,0,0.13,"AA",0.000536411143485205,-7.53007307712821
2005,0,0.17,5500,0,0.07,"C",0.071094701671464,-2.56999397960739
2005,1,0.29,4000,1,0.98,"Missing",0.835798061768054,1.62729002995617
2005,0,0.11,1500,0,0.39,"B",0.000400379440384559,-7.82269739991882
2005,0,0.22,12000,1,0.92,"C",0.0683413918388192,-2.61245083445927
2005,0,0.17,10700,0,0.12,"C",0.0112094461634542,-4.47972570321486
2005,1,0.28,3500,0,0,"Missing",0.954013284959941,3.03232504558549
2005,0,0.16,20000,1,0.32,"A",0.0054331135005093,-5.20979499414505
2005,0,0.08,2499,0,0.01,"AA",0.000580609916880897,-7.45085064758239
2005,1,0.29,5000,0,0.78,"Missing",0.664850184156837,0.684984084964781
2005,0,0.12,25000,0,0.01,"AA",0.00302097397027971,-5.79915044655123
2005,0,0.15,3600,0,0.28,"A",0.00373002297118714,-5.58760388999606
2005,0,0.15,9000,0,0.3,"B",0.00169134203390036,-6.38054018831276
2005,1,0.29,4000,0,1,"Missing",0.981556693524091,3.97443826214404
2005,0,0.15,20000,0,0.75,"B",0.000872404428789541,-7.04338466189629
2005,0,0.21,7000,0,0.52,"C",0.0443718211224573,-3.06976429461582
2005,0,0.11,1500,0,0.39,"B",0.000326849769706837,-8.02568300929269
2005,0,0.2,2500,0,1,"C",0.00981984968888626,-4.61348108096683
2005,0,0.16,25000,0,0.76,"AA",0.00131997586435541,-6.62882097933038
2005,0,0.28,3500,0,0,"Missing",0.32820398389865,-0.716319429761878
2005,1,0.29,25000,1,0.93,"C",0.0536798023043054,-2.86954417734651
2005,1,0.29,7000,1,1.02,"Missing",0.796730634849811,1.36598462644354
2005,1,0.23,6001,0,1.2,"Missing",0.780711698868476,1.26981863052774
2005,0,0.2,7500,0,0,"D",0.219063241553782,-1.27113370911272
2005,1,0.26,2000,1,0,"Missing",0.73047849413017,0.997051604514865
2005,1,0.29,3000,1,0.53,"D",0.623089229764353,0.502681258768664
2005,0,0.25,6500,0,0.64,"D",0.013762826779631,-4.27192562049618
2005,1,0.29,4500,1,1.52,"Missing",0.985274389515665,4.20333198269914
2005,0,0.11,6001,0,0.28,"A",0.00252078280126487,-5.98066182494978
2005,0,0.21,5000,0,0.95,"D",0.157112817715557,-1.67986898873606
2005,0,0.13,10200,0,0.95,"A",0.000880632410387263,-7.03398924003372
2005,0,0.2,5300,0,1.26,"D",0.217128586865194,-1.28247871493599
2005,0,0.13,10000,0,0.15,"A",0.000271980683362453,-8.20950749356309
2005,1,0.29,2875,1,1,"Missing",0.89840411090966,2.17961690660941
2005,0,0.19,12200,1,0,"C",0.046816421843311,-3.01357348149438
2005,0,0.21,4500,0,0,"D",0.653900104188299,0.636227144294899
2005,0,0.16,5000,0,0.94,"B",0.0193940901253328,-3.92320226904895
2005,0,0.25,8500,1,0.73,"D",0.0321556251788922,-3.40448390247603
2005,0,0.17,1100,0,0.29,"D",0.134527643601659,-1.86150572808667
2005,0,0.24,3000,0,0.97,"Missing",0.273422560675454,-0.977326629840054
2005,0,0.12,3000,0,0.98,"B",0.00162550578366262,-6.42030943179283
2005,0,0.17,11000,0,0,"C",0.0146972199132099,-4.20529063053962
2005,0,0.11,2500,0,0.33,"B",0.000206499563758332,-8.48500573722814
2005,0,0.1,5000,0,0,"A",0.0159917508836179,-4.11956126075136
2005,0,0.17,5000,0,0.93,"C",0.0199551322091816,-3.8941119902317
2005,0,0.13,4000,0,0.01,"A",0.00191030152311698,-6.25858205540064
2005,0,0.16,9000,0,0.05,"B",0.0135021367457633,-4.29131320908996
2005,1,0.29,1000,0,0.95,"Missing",0.989907868027687,4.58585576858281
2005,1,0.24,10000,0,0.89,"D",0.253810260623819,-1.07839292773863
2005,0,0.07,3000,0,0.06,"AA",3.98991287012151e-05,-10.1291161714445
2005,0,0.13,5000,0,0.69,"A",0.000492608789863143,-7.61530249846086
2005,0,0.11,1000,0,0.03,"AA",0.000775880243116896,-7.16073619417683
2005,0,0.2,4000,1,0.98,"B",0.0622903046650315,-2.7116346175284
2005,0,0.15,3000,0,0,"C",0.00432282588506649,-5.43951375420967
2005,0,0.13,1000,1,0.7,"C",0.00506333068236336,-5.28065458182869
2005,0,0.21,10000,0,1.01,"D",0.263577187096679,-1.02745817259132
2005,0,0.15,8575,0,0.9,"B",0.00013677385190848,-8.89704492885918
2005,0,0.17,17000,0,0.7,"A",0.00740465767346681,-4.8982138532004
2005,0,0.11,1253,0,0.73,"A",0.000222933145774967,-8.40841566818361
2005,1,0.29,25000,0,0.47,"D",0.786675025604283,1.30499853066537
2005,0,0.22,4500,1,0.68,"D",0.462954116724521,-0.148455585346262
2005,0,0.18,5000,0,0.66,"C",0.105171915742656,-2.14103531115343
2005,0,0.26,10000,0,0.46,"D",0.220850615131104,-1.26071626907357
2005,0,0.21,12000,1,0.98,"C",0.00572022776477076,-5.15801000444028
2005,0,0.15,9999,0,0.31,"B",0.000458809865353261,-7.68641575527578
2005,0,0.13,25000,0,0.11,"AA",0.00305395294402842,-5.78825985451013
2005,0,0.25,2500,0,1.01,"D",0.120593247983487,-1.98682423884243
2005,1,0.29,9000,1,0,"Missing",0.94095747256383,2.76863995643516
2005,0,0.14,3500,0,0.65,"B",0.00280364589763534,-5.87402701903364
2005,0,0.13,9900,0,0.86,"B",0.000988288239287725,-6.91854738567643
2005,1,0.29,15000,0,0,"Missing",0.930424542755563,2.59322910021565
2005,1,0.24,25000,0,0.85,"B",0.0219785543496244,-3.7954644222225
2005,1,0.29,6000,0,0.92,"Missing",0.923821069753857,2.49543348693541
2005,0,0.15,5000,0,0,"C",0.0247264417961679,-3.67484481505993
2005,0,0.15,19500,0,0.59,"AA",0.000436402403056934,-7.73650929981963
2005,0,0.28,3500,0,0,"Missing",0.834831865208323,1.62026639173223
2005,1,0.28,4000,0,0,"Missing",0.979887499075144,3.88609620991024
2005,0,0.17,5000,0,0.97,"D",0.0867815738360675,-2.35358077589328
2005,1,0.25,10700,0,0,"Missing",0.97711214235003,3.75399489148888
2005,0,0.12,2500,0,0,"C",0.0223926748799485,-3.77637419025952
2005,0,0.2,25000,1,0.87,"C",0.249805296391584,-1.09965097765501
2005,0,0.18,9750,0,0.92,"C",0.0503348287710008,-2.93741221274352
2005,0,0.12,3500,0,0.31,"A",0.000880593966440741,-7.03403293439478
2005,1,0.2,1000,0,1,"Missing",0.821811039102677,1.52866592390133
2005,0,0.07,2550,1,0,"A",0.000452838769611245,-7.69952147147564
2005,0,0.07,6500,0,0.75,"Missing",0.434567994892206,-0.263237627358045
2005,0,0.12,6000,0,0.6,"A",6.26420685763437e-05,-9.67801083954689
2005,0,0.14,7750,0,0.59,"C",0.00888540240078939,-4.7144204155045
2005,1,0.29,9000,0,0.85,"Missing",0.948759498655837,2.91862507920325
2005,0,0.21,4900,0,0,"D",0.0925415865017613,-2.28298961245401
2005,0,0.08,2500,1,0.24,"AA",0.000977905753712273,-6.92911887470486
2005,1,0.29,1000,0,0.45,"Missing",0.933186816351737,2.63670499161825
2005,0,0.15,15000,0,0.65,"B",0.0205560789826831,-3.86382827164301
2005,1,0.29,4669,1,0,"Missing",0.915356498967374,2.38086527469101
2005,0,0.1,5000,0,0.71,"AA",0.000698133805669028,-7.26640139729296
2005,0,0.2,15000,1,0.8,"B",0.0139159252852693,-4.26070773114592
2005,0,0.11,10121,0,0,"AA",0.000579293292274557,-7.45312219779982
2005,0,0.2,1000,0,0.33,"D",0.135797802813616,-1.85063973052789
2005,1,0.29,2000,1,0.83,"Missing",0.988607896781492,4.46337737344184
2005,0,0.29,13500,0,0.78,"D",0.340429850003493,-0.66137925113963
2005,1,0.29,6000,1,0.72,"Missing",0.935358002044408,2.6720650231905
2005,0,0.18,10000,0,0.97,"C",0.194613707664809,-1.42030542109365
2005,0,0.15,6500,0,1.05,"C",0.0251657017865985,-3.65678547875773
2005,1,0.29,3500,0,0.9,"Missing",0.969390600423017,3.45536048957308
2005,0,0.27,15000,1,0.75,"C",0.212445338669255,-1.31024805402111
2005,1,0.27,15000,0,0.94,"D",0.172953625162421,-1.56483727351645
2005,1,0.28,12839,0,0.45,"C",0.175294510777376,-1.54855886171026
2005,0,0.23,7800,1,1.03,"C",0.0301650599641141,-3.47044159234501
2005,0,0.13,10000,0,0.78,"B",0.00077923571826004,-7.15641742755022
2005,0,0.29,15000,0,0.97,"D",0.0981618478512974,-2.21781744663865
2005,0,0.18,14000,0,0.91,"C",0.0196848858952648,-3.90802293713817
2005,1,0.28,3500,0,0,"Missing",0.929903549454228,2.58520871190063
2005,0,0.16,7000,0,0.29,"C",0.0795785661789859,-2.44808685791391
2005,1,0.2,1300,0,0,"Missing",0.785198315560192,1.29622111266086
2005,0,0.25,15000,0,0.9,"D",0.29405498552525,-0.875770575832286
2005,0,0.14,3000,0,0.98,"C",0.142756125077464,-1.79258469094827
2005,0,0.27,15000,1,0.75,"C",0.13601135285582,-1.84882126970522
2005,0,0.18,20000,1,0.43,"B",0.00318803757302536,-5.74515660216524
2005,0,0.14,15000,0,0.59,"AA",0.000309374442855426,-8.08064880320529
2005,0,0.11,1000,0,0.03,"AA",0.000538440078464738,-7.52629575737296
2005,1,0.28,2550,0,0.94,"Missing",0.983745253427608,4.10298201185531
2005,0,0.14,3000,0,0.98,"C",0.00597183499394217,-5.11471129192547
2005,0,0.2,8000,1,0.92,"C",0.00921818647687953,-4.67731601836069
2005,1,0.28,1250,0,0,"Missing",0.993255496784849,4.99226009418514
2005,0,0.29,3000,0,0,"Missing",0.577489659712125,0.312476616423371
2005,1,0.29,7200,0,1.15,"Missing",0.992129987942165,4.83679454037784
2005,1,0.2,1500,0,0.74,"Missing",0.848415268500214,1.72222546691089
2005,0,0.15,4000,0,0.28,"B",0.000678845665584936,-7.29443767669059
2005,1,0.27,15000,1,0.75,"C",0.38630745585305,-0.462860490135179
2005,1,0.29,3000,1,1.01,"Missing",0.883073274651454,2.02186072138039
2005,0,0.11,14000,0,0.56,"AA",0.000230356458063604,-8.37565224810704
2005,0,0.2,3000,0,0.27,"D",0.00676123726779378,-4.9897651799084
2005,0,0.25,10000,0,0.87,"Missing",0.272737232331376,-0.980779040580721
2005,0,0.23,12500,1,0.41,"D",0.543480818598694,0.174363696015756
2005,1,0.29,5000,0,0.88,"Missing",0.920950052458731,2.45532590288595
2005,0,0.17,25000,0,0.54,"A",0.00288129583231665,-5.84662968949532
2005,0,0.24,20000,1,0.88,"C",0.154775511451587,-1.69762650511084
2005,0,0.2,12000,0,0.66,"C",0.23579917190702,-1.17585014236748
2005,0,0.22,7000,0,0.07,"AA",0.000979917607796132,-6.92706166547053
2005,0,0.1,3900,0,0.41,"AA",0.000763624636736692,-7.17667028635694
2005,0,0.21,6000,0,0.89,"C",0.0482133453262889,-2.98270505071979
2005,0,0.22,4500,1,0.68,"D",0.348075026967859,-0.627511431996271
2005,1,0.29,1500,0,0,"Missing",0.891867156461574,2.10995668973862
2005,0,0.15,3000,0,0.03,"AA",0.00045523485750254,-7.69424176333981
2005,0,0.19,5000,0,0.28,"B",0.00100458552417046,-6.90217514583937
2005,1,0.24,3200,1,0.73,"Missing",0.812062184042225,1.46346577662956
2005,0,0.22,6500,1,0,"B",0.00293472089001993,-5.82820389169408
2005,0,0.1,2100,0,0,"AA",0.000616421445291341,-7.39096305241945
2005,0,0.24,4592,0,0.6,"C",0.245823781574139,-1.12101110796449
2005,0,0.2,5000,0,0.96,"C",0.0418923921466048,-3.1298558584264
2005,0,0.29,5000,0,0.88,"Missing",0.550506677352066,0.20271808696681
2005,0,0.2,9000,0,1.01,"D",0.102912991001526,-2.16526897368155
2005,0,0.17,5000,1,0.08,"C",0.039057081797057,-3.20289079699342
2005,0,0.19,4041,0,0.91,"D",0.0882096125710532,-2.33569418217144
2005,0,0.17,4500,0,0.89,"D",0.0902350133415597,-2.31076878347093
2005,1,0.29,3000,1,0,"Missing",0.897056670627011,2.164940401468
2005,0,0.25,3500,1,0,"D",0.33688700318354,-0.677197836267845
2005,1,0.29,25000,0,0.95,"C",0.00224484619637089,-6.09687089990563
2005,0,0.2,25000,0,0.08,"B",0.0183359106286944,-3.980387715555
2005,1,0.26,2550,0,0.88,"Missing",0.956135714169074,3.08179940902465
2005,0,0.15,1000,1,0.55,"B",0.0188137356821147,-3.95417508897454
2005,1,0.29,3000,1,0.95,"Missing",0.951124228530013,2.96836288065009
2005,1,0.28,2550,0,0.74,"Missing",0.906886467485943,2.27619774028674
2005,1,0.2,4200,1,0.97,"Missing",0.971916232164249,3.54407786750483
2005,1,0.23,10000,0,0,"D",0.547410738601937,0.190214407437683
2005,0,0.13,6001,0,0.94,"A",0.00240041694556258,-6.0297095268343
2005,0,0.15,7000,0,0.33,"A",0.000740438580659983,-7.20752715792121
2005,0,0.29,5001,1,0.3,"D",0.167893700389905,-1.6006291532474
2005,0,0.17,3600,1,0.76,"D",0.105218349778248,-2.14054200963479
2005,0,0.11,10000,0,0.17,"AA",0.0012229772086009,-6.70524333244454
2005,0,0.19,7500,0,0.57,"C",0.0367124915527918,-3.26723485578706
2005,0,0.2,5000,0,0,"C",0.0526742959851734,-2.88951537214313
2005,0,0.11,1500,0,0,"AA",0.00295381738602898,-5.82169872748779
2005,0,0.16,25000,1,0.66,"AA",0.00116565922860778,-6.75330215140006
2005,0,0.27,10000,1,0.79,"D",0.25551823684534,-1.06939457221511
2005,1,0.29,2400,0,1.05,"Missing",0.849077224791507,1.72738185834853
2005,0,0.18,4500,1,0.71,"C",0.0330069523208078,-3.37747309018516
2005,0,0.21,6250,0,0,"C",0.0304709768116292,-3.46003575985127
2005,1,0.23,7200,0,1.12,"Missing",0.948986818819995,2.92331085512596
2005,1,0.29,7000,1,0,"Missing",0.968644751903159,3.43051627509218
2005,1,0.29,3000,0,0,"Missing",0.816650026528539,1.49381388915438
2005,1,0.29,7000,1,1.02,"Missing",0.931483267922742,2.609700248029
2005,1,0.18,5000,0,0.5,"D",0.510160801630586,0.0406488026842955
2005,0,0.27,7500,0,0.73,"C",0.0184761986458354,-3.97262291933001
2005,0,0.09,5000,0,0.17,"AA",5.89656743437044e-05,-9.73849610673627
2005,0,0.16,8200,0,0.87,"C",0.0344519119342711,-3.33313141227692
2005,0,0.09,5000,0,0,"A",0.000573203796620814,-7.46369587033806
2005,0,0.25,14000,0,0.8,"D",0.350357737952349,-0.617467104380567
2005,1,0.29,2500,1,1.84,"Missing",0.991188702765478,4.7228702579195
2005,1,0.29,2800,0,0.99,"C",0.046961108438852,-3.01033593329942
2005,0,0.19,7000,0,0.62,"C",0.00542457324065672,-5.21137670830331
2005,0,0.11,8000,0,0,"A",0.00248293799533104,-5.99582671884506
2005,0,0.11,8000,0,0.06,"A",0.00136050758816745,-6.59853598835328
2005,1,0.29,3999,0,0.96,"Missing",0.984138602417629,4.12787841097633
2005,0,0.17,2400,0,0.77,"D",0.0622723562545355,-2.71194194087398
2005,1,0.25,3000,0,0.71,"D",0.132684536221194,-1.87742836464332
2005,1,0.2,2400,1,0,"D",0.535377068616448,0.141745123413079
2005,1,0.29,2500,0,0,"Missing",0.988945522794508,4.49380372411646
2005,0,0.26,7000,0,0.92,"C",0.0420568283200696,-3.12576669749307
2005,0,0.17,1000,0,1.02,"D",0.178739305052469,-1.52491224457136
2005,0,0.2,5000,0,0.64,"D",0.0241317343927729,-3.6997998494547
2005,0,0.12,20000,0,0,"AA",7.25605744429936e-05,-9.53101627218184
2005,1,0.23,3000,1,0.7,"D",0.300535455683704,-0.844749369659861
2005,0,0.29,6000,0,0.43,"D",0.0297998903620496,-3.48299763443788
2005,1,0.23,14000,0,1.04,"D",0.130930130942623,-1.89275969437485
2005,1,0.29,2400,0,1.05,"Missing",0.870538237078735,1.90572611314183
2005,0,0.17,4000,0,0.75,"B",0.00508516412777383,-5.27632983557919
2005,0,0.1,8000,0,0.21,"A",0.000940916049164278,-6.96771527786088
2005,1,0.25,1500,0,0,"Missing",0.624044936760166,0.506752756227596
2005,0,0.12,10000,0,0.58,"A",0.00337252686546522,-5.68871477722255
2005,0,0.15,10000,0,0.64,"AA",0.0289730544649046,-3.5119879765294
2005,1,0.29,3800,0,0.96,"Missing",0.898011860265127,2.1753267462227
2005,1,0.15,1000,0,0,"Missing",0.912407081520759,2.34338609640477
2005,0,0.29,4000,1,0.98,"Missing",0.947515174324845,2.89331885888688
2005,1,0.07,2550,1,0.63,"Missing",0.488546476130624,-0.0458221113881342
2005,0,0.11,18800,0,0.63,"AA",0.00700632044932068,-4.95391163602198
2005,1,0.29,3000,1,0,"Missing",0.878224471310958,1.97572280183768
2005,0,0.16,6000,1,0.55,"C",0.0367797543731496,-3.26533455258282
2005,1,0.29,4200,0,1,"Missing",0.949861551579333,2.94152809148403
2005,0,0.2,3000,1,0,"D",0.0191217961870286,-3.93761945067577
2005,1,0.29,2550,0,0.94,"Missing",0.92362152139269,2.49260141597891
2005,0,0.07,1000,1,0.08,"AA",0.0012039672516378,-6.72092843949934
2005,1,0.25,5000,1,1.1,"Missing",0.931751320463478,2.61390786911714
2005,0,0.16,3300,0,0.3,"C",0.0104856592729049,-4.54720571774199
2005,1,0.21,5000,0,0.26,"D",0.401985175343497,-0.397200333354787
2005,0,0.12,7500,0,0.81,"A",0.000156283389797819,-8.76368330186786
2005,0,0.12,4000,0,0.04,"AA",0.00111596210622571,-6.7969217853388
2005,0,0.23,1525,0,0.56,"D",0.0316110105277671,-3.42212836085868
2005,0,0.23,14000,0,1.04,"D",0.20031720368261,-1.38431301587378
2005,0,0.1,2550,0,0.02,"AA",0.00122983110953324,-6.69964784037575
2005,0,0.11,14000,0,0.29,"AA",0.00247560214286102,-5.99879295099427
2005,0,0.23,18000,0,0.58,"C",0.0577321094046474,-2.79247611152044
2005,1,0.29,7900,1,0.99,"Missing",0.614211732612938,0.465051021210333
2005,0,0.2,2850,0,0.7,"C",0.0424460479434458,-3.1161482569337
2005,0,0.25,3000,0,0.97,"Missing",0.801698739041393,1.39694550584299
2005,1,0.29,2000,1,0.83,"Missing",0.995587752722354,5.41894912258274
2005,0,0.14,5000,0,0.84,"C",0.0387785344044714,-3.21033797915419
2005,0,0.12,25000,1,0,"AA",0.00191224704085837,-6.25756218950996
2005,0,0.14,8000,0,0.76,"AA",0.00115222537078161,-6.76490721179053
2005,0,0.21,5000,0,0,"C",0.0120365674520763,-4.40769638158098
2005,1,0.29,15000,0,0.98,"Missing",0.930950842543375,2.60138779732849
2005,0,0.16,8000,0,0.66,"B",0.00429103517300731,-5.44692700799444
2005,1,0.29,3000,0,0,"Missing",0.992928153975074,4.94453675633037
2005,0,0.1,2000,0,0,"B",0.00176807747620665,-6.33609285197293
2005,0,0.09,3000,0,0.71,"AA",0.00150008162655222,-6.50073454677764
2005,1,0.17,5600,0,0.84,"C",0.340569438139532,-0.660757642823432
2005,0,0.19,5500,0,0.29,"B",0.000914571219656097,-6.99614022522448
2005,0,0.2,24900,0,0.87,"C",0.296721934949718,-0.86295689992701
2005,1,0.2,1000,1,0.42,"C",0.510878382757201,0.0435203987887136
2005,0,0.22,17500,0,0,"AA",0.00429185088770869,-5.44673610941358
2005,0,0.11,6000,0,0.4,"AA",0.00714716051963819,-4.93386730744947
2005,0,0.15,12000,0,0.61,"B",0.000956794940196935,-6.95096421007695
2005,1,0.29,3000,1,0.75,"Missing",0.759888938137476,1.15207071450897
2005,0,0.07,1500,1,0.07,"AA",4.90505849114131e-05,-9.92260939543662
2005,0,0.24,4000,0,0.89,"D",0.642583524280608,0.586595106714624
2005,0,0.09,2550,0,0.58,"AA",0.000691194903775605,-7.27639727962234
2005,1,0.27,15000,1,0.96,"Missing",0.977985137613159,3.79377668489821
2005,1,0.24,3000,0,0.85,"Missing",0.844124067553563,1.6892390972673
2005,1,0.23,6500,0,0.75,"D",0.740272115469525,1.04738335722219
2005,0,0.12,10000,0,0.58,"A",0.00026559392101394,-8.23327639917532
2005,1,0.23,6001,0,1.2,"Missing",0.911992749501275,2.33821283681934
2005,0,0.12,4800,0,0.66,"B",0.000466000441059864,-7.67085786830567
2005,0,0.15,2000,1,0,"C",0.0267128698928258,-3.59553366866904
2005,0,0.18,7000,0,0.95,"C",0.0505711836505222,-2.93247863682788
2005,0,0.15,3000,0,0.73,"D",0.032179748842892,-3.40370904230456
2005,0,0.2,5000,0,0.08,"D",0.144024199807472,-1.78226076526397
2005,1,0.2,1500,0,0.53,"D",0.333071147985374,-0.694327246809739
2005,1,0.29,3025,1,0,"Missing",0.981576187184204,3.97551563125352
2005,0,0.15,25000,0,0.44,"AA",0.000531060147783574,-7.54010406926493
2005,1,0.29,6000,0,1.02,"Missing",0.511901824871447,0.0476162941939213
2005,1,0.29,6000,0,1.12,"Missing",0.825110020893972,1.55135965071069
2005,0,0.18,15000,0,0.58,"C",0.0807062139539088,-2.43279017842656
2005,0,0.22,7500,0,0.92,"D",0.0762720813413634,-2.4941106030274
2005,0,0.21,10000,0,0.21,"D",0.00810988580256626,-4.80652854220721
2005,0,0.11,12000,0,0.02,"AA",0.000919883334852702,-6.99034339921779
2005,1,0.29,5000,0,0.6,"Missing",0.814478293747998,1.479375887862
2005,1,0.29,5000,0,0,"Missing",0.943820651789947,2.8213869407908
2005,1,0.23,12500,1,0.41,"D",0.070384151004733,-2.58080332517047
2005,1,0.24,3000,0,0,"Missing",0.960784949581227,3.19868999381224
2005,0,0.29,6500,1,0.85,"D",0.586608986343222,0.349964566432821
2005,1,0.23,1000,0,0.92,"Missing",0.620111181932536,0.490020161783462
2005,0,0.25,2550,0,0,"Missing",0.639544633985188,0.573388275984888
2005,1,0.25,9000,0,0.99,"Missing",0.927919542501205,2.55516206875906
2005,0,0.11,20000,0,0.01,"AA",0.000563020444925212,-7.4816314372291
2005,1,0.29,22000,0,0.83,"D",0.70060105034655,0.850161646164433
2005,1,0.23,6001,1,0.85,"Missing",0.961646336892105,3.22179670884513
2005,0,0.24,11520,0,0.6,"D",0.0507982066508647,-2.9277603620738
2005,0,0.18,15000,0,0.51,"B",0.00250037852216736,-5.98880964001317
2005,1,0.2,1100,0,0,"Missing",0.935573752131137,2.67563885405502
2005,0,0.29,4500,0,0.97,"D",0.0321440992162445,-3.40485431868303
2005,0,0.18,4000,0,0.19,"D",0.0515155288845454,-2.91298212323931
2005,0,0.13,15000,0,0,"B",0.000670380176573951,-7.30699497380134
2005,0,0.2,8000,1,0.92,"C",0.0925112591533167,-2.2833508015941
2005,0,0.15,20000,0,0.75,"B",0.0403252034236629,-3.1696178049029
2005,0,0.16,20000,0,0.15,"AA",0.000292920418705935,-8.13531663102338
2005,1,0.29,3442,0,0.26,"Missing",0.98876186892621,4.47714096691412
2005,1,0.29,2550,1,0.91,"Missing",0.985395731421096,4.21172946387593
2005,0,0.11,4000,0,0.64,"D",0.00330165617077569,-5.71002394780793
2005,0,0.11,6001,0,0.01,"A",0.00125748576893869,-6.67738269593418
2005,0,0.11,18800,0,0.63,"AA",0.00315236717588709,-5.75644427760685
2005,0,0.24,1750,1,0.91,"Missing",0.570193356252686,0.282640082948186
2005,1,0.25,5000,0,0.52,"C",0.367020231335757,-0.545021487806818
2005,0,0.2,7500,1,0.62,"C",0.0165595533024779,-4.08409390947313
2005,1,0.28,6500,1,0,"Missing",0.971949609989049,3.5453014255358
2005,0,0.2,9900,0,0.96,"D",0.196076772213255,-1.41099749928863
2005,0,0.29,3000,1,0.53,"D",0.25045859783603,-1.09616792696345
2005,0,0.11,20000,0,0.01,"AA",0.00157022243144704,-6.45496653705339
2005,0,0.15,15000,0,0,"AA",0.0209425302518747,-3.84480831174274
2005,1,0.2,1000,0,0.9,"Missing",0.792147662412436,1.33791990472852
2005,0,0.29,11000,0,0.98,"D",0.585702060282704,0.346225854584891
2005,0,0.09,5000,0,0,"AA",0.00037975767938175,-7.87559736468384
2005,1,0.27,2000,1,0,"Missing",0.991546629500806,4.76470073861986
2005,0,0.2,25000,1,0.87,"C",0.10648610249975,-2.12714740480548
2005,1,0.24,2000,1,0.93,"Missing",0.896787228782428,2.16202603328152
2005,0,0.17,5500,0,0.07,"C",0.0071799181579455,-4.9292614767854
2005,1,0.22,2500,1,0.63,"D",0.473619378289633,-0.105620566743845
2005,0,0.19,7000,0,0.83,"C",0.0373709266438417,-3.24877511970578
2005,0,0.1,6500,0,0.34,"A",0.0060939133836763,-5.09435225484296
2005,0,0.17,5000,0,0.34,"D",0.0408458468197019,-3.15624665853934
2005,0,0.16,15000,0,0.46,"AA",0.077955971734477,-2.47044877303926
2005,0,0.16,9800,0,0,"C",0.00192621277682789,-6.25027142537091
2005,1,0.24,2000,0,1.02,"Missing",0.980835595120679,3.93535021057345
2005,0,0.14,9999,0,0.54,"A",0.00588961257235815,-5.12865803592939
2005,0,0.22,20000,1,0.77,"B",0.0121377094987596,-4.3992262120271
2005,0,0.2,10000,0,0.35,"C",0.0156764659033367,-4.13979403712419
2005,0,0.29,13200,0,0.98,"D",0.394190566946225,-0.429731004887803
2005,0,0.17,3600,1,0.76,"D",0.34185772927495,-0.655026470621107
2005,0,0.18,3002,1,0.8,"D",0.0024147764060403,-6.02373088497372
2005,0,0.2,12200,0,0.35,"C",0.0572246145724246,-2.80184393225879
2005,0,0.19,4041,0,0.91,"D",0.055416936217474,-2.83585837285807
2005,1,0.25,8000,1,0.85,"D",0.32536075418624,-0.729243517754904
2005,0,0.17,4000,0,0.02,"AA",0.000355975463264379,-7.94029271406467
2005,1,0.25,8500,1,0.73,"D",0.291278959234,-0.889180563834424
2005,0,0.15,5000,0,0.7,"C",0.0591573761082939,-2.76657459772933
2005,1,0.29,3000,0,0.92,"Missing",0.9665676200779,3.36422637096194
2005,1,0.29,5000,0,0.89,"Missing",0.956482220283498,3.09009261669701
2005,1,0.2,2500,0,0.78,"Missing",0.790755159029097,1.32948333217981
2005,0,0.17,4000,0,0.75,"B",0.00175430365772759,-6.34392743277399
2005,1,0.29,3000,0,0.98,"Missing",0.986233679193644,4.27166823571871
2005,0,0.25,2500,0,1.01,"D",0.23064011592162,-1.20470029379292
2005,0,0.09,2000,0,0.02,"AA",0.000294767945794188,-8.12902732420387
2005,0,0.16,8000,0,0.8,"C",0.0087914121141533,-4.72514964553902
2005,1,0.29,3500,0,0.88,"Missing",0.976107353810802,3.71000185326043
2005,0,0.25,10000,1,0.71,"D",0.515050350910897,0.0602195954066369
2005,0,0.2,15000,0,0.61,"B",0.00577089922752854,-5.14913975007085
2005,0,0.13,20000,0,0.13,"AA",0.000305757264928724,-8.09241321865134
2005,1,0.15,5000,0,0,"C",0.00678679917298473,-4.98596591742271
2005,0,0.1,6000,0,0,"AA",0.000419088517883207,-7.77700922412988
2005,1,0.29,2550,0,0.94,"Missing",0.931232675988409,2.60578047612849
2005,0,0.17,1000,1,0.59,"D",0.0603890940560274,-2.74465733307341
2005,1,0.29,4000,0,1,"Missing",0.948855599970442,2.9206036217666
2005,0,0.07,1000,1,0.34,"AA",0.00290281041554712,-5.83916887072231
2005,0,0.15,12000,0,0.94,"B",0.00113673441156094,-6.77845829753292
2005,1,0.29,3000,0,1.01,"Missing",0.609272499175847,0.444255232944068
2005,0,0.13,10000,0,0.78,"B",0.000435009714715034,-7.73970709008783
2005,0,0.17,10000,0,0.84,"C",0.0134425366411618,-4.29579751802854
2005,0,0.2,8000,0,0.79,"C",0.106536752562401,-2.12661518039883
2005,0,0.2,5000,1,0.95,"C",0.107251018298497,-2.11913339345498
2005,0,0.18,2500,0,0.87,"D",0.0715235233198745,-2.56351865264406
2005,0,0.07,2000,1,0.07,"AA",0.000355565489357986,-7.94144547936587
2005,0,0.11,2500,1,0,"B",0.000437122250258162,-7.73486043530055
2005,0,0.18,6500,0,0.85,"C",0.00888575625635679,-4.71438023489786
2005,0,0.15,9999,0,0.57,"B",0.00102586533028926,-6.88119240598625
2005,0,0.2,6500,0,0.9,"D",0.133640216200343,-1.86914904175011
2005,0,0.11,14000,0,0.56,"AA",0.00092296003098472,-6.98700124155336
2005,0,0.29,6000,0,0.43,"D",0.0601204501986624,-2.74940167535329
2005,0,0.13,8500,0,0.21,"AA",0.00493370753244688,-5.30671862013767
2005,0,0.1,2000,0,0,"AA",0.00364733309902646,-5.61010503541291
2005,0,0.29,13200,0,0.98,"D",0.0958772676631395,-2.24389620534019
2005,0,0.23,8500,0,1,"D",0.0536881428276612,-2.86938000029105
2005,0,0.18,4800,0,0.89,"C",0.0235725217512424,-3.72381877943713
2005,0,0.27,4700,0,0,"D",0.0967319848184365,-2.23407520352934
2005,1,0.29,5000,0,0.6,"Missing",0.984903734116758,4.17809648379632
2005,0,0.14,8000,0,0.44,"A",0.0064874896926831,-5.03137099437462
2005,0,0.09,1000,0,0,"A",0.00278018549738965,-5.88245357043478
2005,0,0.2,7500,0,0.99,"D",0.200700960591367,-1.38191910084452
2005,0,0.2,13000,0,0.9,"C",0.0809494396619316,-2.42951637945938
2005,0,0.08,3500,0,0.46,"AA",0.000821842338629818,-7.1031398032218
2005,0,0.09,7000,0,0.17,"AA",0.000656035636780763,-7.32863919521246
2005,0,0.21,3000,0,0.04,"C",0.216627820016953,-1.28542714279085
2005,0,0.23,8500,0,1,"D",0.0591836513500987,-2.7661026102607
2005,0,0.18,9200,0,0.71,"C",0.0149889965510963,-4.18533644347102
2005,1,0.2,5500,0,0.8,"D",0.060581100473284,-2.74127852105724
2005,0,0.2,12500,0,0.52,"A",0.0339748798610665,-3.34756841422618
2005,0,0.13,8000,0,0.57,"A",0.00357457784406688,-5.63032721347128
2005,0,0.29,4000,0,0.98,"Missing",0.719427473385774,0.941623466391063
2005,0,0.2,5000,0,0,"A",0.00287660683549242,-5.84826310933655
2005,1,0.18,6000,0,0.75,"C",0.321802675438008,-0.745499736272318
2005,1,0.25,5000,0,0.2,"D",0.621617332247224,0.49641864985263
2005,0,0.23,15000,0,0.18,"D",0.0206551248813117,-3.85892038645784
2005,0,0.19,15000,0,0.3,"AA",0.00172666513265683,-6.35983524226487
2005,1,0.2,2000,0,0.84,"Missing",0.95145814387981,2.97556925760259
2005,0,0.17,2000,0,0,"D",0.0978178830667479,-2.22170898938818
2005,0,0.2,2500,0,0.8,"Missing",0.896362941696021,2.15745042831302
2005,0,0.09,2550,0,0.01,"AA",0.000432402685259006,-7.74572076589303
2005,0,0.16,25000,0,0.92,"A",0.0139297563093022,-4.25970029944019
2005,1,0.17,1500,0,0.77,"Missing",0.761204930302429,1.15929687726646
2005,1,0.28,4000,0,0,"Missing",0.963199118345169,3.26473835631522
2005,0,0.2,9999,0,0.94,"D",0.0356903196247736,-3.29653299517945
2005,0,0.17,3000,0,0.53,"C",0.00650926090856485,-5.02799882238533
2005,0,0.15,14700,0,0.37,"AA",0.000518800327703071,-7.56347253891515
2005,0,0.09,2550,0,0.58,"AA",0.000237996982674187,-8.34301453690426
2005,0,0.15,7000,0,0,"A",0.0249873860757801,-3.66407926770463
2005,0,0.15,9999,0,0.54,"C",0.0230309579480292,-3.747615656171
2005,0,0.22,10000,0,0.8,"D",0.0851560473850993,-2.37426808217719
2005,0,0.23,6001,1,0.52,"D",0.0467935964236943,-3.0140850981715
2005,1,0.29,2000,0,0.4,"Missing",0.952863508997679,3.00642421399718
2005,1,0.25,5000,1,0.96,"Missing",0.959077720617673,3.15429747208407
2005,0,0.15,5000,0,0.83,"C",0.0418072531455999,-3.13197911015998
2005,0,0.17,20000,1,0.01,"AA",0.000850018422227955,-7.06940215561267
2005,0,0.15,15000,0,0.01,"AA",0.000918748637794434,-6.99157881916504
2005,1,0.29,3800,0,0.73,"Missing",0.992454852966995,4.87927694382651
2005,0,0.13,7500,0,0.92,"B",0.00667842419857427,-5.00217239301665
2005,1,0.11,1200,0,0.87,"Missing",0.239197916419095,-1.15708193848242
2005,0,0.1,5000,0,0.43,"A",0.00147538331312291,-6.51736097688512
2005,0,0.22,6001,0,0.69,"D",0.342419843502777,-0.65252907090015
2005,1,0.2,2200,0,0.92,"Missing",0.962966734976075,3.25820230464486
2005,1,0.29,3900,0,0,"Missing",0.903560670320723,2.23742915546668
2005,1,0.25,4500,1,0.93,"Missing",0.944331917451396,2.83107075338574
2005,1,0.19,7500,0,0.98,"D",0.0961143229003825,-2.24116454251169
2005,0,0.17,10000,0,0.85,"C",0.0359724744308225,-3.28836580084062
2005,0,0.13,2550,0,0.53,"B",0.00227312649295774,-6.08432337146994
2005,0,0.22,6001,1,0.22,"C",0.0335580813199508,-3.36034349402715
2005,0,0.23,6001,0,0.81,"D",0.0193436757280703,-3.92585653585329
2005,0,0.16,25000,0,0,"AA",0.0172368789291659,-4.04331690333988
2005,0,0.29,20000,0,0.89,"C",0.052592745470561,-2.89115085634258
2005,0,0.12,4000,0,0,"B",0.000701023435545475,-7.26226797062987
2005,0,0.29,5000,1,0.75,"D",0.313453237269389,-0.784024154953544
2005,0,0.12,5000,0,0,"AA",0.0019034064008421,-6.2622049353044
2005,0,0.28,5500,0,0.35,"D",0.336977533219919,-0.676792615031042
2005,0,0.28,10000,0,0.24,"C",0.0145730403008739,-4.21390174188247
2005,0,0.17,5000,0,0,"C",0.0137600584508631,-4.27212959304666
2005,0,0.15,3000,0,0,"C",0.00222894402423231,-6.10399590557864
2005,0,0.13,15000,0,0,"B",0.0080633204864905,-4.81233383140163
2005,1,0.29,3000,1,0.53,"D",0.722303902455292,0.955918626419816
2005,0,0.23,10000,0,0.88,"C",0.0661655373068531,-2.6471394448138
2005,0,0.09,2000,0,0,"A",0.00126119511753506,-6.67443351049268
2005,0,0.2,1500,0,0.74,"Missing",0.192252054793716,-1.43544276439036
2005,0,0.18,6000,0,0.75,"C",0.242019789032753,-1.14163778272213
2005,0,0.29,2550,0,0.63,"D",0.209286517810494,-1.32923146812971
2005,0,0.14,7000,0,0.55,"C",0.0460391859639508,-3.0311296925344
2005,1,0.29,6000,0,1.02,"Missing",0.941790586024433,2.78373584821819
2005,0,0.15,2000,1,0,"C",0.141966824268061,-1.79904936670467
2005,0,0.17,5600,0,0.84,"C",0.00600863991935247,-5.10853009454663
2005,1,0.29,1750,1,0.98,"Missing",0.976314968958263,3.71894200146637
2005,1,0.29,1000,0,0.92,"Missing",0.96127104640777,3.21166894026729
2005,0,0.1,6500,0,0.34,"A",0.00486083156105593,-5.32167306878198
2005,1,0.2,5000,0,0.64,"D",0.0703401062783731,-2.58147667561661
2005,0,0.07,1850,1,0.31,"AA",0.000440035205022873,-7.72821569078816
2005,1,0.29,3001,0,0.92,"Missing",0.970074873923923,3.47867479362701
2005,0,0.22,5000,0,0.55,"C",0.0663742801103829,-2.6437659960376
2005,1,0.25,2000,0,0,"D",0.685472813172632,0.779038321359116
2005,1,0.22,12500,0,0.96,"C",0.0636806685218635,-2.68807554477692
2005,0,0.2,6001,0,0,"A",0.00165836143446729,-6.40026551373791
2005,0,0.29,25000,0,0.11,"C",0.327912224347926,-0.717642986647962
2005,0,0.29,5000,0,0,"Missing",0.986227103710483,4.27118403246602
2005,0,0.09,7000,0,0.17,"AA",0.00283265807386193,-5.86370308178835
2005,0,0.29,7000,1,0.91,"D",0.231057237903242,-1.20235107217223
2005,1,0.24,1750,1,0.91,"Missing",0.882735850085838,2.01859692370822
2005,1,0.24,3000,0,0,"Missing",0.864708289687036,1.85495894833479
2005,0,0.16,5000,0,0.94,"C",0.021860761011387,-3.80095873594885
2005,1,0.29,2501,0,1.07,"Missing",0.95004760910887,2.94544172855299
2005,1,0.28,1500,1,1,"Missing",0.909574460461689,2.30845011975912
2005,0,0.2,1000,0,0.33,"D",0.0153961702315329,-4.15812056475798
2005,0,0.15,5000,0,5.95,"B",0.00356051015118748,-5.63428457963588
2005,0,0.07,1000,1,0,"Missing",0.0928932436573444,-2.27880922975367
2005,1,0.23,7200,0,1.12,"Missing",0.912072959564382,2.33921260175942
2005,0,0.2,6001,0,0.77,"C",0.00358223489155157,-5.62817973550358
2005,1,0.29,5000,0,0.71,"Missing",0.909750756556804,2.31059545382451
2005,0,0.2,5000,0,0.16,"A",0.00771359521792954,-4.85702739539702
2005,1,0.25,3500,0,0.97,"Missing",0.977257779263753,3.76052732374265
2005,1,0.2,7500,1,0.38,"C",0.194621175740334,-1.42025777528284
2005,0,0.17,10000,0,0.85,"C",0.00303815913953599,-5.79346070947224
2005,0,0.22,19000,0,0.75,"C",0.0394198618722681,-3.19326761477239
2005,0,0.2,24900,0,0.87,"C",0.0300779534873568,-3.47342324274065
2005,1,0.28,12000,0,0,"Missing",0.463592189290568,-0.145889449279842
2005,0,0.08,3000,0,0.46,"AA",0.000910455083258647,-7.00065512216521
2005,0,0.24,1000,1,0.18,"C",0.0157185214136011,-4.13707218670177
2005,1,0.27,1000,1,0.88,"Missing",0.944406402746654,2.83248854757473
2005,0,0.21,15000,0,0.24,"C",0.0964840877103813,-2.23691562115308
2005,0,0.15,25000,0,0.09,"C",0.00576929302865194,-5.14941973164485
2005,0,0.2,9000,0,1.01,"D",0.0474800251971088,-2.99880197727242
2005,1,0.25,5000,1,1.1,"Missing",0.79381558387299,1.34808017991225
2005,0,0.11,6000,0,0.1,"A",0.00176385088227249,-6.33849045053098
2005,0,0.18,6000,0,0.75,"C",0.00948669631719912,-4.64833286784432
2005,0,0.2,2000,1,0.88,"D",0.451841300964553,-0.193233827682929
2005,1,0.2,2000,1,0.87,"Missing",0.815537464224961,1.48640097646425
2005,0,0.11,1000,0,0.05,"C",0.0504310986138534,-2.93540007280902
2005,0,0.25,9500,0,0.64,"D",0.185858746942591,-1.47714692033849
2005,0,0.11,20000,0,0.01,"AA",0.00146230222584852,-6.52627984575855
2005,1,0.29,5000,0,1.01,"Missing",0.909728015296414,2.31031850517491
2005,0,0.07,3000,1,0.01,"AA",0.00895701548690076,-4.70632082975718
2005,0,0.09,2500,0,0.09,"AA",2.91203656599653e-05,-10.4440436569207
2005,1,0.29,10000,1,0.9,"Missing",0.832694212315505,1.60484328067213
2005,0,0.28,7500,1,0,"C",0.441822432846006,-0.233769066748129
2005,1,0.25,4800,0,0.85,"Missing",0.487828749270896,-0.0486946225559746
2005,1,0.24,3000,0,0.4,"Missing",0.422556032993652,-0.312289350385879
2005,1,0.29,5000,0,1.08,"Missing",0.976833086804899,3.74159068951206
2005,0,0.11,2500,0,0.33,"B",0.00111972430611625,-6.79355242756393
2005,0,0.17,5000,0,0.17,"C",0.062810082520552,-2.70277033816683
2005,0,0.1,7500,0,0.13,"AA",0.000763029304360092,-7.17745080009505
2005,0,0.19,2500,0,0.82,"C",0.00270833723962973,-5.90870838569028
2005,0,0.12,7500,1,0,"B",0.00269163535375025,-5.91491106757328
2005,0,0.24,10000,0,0.89,"D",0.188987070541909,-1.45660539371162
2005,1,0.29,6500,0,0.95,"Missing",0.976358507412855,3.72082651338648
2005,0,0.15,2550,0,0.98,"Missing",0.120645249263058,-1.98633398561407
2005,0,0.17,5000,1,0.98,"B",0.00262851118735275,-5.93870570975169
2005,0,0.29,6000,0,0,"Missing",0.565037690605875,0.261633055694634
2005,1,0.29,3025,1,0,"Missing",0.95780631670426,3.12237505799763
2005,0,0.1,4500,0,0.15,"AA",0.00723542388682718,-4.92150460573222
2005,0,0.1,3500,1,0.21,"AA",0.000168426207982262,-8.68884439852342
2005,1,0.29,2500,1,1.01,"Missing",0.923571506599606,2.49189264972516
2005,0,0.12,4000,0,0,"B",0.000850982259475023,-7.06826793173812
2005,1,0.28,3200,0,0.93,"D",0.403996465333182,-0.388840468949202
2005,1,0.28,1000,0,0,"Missing",0.75999725778883,1.15266447594468
2005,0,0.17,1500,1,0.56,"C",0.0248117554371977,-3.67131297328012
2005,0,0.15,9000,0,0.49,"B",0.000269414289110272,-8.21899080430854
2005,0,0.15,6088,0,0.69,"B",0.00693505657751305,-4.96420685114708
2005,0,0.16,2000,0,0.89,"C",0.00360430806835233,-5.6220146440873
2005,0,0.1,5000,0,1.13,"A",0.00162719959264963,-6.41926625808843
2005,0,0.16,9800,0,0,"C",0.00705321765360941,-4.9471931523353
2005,0,0.22,9000,0,0.99,"C",0.00997357531737248,-4.59779250712168
2005,0,0.14,4575,0,0.6,"C",0.0213265293061064,-3.82624624834251
2005,1,0.29,3500,1,0,"Missing",0.976300293683979,3.7183075607096
2005,0,0.25,13000,0,0.93,"D",0.172910626325776,-1.5651379087489
2005,1,0.29,1000,1,1,"Missing",0.989223663928655,4.51956783200709
2005,0,0.16,6001,1,0.77,"C",0.00205615699763362,-6.18485829979724
2005,0,0.17,3000,0,0.91,"D",0.0182259121233694,-3.98651690424554
2005,0,0.08,6001,0,0.04,"AA",0.000198679869679458,-8.52361702404806
2005,1,0.11,1200,0,1,"Missing",0.796092089340135,1.3620463956883
2005,0,0.26,17850,0,0.94,"C",0.109673399709181,-2.09408150629222
2005,0,0.11,5000,0,0.18,"A",0.00065937202962076,-7.32356305663958
2005,0,0.17,4000,0,0.02,"AA",0.0049449252311535,-5.30443624228316
2005,0,0.11,10000,0,0.37,"AA",0.00130094062355303,-6.6433659319948
2005,0,0.15,15000,0,0.01,"AA",0.000382777141645267,-7.86767476331924
2005,0,0.18,20000,1,0.43,"B",0.00340797566564354,-5.67822301436109
2005,1,0.29,2800,0,0.97,"Missing",0.987235487166615,4.34823971407898
2005,0,0.22,24000,0,0.72,"B",0.00803817422840115,-4.81548265307615
2005,1,0.29,3000,1,0,"Missing",0.994146334766148,5.13481641314227
2005,0,0.22,9000,0,0.95,"D",0.0888376791033672,-2.32791018596938
2005,1,0.29,3000,1,0.75,"Missing",0.981154819544843,3.95247306277083
2005,0,0.15,15000,0,0.63,"B",0.00878125356403536,-4.72631607060257
2005,0,0.17,10000,0,0.84,"C",0.0321135307418864,-3.40583733681317
2005,0,0.14,10000,0,0.65,"C",0.0026913237212589,-5.91502716487345
2005,0,0.16,10000,1,0.83,"C",0.0447545401980111,-3.06077543691263
2005,0,0.17,10000,1,0.95,"D",0.0521912476675499,-2.89923793223071
2005,0,0.25,25000,0,0.71,"A",0.00501959334433523,-5.28937412184351
2005,0,0.13,10000,0,0.78,"B",0.00275136108259175,-5.89290439758791
2005,0,0.09,1025,1,0.76,"D",0.247411331563747,-1.11246655997885
2005,0,0.14,8000,0,0.74,"B",0.0154316866080192,-4.15578031712523
2005,0,0.14,8000,0,0.74,"B",0.000439493231482733,-7.72944865161504
2005,1,0.29,5000,1,0,"Missing",0.955341501797404,3.06302425156689
2005,0,0.17,4800,0,0.88,"C",0.0294243812579872,-3.49606569171679
2005,0,0.08,3000,0,0,"AA",0.00120932510035867,-6.71648278635868
2005,0,0.24,1000,1,0.18,"C",0.0894034738678373,-2.32094036896495
2005,0,0.2,5000,0,0.97,"C",0.0516209652199349,-2.91082635538255
2005,1,0.24,3000,0,0,"Missing",0.755964275249161,1.1306794926124
2005,0,0.14,10000,0,0.44,"A",0.00362045961931036,-5.61752726519874
2005,0,0.13,10000,0,0.15,"A",0.00110458691027464,-6.80717865334636
2005,0,0.23,7000,0,0.52,"D",0.0601090522979026,-2.74960340465474
2005,1,0.29,3000,0,0.36,"Missing",0.981249566682948,3.95760996510737
2005,0,0.28,5000,0,0.95,"C",0.0842653663392222,-2.3857556790744
2005,0,0.15,8000,0,0.54,"B",0.000635867499800574,-7.35988428022624
2005,0,0.15,2000,0,0.62,"C",0.00421575854223653,-5.46470107124216
2005,0,0.23,3250,0,0.93,"D",0.102972694353927,-2.16462245294889
2005,1,0.29,4000,0,1.12,"Missing",0.976026739762305,3.70655093088403
2005,0,0.12,1500,1,0.59,"D",0.0256741765513522,-3.63626008539893
2005,0,0.11,5000,0,0.05,"A",0.00155316495008947,-6.46590615425735
2005,0,0.17,17000,1,0.59,"B",0.00192351073242546,-6.25167789309889
2005,0,0.17,5000,0,0.89,"D",0.16669698934447,-1.60921960504025
2005,1,0.27,1000,1,0.88,"Missing",0.780180803626186,1.2667203185464
2005,0,0.16,3300,0,0.3,"C",0.00358345328010882,-5.62783845088937
2005,0,0.19,3000,1,0,"D",0.0458916141565527,-3.03449487472931
2005,0,0.1,3000,0,0.36,"A",7.35215297652863e-05,-9.51785874842946
2005,0,0.12,15000,0,0.09,"AA",0.00142220658793681,-6.5541224594265
2005,0,0.15,3500,0,0.32,"C",0.0292138489798599,-3.5034633312461
2005,0,0.29,5500,1,0.72,"C",0.210136769693005,-1.324101201303
2005,0,0.15,1000,1,0.55,"B",0.00273419917450754,-5.89917874845558
2005,0,0.2,7500,0,0.99,"D",0.0421639330611764,-3.12311145441323
2005,0,0.17,1500,1,0.56,"C",0.0259263256879135,-3.62622805344825
2005,1,0.29,2525,0,0,"D",0.430080327848015,-0.281523424658578
2005,1,0.29,7000,0,0.36,"Missing",0.985618646425983,4.22733703466451
2005,0,0.13,4950,0,0,"B",0.000793080296685852,-7.13879268964952
2005,0,0.09,8000,0,0,"AA",9.04753498696065e-05,-9.31034264204819
2005,0,0.11,7000,0,0.83,"AA",0.000111136395054666,-9.10464118414203
2005,1,0.29,7000,1,1.02,"Missing",0.978324296414903,3.80964922368362
2005,1,0.29,3000,0,0,"Missing",0.977068162404416,3.75203018363424
2005,1,0.22,6500,1,0.97,"Missing",0.976881103060515,3.74371461625485
2005,0,0.25,25000,0,0.18,"A",0.0103900361253816,-4.55646360757283
2005,0,0.24,1000,0,0.97,"Missing",0.482238740262418,-0.0710749443082468
2005,0,0.2,2000,1,0,"D",0.131126171865172,-1.89103791901974
2005,1,0.24,1000,1,0.98,"Missing",0.882073860296265,2.0122173005605
2005,1,0.29,3000,1,0,"Missing",0.957844291781447,3.12331512850703
2005,0,0.17,1500,0,0.77,"Missing",0.179046476931004,-1.52282107790525
2005,1,0.18,2550,1,0.99,"Missing",0.646625262533863,0.604237861249236
2005,0,0.1,7500,0,0.13,"AA",0.000494598400595676,-7.61126971586042
2005,0,0.14,5000,0,0.84,"C",0.00379636510704097,-5.56990763122377
2005,1,0.24,1000,0,0.97,"Missing",0.860326768613102,1.81800664766372
2005,0,0.28,7500,1,0,"C",0.647682386531314,0.608867352199691
2005,0,0.11,1527,0,0.03,"AA",0.000418986827837862,-7.77725200105009
2005,0,0.11,7500,0,0,"AA",0.0022840566850582,-6.07951550004838
2005,0,0.25,7000,0,0.14,"D",0.0496816537616223,-2.95116130441564
2005,1,0.24,18000,1,0.97,"C",0.26011787919262,-1.04535596752372
2005,0,0.18,6000,0,0.75,"C",0.0463524248476446,-3.02402057845136
2005,0,0.25,4000,1,0.47,"C",0.144253553481156,-1.7804015856563
2005,0,0.25,15000,0,0.79,"D",0.22623547790301,-1.22969119782808
2005,1,0.26,2500,0,0.65,"Missing",0.98746017337979,4.36622645623772
2005,0,0.15,9500,0,0.94,"B",0.000104779221820063,-9.16355028609864
2005,1,0.19,1000,1,0,"Missing",0.833618168346646,1.61149012815265
2005,1,0.29,2500,1,0,"Missing",0.916164478900301,2.39133911352515
2005,0,0.16,5000,0,0.94,"B",0.00169981594091591,-6.3755340415638
2005,0,0.27,8500,0,0.96,"C",0.401221415241077,-0.400378455678275
2005,1,0.29,1800,0,0.98,"Missing",0.95495386229299,3.05397578067326
2005,0,0.09,3030,0,0.04,"AA",0.000291738881900593,-8.13935961438766
2005,0,0.1,2100,0,0,"AA",0.00386214856323358,-5.55266200184528
2005,0,0.2,2000,0,1.03,"Missing",0.523058863283041,0.0923009268656327
2005,0,0.13,19000,0,0.08,"AA",0.000458075873657396,-7.68801754374081
2005,0,0.22,6001,1,0.22,"C",0.340616417722769,-0.660548462931803
2005,0,0.1,5000,0,1.13,"A",0.00203740823145626,-6.19403726706861
2005,0,0.25,25000,0,0.87,"A",0.00325213267973195,-5.72518685634678
2005,1,0.29,2000,0,0,"Missing",0.615996951443567,0.472591523060769
2005,0,0.15,10000,0,0.08,"B",0.0121405421578264,-4.39898999504818
2005,1,0.24,1750,1,0.91,"Missing",0.951362953684172,2.9735101341022
2005,1,0.29,2600,1,0,"Missing",0.750887577216835,1.10335165141904
2005,1,0.26,2864,0,0.71,"Missing",0.824495990767693,1.54711039209175
2005,1,0.27,3200,1,0,"Missing",0.926243587913021,2.53036931896251
2005,0,0.2,18000,0,0.71,"B",0.00254924758352685,-5.96940452618776
2005,0,0.17,10000,1,0.6,"A",0.0131864614209135,-4.31529045091722
2005,0,0.29,12000,0,0.91,"D",0.0743299902906996,-2.52200330201649
2005,0,0.15,3500,1,0.89,"C",0.0262925422653165,-3.61182557221083
2005,1,0.06,6000,1,0.81,"Missing",0.694829929978822,0.82279788272376
2005,0,0.11,5000,0,0.05,"A",0.00095366576775163,-6.95424317537474
2005,0,0.2,9000,0,0.94,"D",0.0626099094512574,-2.70617595070213
2005,0,0.1,6000,0,0,"AA",0.0022476096327852,-6.09563787362752
2005,0,0.08,2500,1,0.24,"AA",0.002002150361655,-6.21152933784363
2005,0,0.21,8000,0,0.76,"D",0.0570239633007917,-2.80556928226543
2005,0,0.09,2500,0,0.09,"AA",0.000463185437312513,-7.67691977876694
2005,0,0.26,10000,0,0.46,"D",0.0789699591813935,-2.4564251367113
2005,0,0.2,2000,1,0.88,"D",0.160686369253264,-1.65313000349914
2005,0,0.15,15000,0,0.05,"AA",0.000753852717948149,-7.18955940631503
2005,0,0.23,2000,0,1.13,"Missing",0.783260775558233,1.28477078703299
2005,0,0.16,5200,0,0.86,"C",0.017200150404815,-4.0454873593628
2005,0,0.15,5500,1,0,"C",0.0461911037016461,-3.02767611406125
2005,1,0.27,2000,1,0,"Missing",0.958938429133522,3.15075420093631
2005,0,0.17,8000,0,0.8,"C",0.00238380559045915,-6.03667042935198
2005,0,0.11,20000,1,0.87,"AA",8.25500973704085e-05,-9.40202265456151
2005,1,0.29,7500,0,0.35,"Missing",0.990959680773054,4.69697936161095
2005,1,0.29,4000,1,0,"Missing",0.98109274845448,3.94912147176553
2005,1,0.24,1000,0,0.92,"Missing",0.908250017464403,2.29245239374299
2005,0,0.1,8000,0,0.21,"A",0.003928869579115,-5.53546692551669
2005,0,0.1,3000,0,0.36,"A",0.000257217875523945,-8.26532981657224
2005,0,0.15,3000,0,0.05,"AA",0.00448878967077079,-5.40167328010409
2005,0,0.29,5000,0,0,"Missing",0.518644547571951,0.0746127855646508
2005,0,0.29,10000,0,0.98,"C",0.126266748150593,-1.93437840726209
2005,0,0.2,7000,0,0.59,"C",0.085866219054542,-2.36518643671822
2005,0,0.11,1850,0,0.86,"C",0.00173879377910882,-6.35282332931257
2005,0,0.14,7000,0,0.55,"C",0.0037884946784362,-5.57199083205522
2005,0,0.15,2500,0,0.56,"C",0.00142700652457007,-6.55074834260134
2005,0,0.09,2500,0,0.04,"A",0.00222163083388162,-6.10728964061829
2005,0,0.29,16000,1,0,"D",0.328995002208748,-0.712734025421925
2005,0,0.2,2700,1,0.87,"D",0.172511892358081,-1.5679285604169
2005,0,0.16,7000,0,0.98,"C",0.0043680676119258,-5.42905692624707
2005,1,0.23,3000,0,0.89,"Missing",0.618735795956353,0.484185773853729
2005,1,0.29,3000,0,0,"Missing",0.978171195837652,3.80245431207672
2005,0,0.12,4000,0,0.43,"B",0.000373110012659662,-7.89326406206489
2005,1,0.24,4500,0,0.72,"D",0.366881325436929,-0.545619452305488
2005,1,0.17,3500,0,0.76,"Missing",0.602615542310474,0.416375199086903
2005,0,0.28,15000,0,0.93,"B",0.00568307837222317,-5.16456293761248
2005,0,0.13,3500,1,0.71,"C",0.120686008090438,-1.98594985045809
2005,0,0.17,6500,1,0.33,"C",0.0950836918734324,-2.25308499134988
2005,1,0.29,5224,0,0.67,"Missing",0.967489649500708,3.39314621112226
2005,1,0.29,3500,0,0,"Missing",0.971552666264859,3.53084104002382
2005,0,0.17,3500,0,0.12,"D",0.15309936993031,-1.71049618065661
2005,1,0.22,5000,0,0.86,"Missing",0.95704757952585,3.10376010512132
2005,0,0.2,24900,0,0.87,"C",0.00578136624754177,-5.14731710618431
2005,0,0.18,5000,0,0.5,"D",0.00534288841200456,-5.22663165843479
2005,0,0.14,8000,0,0.21,"B",0.000556109918958027,-7.49398832267986
2005,0,0.18,14000,0,0.28,"C",0.0361642783950566,-3.28284901984341
2005,0,0.15,1200,0,0.9,"D",0.115527614762689,-2.03548170211282
2005,0,0.1,4000,0,0.34,"A",0.00155028570655621,-6.46776454958376
2005,0,0.29,12000,0,0.6,"B",0.016091308545842,-4.11325381515889
2005,0,0.26,2200,0,0.98,"Missing",0.67932864267881,0.750688230588592
2005,1,0.29,2400,0,0.87,"Missing",0.771491301056557,1.2167511169915
2005,0,0.21,10000,0,0.21,"D",0.382561378987383,-0.478690556057996
2005,0,0.15,3000,1,0.99,"C",0.0130433423364575,-4.32634828745994
2005,0,0.27,3000,1,0.79,"D",0.0855841355316936,-2.36878552852579
2005,0,0.11,1600,0,0.69,"B",0.000652069961484381,-7.33470641625244
2005,1,0.25,4000,1,0.99,"Missing",0.956466272425694,3.08970954260679
2005,0,0.17,1000,0,0.89,"Missing",0.459352730684187,-0.162948677265965
2005,1,0.2,3000,0,1,"C",0.0756293579737573,-2.50326857815554
2005,0,0.17,17000,0,0.7,"A",0.0110198838346741,-4.49697296407998
2005,0,0.15,16000,0,0.24,"C",0.152790259720584,-1.71288216182945
2005,0,0.09,6001,0,0.22,"AA",0.00336546616330122,-5.69081765046982
2005,0,0.19,25000,0,0.66,"A",0.0296559928720874,-3.48798642965357
2005,0,0.1,4000,1,0.43,"A",0.00162756589424523,-6.41904080486717
2005,0,0.08,2000,0,0.15,"AA",0.00138558193760157,-6.58024851329283
2005,0,0.2,5000,0,0.08,"D",0.0817874055434112,-2.41830568289165
2005,0,0.13,2550,0,0.53,"B",0.00980621665202339,-4.61488412792197
2005,0,0.15,25000,0,0.16,"AA",0.00177905420336341,-6.32989276371801
2005,0,0.2,5000,0,0.64,"D",0.558568811982522,0.235355671116264
2005,0,0.09,2550,0,0.05,"A",0.00192365831799005,-6.25160102098686
2005,0,0.1,2550,0,0.02,"AA",2.64313107637456e-05,-10.5409348051324
2005,0,0.29,3000,0,0.36,"Missing",0.949354420118821,2.93093023682805
2005,0,0.15,5000,1,0.6,"D",0.0446934142677749,-3.06220616219326
2005,0,0.08,1000,0,0.78,"A",0.000262985638369978,-8.24314811401063
2005,0,0.18,15000,0,0.26,"B",0.00775656202891515,-4.85142927984538
2005,0,0.25,15000,1,0,"D",0.0382286327095852,-3.22519197626635
2005,1,0.19,1100,1,1,"Missing",0.909711093343037,2.31011246625193
2005,1,0.26,5500,0,0.99,"Missing",0.874748267917723,1.94361058228792
2005,0,0.15,10000,0,0.16,"A",0.00364769773023578,-5.61000470243691
2005,1,0.29,3550,0,0,"Missing",0.695513897863496,0.8260255491933
2005,0,0.18,7000,0,0.54,"B",0.00983367982168623,-4.61205971903773
2005,0,0.15,10000,0,0.08,"B",0.000297124670563785,-8.12106157220989
2005,0,0.1,1500,1,0.79,"A",0.00430671028781839,-5.44326492971921
2005,1,0.26,17850,0,0.94,"C",0.226143110216962,-1.23021892965843
2005,0,0.29,4000,0,1,"Missing",0.625227090764269,0.511794661801138
2005,0,0.11,14000,0,0.56,"AA",0.000345729475051955,-7.96950816348006
2005,1,0.29,25000,1,0.42,"D",0.864521131460571,1.85336007196853
2005,1,0.29,7000,1,0.27,"Missing",0.99516697026988,5.32743698806898
2005,0,0.11,10000,1,0.23,"AA",0.00110438174047878,-6.80736461945662
2005,0,0.17,1000,1,0.59,"D",0.0596095407791738,-2.75847952971926
2005,0,0.14,24000,0,0.54,"A",0.00858008558636224,-4.74969428399736
2005,0,0.15,1600,0,0.82,"C",0.00264006620887818,-5.93430772568831
2005,1,0.29,3025,1,0,"Missing",0.734797281891974,1.01910014668611
2005,1,0.29,3000,0,0.91,"Missing",0.956873976891629,3.09954509787078
2005,0,0.22,5000,0,0.47,"D",0.0340965459979291,-3.3438677963446
2005,1,0.29,25000,0,0.98,"D",0.707697165324305,0.884225899697123
2005,0,0.22,12800,0,0,"A",0.0523143295235439,-2.89675255543664
2005,1,0.27,1000,1,0,"Missing",0.980442498871691,3.9146450969478
2005,0,0.18,4000,0,0.19,"D",0.0549104833914213,-2.84557536498496
2005,0,0.15,12000,0,0.94,"B",0.00462728579299486,-5.37114677977348
2005,0,0.27,2550,0,0.98,"Missing",0.686100052414071,0.781949169220135
2005,0,0.23,5000,0,0.78,"D",0.0813710421697919,-2.42386283285278
2005,0,0.21,4000,1,0.91,"D",0.179932865153022,-1.51680239872461
2005,0,0.15,9000,0,0.97,"C",0.023161362302009,-3.74183600509192
2005,0,0.14,25000,0,0.58,"AA",0.00155100988601243,-6.46729680690073
2005,0,0.29,7500,0,0.35,"Missing",0.871614867740407,1.91531306873012
2005,0,0.12,3000,0,0.56,"B",0.000417628808844579,-7.78049982103849
2005,0,0.12,9000,0,0.12,"A",0.000592982439779666,-7.42975261359482
2005,0,0.24,3000,0,0.4,"Missing",0.700823000599159,0.85121999008817
2005,0,0.18,7500,1,0.96,"D",0.193583269039576,-1.42689289396274
2005,0,0.18,5600,0,0.48,"B",0.000581667701057699,-7.4490293967394
2005,0,0.11,25000,0,0.35,"AA",0.00166364692330263,-6.3970781122923
2005,0,0.15,7500,0,0.98,"C",0.0281332147896138,-3.54226784352963
2005,0,0.23,10000,0,0.67,"D",0.0845433491691364,-2.38215860198851
2005,0,0.13,9000,0,0.26,"AA",0.000584072846684331,-7.44490060195827
2005,1,0.29,5000,0,1,"Missing",0.931475361033574,2.60957636530748
2005,1,0.28,25000,1,0.75,"C",0.529662652797743,0.118790102493812
2005,0,0.17,5600,0,1.09,"B",0.00105486124106331,-6.85329062776401
2005,1,0.29,12500,0,0.96,"D",0.540431486632467,0.162079834953847
2005,0,0.15,18000,0,0.61,"B",0.000985100057889485,-6.92178175474972
2005,1,0.29,6000,0,1.02,"Missing",0.774851728647165,1.2359125242148
2005,0,0.09,5000,0,0.54,"A",0.000468903023668816,-7.66464557046648
2005,1,0.25,9500,0,0.64,"D",0.320255271453385,-0.752598927420595
2005,1,0.29,3000,0,0.92,"Missing",0.906846959658657,2.2757299677046
2005,0,0.18,15000,0,0.51,"B",0.023770104953963,-3.71526941012052
2005,0,0.27,15000,1,0.75,"C",0.442141545127297,-0.232475196443125
2005,0,0.1,1000,0,0.24,"AA",0.00184192115933106,-6.29510252414913
2005,0,0.2,2000,0,0,"D",0.0352856771564051,-3.30835488368241
2005,0,0.28,3000,0,0.98,"Missing",0.851657517203197,1.74766079752995
2005,0,0.19,3000,0,0.97,"C",0.0113975994031269,-4.4628894745966
2005,0,0.14,22000,0,0.71,"A",0.00215493056162199,-6.1378395221652
2005,0,0.16,5000,0,0.94,"B",0.000799665592173913,-7.13051694197414
2005,0,0.2,1800,0,0.61,"Missing",0.501346510625618,0.00538605552304272
2005,0,0.08,1000,0,0.31,"AA",0.000144246584192081,-8.84384207564531
2005,0,0.21,20000,0,0.01,"B",0.00117394548506974,-6.7462103587602
2005,0,0.2,5000,0,0.7,"D",0.00187496691426634,-6.2772875385751
2005,0,0.19,24000,1,0.18,"B",0.000297891175491326,-8.11848438551552
2005,0,0.24,12000,0,0.9,"D",0.0968906181511467,-2.23226098339294
2005,1,0.28,3500,0,1.01,"Missing",0.952793521956128,3.00486708919721
2005,0,0.18,20000,1,0.43,"B",0.0625714088224044,-2.70683213983556
2005,0,0.29,25000,0,0.95,"C",0.116539129396538,-2.02561991044446
2005,1,0.29,4000,0,0.98,"Missing",0.982680076387302,4.03842611803152
2005,0,0.17,1275,0,0.91,"A",0.00575664217757287,-5.1516276540337
2005,0,0.19,6001,0,0.52,"C",0.0186305655048481,-3.96414543969235
2005,0,0.17,18000,0,0.22,"B",0.00394488949361054,-5.53138164574112
2005,1,0.29,6500,0,0.95,"Missing",0.917925953835556,2.41449488524879
2005,0,0.22,6000,0,0.71,"C",0.0146604535195083,-4.20783266718342
2005,0,0.16,15000,0,0.59,"A",0.00212587043374895,-6.15144581128967
2005,0,0.21,4500,0,0,"D",0.00726206551060623,-4.91780242234731
2005,0,0.14,14500,0,0.48,"A",0.00534348592933392,-5.22651922982088
2005,0,0.11,12000,0,0.02,"AA",0.000459329351063159,-7.68528362989508
2005,0,0.18,2700,1,0.74,"C",0.0528084654444263,-2.88682981850651
2005,1,0.28,1900,0,1.2,"Missing",0.762585722239583,1.16690830219581
2005,0,0.27,10000,0,0.45,"Missing",0.239657137637342,-1.15456015748531
2005,0,0.18,25000,0,0.69,"B",0.00030739135578505,-8.08708140905795
2005,1,0.27,6000,0,0.95,"Missing",0.968549194900583,3.42737469433395
2005,0,0.2,10000,0,0.64,"D",0.0253976531714684,-3.64737276346627
2005,0,0.15,5000,0,0.67,"C",0.00107512315962291,-6.83424435535463
2005,1,0.29,6500,0,0.95,"Missing",0.974642878556223,3.64901151010863
2005,0,0.19,23000,0,0.27,"A",0.00653909041579845,-5.02339663940849
2005,0,0.17,3000,1,0.59,"C",0.0706992179790581,-2.57599794435429
2005,1,0.28,3900,0,1.08,"Missing",0.917744564790815,2.41208963100657
2005,0,0.24,9999,0,0.89,"B",0.002127188647536,-6.15082460053364
2005,1,0.29,1800,0,1.11,"Missing",0.986289315210894,4.27577429422264
2005,1,0.24,1000,0,0.97,"Missing",0.953315304524732,3.01652931268203
2005,1,0.25,1500,1,0,"Missing",0.926735416866355,2.53759079089684
2005,1,0.22,3000,0,0.3,"Missing",0.944329088866453,2.83101694773217
2005,0,0.13,15000,0,0,"B",0.00481438544513627,-5.33132086335675
2005,1,0.29,2550,0,0.94,"Missing",0.953688284489736,3.02494190837416
2005,0,0.13,10000,0,0.15,"A",0.00038937983429999,-7.85056579729962
2005,1,0.29,4500,0,0.97,"D",0.502112657940051,0.00845068205127952
2005,0,0.2,20000,1,0.2,"C",0.197668213349812,-1.40093228637878
2005,0,0.17,2500,1,0.59,"C",0.0364719005356828,-3.27405953561202
2005,0,0.15,8000,0,0.84,"A",0.000211612753762268,-8.46054095167099
2005,0,0.15,25000,0,0.01,"A",0.00146270736190893,-6.52600242482567
2005,0,0.07,1000,0,0,"AA",0.000236113262855707,-8.35096279957029
2005,1,0.29,1800,0,0.73,"Missing",0.993942566771357,5.1003932743545
2005,0,0.15,19300,0,0.39,"A",0.0027757812533981,-5.88404339777242
2005,1,0.28,3001,0,0,"Missing",0.885821515101893,2.04875259905536
2005,0,0.19,7000,0,1,"C",0.0209827729777939,-3.84284747225117
2005,0,0.15,5000,0,0.53,"A",0.0337309275664488,-3.3550271898766
2005,0,0.1,4000,0,0.16,"A",0.00109061024312883,-6.8199266779293
2005,0,0.24,4000,0,0.63,"D",0.145901249654912,-1.76711679918739
2005,1,0.29,2000,0,0.28,"Missing",0.63715212562919,0.563024775246166
2005,0,0.19,10000,1,1.02,"C",0.116605575761124,-2.02497469509971
2005,0,0.16,25000,0,0.78,"B",0.0029518249805429,-5.82237547222724
2005,0,0.17,20000,1,0.55,"B",0.00193155304223344,-6.24749749365933
2005,0,0.11,1500,0,0.07,"B",0.00149452622320227,-6.50445038578081
2005,0,0.14,2690,1,0.69,"C",0.00492137672708857,-5.30923343846138
2005,0,0.15,15000,0,0.62,"B",0.0013153567791034,-6.63233111262394
2005,1,0.29,5000,0,0,"Missing",0.910215577520585,2.31626997861735
2005,1,0.26,2000,1,0,"Missing",0.927468565481417,2.54843885478419
2005,0,0.14,5000,0,0,"B",0.00296118943109874,-5.81919867410251
2005,0,0.17,3650,0,0.85,"D",0.0428692382514527,-3.10578550761488
2005,0,0.2,15000,1,0.8,"B",0.00238823402083744,-6.03480999917728
2005,1,0.29,2000,0,0,"Missing",0.968775325740616,3.43482409911397
2005,1,0.24,5500,0,0,"D",0.291118431985736,-0.889958304551363
2005,0,0.29,3500,0,0.98,"Missing",0.86671060351271,1.87218245262845
2005,1,0.29,3001,0,0.84,"Missing",0.875874539694326,1.95393003038979
2005,1,0.29,6000,1,0.79,"Missing",0.915746394030766,2.38590809479052
2005,0,0.18,9750,0,0.92,"C",0.00106249751222456,-6.84606993624131
2005,0,0.19,3000,0,0.97,"C",0.0231821719165933,-3.74091664275778
2005,0,0.13,7500,0,0.92,"B",0.000216378476555131,-8.43826507543914
2005,1,0.24,8000,1,0.93,"Missing",0.855367081044414,1.77733177224428
2005,0,0.18,6000,0,0.58,"C",0.0169763541801691,-4.0588117293724
2005,0,0.15,15000,0,0.65,"B",0.00113480684508987,-6.78015737184276
2005,0,0.05,2000,0,0.1,"AA",3.82227434266856e-05,-10.1720416183828
2005,0,0.11,8000,0,0.32,"A",0.0034172405232835,-5.67549882550949
2005,0,0.13,20000,0,0.13,"AA",0.00182375660058916,-6.30503141722429
2005,0,0.2,8000,0,0.84,"D",0.130840652648609,-1.89354628629856
2005,0,0.29,3000,1,0.59,"D",0.837235826848606,1.63780342059939
2005,0,0.21,9800,0,0.7,"D",0.115044825821458,-2.04021515091266
2005,0,0.15,14000,1,0.25,"A",0.00290343215695841,-5.83895408408467
2005,1,0.23,1600,0,0.74,"Missing",0.890260549996167,2.09340525288011
2005,0,0.1,10000,0,0.12,"A",0.000587501486365878,-7.4390441078317
2005,0,0.09,2000,0,0.85,"A",0.00088823020349578,-7.0253909854839
2005,0,0.22,2500,1,0.63,"D",0.160261080433016,-1.6562867954084
2005,0,0.18,10000,0,0.15,"B",0.0124040151147774,-4.3772534721574
2005,0,0.24,6001,0,0.74,"D",0.106368874811922,-2.12838007423029
2005,0,0.2,10000,1,0.89,"D",0.316084819558915,-0.771823310834802
2005,1,0.28,1250,0,0,"Missing",0.837876098079612,1.64250936565971
2005,0,0.14,2500,0,0,"C",0.0264828639432243,-3.6044175470049
2005,0,0.21,1000,0,0.42,"D",0.213561300706766,-1.30359086411542
2005,0,0.15,4000,0,1,"D",0.51670554306224,0.0668470534613892
2005,0,0.25,25000,0,0.18,"A",0.0407222618571732,-3.15940572790846
2005,0,0.07,6500,0,0.75,"Missing",0.283793659635308,-0.92572088679473
2005,0,0.23,1300,0,0.43,"D",0.0665206560699393,-2.64140631816158
2005,0,0.2,3000,0,0.98,"D",0.058619559184375,-2.77627893668222
2005,1,0.25,2000,0,0,"D",0.191222299576467,-1.44208747273802
2005,1,0.24,11520,0,0.6,"D",0.116634400787456,-2.02469489417014
2005,0,0.15,5000,0,0.27,"B",0.000678910236546357,-7.29434249783414
2005,0,0.11,2500,0,0.33,"B",0.0126474622590577,-4.35757057363861
2005,1,0.28,3500,1,0.94,"Missing",0.991734878053841,4.7874113258478
2005,0,0.29,4850,0,0.89,"Missing",0.463381957147258,-0.146734886391946
2005,1,0.29,2800,0,0.99,"C",0.323703935641783,-0.736801626032712
2005,0,0.19,3725,0,0.78,"D",0.00749222704647529,-4.88636875491033
2005,0,0.16,4200,1,0.83,"C",0.0652652665402846,-2.66180279270423
2005,0,0.09,4500,0,0.07,"AA",0.00194357117161809,-6.24128272565214
2005,1,0.23,3150,0,0.88,"Missing",0.74951516043105,1.09602814672044
2005,0,0.09,2500,0,0,"AA",0.00123240434646796,-6.6975551000346
2005,0,0.18,13000,0,0.73,"C",0.0337023667380648,-3.35590383121501
2005,1,0.29,5824,0,0,"Missing",0.973111942870091,3.58881690960999
2005,0,0.15,2200,1,0,"C",0.104486161738692,-2.14834303540991
2005,0,0.11,7000,0,0.83,"AA",0.000142299278150677,-8.85743581620658
2005,1,0.22,2000,0,0,"Missing",0.351671279464242,-0.611700978388294
2005,1,0.25,4500,1,0.93,"Missing",0.969841259939329,3.47065764146784
2005,0,0.15,1000,0,0,"D",0.00670453566341925,-4.99824390490441
2005,0,0.08,1668,0,0.05,"AA",0.000198540997175151,-8.52431638356596
2005,0,0.23,12500,1,0.41,"D",0.156908655121702,-1.68141148752831
2005,0,0.14,12000,1,0.37,"A",0.00756746829729172,-4.87630045953633
2005,0,0.23,7200,0,1.12,"Missing",0.953982572166844,3.03162521243681
2005,0,0.18,13000,0,0.52,"B",0.00280974774373762,-5.87184686808344
2005,0,0.2,13000,0,0.8,"D",0.0126924202119743,-4.35397664029193
2005,0,0.1,5000,0,0.09,"AA",0.00117867890719804,-6.74218166376706
2005,0,0.22,2000,0,0,"Missing",0.179412362221712,-1.52033385908175
2005,0,0.17,5000,0,0.93,"C",0.00176805290715048,-6.3361067725981
2005,0,0.22,12150,0,0,"D",0.102425183820356,-2.17056385942013
2005,0,0.18,15000,0,0.58,"C",0.00341309768661866,-5.67671605195362
2005,0,0.17,2800,0,0,"C",0.0382442624750992,-3.22476695895773
2005,0,0.18,2500,0,0,"C",0.0945519845622692,-2.25928008145077
2005,1,0.25,14000,0,0.8,"D",0.206479485298033,-1.34627833040655
2005,1,0.29,3500,0,0.94,"Missing",0.835720667530919,1.62672620179613
2005,0,0.08,2000,0,0.23,"AA",0.000100976878485698,-9.20051801123773
2005,0,0.1,3000,0,0.07,"AA",0.000756338597518258,-7.18626477697218
2005,0,0.18,10000,0,0.15,"B",0.000443468926882578,-7.72043925477981
2005,0,0.14,25000,0,0,"AA",0.00622477892037258,-5.07297311842873
2005,0,0.15,2500,1,0.9,"C",0.0271018303015676,-3.58067815628699
2005,0,0.28,6000,0,0.98,"Missing",0.316557603048568,-0.769637150845885
2005,0,0.19,5000,0,0.39,"C",0.00864712815682901,-4.74184328665468
2005,0,0.23,8000,0,0.75,"C",0.071975004900838,-2.5567397622085
2005,1,0.29,2550,1,0,"Missing",0.940594907674766,2.76213260350961
2005,1,0.29,9200,1,0.98,"Missing",0.978128811306157,3.8004711843389
2005,0,0.14,3500,0,0.65,"B",0.00247484598174742,-5.99909920101967
2005,1,0.29,3300,0,0.91,"Missing",0.971375170743337,3.52443827228041
2005,1,0.29,3000,1,1.01,"Missing",0.988976670352525,4.49665683825979
2005,0,0.13,8000,0,0.57,"A",0.00116330424192582,-6.75532685728363
2005,0,0.07,2000,1,0.07,"AA",0.000977565483624541,-6.92946723381591
2005,0,0.29,8000,0,0.8,"D",0.0129206201571135,-4.33592596459318
2005,1,0.25,9000,0,0.97,"D",0.21145173097135,-1.31619687071718
2005,0,0.23,8000,0,0,"D",0.0735960048145302,-2.53271967755148
2005,0,0.1,3885,0,0.38,"A",0.00335106943223299,-5.69511905374614
2005,1,0.29,5000,1,0.94,"Missing",0.974796859299282,3.65526048212099
2005,0,0.28,15000,0,0.93,"B",0.0075002848758796,-4.88528572226118
2005,1,0.29,4000,0,0,"Missing",0.854372143272028,1.76931242268246
2005,0,0.17,5000,0,0.03,"C",0.0254949949404818,-3.64344749890695
2005,1,0.22,6001,0,0.01,"D",0.541046836504863,0.164557684506843
2005,1,0.26,9500,0,0.86,"D",0.386335918762359,-0.462740432599618
2005,1,0.29,5000,0,0.77,"Missing",0.904483809105603,2.24806863301644
2005,0,0.24,25000,0,0.89,"B",0.00310248342715981,-5.77244507656308
2005,0,0.11,10000,0,0.43,"AA",0.00302809526052699,-5.79678879480108
2005,1,0.29,2560,0,1,"Missing",0.942564625922709,2.79794409895894
2005,1,0.29,3000,0,1.02,"Missing",0.947250787687881,2.88801504167761
2005,0,0.16,11204,0,0.73,"B",0.00205661409951733,-6.18463555761713
2005,1,0.24,2550,1,0.93,"Missing",0.99168342882467,4.78115388064602
2005,1,0.29,5000,0,1.08,"Missing",0.952002426053097,2.98741711630551
2005,0,0.15,25000,0,0,"B",0.00247896253841217,-5.99743309736215
2005,0,0.12,4000,0,0.28,"AA",0.0019647394334163,-6.23042897424721
2005,0,0.21,3000,0,0.04,"C",0.00865723233343236,-4.74066527560744
2005,0,0.15,14000,0,0.69,"B",0.000819248685892255,-7.10630328997067
2005,1,0.26,6000,1,0,"Missing",0.625752479539121,0.514037494888859
2005,1,0.25,5000,0,0.2,"D",0.312195386171644,-0.78987557653747
2005,0,0.11,5000,1,0,"Missing",0.337642837076674,-0.673816289732306
2005,1,0.26,25000,1,0.09,"B",0.321584290976487,-0.746500550553809
2005,1,0.2,1500,0,0.41,"Missing",0.976103785887744,3.70984887771428
2005,0,0.25,2500,0,0.66,"D",0.222552976958637,-1.25085033220874
2005,0,0.29,5224,0,0.67,"Missing",0.449317140238657,-0.203430107216495
2005,0,0.21,25000,1,0.01,"B",0.00515021647241819,-5.26355300716069
2005,0,0.19,5000,0,0.42,"B",0.0257892844301392,-3.63166854717699
2005,0,0.17,9500,0,0.95,"AA",0.00445241540046272,-5.40984618651645
2005,0,0.15,2000,0,0.02,"B",0.00151978900726839,-6.4876628197087
2005,0,0.25,10000,0,0.93,"B",0.0152971624925193,-4.16467255465185
2005,0,0.14,4000,0,0.16,"B",0.000302025315296105,-8.10469764768465
2005,0,0.2,5500,1,0.47,"D",0.0195178659480091,-3.91671417563335
2005,1,0.29,4000,0,1,"Missing",0.962966172399436,3.25818652943177
2005,1,0.29,5500,0,1.13,"Missing",0.627133969135161,0.519940996145789
2005,0,0.15,1500,1,0.85,"D",0.0609194157312835,-2.73534935754126
2005,0,0.16,10999,0,0.97,"B",0.0208154936308568,-3.85102249337275
2005,1,0.29,3500,0,0.94,"Missing",0.965352002460974,3.32725287133196
2005,0,0.26,1000,1,0.33,"Missing",0.835970495478297,1.62854700270857
2005,1,0.24,3500,0,0.83,"Missing",0.799631729841824,1.38399425985152
2005,0,0.17,15000,0,0.52,"B",0.00032826826995921,-8.02135106549609
2005,0,0.18,7500,0,0.9,"B",0.000517874618923707,-7.56525938465077
2005,0,0.17,12000,1,0.51,"A",0.00557639275179676,-5.18362117301178
2005,0,0.25,15000,0,0.45,"C",0.03689208673599,-3.26216838853486
2005,0,0.13,9000,0,0.86,"B",0.00354633984415748,-5.63828659417263
2005,1,0.29,7000,1,0.27,"Missing",0.985146411084151,4.19454875693642
2005,0,0.19,3900,1,0,"C",0.334251014899493,-0.689020447921565
2005,1,0.24,2000,0,1.02,"Missing",0.890566910334219,2.09654492863862
2005,1,0.2,1000,0,0.9,"Missing",0.881174979714018,2.00360422787867
2005,0,0.15,14500,1,0,"A",0.0224519494443998,-3.77367000187181
2005,0,0.19,10000,1,0.81,"C",0.205009280717122,-1.35527519082367
2005,0,0.15,6010,0,0.63,"B",0.00714665451062055,-4.9339386182155
2005,1,0.29,25000,1,0.42,"D",0.215211377346394,-1.2937937154175
2005,0,0.15,25000,0,0.04,"A",0.000882498957942424,-7.03187006136991
2005,0,0.1,8300,0,0.05,"AA",0.000230627625338422,-8.37447550542906
2005,0,0.2,5000,0,0,"A",0.0031521667346176,-5.75650806506992
2005,0,0.17,2000,0,0,"D",0.010846266375498,-4.51302885513693
2005,0,0.2,19000,0,0.95,"C",0.00530388207195793,-5.23399826255155
2005,0,0.18,17000,0,0.23,"B",0.0121918459919545,-4.39472113581702
2005,1,0.29,2000,1,0.09,"Missing",0.999440808865541,7.48845987360272
2005,0,0.19,25000,0,0.72,"A",0.0377739215905847,-3.2376304722765
2005,1,0.29,3000,0,0.92,"Missing",0.96043853911202,3.18953455724556
2005,0,0.29,7000,0,0.12,"D",0.150007222252875,-1.73454441139052
2005,0,0.15,14500,1,0,"A",0.00141417216474705,-6.55979578862279
2005,0,0.15,1000,0,0,"Missing",0.56767095227303,0.272354958615354
2005,1,0.29,4669,1,0,"Missing",0.921234211427905,2.45923555773615
2005,1,0.26,2550,0,0.88,"Missing",0.975694440494492,3.69244435371777
2005,0,0.08,2000,0,0.23,"AA",0.00198496171137084,-6.22016871965224
2005,0,0.26,12000,0,0.59,"D",0.236923810704921,-1.1696192655752
2005,0,0.25,9000,0,0.42,"C",0.01564834840365,-4.14161782461543
2005,0,0.15,8000,0,0.54,"B",0.00332983958611405,-5.70149575264857
2005,1,0.29,1500,1,1.29,"Missing",0.973552526587998,3.60579114922418
2005,0,0.13,9000,0,0,"A",0.0013879059835164,-6.57857028439327
2005,0,0.25,9500,0,0.64,"D",0.1375621207444,-1.83568751994668
2005,0,0.18,1000,1,0,"C",0.0294414284169534,-3.49546894047276
2005,0,0.15,9900,0,0.72,"B",0.00032762819936488,-8.02330344916133
2005,0,0.18,6000,0,0.75,"C",0.0418358252267406,-3.1312661004002
2005,1,0.29,5000,0,0.72,"Missing",0.967246745857095,3.38545130896322
2005,0,0.09,9000,0,0.99,"Missing",0.0210236894534314,-3.84085757349218
2005,1,0.29,2550,1,0.93,"Missing",0.995974838607882,5.51115698733647
2005,0,0.15,10000,0,0.64,"AA",0.000222154283733325,-8.41191626673766
2005,0,0.15,9500,0,0.36,"A",0.00998578317245736,-4.59655690476738
2005,1,0.29,4750,1,1.19,"Missing",0.993322018229625,5.00223908800773
2005,1,0.29,6000,1,0.77,"Missing",0.904835133459204,2.25214192939037
2005,0,0.11,8000,0,0.06,"A",0.00322867802066704,-5.73244860560559
2005,1,0.29,4000,0,1.12,"Missing",0.932302941675937,2.62261507925115
2005,1,0.29,3000,1,0.67,"Missing",0.992509384629718,4.88658551499251
2005,0,0.19,3000,1,0.77,"D",0.360972694379934,-0.571144868628976
2005,1,0.29,5200,0,0,"Missing",0.610284915993393,0.44851000521061
2005,0,0.19,2500,0,0.82,"C",0.00609129002805172,-5.09478547480856
2005,0,0.13,4950,0,0,"B",0.00567320282306871,-5.16631209236627
2005,1,0.29,5000,0,0.92,"Missing",0.533523991143866,0.13429744806874
2005,0,0.22,6500,1,0,"B",0.0231771830752418,-3.74113697477941
2005,0,0.17,4600,0,0.88,"B",0.00155977950298551,-6.46164981472533
2005,1,0.29,9000,1,0,"Missing",0.965521490535965,3.33233214421365
2005,0,0.12,6000,0,0.6,"A",7.78411128942369e-05,-9.46076297884363
2005,0,0.18,14000,0,0.91,"C",0.00657784570321557,-5.01744841290838
2005,1,0.24,1000,1,0.9,"D",0.768167273329625,1.19799140736095
2005,0,0.19,6001,0,0.05,"D",0.0285994569838546,-3.52535115784809
2005,1,0.29,25000,0,0.98,"D",0.454166700453462,-0.183849304679592
2005,0,0.15,10200,0,0,"C",0.0030846227018569,-5.77823654000446
2005,0,0.07,3000,1,0.01,"AA",0.000375530532717675,-7.88679517683953
2005,0,0.08,3500,0,0.46,"AA",4.74728934512175e-05,-9.95530419997903
2005,1,0.17,6500,1,0,"D",0.165509989545541,-1.61778921954724
2005,1,0.24,1000,0,0,"Missing",0.705761482693693,0.874886615420294
2005,0,0.23,8100,0,0.93,"C",0.185954662625566,-1.47651316679512
2005,0,0.21,25000,0,0.99,"C",0.2704730401253,-0.992223897428063
2005,1,0.2,3000,1,1.03,"Missing",0.977229040884718,3.75923505633593
2005,0,0.11,6001,0,0.01,"A",0.000302436295757276,-8.10333741317019
2005,0,0.18,1230,0,0,"C",0.0766766474034966,-2.48838230568677
2005,1,0.29,5500,0,1.02,"Missing",0.722787215156577,0.958329483000139
2005,0,0.29,2550,0,0,"Missing",0.367605586495926,-0.542502683914806
2005,1,0.2,4600,0,0.91,"Missing",0.940790018819,2.76562983913076
2005,0,0.1,7000,0,0.51,"AA",6.87329159305506e-05,-9.58521361257521
2005,0,0.2,3000,0,1,"C",0.192801462864918,-1.43190868714575
2005,0,0.15,12000,1,0.53,"B",0.00742612227833746,-4.89529762391812
2005,0,0.13,5500,0,0.34,"B",0.00118837953424404,-6.73397554957588
2005,0,0.15,10000,0,0.41,"C",0.0852713669640078,-2.3727887217383
2005,0,0.11,8000,0,0,"A",0.000256713043498652,-8.26729491315122
2005,0,0.15,10000,0,0.64,"AA",0.0263666905395,-3.60893326224092
2005,0,0.18,14500,1,0.66,"B",0.000182815701253505,-8.60684917714705
2005,0,0.19,4000,0,0.85,"C",0.00347016369437,-5.66007731328797
2005,1,0.28,12000,1,0.87,"D",0.8433970095419,1.6837239160579
2005,0,0.07,2000,1,0.07,"AA",0.000640230162129963,-7.35304238273628
2005,1,0.29,5000,0,0.32,"Missing",0.808671493650447,1.44140089068793
2005,0,0.25,2550,0,0.86,"D",0.105996691370484,-2.13230159595562
2005,0,0.18,8000,0,0.33,"C",0.0023265719612607,-6.06103007339862
2005,0,0.29,25000,0,0.82,"B",0.0340265631838364,-3.34599484601816
2005,1,0.24,3000,0,1,"Missing",0.8339778737369,1.61408580149964
2005,1,0.27,10095,0,0.9,"Missing",0.91632756976799,2.39346437433809
2005,0,0.18,25000,0,0.69,"B",0.000278945720104086,-8.18421436203609
2005,1,0.18,4500,1,0.71,"C",0.449830442375276,-0.201355800268587
2005,0,0.14,7500,0,0.67,"B",0.014595298231997,-4.21235298358506
2005,1,0.29,10000,0,0.47,"Missing",0.952027641264129,2.98796908394349
2005,0,0.08,1000,0,0.01,"AA",0.00164748179005421,-6.40685850434601
2005,0,0.2,20000,1,1,"C",0.001139049952985,-6.77642103943652
2005,0,0.17,13000,1,0.88,"B",0.00935592846108961,-4.66234510652793
2005,0,0.28,10500,0,0.94,"C",0.0866549085311472,-2.3551801221533
2005,0,0.2,16950,0,0.55,"C",0.00652669683159441,-5.02530621991404
2005,0,0.07,1100,1,0.18,"A",0.000875677955673473,-7.03963610354469
2005,0,0.14,3210,0,0.08,"B",0.000557793599150331,-7.49096360878257
2005,0,0.14,12000,1,0.37,"A",0.00077377818051678,-7.16345123622711
2005,0,0.1,5000,0,0.71,"AA",0.000624537277588069,-7.37787480590347
2005,0,0.17,2000,0,0.25,"Missing",0.167010637480792,-1.60696336412239
2005,1,0.2,5000,0,0.43,"D",0.0192096675728958,-3.93294503657743
2005,0,0.21,5000,0,0.73,"D",0.20295033849341,-1.36795567624724
2005,0,0.29,8500,1,0,"B",0.0033035178320696,-5.70945838208222
2005,0,0.29,2501,1,0,"Missing",0.628715878053082,0.526711853581742
2005,0,0.14,2500,0,0.24,"C",0.0310898102596288,-3.43929180303581
2005,0,0.15,8500,0,0.55,"AA",0.000274475130735306,-8.20037538672723
2005,0,0.14,7000,0,0.32,"A",0.00202409175274756,-6.20060805320438
2005,1,0.29,3300,0,0.91,"Missing",0.948592490254307,2.91519503095924
2005,0,0.27,4700,0,0,"D",0.0442370197219179,-3.07294796492883
2005,0,0.14,9700,0,0.23,"AA",0.00132995266206296,-6.62128109198175
2005,0,0.23,15000,0,0.18,"D",0.0414147558307279,-3.14182125514131
2005,0,0.15,3000,0,0.96,"C",0.00405259531923019,-5.50433695420059
2005,0,0.15,2000,0,0.98,"C",0.0427302554209375,-3.1091779893071
2005,1,0.29,1000,0,0,"Missing",0.7792776296183,1.26146170553261
2005,0,0.13,2550,0,0.53,"B",0.000946752501240985,-6.96152564830799
2005,0,0.18,2550,0,0.28,"D",0.368809255413435,-0.537328518830678
2005,1,0.22,9000,0,0.99,"C",0.112159514160515,-2.06887000218013
2005,1,0.29,3000,0,0.79,"Missing",0.971269312535342,3.52063798452543
2005,0,0.22,19000,0,0.75,"C",0.00927608930179476,-4.67099585230806
2005,0,0.18,1500,0,0.1,"C",0.0407405373540538,-3.15893799315702
2005,1,0.27,6000,0,0.95,"Missing",0.976756259036304,3.73820125200907
2005,1,0.25,15000,1,0.82,"D",0.842219666383427,1.67483709455234
2005,1,0.22,5000,0,0.93,"D",0.254407516882206,-1.07524180314284
2005,1,0.29,2550,0,1,"Missing",0.728177659875081,0.985396365126354
2005,0,0.09,4000,0,0.32,"A",0.00827077807598857,-4.78672151948568
2005,0,0.29,4500,0,0.94,"Missing",0.837919090815909,1.64282589551978
2005,0,0.29,3001,0,0.85,"Missing",0.562397498218305,0.250897923940999
2005,0,0.23,14000,1,0.83,"C",0.504045588890046,0.0161827087116646
2005,1,0.2,1750,0,0.96,"Missing",0.98452589564148,4.15299226085157
2005,0,0.14,10000,0,0.44,"A",0.000957343552883825,-6.95039043940442
2005,1,0.26,3000,1,0,"Missing",0.747567566588463,1.08568106880746
2005,0,0.29,3500,1,0,"Missing",0.835910319787612,1.62810822541903
2005,0,0.23,16000,1,0,"A",0.013416005542146,-4.29780002811809
2005,0,0.18,7000,0,0.95,"C",0.033295337678297,-3.36847565486066
2005,1,0.2,3000,1,0.07,"D",0.432637689077587,-0.271097464036254
2005,1,0.29,4000,1,1.14,"Missing",0.997634741201843,6.04449977418752
2005,0,0.11,1000,0,0.98,"D",0.0470056034591371,-3.00934220668825
2005,0,0.15,10200,0,0,"C",0.0190884439010921,-3.93939917802832
2005,0,0.09,1000,0,0.02,"AA",0.000656139339948578,-7.3284810284239
2005,0,0.19,15000,0,0.37,"C",0.0583240479541346,-2.78164672078736
2005,0,0.15,5000,0,0.92,"B",0.00180996623199172,-6.31263548403657
2005,1,0.2,3800,0,1,"Missing",0.960081084970741,3.18016747195808
2005,0,0.19,7500,0,0.57,"C",0.0454448661558119,-3.04474554513779
2005,1,0.29,3000,0,0,"Missing",0.96099414263721,3.20425649023926
2005,0,0.08,1000,0,0.05,"AA",7.94173125404033e-05,-9.44071475094207
2005,0,0.2,8500,0,0.48,"B",0.00532664467773027,-5.22969287357682
2005,1,0.17,1000,0,0.89,"Missing",0.749935125720052,1.09826632243068
2005,1,0.24,22000,0,0.93,"D",0.812455664388451,1.4660460717546
2005,0,0.15,18000,0,0.37,"B",0.00152537913758717,-6.48398574129827
2005,0,0.29,15000,0,0.49,"C",0.00862038464946416,-4.7449678173092
2005,0,0.2,5000,0,0.87,"D",0.0473498579498251,-3.00168390440375
2005,1,0.29,6000,0,0.59,"Missing",0.895734651131946,2.15070513963444
2005,0,0.2,9500,1,0.65,"AA",0.00167024852068087,-6.39311120390546
2005,0,0.28,10500,0,0.94,"C",0.293707729042915,-0.877443979379043
2005,1,0.15,1000,1,1.75,"Missing",0.986457611436311,4.28829569601968
2005,0,0.09,8000,0,0,"AA",0.00144032611807699,-6.54144435576327
2005,0,0.15,2500,0,0.94,"D",0.0132510875173753,-4.31033598657472
2005,0,0.14,3500,0,0.65,"B",0.00134568479572574,-6.60950566265091
2005,0,0.16,7000,0,0.29,"C",0.0407010996678015,-3.15994759455164
2005,0,0.27,7500,0,0.91,"Missing",0.665192811883151,0.686522133044122
2005,0,0.1,3000,0,0.04,"AA",0.00258650177645908,-5.95485912914998
2005,0,0.23,2000,0,1.13,"Missing",0.678636002995857,0.747510478004341
2005,0,0.11,10000,0,0.17,"AA",0.000693619514285247,-7.27289313793147
2005,0,0.15,25000,0,0.9,"B",0.00471591568684826,-5.35208510387185
2005,1,0.27,1000,0,0,"Missing",0.730310066813974,0.996196289542773
2005,0,0.15,2500,0,0.24,"C",0.000323856229036203,-8.03488696951337
2005,1,0.22,3000,0,0.3,"Missing",0.985827058673213,4.24214633594728
2005,1,0.29,1300,0,0.55,"Missing",0.989718795939098,4.56710347855925
2005,0,0.21,7500,1,1.02,"C",0.162444500797426,-1.64015111932855
2005,0,0.09,6100,0,0.48,"A",0.000756422273055795,-7.18615406697472
2005,0,0.25,15000,0,0.9,"D",0.820338819837157,1.51864470519256
2005,0,0.21,9975,0,0.62,"C",0.012798415305562,-4.34555289938314
2005,0,0.11,1253,0,0.73,"A",0.000274997928947205,-8.19847195567932
2005,0,0.1,4500,0,0.4,"A",0.00204794516901301,-6.18886830002994
2005,0,0.11,1253,0,0.73,"A",0.00683321903688416,-4.97910273557503
2005,0,0.12,3001,0,0.05,"AA",0.000104382537738483,-9.16734377156113
2005,0,0.27,4700,0,0,"D",0.127486841032444,-1.92336458419056
2005,1,0.15,12000,0,0.43,"A",0.00539009550079304,-5.21778750159758
2005,0,0.2,9000,0,0.65,"A",0.00282642875114876,-5.86591085897108
2005,1,0.24,3000,0,0.91,"Missing",0.794112696565646,1.34989643801172
2005,0,0.17,10700,0,0.12,"C",0.0117503400051282,-4.43205318135088
2005,0,0.15,9999,0,0.83,"C",0.0100708488899573,-4.58798837395154
2005,0,0.17,15000,1,0.89,"B",0.000618007914039146,-7.38839109574035
2005,0,0.2,20000,1,0.05,"AA",0.00212813655614154,-6.15037813418584
2005,1,0.29,18000,0,0.93,"D",0.0622546063875007,-2.71224594597997
2005,0,0.17,10000,1,0.95,"D",0.0819089716784477,-2.41668801593332
2005,0,0.2,9500,0,0.72,"D",0.152059801213393,-1.71853624049757
2005,1,0.29,12000,1,0,"Missing",0.968116925377473,3.41327757777201
2005,0,0.15,3500,0,0.9,"C",0.0339194554417965,-3.34925845359397
2005,1,0.26,3000,0,1.17,"Missing",0.971334348921927,3.52297116419909
2005,1,0.15,1200,0,0.9,"D",0.195874310163359,-1.41228240875397
2005,0,0.12,25000,0,0.01,"AA",0.000666756457175967,-7.31241873155755
2005,0,0.11,4000,0,0.11,"AA",0.000163270735763272,-8.71993749534999
2005,0,0.08,3500,0,0,"AA",0.000858451748677326,-7.05952126299664
2005,0,0.07,1000,1,0,"Missing",0.119953492501297,-1.99287065033502
2005,1,0.29,3000,1,0,"Missing",0.982378232032855,4.02084144506846
2005,0,0.2,8500,0,0.48,"B",0.021762539278912,-3.80556233295402
2005,0,0.26,5000,0,0.61,"D",0.0762867440075874,-2.49390250642655
2005,0,0.2,9999,0,0.94,"D",0.173351413867122,-1.56205885039904
2005,1,0.2,2700,1,0.8,"D",0.0772343038059661,-2.4805316438453
2005,0,0.15,2000,0,0,"C",0.14016924817297,-1.81388496169818
2005,0,0.25,2550,0,0.86,"D",0.150700116585138,-1.72912046425776
2005,0,0.18,10000,0,0.27,"C",0.00772393769383791,-4.85567705921794
2005,0,0.1,9000,0,0.22,"AA",0.000443844203188328,-7.71959300809846
2005,0,0.11,1000,0,0.97,"Missing",0.310011751847617,-0.800064359836536
2005,0,0.2,12200,0,0.35,"C",0.216875489796275,-1.28396829108676
2005,0,0.15,2000,1,0,"C",0.0207522076457692,-3.8541320845337
2005,0,0.2,5000,0,0.87,"D",0.259738299108944,-1.04732919130823
2005,0,0.09,2000,0,0.85,"A",0.000599245970120109,-7.41923898395522
2005,1,0.24,1200,0,1.09,"Missing",0.947735970828851,2.89776759599125
2005,0,0.1,1500,1,0.79,"A",0.000643165196360222,-7.34846557958417
2005,0,0.29,25000,0,0.98,"D",0.641152822067013,0.580371230817689
2005,0,0.19,6500,0,0.7,"C",0.0149074764215666,-4.19087270896283
2005,0,0.18,2275,0,1.03,"D",0.0415712658483976,-3.13788600447983
2005,1,0.26,7000,0,0.58,"D",0.824715799939696,1.54863018505903
2005,1,0.29,2600,0,0.98,"Missing",0.986920449721512,4.32353947507277
2005,0,0.15,3000,1,0.99,"C",0.00468442850204027,-5.35881592053279
2005,1,0.24,3000,0,0.85,"Missing",0.847134086589538,1.71229783557828
2005,0,0.19,19250,0,0.88,"B",0.00112383493417462,-6.78988392710133
2005,0,0.2,5000,1,0,"C",0.0459525838718507,-3.03310329318365
2005,0,0.12,9000,0,0.12,"A",0.000596235048732391,-7.42427917870982
2005,1,0.27,3200,0,0.98,"Missing",0.919696101305987,2.43822511942571
2005,0,0.08,4000,0,0.13,"AA",0.00469789570772473,-5.35593162678093
2005,0,0.15,3000,1,0.99,"C",0.038696974167528,-3.2125282726198
2005,0,0.1,4999,0,0.06,"AA",0.00353849538752669,-5.6405089032901
2005,1,0.2,1000,0,1.07,"Missing",0.744368639735739,1.06879998792053
2005,0,0.28,9000,0,0.7,"D",0.196608556512892,-1.40762734227942
2005,1,0.28,1900,0,1.2,"Missing",0.816276727864245,1.49132275500972
2005,0,0.17,3000,0,0.88,"D",0.0463943729082321,-3.02307201883839
2005,0,0.2,9500,1,0.65,"AA",0.0195053633238187,-3.91736770563321
2005,0,0.25,6000,0,0.11,"D",0.0686440567457477,-2.60770697258442
2005,0,0.13,6001,0,0.94,"A",0.000395929727959602,-7.83387780897537
2005,1,0.29,5000,0,0,"Missing",0.988194835597934,4.42734278341037
2005,0,0.09,3000,0,0.71,"AA",0.000504370069691001,-7.59169579676677
2005,1,0.2,3800,0,1,"Missing",0.615446987855334,0.470267160949145
2005,0,0.18,25000,0,0.6,"A",0.000876327986581391,-7.03889341101116
2005,0,0.07,1000,0,0.34,"AA",0.000214584868351028,-8.44659063330453
2005,0,0.23,7000,0,0.98,"C",0.26788848274764,-1.00536206356819
2005,0,0.15,1200,0,0.49,"C",0.00918518119928768,-4.68093620769091
2005,1,0.29,3000,0,0,"Missing",0.973266418972804,3.59473736508243
2005,1,0.28,11000,0,0.9,"Missing",0.979206111695205,3.85208304122726
2005,0,0.11,25000,1,0.09,"AA",0.000559034989764962,-7.48873930196273
2005,0,0.17,7100,0,0.95,"D",0.00660533449783249,-5.01325045290366
2005,0,0.18,5600,0,0.48,"B",0.000619734685263513,-7.38559917170618
2005,0,0.16,9000,0,0.05,"B",7.81201627770763e-05,-9.45718424506372
2005,0,0.23,1000,0,0.92,"Missing",0.272159040851088,-0.983695957191055
2005,1,0.24,6000,0,0,"Missing",0.668960190603625,0.703485914308631
2005,0,0.1,5200,0,0,"A",0.000419521552623847,-7.77597604686627
2005,0,0.17,10700,0,0.12,"C",0.00667414509211768,-5.00281764219014
2005,0,0.09,3500,0,0.14,"AA",2.09064608746093e-05,-10.7754314073294
2005,0,0.14,8000,0,0.21,"B",0.00359390088399687,-5.6249166947271
2005,0,0.17,3500,0,0,"B",0.000160671950427276,-8.73598516178616
2005,0,0.24,9000,0,0.64,"D",0.0134004648755115,-4.29897481905262
2005,0,0.07,1000,1,0.34,"AA",0.00398245991239869,-5.52186517114666
2005,1,0.29,5000,1,1.05,"Missing",0.998548900589187,6.5339816422203
2005,0,0.13,6001,0,0.94,"A",0.000199858340579471,-8.51770186116487
2005,0,0.15,2500,0,1.01,"D",0.0102220780526177,-4.57293070063449
2005,0,0.29,5000,1,0.75,"D",0.854889518674303,1.77347685019387
2005,0,0.19,10000,1,1.02,"C",0.0531379209702776,-2.88026262675956
2005,1,0.27,10095,0,0.9,"Missing",0.9684286295704,3.42342407754858
2005,0,0.14,2400,0,0.94,"B",0.000523769352020067,-7.55393523187909
2005,1,0.11,1000,1,0.97,"Missing",0.69145676047174,0.806938625032344
2005,1,0.25,8000,1,0.48,"D",0.888881612091744,2.07936786621969
2005,0,0.11,1500,0,0.2,"B",0.00135518131202563,-6.6024639235885
2005,0,0.14,3000,0,0.85,"C",0.00875383475033837,-4.72947104279656
2005,0,0.15,2650,1,0.42,"D",0.029494765195596,-3.49360399991698
2005,0,0.12,15000,0,0,"AA",0.000250526850865306,-8.29169389586268
2005,0,0.22,3600,0,0.57,"D",0.0900217121536156,-2.31336985233041
2005,0,0.12,4000,0,0.43,"B",0.000854295298893745,-7.06437898027993
2005,0,0.2,5000,1,0.43,"D",0.0277585298317917,-3.55606102542046
2005,1,0.21,14000,0,0.85,"C",0.164627105616862,-1.62419525489819
2005,0,0.09,3030,0,0.04,"AA",2.47458814904734e-05,-10.606826741034
2005,0,0.18,20000,0,0.67,"B",0.00288420355910351,-5.84561810894775
2005,0,0.13,9000,0,0.86,"B",0.00555955384560101,-5.18666235185188
2005,0,0.23,1600,1,1.46,"Missing",0.845927358662365,1.70300930325717
2005,0,0.19,11500,0,0.38,"C",0.00502777057348843,-5.28773816673363
2005,1,0.27,1000,1,0.88,"Missing",0.992456651395087,4.87951713994261
2005,0,0.18,20000,0,0.53,"A",0.00334627266006246,-5.69655630742268
2005,0,0.22,18200,1,0.8,"C",0.0248251549126275,-3.67075933311702
2005,0,0.26,5000,0,0,"Missing",0.62682106725589,0.518603103658044
2005,0,0.1,5000,0,0.71,"AA",0.000363629645933637,-7.91901096873853
2005,1,0.29,5000,0,0.97,"Missing",0.933419050361759,2.64043574779067
2005,1,0.29,3500,0,1.24,"Missing",0.852629771451495,1.75537744007701
2005,1,0.25,8000,1,0.85,"D",0.601567691035423,0.412001446911751
2005,0,0.14,7750,0,0.59,"C",0.0110185782153437,-4.49709276976779
2005,0,0.15,6088,0,0.69,"B",0.00101152813282064,-6.89528104869912
2005,0,0.1,1000,0,0.56,"A",0.00148618834478048,-6.51005330074902
2005,0,0.11,5000,1,0,"Missing",0.323500357394213,-0.737731700597994
2005,1,0.22,2000,0,0,"Missing",0.871514311901574,1.91441476550628
2005,0,0.24,1000,1,0.9,"D",0.17047870212833,-1.58223841013664
2005,0,0.12,3001,0,0.05,"AA",0.000936727446025471,-6.97218103096528
2005,0,0.15,7500,0,0.72,"B",0.00776705976478713,-4.85006621439012
2005,0,0.24,7500,1,0.94,"C",0.238055399246136,-1.16337043409444
2005,0,0.09,2500,0,0.09,"AA",0.000165561761056426,-8.70600067870437
2005,1,0.26,2864,0,0.71,"Missing",0.982293619252601,4.01596519611734
2005,0,0.29,3000,0,1.34,"Missing",0.595924822856744,0.388513580275315
2005,1,0.29,5000,0,0.6,"Missing",0.75048797945787,1.10121654167695
2005,0,0.14,8000,0,0.44,"A",0.000491021677583228,-7.61853113901212
2005,0,0.22,15000,0,0.95,"C",0.0362714893696037,-3.27977761111508
2005,0,0.27,7500,0,0.69,"Missing",0.716418264868353,0.926763776253115
2005,0,0.23,1500,0,0.84,"Missing",0.693243409710059,0.815326610484207
2005,0,0.26,2500,0,0.65,"Missing",0.437246363680163,-0.252345143938963
2005,0,0.14,6001,0,0.54,"A",0.000513709722981071,-7.57333835160047
2005,0,0.2,5000,0,0,"D",0.0827114390178079,-2.40606419021935
2005,0,0.21,25000,0,0.99,"C",0.0105213947405037,-4.54376736462237
2005,0,0.24,4800,1,0,"C",0.0222014625543758,-3.78514548684725
2005,0,0.14,7000,0,0.55,"C",0.0171409952103935,-4.04899270117742
2005,1,0.29,4000,0,1.12,"Missing",0.971256983976776,3.52019627556372
2005,0,0.27,6500,0,0.67,"D",0.392831597199746,-0.435425172997101
2005,0,0.21,5000,0,0.95,"D",0.0891294185465415,-2.32431137063198
2005,1,0.29,2000,1,0.83,"Missing",0.95762128384508,3.11780612150759
2005,0,0.14,6001,0,0.54,"A",0.000656892579607243,-7.32733294577824
2005,1,0.29,5000,1,0.94,"Missing",0.769790405916962,1.2071281051039
2005,0,0.15,5000,0,0.64,"C",0.00500058548499567,-5.29318714615337
2005,0,0.08,1000,0,0.05,"AA",3.47798968018785e-05,-10.2664362357094
2005,0,0.21,9500,0,0.73,"D",0.240007747720473,-1.1526370338698
2005,0,0.17,4800,0,0.88,"C",0.0342257339022994,-3.33995231351632
2005,0,0.14,3500,0,0.94,"C",0.0699656992796218,-2.58721635629822
2005,0,0.11,10000,0,0.37,"AA",0.00216613772872311,-6.13264105855827
2005,0,0.17,4500,0,0.89,"D",0.0262857399869345,-3.6120913067418
2005,1,0.22,2000,0,0,"Missing",0.855794449426218,1.7807905018312
2005,1,0.27,5000,0,0.96,"Missing",0.799052576203665,1.38038344541881
2005,0,0.11,3000,1,0,"C",0.0095294194311616,-4.64379636842072
2005,1,0.17,1200,0,1.36,"Missing",0.420668335271087,-0.320030415941612
2005,0,0.19,11500,0,0.38,"C",0.00280866998054965,-5.87223160252129
2005,0,0.13,9999,0,0.61,"B",0.00108743452332653,-6.82284597904018
2005,0,0.27,10000,1,0.79,"D",0.142962475493721,-1.79089951683773
2005,1,0.2,2000,0,0.84,"Missing",0.924117012822572,2.499646189461
2005,0,0.12,18950,0,0,"AA",0.00248061045901043,-5.99676690399839
2005,0,0.17,5500,0,0.91,"C",0.00240513558597306,-6.02774096773895
2005,1,0.23,7200,0,1.12,"Missing",0.925568011716191,2.52052181628261
2005,0,0.24,5600,0,0.62,"Missing",0.717512975256594,0.932158412031741
2005,0,0.16,2000,1,0,"C",0.0113814579003893,-4.46432302536656
2005,0,0.29,5000,1,0.65,"D",0.365672092810362,-0.550829013961744
2005,1,0.28,1200,0,0.81,"Missing",0.788151395863335,1.31381831000615
2005,0,0.24,10000,0,0.97,"B",0.0229456502287308,-3.75141389371359
2005,0,0.26,5000,0,0.64,"D",0.212106650936215,-1.31227351824205
2005,0,0.15,25000,0,0.44,"AA",0.00120740409989395,-6.71807446236971
2005,0,0.2,8000,0,0.91,"D",0.202750429091954,-1.36919195832186
2005,0,0.12,3001,0,0.05,"AA",0.000582142599117039,-7.44821281246935
2005,0,0.17,3500,0,0,"B",0.00382881027998246,-5.56136499696621
2005,1,0.28,10500,0,0.94,"C",0.0989223826923715,-2.20925587020631
2005,1,0.29,2100,1,1.14,"Missing",0.954046542662323,3.03308336984607
2005,1,0.28,1200,0,0.81,"Missing",0.972364721020067,3.56063778106612
2005,1,0.17,1000,0,0.72,"C",0.0352409929727822,-3.30966835839456
2005,0,0.1,7500,0,0,"AA",0.000922194633989062,-6.98783163679782
2005,0,0.26,2200,0,0.97,"Missing",0.872644264868816,1.92454375214872
2005,0,0.12,10000,0,0.58,"A",0.00127268651054173,-6.66535175304583
2005,0,0.26,7000,0,0.92,"C",0.0916815690815508,-2.2932736443825
2005,1,0.29,2000,0,0.77,"Missing",0.76200405890307,1.16369826300544
2005,1,0.15,1100,0,0,"Missing",0.526646997814069,0.106689075755079
2005,1,0.26,5000,0,0,"Missing",0.818258182500499,1.50459081856721
2005,1,0.07,1000,0,0.12,"C",0.0255581363739303,-3.64090914449111
2005,0,0.15,5000,0,5.95,"B",0.00117480085316644,-6.74548114094473
2005,0,0.1,6001,0,0.41,"AA",0.000197621915385821,-8.52895722953217
2005,0,0.1,5000,0,0,"A",0.0083141477925718,-4.78144775886607
2005,1,0.21,6000,0,0.76,"D",0.390342924877161,-0.44587097983218
2005,1,0.29,5000,0,0,"Missing",0.902178621818171,2.22166938511127
2005,0,0.12,15000,0,0.09,"A",0.000345592951388944,-7.96990326384659
2005,0,0.12,15000,0,0,"AA",0.000911471878752015,-6.99953792841565
2005,1,0.29,5000,0,0.75,"Missing",0.975195220095958,3.67160130402926
2005,0,0.09,5000,0,0.01,"AA",0.00898359687979059,-4.70333074075748
2005,0,0.15,3500,0,0.32,"A",0.00259912959986389,-5.94997614608415
2005,0,0.15,1000,0,0,"D",0.0538378111968564,-2.86643797063163
2005,0,0.15,9500,0,0.39,"B",0.00475156389986797,-5.34451858457961
2005,1,0.29,7500,1,0.09,"D",0.537287180406495,0.149426136577585
2005,0,0.1,3600,1,0.28,"A",0.0013101814410138,-6.63627860629013
2005,0,0.1,8000,0,0.45,"AA",0.000242616179053065,-8.32378722781943
2005,0,0.18,7000,0,0.54,"B",0.00772005476093367,-4.85618381293838
2005,0,0.09,5000,0,0.08,"A",0.00121493774769317,-6.7118467635859
2005,0,0.23,6001,1,0.92,"D",0.748581722596472,1.09106238373172
2005,1,0.29,2501,0,1.22,"Missing",0.971213325002521,3.51863353397699
2005,0,0.22,17500,0,0,"AA",0.0109703027304018,-4.50153248863042
2005,0,0.14,7750,0,0.59,"C",0.00203447621195445,-6.19548033435103
2005,0,0.17,7000,0,0.67,"B",0.0407758346177796,-3.15803517950558
2005,1,0.29,2550,0,1.7,"Missing",0.804332254270742,1.4135943894495
2005,0,0.07,2550,1,0.63,"Missing",0.25841724950182,-1.05421122941666
2005,0,0.14,3000,0,0.98,"C",0.00548145181354241,-5.20088875353492
2005,0,0.15,19300,0,0.39,"A",0.00197920187906032,-6.22308044383526
2005,0,0.09,9000,0,0.37,"AA",0.000202978763256687,-8.50220619952781
2005,0,0.25,2550,0,0.86,"D",0.0349949789841561,-3.31692871084783
2005,1,0.26,3000,1,0,"Missing",0.997356512946655,5.93300939260874
2005,1,0.17,3000,0,0.88,"D",0.204015735263064,-1.36138229321853
2005,0,0.12,17000,0,0.19,"AA",0.000337044187651509,-7.99495941458004
2005,0,0.17,5600,0,0.84,"C",0.180503756803653,-1.51293822303724
2005,0,0.15,20000,1,0.79,"B",0.0103892226067336,-4.55654273065928
2005,1,0.28,3001,0,0,"Missing",0.985929058817569,4.24947264181206
2005,0,0.12,9000,0,0.43,"B",0.00592713930119424,-5.12226881912588
2005,0,0.29,20000,0,1.03,"C",0.232185836611678,-1.19600965821324
2005,1,0.29,3000,0,0.61,"Missing",0.795827089217217,1.36041470093723
2005,0,0.17,2400,0,0.77,"D",0.53864024503607,0.154869780962973
2005,0,0.07,2500,1,0.06,"AA",0.000322360620486451,-8.0395172870954
2005,1,0.27,2000,1,0,"Missing",0.985898007479146,4.24723680762571
2005,0,0.27,7000,0,0,"D",0.0679721974013724,-2.61826388553023
2005,1,0.24,1000,1,0.98,"Missing",0.766342868731037,1.18777488906251
2005,0,0.23,3500,1,0.96,"C",0.195241734934636,-1.41630348333432
2005,1,0.29,4000,1,0,"Missing",0.792775203729863,1.34173552935402
2005,0,0.11,12000,0,0.41,"A",0.00506542223163761,-5.28023948717061
2005,0,0.15,5000,0,0.92,"B",0.003875769930807,-5.54912764390185
2005,1,0.24,4000,0,0.99,"Missing",0.865724408697436,1.8636722837044
2005,0,0.2,5000,0,0.85,"D",0.0828043225104037,-2.40484057398815
2005,1,0.29,2610,0,1.39,"Missing",0.94435882474507,2.83158271556566
2005,0,0.15,4200,0,0.3,"C",0.0203939816355252,-3.87191062929758
2005,0,0.1,4500,0,0.69,"A",0.0104184802597712,-4.55370096913177
2005,0,0.29,12000,0,0.92,"C",0.128858647444104,-1.91108820401529
2005,1,0.23,1500,0,0.84,"Missing",0.625399324365303,0.512529771074305
2005,0,0.24,5000,0,0.7,"B",0.000918851184195309,-6.99146710745717
2005,0,0.18,3100,0,0.86,"D",0.00732421419926687,-4.9092182384374
2005,0,0.13,10000,0,0.15,"A",0.00251185086477145,-5.98422039040336
2005,0,0.15,25000,0,0.31,"B",0.000811022661147468,-7.11640321029259
2005,0,0.17,9500,0,0.95,"AA",0.00536953147324202,-5.22163062397787
2005,1,0.29,3000,0,0,"Missing",0.953685906225916,3.02488806254073
2005,0,0.2,2000,0,0.84,"Missing",0.370403858117198,-0.530484650397217
2005,1,0.29,5000,0,1.01,"Missing",0.821836966560413,1.52884298857207
2005,1,0.23,2400,0,0.91,"Missing",0.867391093268894,1.87808571762588
2005,0,0.17,1700,0,0.28,"D",0.119131094949141,-2.00068428744307
2005,1,0.29,23250,0,0.92,"C",0.00560912781974774,-5.17773512233357
2005,0,0.27,15000,0,0.94,"D",0.0285335135565496,-3.52772746081575
2005,0,0.29,12000,0,0.92,"C",0.0228506153133129,-3.75566149642368
2005,0,0.09,2500,0,0,"AA",0.000468069072040241,-7.6664265044568
2005,1,0.28,4000,0,0.53,"Missing",0.96715395838766,3.38252645637038
2005,0,0.13,25000,0,0.27,"AA",0.000218760487261043,-8.42731430769212
2005,0,0.23,12000,0,0.79,"D",0.261173131737083,-1.03988008770264
2005,0,0.08,5000,0,0.13,"AA",0.000474753853038842,-7.65223922578822
2005,0,0.14,2400,1,0.22,"B",0.00122856676560625,-6.70067769814951
2005,1,0.29,5500,0,0.72,"D",0.572996360130826,0.294086826916268
2005,1,0.29,6000,0,1.02,"Missing",0.91093709596258,2.32513093842541
2005,0,0.29,22000,0,0.83,"D",0.0635645697329927,-2.69002433613119
2005,0,0.18,5600,0,0.48,"B",0.000471229899642912,-7.65969313242603
2005,0,0.1,4999,0,0.06,"AA",0.00137805779642953,-6.58570115682236
2005,0,0.12,8000,0,0.72,"B",0.00159627342760369,-6.43848592524505
2005,0,0.2,6500,0,0,"C",0.0960356023510183,-2.2420709959448
2005,1,0.29,5824,0,0,"Missing",0.890335010084475,2.09416763526849
2005,0,0.14,25000,0,0,"AA",0.000579703270317523,-7.45241431687482
2005,1,0.2,12000,0,0.66,"C",0.336511051467814,-0.67888120636819
2005,1,0.29,3001,1,0,"Missing",0.942921657345765,2.80455844437882
2005,1,0.2,3000,1,1.03,"Missing",0.964794963095302,3.31072643903636
2005,1,0.23,6500,0,0.71,"Missing",0.817873153466121,1.50200385217493
2005,0,0.24,4800,1,0,"C",0.0312845924510933,-3.43284514930271
2005,0,0.25,5000,0,0.76,"C",0.0830952810090518,-2.40101564836839
2005,1,0.29,5000,0,0.32,"Missing",0.980553375620523,3.92044358005171
2005,0,0.24,25000,0,0.89,"B",0.00270876848520165,-5.90854873704448
2005,0,0.08,1668,0,0.05,"AA",0.00339153936631024,-5.68307406662772
2005,0,0.15,8575,0,0.9,"B",0.00025735931886193,-8.26477992923089
2005,0,0.11,5000,0,0.12,"A",0.000760891861551488,-7.18025812917109
2005,1,0.29,6000,0,1.12,"Missing",0.938215964881202,2.72033516257124
2005,0,0.13,10200,0,0.95,"A",0.002207968471621,-6.11347202019839
2005,0,0.07,3000,0,0.87,"C",0.00416706472703721,-5.47636762227973
2005,0,0.14,14500,0,0.48,"A",0.00501438945481007,-5.29041660509444
2005,1,0.29,3000,1,0.74,"Missing",0.98651454775079,4.29256657895259
2005,0,0.16,8200,0,0.87,"C",0.0153845605041969,-4.15888670633116
2005,0,0.22,2000,0,0,"Missing",0.114952536923084,-2.0411219534033
2005,0,0.17,15000,1,0.41,"B",0.000355537334030387,-7.94152469531302
2005,1,0.28,10000,0,0.87,"D",0.269944632256992,-0.994903505234876
2005,1,0.29,2550,0,0.98,"Missing",0.974420237842462,3.64004116816046
2005,0,0.1,6000,1,0.75,"A",0.00106979694081513,-6.83921605387499
2005,0,0.26,10848,0,0.68,"B",0.000673519860842606,-7.30231932676977
2005,0,0.1,1000,0,0.56,"A",0.000290297196029613,-8.14431500651139
2005,0,0.24,10000,0,0.68,"D",0.0794447734682328,-2.44991488819827
2005,0,0.22,10000,0,0.8,"D",0.431465243453836,-0.275875489521898
2005,0,0.15,11000,0,0.65,"B",0.00108096583282319,-6.82881879733589
2005,0,0.07,1325,0,0.02,"AA",0.00566721256765009,-5.16737456061863
2005,0,0.1,1000,0,0.56,"A",0.00944933806885101,-4.65231631923808
2005,0,0.13,13000,0,0.81,"B",0.000659047681481075,-7.32405540683433
2005,1,0.28,3001,0,0.75,"Missing",0.463857588835811,-0.144822233747303
2005,0,0.2,10000,0,0.45,"A",0.00403999775942701,-5.5074629610096
2005,0,0.15,3500,0,0.32,"A",0.00161226720532679,-6.42850032019934
2005,1,0.29,2501,1,0,"Missing",0.997156777821409,5.85997002820807
2005,0,0.18,5000,0,0.92,"B",0.0134670101280141,-4.2939537657042
2005,0,0.22,15000,0,0,"C",0.0513669502778605,-2.91602707841086
2005,0,0.17,6500,0,0.79,"C",0.000628553321962219,-7.37146094255292
2005,1,0.29,5000,1,1.05,"Missing",0.990145286932696,4.60990186210147
2005,0,0.16,9000,0,0.97,"C",0.0258828773076393,-3.62794990331978
2005,0,0.17,3500,0,0.96,"Missing",0.351443121130882,-0.61270182766072
2005,1,0.28,5000,0,0.87,"Missing",0.80920082903411,1.44482571584158
2005,0,0.2,25000,0,0,"B",0.00399708557955641,-5.51818469325797
2005,0,0.15,25000,0,0.31,"B",0.0032780328978207,-5.71722834535003
2005,1,0.2,2200,0,0.92,"Missing",0.945455427164509,2.85264852730404
2005,0,0.2,9000,0,0.94,"D",0.024324357090973,-3.69165200034069
2005,0,0.14,3000,0,0.95,"C",0.00857219028721389,-4.75062286008403
2005,0,0.21,10000,0,1.01,"D",0.278242528603587,-0.953196031852947
2005,0,0.2,10000,0,0.79,"C",0.0177286821465481,-4.01468377297856
2005,0,0.1,6000,0,0.51,"AA",0.00032425200267983,-8.03366525385818
2005,0,0.17,7500,0,0.2,"C",0.0260863402266412,-3.61991084035427
2005,0,0.15,25000,0,0,"A",0.00453790360769763,-5.39074190284437
2005,0,0.28,2550,0,0.74,"Missing",0.894720571843261,2.13989342337576
2005,0,0.17,5000,0,0.97,"D",0.199056991321246,-1.39219862205118
2005,1,0.15,4400,0,0.8,"Missing",0.880892205532063,2.00090634482125
2005,0,0.2,3000,1,0.07,"D",0.121714278046675,-1.97629564955618
2005,0,0.14,10000,0,0.44,"A",0.00334884637285945,-5.69578489245422
2005,1,0.29,1550,0,0,"Missing",0.81706520273359,1.49658910892185
2005,0,0.15,4000,0,0.64,"B",0.00169933541829076,-6.37581725384382
2005,0,0.29,20000,0,1.03,"C",0.103153634310792,-2.16266509952383
2005,1,0.29,3000,0,1.34,"Missing",0.682870254687613,0.766993896324469
2005,0,0.2,2700,1,0.87,"D",0.074685575210976,-2.51684662788404
2005,0,0.18,6000,0,0.75,"C",0.0328002475694564,-3.38396898012455
2005,1,0.23,2400,0,0.91,"Missing",0.818504209279756,1.50624607766132
2005,0,0.09,1500,0,0.03,"AA",0.000537504492910585,-7.52803579009374
2005,0,0.16,7000,0,0.29,"C",0.0214434555458834,-3.8206590759737
2005,1,0.26,2200,0,0.98,"Missing",0.920358269857264,2.44722481449056
2005,1,0.2,2000,1,0.88,"D",0.387475669056875,-0.457935608327271
2005,0,0.17,13000,1,0.88,"B",0.0115109947508384,-4.4528748759672
2005,1,0.2,2000,0,1.03,"Missing",0.9004724519492,2.20248510152155
2005,0,0.25,12000,0,0.43,"C",0.0195386246518702,-3.91562999420257
2005,1,0.29,2700,0,0,"Missing",0.880022742228013,1.99264554432488
2005,0,0.15,2000,0,0.36,"D",0.033854005513598,-3.35125763217088
2005,1,0.29,7500,0,0.35,"Missing",0.839116240042219,1.65166712642303
2005,1,0.24,4100,1,0.91,"Missing",0.987077803692465,4.33580238803857
2005,0,0.23,6001,1,0.52,"D",0.571864080980387,0.289460629509227
2005,1,0.2,2000,0,0.84,"Missing",0.935655326100655,2.67699300438489
2005,1,0.2,1000,0,0.91,"Missing",0.776894802708889,1.24766155519391
2005,0,0.08,3000,0,0.03,"AA",0.000603783332773587,-7.41169117927527
2005,0,0.2,5000,0,0.64,"D",0.557665071119265,0.231691198428485
2005,0,0.09,6001,0,0.22,"AA",0.000256122252755276,-8.26959952259238
2005,1,0.17,1075,1,0.9,"Missing",0.545608088885085,0.182940866083584
2005,0,0.19,15000,1,0.94,"B",0.0266942095659361,-3.59625163699778
2005,0,0.18,13000,0,0.73,"C",0.0209337817830247,-3.84523507153875
2005,1,0.29,4669,1,0,"Missing",0.983683748596944,4.09914282197974
2005,1,0.15,2000,0,1.59,"Missing",0.369806238776176,-0.533048140110366
2005,0,0.18,5000,0,0.66,"C",0.0684416488631274,-2.61087728937104
2005,1,0.27,2000,1,0,"Missing",0.815303944713753,1.4848494524493
2005,1,0.22,6500,1,0.97,"Missing",0.641906333592706,0.583647805026514
2005,0,0.09,8000,0,0,"AA",0.000314994849740006,-8.06263922483299
2005,0,0.14,3000,0,0.95,"C",0.00426102484049515,-5.45397544586996
2005,1,0.17,3000,0,0.88,"D",0.0654324524994974,-2.65906555527535
2005,0,0.29,8500,1,0.93,"B",0.00482964206639571,-5.32814157792459
2005,0,0.11,6000,0,0,"A",0.0008502920452006,-7.06908003115342
2005,1,0.28,3500,0,0,"Missing",0.961489221480556,3.21754519120154
2005,0,0.19,7400,1,0.87,"C",0.0239747470744011,-3.70648738881943
2005,0,0.15,2000,0,0,"C",0.0299520328444557,-3.47774832408632
2005,0,0.2,5000,0,0.81,"C",0.0724531359370157,-2.54960336851199
2005,0,0.26,12000,0,0.59,"D",0.0801764422457446,-2.43995213246136
2005,0,0.12,10000,0,0.12,"AA",0.000823635967978251,-7.1009579367629
2005,0,0.21,5000,0,0,"C",0.0764066872058891,-2.49220161586902
2005,0,0.18,15000,0,0.58,"C",0.0109856632491283,-4.50011774600437
2005,0,0.17,2000,0,0.25,"Missing",0.605499626815623,0.428433860415151
2005,1,0.19,7500,0,0.8,"D",0.104463028583606,-2.1485902910821
2005,0,0.13,8000,0,0.57,"A",0.000384225889224723,-7.86389562541734
2005,0,0.2,5300,0,1.26,"D",0.246117366138352,-1.11942817760294
2005,0,0.25,4000,0,0.46,"C",0.0873005180345221,-2.34705027515219
2005,0,0.15,1000,1,0.73,"C",0.0535401213131546,-2.87229727668808
2005,0,0.17,9000,0,0.99,"C",0.00390908737653261,-5.54053459193636
2005,0,0.16,3000,0,0.81,"B",0.00515225390861282,-5.26315543535466
2005,0,0.17,9500,0,0.95,"AA",0.00388577782243498,-5.54653875643552
2005,0,0.11,23500,0,0.02,"AA",0.00598973684156007,-5.11170005351168
2005,1,0.24,3000,0,1,"Missing",0.821371418882825,1.5256667210125
2005,0,0.15,8500,0,0.55,"AA",0.00208306996434783,-6.17182728643406
2005,0,0.11,7500,0,0,"AA",0.00453665220951732,-5.39101896368012
2005,0,0.11,10000,0,0.17,"AA",0.00050197808582828,-7.59645198883492
2005,0,0.11,7000,0,0.83,"AA",0.00498600597225401,-5.29612161850388
2005,0,0.22,6001,0,0.01,"D",0.432898853776227,-0.270033569555285
2005,0,0.11,6100,0,0.76,"B",0.00400305525597462,-5.51668630649772
2005,1,0.29,2500,1,1.04,"Missing",0.989272439266947,4.52415356381526
2005,1,0.23,3150,0,0.88,"Missing",0.647521634747179,0.608162960552967
2005,0,0.09,1000,0,0.18,"AA",0.00101265032875802,-6.89417113375165
2005,0,0.11,1500,0,0.07,"B",0.00176742109835081,-6.33646481661428
2005,0,0.24,1000,1,0.18,"C",0.0354987238278147,-3.30211440816575
2005,0,0.18,13000,0,0.95,"B",0.000535068404052105,-7.53258074959586
2005,0,0.18,6500,0,0.85,"C",0.00202388481538717,-6.20071050293219
2005,1,0.15,5000,1,0.6,"D",0.116984947305894,-2.0212969766616
2005,0,0.2,3000,0,0,"D",0.118021345197693,-2.01130235519689
2005,0,0.15,4000,0,0.95,"C",0.0111292462958044,-4.48698719452714
2005,0,0.19,3000,1,0,"D",0.149444898809777,-1.7389614414992
2005,0,0.28,10500,0,0.94,"C",0.437563047443041,-0.25105823959719
2005,1,0.07,6500,0,0.75,"Missing",0.624542660303326,0.508874782946366
2005,0,0.27,1700,0,0.95,"Missing",0.901607299377309,2.21521243807611
2005,1,0.24,3200,1,0.73,"Missing",0.750822396805595,1.10300322680309
2005,0,0.29,5000,1,0.75,"D",0.273529743189993,-0.976787175600066
2005,1,0.27,2400,0,0,"Missing",0.976999140372539,3.74895418184035
2005,0,0.25,9000,0,0.97,"D",0.0690010128735483,-2.60213700551866
2005,0,0.16,9000,0,0.05,"B",0.00234385516687281,-6.0536115917581
2005,0,0.13,9999,0,0.61,"B",0.00180431006698551,-6.31577105482948
2005,1,0.24,3000,0,0.97,"Missing",0.873801099413744,1.9349935363236
2005,0,0.17,6000,0,0.6,"C",0.0685240169876166,-2.60958610980136
2005,0,0.07,1000,0,0.34,"AA",8.05704194771845e-05,-9.42629840615385
2005,0,0.15,2000,1,0,"C",0.150629690229879,-1.72967082069662
2005,1,0.28,11000,0,0.84,"Missing",0.902301671476876,2.22306446081751
2005,0,0.2,4000,0,0.48,"D",0.0190437642777015,-3.94178813318313
2005,1,0.23,2400,0,0.91,"Missing",0.888286009515324,2.07335182515596
2005,0,0.15,3500,0,0.3,"C",0.00349164057159693,-5.65388582482299
2005,1,0.29,6000,1,0.72,"Missing",0.878051795663363,1.97410918471128
2005,1,0.29,1890,1,0,"Missing",0.997722867617923,6.08255862578687
2005,0,0.17,18000,0,0.22,"B",0.00790632045684739,-4.83215504042341
2005,1,0.07,1000,1,1.06,"Missing",0.385067233886825,-0.468094985923662
2005,0,0.2,2400,1,0,"D",0.23846487955126,-1.16111424742703
2005,0,0.17,3650,0,0.85,"D",0.170356927583686,-1.5830997650198
2005,0,0.08,6001,0,0.04,"AA",0.000460933047621602,-7.68179671912998
2005,1,0.26,4500,0,0.96,"Missing",0.940482253624686,2.76011825298711
2005,1,0.24,2000,1,0.93,"Missing",0.949146735720154,2.92661909334132
2005,0,0.28,10000,0,0.24,"C",0.0798694686196015,-2.44412188207306
2005,0,0.19,7000,0,1,"C",0.0487655207810761,-2.97073707107745
2005,0,0.14,5000,0,0.29,"B",0.000137781507904387,-8.88970361256766
2005,0,0.26,25000,0,0.69,"B",0.0304214902132467,-3.46171217749566
2005,0,0.17,20000,1,0.01,"AA",0.000654450858649668,-7.33105939260509
2005,0,0.2,9000,0,0.94,"D",0.0965045489769552,-2.23668092828923
2005,0,0.2,3000,0,0.89,"D",0.0304861265838636,-3.45952307041984
2005,0,0.2,7000,0,0.86,"D",0.137521116559812,-1.83603318534226
2005,0,0.23,13100,0,0.71,"D",0.0778840417300402,-2.47144990778654
2005,0,0.15,12000,0,0.52,"C",0.0105003874411031,-4.54578721785474
2005,1,0.29,15000,0,0.98,"Missing",0.924526659347054,2.50550239694983
2005,0,0.17,2000,0,0,"D",0.152056180679045,-1.71856432050847
2005,0,0.28,10000,0,0.87,"D",0.305876464771546,-0.819468638775116
2005,0,0.29,3000,1,0.61,"Missing",0.684132722022289,0.772829817884016
2005,1,0.24,3000,0,0.67,"Missing",0.865564471268983,1.86229711821125
2005,0,0.24,25000,1,0.46,"C",0.258512296929928,-1.05371531443793
2005,0,0.17,3500,0,0.12,"D",0.0137606520601072,-4.27208585206224
2005,0,0.1,1500,0,0.16,"A",0.020750887957739,-3.85419702686709
2005,1,0.24,3000,0,0.85,"Missing",0.931551893125319,2.61077600339748
2005,0,0.21,6001,1,0,"D",0.0316649929668414,-3.42036636119303
2005,0,0.18,9900,0,0.55,"C",0.0584558881742949,-2.7792487782111
2005,0,0.29,5000,0,0.72,"Missing",0.712271254332337,0.906440633054314
2005,1,0.29,4300,1,0.95,"Missing",0.993848615538985,5.08490772471166
2005,0,0.17,1700,0,0.28,"D",0.0074537466137946,-4.89155680722395
2005,0,0.2,2000,0,0.01,"D",0.208292462605096,-1.33524889032405
2005,0,0.16,5300,0,0.92,"C",0.00361401671816467,-5.61931489782423
2005,0,0.15,6088,0,0.69,"B",0.00155813340150852,-6.46270736308399
2005,0,0.28,3200,0,0.99,"Missing",0.746872832026068,1.08200292972964
2005,0,0.29,2550,1,0.76,"Missing",0.677864259116337,0.743974047848964
2005,0,0.12,5900,1,0.31,"A",0.000446486038326644,-7.71365584153897
2005,0,0.15,2200,1,0,"C",0.0102661132124608,-4.56858761378926
2005,0,0.1,2750,0,0.37,"AA",0.000258575264527175,-8.26006513898091
2005,0,0.22,2500,1,0.63,"D",0.276265975082669,-0.963059876476995
2005,0,0.15,25000,0,0,"A",0.00128655690881382,-6.65449830660912
2005,0,0.29,15000,0,0,"AA",0.0113004528345799,-4.4715476921209
2005,0,0.29,12000,0,0.6,"B",0.000134155079083702,-8.91637995650294
2005,1,0.25,7000,0,0.62,"D",0.202235818363827,-1.37237860790168
2005,0,0.12,5900,1,0.31,"A",0.000679177256238093,-7.29394900163032
2005,0,0.09,1000,0,0.02,"AA",0.000897391971496696,-7.01512001599808
2005,1,0.29,4000,0,0,"Missing",0.979148931069569,3.84927854209278
2005,0,0.13,20000,0,0.79,"A",8.90259360230848e-05,-9.32649378479674
2005,0,0.09,1000,0,0.18,"AA",0.000357262202731878,-7.93668325829953
2005,0,0.08,1000,0,0.01,"AA",0.000831228402409794,-7.09177437433085
2005,0,0.11,7000,0,0,"AA",0.000202327558231884,-8.5054202504623
2005,0,0.15,5500,0,0.28,"C",0.0547544755164632,-2.84858559806752
2005,0,0.17,5000,0,0.03,"C",0.0301923187921249,-3.46951023764585
2005,0,0.2,12200,0,0.35,"C",0.0293820007039979,-3.49755071539519
2005,1,0.24,1000,0,0.92,"Missing",0.927321745862832,2.54625836625048
2005,0,0.29,6000,0,0.43,"D",0.227067984077617,-1.22494163439364
2005,0,0.18,5600,0,0.48,"B",0.00161055155075034,-6.42956673066334
2005,0,0.12,5900,1,0.31,"A",0.00273392553181035,-5.89927910933594
2005,0,0.17,1500,1,0.56,"C",0.0114560790008916,-4.45771256736826
2005,1,0.25,10000,0,0.87,"Missing",0.98198500210918,3.99837140831565
2005,0,0.13,2600,1,0.1,"C",0.0313063402394453,-3.43212778071638
2005,0,0.11,2593,0,1.01,"Missing",0.128864362361923,-1.91103729442694
2005,0,0.15,15000,1,0.45,"A",0.00547319069563742,-5.20240530096546
2005,1,0.29,3000,1,1.01,"Missing",0.97482574248878,3.65643678430179
2005,0,0.12,8000,1,0.91,"A",0.000966245137872725,-6.94112627777746
2005,0,0.1,5000,0,0.09,"AA",0.00581356976207176,-5.14172994557471
2005,0,0.11,1600,0,0.9,"B",0.000354842795793674,-7.94348078954928
2005,0,0.17,11000,0,0.61,"C",0.131633478739569,-1.88659250079582
2005,0,0.21,12000,1,0.98,"C",0.0082599183918543,-4.78804635088186
2005,1,0.23,4000,0,1.01,"Missing",0.68418155590123,0.773055810523655
2005,0,0.22,12500,0,0.96,"C",0.519287557571863,0.0771885320202159
2005,1,0.29,2500,1,1.04,"Missing",0.997699904082146,6.07250170830008
2005,1,0.29,2550,0,0.99,"Missing",0.94825777197539,2.90835213889273
2005,0,0.15,5000,0,0.92,"B",0.00035114995100939,-7.95394600325543
2005,0,0.17,1275,0,0.91,"A",0.00362218728513997,-5.61704844990898
2005,0,0.15,9000,0,0.3,"B",0.000148164810924494,-8.81703714066252
2005,0,0.19,6200,0,0,"C",0.00917988562802137,-4.68151825281804
2005,1,0.15,4000,0,0.84,"Missing",0.626790828097931,0.518473832430947
2005,0,0.17,6500,1,0.33,"C",0.0141271665404475,-4.24542772546947
2005,0,0.15,10000,0,0.49,"A",0.0370213000620119,-3.25853786875179
2005,0,0.14,2500,1,0.71,"B",0.000113584804095055,-9.08284723613834
2005,0,0.1,2300,0,0.62,"A",0.000259431905169925,-8.25675683205287
2005,0,0.2,25000,0,0.08,"B",0.00205617386482167,-6.18485007967011
2005,1,0.29,2550,0,1,"Missing",0.98246076390734,4.02561997429591
2005,1,0.29,5000,0,0.46,"Missing",0.983647905367997,4.09691201208479
2005,0,0.25,3001,1,0.89,"D",0.621214489372165,0.494706305950972
2005,0,0.26,7000,0,0.58,"D",0.0303884053936846,-3.46283443924055
2005,1,0.2,1000,0,1,"Missing",0.337380633662036,-0.674988947519831
2005,0,0.17,9500,0,0.95,"AA",0.000498372028292687,-7.60366521881733
2005,0,0.1,8000,0,0.45,"AA",0.00043931373162047,-7.72985733925598
2005,0,0.24,6500,0,0.98,"C",0.0494699349571903,-2.9556546817482
2005,0,0.17,10000,1,0.95,"D",0.0173665246847227,-4.03569170274047
2005,0,0.29,2500,0,0.08,"Missing",0.953311170403503,3.0164364259197
2005,0,0.24,23000,0,0.82,"B",0.00602535332735227,-5.10573557876454
2005,0,0.22,17500,0,0,"AA",0.00482693657377505,-5.32870463841865
2005,0,0.12,11000,0,0.7,"A",0.00181850438254029,-6.30792072369578
2005,0,0.13,6001,0,0.94,"A",0.000188075461078033,-8.5784791938068
2005,0,0.12,4000,0,0,"B",0.000243790446722461,-8.31895770641197
2005,1,0.29,7000,1,0.91,"D",0.807316697155193,1.43266810567936
2005,1,0.29,2000,1,0,"Missing",0.984512811685872,4.15213378963102
2005,0,0.2,3000,0,0.27,"D",0.111059012242149,-2.07996915097372
2005,0,0.15,5000,1,0.6,"D",0.028986483518609,-3.51151075259102
2005,0,0.2,15000,0,0.59,"A",0.0134787224470775,-4.29307256692371
2005,0,0.22,20000,0,0.92,"D",0.119116519297041,-2.00082319138058
2005,0,0.29,25000,0,0.44,"AA",0.0233687894179536,-3.73270776300327
2005,0,0.13,12500,0,0,"AA",2.19064298134531e-05,-10.7287084587759
2005,0,0.13,10000,0,0.15,"A",9.84094199115632e-05,-9.22627561341696
2005,0,0.19,15000,0,0.37,"C",0.0118474961614657,-4.42372049108381
2005,1,0.29,5000,0,0.6,"Missing",0.978853023250022,3.83488454977964
2005,0,0.11,23500,0,0.02,"AA",0.0011449680499715,-6.77123292229363
2005,0,0.16,3800,0,0,"B",0.00164225416479623,-6.41004188602195
2005,0,0.23,7800,1,1.03,"C",0.370387595712135,-0.530554385450913
2005,0,0.13,2500,1,0.9,"C",0.00115595064840305,-6.76167558206146
2005,0,0.19,6001,1,0.24,"D",0.0101959739545863,-4.57551403800685
2005,0,0.19,13000,0,0.82,"C",0.0481294474478154,-2.98453484849809
2005,0,0.2,9000,0,0.94,"D",0.0229025791633223,-3.75333682989887
2005,0,0.15,5000,0,0.74,"C",0.00224164922554188,-6.09829925713778
2005,1,0.26,3000,1,0,"Missing",0.987587636725219,4.37657222470116
2005,0,0.29,25000,1,0.97,"D",0.397313659391857,-0.41667085378768
2005,0,0.13,16000,0,0.34,"A",0.00831546484296903,-4.78128803256732
2005,1,0.29,2000,0,1.23,"Missing",0.965116896502214,3.32024665876434
2005,0,0.15,3000,0,0.73,"D",0.0141347682304672,-4.24488206932849
2005,1,0.29,5000,0,0,"Missing",0.728095622847838,0.984981939738176
2005,1,0.2,7500,0,0,"D",0.134393757324032,-1.86265614150175
2005,0,0.2,5000,0,0.85,"D",0.00228925356244965,-6.07723759190376
2005,0,0.15,5000,0,0.17,"B",0.000576125060902281,-7.45860951012871
2005,1,0.29,7100,1,1.12,"Missing",0.995946290593907,5.50406096634956
2005,0,0.24,25000,1,0.46,"C",0.225700534072404,-1.23274965552974
2005,0,0.14,4500,0,0,"AA",0.00181007907250767,-6.31257302894514
2005,1,0.29,1800,0,0.98,"Missing",0.91587800251578,2.38761507457351
2005,0,0.29,25000,0,0.6,"D",0.0395469045599328,-3.18991772288285
2005,0,0.2,9000,0,0.65,"A",0.00110814208166174,-6.80396170980637
2005,0,0.14,1500,1,0.25,"AA",0.0989173392059372,-2.20931245294218
2005,1,0.27,1000,1,0.88,"Missing",0.9941543350961,5.13619211683219
2005,0,0.2,2850,0,0.7,"C",0.215743221451511,-1.29064757944804
2005,1,0.25,4500,1,0.2,"D",0.814930536296515,1.48237164398859
2005,1,0.24,3200,1,0.73,"Missing",0.89116239324565,2.10266974538427
2005,0,0.11,5000,0,0,"AA",0.000504613131953325,-7.59121375712252
2005,0,0.24,22000,0,0.93,"D",0.0970802416492346,-2.23009581825291
2005,1,0.29,3500,0,0.98,"Missing",0.976279348051161,3.7174027037789
2005,1,0.29,2000,1,0.98,"Missing",0.976615005986051,3.73199798184959
2005,0,0.25,2550,0,0.53,"D",0.143334305636846,-1.78786805072649
2005,0,0.1,2000,0,0.29,"A",0.000176959225141793,-8.63941424347514
2005,0,0.29,4850,0,0.89,"Missing",0.884501977260379,2.035771338375
2005,0,0.16,5000,0,0.94,"B",0.000557411322660595,-7.49164956303988
2005,0,0.15,7000,1,0,"B",0.038170976413788,-3.22676125762012
2005,0,0.29,2501,0,1.22,"Missing",0.715728215948021,0.923369741594155
2005,1,0.29,4000,0,0.98,"Missing",0.980194038496707,3.90176757212346
2005,1,0.24,1025,1,0.59,"Missing",0.917712833413496,2.41166936307689
2005,0,0.13,15000,0,0,"B",0.00192516298568214,-6.25081762844592
2005,0,0.18,6000,0,0.75,"C",0.00253369345951921,-5.97554026669478
2005,0,0.25,3001,0,1.02,"D",0.235378116912515,-1.17818821194497
2005,0,0.29,10000,0,0.93,"D",0.156609558142013,-1.68367419129516
2005,1,0.29,2000,1,0,"Missing",0.978404889651219,3.81345666563753
2005,0,0.17,9000,0,1,"Missing",0.525803332022745,0.103305102341643
2005,1,0.28,3500,0,1.01,"Missing",0.36981712582553,-0.533001424802282
2005,0,0.17,13000,1,0.88,"B",0.000537720553152901,-7.52763368550143
2005,1,0.29,5000,1,0.42,"D",0.607219032677442,0.435637449136132
2005,1,0.29,5500,0,0.99,"Missing",0.667078307154865,0.695000135350253
2005,1,0.27,1700,1,0,"Missing",0.989919061697327,4.58697684003149
2005,0,0.15,15000,0,0.65,"B",0.00123881294553959,-6.69236207894698
2005,0,0.16,5000,0,0.89,"C",0.0140649855143644,-4.24990203216628
2005,0,0.15,2000,1,0,"C",0.0848260346310329,-2.37851166545247
2005,0,0.1,3900,0,0.53,"A",0.000275337213216741,-8.197238606499
2005,0,0.25,3000,0,0,"Missing",0.751221351866007,1.10513681338171
2005,0,0.17,5000,0,0.46,"A",0.00479164463871808,-5.33607841674248
2005,0,0.18,1000,1,0,"C",0.0476173564803428,-2.99576956379149
2005,0,0.1,4500,0,0.15,"AA",0.00233405422556865,-6.05781173012014
2005,0,0.12,7000,0,0.2,"B",0.00170069761401161,-6.37501460546981
2005,1,0.29,3000,0,0,"Missing",0.991546866277461,4.76472898754085
2005,0,0.19,6000,1,0.61,"D",0.215735488593565,-1.2906932830295
2005,0,0.15,5000,0,0.46,"C",0.00142797085961527,-6.5500718303232
2005,0,0.2,21000,0,0.34,"AA",0.000643705148444245,-7.34762586831762
2005,1,0.24,1025,1,0.59,"Missing",0.991899985352654,4.80775641099395
2005,0,0.24,25000,0,0.42,"C",0.298627109608536,-0.85384401622034
2005,0,0.07,6500,0,0.75,"Missing",0.335476623325762,-0.683517780016001
2005,1,0.29,5000,0,0,"Missing",0.864599461158218,1.85402900890729
2005,1,0.29,5000,0,0.46,"Missing",0.545877899656222,0.184029218362375
2005,0,0.2,7500,1,0.9,"D",0.191220745160595,-1.44209752354343
2005,0,0.21,10000,0,0.84,"D",0.065731969613776,-2.65417796045114
2005,1,0.29,6000,0,0,"Missing",0.849204103801388,1.72837232070084
2005,0,0.1,6500,0,0.69,"AA",0.0018261146214869,-6.30373694287938
2005,0,0.14,1400,0,0.61,"C",0.090998628393513,-2.30150216928987
2005,1,0.25,10700,0,0,"Missing",0.933719075503249,2.64527347648152
2005,1,0.25,5000,0,1,"Missing",0.513447482297298,0.0538029042742454
2005,0,0.15,2000,0,0.54,"C",0.00984185676769845,-4.6112202818425
2005,0,0.19,6001,0,0.52,"C",0.0237269667392829,-3.71713005608888
2005,0,0.23,7000,0,0.52,"D",0.132461212351979,-1.8793703572034
2005,1,0.27,5000,0,0.83,"Missing",0.978960671632157,3.84009800406467
2005,0,0.23,10000,0,0,"D",0.152185115991721,-1.71756466658882
2005,0,0.16,15000,0,0,"B",0.0017425538676072,-6.35065942794845
2005,0,0.15,2000,1,0.49,"D",0.124306230460222,-1.95226833002999
2005,1,0.2,1000,0,0.91,"Missing",0.949134892727666,2.92637375727162
2005,0,0.15,1000,1,1.75,"Missing",0.100092716463916,-2.19619481864872
2005,1,0.24,15000,1,0.81,"D",0.687642540304179,0.789120903257465
2005,0,0.25,15000,0,0,"C",0.0508587967831241,-2.92650447684501
2005,0,0.18,20000,1,0.43,"B",0.00323082056407497,-5.73178307847272
2005,0,0.17,4000,0,0.02,"AA",0.000203711961144502,-8.49859978432882
2005,0,0.11,1000,0,0.01,"AA",0.00166457226499899,-6.39652112724742
2005,0,0.15,7500,0,0.72,"B",0.000374008217564206,-7.89085871051824
2005,0,0.17,25000,0,0.54,"A",0.0109943170388445,-4.49932157130989
2005,0,0.2,7500,0,0.38,"C",0.00429545831341591,-5.44589231034546
2005,0,0.15,7000,0,0,"A",0.00108578789623016,-6.82436300609312
2005,0,0.1,9000,0,0.22,"AA",0.00283195556028533,-5.86395182213014
2005,0,0.17,11300,0,0.27,"C",0.0239120356629692,-3.70917079334023
2005,1,0.29,3000,0,0.91,"Missing",0.87715774346909,1.96578577824439
2005,0,0.17,6750,1,0.73,"C",0.0303792124224012,-3.46314648180023
2005,0,0.17,6750,1,0.73,"C",0.0256791706636217,-3.6360604597036
2005,1,0.24,3000,0,0.91,"Missing",0.94278994189363,2.80211377872193
2005,1,0.2,7500,1,0.9,"D",0.297056126367803,-0.861355951644346
2005,0,0.18,25000,0,0.6,"A",0.0104622196972399,-4.54946730124621
2005,0,0.17,8000,0,0.8,"C",0.0305018002402945,-3.45899291166255
2005,0,0.26,3672,0,0.94,"Missing",0.814824274774607,1.48166723589518
2005,0,0.14,10000,0,0.65,"C",0.00549367227109106,-5.19864952725328
2005,1,0.24,2600,0,0.96,"Missing",0.753346132981632,1.11653878841979
2005,0,0.22,20000,1,0.89,"C",0.0186755584140942,-3.96168749799205
2005,0,0.22,13000,0,0.82,"D",0.389219246177367,-0.450595263362811
2005,0,0.19,25000,0,0.89,"B",0.00185897724658458,-6.28586810262802
2005,1,0.29,4500,0,0.94,"Missing",0.966130921837848,3.35079690536539
2005,0,0.1,1000,0,0.3,"AA",0.00240769691097569,-6.02667402691848
2005,0,0.19,10000,1,0.88,"D",0.151137785929381,-1.72570497076746
2005,0,0.24,12000,0,0.9,"D",0.189802635080861,-1.45129310883985
2005,0,0.15,1000,0,0,"Missing",0.57856267653139,0.31687581633253
2005,0,0.15,13000,0,0.26,"AA",0.00265867149388545,-5.92726650730059
2005,0,0.29,1000,1,1,"Missing",0.924166578417135,2.50035322161318
2005,1,0.29,6000,1,0.79,"Missing",0.994542032046149,5.20520581104164
2005,0,0.17,15000,0,0.96,"B",0.00058924852499937,-7.43607309713411
2005,0,0.15,9999,0,0.31,"B",0.00110322720268317,-6.80841173760375
2005,0,0.11,8000,0,0,"A",0.000427560518635514,-7.75698706359833
2005,1,0.15,2000,1,0,"Missing",0.895406444271313,2.14719580184697
2005,0,0.29,4750,0,1,"Missing",0.8765519679239,1.96017571827247
2005,1,0.22,4000,1,1,"D",0.311427874603145,-0.793452300763475
2005,0,0.1,3000,0,0.2,"AA",0.00281092444009248,-5.8714269849928
2005,0,0.2,7500,0,0.99,"D",0.341848221297393,-0.655068730267765
2005,0,0.15,8000,0,0.84,"A",0.00549817864369562,-5.19782504801895
2005,1,0.29,5000,1,0,"Missing",0.964740319714715,3.30911885680428
2005,0,0.2,5000,0,0.96,"C",0.00571682638273309,-5.15860822577582
2005,0,0.15,5000,0,0.73,"B",0.00129448111024576,-6.64835003152139
2005,0,0.08,2750,0,0.01,"AA",0.00057795584248616,-7.45543496636973
2005,1,0.29,1500,1,0.91,"Missing",0.813776601037695,1.4747388597399
2005,1,0.24,2350,0,1.37,"Missing",0.990302096043576,4.62610026890683
2005,1,0.29,3000,1,0,"Missing",0.957252111014033,3.10874698192685
2005,1,0.27,10000,1,0.79,"D",0.683859768008245,0.771566991796786
2005,1,0.2,2400,1,0,"D",0.0945332975600859,-2.25949837650921
2005,0,0.2,5000,0,0.65,"B",0.00141251784793403,-6.56096794292632
2005,0,0.17,3000,0,0.88,"D",0.109918077090006,-2.09157817210511
2005,0,0.19,12500,0,0.88,"C",0.257216883021685,-1.06048446850973
2005,1,0.29,5500,0,1.02,"Missing",0.987068741136613,4.33509213561463
2005,0,0.17,1500,1,0.56,"C",0.0342805272509296,-3.33829591683028
2005,1,0.29,3000,0,0.98,"Missing",0.950856035158745,2.9626086200594
2005,0,0.18,1500,0,0.1,"C",0.00857717464041944,-4.75003654540029
2005,0,0.25,2550,0,0.53,"D",0.473403565925761,-0.106486245800441
2005,0,0.11,13000,0,0.82,"A",0.000946658368543097,-6.96162517440648
2005,0,0.14,9250,0,0.92,"B",3.88642981671889e-05,-10.1553956486141
2005,0,0.23,3250,0,0.93,"D",0.0767271038229773,-2.48766983253117
2005,1,0.29,10000,0,1.13,"Missing",0.838990855844862,1.65073864816771
2005,0,0.11,1600,0,0.9,"B",0.000228317052158153,-8.38454697220882
2005,1,0.26,2550,0,0.88,"Missing",0.926505080216426,2.53420324370536
2005,0,0.25,25000,0,0.57,"D",0.300014749060682,-0.847227627751419
2005,1,0.29,3000,0,1.02,"Missing",0.912930981420335,2.34995916120737
2005,0,0.29,25000,0,0.82,"B",0.00616577895803283,-5.08255593280891
2005,0,0.26,5000,0,0,"Missing",0.644096684801624,0.593189739070946
2005,1,0.24,1750,1,0.91,"Missing",0.988137701081377,4.42245684881983
2005,0,0.25,9000,0,0.43,"D",0.154056320773241,-1.70313452951074
2005,0,0.11,12000,0,0.02,"AA",0.000450356297477872,-7.70502105857476
2005,0,0.17,10000,0,0.05,"B",0.00872605427887934,-4.73267763470886
2005,0,0.11,12000,0,0.02,"AA",0.000307893184470629,-8.08544969821448
2005,0,0.09,2000,0,0.02,"AA",8.25755228882384e-05,-9.4017146754924
2005,1,0.23,4000,1,1,"Missing",0.787311022392664,1.30879247078384
2005,0,0.24,1000,1,0.9,"D",0.0344444587476877,-3.3333554907114
2005,1,0.29,6000,0,0,"Missing",0.948319875518473,2.90961859860447
2005,0,0.24,1500,0,0,"Missing",0.6272347107925,0.52037183983979
2005,0,0.2,3000,0,0,"D",0.0604558238916888,-2.74348192390463
2005,0,0.2,3500,1,0.81,"C",0.103132148442937,-2.1628973680399
2005,0,0.15,2700,0,0.51,"C",0.00327946939943593,-5.71678877949166
2005,0,0.24,4592,0,0.6,"C",0.0245374457385478,-3.68271142489421
2005,0,0.25,15000,0,0,"D",0.0659542272048851,-2.65056447007683
2005,1,0.29,2550,1,1.32,"Missing",0.890315200668363,2.09396476620225
2005,1,0.23,6500,0,0.71,"Missing",0.689045394830513,0.795660216498226
2005,0,0.12,6000,0,0.53,"AA",0.00905626125608154,-4.69520139051881
2005,1,0.29,5200,0,0,"Missing",0.702445038045404,0.858968206501287
2005,1,0.19,12500,0,0.88,"C",0.11715879108297,-2.01961514968843
2005,1,0.26,2200,0,0.98,"Missing",0.995753874788571,5.45749326126738
2005,1,0.25,3000,0,0.97,"Missing",0.617705739087865,0.479821565129865
2005,0,0.15,17000,1,0.58,"A",0.0111334126372656,-4.48660869162775
2005,0,0.12,2000,0,0.01,"AA",9.17948984813921e-05,-9.29586203486825
2005,0,0.1,5000,1,0.06,"AA",0.00119825011059246,-6.7256940590433
2005,1,0.29,10000,1,0.9,"Missing",0.988619354971382,4.46439527085383
2005,0,0.13,5000,0,0,"B",0.00245283697542831,-6.00805412506891
2005,0,0.17,3000,0,0.91,"D",0.00806850325117354,-4.81168605485802
2005,0,0.11,3000,0,0.26,"A",0.000171853052174683,-8.66869892631493
2005,1,0.29,5000,1,0,"Missing",0.905357738038715,2.25822603616934
2005,0,0.16,25000,0,0.63,"A",0.0185244380675514,-3.9699662777265
2005,1,0.29,2550,0,0.99,"Missing",0.900878143823454,2.20702003927815
2005,0,0.19,7500,0,0.98,"D",0.076777205368568,-2.48696279533945
2005,1,0.29,4000,0,1.07,"Missing",0.966690953443696,3.36804982279424
2005,1,0.15,4500,1,0,"C",0.175432723583624,-1.54760310728672
2005,0,0.26,10000,0,0.46,"D",0.314301770717436,-0.780084054304425
2005,0,0.19,19250,0,0.88,"B",0.0050192317908418,-5.28944651625818
2005,0,0.11,12000,0,0.47,"A",0.000346875580009941,-7.96619746560898
2005,1,0.29,6000,0,1.12,"Missing",0.981493496436525,3.97095317326858
2005,0,0.25,4449,0,0.94,"D",0.341934632870458,-0.654684681696533
2005,0,0.23,8000,0,0.87,"D",0.0847336257492664,-2.37970262121275
2005,0,0.16,5200,0,0.86,"C",0.0336843540405626,-3.3564570787337
2005,0,0.29,3800,0,0.84,"Missing",0.779327855231134,1.26175373192607
2005,0,0.24,1000,1,0.9,"D",0.30001870021323,-0.847208813338622
2005,0,0.19,19900,0,0.75,"C",0.0769322692045197,-2.48477719891428
2005,0,0.29,25000,0,0.57,"B",0.0496327235591645,-2.9521981512925
2005,1,0.29,3500,0,1.01,"Missing",0.928509501812946,2.564016065869
2005,0,0.11,6000,0,0.4,"AA",0.000290668917588583,-8.14303496758598
2005,1,0.23,15000,0,0.06,"D",0.174851611644344,-1.5516255540708
2005,1,0.26,7300,0,0,"C",0.150569250596212,-1.73014330333662
2005,0,0.17,6550,0,0.77,"C",0.0113211294926227,-4.46969873139225
2005,0,0.18,1230,0,0,"C",0.0428106474872856,-3.10721438767971
2005,0,0.2,6500,0,0.74,"D",0.0171507492538251,-4.04841389114844
2005,0,0.16,3500,0,0.53,"B",0.00129234322492418,-6.65000507591481
2005,0,0.21,2500,1,0.38,"A",0.00629819415151481,-5.06117421784218
2005,0,0.1,5200,0,0,"A",0.00798564909180222,-4.8220915065664
2005,0,0.2,15000,0,0.61,"B",0.00483151636602182,-5.32775168729941
2005,0,0.13,2600,1,0.1,"C",0.148977521471719,-1.74264311051769
2005,0,0.29,5000,0,0.75,"Missing",0.74057031510571,1.04893488336316
2005,0,0.12,5250,1,0.39,"B",0.00202922735078577,-6.19806888473518
2005,0,0.22,3600,0,0.57,"D",0.0671658542765868,-2.6310624230396
2005,0,0.18,10000,0,0.97,"C",0.0293172402076331,-3.4998239539947
2005,1,0.24,3000,0,1.62,"Missing",0.635352970485409,0.555250860222906
2005,0,0.17,1275,0,0.91,"A",0.000485480673113825,-7.6298854806787
2005,0,0.27,7000,0,0.71,"C",0.299126737472235,-0.85145972070904
2005,0,0.11,15000,0,0.21,"A",0.000582805808163887,-7.44707354202328
2005,0,0.15,10000,0,0.64,"AA",0.0154715542134528,-4.15315966547458
2005,1,0.27,1000,1,0,"Missing",0.875664202641058,1.95199673844844
2005,0,0.25,15000,0,0,"D",0.235358505225801,-1.17829718388018
2005,0,0.1,4500,0,0.15,"AA",0.000341292384793686,-7.98242966401593
2005,1,0.26,6500,0,0.53,"Missing",0.788191560918538,1.31405888097602
2005,1,0.29,1000,1,0.67,"Missing",0.931168747441541,2.60478262071655
2005,0,0.27,1000,1,0,"Missing",0.88342235792356,2.02524590117431
2005,0,0.29,10500,0,0.76,"D",0.192690485989682,-1.43262192923955
2005,0,0.25,15000,0,0,"C",0.0128873463879955,-4.33853824050363
2005,0,0.24,1000,1,0.18,"C",0.205572813439911,-1.35182104041762
2005,0,0.17,25000,0,0.89,"B",0.00364348636971698,-5.6111641218143
2005,0,0.08,3500,0,0,"AA",0.00092375355308939,-6.9861410588574
2005,0,0.21,10000,0,0.21,"D",0.18731374952249,-1.46756010344597
2005,0,0.18,3100,0,0.86,"D",0.208103621971753,-1.33639440922566
2005,0,0.18,15000,0,0.65,"B",0.00148856641854199,-6.50845208194643
2005,0,0.15,2000,0,0.5,"D",0.0190360609736595,-3.94220057316269
2005,0,0.09,2000,0,0.85,"A",0.00385825335708936,-5.55367498046001
2005,0,0.1,6000,1,0.75,"A",0.000793053010308109,-7.13882712311702
2005,0,0.23,8000,1,0.74,"D",0.0306205939436203,-3.45498329188957
2005,0,0.1,5000,0,0.71,"AA",0.000964807472206956,-6.94261671399804
2005,0,0.15,4000,0,1,"D",0.0721843736042738,-2.55360944419393
2005,1,0.27,2000,1,0,"Missing",0.978637548462426,3.82452656782571
2005,0,0.17,3000,0,0.91,"D",0.0320181875591921,-3.40890919573083
2005,0,0.15,15000,0,0.62,"B",0.00277073030593657,-5.88586976929529
2005,1,0.29,2550,1,1.32,"Missing",0.999309124481332,7.27685978278767
2005,1,0.24,1750,1,0.91,"Missing",0.907711692662535,2.28600935667078
2005,1,0.29,4000,0,1.12,"Missing",0.6212971692964,0.495057691289942
2005,0,0.09,1000,0,0.02,"AA",0.000595546311023749,-7.4254356801717
2005,0,0.16,3500,1,0.51,"C",0.0108399247049532,-4.51362012428348
2005,0,0.2,7500,0,0.38,"C",0.0238369202940339,-3.71239401076265
2005,1,0.29,5500,0,0.99,"Missing",0.958912893581813,3.15010588045947
2005,1,0.24,1000,0,0.81,"Missing",0.878610923441909,1.97934126859735
2005,0,0.1,3000,0,0.05,"AA",0.000465617664728596,-7.67167999645926
2005,0,0.29,20000,0,0.95,"Missing",0.964600001964252,3.30500174501882
2005,0,0.18,3001,0,0.8,"D",0.00485742937323131,-5.32237665152853
2005,0,0.16,8500,0,0.56,"C",0.0306176930837925,-3.45508102444778
2005,0,0.29,3900,0,0,"Missing",0.810458155472593,1.45298989620734
2005,0,0.25,3000,0,0.71,"D",0.248773706960537,-1.10516325280376
2005,0,0.08,3001,0,0.14,"AA",0.000111296121930238,-9.10320484136811
2005,0,0.15,15000,0,0.01,"AA",0.00109482448957456,-6.81606578780629
2005,0,0.25,9000,0,0.43,"D",0.0760898502072042,-2.49669994486961
2005,0,0.18,2500,0,0.87,"D",0.189221629663149,-1.45507576551138
2005,1,0.29,1800,0,0.98,"Missing",0.766333488833012,1.1877225061192
2005,0,0.18,19200,0,0,"AA",0.01112952983577,-4.4869614311064
2005,0,0.09,1000,0,0.02,"AA",0.000960624346419378,-6.94696603800016
2005,0,0.2,9000,0,0.92,"C",0.0307749265203946,-3.44979657446393
2005,0,0.18,15000,1,0.02,"C",0.0171498628694655,-4.04846647629671
2005,0,0.17,25000,0,0.11,"A",0.00307544306583189,-5.78122611969423
2005,0,0.11,25000,0,0.23,"AA",0.00128855742502737,-6.65294257318836
2005,0,0.12,6000,0,0.03,"AA",0.000596127590692966,-7.42445953012113
2005,0,0.15,20000,0,0.66,"A",0.000233081265117128,-8.36389027944774
2005,0,0.11,4000,0,0.64,"D",0.028637898071513,-3.52396836724106
2005,1,0.29,1800,0,0.73,"Missing",0.938479059765883,2.72488293485785
2005,0,0.19,3000,1,0,"D",0.402250584493182,-0.396096389584888
2005,0,0.12,4000,0,0.28,"AA",0.000352849584592864,-7.94911578595849
2005,0,0.22,25000,0,0.7,"C",0.0112386127144238,-4.47709762300116
2005,1,0.29,3000,0,0,"Missing",0.99090124063054,4.69047680188582
2005,0,0.15,9999,0,0.54,"C",0.00435877950940526,-5.43119488316067
2005,0,0.29,25000,0,0.95,"C",0.0217747589488497,-3.80498849875128
2005,1,0.29,5000,1,0.65,"D",0.48854218383681,-0.0458392895807284
2005,0,0.1,6000,0,0.52,"A",0.00781950338684935,-4.8432839959419
2005,0,0.11,11000,1,0.43,"AA",0.00700544947227823,-4.95403683391843
2005,0,0.2,5000,0,0.77,"D",0.0249187304441531,-3.66690107355196
2005,1,0.27,15000,0,0.94,"D",0.508987699285664,0.0359546699735589
2005,0,0.28,8423,0,0.92,"Missing",0.563598632877322,0.255779967642431
2005,0,0.06,6000,1,0.81,"Missing",0.550296467891412,0.201868617418252
2005,0,0.19,15000,0,0.3,"AA",0.000104161448356522,-9.16946430761461
2005,1,0.29,3500,0,0.9,"Missing",0.950310928605621,2.95100420685317
2005,0,0.17,5000,0,0.97,"D",0.440714280536912,-0.23826369309022
2005,1,0.25,3500,0,0.97,"Missing",0.758478969476776,1.1443585197268
2005,1,0.29,3000,0,1.51,"Missing",0.976603587934109,3.73149814543439
2005,1,0.29,3000,0,1.01,"Missing",0.529894705249004,0.119721616469379
2005,0,0.29,4000,0,1,"Missing",0.422945445861573,-0.310693608804355
2005,0,0.17,1000,1,0.71,"Missing",0.505820014171513,0.0232811081785094
2005,0,0.18,9995,0,0.53,"C",0.00609727508018852,-5.09379737640441
2005,0,0.16,3000,1,0.96,"C",0.0204788406193971,-3.86767165118963
2005,1,0.22,5000,0,0.86,"Missing",0.882328553835653,2.01466811025919
2005,0,0.18,7000,0,0.95,"C",0.029327712796669,-3.49945601277351
2005,0,0.18,9999,0,0.97,"C",0.00672529137275667,-4.99513201957592
2005,0,0.15,8500,0,0.55,"AA",0.00519162738592865,-5.25550291840955
2005,1,0.17,1075,1,0.9,"Missing",0.965274625868707,3.32494198454274
2005,0,0.25,5000,0,0.9,"D",0.360966530165075,-0.57117159165376
2005,0,0.17,4800,0,0.88,"C",0.0294897577449523,-3.49377894816596
2005,0,0.17,1200,0,0.94,"D",0.0271981705954299,-3.57703067824671
2005,0,0.18,2500,0,0,"C",0.0884770133620462,-2.33237403001897
2005,1,0.21,3000,1,0.97,"D",0.182625320204342,-1.49866097072145
2005,0,0.22,2000,1,0.84,"D",0.434986501890194,-0.261534620851146
2005,0,0.11,20000,0,0.01,"AA",9.40967869572112e-05,-9.27109255572337
2005,1,0.26,2500,1,0.91,"Missing",0.99920039200396,7.1305890274846
2005,0,0.09,2550,0,0.58,"AA",0.000256986533980245,-8.26622985184517
2005,1,0.29,5500,0,0.77,"Missing",0.981050378892719,3.94683987588767
2005,0,0.09,1000,0,0.18,"AA",7.23878356893428e-05,-9.53339989757352
2005,0,0.25,7000,0,1.02,"C",0.240820775427957,-1.1481848956195
2005,0,0.29,20000,0,0.03,"D",0.226024486603574,-1.23089689544405
2005,1,0.29,2000,0,0,"Missing",0.671405215295038,0.714547518086752
2005,1,0.29,3000,0,0,"Missing",0.499326109314244,-0.00269556437520313
2005,1,0.29,7000,1,0,"Missing",0.994583455093294,5.21286587031501
2005,0,0.15,2000,0,0.98,"C",0.176098745892674,-1.54300579156669
2005,0,0.15,9999,0,0.83,"C",0.0667279542428314,-2.63807277086654
2005,0,0.11,6000,0,0.1,"A",0.00191163699272267,-6.25788187323808
2005,0,0.16,20000,0,0.29,"AA",0.000184436607252945,-8.59802029203217
2005,0,0.15,4200,0,0.3,"C",0.0123357937082509,-4.38283767386505
2005,0,0.26,2600,0,0.73,"D",0.0320879666910323,-3.40666011804979
2005,0,0.19,8750,0,0.73,"D",0.0520625527714998,-2.90184258259701
2005,0,0.15,2500,0,0.56,"C",0.000982098571004598,-6.92483629569644
2005,1,0.29,3000,0,0.65,"Missing",0.838457070231614,1.64679245532154
2005,0,0.14,15000,0,0.59,"AA",0.00151799082528935,-6.48884849983271
2005,0,0.2,10000,0,0.45,"A",0.0104310394384916,-4.55248353236584
2005,1,0.24,4500,0,1.46,"Missing",0.932163988777368,2.62041555991251
2005,0,0.14,9000,1,0.54,"B",0.000229073422385021,-8.38123888436585
2005,0,0.14,16500,0,0.2,"AA",0.000481606692766449,-7.6379010444234
2005,0,0.2,2000,1,0,"D",0.118877049212073,-2.00310741532038
2005,0,0.25,25000,0,0.47,"AA",0.00104446191078919,-6.86320843634496
2005,0,0.15,3000,0,0,"C",0.0114050282773258,-4.46223037948622
2005,0,0.17,3500,0,0,"B",0.00103605360781601,-6.87129980080507
2005,1,0.26,1500,0,0,"Missing",0.84789046677083,1.71815058622641
2005,0,0.15,1200,1,0,"Missing",0.731140185574544,1.00041510589716
2005,1,0.26,2500,1,0.91,"Missing",0.829511038318935,1.58216586298351
2005,0,0.27,1000,0,0,"Missing",0.854018920676071,1.7664763292629
2005,0,0.12,3500,0,0.31,"A",0.0132883184257863,-4.30749254539296
2005,0,0.16,8000,0,0.9,"B",0.00585874137791414,-5.13394450925548
2005,1,0.19,6000,1,0.61,"D",0.776697057550948,1.24652105114897
2005,0,0.17,25000,0,0.91,"A",0.00733540090884669,-4.90768077465648
2005,0,0.09,1000,0,0.02,"AA",0.00137258263942757,-6.58968765002316
2005,0,0.09,2500,0,0,"AA",0.00086428452630718,-7.05274387228074
2005,1,0.27,6000,0,0.85,"Missing",0.738587843157014,1.03864173620097
2005,0,0.15,1500,1,0.42,"C",0.00896875094494533,-4.7049996483639
2005,0,0.2,8000,1,0.52,"D",0.156738756277315,-1.6826963609959
2005,0,0.12,19500,1,0,"AA",0.000475928922650214,-7.64976599483317
2005,0,0.19,25000,0,0.89,"B",0.00258954958489246,-5.95367841557294
2005,0,0.17,10000,0,0.79,"A",0.000993902111912785,-6.91287743875792
2005,0,0.14,9700,0,0.23,"AA",0.00283853044295926,-5.86162624368418
2005,1,0.15,4400,0,0.8,"Missing",0.26051546516816,-1.0432911422464
2005,0,0.2,5000,0,0.77,"D",0.0517341031301125,-2.9085177457949
2005,0,0.17,1000,1,0.59,"D",0.143983806156574,-1.78258845799799
2005,0,0.12,15000,0,0.55,"A",0.00018490314140549,-8.59549350972355
2005,0,0.17,9500,0,0.37,"C",0.020870846535548,-3.84831027511185
2005,0,0.2,18000,1,0.75,"B",0.0256186263287422,-3.63848310319649
2005,0,0.17,6500,0,0.45,"B",0.0251284055414959,-3.6583068631995
2005,0,0.15,2000,1,0,"C",0.12158328326606,-1.97752161452355
2005,0,0.16,10000,1,0.83,"C",0.0556554530590225,-2.83131102431756
2005,0,0.19,25000,0,0.89,"B",0.0109248221088174,-4.50573288487616
2005,0,0.25,15000,1,0.82,"D",0.0958204753603665,-2.24455153746411
2005,0,0.12,25000,0,0.06,"AA",0.00116582212163649,-6.75316225481319
2005,0,0.16,15000,0,0,"B",0.000657436815390799,-7.32650424377329
2005,0,0.12,6000,0,0.53,"AA",0.000151464598257609,-8.79500715911816
2005,0,0.26,5050,1,0,"D",0.460003118672518,-0.16033009503914
2005,0,0.15,2200,1,0,"C",0.19536385419309,-1.41552644361419
2005,0,0.22,4000,0,0.47,"B",0.00015660718794028,-8.76161325600703
2005,1,0.29,3000,1,0.4,"Missing",0.972345545756499,3.55992443224322
2005,1,0.29,3800,0,1,"Missing",0.966428383110147,3.35992622213131
2005,1,0.29,4000,0,1.12,"Missing",0.964417361691966,3.29966631780596
2005,0,0.15,25000,0,0.44,"AA",0.00033499341892796,-8.00106462178158
2005,0,0.19,7500,0,0.8,"D",0.040530668587393,-3.16432141522877
2005,0,0.23,3500,1,0.95,"D",0.0578999280290927,-2.78939536089142
2005,0,0.2,5000,0,0.45,"D",0.0965654616480456,-2.23598251659559
2005,1,0.29,2550,0,0.43,"Missing",0.893050463109787,2.12228598355455
2005,0,0.25,7000,0,0.96,"D",0.0793834428809154,-2.4507537978006
2005,0,0.11,6000,0,0.4,"AA",0.000261279424465249,-8.24965881793155
2005,1,0.29,2000,1,1.08,"Missing",0.990391684194956,4.63547155227903
2005,0,0.11,9000,1,0.85,"A",0.002446324640743,-6.01071920562572
2005,1,0.22,5000,1,0,"D",0.313069580526718,-0.785807537557714
2005,1,0.29,2500,0,0,"Missing",0.966158003283993,3.35162484770602
2005,0,0.17,5500,0,0.07,"C",0.086072000524117,-2.36256763177983
2005,1,0.29,3000,0,0,"Missing",0.932156134984075,2.62029136507824
2005,0,0.14,2690,1,0.69,"C",0.0184399136343494,-3.97462569624444
2005,0,0.28,23500,0,0.89,"D",0.587085390008591,0.351929461631602
2005,0,0.16,20000,1,0.32,"A",0.00781839078214493,-4.84342741329051
2005,0,0.11,1000,1,0.97,"C",0.00444558172831457,-5.41138905335655
2005,0,0.11,4000,0,0,"B",0.00148142961755713,-6.51326517161492
2005,0,0.17,10000,0,0.79,"A",0.0144140037788937,-4.22503616562826
2005,0,0.2,8000,0,0.91,"D",0.0809444264427224,-2.42958376639505
2005,1,0.29,4850,0,0.89,"Missing",0.994662813373273,5.22770513348264
2005,1,0.29,15000,0,0,"Missing",0.956371807233733,3.08744319267842
2005,0,0.15,2000,1,0,"Missing",0.768220671911193,1.19829127810896
2005,1,0.29,5300,0,0.83,"Missing",0.92930315093807,2.57603400102952
2005,0,0.19,6500,0,0.7,"C",0.0519696379460843,-2.90372686682359
2005,0,0.11,10000,1,0.23,"AA",0.000719726632659273,-7.23591910915159
2005,1,0.23,4400,1,0,"Missing",0.738559982020698,1.03849743965398
2005,0,0.15,7700,0,0.38,"C",0.00231101411767722,-6.06775515017236
2005,1,0.29,4090,1,0.58,"Missing",0.947429905055941,2.89160553450731
2005,0,0.2,3000,0,0.39,"D",0.0299785505547039,-3.47683603965204
2005,1,0.29,2500,0,0,"Missing",0.870962512675748,1.90949597495977
2005,0,0.16,8000,1,0.59,"C",0.0161426150697416,-4.11001827866947
2005,0,0.15,3600,0,0.28,"A",0.000240449027674374,-8.3327619560833
2005,0,0.29,3000,0,1.15,"Missing",0.830368130904743,1.58823852056359
2005,0,0.12,4700,0,0.09,"B",0.000517485991993577,-7.56601048186848
2005,0,0.1,3500,1,0.21,"AA",0.00576078804087836,-5.15090355559578
2005,1,0.29,2700,0,0.47,"Missing",0.484697220966885,-0.0612302390356581
2005,0,0.17,13000,1,0.88,"B",0.00367655885890018,-5.60209472295069
2005,0,0.14,9250,0,0.92,"B",0.00219515610417864,-6.11930454791585
2005,0,0.11,9000,1,0.85,"A",0.00132209064537085,-6.62721800767863
2005,0,0.11,6000,0,0.1,"A",0.0217117222056179,-3.80795208067027
2005,1,0.29,5000,0,0.89,"Missing",0.957920166210509,3.12519582213678
2005,0,0.21,5500,1,0,"C",0.037543778077292,-3.24398091393951
2005,0,0.15,12000,0,0.94,"B",0.00107536269180265,-6.83402134527244
2005,0,0.18,13000,0,0.73,"C",0.00435180652836033,-5.43280292301605
2005,0,0.1,1000,0,0.65,"A",0.00228979451952597,-6.07700077479876
2005,1,0.29,2000,0,0,"Missing",0.956607766194799,3.0931129692394
2005,0,0.09,1000,0,0.6,"A",0.000104917981194304,-9.16222672104627
2005,0,0.14,8000,0,0.74,"B",0.0028168366392918,-5.86931997140165
2005,0,0.22,25000,0,0.7,"C",0.42753280881652,-0.291924394608127
2005,0,0.2,2000,1,0.78,"D",0.00659028379304049,-5.01554677160391
2005,1,0.23,8000,0,0.87,"D",0.472633498079048,-0.109575513748587
2005,1,0.29,4300,1,0.95,"Missing",0.958790066682501,3.14699281511579
2005,0,0.29,3000,0,0,"Missing",0.805832868812118,1.4231570730581
2005,1,0.17,3500,0,0.96,"Missing",0.799907622308412,1.38571710051768
2005,0,0.11,13000,0,0.82,"A",0.000349096801573193,-7.95981214806674
2005,0,0.09,3001,0,0.34,"AA",0.000400167431226668,-7.8232272728494
2005,1,0.2,2000,0,1.03,"Missing",0.772528056381842,1.22264142102275
2005,0,0.25,16000,1,0.67,"D",0.172021989675853,-1.57136428085871
2005,0,0.11,25000,0,0.23,"AA",0.00162932479367498,-6.41795893340566
2005,0,0.1,3000,1,0.32,"A",0.00490104875457515,-5.31339296694074
2005,0,0.23,13100,0,0.71,"D",0.0885671089730996,-2.33125740850751
2005,1,0.24,3000,0,0,"Missing",0.978089637107644,3.79864160298471
2005,1,0.26,1200,1,0,"Missing",0.958829288938952,3.14798594261726
2005,0,0.24,5500,0,0,"D",0.191259462168677,-1.44184719912723
2005,1,0.17,3500,0,0.76,"Missing",0.887965313545266,2.07012415706987
2005,0,0.14,2000,0,0.5,"C",0.0138879791891077,-4.2627463000827
2005,1,0.29,5100,0,0.81,"Missing",0.943747988437634,2.8200173675503
2005,0,0.13,9900,0,0.86,"B",0.000997123928676226,-6.90963787275881
2005,0,0.17,1700,0,0.8,"Missing",0.214981383064476,-1.29515599936191
2005,1,0.23,7500,1,0.81,"Missing",0.875410913688487,1.94967237904478
2005,0,0.25,9000,0,0.78,"D",0.0193134958203474,-3.92744872404617
2005,1,0.29,2500,0,1.09,"Missing",0.882056673713568,2.01205208647021
2005,1,0.2,3000,1,0.62,"D",0.290264398325888,-0.894100282689038
2005,0,0.08,2000,0,0.05,"AA",0.000440424210117096,-7.72733166038343
2005,0,0.14,2400,1,0.22,"B",0.00285946913838067,-5.85425572209941
2005,1,0.28,3001,0,0,"Missing",0.854373429527292,1.7693227606989
2005,0,0.28,2550,0,0.94,"Missing",0.774544919001756,1.23415471384182
2005,1,0.26,2200,0,0.97,"Missing",0.944211894558209,2.82878992299251
2005,0,0.29,5500,1,0.72,"C",0.128673592690918,-1.91273774816706
2005,1,0.29,3001,0,0,"Missing",0.997776918528846,6.10663543929431
2005,0,0.17,6000,0,0.6,"C",0.0265995982443455,-3.5998993980561
2005,0,0.2,6000,0,0.25,"A",0.0219912427711775,-3.79487430595894
2005,0,0.12,4000,0,0.43,"B",0.000806953099759232,-7.12143772930064
2005,1,0.07,1500,1,0.91,"Missing",0.453440538973094,-0.186778959907692
2005,0,0.29,3500,0,0.99,"Missing",0.393649498233408,-0.431997289644106
2005,1,0.2,1500,0,0.41,"Missing",0.523510483923053,0.0941113357910927
2005,0,0.22,5400,0,0.63,"D",0.142525913654369,-1.79446712519631
2005,0,0.2,9000,0,0,"C",0.00916490330592419,-4.68316678869654
2005,0,0.15,5000,0,0.46,"C",0.0249534816878769,-3.66547182187897
2005,0,0.12,6000,0,0.53,"AA",0.000145947733409065,-8.83211603231383
2005,0,0.2,4500,0,0.39,"D",0.248098605170073,-1.10877892282129
2005,0,0.08,5000,0,0.13,"AA",0.00178650060406487,-6.32570844407391
2005,0,0.17,6500,0,0.45,"B",0.000413903313744821,-7.78946416409788
2005,0,0.11,7000,0,0.83,"AA",0.000600802277411875,-7.41664368405783
2005,0,0.12,17500,0,0.13,"AA",0.00111763176044872,-6.7954250752086
2005,0,0.17,15000,0,0.96,"B",0.00768116744686913,-4.86127291251102
2005,0,0.17,10700,0,0.12,"C",0.00288511698227853,-5.84530054443926
2005,0,0.14,7750,0,0.59,"C",0.00670527934694536,-4.99813223990171
2005,0,0.25,10500,0,0.81,"D",0.0311537295917679,-3.43717198349618
2005,1,0.29,20000,1,0.99,"Missing",0.915836556382637,2.38707725119759
2005,1,0.29,2610,0,1.39,"Missing",0.992207285946329,4.84674284159035
2005,0,0.26,10848,0,0.68,"B",0.0188698535544762,-3.95113951929541
2005,0,0.25,8000,1,0.48,"D",0.206252414016074,-1.34766477945553
2005,0,0.18,20000,1,0.43,"B",0.0974225649940644,-2.22619662982028
2005,1,0.24,2550,1,0.93,"Missing",0.410742112950948,-0.360898371468247
2005,0,0.2,4600,0,0.91,"Missing",0.39543787364456,-0.424510746105635
2005,0,0.18,3000,1,0.95,"D",0.134277637095373,-1.86365468494246
2005,0,0.2,8500,0,0.89,"D",0.0201320684795034,-3.88510380839514
2005,0,0.13,10000,0,0.78,"B",0.000144865347122659,-8.83956101168971
2005,0,0.05,1000,0,0.42,"D",0.00348603821052732,-5.65549724220624
2005,0,0.17,1500,0,0.92,"D",0.042387696183712,-3.11758486697814
2005,0,0.26,2864,0,0.71,"Missing",0.749924705507532,1.09821075834691
2005,0,0.2,3500,0,0.51,"D",0.17260384714774,-1.56728453654819
2005,0,0.11,6000,0,0,"A",0.00358408471691153,-5.62766162368113
2005,1,0.29,2501,1,0,"Missing",0.678177244944048,0.745407733142289
2005,1,0.28,4750,1,0.14,"Missing",0.967419293740338,3.3909117234569
2005,0,0.24,10000,1,0.73,"D",0.109975367075752,-2.09099273474605
2005,1,0.27,10000,0,0.45,"Missing",0.769094695420707,1.20320641332511
2005,0,0.29,2800,0,0.99,"C",0.144256803993773,-1.78037525412214
2005,1,0.25,9000,0,0.97,"D",0.270506010344111,-0.992056811511234
2005,0,0.12,2500,0,0,"B",0.00388379609186132,-5.54705087183946
2005,0,0.06,1000,0,0.04,"AA",0.000631318326286559,-7.3670688258787
2005,0,0.25,2000,0,0.19,"D",0.232345994465957,-1.19511150185147
2005,0,0.29,3000,0,0,"Missing",0.439182347021475,-0.244481117529284
2005,0,0.07,2550,0,0.01,"AA",0.000152057100849973,-8.79110237551249
2005,0,0.17,3500,0,0.98,"Missing",0.287045639936356,-0.909776179949455
2005,0,0.17,3500,0,0,"B",0.00299025693371515,-5.80940122757838
2005,0,0.28,15000,0,0.93,"B",0.00307054323872383,-5.78282551528376
2005,0,0.18,10000,0,0.15,"B",0.00934285495628973,-4.66375663042311
2005,0,0.1,1000,0,0.56,"A",0.000212198207770894,-8.45777755703807
2005,0,0.11,1000,0,0.98,"D",0.0297080464723139,-3.48617907512052
2005,1,0.26,5000,0,0,"Missing",0.978684263370134,3.82676347234319
2005,0,0.2,9900,0,0.96,"D",0.00536301373883961,-5.22285175088054
2005,0,0.15,5100,0,0.19,"C",0.0185868827183249,-3.96653738772388
2005,0,0.2,13000,0,0.9,"C",0.0473229017841359,-3.00228165980081
2005,0,0.17,10000,1,0.6,"A",0.00909339396919128,-4.69107207528927
2005,0,0.17,15000,1,0,"A",0.00114161019579056,-6.77417329837145
2005,0,0.23,5000,1,0.98,"D",0.0725903709138717,-2.54756307379292
2005,0,0.18,5500,0,1.02,"C",0.00509500729735261,-5.27438614894739
2005,0,0.11,7000,0,0.83,"AA",0.000439676750795415,-7.72903098489106
2005,1,0.22,7000,0,0.75,"C",0.0953679229552246,-2.24978603178915
2005,0,0.29,25000,1,0.42,"D",0.209429102937474,-1.32837006769286
2005,1,0.26,4500,0,0.96,"Missing",0.974831748664839,3.65668155807017
2005,1,0.29,2100,0,1,"Missing",0.940894000638468,2.76749805649824
2005,0,0.29,5000,0,0.6,"Missing",0.945071174217552,2.84522197078052
2005,0,0.24,5000,0,0.95,"D",0.160804412172288,-1.65225500422416
2005,0,0.15,2200,1,0,"C",0.00788051395141999,-4.83545042567281
2005,0,0.27,3000,1,0.79,"D",0.158328948311865,-1.67071444284368
2005,0,0.24,7500,1,0.82,"D",0.138004993529077,-1.83195960819389
2005,1,0.29,4750,0,1,"Missing",0.979132172336196,3.84845801418078
2005,0,0.11,6000,0,0.1,"A",0.000634263665349707,-7.36241134913793
2005,0,0.18,15000,0,0.58,"C",0.0437736495344106,-3.08396262575586
2005,0,0.15,5000,0,0.27,"B",0.00266910511036592,-5.9233393538847
2005,0,0.17,10000,1,0.6,"A",0.0403284452819582,-3.16953403719189
2005,1,0.23,1750,1,0,"Missing",0.928126177095799,2.55825556824324
2005,0,0.17,9000,0,0.94,"C",0.0317983360917604,-3.41602643180382
2005,0,0.17,2000,0,0.25,"Missing",0.449061246971554,-0.204464360997773
2005,0,0.17,1000,0,0.67,"D",0.00923095487067322,-4.67591895871944
2005,0,0.21,3001,1,0,"C",0.13697052457096,-1.84068309154773
2005,0,0.15,5000,1,0.6,"D",0.00286522680515885,-5.85223842841935
2005,0,0.25,15000,1,1.04,"D",0.0909713869140149,-2.3018315436672
2005,0,0.22,2500,1,0.63,"D",0.100490075035,-2.19179112044673
2005,0,0.18,20000,0,0.53,"A",0.00231645936486677,-6.06539624836126
2005,0,0.29,25000,0,0.44,"AA",0.00856914766062365,-4.75098093357973
2005,1,0.29,3000,1,0,"Missing",0.960099492244034,3.18064786731778
2005,1,0.29,6000,0,0.98,"Missing",0.846417232219854,1.7067727948362
2005,1,0.27,12000,1,0,"D",0.940891268292754,2.76744892568232
2005,0,0.12,19500,1,0,"AA",0.00172644277792455,-6.35996425028302
2005,0,0.12,10000,0,0.12,"AA",0.00146015785348572,-6.52774950535766
2005,0,0.14,3500,0,0.94,"C",0.108682457921254,-2.10427035196098
2005,0,0.18,3100,0,0.86,"D",0.0414009333801983,-3.14216948704151
2005,1,0.2,2200,0,0.92,"Missing",0.96240864421765,3.24266502199932
2005,0,0.2,5000,0,0,"B",0.000778805342571996,-7.15697031571562
2005,0,0.16,15000,0,0,"B",0.000659361297725399,-7.32357934344459
2005,1,0.29,5000,0,0.46,"Missing",0.916224131446254,2.39211601846284
2005,1,0.23,10000,0,1.02,"D",0.417389460658444,-0.333499190201779
2005,0,0.1,7500,0,0,"AA",0.000149522203037587,-8.80791612747666
2005,0,0.2,3000,0,0.62,"C",0.574516345063117,0.300302014324517
2005,0,0.27,25000,1,0,"C",0.158304207619242,-1.6709001106846
2005,0,0.16,2000,1,0.41,"C",0.0212074586912065,-3.83196676644023
2005,0,0.12,15000,0,0.09,"A",0.00106190692452267,-6.8466265305484
2005,1,0.22,13000,0,0.82,"D",0.435771059604893,-0.258343079029813
2005,0,0.13,20000,0,0.52,"A",0.00185810055178512,-6.28634069280161
2005,0,0.21,7500,0,0.68,"C",0.0289931077399209,-3.51127542877204
2005,0,0.16,3500,0,0.53,"B",0.000569763659675231,-7.4697189892314
2005,0,0.16,24000,1,0.35,"A",0.000371084870950612,-7.89870860510894
2005,0,0.18,7000,0,0.95,"C",0.162015251517704,-1.64330942444265
2005,0,0.2,13000,0,0.9,"C",0.0531220864811389,-2.88057738264392
2005,0,0.21,25000,0,0.07,"A",0.0134638102995376,-4.29419464240579
2005,1,0.29,2500,1,0.89,"Missing",0.863234252228511,1.84241650163056
2005,1,0.29,5000,1,1.05,"Missing",0.979677431517929,3.87549134957107
2005,1,0.24,1750,1,0.91,"Missing",0.890333638103277,2.09415358371556
2005,1,0.17,1075,1,0.9,"Missing",0.783925306656214,1.28868959326377
2005,1,0.25,2800,0,0.97,"Missing",0.958106274619697,3.12982264220513
2005,0,0.08,6001,0,0.04,"AA",0.000118149486601251,-9.04344174318715
2005,0,0.13,25000,1,0.11,"AA",0.00267382392944399,-5.92156824287251
2005,0,0.14,4500,0,0,"AA",0.000246553004446564,-8.30768697601235
2005,0,0.19,25000,0,0.72,"A",0.0043813739672523,-5.42600191231686
2005,0,0.11,1600,0,0.69,"B",0.000132970952318358,-8.92524687742369
2005,1,0.25,5500,0,0.49,"Missing",0.967586118458871,3.39621765859926
2005,0,0.1,5000,0,0,"AA",0.000939418993390645,-6.96930910541157
2005,0,0.15,5000,0,0.85,"C",0.00475879299434042,-5.3429910634102
2005,1,0.23,15000,0,0.18,"D",0.207412417764171,-1.34059384600309
2005,0,0.29,10000,0,0.62,"C",0.103296258772316,-2.16112437180949
2005,1,0.29,5000,0,0.46,"Missing",0.880029332142627,1.99270796051585
2005,0,0.1,4500,0,0.69,"A",0.00384988958140085,-5.55585349176739
2005,0,0.07,1000,1,0.99,"D",0.000938494152370885,-6.97029499796823
2005,1,0.15,4200,0,0.3,"C",0.0197377525239817,-3.90528696170974
2005,1,0.27,3500,1,1.09,"Missing",0.943956431372531,2.82395061242722
2005,0,0.09,4800,0,0.12,"AA",0.000713539093745855,-7.24455953724959
2005,1,0.29,2000,0,0.98,"Missing",0.907621616534266,2.28493456376788
2005,1,0.23,3500,1,0.95,"D",0.0217632436573501,-3.8055292468734
2005,0,0.2,9900,0,0.96,"D",0.152989181039187,-1.71134626111177
2005,0,0.2,2600,0,0,"Missing",0.266630108428862,-1.01178786536829
2005,0,0.17,5233,0,0.38,"B",0.0330673405757769,-3.37558274864627
2005,1,0.19,10000,1,0.88,"D",0.186926469490883,-1.47010622064064
2005,1,0.27,1000,1,0,"Missing",0.933954445220272,2.64908293531855
2005,0,0.25,2550,0,0.86,"D",0.0436926756915613,-3.08589884659094
2005,1,0.29,3000,0,1.15,"Missing",0.987362207902408,4.35834525310016
2005,0,0.18,6800,1,0.89,"D",0.100405958809592,-2.19272204003016
2005,1,0.29,2550,1,0,"Missing",0.782572671321039,1.2807221151183
2005,1,0.29,2000,1,1.08,"Missing",0.981754681671686,3.98543294498358
2005,1,0.29,4000,0,0,"Missing",0.978960904458871,3.84010930821808
2005,0,0.1,8300,0,0.05,"AA",6.99342737957766e-05,-9.56788476605593
2005,0,0.09,4500,0,0.07,"AA",9.5422215954319e-05,-9.25710370821292
2005,0,0.22,3200,0,0,"D",0.0157754727160418,-4.13339767502777
2005,0,0.2,3000,0,0,"D",0.0857831665307177,-2.36624498609678
2005,1,0.29,2500,1,0,"Missing",0.648012600029228,0.610314761232939
2005,0,0.1,3000,0,0.14,"AA",0.00126571051227152,-6.67085513249986
2005,1,0.17,9000,0,1,"Missing",0.952158159379497,2.99083057138357
2005,0,0.11,8000,0,0.32,"A",0.000263206136160808,-8.24230980432301
2005,0,0.23,15000,1,0.76,"B",0.00584297763459928,-5.13665462852775
2005,0,0.1,2000,0,0,"A",0.00100956094348748,-6.89722968116746
2005,1,0.29,3950,0,0.78,"Missing",0.925972812864039,2.52641245499629
2005,0,0.13,6000,1,0.22,"A",0.00982338039506498,-4.61311803197711
2005,0,0.28,2550,0,0.94,"Missing",0.798297540198341,1.37568774511353
2005,1,0.25,3000,1,0.93,"Missing",0.95013168825153,2.94721482826349
2005,0,0.14,25000,1,0.63,"AA",0.00463523390837396,-5.36942260565156
2005,0,0.26,9500,0,0.86,"D",0.225378577072865,-1.23459287041289
2005,1,0.29,25000,1,0.96,"Missing",0.988667702727819,4.46870146735825
2005,1,0.29,1500,0,0.51,"Missing",0.946394758310503,2.87101291808289
2005,1,0.23,4400,1,0,"Missing",0.992964168902191,4.94967875855136
2005,0,0.23,2600,0,0.5,"Missing",0.856835570621086,1.78925220845732
2005,0,0.09,2000,0,0.85,"A",0.000258906126130963,-8.25878606968735
2005,0,0.29,20000,0,0.61,"D",0.178566793326185,-1.52608790409664
2005,0,0.2,3500,0,0.51,"D",0.504903532622045,0.0196147593438738
2005,1,0.29,1800,0,1.11,"Missing",0.729750269820656,0.993355921370608
2005,0,0.15,3000,0,0.96,"C",0.00938701044669157,-4.65899706663842
2005,0,0.13,5000,1,0.16,"A",0.00520976753626961,-5.2519966572765
2005,0,0.25,2550,0,0.53,"D",0.0326668528783857,-3.38818206193099
2005,1,0.25,1250,0,0.99,"Missing",0.884454056846204,2.0353023426434
2005,0,0.14,4000,0,0.16,"B",0.00243361972955072,-6.01593894355081
2005,1,0.29,2500,0,1.21,"Missing",0.97288074687143,3.58001758917771
2005,0,0.22,7500,0,0.92,"D",0.0224017088213516,-3.77596159782099
2005,0,0.16,25000,0,0,"AA",0.00287137888906144,-5.85008740623323
2005,1,0.17,2400,0,0.86,"D",0.598932110650183,0.401017540778364
2005,1,0.29,2000,1,0,"Missing",0.927708483419782,2.5520107632827
2005,0,0.15,6500,0,1.05,"C",0.00758901182567117,-4.87343593539503
2005,1,0.22,12000,1,0.92,"C",0.379316101173831,-0.49245203523463
2005,1,0.23,5000,0,1,"Missing",0.843097139778115,1.68145529325896
2005,0,0.17,1000,0,0.72,"C",0.00903028296723904,-4.69810027258618
2005,0,0.23,25000,0,0.67,"D",0.0174517137835484,-4.03071163389442
2005,0,0.13,10800,1,0.68,"A",0.00723438649475083,-4.92164903778498
2005,1,0.29,5000,1,0,"Missing",0.948393236092616,2.91111647487839
2005,0,0.23,18000,0,0.58,"C",0.166508644179075,-1.61057610613207
2005,0,0.2,8000,0,0.92,"D",0.0343956060202913,-3.33482539603782
2005,0,0.29,3442,0,0.26,"Missing",0.540366887206697,0.161819739247512
2005,0,0.18,18000,0,0.15,"B",0.00146496601295252,-6.52445719600721
2005,1,0.23,14000,0,1.04,"D",0.502399778400503,0.00959918731061027
2005,0,0.13,15000,0,0.45,"A",0.0165098629448554,-4.08714965280885
2005,1,0.29,5300,0,0.83,"Missing",0.768691383554799,1.20093674638664
2005,1,0.22,1100,1,0,"Missing",0.900212159306491,2.19958412895019
2005,0,0.09,4800,0,0.12,"AA",0.000902136555961629,-7.00984211321562
2005,0,0.19,16000,0,0,"A",0.0024218300091525,-6.02080705507823
2005,0,0.15,11000,0,0.42,"A",0.0172931906786606,-4.03999799290839
2005,0,0.29,9000,1,0,"Missing",0.854965268617996,1.77408760610121
2005,0,0.15,2500,1,0.28,"B",0.00091881490660072,-6.99150662601659
2005,0,0.17,1500,0,0.61,"D",0.0825897666926236,-2.40766895385303
2005,0,0.13,2550,0,0.53,"B",3.23099165100605e-05,-10.3401040517206
2005,0,0.24,5000,0,0.95,"D",0.0537573793299396,-2.86801805877825
2005,0,0.19,10300,0,0.38,"B",0.0157610004849392,-4.13433018828463
2005,0,0.25,10500,0,0.81,"D",0.0273096688530755,-3.57282495967519
2005,0,0.15,4999,0,0.89,"C",0.0687391118829468,-2.60622111017046
2005,1,0.29,2100,0,0,"Missing",0.895207610150138,2.1450745047091
2005,0,0.29,18000,0,0.91,"C",0.523534727304685,0.0942085244205586
2005,1,0.25,9000,0,0.99,"Missing",0.938495265288037,2.72516365200021
2005,0,0.17,4000,1,0.76,"D",0.0410823318384125,-3.15022707263812
2005,0,0.14,9999,0,0.54,"A",0.00509101691901751,-5.27517366045032
2005,0,0.28,6000,0,0.86,"Missing",0.684494949798502,0.77450657792803
2005,1,0.24,4000,0,0.7,"Missing",0.961274565538214,3.21176347092457
2005,0,0.17,4000,0,0.02,"AA",0.00223541720063148,-6.10108948191206
2005,0,0.22,5000,0,0.93,"D",0.00944063859404194,-4.65324616954755
2005,0,0.14,2100,0,0.92,"C",0.0485170256129496,-2.97610701322305
2005,0,0.18,9800,1,0.72,"C",0.00914410525240575,-4.68545967280882
2005,1,0.24,15000,1,0.81,"D",0.148972556646428,-1.74268227101192
2005,0,0.11,7500,0,0,"AA",0.000695804395996371,-7.26974593078394
2005,1,0.29,3001,1,0,"Missing",0.939252712000211,2.73836213261491
2005,1,0.14,2100,0,0.92,"C",0.110394890303666,-2.08671381800255
2005,0,0.16,5300,0,0.92,"C",0.0061779059821743,-5.08057883456121
2005,0,0.2,25000,0,0,"B",0.0323055189003603,-3.39967833933849
2005,0,0.22,20000,1,0.89,"C",0.0937028498055492,-2.26923862968765
2005,1,0.29,8000,0,0.8,"Missing",0.705853509574032,0.875329812442267
2005,1,0.29,2500,1,1.01,"Missing",0.981402934872917,3.96597933474478
2005,0,0.13,9999,0,0.61,"B",0.000140815466318515,-8.86791944887904
2005,0,0.2,8500,0,0.89,"D",0.0259184210292795,-3.62654110423031
2005,0,0.25,4000,0,0.45,"D",0.0853356102695588,-2.37196537251094
2005,0,0.06,1000,0,0.04,"AA",0.000621477916698321,-7.38278850879401
2005,0,0.29,15000,0,0.98,"Missing",0.639095101496109,0.571438787356734
2005,0,0.23,3500,0,0.92,"Missing",0.542341834790705,0.169773952859181
2005,1,0.24,2550,0,0,"Missing",0.953793993484136,3.02733790758299
2005,0,0.17,10000,0,0.72,"B",7.09392811654376e-05,-9.55361529986621
2005,0,0.29,25000,0,0.61,"A",0.00296422199806571,-5.81817205221493
2005,1,0.28,11000,0,0.84,"Missing",0.988236721406463,4.43093957003178
2005,0,0.15,2000,0,0,"B",0.00109894216666199,-6.81230768210043
2005,1,0.29,2550,0,0.91,"Missing",0.953906059892644,3.02988370655694
2005,0,0.17,1500,0,0.61,"D",0.0562115477122012,-2.82077983278067
2005,0,0.24,11520,0,0.6,"D",0.292808878327259,-0.881780853265458
2005,0,0.18,2800,0,0.38,"C",0.00313314960383351,-5.7625784489744
2005,0,0.28,3200,0,0.93,"D",0.275425912532166,-0.967265344268504
2005,1,0.25,4000,0,0.02,"Missing",0.750781218890203,1.10278313991961
2005,0,0.2,2000,1,0.98,"C",0.0161223752651495,-4.11129344903304
2005,0,0.2,2200,0,0.92,"Missing",0.685829344354536,0.780692500027032
2005,0,0.24,7500,0,0,"C",0.127102988956217,-1.92681988307724
2005,0,0.15,3000,0,0.46,"B",0.000225495168677423,-8.39698630358835
2005,0,0.29,7500,1,0.09,"D",0.0315640460308991,-3.42366366256981
2005,0,0.17,6000,0,0.6,"C",0.00320220375704681,-5.7407086903434
2005,0,0.11,2500,1,0,"B",0.000865239881216947,-7.05163815573504
2005,1,0.26,6500,0,0.53,"Missing",0.950550706611186,2.95609373924881
2005,0,0.17,5000,1,0.98,"B",0.0069669998809879,-4.95957919727551
2005,0,0.14,4000,0,0.16,"B",0.00238004140080183,-6.0382545179538
2005,0,0.07,3000,0,0.06,"AA",0.000332200185472541,-8.00944054709316
2005,0,0.2,9000,1,1.01,"D",0.0925421451308838,-2.28298296035472
2005,0,0.12,5900,1,0.31,"A",0.00253064102145995,-5.97674879166309
2005,1,0.29,3000,1,0.8,"Missing",0.987007957345695,4.33034103501994
2005,0,0.19,7500,0,0.98,"D",0.184588678542437,-1.48556268431783
2005,1,0.29,4500,1,1.52,"Missing",0.991582546499214,4.76899485072826
2005,0,0.18,14000,0,0.91,"C",0.0420170877708082,-3.1267535536627
2005,0,0.18,25000,0,0,"A",0.000260030936237506,-8.25444988374795
2005,1,0.29,2550,0,0,"Missing",0.543236945745999,0.17338081333599
2005,0,0.17,15000,1,0.41,"B",0.000732660414107538,-7.21809531673947
2005,0,0.25,5000,0,0.76,"C",0.0359978643487007,-3.28763389696481
2005,0,0.17,5000,0,0.89,"D",0.0233457879161551,-3.73371608231602
2005,0,0.08,3001,0,0.14,"AA",0.000453107438601213,-7.69892807917401
2005,0,0.15,5000,0,0.41,"B",0.00139873043547209,-6.57079057601525
2005,0,0.1,5200,0,0,"A",0.000861405953987337,-7.05608289620184
2005,0,0.24,2550,0,0,"Missing",0.829413039377585,1.58147306947008
2005,1,0.2,2000,1,0.87,"Missing",0.785069166530643,1.29545555255516
2005,1,0.29,4000,0,1.07,"Missing",0.951270298825709,2.97150952349274
2005,0,0.21,5000,0,0.97,"D",0.0934088026046589,-2.27270604189409
2005,1,0.29,3500,0,0,"Missing",0.969878220739941,3.4719220444209
2005,0,0.07,3000,1,0.01,"AA",0.00630497967642334,-5.06009059297208
2005,1,0.15,1200,1,0,"Missing",0.963378350268311,3.2698066334784
2005,0,0.14,2000,0,0.98,"B",0.000116677630759769,-9.05597903418558
2005,1,0.22,3600,0,0.57,"D",0.327004790757968,-0.721763389682371
2005,0,0.13,25000,0,0.1,"AA",0.00022200166649329,-8.41260364308113
2005,0,0.17,5600,0,1.09,"B",0.00118272120497607,-6.73875396840222
2005,0,0.12,4000,0,0.28,"AA",0.00029726153946706,-8.1206008966694
2005,0,0.17,5000,0,0.89,"D",0.016010311106786,-4.11838245938136
2005,0,0.1,1425,0,0,"AA",0.000531978660775175,-7.53837506054034
2005,0,0.17,25000,0,0.11,"A",0.00166591363183343,-6.39571427540891
2005,0,0.11,1200,0,1,"Missing",0.385979769169708,-0.464242920225469
2005,0,0.11,5000,0,0.12,"A",0.00297773033791099,-5.81361172762934
2005,0,0.15,25000,0,0.31,"B",0.00177364507443828,-6.33294326604525
2005,0,0.15,15152,0,0.85,"B",0.00394746982797668,-5.53072517353642
2005,0,0.22,17500,0,0,"AA",0.0306523853187328,-3.45391279925923
2005,1,0.25,5000,0,0.76,"C",0.295342019139472,-0.869578479882459
2005,1,0.24,3000,0,1.62,"Missing",0.808571215286791,1.44075290029979
2005,0,0.15,12000,1,0.53,"B",0.0122668099526861,-4.3885153733542
2005,0,0.29,7000,1,0.91,"D",0.0411587488103608,-3.14828901309321
2005,1,0.29,3300,0,0.91,"Missing",0.860243299375927,1.81731219738187
2005,0,0.07,2550,1,0.63,"Missing",0.767266536245059,1.19294037949073
2005,0,0.11,4000,0,0,"B",0.000138829259697825,-8.88212688847102
2005,1,0.29,2550,0,0.94,"Missing",0.881995827702965,2.01146734321008
2005,1,0.24,8000,1,0.93,"Missing",0.845688096145416,1.70117470708446
2005,1,0.29,3000,0,0.79,"Missing",0.935540998435348,2.67509558286807
2005,1,0.24,1500,1,0.88,"Missing",0.651506311771696,0.625666965795407
2005,0,0.09,6500,0,0.09,"AA",0.000251055585241086,-8.28958510110132
2005,0,0.24,23000,0,0.82,"B",0.0151554233369239,-4.17412539460031
2005,1,0.29,4200,0,1,"Missing",0.974625192109208,3.64829611221359
2005,1,0.26,1500,0,0,"Missing",0.937468761077977,2.70751718114762
2005,0,0.11,2500,1,0,"B",0.00500152995141034,-5.29299734360711
2005,1,0.29,6500,0,0.95,"Missing",0.917680942913672,2.41124713625725
2005,0,0.12,15000,0,0.55,"A",0.000858059736545338,-7.05997840980614
2005,0,0.14,6001,0,0.54,"A",0.000185299595817986,-8.59335128913994
2005,0,0.29,2000,0,0,"Missing",0.746998970546856,1.08267024931121
2005,0,0.23,3500,1,0.95,"D",0.107948819538472,-2.11186628649396
2005,0,0.11,1000,0,0.03,"AA",0.000985876409637703,-6.9209931937076
2005,0,0.25,15000,0,0,"C",0.0527646271218222,-2.88770658278261
2005,1,0.29,5000,0,1,"Missing",0.970795137225984,3.50378023603616
2005,0,0.14,8000,0,0.74,"B",0.000761343664402309,-7.17966407260956
2005,0,0.19,25000,0,0.72,"A",0.00635419200364285,-5.0522660600223
2005,1,0.24,3000,0,0,"Missing",0.940328070550154,2.75736710924433
2005,0,0.1,5000,0,0.71,"AA",0.00191160496032525,-6.2578986619995
2005,0,0.17,25000,0,0.06,"AA",0.00459576765882032,-5.37801311251782
2005,1,0.29,2000,1,1.08,"Missing",0.967357665187098,3.38895823819998
2005,1,0.23,5000,0,0.39,"D",0.197306200022756,-1.40321648427038
2005,0,0.19,13500,0,0.78,"B",0.00013553628586789,-8.90613561563981
2005,0,0.17,5500,0,0.07,"C",0.000868797908035482,-7.04753084113396
2005,0,0.14,3500,0,0.65,"B",0.000804995907209623,-7.12386804467988
2005,0,0.26,10000,0,0.46,"D",0.0175860238106924,-4.02290829895559
2005,0,0.2,10000,0,0.85,"D",0.0628788212143255,-2.70160319886821
2005,0,0.15,9000,0,0.3,"B",0.00180244364736282,-6.31680788288939
2005,0,0.2,1000,1,0.9,"D",0.145684229841272,-1.76885940957843
2005,0,0.24,17500,0,0.15,"D",0.067135326957529,-2.63154975769381
2005,1,0.29,3001,1,0,"Missing",0.872903918077747,1.92688213931956
2005,0,0.15,1000,0,0,"D",0.33785264687631,-0.672878274528823
2005,1,0.29,7000,0,0.7,"D",0.62978581469111,0.531298067534079
2005,1,0.24,1000,1,0.98,"Missing",0.751827214586003,1.10838131076089
2005,1,0.29,1000,1,1.09,"Missing",0.950631835112608,2.95782107213456
2005,0,0.22,15000,0,0.04,"D",0.059019042734101,-2.76906275264566
2005,0,0.11,6100,0,0.76,"B",0.00463229459988728,-5.37005988279641
2005,0,0.2,3300,0,0.55,"D",0.053211108548537,-2.87880896298752
2005,0,0.21,6001,1,0,"D",0.0375139876418434,-3.2448056662312
2005,0,0.19,18000,0,0.76,"C",0.125323750718278,-1.94295342230575
2005,1,0.26,9000,1,0.83,"Missing",0.93131076196797,2.60700048000331
2005,0,0.17,5000,0,0.17,"C",0.0159289336104193,-4.12356093692479
2005,1,0.29,5000,0,0,"Missing",0.846067146147279,1.70408223203655
2005,0,0.17,5500,0,0.07,"C",0.0916025833036836,-2.29422249314433
2005,0,0.17,10000,0,0.62,"B",0.000722529224935019,-7.23202989868373
2005,0,0.13,4250,1,0.99,"B",0.00737742944851389,-4.90192523698582
2005,0,0.15,1500,1,0.85,"D",0.0225358793772074,-3.76985290782998
2005,0,0.14,10000,0,0.65,"C",0.0357562623602724,-3.29461867781107
2005,0,0.28,3200,0,0.93,"D",0.0840663432621879,-2.38833764705387
2005,1,0.29,25000,1,0.97,"D",0.439269782376112,-0.244126131588363
2005,0,0.18,15000,0,0.58,"C",0.010888598916537,-4.50909069453831
2005,1,0.25,10000,0,0.87,"Missing",0.967667541969361,3.39881696165442
2005,1,0.29,2500,0,0,"Missing",0.973888747563227,3.61893072563888
2005,0,0.14,9500,0,0.77,"A",0.0241737843665552,-3.69801575746529
2005,0,0.15,20000,0,0.66,"A",0.00331583144843863,-5.70572553178418
2005,0,0.15,5000,0,0.53,"A",0.00220172286407289,-6.11631095484381
2005,0,0.18,15000,1,0.02,"C",0.0394078828897264,-3.19358401334728
2005,0,0.17,5600,0,0.84,"C",0.0185199505760798,-3.97021312635513
2005,1,0.27,3750,0,0.88,"Missing",0.868163780805658,1.88481999590263
2005,1,0.28,2500,1,1.04,"Missing",0.920481397925947,2.44890580916405
2005,0,0.16,3500,0,0.53,"B",0.000316639737815287,-8.05742921425305
2005,1,0.23,4000,1,1,"Missing",0.990034279349498,4.59858829892107
2005,0,0.08,2600,0,0,"A",0.00196039299823614,-6.23264799945122
2005,0,0.22,25000,1,0.69,"AA",0.0030959759142174,-5.77455132456807
2005,1,0.29,11700,0,0.56,"Missing",0.588054087317943,0.355926868069194
2005,0,0.29,3000,1,0.53,"D",0.446424828817121,-0.215126523925374
2005,0,0.1,2550,0,0.58,"A",0.00033331518237777,-8.00608865125532
2005,0,0.15,20000,0,0.37,"A",0.00173827142542027,-6.35312430923223
2005,0,0.24,4000,0,1,"Missing",0.67849082338838,0.746844867946357
2005,1,0.26,1000,1,0,"Missing",0.958785564730166,3.14687888127097
2005,0,0.1,6500,0,0.67,"A",0.00675020792909797,-4.99140887663172
2005,0,0.2,6500,1,0.9,"C",0.102260763474582,-2.17235358800676
2005,0,0.12,5250,1,0.39,"B",0.000969767396444257,-6.93748407477793
2005,0,0.29,12500,0,0.96,"D",0.272524897586593,-0.981849797753472
2005,0,0.15,12000,0,0.94,"B",0.000386742936511514,-7.85736351464353
2005,1,0.26,3675,0,0.85,"Missing",0.916082609529425,2.39027367752012
2005,0,0.21,7000,0,0.78,"D",0.0603784359173246,-2.7448451828438
2005,0,0.29,2501,0,1.07,"Missing",0.808177852098665,1.43821351856219
2005,0,0.19,6000,1,0.61,"D",0.0240252586508497,-3.70433098561033
2005,0,0.25,15000,0,0.65,"D",0.606703131736183,0.433474880163695
2005,0,0.1,7000,0,0.07,"AA",0.000381755283863433,-7.87034894462878
2005,0,0.1,5000,0,0.43,"A",0.00115660499224257,-6.76110902156485
2005,1,0.29,3000,1,0.92,"Missing",0.932664244080936,2.62835388198916
2005,0,0.16,3800,0,0,"B",0.00197677021828576,-6.22431224241448
2005,0,0.25,7000,0,0.96,"D",0.485747939208208,-0.0570236901446108
2005,0,0.15,5500,0,0.28,"C",0.00241895983373338,-6.02199576174058
2005,0,0.1,7500,0,0,"AA",0.000892885534367476,-7.02015888190903
2005,0,0.11,13000,0,0.82,"A",0.00029758072693793,-8.11952739372289
2005,1,0.29,5000,0,1,"Missing",0.972543448999581,3.56730996053648
2005,0,0.15,12000,0,0.45,"AA",0.00105181489013601,-6.85618577166054
2005,0,0.1,1000,0,0.3,"AA",0.00299628037058663,-5.80738285786255
2005,0,0.15,3000,0,0.46,"B",0.000671766854493794,-7.30492722776629
2005,0,0.13,13000,0,0.81,"B",0.00214768672293413,-6.1412139625964
2005,0,0.15,2000,1,0.49,"D",0.238582226029619,-1.16046817333921
2005,0,0.24,1750,1,0.91,"Missing",0.919899045145455,2.44097615570027
2005,0,0.15,9500,0,0.36,"A",0.00110152856555012,-6.8099543230458
2005,1,0.22,6500,1,0.97,"Missing",0.96608576586321,3.34941780250895
2005,0,0.16,17000,0,0,"A",0.000605896824480104,-7.40819476256962
2005,0,0.17,10000,0,0.39,"A",0.000474123081785603,-7.65356936824861
2005,0,0.17,7000,0,0.51,"B",0.0013815184046029,-6.58318961792043
2005,0,0.15,4999,0,0.89,"C",0.0979876989427109,-2.21978620770602
2005,0,0.17,3000,1,0.59,"C",0.0203225060372476,-3.8754944859996
2005,0,0.2,5000,0,0.7,"D",0.0979398319282303,-2.22032789281329
2005,0,0.29,8000,0,0.8,"D",0.163959140684287,-1.62906023205578
2005,0,0.17,15000,0,0.96,"B",0.0042766147958351,-5.45030773222644
2005,0,0.22,5000,1,0,"D",0.17145223012025,-1.57536980724493
2005,0,0.14,3500,0,0.65,"B",0.00305494322451301,-5.78793465188974
2005,0,0.09,2500,0,0.04,"A",0.000875035204084166,-7.04037102090608
2005,0,0.17,20000,1,0.55,"B",0.0714678296768107,-2.56435761396222
2005,0,0.18,12000,0,0.54,"B",0.00105565426773136,-6.852538333423
2005,0,0.23,10000,1,0,"D",0.0684983072486346,-2.60998897400766
2005,0,0.22,6001,0,0.25,"Missing",0.480278308230574,-0.078927715473307
2005,0,0.18,6000,0,0.75,"C",0.00808935741374046,-4.8090837269722
2005,0,0.17,1500,0,0.92,"D",0.111342442433821,-2.07710144248787
2005,0,0.19,6001,0,0.2,"C",0.00614791296753454,-5.08547572042944
2005,0,0.12,5250,1,0.39,"B",0.00467625723825398,-5.3605699992924
2005,0,0.2,24000,0,0.76,"C",0.0750080591540813,-2.51218946172432
2005,1,0.29,2550,0,0,"Missing",0.869759856395043,1.89883714154246
2005,0,0.28,2550,0,0.94,"Missing",0.715362024030638,0.921570628820928
2005,0,0.14,1000,0,0,"B",0.000153881505401966,-8.77917380382113
2005,1,0.23,6001,1,0.85,"Missing",0.964997141149052,3.31669539918543
2005,0,0.28,12000,1,0.87,"D",0.183208309364986,-1.49476028571977
2005,0,0.15,9500,0,0.36,"A",0.00409231063229331,-5.49454481462835
2005,0,0.17,4600,0,0.88,"B",0.00987298870128643,-4.60803061491741
2005,0,0.1,7000,0,0.07,"AA",0.000724802755160471,-7.2288859364211
2005,1,0.29,3000,1,0.61,"Missing",0.899051608981957,2.18673103369575
2005,0,0.2,5000,0,0.08,"D",0.267580527319972,-1.00693284219635
2005,0,0.29,3000,0,0.91,"Missing",0.713712444955052,0.913483400134109
2005,1,0.25,2000,1,1.4,"Missing",0.991162726812782,4.71990035942383
2005,0,0.25,25000,0,0.47,"AA",0.00286110221298121,-5.85368313624982
2005,1,0.27,3000,1,0.65,"Missing",0.897115346415331,2.16557595251428
2005,0,0.13,10000,0,0.15,"A",0.00101859017670372,-6.88831667818744
2005,1,0.26,2000,1,0,"Missing",0.728875706033302,0.988925853147702
2005,0,0.29,12000,1,0.18,"C",0.0318032184336734,-3.41586786008773
2005,0,0.12,4000,0,0,"B",0.000145912198529011,-8.83235957425092
2005,1,0.28,2000,1,0.97,"Missing",0.92523771300533,2.51573711825629
2005,1,0.07,1500,1,0.91,"Missing",0.92930322960375,2.57603519839864
2005,0,0.15,4500,0,0.96,"A",0.000618418052914734,-7.3877272588239
2005,0,0.2,5128,0,0,"Missing",0.821130759186068,1.52402732431242
2005,0,0.1,2000,0,0.06,"AA",0.00311759632506598,-5.76757051655812
2005,1,0.29,2200,0,1.06,"Missing",0.945857816459386,2.8604786432826
2005,1,0.29,8500,1,0.87,"Missing",0.977392414715354,3.76660274209963
2005,0,0.19,7000,0,1,"C",0.0357969871908871,-3.29343813345287
2005,0,0.17,6300,0,0.41,"C",0.0391322671932041,-3.2008893899717
2005,0,0.2,8000,1,0.52,"D",0.141418220635857,-1.80356033026129
2005,1,0.29,3000,1,0,"Missing",0.887935473380252,2.06982423931052
2005,0,0.21,10000,0,0.21,"D",0.0778014933954596,-2.47259987407329
2005,0,0.12,7000,0,0.2,"B",0.0011884283744085,-6.73393440340231
2005,0,0.16,9000,0,0.05,"B",0.000502187189322181,-7.59603530735414
2005,1,0.29,5824,0,0,"Missing",0.95513002626741,3.05807864979602
2005,0,0.14,11500,1,0.36,"A",0.0156899142329124,-4.13892287484557
2005,0,0.19,20000,1,0.82,"B",0.0109961245076082,-4.49915535698218
2005,0,0.09,6100,0,0.48,"A",0.00227911561372013,-6.08168608323266
2005,0,0.15,14000,0,0.69,"B",0.00732988053398708,-4.90843918533921
2005,1,0.29,3000,0,0.92,"Missing",0.966781931622752,3.3708790036934
2005,0,0.09,7000,0,0.17,"AA",0.000360106188052426,-7.92875143215413
2005,0,0.15,3000,0,0.27,"C",0.0317658208809303,-3.41708308190295
2005,0,0.09,2000,0,0.02,"AA",0.00196299666031285,-6.23131813914387
2005,0,0.23,18000,0,0.58,"C",0.0708319725232219,-2.57397910357324
2005,1,0.29,3500,1,0.95,"Missing",0.988163307093406,4.42464369955063
2005,1,0.27,2400,0,0,"Missing",0.861822271696964,1.83050832528242
2005,1,0.17,5500,0,0.91,"C",0.0213474526972111,-3.8252442528689
2005,0,0.29,10000,0,0.62,"C",0.0403677260910659,-3.16851955649165
2005,0,0.22,5600,0,0.94,"D",0.191993323673798,-1.43710972237601
2005,0,0.14,14100,0,0.73,"B",0.00152684695511904,-6.48302246985005
2005,0,0.15,5500,0,0.28,"C",0.00800982454106057,-4.81904434761045
2005,1,0.29,5100,0,0.66,"Missing",0.925135494878879,2.514260326451
2005,1,0.24,9950,0,0,"D",0.0788605077775894,-2.45793091473611
2005,0,0.14,3000,0,0.85,"C",0.00605579323227142,-5.10066570214022
2005,0,0.2,25000,0,0.08,"B",0.0039965478072252,-5.51831978334991
2005,0,0.23,6001,0,0.42,"C",0.0462245686502034,-3.02691680112662
2005,0,0.2,4500,0,0.39,"D",0.041879136055682,-3.13018617604751
2005,0,0.14,7000,0,0.32,"A",0.00236233925668269,-6.04573780642823
2005,0,0.14,7500,0,0.67,"B",0.000211552071995975,-8.46082781203804
2005,1,0.29,5000,0,0,"Missing",0.856798322640689,1.78894859356839
2005,0,0.17,4600,0,0.88,"B",0.000389369868209797,-7.85059140237457
2005,0,0.09,2500,0,0.04,"A",0.0154260898807566,-4.15614874495333
2005,1,0.28,4000,0,0.53,"Missing",0.978445961933,3.8154023796024
2005,1,0.29,5000,0,0,"Missing",0.9658464613028,3.34213867600789
2005,1,0.29,2975,0,0.96,"Missing",0.456540141265293,-0.174279218017519
2005,0,0.1,1500,1,0.79,"A",0.000482857483187326,-7.63530603962055
2005,0,0.08,3001,0,0.14,"AA",0.000276616192224536,-8.19260294577063
2005,0,0.15,2000,1,0,"C",0.020644060084346,-3.85946752066212
2005,0,0.08,1000,0,0,"AA",0.000100365424303576,-9.20659241900406
2005,0,0.15,8575,0,0.9,"B",0.000203604508462899,-8.499127504567
2005,0,0.15,5000,0,0.33,"B",0.000477005442599429,-7.64750553783345
2005,1,0.29,3000,1,1.01,"Missing",0.897035432495114,2.16471043814855
2005,0,0.18,3000,1,0.95,"D",0.220292165840122,-1.26396458607321
2005,1,0.29,3000,1,0.82,"Missing",0.957600085728089,3.11728390342068
2005,1,0.27,7500,0,0.94,"Missing",0.976042903505593,3.70724195942122
2005,0,0.25,15000,0,0.79,"D",0.113761971595388,-2.05287727252014
2005,0,0.17,4000,1,0.76,"D",0.201084745049781,-1.37952843988239
2005,1,0.25,2800,0,0.97,"Missing",0.962089724655056,3.23388552256505
2005,1,0.29,5000,1,0.96,"Missing",0.826486092002737,1.56092533199493
2005,0,0.1,2000,0,0,"AA",0.00679336539921811,-4.98499227432239
2005,0,0.12,5250,1,0.39,"B",0.00155184750523063,-6.46675606611991
2005,0,0.25,14000,0,0.8,"D",0.381225431464389,-0.484350136034304
2005,0,0.17,10000,0,0.76,"C",0.148071092255114,-1.74981057022728
2005,0,0.17,6500,0,0.79,"C",0.00572285283816912,-5.15754855888584
2005,0,0.1,2000,0,0,"B",0.000107320823650238,-9.13958053114
2005,1,0.28,4750,1,0.14,"Missing",0.941978448439187,2.7871678756371
2005,1,0.24,4000,0,0.99,"Missing",0.923577065414812,2.49197140341292
2005,0,0.17,7500,0,0.2,"C",0.0450409275006256,-3.0540969071011
2005,0,0.1,2000,0,0,"A",0.000708660051715527,-7.25142571086602
2005,0,0.22,6001,1,0.22,"C",0.088521766842363,-2.33181923879618
2005,0,0.16,10000,0,0.35,"AA",0.000667148858743016,-7.31182998892099
2005,1,0.29,3500,0,0.71,"Missing",0.981056045175433,3.94714471457554
2005,0,0.2,3500,0,1,"D",0.0505040221420372,-2.93387831469345
2005,0,0.1,4000,0,0.88,"A",0.00383850910265806,-5.55882534720337
2005,0,0.1,10000,0,0.15,"AA",0.00137215215881996,-6.59000175847607
2005,0,0.22,7300,0,0.74,"D",0.198140205188863,-1.39795888602682
2005,1,0.2,1500,0,0.74,"Missing",0.696069948899591,0.828652576711172
2005,1,0.28,3500,0,0,"Missing",0.941750754570867,2.78300950945952
2005,0,0.16,7000,0,0.98,"C",0.0475367109786543,-2.99754928930372
2005,1,0.23,3100,0,0.78,"Missing",0.646284593290705,0.602747299705352
2005,0,0.2,5000,0,0.81,"C",0.00324406713097324,-5.72767810853025
2005,0,0.29,2000,1,0.98,"Missing",0.715666567669364,0.923066763884965
2005,1,0.29,5000,0,0.46,"Missing",0.733664496159871,1.0132950277643
2005,0,0.23,7500,0,0.89,"D",0.11727890276813,-2.01845441010169
2005,1,0.29,3000,1,0.53,"D",0.240733502152753,-1.14866231138028
2005,0,0.23,1525,0,0.56,"D",0.0195108933692689,-3.91707859164701
2005,0,0.15,9800,0,0.94,"B",0.00114637678917981,-6.7700018939765
2005,0,0.15,4200,0,0.3,"C",0.0295009999078222,-3.49338621435505
2005,0,0.17,5600,0,1.09,"B",0.000392341586956533,-7.84298528374795
2005,0,0.08,1500,1,0.22,"AA",0.00127719751370351,-6.66180902997745
2005,0,0.22,9000,0,0.95,"D",0.00689370137126394,-4.97022955631807
2005,0,0.15,15000,0,0.65,"B",0.025508483977878,-3.64290471108418
2005,1,0.11,5000,1,0,"Missing",0.265325034467587,-1.01847255808272
2005,1,0.25,3500,1,0,"D",0.464974898313665,-0.140330242826104
2005,0,0.17,4000,1,0.31,"D",0.392491255112193,-0.436852312982822
2005,0,0.29,2800,0,0.99,"C",0.0440855071723112,-3.0765373735105
2005,0,0.15,4000,0,0.95,"C",0.0347433598324339,-3.32440554454796
2005,1,0.23,1800,0,0,"Missing",0.988640905230504,4.46631245261022
2005,0,0.14,8000,0,0.44,"A",0.000307604413999795,-8.08638831889753
2005,0,0.15,3500,0,0.3,"C",0.00935666358615065,-4.6622657943655
2005,0,0.17,6000,0,0.6,"C",0.00245266490418299,-6.008124451953
2005,1,0.29,22000,0,0.83,"D",0.203756211722422,-1.36298116699723
2005,1,0.29,3000,0,0.63,"Missing",0.585632819675067,0.345940515852415
2005,1,0.23,3500,0,0.92,"Missing",0.880728413262659,1.99934617318206
2005,0,0.23,5000,0,0.39,"D",0.072653267758187,-2.54662916409929
2005,0,0.16,8200,0,0.87,"C",0.0587953783784849,-2.77309731438109
2005,0,0.25,2550,0,0.86,"D",0.0589524655849099,-2.77026220196869
2005,1,0.23,6001,0,1.2,"Missing",0.95443184019883,3.04190700905371
2005,0,0.14,14100,0,0.73,"B",0.00029521805386921,-8.12750104737521
2005,0,0.23,5000,1,0.98,"D",0.349628598178522,-0.620672144121831
2005,0,0.12,6000,0,0.03,"AA",0.00061727240899993,-7.38958266282129
2005,0,0.15,20000,0,0.66,"A",0.000256177448256747,-8.26938398608702
2005,0,0.1,6000,0,0.52,"A",0.00227313070403375,-6.08432151470295
2005,0,0.15,9990,0,0.2,"A",0.00018256502301699,-8.60822157620403
2005,0,0.24,15000,0,1.03,"D",0.346479800469565,-0.634548921322507
2005,0,0.15,3500,0,0.32,"C",0.00118087297778893,-6.74031973158713
2005,0,0.15,2500,1,0.9,"C",0.122070880547365,-1.97296399670534
2005,0,0.15,9000,0,0.3,"B",0.000119319301930008,-9.03358812231601
2005,0,0.28,9900,0,0.33,"D",0.173498809706945,-1.56103061853635
2005,0,0.2,7500,1,0.52,"D",0.315124054331259,-0.776271336076461
2005,0,0.23,3000,0,0.89,"Missing",0.933019809984949,2.63402952893446
2005,0,0.23,6300,0,0.76,"D",0.0632150261743172,-2.69591174344305
2005,0,0.24,11520,0,0.6,"D",0.0422721807177833,-3.1204344206702
2005,0,0.26,5050,1,0,"D",0.569941361853556,0.281611914422783
2005,0,0.24,1000,0,0.92,"Missing",0.929096960356549,2.57289979915987
2005,1,0.29,2500,0,0.96,"Missing",0.904398392686286,2.24708033036574
2005,0,0.19,23000,0,0.27,"A",0.0313012381950299,-3.43229603251843
2005,1,0.29,2100,0,0,"Missing",0.908697530529223,2.29783445400337
2005,1,0.26,5000,0,0.61,"D",0.283654260804463,-0.926406821380386
2005,0,0.12,15000,0,0,"AA",0.0181565769811738,-3.99039898543362
2005,1,0.29,2560,0,1,"Missing",0.977108410543975,3.75382803813621
2005,0,0.17,2000,0,0.53,"A",0.00276850392317917,-5.88667586130666
2005,0,0.29,5000,0,1,"D",0.413753448328879,-0.34847017674615
2005,1,0.29,4600,0,0.9,"Missing",0.959140220024346,3.15589107448729
2005,0,0.25,13000,0,0.93,"D",0.0613167362917702,-2.72842528157836
2005,0,0.14,22000,0,0.77,"B",0.000117242862511009,-9.05114577686133
2005,0,0.15,1000,0,0,"D",0.28421641567888,-0.923641889732857
2005,1,0.29,20000,1,0.99,"Missing",0.95538928110339,3.06414471746145
2005,1,0.17,7500,0,0.2,"C",0.0499260431557298,-2.94599705733437
2005,0,0.13,5500,0,0.34,"B",0.000599439445323955,-7.41891597805138
2005,1,0.29,5108,0,0,"Missing",0.698536790537889,0.840339864366886
2005,0,0.14,7000,0,0.55,"C",0.0168194397309252,-4.0682574418628
2005,0,0.25,3000,0,0.71,"D",0.320447040097374,-0.751718148871297
2005,1,0.29,3000,1,0.4,"Missing",0.911198427783988,2.32835633172022
2005,0,0.17,20000,1,0.01,"AA",0.00166549136456679,-6.39596820539615
2005,0,0.17,3000,0,0.53,"C",0.0511801176791635,-2.91986785320411
2005,0,0.29,2500,1,0,"Missing",0.697364093493437,0.834777192388562
2005,0,0.15,5000,0,0.92,"B",0.0112471759930894,-4.47632730091383
2005,0,0.09,5000,0,0.28,"AA",0.000368476797097184,-7.90576426943093
2005,1,0.29,5500,0,0.99,"Missing",0.589821808474702,0.363228792990668
2005,1,0.29,2000,0,0.98,"Missing",0.975246413236009,3.67371977231867
2005,0,0.16,15000,0,0.46,"AA",0.000549233353456643,-7.50643777069275
2005,0,0.15,2000,1,0,"Missing",0.301020118187699,-0.842444860087001
2005,1,0.07,1000,1,1.06,"Missing",0.636898337370496,0.56192718947574
2005,0,0.23,15000,0,0.06,"D",0.294252127104081,-0.874821078151364
2005,0,0.29,12500,0,0.96,"D",0.285355329128817,-0.918050282779253
2005,1,0.29,2000,0,0.28,"Missing",0.984880529884129,4.17653701946754
2005,0,0.24,25000,0,0.42,"C",0.29944476423628,-0.849943240622726
2005,0,0.1,5000,0,0.43,"A",0.000392663674706845,-7.84216436125468
2005,1,0.07,1000,1,0,"Missing",0.216998442987946,-1.28324450616601
2005,1,0.29,2550,0,0.91,"Missing",0.608531080056084,0.441141862469709
2005,0,0.15,4500,1,0.49,"C",0.00569943435611429,-5.16167260672552
2005,0,0.19,13000,1,0.89,"C",0.257045282422256,-1.06138283190385
2005,0,0.1,6000,0,0.52,"A",0.00233679368017072,-6.05663598313115
2005,0,0.29,25000,0,0.44,"AA",0.00352561057700525,-5.64416980419437
2005,0,0.15,1800,1,1.02,"D",0.0785930675599519,-2.46161827972255
2005,1,0.29,5000,1,0,"Missing",0.966182055543654,3.35236071706506
2005,1,0.28,3001,0,0.75,"Missing",0.980303127144561,3.90740195240883
2005,0,0.26,1000,0,0,"Missing",0.460016060507011,-0.160277994417046
2005,0,0.1,8000,0,0.45,"AA",0.000839073067675608,-7.08237334099708
2005,0,0.18,15000,0,0.58,"C",0.00127262911889543,-6.66539690640806
2005,1,0.29,4000,0,0.77,"Missing",0.903805956836853,2.24024725346147
2005,0,0.2,3000,0,0.89,"D",0.0946010975632068,-2.25870654462131
2005,0,0.09,3500,0,0.14,"AA",0.000239515835961055,-8.33665147785175
2005,0,0.18,10000,0,0.15,"B",0.00854827315595986,-4.75344096729238
2005,1,0.29,3500,1,0,"Missing",0.984466008496611,4.14906874778773
2005,0,0.14,7000,0,0.32,"A",0.00206460229557741,-6.1807509275333
2005,0,0.16,4200,1,0.83,"C",0.0285721274275436,-3.52633534554031
2005,0,0.14,5000,0,0,"B",0.000471944304070439,-7.65817752348718
2005,0,0.17,6500,0,0.79,"C",0.098245178366506,-2.21687649234793
2005,0,0.17,7500,0,0.62,"D",0.0257507704286184,-3.63320260720685
2005,1,0.29,5000,0,0.89,"Missing",0.932700883493945,2.62893744410734
2005,0,0.19,25000,0,0.85,"A",0.00186180334289274,-6.28434618311399
2005,0,0.15,2200,1,0,"C",0.0242064237210687,-3.69663302337142
2005,0,0.19,10000,1,1.02,"C",0.0170292195801592,-4.05564872735704
2005,1,0.29,5000,1,0.65,"D",0.315980483655438,-0.7723059987874
2005,0,0.29,11000,0,0.98,"D",0.150540100592183,-1.73037123724775
2005,1,0.25,10000,0,0.87,"Missing",0.764392699507504,1.17691522359478
2005,0,0.12,25000,0,0.07,"AA",0.0047209738085803,-5.35100803248445
2005,0,0.13,6001,0,0.94,"A",0.000348260661855627,-7.96221100893206
2005,0,0.15,25000,0,0,"A",0.0370267625885797,-3.25838465617776
2005,1,0.29,4090,1,0.58,"Missing",0.991522595535603,4.76183741130344
2005,1,0.29,7900,1,0.99,"Missing",0.991480830525912,4.75688075743879
2005,1,0.2,5000,0,0.87,"D",0.284080656915629,-0.924309310227761
2005,1,0.29,3500,0,0.83,"Missing",0.759997233198836,1.15266434113218
2005,1,0.29,16900,0,0.04,"D",0.807007205204233,1.43067974106846
2005,1,0.29,2550,0,0.99,"Missing",0.93756170622652,2.70910380623676
2005,0,0.12,9000,0,0.12,"A",0.00319345263661729,-5.74345405366724
2005,0,0.09,2000,0,0.02,"AA",0.00334363139518649,-5.69734858472506
2005,1,0.29,2400,0,0.87,"Missing",0.468158737457987,-0.127537645126673
2005,0,0.17,1200,0,0.94,"D",0.165823457370894,-1.61552134915198
2005,1,0.29,5000,0,0.78,"Missing",0.962840181537523,3.25465941044228
2005,0,0.08,2000,0,0.23,"AA",0.000257457169139807,-8.26439969481614
2005,1,0.24,3000,0,0,"Missing",0.676871097350332,0.739429529028836
2005,1,0.25,7000,0,1.02,"C",0.281054154386306,-0.939238664847678
2005,0,0.15,5000,0,0.53,"A",0.00162345645538651,-6.42157301253573
2005,0,0.17,18000,0,0.22,"B",0.000596030981815684,-7.42462170065887
2005,0,0.18,15000,0,0.65,"B",0.00165959477594411,-6.39952084386173
2005,0,0.29,4000,0,0.95,"Missing",0.798925772810655,1.37959391195125
2005,0,0.13,8500,0,0.21,"AA",0.00145306181706509,-6.53262823232811
2005,0,0.09,1000,0,0.18,"AA",0.000880319985481979,-7.03434438902514
2005,1,0.29,2400,0,1.05,"Missing",0.97852585337461,3.81919747889118
2005,0,0.09,3600,0,0.23,"AA",0.000275693259264112,-8.19594595849548
2005,0,0.21,3001,1,0,"C",0.0452655088855429,-3.04888793282383
2005,0,0.22,15000,0,0.95,"C",0.123239433032814,-1.96210486817155
2005,0,0.16,7000,0,0.98,"C",0.00697354009974048,-4.95863430901196
2005,0,0.1,5200,0,0,"A",0.000816554649241174,-7.10959982848438
2005,0,0.17,12000,1,0.51,"A",0.00397719181721594,-5.52319416040598
2005,0,0.18,2500,0,0.87,"D",0.0551464888665701,-2.84103682228869
2005,0,0.2,8000,1,0.52,"D",0.0565980010610079,-2.81351882207262
2005,0,0.2,15000,0,0.93,"D",0.0233879300814959,-3.73186942986753
2005,0,0.13,15000,0,0.09,"AA",0.0111986161829143,-4.48070327062329
2005,0,0.18,15000,0,0.61,"A",0.000256701550397727,-8.26733969587529
2005,0,0.17,1000,1,0.59,"D",0.164896036039364,-1.62224103413376
2005,1,0.29,6000,0,0,"Missing",0.906344232121429,2.26979316430789
2005,1,0.22,12150,0,0,"D",0.179273440063373,-1.52127775828304
2005,0,0.25,4000,0,0.45,"D",0.143473105684935,-1.78673811671707
2005,0,0.07,1000,0,0.34,"AA",0.000796485011348426,-7.13450544456102
2005,0,0.2,3000,0,0.39,"D",0.092514692409252,-2.28330990726338
2005,1,0.22,6001,0,0,"D",0.0552919605021833,-2.83824840859331
2005,0,0.13,7500,0,0.92,"B",0.00261027013897949,-5.94568787864466
2005,0,0.19,19900,0,0.75,"C",0.10428754817159,-2.15046746702952
2005,1,0.28,4750,1,0.14,"Missing",0.966399694278506,3.35904234504788
2005,0,0.21,15500,0,0.66,"A",0.0339622658324689,-3.34795281589112
2005,1,0.29,2600,0,0.98,"Missing",0.983587415172796,4.09315810753387
2005,1,0.22,17500,0,0,"AA",0.00962961535247947,-4.63323571668461
2005,1,0.17,2000,0,0.79,"D",0.326358576147686,-0.724701253531316
2005,0,0.18,13000,0,0.73,"C",0.00209544474714798,-6.16589181506695
2005,1,0.29,3500,0,0,"Missing",0.967430643869901,3.39127188612165
2005,0,0.22,25000,1,0.69,"AA",0.00477341306889683,-5.33990885968926
2005,1,0.29,3500,0,0.99,"Missing",0.893810376946588,2.13026725367976
2005,0,0.28,6000,0,0.86,"Missing",0.770383811876056,1.2104796799149
2005,0,0.23,10000,1,0.64,"C",0.187045980650675,-1.46932007872041
2005,0,0.25,2550,0,0.86,"D",0.138415928484088,-1.82850951180862
2005,0,0.15,2500,0,0.94,"D",0.0243575610668634,-3.69025384831571
2005,1,0.11,1000,0,0.97,"Missing",0.212466085782005,-1.31012405613849
2005,0,0.2,6500,0,0.9,"D",0.161303746873865,-1.64855939241673
2005,0,0.18,3000,0,0.79,"B",0.00322701813434916,-5.73296451017288
2005,1,0.29,3001,0,0.92,"Missing",0.981133141977619,3.95130133200788
2005,1,0.26,2550,1,0.51,"Missing",0.953495502968701,3.02058569042051
2005,1,0.29,4750,1,1.19,"Missing",0.961696211885692,3.22314981505905
2005,0,0.25,15000,0,0.45,"C",0.157167436310896,-1.67945660830105
2005,1,0.25,8500,0,0.86,"Missing",0.980050814516689,3.89441610726985
2005,0,0.15,11000,0,0.54,"B",0.00618125767475873,-5.08003308023567
2005,0,0.13,9000,0,0.26,"AA",0.00205044551441065,-6.18764563478471
2005,1,0.15,1000,0,0,"Missing",0.512691654193718,0.0507775241778075
2005,0,0.1,6000,0,0.02,"AA",0.000410143230846041,-7.79859388838265
2005,0,0.15,3500,0,0.9,"C",0.0473104059278743,-3.00255886631096
2005,0,0.17,5500,0,0.91,"C",0.0474865370775405,-2.99865800028254
2005,0,0.29,3000,0,0.85,"D",0.245641249401926,-1.12199591564057
2005,0,0.29,8500,1,0.93,"B",0.0326895952530288,-3.38746260232475
2005,0,0.15,3500,0,0.56,"C",0.00420332358438494,-5.46766755463161
2005,1,0.29,2550,0,1.16,"Missing",0.848149511220593,1.72016052033564
2005,0,0.17,1500,0,0.77,"Missing",0.292315853044706,-0.884162967858822
2005,0,0.11,14000,0,0.29,"AA",0.00205367124587937,-6.18607045292593
2005,0,0.15,5000,0,0,"C",0.00537132511076226,-5.22129483657861
2005,0,0.15,5000,0,0.41,"B",0.0033841174640574,-5.68527226969868
2005,0,0.26,7300,0,0,"C",0.00581505872176308,-5.14147236272879
2005,0,0.1,4999,0,0.06,"AA",0.00114332772651581,-6.77266822858218
2005,0,0.17,25000,0,0.78,"B",0.00119105696734067,-6.73172239139316
2005,0,0.1,2000,0,0,"A",0.000679570721660938,-7.29336944908319
2005,1,0.24,3000,0,0.56,"Missing",0.930555517313063,2.59525411516871
2005,0,0.14,4000,0,0.18,"B",0.00115181027027238,-6.7652679521029
2005,1,0.25,6500,0,0.64,"D",0.207801158627241,-1.3382307683088
2005,1,0.29,2100,0,1,"Missing",0.644793107444021,0.596229086039273
2005,0,0.2,8000,0,0.84,"D",0.267408086467997,-1.00781290694137
2005,0,0.16,5000,1,0.69,"C",0.00538711745408615,-5.21834315197941
2005,0,0.23,6300,0,0.76,"D",0.0708796636866533,-2.573254702135
2005,0,0.22,4500,1,0.68,"D",0.030333344066398,-3.4647047870723
2005,0,0.05,1000,0,0.42,"D",0.00249269080593393,-5.99189670429646
2005,1,0.29,3000,0,0,"Missing",0.97837547722825,3.81206553568523
2005,0,0.19,4400,0,0.98,"D",0.0292678940251596,-3.50155938707377
2005,0,0.14,7500,0,0.14,"A",0.00467657189830331,-5.36050239655119
2005,0,0.22,15000,0,0.83,"D",0.0227329961761656,-3.76094245907707
2005,0,0.15,16000,0,0.24,"C",0.00145791401867206,-6.52928964142942
2005,1,0.23,8000,1,0.74,"D",0.31120358120015,-0.794498453962209
2005,0,0.29,25000,0,0.6,"D",0.14045461738939,-1.81151919591397
2005,0,0.11,4500,1,0.97,"AA",0.00468105449588546,-5.35953982985678
2005,1,0.17,2000,1,0.97,"Missing",0.915734055111506,2.38574818150931
2005,0,0.11,7000,0,0.83,"AA",0.000411361956866684,-7.79562561080257
2005,0,0.2,2000,1,0.98,"C",0.0656849208439672,-2.65494434135597
2005,0,0.25,13000,0,0.93,"D",0.0634512924875905,-2.69192896656135
2005,1,0.29,3000,1,1.01,"Missing",0.478472807178879,-0.0861620365783864
2005,0,0.23,16000,1,0,"A",0.00798091591730621,-4.82268916360624
2005,0,0.07,2550,1,0,"A",0.000800193333619588,-7.12985667880944
2005,1,0.22,6500,1,0.97,"Missing",0.828973961717107,1.5783729298035
2005,0,0.14,2500,0,0,"C",0.0249576558238193,-3.6653002782033
2005,0,0.16,5000,0,0.89,"C",0.00896641802061106,-4.70526215320606
2005,0,0.14,8000,0,0.53,"B",4.83671537771581e-05,-9.93664124726701
2005,0,0.16,3800,0,0,"B",0.00101919654910301,-6.88772094275698
2005,1,0.29,2100,0,0,"Missing",0.91370167194845,2.35969389564551
2005,0,0.2,5000,0,0.45,"D",0.127351618903328,-1.92458079033022
2005,1,0.25,3000,0,0.62,"Missing",0.953942091106544,3.03070347471879
2005,0,0.26,1000,0,0,"Missing",0.301006301740034,-0.842510526285195
2005,0,0.1,1500,0,0.89,"A",0.00095873907420197,-6.94893240226727
2005,1,0.29,10000,1,0.72,"Missing",0.964951187073721,3.3153357718184
2005,0,0.24,6500,0,0.98,"C",0.00627684585983181,-5.06459104821154
2005,0,0.15,4000,0,0.72,"C",0.0513770532435676,-2.91581976545065
2005,0,0.29,5001,1,0.3,"D",0.759967168261909,1.15249951979727
2005,0,0.05,1000,0,0.42,"D",0.0147637097388728,-4.200709376079
2005,0,0.14,20200,0,0.86,"A",0.00293189297279391,-5.82917079937349
2005,0,0.07,2000,1,0.81,"Missing",0.153128501404679,-1.7102715222057
2005,0,0.24,14900,0,0.93,"D",0.0310994626734829,-3.4389714203086
2005,0,0.29,7000,0,0,"C",0.414753827805533,-0.34434740767187
2005,0,0.09,2000,1,0.01,"AA",0.000864080768450904,-7.0529798572246
2005,1,0.23,3000,0,0.89,"Missing",0.862423882398517,1.83556954622691
2005,0,0.15,9999,0,0.31,"A",0.00214825292831112,-6.1409497949235
2005,1,0.23,1500,1,1.11,"Missing",0.280347871068474,-0.942736712285437
2005,0,0.1,3000,0,0.36,"A",0.00101561654557965,-6.89124328419964
2005,0,0.29,2400,0,1.05,"Missing",0.876920651245209,1.96358725158855
2005,0,0.29,4000,1,0.94,"D",0.185429755605566,-1.47998453232302
2005,1,0.29,4600,0,0.9,"Missing",0.753165491316455,1.11556687289304
2005,1,0.24,1000,1,0.29,"Missing",0.929980565306279,2.58639084641215
2005,0,0.12,8000,0,0.72,"B",0.00059887507821015,-7.41985847769036
2005,1,0.29,5000,0,0.89,"Missing",0.732651320861144,1.00811618012317
2005,0,0.1,3000,0,0.2,"AA",0.0011121739855597,-6.80032584064837
2005,0,0.29,25000,0,0.95,"C",0.0968911807093837,-2.23225455438027
2005,0,0.09,1000,0,0.18,"AA",0.000887928533110554,-7.02573097596705
2005,1,0.28,5000,0,0.56,"Missing",0.979446564273704,3.86395956621612
2005,1,0.29,6000,0,0,"Missing",0.993421635062623,5.01736895654062
2005,0,0.1,5000,0,0.52,"AA",0.0015786500565187,-6.44960529431731
2005,0,0.19,10300,0,0.38,"B",0.000435798930322885,-7.73789369605229
2005,1,0.29,5000,0,0,"Missing",0.877302382165817,1.96712878749435
2005,1,0.29,3000,0,0.63,"Missing",0.851358773988007,1.74529810755562
2005,1,0.29,3500,0,0.71,"Missing",0.820575585619888,1.52025199826013
2005,0,0.07,2500,1,0.06,"AA",0.000328158187527172,-8.02168657474983
2005,0,0.09,6500,0,0.09,"AA",0.000156652662424428,-8.76132287977021
2005,0,0.23,14000,1,0.83,"C",0.0532172831370501,-2.8786864086237
2005,1,0.29,4000,0,0,"Missing",0.880474122972533,1.9969276463975
2005,0,0.07,1000,0,0.34,"AA",0.000272261509280256,-8.20847522379063
2005,0,0.14,7000,0,0.32,"A",0.00272775108102142,-5.90154631095071
2005,0,0.15,18000,0,0.12,"B",0.00130066019024004,-6.64358179799199
2005,1,0.26,1200,1,0,"Missing",0.663426308465618,0.678600663476747
2005,1,0.29,5000,0,0.72,"Missing",0.983490872728969,4.08719496148166
2005,1,0.29,1500,0,0.51,"Missing",0.676926844992414,0.739684425785185
2005,0,0.19,2750,0,0,"C",0.0864725507117217,-2.35748639308393
2005,1,0.24,3000,0,0,"Missing",0.934657450304622,2.66053667147128
2005,1,0.29,25000,0,0.47,"D",0.31240315878007,-0.788908150330894
2005,0,0.21,5000,1,0.94,"C",0.0267715704819359,-3.59327830133903
2005,0,0.2,10000,0,0.45,"A",0.00211478167973399,-6.15668667553583
2005,0,0.11,14000,0,0.56,"AA",0.000470026471398013,-7.6622514057543
2005,0,0.07,1100,1,0.18,"A",0.00147137155473703,-6.52008782767563
2005,0,0.1,3885,0,0.38,"A",0.000192682826952263,-8.55427240316994
2005,0,0.17,6001,0,0.56,"B",0.00313276521380272,-5.76270152696217
2005,0,0.15,15000,0,0.65,"B",0.00222752477230261,-6.10463426816164
2005,0,0.12,1000,1,0.45,"D",0.0628104768706274,-2.7027636389554
2005,1,0.29,10000,0,0.98,"C",0.685919459349652,0.781110762732897
2005,0,0.22,17500,0,0,"AA",0.00151834733461561,-6.4886133143076
2005,0,0.26,7000,0,0.92,"C",0.0113214545595973,-4.4696696897163
2005,1,0.25,3000,0,0.62,"Missing",0.889326056188754,2.08387550022062
2005,0,0.2,3100,1,0.92,"C",0.161709221592057,-1.6455652372609
2005,0,0.15,5000,1,0.84,"B",0.00731873719052276,-4.90997183030478
2005,0,0.29,2550,0,0.99,"Missing",0.928979109890534,2.57111219123954
2005,1,0.2,6500,0,0.74,"D",0.0502202287403113,-2.93981222950927
2005,0,0.13,2000,1,0.54,"A",0.00215557443604662,-6.13754013026608
2005,0,0.15,15000,1,0.72,"C",0.00404546590036919,-5.50610488484561
2005,0,0.23,6001,0,0.42,"C",0.0149731482188345,-4.18641042331151
2005,0,0.07,1850,1,0.31,"AA",0.000835781770982447,-7.0863068872197
2005,0,0.27,6500,0,0.67,"D",0.159128469551176,-1.66472702964224
2005,0,0.11,13000,0,0.82,"A",0.000834165472252902,-7.08824425372682
2005,0,0.2,20000,1,0.05,"AA",0.0110131483960534,-4.4975911691795
2005,1,0.22,3000,0,0.3,"Missing",0.880902997081801,2.00100920277528
2005,0,0.07,2500,1,0,"AA",0.00538338686854401,-5.21903964389829
2005,1,0.29,3500,0,1.01,"Missing",0.992212353824165,4.84739849622081
2005,1,0.28,6000,0,0.98,"Missing",0.769461852694224,1.20527503108735
2005,0,0.29,8500,1,0,"B",0.0220870333175038,-3.79042996633579
2005,0,0.15,15000,0,0.65,"B",0.000176890453590247,-8.63980301716123
2005,1,0.28,2550,0,0.94,"Missing",0.915503143765684,2.38275946869828
2005,0,0.13,2550,0,0.53,"B",0.000205612427867967,-8.48931194581247
2005,1,0.29,2560,0,1,"Missing",0.448245440115337,-0.207762369710039
2005,0,0.07,1000,0,0.12,"C",0.00213805816002115,-6.14571691667644
2005,0,0.14,8000,0,0.44,"A",0.00136871107598768,-6.59251615382182
2005,0,0.05,1000,0,0.42,"D",0.0403825115314026,-3.16813794718772
2005,0,0.15,3000,0,0.73,"D",0.00939389063589713,-4.65825744184519
2005,1,0.28,4750,1,0.14,"Missing",0.881888826219473,2.01043966908923
2005,1,0.25,1250,0,0.99,"Missing",0.879324089154432,1.98604500240023
2005,1,0.29,2550,0,0,"Missing",0.957826851458554,3.12288329399443
2005,0,0.17,7000,0,0.67,"B",0.000496099116354915,-7.60823859762802
2005,0,0.12,17000,0,0.19,"AA",0.00059618472576614,-7.42436363384601
2005,1,0.29,12000,1,0.18,"C",0.194278776837938,-1.42244368412177
2005,0,0.13,20000,0,0.46,"A",0.00416037815767847,-5.47798024894265
2005,0,0.2,25000,0,0,"B",0.00192788384430874,-6.24940258673222
2005,0,0.18,7500,0,0.9,"B",0.000251359874004033,-8.28837349324393
2005,1,0.29,7000,1,0.91,"D",0.407877445786089,-0.372746879405729
2005,1,0.22,10001,1,0.81,"D",0.574651009637696,0.300852931018576
2005,1,0.28,3900,0,1.08,"Missing",0.95209023156102,2.98934039371834
2005,0,0.17,5233,0,0.38,"B",0.00945056996413868,-4.65218471566616
2005,0,0.09,2500,0,0,"AA",0.00023951826054263,-8.33664135263327
2005,0,0.21,7000,0,0.78,"D",0.109539950384826,-2.09544891244005
2005,0,0.16,25000,0,0.78,"B",0.0018538233825993,-6.28864953542792
2005,0,0.22,15000,0,0.95,"C",0.0409230249234017,-3.15427847643361
2005,1,0.24,3000,0,0,"Missing",0.765041411981722,1.18052068825426
2005,0,0.09,1000,0,0.18,"AA",0.000721441612534953,-7.23353740615567
2005,0,0.24,23000,0,0.82,"B",0.00136283641550086,-6.59682338552325
2005,0,0.29,15000,0,0,"Missing",0.224900184795037,-1.23733513423159
2005,0,0.15,10000,0,0.66,"B",0.0151649335964871,-4.17348841947976
2005,0,0.2,9000,0,0.65,"A",0.000976415893298652,-6.93064504923373
2005,0,0.17,2550,0,0.25,"C",0.0236457465867028,-3.72064223469928
2005,1,0.25,15000,1,0.82,"D",0.185810282425419,-1.47746724090739
2005,0,0.22,2000,0,0,"Missing",0.821810327167373,1.52866106221333
2005,1,0.28,2550,0,0.94,"Missing",0.910433362085506,2.31893780228607
2005,1,0.27,5000,0,0.96,"Missing",0.84633202579687,1.70611748488631
2005,0,0.2,7500,0,0.36,"C",0.04042147287156,-3.1671330033277
2005,0,0.21,3000,0,0.04,"C",0.0355092469504783,-3.30180710495895
2005,1,0.29,3000,0,0.92,"Missing",0.904694988195596,2.25051545823429
2005,0,0.25,6000,0,0.11,"D",0.0629297539174426,-2.7007391614527
2005,0,0.11,3000,0,0.89,"B",0.00023233436091434,-8.36710065165314
2005,0,0.18,15000,0,0.26,"B",0.00659992264762492,-5.01407555163267
2005,0,0.15,20000,1,0.79,"B",0.00744925132502625,-4.89216460936375
2005,0,0.12,15000,0,0.09,"AA",0.000587328021147709,-7.43933958419527
2005,0,0.15,25000,0,0.44,"AA",0.000421786565410146,-7.77058926550052
2005,0,0.21,5000,0,0.95,"D",0.099385994177567,-2.20406555931523
2005,0,0.16,20000,0,0.29,"AA",0.00338183757540405,-5.68594848694198
2005,1,0.19,1000,1,0,"Missing",0.959536285242465,3.16604449094366
2005,1,0.29,3000,1,0.67,"Missing",0.989004219575563,4.49918699669327
2005,0,0.2,5000,1,0.95,"C",0.0142076603244385,-4.2396644449544
2005,0,0.09,2550,0,0.01,"AA",0.00112749598563791,-6.7866279149162
2005,0,0.29,7000,1,0.91,"D",0.567567176010505,0.271932120121854
2005,0,0.11,1000,0,0.05,"C",0.00341230617783768,-5.6769487764147
2005,0,0.21,3000,0,0.04,"C",0.0907996084673712,-2.30391054904792
2005,0,0.29,2000,0,1.23,"Missing",0.950152463441514,2.94765338144571
2005,0,0.09,2000,0,0.85,"A",0.00949466708142662,-4.64748496905609
2005,0,0.13,21000,0,0.24,"A",0.00017976376090027,-8.62368722859961
2005,0,0.1,5000,0,1.13,"A",0.000994882892764362,-6.91189014532934
2005,1,0.27,1700,1,0,"Missing",0.982679207046544,4.03837504152187
2005,0,0.29,25000,0,0.52,"D",0.0498536358007004,-2.94752461173891
2005,0,0.1,1000,0,0.24,"A",0.00357117448287248,-5.63128318414722
2005,1,0.28,11000,0,0.84,"Missing",0.953301327427691,3.01621530225888
2005,0,0.2,3000,1,0.47,"D",0.397546711127591,-0.415697694055788
2005,0,0.07,1325,0,0.02,"AA",0.000480793177543122,-7.63959245585047
2005,0,0.17,7500,0,0.2,"C",0.00267260176794048,-5.92202665656759
2005,0,0.23,10000,0,0.67,"D",0.121028561856416,-1.98272583743588
2005,0,0.12,9000,0,0.43,"B",0.00165952117174973,-6.39956526927443
2005,0,0.19,13000,1,0.89,"C",0.1474531356804,-1.75471777936147
2005,0,0.2,4000,0,0,"Missing",0.709717623750847,0.894013017464336
2005,1,0.29,1000,1,1,"Missing",0.997076093040554,5.83190636728969
2005,1,0.29,4000,0,0.77,"Missing",0.909928493579365,2.31276214728472
2005,1,0.24,1500,0,0.96,"Missing",0.896176177810062,2.15544157539958
2005,0,0.14,2000,0,0,"C",0.0621814170889928,-2.7135003274098
2005,1,0.19,8750,0,0.73,"D",0.404055718725554,-0.388594388811641
2005,0,0.1,3000,0,0,"A",0.000141514602617084,-8.86296612288154
2005,0,0.19,2500,0,0.82,"C",0.00966619878426133,-4.62940692072497
2005,0,0.13,16000,0,0.34,"A",0.000253187280664183,-8.28112788396173
2005,0,0.18,5600,0,0.33,"C",0.0436462844464512,-3.08700968280802
2005,1,0.29,4200,0,1,"Missing",0.882471597314931,2.01604657459109
2005,0,0.16,10000,0,0.11,"B",0.00268802246054688,-5.91625785881786
2005,1,0.24,1800,0,1.18,"Missing",0.927336955475235,2.54648406289466
2005,0,0.24,10000,1,0,"C",0.15562400759917,-1.6911549936961
2005,1,0.29,15000,0,0,"Missing",0.843163820412455,1.68195945092001
2005,0,0.14,3000,0,0.85,"C",0.0439456490814294,-3.07986114163956
2005,1,0.29,4500,0,0.91,"Missing",0.934454737249249,2.65722225211279
2005,0,0.1,5000,1,0.06,"AA",0.00171797534345227,-6.36488935465803
2005,1,0.24,3000,0,1.99,"Missing",0.901140127941523,2.20995735671372
2005,0,0.15,9999,0,0.31,"B",0.00308829150661433,-5.77704418134478
2005,0,0.2,3000,1,0.62,"D",0.210614343657483,-1.3212262868193
2005,0,0.11,7000,0,0,"AA",0.000387155527076874,-7.85629683642339
2005,1,0.29,1300,0,0.55,"Missing",0.790590747601669,1.32848996504221
2005,0,0.08,1000,0,0.05,"AA",0.000254416123097974,-8.27628490305673
2005,0,0.2,10000,0,0.85,"D",0.446300343704688,-0.21563026133179
2005,1,0.28,3500,0,0,"Missing",0.879759402061753,1.99015374503647
2005,1,0.28,3001,0,0,"Missing",0.89051144707032,2.0959759529652
2005,0,0.16,3300,0,0.3,"C",0.00916645097827956,-4.68299637149527
2005,1,0.25,7000,0,0.14,"D",0.30045046492821,-0.845153708350387
2005,0,0.15,11000,0,0.42,"A",0.00102450725150172,-6.88251847980404
2005,0,0.2,2850,0,0.7,"C",0.0705130691802235,-2.57883467554066
2005,0,0.15,1000,1,0.73,"C",0.126347652996467,-1.93364526596809
2005,0,0.29,20000,0,0.04,"C",0.0323304665132347,-3.39888061659812
2005,1,0.27,3750,0,0.88,"Missing",0.994321398617606,5.16535552612529
2005,0,0.25,7500,0,0.54,"D",0.137663034304684,-1.83483718700836
2005,0,0.25,5000,1,0.92,"Missing",0.278414389367657,-0.952340414558255
2005,0,0.14,8000,0,0.53,"B",0.00179254348357841,-6.32232557515141
2005,1,0.29,5000,1,0,"Missing",0.872327619155798,1.92169760530701
2005,0,0.15,4000,0,0.46,"B",0.00593035750061506,-5.12172276910484
2005,0,0.2,8500,0,0.89,"D",0.0481945075866946,-2.98311563514418
2005,0,0.29,5001,1,0.3,"D",0.777452877093894,1.25088416645291
2005,1,0.25,12000,0,0.43,"C",0.102319550934721,-2.17171338917838
2005,1,0.17,1000,0,0.89,"Missing",0.429361809777378,-0.284455423559825
2005,0,0.09,5000,0,0.17,"AA",0.00230062026797512,-6.07227323991555
2005,0,0.16,25000,1,0.66,"AA",0.00470686676044249,-5.35401484470637
2005,0,0.16,5200,0,0.86,"C",0.0231370126005383,-3.74291279180128
2005,0,0.07,1100,1,0.18,"A",0.000303328062338841,-8.10039225010179
2005,0,0.29,2550,0,0,"Missing",0.872152689124446,1.92012784270461
2005,0,0.18,4000,0,0.19,"D",0.360558783534412,-0.572939691154237
2005,0,0.14,3000,0,0.98,"C",0.00748398172803424,-4.88747818480966
2005,1,0.26,2500,1,0.91,"Missing",0.725335380895466,0.971083355732403
2005,0,0.18,9800,1,0.72,"C",0.014427819720605,-4.22406409834649
2005,0,0.12,25000,0,0.06,"AA",0.00039455547134753,-7.83735618245361
2005,0,0.17,7000,0,0.51,"B",0.000256143654689602,-8.2695159432748
2005,0,0.12,4000,0,0,"B",0.000968552018157155,-6.93873934516893
2005,0,0.13,4950,0,0,"B",0.00366960338190362,-5.60399534018819
2005,0,0.09,1025,1,0.76,"D",0.027665190167256,-3.55952524945421
2005,1,0.29,5000,0,0.97,"Missing",0.958911913483201,3.15008100448508
2005,0,0.13,4250,1,0.99,"B",0.0145391201624302,-4.21626647130433
2005,0,0.15,9990,0,0.2,"A",0.000212433907379171,-8.45666718560119
2005,0,0.19,5000,0,0.28,"B",0.112332698763767,-2.06713201933822
2005,0,0.23,6001,0,0.42,"C",0.25906091187583,-1.05085520461913
2005,0,0.25,4500,1,0.93,"Missing",0.741445749424738,1.0534964568588
2005,1,0.29,2700,0,0,"Missing",0.99293215986277,4.94510740696646
2005,0,0.21,5500,1,0,"C",0.0567924119259416,-2.80988367027302
2005,0,0.13,20000,0,0.13,"AA",0.000409653919338473,-7.79978811604226
2005,0,0.2,8500,0,0.64,"C",0.169198534209313,-1.59131807224366
2005,0,0.13,2000,1,0.54,"A",0.00605029834441165,-5.10157901946731
2005,0,0.19,15000,1,0.94,"B",0.00247269516254905,-5.99997080697458
2005,0,0.19,1000,0,0.87,"C",0.0222150807581298,-3.78451835519492
2005,0,0.18,8000,1,0,"C",0.0347871186382416,-3.32310151527428
2005,0,0.18,3100,0,0.86,"D",0.0347224078224619,-3.32503048314745
2005,1,0.29,2000,0,0,"Missing",0.980111873524019,3.89754382764651
2005,0,0.18,9800,1,0.72,"C",0.0285708670917864,-3.52638075459032
2005,0,0.24,15000,0,0.85,"C",0.0939719217508659,-2.26607426413689
2005,1,0.19,8750,0,0.73,"D",0.851439277157512,1.74593440207487
2005,0,0.2,25000,1,0.19,"C",0.00474551976535857,-5.3457974978339
2005,1,0.29,3000,0,0.63,"Missing",0.951378584142884,2.97384798456718
2005,0,0.19,4000,0,0.85,"C",0.0148940451273662,-4.19178772659938
2005,1,0.29,5000,1,1.02,"Missing",0.951762582371163,2.98218059617783
2005,0,0.18,3000,1,0.95,"D",0.662299085555314,0.673556609530365
2005,0,0.12,2500,0,0,"B",0.000157862282730697,-8.75362965856856
2005,0,0.19,7000,0,1,"C",0.000395603498954147,-7.83470243180736
2005,1,0.19,6001,1,0.24,"D",0.0772619264053827,-2.48014412599045
2005,0,0.11,6100,0,0.76,"B",0.000667919916015507,-7.31067413474499
2005,0,0.13,9500,0,0.27,"A",0.00191424161083342,-6.25651768435006
2005,0,0.28,3900,0,1.08,"Missing",0.820046583843287,1.51666312994312
2005,0,0.18,6800,1,0.89,"D",0.124356409673804,-1.95180743344039
2005,1,0.28,5000,0,0.96,"Missing",0.990294295773056,4.62528839011029
2005,0,0.29,5300,0,0.96,"Missing",0.504063392249638,0.016253926833028
2005,0,0.24,23000,0,0.82,"B",0.0103919941157599,-4.55627319792574
2005,0,0.17,3000,0,0.53,"C",0.0169751314335921,-4.05888500228152
2005,0,0.14,2690,1,0.69,"C",0.24347315071491,-1.13373135161414
2005,1,0.22,15000,0,0.83,"D",0.115926702578473,-2.03158185776941
2005,0,0.17,3000,0,0,"Missing",0.146600743600709,-1.76151463766439
2005,0,0.11,15000,0,0.21,"A",0.00271543069242082,-5.9060855796061
2005,0,0.15,2500,0,0.44,"D",0.0390515335518925,-3.20303863559858
2005,0,0.24,10000,1,0.03,"A",0.00251582641450515,-5.98263493874537
2005,0,0.14,2000,0,0.5,"C",0.00850238510530776,-4.75886981764473
2005,0,0.1,1500,1,0.79,"A",0.00719508219874773,-4.92713642264389
2005,1,0.29,2100,0,1,"Missing",0.913088263477946,2.35193946910627
2005,0,0.17,5000,0,0.78,"C",0.0959881695591657,-2.24261749696214
2005,1,0.25,8000,1,0.48,"D",0.466533513051791,-0.134066394380636
2005,1,0.26,6000,1,1.06,"Missing",0.890756248688159,2.09848918343804
2005,0,0.14,14500,0,0.48,"A",0.0104463602871763,-4.55100035261655
2005,0,0.29,20000,0,0.03,"D",0.39433301960477,-0.429134517999088
2005,0,0.24,10000,0,0.97,"B",0.00855737545802538,-4.75236754118539
2005,0,0.15,25000,0,0.16,"AA",0.00653645471371178,-5.02380244231991
2005,0,0.2,7500,1,0.9,"D",0.0221764594849112,-3.78629788212311
2005,1,0.27,15000,1,0.75,"C",0.531797196652772,0.127360664825304
2005,1,0.29,3000,0,0.79,"Missing",0.92693208613121,2.54049096525549
2005,1,0.24,3500,0,1,"Missing",0.961818548928421,3.22647599065662
2005,0,0.26,2600,0,0.73,"D",0.217226477351347,-1.28190292732566
2005,0,0.26,25000,0,0.69,"B",0.00901663221605832,-4.69962685507649
2005,0,0.14,4000,0,0.18,"B",0.00218604103222757,-6.12347468503519
2005,1,0.29,1550,0,0,"Missing",0.950871366069492,2.96293675104646
2005,0,0.17,4000,1,0.76,"D",0.22488042206647,-1.23744850811053
2005,0,0.24,2500,1,0.96,"D",0.0606278783240263,-2.74045687077808
2005,0,0.08,2500,0,0.06,"AA",0.000416467680724819,-7.78328514224008
2005,0,0.09,3030,0,0.04,"AA",0.000297272751344662,-8.12056316894978
2005,1,0.29,2400,0,0.87,"Missing",0.974700908728516,3.6513621866936
2005,0,0.17,7000,0,0.51,"B",0.00211270936621457,-6.15766915109157
2005,0,0.29,12000,1,0.18,"C",0.102467462503642,-2.17010406398794
2005,1,0.2,5000,0,0.72,"Missing",0.964568823938192,3.30408907463482
2005,0,0.15,5000,0,0.67,"C",0.00562079764747506,-5.17564504121742
2005,1,0.29,2550,0,1,"Missing",0.936520353876477,2.69145193460347
2005,1,0.29,5500,0,0.99,"Missing",0.943050751026743,2.80695959754697
2005,1,0.2,2000,1,0.78,"D",0.394313409493151,-0.429216626248324
2005,0,0.18,10000,0,0.15,"B",0.00184804964144593,-6.29177468447716
2005,0,0.09,3001,0,0.21,"AA",0.00119654262388634,-6.72712176838975
2005,0,0.29,4750,0,1,"Missing",0.761597403953652,1.16145725020898
2005,1,0.19,25000,0,0.72,"C",0.218524922834792,-1.27428318698155
2005,0,0.17,5000,1,0.28,"B",0.0212287936859024,-3.83093946090269
2005,0,0.28,3200,0,0.93,"D",0.099305435605934,-2.20496589511616
2005,1,0.29,2500,1,1.84,"Missing",0.972977874035462,3.58370533140258
2005,0,0.2,6500,1,0.9,"C",0.00577236284809716,-5.14888468922523
2005,0,0.2,6000,0,1,"C",0.166641172626458,-1.60962148075587
2005,0,0.15,2000,0,0,"C",0.0107766012067023,-4.51954296080716
2005,0,0.15,5600,0,0.07,"A",0.00255934718502593,-5.96544043094652
2005,0,0.17,1700,0,0.28,"D",0.0224317962389054,-3.77458863578418
2005,0,0.23,15000,0,0.18,"D",0.0190554928373611,-3.94116049241264
2005,0,0.18,5600,0,0.48,"B",0.000300198834160901,-8.11076527841091
2005,0,0.22,12000,1,0.92,"C",0.0984456779736011,-2.21461539480988
2005,0,0.2,3500,0,0.8,"D",0.0205623115812011,-3.86351875439857
2005,0,0.15,12000,0,0.94,"B",0.000227505881288719,-8.3881069363242
2005,0,0.15,25000,0,0.09,"C",0.277553334136578,-0.956630488581535
2005,0,0.23,8100,0,0.93,"C",0.035793903951165,-3.29352746612841
2005,0,0.09,5000,0,0.01,"AA",0.000638351141195601,-7.35598349299837
2005,0,0.15,25000,0,0,"A",0.00115482399597367,-6.76265183973944
2005,1,0.29,5000,0,0.75,"Missing",0.941054935842661,2.77039562398978
2005,1,0.26,5000,1,0,"Missing",0.989922350936497,4.58730649904079
2005,1,0.29,3600,0,0.3,"Missing",0.801388237916645,1.3949935463257
2005,0,0.11,6000,0,0,"A",0.000883904587219045,-7.03027713870072
2005,0,0.12,10000,1,0.08,"AA",0.000324574070059674,-8.03267216206796
2005,0,0.09,2500,1,0.24,"AA",0.000641725139364704,-7.35070854664652
2005,1,0.29,3500,1,1,"Missing",0.971343179662939,3.52328836298737
2005,0,0.12,17000,0,0.19,"AA",0.00253897971443859,-5.9734507574889
2005,1,0.29,3000,0,0.65,"Missing",0.757724365292091,1.14024362093202
2005,0,0.2,7500,0,0,"D",0.0477338794232585,-2.99320312792434
2005,1,0.24,1000,1,0.98,"Missing",0.822589384139017,1.53399024099419
2005,0,0.14,2500,0,0.24,"C",0.011593773712807,-4.44562556833927
2005,0,0.28,3200,0,0.93,"D",0.413008915944425,-0.351540449739144
2005,1,0.24,3000,0,0.92,"Missing",0.961263461104298,3.21146521236033
2005,0,0.29,5500,0,0.72,"D",0.274196549488284,-0.973434065722363
2005,0,0.2,4500,0,0.39,"D",0.0235251603169069,-3.72587848397673
2005,1,0.29,5000,1,0,"Missing",0.972799460439521,3.57694114667736
2005,0,0.11,6500,0,0.34,"A",0.0269361611038027,-3.58698002758455
2005,0,0.18,10000,0,0.97,"C",0.011845208484298,-4.42391591855666
2005,0,0.16,3500,1,0.51,"C",0.080483302350779,-2.43579846467228
2005,0,0.25,4000,0,0.46,"C",0.0366244847399127,-3.26972628024348
2005,1,0.2,9000,0,0.72,"D",0.230817653874746,-1.20370004086206
2005,0,0.11,4999,0,0.28,"A",0.00581872774282467,-5.14083791952829
2005,1,0.29,1800,0,1.11,"Missing",0.936230857250354,2.68659267103804
2005,0,0.21,12000,1,0.98,"C",0.0488035096848108,-2.96991842558172
2005,0,0.17,3000,1,0.14,"AA",0.00211448474153388,-6.15682739376777
2005,1,0.29,2500,0,0,"Missing",0.938350212531257,2.72265345801204
2005,1,0.18,5000,0,0.99,"D",0.0377559802640428,-3.23812419653012
2005,0,0.2,5200,1,0.77,"D",0.109872370134931,-2.09204543613185
2005,0,0.2,5000,0,0.72,"Missing",0.571000721990849,0.285935238123272
2005,0,0.18,8000,0,0.33,"C",0.0598633679473784,-2.75396045336859
2005,0,0.12,3000,0,0.56,"B",5.48163336360346e-05,-9.81146753153325
2005,0,0.16,3500,0,0,"C",0.0313975873125551,-3.42912316808548
2005,1,0.29,4000,1,0.16,"Missing",0.98343781290854,4.08393219446014
2005,0,0.2,2600,0,0,"Missing",0.757207653185462,1.13743098834673
2005,1,0.29,2550,0,0.9,"Missing",0.750949852694967,1.1036846045065
2005,0,0.18,9800,0,0.57,"C",0.241900849860158,-1.14228625114157
2005,0,0.25,5000,0,0.52,"C",0.0704404474988937,-2.57994323798588
2005,0,0.17,13000,1,0.88,"B",0.00273158257334515,-5.90013882039584
2005,1,0.29,2500,0,0.08,"Missing",0.432770160485306,-0.270557802406219
2005,0,0.19,3725,0,0.78,"D",0.0305356769052216,-3.45784794011791
2005,0,0.15,17500,0,0.55,"B",0.00462174139029336,-5.37235126594161
2005,0,0.1,2750,0,0.37,"AA",0.00107870630765071,-6.83091353061402
2005,1,0.27,2000,1,0,"Missing",0.910761431633572,2.32296766077375
2005,0,0.16,25000,1,0.66,"AA",0.00212145669505912,-6.15352859577441
2005,0,0.24,5000,0,0.9,"C",0.158194324284012,-1.67172502081998
2005,0,0.17,5000,0,0.97,"D",0.0175293684631151,-4.02619277950998
2005,0,0.1,5000,0,0.11,"AA",0.00112242506331577,-6.79114064386098
2005,1,0.2,5000,0,0.87,"Missing",0.739373636712178,1.04271556751287
2005,0,0.29,25000,0,0.61,"A",0.0491343514511565,-2.96281436629239
2005,0,0.18,1000,1,0,"C",0.208609299795208,-1.33332865428926
2005,0,0.17,2400,0,0.77,"D",0.117022666952174,-2.02093187921937
2005,1,0.22,6500,1,0.97,"Missing",0.874975427582616,1.94568550587838
2005,0,0.07,2500,1,0,"AA",0.000515322491563591,-7.57020220075351
2005,0,0.24,2500,1,0.96,"D",0.270370583758827,-0.992743205883555
2005,0,0.11,3000,1,0,"C",0.0165165945233041,-4.08673516057479
2005,1,0.29,6000,0,0.59,"Missing",0.81788915950302,1.50211131016863
2005,1,0.23,6500,0,0.71,"Missing",0.968480571717395,3.42512429588466
2005,0,0.15,2650,1,0.42,"D",0.0558484975406753,-2.82764401969727
2005,1,0.29,4000,1,0.98,"Missing",0.970613710618151,3.49740034477692
2005,0,0.18,10000,0,0.66,"B",0.0008288428533453,-7.09465079597108
2005,1,0.29,2501,1,0,"Missing",0.991171310191693,4.72088076134962
2005,0,0.1,4500,0,0.69,"A",0.000123461310751978,-8.99945925530717
2005,0,0.19,21200,1,0.47,"B",0.00776568359953266,-4.85024479671671
2005,0,0.13,15000,0,0,"B",0.000581615450942747,-7.44911928117282
2005,1,0.24,3000,0,0,"Missing",0.934805592930844,2.66296490156553
2005,0,0.15,9999,0,0.54,"C",0.0472831166051573,-3.00316449121342
2005,0,0.17,5000,0,0.15,"B",0.000787309961147241,-7.14610091551235
2005,0,0.23,10000,0,0.44,"C",0.0243080100093254,-3.69234102653617
2005,0,0.11,7500,0,0,"AA",0.00235583007503616,-6.0485035307332
2005,0,0.18,10000,0,0.96,"C",0.0134796438534892,-4.29300327519411
2005,0,0.18,3500,0,0.01,"C",0.00843381882068451,-4.76703602119568
2005,1,0.29,1500,0,0.51,"Missing",0.747188560108922,1.08367366246817
2005,1,0.29,10000,0,0.93,"D",0.482160489743603,-0.0713883435910463
2005,0,0.16,4200,1,0.83,"C",0.0224197223377088,-3.77513938098614
2005,0,0.23,2500,0,0.79,"D",0.00593240893504097,-5.12137484437682
2005,0,0.2,15000,0,0.93,"D",0.045743966843211,-3.03787210326618
2005,0,0.07,1000,0,0.02,"AA",0.000846487017511554,-7.07356884768554
2005,1,0.25,15000,0,0.65,"D",0.48216297552073,-0.0713783878106724
2005,1,0.21,1000,0,0.42,"D",0.0997442076859615,-2.20006995085274
2005,1,0.29,5000,0,1.08,"Missing",0.910753603975865,2.32287135387002
2005,0,0.12,4000,0,0.43,"B",0.000514251249248355,-7.57228421664967
2005,0,0.21,6250,0,0,"C",0.0768722488908623,-2.48562269479343
2005,0,0.22,20000,1,0.77,"B",0.00721826321656929,-4.92389646581001
2005,0,0.13,6000,0,0.92,"C",0.0372410517001547,-3.25239137401976
2005,1,0.29,2100,1,1.14,"Missing",0.981249975789064,3.95763220075756
2005,0,0.22,19000,0,0.75,"C",0.0791536936036096,-2.45390169434474
2005,0,0.21,7000,0,0.78,"D",0.0457235860099888,-3.03833910159399
2005,0,0.17,3000,1,0.14,"AA",0.000937357314440797,-6.97150821272427
2005,1,0.29,4000,0,1.12,"Missing",0.974169881974893,3.63004452884499
2005,0,0.24,6001,0,0.74,"D",0.0782067165069323,-2.46696546126616
2005,0,0.19,4000,0,0.9,"D",0.0544072619352615,-2.85531433050106
2005,0,0.22,15000,0,0.83,"D",0.0200115524342629,-3.89123105488898
2005,0,0.18,1230,0,0,"C",0.0262907120753939,-3.61189706295047
2005,0,0.29,16000,1,0,"D",0.408283220839544,-0.371067004522538
2005,0,0.29,3000,0,0.63,"Missing",0.961508644969501,3.21806988469889
2005,0,0.16,5000,0,0.35,"B",0.000765944266942965,-7.17363491167869
2005,0,0.12,4000,0,0.28,"AA",0.00430149574038799,-5.44448169637629
2005,0,0.15,17000,1,0.58,"A",0.0177714943004343,-4.01222824566003
2005,0,0.13,8000,0,0.57,"A",0.000905588296331456,-7.00601977567199
2005,0,0.08,5000,0,0.13,"AA",0.00233979732907583,-6.05534842593736
2005,0,0.12,4000,0,0,"B",0.00799265428235416,-4.82120760705801
2005,1,0.24,8000,1,0.93,"Missing",0.964032487962655,3.28850890764691
2005,0,0.07,2000,0,0.39,"C",0.00217794273452755,-6.12719422960302
2005,0,0.15,25000,0,0,"B",0.00262963874187595,-5.93827570041559
2005,0,0.13,2550,0,0.27,"A",0.00572777026720555,-5.15668472025907
2005,1,0.29,3000,1,0,"Missing",0.989958958042841,4.59098259627462
2005,0,0.2,1500,0,0.53,"D",0.029074895189059,-3.5083742397482
2005,0,0.09,2000,0,0.02,"AA",0.000839027472011254,-7.0824277286246
2005,0,0.21,6000,0,0.76,"D",0.159598349804359,-1.66121958716193
2005,0,0.1,1500,0,0.89,"A",0.000818305670624819,-7.10745597002677
2005,0,0.07,1000,0,0.07,"AA",0.000382444986044066,-7.86854322424082
2005,1,0.27,3000,1,0.65,"Missing",0.933814677210167,2.6468192718985
2005,0,0.09,5000,0,0,"AA",0.0002019053159647,-8.50750977759909
2005,0,0.11,1850,0,0.86,"C",0.0610263516626191,-2.73348164991628
2005,0,0.17,1500,0,0.61,"D",0.1534122605412,-1.70808503484699
2005,0,0.25,10700,0,0,"Missing",0.833729077170171,1.61228997884128
2005,1,0.29,3000,0,0.98,"Missing",0.721728761399127,0.953053075129906
2005,0,0.1,3500,0,0.07,"AA",4.73282815229121e-05,-9.95835519371464
2005,1,0.29,2875,1,1,"Missing",0.975193550508105,3.67153228512013
2005,1,0.28,2550,0,0.74,"Missing",0.982535215784093,4.02994966318593
2005,1,0.29,10000,0,0.51,"D",0.493027554945192,-0.0278915882453745
2005,0,0.19,7500,0,0.57,"C",0.194124960447847,-1.42342661498752
2005,0,0.11,6100,0,0.76,"B",0.000181525107766606,-8.61393503743906
2005,1,0.29,2875,1,1,"Missing",0.954760882160201,3.04949877246112
2005,0,0.1,2500,1,0,"B",0.00055781177093966,-7.49093101315019
2005,1,0.11,1000,0,0.97,"Missing",0.205371069468965,-1.35305681378046
2005,0,0.12,20000,0,0,"AA",0.00368101707801059,-5.60087837639981
2005,0,0.2,6500,1,0.9,"C",0.205632089022,-1.35145812146705
2005,0,0.09,1000,0,0,"A",8.26096561139953e-05,-9.4013013690949
2005,1,0.29,1500,1,0.94,"Missing",0.983435013002348,4.08376030755069
2005,1,0.29,9000,1,0.95,"D",0.5228300952056,0.0913839235172856
2005,0,0.16,3300,0,0.3,"C",0.00147442774466947,-6.51800981840281
2005,0,0.21,6001,1,0,"D",0.255829774968894,-1.06775752396771
2005,0,0.23,9500,0,0.53,"D",0.0679485513196043,-2.61863719503868
2005,1,0.28,1250,0,0,"Missing",0.96292157830533,3.25693679877745
2005,0,0.1,14000,0,0.26,"AA",0.00232156918704142,-6.06318768000988
2005,1,0.29,11000,0,0.98,"D",0.578437616582064,0.316362934459797
2005,1,0.18,3002,1,0.8,"D",0.286462568617488,-0.912627020114662
2005,1,0.2,7500,0,0.36,"C",0.0364209664012125,-3.2755099032451
2005,1,0.28,8000,0,0.92,"D",0.0751036487092254,-2.51081253630877
2005,0,0.18,8000,0,0.33,"C",0.0110621468294554,-4.49310240679688
2005,1,0.29,3900,0,0,"Missing",0.956911494336963,3.1004546331808
2005,0,0.16,3300,0,0.3,"C",0.0625077831301382,-2.70791737673328
2005,0,0.25,15000,0,0.45,"C",0.0249760576908426,-3.6645443532893
2005,0,0.15,25000,0,0.09,"C",0.0169689881180045,-4.05925321807829
2005,0,0.1,14000,0,0.26,"AA",0.000559241641828206,-7.48836950495279
2005,1,0.11,1000,1,0.97,"Missing",0.730039359702654,0.994822278394414
2005,0,0.29,18000,0,0.93,"D",0.119078047478847,-2.00118989306969
2005,1,0.24,1800,0,1.18,"Missing",0.839884499390694,1.6573689480451
2005,1,0.29,3000,1,0,"Missing",0.906319917049722,2.26950674828778
2005,1,0.29,2000,1,0,"Missing",0.979726180716391,3.87794276197221
2005,0,0.14,5000,0,0.34,"B",0.00510080695472787,-5.27324266487266
2005,1,0.27,2000,1,0,"Missing",0.887434210774613,2.06479654606307
2005,0,0.2,10000,0,0.03,"D",0.0546494266461472,-2.85061711260409
2005,0,0.1,3000,0,0,"A",0.0096033040598141,-4.63599835368134
2005,1,0.23,6001,1,0.85,"Missing",0.993406152584147,5.0150025915796
2005,0,0.1,6001,0,0.41,"AA",0.00188682411206136,-6.27097162088747
2005,0,0.08,6001,0,0.04,"AA",0.00117963022991434,-6.74137392755154
2005,0,0.05,2000,0,0.1,"AA",0.00109781105257119,-6.81333861988281
2005,1,0.25,5500,0,0.49,"Missing",0.60593186957706,0.430243739104299
2005,0,0.15,3500,0,0.32,"A",0.000524755159280765,-7.5520538745371
2005,0,0.23,5000,0,0.97,"Missing",0.450105478941982,-0.200244526993512
2005,0,0.15,11000,0,0.65,"B",0.00412195102321149,-5.48729820870624
2005,0,0.19,5000,0,0.28,"B",0.00186436153830594,-6.2829705215842
2005,0,0.23,3250,0,0.93,"D",0.0765607587634716,-2.49002034783651
2005,0,0.29,3600,1,0.69,"D",0.607784211582543,0.438007734820238
2005,0,0.18,19200,0,0,"AA",0.000309951391196938,-8.07878507593436
2005,1,0.28,8423,0,0.92,"Missing",0.663623249769698,0.67948278127673
2005,0,0.15,1800,1,1.02,"D",0.40253760460316,-0.394902825170728
2005,1,0.29,3000,0,1.02,"Missing",0.907077249315224,2.27845910644201
2005,0,0.11,6000,0,0.1,"A",0.0169078573078273,-4.06292440862185
2005,0,0.24,9000,0,0.64,"D",0.36355998986342,-0.559945846597537
2005,0,0.29,3500,0,1.01,"Missing",0.858648261528105,1.80410798064834
2005,0,0.09,9000,0,0.37,"AA",0.00249504717318467,-5.99094947787882
2005,0,0.29,20000,0,0.04,"C",0.120522693346397,-1.98748969956494
2005,0,0.16,15000,0,0.59,"A",0.00259645503411919,-5.95100838104232
2005,0,0.28,3500,0,0.93,"D",0.283327391993153,-0.928016031500887
2005,0,0.26,10000,0,0.97,"D",0.212628071141014,-1.30915623291017
2005,0,0.16,10000,0,0.11,"B",0.000279288307179836,-8.18298662330792
2005,0,0.29,16000,1,0,"D",0.437033849163145,-0.253208853349632
2005,0,0.25,1000,1,0.95,"D",0.749523646461274,1.09607334767486
2005,1,0.29,2550,0,0.95,"Missing",0.860933671331961,1.82306646070326
2005,0,0.18,3001,0,0.8,"D",0.135046947897837,-1.85705275024317
2005,0,0.29,7100,1,1.12,"Missing",0.545292794817532,0.181669181880571
2005,0,0.15,14700,0,0.37,"AA",0.000382953031825531,-7.86721518223584
2005,0,0.25,9900,0,0.37,"B",0.00116952562664028,-6.74998684964903
2005,1,0.25,10700,0,0,"Missing",0.695611022739167,0.826484214762608
2005,1,0.28,4000,0,0,"Missing",0.973744932270408,3.61329036605775
2005,0,0.2,25000,1,0.87,"C",0.301841555672973,-0.838543844997145
2005,0,0.15,1500,1,0.42,"C",0.169134666111105,-1.59177249013344
2005,0,0.17,1500,0,0.92,"D",0.005980618952913,-5.11323263806379
2005,1,0.29,5900,0,0.88,"Missing",0.672007535738696,0.717278921050023
2005,1,0.24,3000,0,0,"Missing",0.885383557334723,2.04442967649328
2005,0,0.15,2000,0,0.02,"B",0.000700786256117983,-7.26260659831661
2005,0,0.26,2550,1,0.51,"Missing",0.848909140957193,1.72607079031629
2005,0,0.11,8000,0,0.62,"B",0.00404849371693428,-5.50535367773468
2005,1,0.28,8000,0,0.92,"D",0.429969342048107,-0.281976236679426
2005,0,0.2,5000,0,0.22,"D",0.0965158174742175,-2.23655169642721
2005,0,0.08,6001,0,0.04,"AA",0.00440785665241088,-5.4199491276365
2005,1,0.2,2400,1,0,"D",0.189541535547245,-1.45299190759216
2005,0,0.11,1253,0,0.73,"A",0.000415552183315005,-7.78548672139316
2005,0,0.14,2100,0,0.92,"C",0.014664535111089,-4.20755015532799
2005,0,0.28,15000,0,0.93,"B",0.0192276610641775,-3.93199043955578
2005,0,0.29,5001,1,0.3,"D",0.386007857390079,-0.464124405822516
2005,1,0.07,2000,1,0.81,"Missing",0.432458611173085,-0.271827053466672
2005,1,0.29,6000,0,0.98,"Missing",0.961655931580635,3.2220568809985
2005,0,0.14,8000,0,0.53,"B",0.00327931576411184,-5.71683578234616
2005,0,0.18,7000,0,0.33,"C",0.0532858710571901,-2.87732596476134
2005,0,0.29,17000,1,0,"D",0.77742712251729,1.25073531933827
2005,0,0.2,8500,0,0.89,"D",0.103140700630065,-2.16280491126558
2005,0,0.14,25000,0,0.23,"B",0.00159574188818307,-6.438819500789
2005,0,0.09,6000,0,0,"AA",0.00315864043507943,-5.75444994655814
2005,0,0.13,20000,0,0.52,"A",0.000230249415837115,-8.37611714398571
2005,0,0.14,16500,0,0.2,"AA",0.00890752184546119,-4.71191177701847
2005,1,0.25,4800,0,0.85,"Missing",0.978283924406206,3.80774714210098
2005,0,0.15,15000,1,0.72,"C",0.0081710969754285,-4.79894744704232
2005,0,0.13,15000,1,0.07,"AA",0.00248048850955464,-5.99681618852606
2005,1,0.29,1300,0,0.55,"Missing",0.963342639923333,3.26879492439512
2005,1,0.29,8500,1,0.87,"Missing",0.938855882984165,2.73142833646567
2005,0,0.09,2000,0,0.06,"AA",0.00183090051793484,-6.30111476819543
2005,1,0.29,20000,0,0.95,"Missing",0.905793385428334,2.26332083113171
2005,0,0.16,4000,0,0.8,"C",0.0646361849840589,-2.67216116753378
2005,0,0.17,17000,1,0.59,"B",0.000847808285339665,-7.07200785846284
2005,0,0.07,1850,1,0.31,"AA",0.000347192347364396,-7.96528436378957
2005,0,0.13,8500,0,0.21,"AA",0.0087533229160587,-4.72953003058168
2005,0,0.15,18000,0,0.61,"B",0.000463811173236225,-7.67556912403173
2005,1,0.29,3000,0,1.51,"Missing",0.752465666470777,1.11180607591165
2005,1,0.29,3005,1,0.76,"Missing",0.712849586205389,0.909264270771402
2005,0,0.23,16000,1,0,"A",0.169304133041062,-1.59056704209167
2005,1,0.07,2000,1,0.81,"Missing",0.652992163168545,0.632217763710611
2005,0,0.21,3000,1,0.97,"D",0.113063385539361,-2.05982492374629
2005,0,0.24,7500,0,0,"C",0.0480566678729981,-2.98612461268503
2005,1,0.29,5000,1,0.94,"Missing",0.88934623629965,2.08408054646322
2005,1,0.25,1250,0,0.99,"Missing",0.806058332130043,1.42459867949064
2005,0,0.22,9000,0,0.95,"D",0.0103291260879616,-4.56240475713086
2005,0,0.23,10000,1,0.72,"D",0.567886996878932,0.273235314434878
2005,0,0.11,25000,0,0.23,"AA",0.00226598208623919,-6.08747846855386
2005,0,0.26,25000,1,0.09,"B",0.00210782253887164,-6.15998978931937
2005,1,0.29,4000,0,0,"Missing",0.768237960680732,1.19838837709777
2005,0,0.17,9000,0,0.94,"C",0.023196913161092,-3.74026586652732
2005,0,0.12,4500,0,0.09,"AA",0.000703111167756022,-7.25929218682343
2005,0,0.17,3000,0,1.12,"Missing",0.418220562633123,-0.330082447144414
2005,0,0.19,19250,0,0.88,"B",0.00598025090458768,-5.11329455039318
2005,0,0.17,10000,0,0.84,"C",0.0162340612537312,-4.10427642012223
2005,0,0.17,4900,0,0.13,"D",0.0978317133059521,-2.2215522818651
2005,1,0.29,2000,0,0.4,"Missing",0.967331582680239,3.38813255501432
2005,0,0.27,1800,1,0.1,"Missing",0.737125308088126,1.03108044025231
2005,0,0.16,10000,1,0.83,"C",0.0255376600348315,-3.64173164592173
2005,0,0.17,15000,1,0,"A",0.000485776935542872,-7.62927512482859
2005,0,0.19,11000,0,0.93,"B",0.00655839608061515,-5.02042920897106
2005,0,0.2,3500,0,0.51,"D",0.31648515322629,-0.769972046369707
2005,0,0.29,18000,0,0.91,"C",0.620820041151018,0.493030333282308
2005,0,0.25,8500,0,0.78,"D",0.19772915789995,-1.40054805432445
2005,1,0.25,3000,0,0.62,"Missing",0.915865062164767,2.3874471290166
2005,0,0.2,3300,0,0.55,"D",0.0335241943587133,-3.3613888675531
2005,0,0.09,5000,0,0.28,"AA",0.00181116578321224,-6.3119717539845
2005,0,0.25,9000,0,0.79,"D",0.149186298725839,-1.74099733522916
2005,1,0.25,9000,0,0.78,"D",0.583977598480372,0.339123514707813
2005,0,0.23,6001,0,0.42,"C",0.00753940362006696,-4.88004422698299
2005,1,0.21,9800,0,0.7,"D",0.468793673890449,-0.124987763272319
2005,0,0.16,3300,0,0.3,"C",0.0155456083243965,-4.14830939475474
2005,0,0.27,1700,0,0.95,"Missing",0.661456757137676,0.669792777821505
2005,0,0.29,2525,0,0,"D",0.0429020904538978,-3.10498514176951
2005,0,0.11,13000,0,0.82,"A",0.00161191800956004,-6.42871728019989
2005,0,0.11,5000,0,0.18,"A",0.000458794557216424,-7.68644913602917
2005,0,0.05,1000,0,0.64,"D",0.00260243262287118,-5.94870282235969
2005,1,0.25,2500,0,1.01,"D",0.896269584466901,2.15644586789583
2005,1,0.29,2550,1,0,"Missing",0.932435081565247,2.62471064119236
2005,1,0.29,3000,0,1.34,"Missing",0.837195629906644,1.63750847413304
2005,1,0.29,3000,1,0.74,"Missing",0.989253188137174,4.52234116335454
2005,0,0.14,4500,0,0,"AA",0.00424889918633943,-5.45683739316603
2005,1,0.29,2600,0,0.98,"Missing",0.944629148965864,2.8367391148474
2005,0,0.15,3000,0,0.73,"D",0.0236607647018273,-3.7199919246948
2005,0,0.24,12000,0,0.9,"D",0.0917050512161194,-2.29299169742616
2005,0,0.11,15200,0,0.83,"A",0.00174935037080253,-6.34675989437798
2005,1,0.29,5300,0,0.96,"Missing",0.899372930257705,2.19027647193247
2005,0,0.26,9500,0,0.86,"D",0.560404432470839,0.242803584393503
2005,1,0.17,1500,1,0.56,"C",0.086760311729113,-2.35384909540986
2005,0,0.2,1500,0,0,"D",0.157043708650034,-1.68039094207794
2005,1,0.29,2550,1,0,"Missing",0.941724833104726,2.78253707383001
2005,0,0.2,6500,0,0.74,"D",0.119651119657764,-1.99573811175364
2005,0,0.23,15000,0,0.77,"C",0.000647582550117022,-7.34161648966632
2005,0,0.09,5400,0,0.18,"AA",0.000873885259285677,-7.04168720588924
2005,0,0.07,3000,0,0.06,"AA",0.000887828889137965,-7.02584330270924
2005,1,0.29,4000,0,1.12,"Missing",0.847742680505803,1.7170051660141
2005,0,0.2,12000,0,0.95,"C",0.0406591532449783,-3.16102244794371
2005,0,0.13,10000,0,0.12,"AA",0.000436378275987355,-7.73656461177504
2005,0,0.14,22000,0,0.71,"A",0.00353544388474706,-5.64137471065259
2005,0,0.11,2500,1,0,"B",0.000446070427064304,-7.7145875402484
2005,1,0.29,3005,1,0.76,"Missing",0.974497690916851,3.64315314909415
2005,0,0.13,5000,0,0.32,"B",0.00230895308245929,-6.06864944541123
2005,0,0.19,6001,0,0.2,"C",0.0121059170419576,-4.40188114370994
2005,0,0.18,2700,1,0.74,"C",0.00446586985588663,-5.40681539543843
2005,0,0.2,19900,0,0.98,"A",0.00402544566259931,-5.51108608103595
2005,0,0.13,2500,1,0.9,"C",0.226078524938655,-1.23058802062948
2005,1,0.29,3001,0,0.92,"Missing",0.958006192708188,3.12733208017557
2005,0,0.23,3150,0,0.88,"Missing",0.302956471278194,-0.833258724306717
2005,0,0.15,14000,0,0.69,"B",0.000678545675691456,-7.29487998633167
2005,0,0.1,4000,0,0.51,"AA",0.00391908373506823,-5.53797061008791
2005,0,0.1,8000,0,0.21,"A",0.000730962551214067,-7.2204170992215
2005,0,0.17,3000,1,0.59,"C",0.0283507931081489,-3.53433983568304
2005,1,0.2,1500,0,0.74,"Missing",0.855713479071953,1.78013454804514
2005,0,0.1,1000,0,0.24,"A",0.000262199405163306,-8.24614302148909
2005,0,0.25,10500,0,0.81,"D",0.0736918459059445,-2.5313148050088
2005,0,0.2,7400,1,0.27,"D",0.100016830826924,-2.19703758213555
2005,0,0.15,5000,0,0.92,"B",0.000668697598950938,-7.30950969825607
2005,1,0.29,1800,0,0.98,"Missing",0.540712131580332,0.163209855152814
2005,0,0.15,3500,0,0.56,"C",0.000876467868275093,-7.03873366121123
2005,0,0.25,5000,0,0.76,"C",0.0758367989601291,-2.50030503129565
2005,0,0.23,4000,0,1.01,"Missing",0.428066534012547,-0.28974402961003
2005,0,0.15,5000,0,5.95,"B",0.00438719313237809,-5.42466878886993
2005,1,0.21,4000,0,0,"D",0.455728340983355,-0.177551606871821
2005,0,0.29,1800,0,0.73,"Missing",0.942136685737376,2.79006678705182
2005,0,0.14,9250,0,0.92,"B",0.00462382326517929,-5.37189882333804
2005,0,0.29,20000,1,0.87,"D",0.0576648181209988,-2.79371378108146
2005,1,0.29,2500,0,0,"Missing",0.771531475656291,1.21697901716694
2005,0,0.15,12000,0,0.43,"A",0.000322238939603726,-8.0398949482732
2005,0,0.19,1000,0,0.87,"C",0.0461742905000345,-3.02805779980264
2005,1,0.29,1500,1,1.29,"Missing",0.762752830910025,1.16783152980441
2005,0,0.29,4000,0,0.8,"D",0.0801182252808998,-2.44074179625573
2005,0,0.29,2550,1,0,"Missing",0.783632182490466,1.28695993697179
2005,0,0.1,3000,1,0.32,"A",0.000369107868264617,-7.90405245471693
2005,1,0.24,1000,0,0.92,"Missing",0.987273350420714,4.3512487648858
2005,0,0.11,14000,0,0.29,"AA",0.00183230557356238,-6.30034624254454
2005,0,0.17,25000,0,0.06,"AA",0.00438410393405057,-5.4253762797345
2005,0,0.15,12000,0,0.52,"C",0.00718636150918162,-4.92835797634163
2005,1,0.28,6215,1,0.91,"Missing",0.996891196684336,5.77040376711704
2005,1,0.27,3000,1,0.65,"Missing",0.975152512264764,3.66983723134234
2005,0,0.15,10000,0,0.59,"B",0.000312940228236024,-8.069185360558
2005,1,0.29,4500,1,1.52,"Missing",0.942692987364134,2.80031765868812
2005,0,0.29,13200,0,0.98,"D",0.0622352420503976,-2.71257769471202
2005,0,0.12,25000,0,0.17,"AA",0.000240680909805912,-8.33179781759362
2005,1,0.29,3000,0,0.91,"Missing",0.995704889497666,5.44597363475643
2005,0,0.26,7000,0,0.92,"C",0.0707177128496011,-2.57571647708143
2005,1,0.24,3000,0,0.67,"Missing",0.950290136998196,2.95056398117941
2005,1,0.29,2550,1,1.26,"Missing",0.851101183486247,1.74326402955589
2005,0,0.21,20000,0,0.01,"B",0.023538670183151,-3.72529054028897
2005,1,0.22,5000,0,0.93,"D",0.4812085028232,-0.0752014089188917
2005,0,0.11,1000,0,0.98,"D",0.0691395965508661,-2.59998172421782
2005,0,0.19,12500,0,0.88,"C",0.0362380134454651,-3.28073569916481
2005,0,0.07,1500,1,0.91,"Missing",0.130173798154039,-1.89942295723337
2005,0,0.17,1500,0,0,"Missing",0.214903832231387,-1.29561558087494
2005,0,0.09,3000,0,0.71,"AA",6.52867367029515e-05,-9.63665636672213
2005,0,0.11,6475,0,0.1,"AA",0.00101453092381318,-6.89231387142762
2005,0,0.08,2750,0,0.01,"AA",0.000412691176130698,-7.79239822590958
2005,0,0.07,2000,0,0.39,"C",0.00378347891823441,-5.57332068949348
2005,0,0.2,8500,0,0.89,"D",0.0391591294585047,-3.20017522085347
2005,0,0.2,4000,0,0,"D",0.0792787016007415,-2.45218787035874
2005,0,0.24,3000,0,1.99,"Missing",0.422078551204481,-0.31424652069001
2005,0,0.11,7000,0,0,"AA",0.00149680940655499,-6.50292156783582
2005,0,0.07,5000,0,0.05,"AA",4.32720249924914e-05,-10.0479609328668
2005,0,0.24,4000,0,0.92,"D",0.145279431225022,-1.77211559555388
2005,1,0.29,3000,0,0.94,"Missing",0.936707185799325,2.69459892861484
2005,0,0.23,6001,1,0.52,"D",0.0683182004859774,-2.61281512991669
2005,0,0.17,25000,0,0.54,"A",0.00301396134527526,-5.80148149144436
2005,0,0.29,3600,1,0.69,"D",0.200347183005377,-1.38412587809934
2005,0,0.15,8500,0,0.22,"B",0.00405365706326929,-5.50407393131639
2005,0,0.19,4400,0,0.98,"D",0.0169146027294001,-4.06251867483806
2005,0,0.12,4000,0,0.28,"AA",0.00304218530422552,-5.79213234958235
2005,0,0.15,3600,0,0.28,"A",0.000781749699728952,-7.15319389030214
2005,0,0.14,8000,0,0.53,"B",0.00140939436601285,-6.56318480601951
2005,0,0.12,5000,0,0.1,"AA",0.000397608070125548,-7.82964609915422
2005,0,0.09,8000,0,0,"AA",0.000202761979634374,-8.50327499843272
2005,0,0.23,5300,0,0.45,"D",0.134577877432909,-1.86107434501607
2005,0,0.2,12000,0,0.66,"C",0.0351488585026796,-3.31238168922544
2005,0,0.15,1000,0,0,"D",0.255219434349245,-1.07096593026542
2005,1,0.25,2750,1,0,"Missing",0.996962504622928,5.79367987433913
2005,0,0.1,3000,0,0.14,"AA",0.00582487633553784,-5.1397756026117
2005,0,0.16,9000,0,0.05,"B",0.00227147536077997,-6.08505166086366
2005,0,0.23,25000,0,0.04,"AA",0.00213492989911674,-6.14718425486719
2005,1,0.29,3500,0,0.71,"Missing",0.968057086081944,3.41134068913994
2005,0,0.16,25000,0,0.63,"A",0.00124139913969781,-6.69027402668072
2005,0,0.1,3000,0,0,"A",0.00152733482304977,-6.48270250586068
2005,0,0.2,5500,1,0.47,"D",0.418173264544411,-0.330276842886319
2005,0,0.18,2500,0,0.87,"D",0.0180168387663721,-3.99826735316596
2005,0,0.29,13200,0,0.98,"D",0.507253108186774,0.0290144680358455
2005,1,0.18,1600,0,0.94,"D",0.199823281904434,-1.38739921541906
2005,0,0.08,6001,0,0.04,"AA",5.73732230010309e-05,-9.76587548685388
2005,0,0.29,2500,0,0.95,"D",0.0316724729408682,-3.42012244229538
2005,0,0.23,2600,0,0.5,"Missing",0.476375341754359,-0.094569049997004
2005,0,0.29,2525,0,0,"D",0.450882271582019,-0.197106593277664
2005,0,0.28,6000,0,0.68,"D",0.020772822722948,-3.85311813344193
2005,0,0.27,6000,0,0.85,"Missing",0.812304378523087,1.46505350424107
2005,1,0.23,1500,1,1.11,"Missing",0.988460267368193,4.4503523549393
2005,0,0.29,2550,1,1.32,"Missing",0.946913618816109,2.88128745294145
2005,0,0.17,10000,0,0.72,"B",0.00940514284124047,-4.65704897806229
2005,0,0.17,3000,0,0,"C",0.00912110913603049,-4.68800090536022
2005,0,0.17,6750,1,0.73,"C",0.0427112993475386,-3.1096415115814
2005,1,0.23,3000,0,0.89,"Missing",0.923341549921584,2.48863936768429
2005,0,0.16,5300,0,0.92,"C",0.0383801470856525,-3.22107888635366
2005,0,0.15,12000,0,0.43,"A",0.013418552221294,-4.29760764087031
2005,1,0.18,2000,0,0,"D",0.227539085259926,-1.22225938471132
2005,1,0.24,2000,0,1.02,"Missing",0.822900242081465,1.5361218029243
2005,0,0.15,2200,1,0,"C",0.0235697786466569,-3.72393796426913
2005,1,0.29,2000,1,0.98,"Missing",0.978081616192613,3.79826739074587
2005,1,0.29,3000,0,0.98,"Missing",0.978086027595542,3.79847318622593
2005,0,0.16,4000,0,0.8,"C",0.120803602388107,-1.98484219958364
2005,0,0.17,4000,0,0.02,"AA",0.0127146199364463,-4.3522066290422
2005,0,0.19,11000,0,0.93,"B",0.000593028884453402,-7.4296742463295
2005,1,0.29,3000,1,0,"Missing",0.985386595006322,4.21109478868692
2005,0,0.1,8000,0,0.21,"A",0.00436397874809613,-5.42999755214799
2005,1,0.26,2000,1,0,"Missing",0.913244871242427,2.35391451151507
2005,1,0.23,3000,1,0.7,"D",0.784939352172482,1.29468638515038
2005,0,0.09,9000,0,0.37,"AA",0.000822740381051598,-7.10204678240803
2005,0,0.24,1800,0,1.18,"Missing",0.798183837859694,1.37498174957075
2005,1,0.21,10001,0,0.69,"D",0.464000950328119,-0.144245787723906
2005,0,0.17,25000,1,0.02,"A",0.0541058313315345,-2.86118872229291
2005,1,0.29,5000,0,0,"Missing",0.974550552290484,3.64528235094808
2005,0,0.14,6001,0,0.54,"A",0.00156514955732895,-6.45820752008404
2005,0,0.22,10000,0,0.93,"D",0.217482190878733,-1.28039971525674
2005,0,0.1,2000,0,0,"AA",0.000620533712564316,-7.38430989718403
2005,0,0.17,1500,0,0.61,"D",0.0647758871683597,-2.66985277092686
2005,0,0.11,4999,0,0.28,"A",0.0134705053825218,-4.29369071442287
2005,0,0.19,2500,0,0.82,"C",0.0215748937789333,-3.81441393091425
2005,0,0.15,1000,0,0.27,"A",0.0081432402164427,-4.80239053968214
2005,0,0.13,4250,1,0.99,"B",0.00282791022618401,-5.86538535976384
2005,0,0.12,10000,0,0.5,"B",0.000555011852460456,-7.49596592273272
2005,0,0.29,4000,1,0,"Missing",0.934188522355527,2.65288400651825
2005,0,0.18,7500,0,0.58,"C",0.0147534220560663,-4.20141688310381
2005,0,0.13,5000,0,0,"B",0.000541501222857971,-7.52062358535938
2005,0,0.13,10000,0,0.12,"AA",0.00361641311645276,-5.61864962802431
2005,0,0.2,12500,0,0.52,"A",0.000681205232122996,-7.29096549110314
2005,0,0.18,9800,1,0.72,"C",0.0191258069789372,-3.93740563393444
2005,0,0.15,4000,0,0.64,"B",0.00354809199801285,-5.63779088392449
2005,1,0.18,1000,1,0.61,"D",0.259514172119022,-1.04849518065387
2005,0,0.2,9999,0,0.9,"D",0.166684778583094,-1.60930751230395
2005,0,0.07,5000,0,0.33,"AA",0.00318169202059877,-5.74715537738156
2005,1,0.28,5000,0,0.95,"Missing",0.614350067467191,0.465634860696497
2005,1,0.29,2500,1,0.82,"Missing",0.967289822310341,3.38681188957343
2005,0,0.08,1500,1,0.22,"AA",0.00269858913400228,-5.91232394861746
2005,1,0.29,5000,0,0.72,"Missing",0.931428117066749,2.60883643711892
2005,1,0.29,6000,0,0.94,"Missing",0.941995741457526,2.78748432282324
2005,0,0.16,25000,1,0.66,"AA",0.160335889571892,-1.65573101874426
2005,1,0.18,2750,1,0,"D",0.192099126252457,-1.43642784862498
2005,0,0.16,7000,0,0.29,"C",0.082456632842127,-2.40942735285679
2005,1,0.25,2500,0,1.01,"D",0.216410526684979,-1.28670806187273
2005,0,0.16,25000,1,0.66,"AA",0.000882185728173626,-7.03222537288195
2005,0,0.25,4000,0,0.45,"D",0.121445757936582,-1.97880992331277
2005,1,0.29,2550,0,0.95,"Missing",0.929171775736769,2.57403605658943
2005,0,0.24,2500,1,1,"D",0.0834517417477967,-2.39634619919006
2005,0,0.1,3000,0,0.07,"AA",0.00258610270935805,-5.95501382950928
2005,0,0.17,1200,0,0.94,"D",0.325607912486553,-0.728117738905772
2005,0,0.21,5000,0,0.95,"D",0.023791251616112,-3.71435851113587
2005,1,0.29,3800,0,1,"Missing",0.976954327741431,3.74696190619453
2005,0,0.19,7500,0,0.8,"D",0.0869997265740386,-2.35083120425321
2005,1,0.29,6500,0,0.89,"Missing",0.920187292885668,2.44489449974661
2005,1,0.29,3500,0,0.99,"Missing",0.750684018539913,1.10226372179825
2005,0,0.18,18000,0,0.15,"B",0.0231684085689279,-3.74152461293174
2005,1,0.19,18000,0,0.76,"C",0.0370525619409713,-3.25766133129788
2005,0,0.15,7500,1,0,"A",0.00240758681317287,-6.02671986576204
2005,0,0.15,5000,1,0.92,"C",0.0177188968162928,-4.01524583635695
2005,0,0.09,5400,0,0.18,"AA",0.000405348901438236,-7.81035694561279
2005,0,0.25,15000,0,0,"D",0.0090327691037197,-4.69782249065527
2005,1,0.28,5000,0,0.56,"Missing",0.87657485307693,1.96038722616099
2005,0,0.2,6500,0,0.9,"D",0.047096227999483,-3.00732101191076
2005,0,0.26,1200,1,0,"Missing",0.981420109206388,3.96692075803515
2005,1,0.2,4600,0,0.91,"Missing",0.768410365003477,1.19935692907981
2005,1,0.23,4400,1,0,"Missing",0.889660907201321,2.08728210104266
2005,0,0.2,4000,0,0,"D",0.0308131291885726,-3.44851657092483
2005,0,0.23,1525,0,0.56,"D",0.172785397681671,-1.56601380766199
2005,0,0.17,1600,0,0.98,"C",0.0128012295993829,-4.34533017884436
2005,1,0.29,4500,0,0.97,"D",0.459891006575833,-0.160781439684369
2005,1,0.29,25000,0,0.95,"C",0.594135761297425,0.381089131371133
2005,1,0.25,1250,0,0.99,"Missing",0.996450787749386,5.63747407570685
2005,0,0.25,15000,0,0.11,"D",0.211041047230119,-1.31866164392788
2005,1,0.24,3000,0,0.67,"Missing",0.948275039739048,2.90870413112769
2005,0,0.1,4000,1,0.43,"A",0.0180533772758299,-3.99620417722832
2005,0,0.29,18000,0,0.93,"D",0.464875369523795,-0.140730326794102
2005,0,0.2,19000,0,0.95,"C",0.0167295616366043,-4.07370688521358
2005,0,0.1,2000,0,0,"AA",0.000506476680149697,-7.58752567151813
2005,1,0.29,22000,0,0,"D",0.616002953313286,0.472616896223641
2005,0,0.15,1600,0,0.82,"C",0.00838483138092516,-4.77291081169531
2005,0,0.11,1500,0,0.2,"B",0.00121426784172401,-6.71239897756747
2005,0,0.26,3672,0,0.94,"Missing",0.875305156074328,1.94870307135604
2005,1,0.29,1000,1,1,"Missing",0.959775205888107,3.17221552205507
2005,0,0.2,5000,1,0,"C",0.0620836552460929,-2.71517800658162
2005,1,0.29,3000,1,0.67,"Missing",0.975227279321738,3.67292747572299
2005,0,0.21,5500,1,0,"C",0.0694127795073247,-2.59574481345283
2005,0,0.23,16000,1,0,"A",0.0329100986754642,-3.38051189915011
2005,1,0.24,7500,1,0.82,"D",0.199250986897821,-1.39098228530052
2005,0,0.15,13000,0,0.26,"AA",0.000525395619271549,-7.55083348495167
2005,0,0.12,10000,0,0.85,"A",0.00297454492384921,-5.81468524078347
2005,1,0.26,2200,0,0.97,"Missing",0.851527414464139,1.74663136306539
2005,0,0.08,2500,1,0.24,"AA",0.0022345219455092,-6.10149094620711
2005,0,0.17,9200,0,0.06,"A",0.000383873641293521,-7.8648131713202
2005,1,0.29,5500,0,1.13,"Missing",0.858177586917096,1.80023539298875
2005,1,0.19,7000,0,0.83,"C",0.0779759058096385,-2.47017147664888
2005,0,0.29,5000,1,0.75,"D",0.289022507880947,-0.900136205627442
2005,1,0.15,4400,0,0.8,"Missing",0.633013098057115,0.545164956074695
2005,0,0.09,4000,0,0.32,"A",0.00197289097570451,-6.22628047191239
2005,1,0.29,25000,1,0.97,"D",0.688114482371375,0.791319033089739
2005,1,0.24,4100,1,0.91,"Missing",0.936880204241396,2.69752098296669
2005,0,0.17,4000,1,0,"C",0.01039935390316,-4.55555779444357
2005,0,0.19,5000,0,0.42,"B",0.00131737169417015,-6.63079842792907
2005,1,0.29,5000,0,0.6,"Missing",0.97386181922485,3.61787231386678
2005,0,0.2,6500,1,0.9,"C",0.0328761417322263,-3.38157935293411
2005,1,0.28,5000,0,0.81,"D",0.259313439571339,-1.04954001903205
2005,0,0.19,13500,0,0.78,"B",0.00365655187371254,-5.60757143324104
2005,0,0.12,9000,0,0.05,"AA",6.84382694885309e-05,-9.58950995373714
2005,0,0.29,3600,1,0.69,"D",0.453471276167726,-0.186654936414685
2005,0,0.09,6500,0,0.09,"AA",7.00846494672583e-05,-9.56573668129355
2005,1,0.29,3000,0,0.82,"Missing",0.957059009976156,3.10403820280275
2005,1,0.24,6000,0,0.52,"D",0.0791264054308838,-2.45427613634482
2005,1,0.29,4850,0,0.89,"Missing",0.931420236940589,2.60871306567834
2005,1,0.29,3500,0,0.88,"Missing",0.92608753442618,2.52808726441898
2005,0,0.23,3250,0,0.93,"D",0.0202717318132172,-3.87804786178349
2005,0,0.2,13500,0,0.31,"C",0.00198507490578735,-6.22011158186367
2005,1,0.29,5000,0,0.89,"Missing",0.892275982132915,2.11420291531425
2005,1,0.29,2000,0,0,"Missing",0.994430140567204,5.1848000329031
2005,0,0.07,1000,0,0.34,"AA",0.000629848638634089,-7.36940097650458
2005,0,0.17,6550,0,0.77,"C",0.0196536358365227,-3.90964359099399
2005,0,0.23,5000,0,0,"D",0.32672633914265,-0.723028938151783
2005,0,0.11,15152,0,0.6,"A",0.00492371286020851,-5.30875651242616
2005,1,0.29,7000,0,0.7,"D",0.481936034606048,-0.0722873229944399
2005,1,0.28,2000,0,0.77,"Missing",0.951277026448679,2.9716546652593
2005,0,0.14,7750,0,0.59,"C",0.0271341814429778,-3.57945192683757
2005,1,0.24,1500,0,0.99,"Missing",0.843511560720968,1.68459147071813
2005,1,0.29,6000,0,0,"Missing",0.798026956480874,1.37400813635938
2005,1,0.29,2550,1,1.26,"Missing",0.953793991398351,3.02733786025516
2005,0,0.17,5000,0,0.34,"D",0.00677247490804616,-4.98809317680038
2005,1,0.29,4500,0,0.98,"Missing",0.888892149211045,2.07947455286545
2005,0,0.21,5000,0,0.85,"C",0.0111848553503055,-4.48194674039027
2005,0,0.18,25000,0,0.6,"A",0.00218107347215208,-6.12575464948384
2005,1,0.24,7500,1,0.94,"C",0.827046054312117,1.56483503271857
2005,0,0.15,5100,0,0.19,"C",0.00330209708973375,-5.70988996956124
2005,0,0.14,4000,0,0.16,"B",0.0008924336362703,-7.02066557210297
2005,0,0.25,9000,0,0.79,"D",0.302624696760157,-0.834830307769967
2005,0,0.17,3500,0,0,"B",0.000907978862483981,-7.00338106751163
2005,0,0.15,5000,1,0.6,"D",0.0218013086448762,-3.80374281272043
2005,0,0.14,14500,0,0.48,"A",0.00197638580438162,-6.22450711214996
2005,0,0.23,6001,1,0.52,"D",0.0509272796457544,-2.92508669819905
2005,1,0.15,1000,0,0,"Missing",0.903284077186018,2.23425904572935
2005,1,0.29,3500,0,0.94,"Missing",0.983656812985101,4.09746595476245
2005,1,0.29,5000,1,0.97,"Missing",0.911164596487171,2.32793829890404
2005,0,0.1,1000,0,0.56,"A",0.000412768284726932,-7.79221132288583
2005,0,0.15,10000,0,0.64,"AA",0.000435527908639756,-7.73851605681393
2005,0,0.11,1550,0,0.95,"D",0.0262029890628651,-3.61532938363197
2005,0,0.23,10000,0,1.02,"D",0.490448954705774,-0.0382088289673408
2005,0,0.23,2000,0,0.9,"Missing",0.53901866175455,0.156392632083005
2005,0,0.17,1550,0,0.95,"Missing",0.364784935344539,-0.554655664357762
2005,0,0.17,2000,0,0.79,"D",0.286920909060346,-0.910385741652412
2005,1,0.29,2500,0,0.85,"Missing",0.962038234817853,3.23247472123792
2005,1,0.28,4500,0,0.47,"Missing",0.886862784645226,2.05908889711256
2005,0,0.21,25000,0,0.07,"A",0.000633136024696109,-7.36419193343007
2005,0,0.1,4500,0,0.15,"AA",0.000212704774624979,-8.45539266091435
2005,0,0.18,9900,0,0.55,"C",0.00241413825029385,-6.02399583075335
2005,0,0.29,4000,1,0.98,"Missing",0.957833052053776,3.12303680547866
2005,1,0.29,2000,0,0.28,"Missing",0.954194988925925,3.03647454423821
2005,0,0.28,5000,0,0.95,"C",0.0384992213466652,-3.21785735853309
2005,1,0.29,4000,1,0,"Missing",0.989888649012365,4.58393380810665
2005,0,0.15,9000,0,0.97,"C",0.0189247081974138,-3.94818082636411
2005,0,0.08,1668,0,0.05,"AA",0.000112640392748496,-9.0911975320648
2005,0,0.25,8500,1,0.73,"D",0.720298377024726,0.945942135950915
2005,0,0.14,5000,1,0.39,"B",0.0019719121584728,-6.22677770924189
2005,0,0.26,5000,0,0.61,"D",0.118040250521618,-2.01112074703581
2005,0,0.15,3000,0,0.91,"Missing",0.942457509196214,2.79596718982528
2005,0,0.12,15000,0,0.09,"AA",0.000347415056738952,-7.96464288845966
2005,0,0.22,6500,1,0,"B",0.000732988700280929,-7.21764701444357
2005,0,0.29,3500,1,0,"Missing",0.858475043030376,1.80268153360381
2005,0,0.15,15152,0,0.85,"B",0.00150304728214786,-6.49875653220037
2005,0,0.16,25000,0,0,"AA",0.00154206940457656,-6.47308673578352
2005,0,0.23,10000,0,0.44,"C",0.0294410877352548,-3.49548086306289
2005,0,0.15,10000,0,0.08,"B",0.000940752934543815,-6.96788881340902
2005,0,0.07,5000,0,0.05,"AA",0.000164218291541162,-8.71414973743696
2005,0,0.11,2500,1,0,"B",0.00207574467993031,-6.17535740576422
2005,0,0.19,15000,1,0.94,"B",0.00127635425245163,-6.66247033579138
2005,0,0.24,25000,0,0.89,"B",0.00221735946603577,-6.10921839929689
2005,0,0.2,2550,0,0,"AA",0.0020566036095808,-6.18464066872742
2005,1,0.25,3000,1,0.93,"Missing",0.843831276244123,1.68701557962816
2005,0,0.09,7000,0,0.17,"AA",5.42072663457163e-05,-9.82264138434991
2005,0,0.09,2500,0,0.28,"AA",6.01264480388238e-05,-9.71900061776685
2005,0,0.25,9000,0,0.79,"D",0.589047177695079,0.360027858069843
2005,0,0.18,8000,0,0.35,"C",0.00995959458440089,-4.59920938945625
2005,1,0.2,1990,1,1,"D",0.175690806833874,-1.54582002321292
2005,0,0.08,2000,0,0.06,"AA",3.74036541803487e-05,-10.193704748606
2005,0,0.14,5000,0,0.68,"B",5.64022077302255e-05,-9.78294585227504
2005,0,0.24,3000,0,1.99,"Missing",0.692079846989924,0.809860828894432
2005,0,0.18,10000,0,0.15,"B",0.000574589835129284,-7.46127934694278
2005,0,0.15,1000,0,0.87,"C",0.00607116697523315,-5.09811476802423
2005,0,0.07,3000,0,0.06,"AA",5.28282859491241e-05,-9.84841096228329
2005,0,0.11,13000,0,0.82,"A",0.00481243628414694,-5.33172776577213
2005,1,0.29,1750,1,0.98,"Missing",0.968313893858827,3.41967801249896
2005,1,0.28,5000,0,0.56,"Missing",0.914184756898557,2.36583604281379
2005,0,0.09,5000,1,0,"AA",2.31923752130725e-05,-10.6716637952756
2005,0,0.11,3500,0,0,"D",0.00187617699912885,-6.2766411444092
2005,0,0.25,2000,0,0.19,"D",0.0308638767904128,-3.44681861591389
2005,0,0.22,6001,0,0.25,"Missing",0.308806429383452,-0.805705277200401
2005,1,0.27,5000,0,0.83,"Missing",0.990969569409862,4.69808377621315
2005,0,0.1,5000,0,0,"A",0.000123006858918899,-9.00314742615342
2005,0,0.1,2550,0,0.02,"AA",5.58378189641446e-05,-9.79300331956005
2005,1,0.23,3100,0,0.78,"Missing",0.576428498100002,0.308128968940613
2005,0,0.17,3000,0,0.88,"D",0.0857491808619059,-2.36667841962679
2005,0,0.12,6250,0,0.21,"AA",0.00414887737424191,-5.48075998572
2005,0,0.12,9000,0,0.12,"A",0.00373197969256846,-5.58707747654245
2005,0,0.15,5000,0,0.64,"C",0.000681972162055574,-7.28983951424338
2005,0,0.29,25000,0,0.57,"B",0.0220066736943915,-3.79415708909099
2005,1,0.24,1750,1,0.91,"Missing",0.937329491476278,2.70514388703223
2005,1,0.29,5000,0,1,"D",0.392513183032835,-0.43676035051045
2005,0,0.1,5000,0,0.43,"A",0.00259234152001174,-5.95259804245216
2005,0,0.2,6500,0,0,"C",0.00418606238827212,-5.47179990256338
2005,0,0.11,1000,0,0.03,"AA",0.000187689041563402,-8.58053629213908
2005,0,0.21,6000,0,0.76,"D",0.28795587357405,-0.905332633168642
2005,1,0.14,25000,0,0.58,"AA",0.0415366177693406,-3.13875596447645
2005,0,0.21,7500,1,1.02,"C",0.0569204145784157,-2.80749661834235
2005,0,0.27,6500,0,0.67,"D",0.613250084479279,0.460994549875926
2005,0,0.2,5000,0,0.77,"D",0.368712812687036,-0.537742833830982
2005,1,0.24,4100,1,0.91,"Missing",0.71593797196217,0.924400908972753
2005,0,0.25,25000,0,0.18,"A",0.00389255910704455,-5.54478831468446
2005,1,0.29,6500,0,0.95,"Missing",0.859490464694067,1.81106437732923
2005,0,0.15,12000,0,0.61,"B",0.000197628705917426,-8.52892286210307
2005,1,0.29,1800,0,0.73,"Missing",0.869215049969447,1.89403619149484
2005,0,0.1,14000,0,0.26,"AA",0.000687578602716427,-7.28164658864168
2005,0,0.07,1000,0,0.02,"AA",0.0174714252402517,-4.02956272407189
2005,0,0.17,10000,0,0.28,"B",0.000487906726756665,-7.62489827828288
2005,0,0.27,25000,1,0,"C",0.0913088926445167,-2.29775703741007
2005,1,0.29,3999,0,0.94,"Missing",0.676563432167153,0.738023194602046
2005,1,0.28,1250,0,0,"Missing",0.876356956959411,1.95837476398491
2005,0,0.14,6001,0,0.54,"A",0.00253431853115391,-5.97529296672856
2005,1,0.19,7000,0,0.62,"C",0.151633184239896,-1.72184876535953
2005,1,0.29,4531,0,0,"Missing",0.357876627631352,-0.58459214257419
2005,0,0.2,21000,0,0.34,"AA",0.00177510363575614,-6.33211979041854
2005,0,0.18,19200,0,0,"AA",0.00128578723594396,-6.65509749867369
2005,0,0.2,2018,0,0,"Missing",0.865869876156298,1.86492423656792
2005,0,0.29,13200,0,0.98,"D",0.414081084288776,-0.347119600491583
2005,0,0.11,8000,0,0.62,"B",0.00026662475583913,-8.22940163661299
2005,0,0.23,3000,1,0.7,"D",0.272030966393344,-0.98434260418713
2005,1,0.27,3000,1,0.79,"D",0.45618248573915,-0.175720821368081
2005,0,0.15,7000,1,0,"B",0.0016277993673841,-6.41889713203158
2005,1,0.26,25000,1,0.38,"D",0.444017732063978,-0.224871902824823
2005,0,0.17,15000,0,0.96,"B",0.0035636260500013,-5.63340670822948
2005,0,0.18,5600,0,0.48,"B",0.0104186165716519,-4.55368774780774
2005,1,0.23,1000,1,0,"Missing",0.963164339534618,3.26375764061123
2005,0,0.19,1500,0,0.86,"D",0.0126830702355419,-4.35472304016823
2005,0,0.17,5000,1,0.98,"B",0.00430362910958329,-5.44398371688287
2005,1,0.27,2550,0,0.98,"Missing",0.974267316429023,3.63392379996193
2005,0,0.12,4800,0,0.66,"B",0.00571535308992748,-5.15886745240988
2005,0,0.22,25000,1,0.69,"AA",0.006532565340996,-5.02440156224276
2005,0,0.18,9999,0,0.92,"D",0.421808466614109,-0.315353845997637
2005,1,0.26,25000,0,0.92,"C",0.697300248825098,0.834474697059203
2005,1,0.25,4000,0,0.02,"Missing",0.943939262217986,2.82362611697652
2005,0,0.13,2550,0,0.53,"B",0.000647435182130341,-7.34184422936062
2005,0,0.21,8000,0,0.76,"D",0.0434419741965411,-3.09191533065261
2005,0,0.17,10000,1,0.6,"A",0.0373230984106042,-3.25010544780791
2005,1,0.29,3000,1,0.61,"Missing",0.955454870974854,3.06568472108854
2005,1,0.28,5000,0,0.81,"D",0.217122611960758,-1.28251386513927
2005,1,0.29,4500,0,0.45,"Missing",0.682706453808311,0.766237619124198
2005,1,0.29,3001,0,0,"Missing",0.545799309315881,0.183712192489608
2005,0,0.15,3000,0,0.05,"AA",0.00166561997665576,-6.39589085784225
2005,0,0.23,7100,0,0.27,"A",0.00242627401921237,-6.01896930161146
2005,0,0.1,1500,1,0.79,"A",0.00429924428872362,-5.44500750592284
2005,1,0.26,2600,0,0.36,"Missing",0.835741574706946,1.62687849254011
2005,0,0.2,10000,0,0.85,"D",0.0212552494396826,-3.82966698655985
2005,0,0.17,13000,1,0.88,"B",0.0242915389433362,-3.69303573577578
2005,0,0.29,5000,0,0.77,"D",0.232641770113985,-1.19345394251017
2005,0,0.13,5000,0,0.32,"B",0.000225269148990407,-8.39798935839719
2005,0,0.15,7000,1,0,"B",0.000413986942147304,-7.78926205268498
2005,0,0.17,10000,0,0.39,"A",0.00496741728324608,-5.29987543935234
2005,0,0.09,5000,0,0.28,"AA",0.00073855148064503,-7.21008092433554
2005,1,0.25,3000,0,0.62,"Missing",0.947787076780743,2.89879983897811
2005,0,0.16,25000,0,0.85,"A",0.0132746897881991,-4.30853249417485
2005,1,0.23,1600,0,0.74,"Missing",0.952174051598211,2.99117949958992
2005,1,0.29,20000,0,1.03,"C",0.205589823753202,-1.35171688563499
2005,0,0.17,5000,1,0.08,"C",0.122007686595421,-1.97355379130327
2005,0,0.17,10000,0,0.28,"B",0.000126230975204103,-8.97727095367355
2005,0,0.14,9999,0,0.54,"A",0.00158769201343677,-6.44388492743364
2005,1,0.24,1500,1,0.88,"Missing",0.992104601526858,4.8335484287972
2005,1,0.25,3500,1,0.62,"Missing",0.884906794168629,2.03974003655066
2005,1,0.24,3000,0,0,"Missing",0.902424748916992,2.22446141973498
2005,0,0.2,21000,0,0.34,"AA",0.0166140737488923,-4.080751491191
2005,0,0.15,6500,0,1.05,"C",0.00101823327499231,-6.88866748479091
2005,0,0.23,10000,1,0.64,"C",0.26367970061306,-1.02693010214311
2005,1,0.07,2550,1,0.63,"Missing",0.701793984407783,0.855855316311333
2005,1,0.15,2000,0,1.59,"Missing",0.39670342892292,-0.419219930718826
2005,0,0.08,2000,0,0.06,"AA",7.12893504403745e-05,-9.54869231249569
2005,0,0.13,1000,1,0.7,"C",0.00895595402536441,-4.70644041399691
2005,0,0.2,1000,0,0,"Missing",0.259012448189797,-1.05110770292502
2005,0,0.25,7000,0,0.14,"D",0.0148634040109188,-4.19387822256466
2005,0,0.25,25000,0,0.18,"A",0.243476254713138,-1.13371449989682
2005,0,0.25,8500,0,0.87,"C",0.217134760108687,-1.28244239864351
2005,0,0.11,20000,1,0.87,"AA",0.00269641035036609,-5.91313383819245
2005,0,0.22,9000,0,0.95,"D",0.291069861401961,-0.890193674649862
2005,0,0.24,5000,0,0.95,"D",0.017112338504686,-4.05069507903179
2005,0,0.13,2500,0,0.57,"A",0.000774198705122452,-7.16290749380664
2005,0,0.16,10000,0,0.35,"AA",0.00547168398205949,-5.20268214367009
2005,0,0.23,16000,1,0,"A",0.00575558153183847,-5.15181298508797
2005,0,0.1,5000,0,0.43,"A",0.000763147799687931,-7.17729539765946
2005,0,0.1,7500,0,0,"AA",0.00240722780655912,-6.02686935146551
2005,0,0.1,3600,1,0.28,"A",0.00356688086928125,-5.63249051382175
2005,1,0.29,6500,0,0.89,"Missing",0.829209480701716,1.58003504185616
2005,0,0.17,11300,0,0.27,"C",0.0146580041643134,-4.20800223920291
2005,0,0.29,1800,0,1.11,"Missing",0.511849234780525,0.0474058150960803
2005,0,0.17,25000,0,0.89,"B",0.00639190850007413,-5.04630996116049
2005,0,0.11,1527,0,0.03,"AA",0.000684188070358179,-7.28659329923754
2005,1,0.17,1600,0,0.98,"C",0.0117181813708072,-4.43482629963281
2005,1,0.24,2500,1,0.83,"D",0.103207292868957,-2.16208522173751
2005,1,0.29,2500,1,0.89,"Missing",0.947283400022408,2.88866791322832
2005,0,0.15,25000,0,0,"B",0.00376417975300286,-5.57845402044744
2005,1,0.17,9000,0,1,"Missing",0.773456160379627,1.22793051285544
2005,0,0.21,3000,0,0.04,"C",0.0782681038176923,-2.46611423486517
2005,1,0.23,8500,0,0.86,"D",0.0737628579719172,-2.53027496935742
2005,0,0.14,3210,0,0.08,"B",0.00121762376410376,-6.70963568820909
2005,1,0.2,5500,1,0.47,"D",0.484802085565683,-0.0608103900566486
2005,0,0.23,15000,0,0.96,"C",0.0138742752517578,-4.26374743219989
2005,0,0.14,6001,0,0.56,"B",0.0222333821734454,-3.78367614852072
2005,0,0.09,3500,0,0.1,"AA",0.000274549603833046,-8.20010401990929
2005,1,0.29,3000,1,0.82,"Missing",0.830567267833555,1.58965293488701
2005,0,0.15,8400,0,0.48,"B",0.0154780399874398,-4.15273395923546
2005,0,0.1,7500,1,1.02,"D",0.00834196639284826,-4.77807935656925
2005,0,0.15,6000,0,0.14,"C",0.0316135638170754,-3.42204495533029
2005,0,0.21,4900,0,0,"D",0.251929811318096,-1.08834628650826
2005,0,0.15,5000,0,0,"C",0.00726823172487238,-4.91694747205303
2005,1,0.29,3950,0,0.78,"Missing",0.927545120827111,2.54957742920978
2005,1,0.25,1500,1,0,"Missing",0.965134344160037,3.32076503705857
2005,1,0.17,2500,1,0.59,"C",0.0776735471536172,-2.47438448028632
2005,0,0.23,10000,0,0,"D",0.048222347709625,-2.98250888995968
2005,0,0.12,6000,0,0.03,"AA",0.000487691945582043,-7.62533879958622
2005,1,0.12,15000,0,0,"AA",0.0113488965016195,-4.4672209776592
2005,0,0.24,4000,0,0.63,"D",0.110395609871546,-2.08670649103466
2005,1,0.17,2550,0,0.25,"C",0.00816866303691488,-4.79924781709813
2005,0,0.14,5000,0,0,"B",0.0021664929721206,-6.13247671746259
2005,0,0.23,5000,0,1,"Missing",0.291137613102315,-0.889865360400083
2005,0,0.2,2400,1,0,"D",0.475383441500793,-0.0985459073296757
2005,1,0.28,12000,0,0,"Missing",0.905841676984054,2.26388688845447
2005,1,0.26,7225,0,1.01,"Missing",0.926978914811359,2.54118258204512
2005,0,0.17,1600,0,0.98,"C",0.0241624291488678,-3.69849723700133
2005,1,0.29,1500,0,0.84,"Missing",0.951469420969417,2.97581345376968
2005,0,0.11,9000,1,0.85,"A",0.00355371230735366,-5.63620245975547
2005,1,0.2,3000,0,1,"C",0.0115671924299473,-4.44794781387753
2005,0,0.1,1425,0,0,"AA",0.000138734872048807,-8.88280709706421
2005,0,0.18,10000,0,0.66,"B",0.006221527245851,-5.07349890285641
2005,0,0.2,5000,0,0.61,"C",0.119843543670479,-1.99391259360707
2005,0,0.09,3030,0,0.04,"AA",0.000147246738612219,-8.82325362674106
2005,0,0.05,1000,0,0.64,"D",0.0210808422147276,-3.83808438666813
2005,0,0.17,1000,0,1.02,"D",0.099936937307644,-2.19792547039198
2005,1,0.15,2650,1,0.42,"D",0.0983923795659368,-2.2152160571891
2005,0,0.14,9900,0,0.02,"AA",7.88185642274817e-05,-9.44828318053287
2005,0,0.15,20000,0,0.75,"B",0.00825269376979797,-4.78892867860988
2005,1,0.26,2864,0,0.71,"Missing",0.598658773002201,0.399879769092358
2005,0,0.13,1000,1,0.7,"C",0.0157020457650787,-4.13813764286341
2005,0,0.15,7000,1,0,"B",0.00682982424825348,-4.97960308381001
2005,0,0.24,1500,1,0.88,"Missing",0.707012809784624,0.880919895579784
2005,0,0.2,6500,0,0.9,"D",0.123692580841453,-1.95791766391529
2005,1,0.24,2350,0,1.37,"Missing",0.904529031622995,2.24859219597656
2005,1,0.27,1000,0,0,"Missing",0.951771778790452,2.98238092590092
2005,1,0.16,3500,0,0.83,"C",0.278513692833656,-0.951846175220092
2005,0,0.12,12000,0,0,"AA",0.0384868040151577,-3.21819285962036
2005,0,0.12,12000,0,0,"AA",0.00191818380330634,-6.25445645052613
2005,0,0.23,3890,0,0.97,"Missing",0.752506633304063,1.11202603118514
2005,0,0.29,25000,0,1.31,"Missing",0.915931048946147,2.38830377975185
2005,0,0.25,12000,0,0.43,"C",0.108568094949035,-2.10545147260479
2005,1,0.29,3000,1,1.01,"Missing",0.954098978696805,3.03428004988778
2005,0,0.18,2800,0,0.99,"C",0.195450920084586,-1.41497267155613
2005,0,0.18,10000,0,0.97,"C",0.0415220682939408,-3.13912148642159
2005,0,0.1,5000,0,0.52,"AA",0.000166429896852416,-8.70076993338356
2005,0,0.24,3000,0,1,"Missing",0.74379249749999,1.06577442192663
2005,0,0.12,7000,0,0.2,"B",0.000381068668182466,-7.87214982633397
2005,0,0.09,5000,1,0,"AA",0.000492870137323833,-7.61477184011942
2005,0,0.1,8000,0,0.45,"AA",9.94876003703515e-05,-9.21537804840923
2005,0,0.15,5000,0,0.64,"C",0.0397520656946171,-3.18452970910841
2005,0,0.23,12000,0,0.79,"D",0.166145821556592,-1.61319269521709
2005,0,0.29,12000,0,0.63,"D",0.366537305548788,-0.547100805206027
2005,1,0.25,2800,0,0.97,"Missing",0.778532496411133,1.25713486467976
2005,0,0.22,18200,1,0.8,"C",0.00531008081844569,-5.23282399439126
2005,0,0.29,2550,0,0.63,"D",0.0770573151504156,-2.48301763842363
2005,0,0.2,9000,0,0.94,"D",0.029736841470996,-3.48518060150485
2005,0,0.16,5200,0,0.86,"C",0.00758295000206067,-4.87424112596795
2005,0,0.11,8000,0,0.32,"A",0.00200513474214909,-6.21003686969863
2005,0,0.2,7500,1,0.62,"C",0.0625076576551327,-2.70791951792652
2005,0,0.24,1000,0,0.81,"Missing",0.315865709577186,-0.772837075810393
2005,0,0.11,8000,0,0,"A",0.017463647338528,-4.03001591780481
2005,0,0.09,3500,0,0.1,"AA",0.000313386065101506,-8.06776125747007
2005,1,0.29,3001,1,0,"Missing",0.957520513719383,3.11532586142056
2005,0,0.22,15000,0,0.95,"C",0.0152110481136913,-4.17040534276038
2005,1,0.29,4000,0,1.07,"Missing",0.770560225962141,1.21147724391556
2005,0,0.17,4990,0,0.9,"C",0.0196838164798506,-3.90807835622938
2005,0,0.13,9900,0,0.86,"B",0.000278185576172798,-8.18694390251261
2005,1,0.15,1000,1,1.75,"Missing",0.920513504214324,2.44934452818566
2005,0,0.17,8000,0,0.8,"C",0.0341866715616585,-3.34113472606818
2005,0,0.2,3200,1,0,"D",0.100439671857827,-2.19234885243365
2005,0,0.15,20000,1,0.72,"B",0.00281726689244214,-5.8691668082167
2005,0,0.14,8000,0,0.53,"B",0.00038812927194286,-7.85378389410743
2005,1,0.29,6000,1,0,"D",0.715832956689518,0.923884593107374
2005,0,0.19,3000,0,0,"D",0.0303370810530024,-3.46457774344813
2005,0,0.25,5000,0,0.52,"C",0.152891430775013,-1.71210080061323
2005,0,0.17,25000,0,0.91,"A",0.00514980745375799,-5.26363283921132
2005,1,0.25,3000,0,0,"Missing",0.962976046199042,3.25846343414733
2005,0,0.18,9200,0,0.71,"C",0.0613420730137413,-2.72798516424869
2005,0,0.17,15000,1,0.98,"B",0.00255391942512407,-5.96756888413152
2005,1,0.29,4000,1,0,"Missing",0.997466892400635,5.97577210849715
2005,0,0.2,19900,0,0.98,"A",0.00204314103848889,-6.19122169943886
2005,1,0.28,3500,1,0.94,"Missing",0.957162399040308,3.10655682901882
2005,1,0.29,3000,0,0.92,"Missing",0.972198306364651,3.55446286156931
2005,0,0.17,3500,0,0,"B",0.000452826988500887,-7.69954749972622
2005,0,0.11,7000,0,0.83,"AA",0.000662166706337378,-7.31933082543173
2005,0,0.16,24000,1,0.35,"A",0.00230336944459224,-6.07107622588714
2005,0,0.15,4999,0,0.89,"C",0.0086437390334153,-4.74223871846097
2005,0,0.17,4000,0,0.02,"AA",0.00543196521315904,-5.21000752082343
2005,0,0.18,4500,1,0.71,"C",0.0610655531936073,-2.73279773538698
2005,0,0.25,15000,0,0,"D",0.149436057404457,-1.73903099970026
2005,0,0.16,25000,0,0.76,"AA",0.00159806491480095,-6.43736246675182
2005,0,0.15,12000,0,0.43,"A",0.00133697943330129,-6.61600448971447
2005,0,0.13,10200,0,0.95,"A",0.000766720662012212,-7.17262100374092
2005,0,0.15,3200,0,0.7,"C",0.219666877320989,-1.26760870406191
2005,0,0.16,15000,0,0,"B",0.00324420499150114,-5.72763547492326
2005,0,0.16,25000,0,0,"A",0.000680982535823034,-7.29129268253395
2005,1,0.2,4200,1,0.97,"Missing",0.895904395822543,2.15252395838335
2005,0,0.2,5500,1,0.47,"D",0.162733859501771,-1.63802588687739
2005,0,0.15,4200,0,0.3,"C",0.0453183892025201,-3.04766500028117
2005,0,0.1,8000,0,0.21,"A",0.00188342962051363,-6.27277569235808
2005,0,0.2,4600,0,0.91,"Missing",0.217557291267346,-1.27995848008815
2005,0,0.17,1000,1,0.59,"D",0.00412988810904676,-5.48536652496702
2005,0,0.1,6500,0,0.67,"A",0.00606126589271726,-5.09975689759631
2005,0,0.25,25000,0,0.71,"A",0.00368629013201867,-5.59944160970113
2005,0,0.1,7000,0,0.51,"AA",0.00204952720078116,-6.18809451584137
2005,0,0.19,15000,0,0.3,"AA",0.000157453359848909,-8.75622380573963
2005,0,0.13,15000,0,0.09,"AA",0.000402724399336657,-7.8168552970643
2005,1,0.19,7500,0,0.57,"C",0.252939162514648,-1.08299762879102
2005,1,0.17,3500,0,0.76,"Missing",0.60901946154424,0.443192438781808
2005,0,0.18,9800,0,0.57,"C",0.00317156545375191,-5.75035337347078
2005,0,0.18,9750,0,0.92,"C",0.0461027231513546,-3.02968397060519
2005,0,0.16,3800,0,0,"B",0.00144363914765474,-6.53914348528854
2005,0,0.09,1000,0,0,"A",0.00200298740231653,-6.21111051566161
2005,0,0.1,7500,0,0.2,"AA",0.00068922548290427,-7.27925261627163
2005,1,0.29,25000,0,0.47,"D",0.634217648689393,0.550353702022287
2005,0,0.21,9500,0,0.73,"D",0.106095238606408,-2.13126207047726
2005,1,0.19,4700,0,0.74,"D",0.107908208692577,-2.11228808611414
2005,1,0.24,9000,0,1.03,"D",0.113609782494106,-2.05438766364092
2005,0,0.11,12000,0,0.41,"A",0.00698078875832219,-4.95758809751146
2005,0,0.15,5000,0,0.53,"A",0.00192738920835024,-6.2496596846209
2005,1,0.23,2600,0,0.5,"Missing",0.972396954373617,3.5618379949484
2005,0,0.29,5100,0,0.66,"Missing",0.914355691811924,2.36801688703411
2005,0,0.28,10500,0,0.94,"C",0.0222374352709886,-3.78348972202578
2005,0,0.25,8000,1,0.48,"D",0.111210580206798,-2.07843481129653
2005,0,0.14,11500,1,0.36,"A",0.00036538515948262,-7.914193077359
2005,0,0.24,15000,0,1.03,"D",0.0712117970226878,-2.56822223572954
2005,0,0.12,25000,1,0,"AA",0.00772680070545305,-4.85530357523372
2005,0,0.1,1000,0,0.65,"A",0.00171452628921442,-6.36690245494887
2005,0,0.18,1000,1,0,"C",0.0208851160782528,-3.84761222797436
2005,1,0.29,3500,0,0.83,"Missing",0.956373589977638,3.08748591978069
2005,0,0.2,3500,0,0.51,"D",0.0586938346102753,-2.77493375927378
2005,0,0.13,6000,0,0,"B",0.00400045613398636,-5.51733841150349
2005,0,0.09,1000,0,0.02,"AA",0.000743952408265007,-7.20278926328474
2005,0,0.12,25000,0,0.01,"AA",0.0015859822328105,-6.4449641171137
2005,0,0.13,2000,1,0.54,"A",0.00486436369562131,-5.32094313094503
2005,0,0.11,20000,1,0.87,"AA",0.00157088333510936,-6.45454506554737
2005,0,0.17,2000,0,0,"D",0.00536229484165237,-5.22298652987838
2005,0,0.2,13500,0,0.31,"C",0.00489321183328152,-5.31500115169123
2005,1,0.29,5000,1,1.05,"Missing",0.80351277677799,1.40839567903062
2005,0,0.14,25000,0,0,"AA",0.000340683701719124,-7.984215330325
2005,1,0.2,2000,0,0,"Missing",0.669115006263802,0.704185089018522
2005,1,0.29,2550,1,1.51,"D",0.939275008279688,2.73875297135551
2005,0,0.21,10000,0,0.21,"D",0.298563913213368,-0.854145761504572
2005,1,0.24,1000,1,0.98,"Missing",0.956414964152446,3.08847800485654
2005,0,0.18,15000,0,0.61,"A",0.0133173476000294,-4.30528094411899
2005,0,0.13,17500,0,0.08,"AA",0.000460182604151693,-7.68342689318329
2005,0,0.2,7000,0,0.86,"D",0.0293387051772768,-3.49906994636609
2005,1,0.29,15000,0,0.97,"D",0.841995821401655,1.67315357202192
2005,0,0.13,5000,0,0.95,"B",0.000595082276411964,-7.42621562288628
2005,0,0.16,25000,0,0.63,"A",0.000355700577929431,-7.94106549039034
2005,0,0.22,5000,0,0.93,"D",0.0505005729955976,-2.93395024411686
2005,0,0.11,3500,0,0,"D",0.058638727757145,-2.77593162812571
2005,1,0.29,4500,0,0.45,"Missing",0.991477638000233,4.75650286155958
2005,0,0.12,13000,0,0.36,"AA",0.00061483768043691,-7.39353723247282
2005,0,0.18,20000,0,0.67,"B",0.0016354965814813,-6.4141719657199
2005,0,0.23,10000,1,0.64,"C",0.0175868123002363,-4.02286266120949
2005,0,0.15,9500,0,0.36,"A",0.00142333837978059,-6.55332584261465
2005,0,0.15,2000,0,0.62,"C",0.00781632090137993,-4.84369427964571
2005,1,0.25,8500,1,0.73,"D",0.62430039123216,0.507841737503372
2005,0,0.09,1000,0,0.18,"AA",0.000389977433383686,-7.84903163013911
2005,0,0.25,8500,0,0.78,"D",0.0942720630293378,-2.26255408119729
2005,1,0.29,3500,1,0,"Missing",0.927405748564893,2.54750543315896
2005,1,0.28,3500,0,0,"Missing",0.939663796836593,2.74558984063681
2005,0,0.15,2500,0,0.24,"C",0.0170357377053181,-4.05525940828531
2005,0,0.2,7500,0,0.74,"C",0.0885572334292502,-2.33137975336434
2005,0,0.09,5000,0,0,"A",0.00042824516184325,-7.75538638144442
2005,0,0.2,5000,0,0.43,"D",0.0143269615147566,-4.23118151293582
2005,0,0.08,2000,0,0.06,"AA",0.000914594244885436,-6.99611502651224
2005,0,0.08,2500,0,0.06,"AA",0.0014903153167882,-6.5072761324668
2005,0,0.12,25000,0,0.07,"AA",0.00222054692628201,-6.10777873425387
2005,1,0.29,5000,0,1,"Missing",0.966138554601252,3.35103019189763
2005,1,0.29,3500,0,0.71,"Missing",0.985636499185668,4.22859730133939
2005,1,0.28,3001,0,0.75,"Missing",0.968112481423649,3.41313361431694
2005,0,0.07,1000,0,0.07,"AA",0.000442058399656696,-7.72362640255804
2005,0,0.17,4000,0,0.78,"C",0.00696014038280707,-4.9605711597545
2005,0,0.09,1000,0,0,"A",0.00450108808987865,-5.39892486519652
2005,0,0.23,1525,0,0.56,"D",0.039440524871449,-3.19272206355447
2005,0,0.19,3001,0,0.48,"D",0.0233417853848151,-3.73389164075862
2005,0,0.12,2500,0,0,"B",0.000450733421880293,-7.70418364049222
2005,0,0.08,3000,0,0.46,"AA",0.000566057063623417,-7.47624944838595
2005,1,0.29,2550,0,1.7,"Missing",0.985604033345966,4.226306611167
2005,1,0.3,3000,0,1.03,"D",0.668124721392946,0.699715633291028
2005,1,0.23,2400,0,0.91,"Missing",0.905067966148757,2.25484883918556
2005,0,0.09,1000,0,0.18,"AA",9.10103103227701e-05,-9.30444674316318
2005,0,0.15,9999,0,0.83,"C",0.00426399698716146,-5.45327518494705
2005,0,0.22,6000,0,0.71,"C",0.0818594994422439,-2.41734607338316
2005,0,0.15,5000,0,0,"C",0.0317066421109629,-3.41900890778587
2005,0,0.14,4500,1,0.76,"B",0.00996350983981788,-4.59881239812053
2005,0,0.2,5000,1,0.95,"C",0.156301036931537,-1.6860118804978
2005,0,0.15,5500,1,0,"C",0.00379808520130346,-5.56945291739895
2005,1,0.29,5000,0,0.72,"Missing",0.845577785695061,1.70032966147262
2005,0,0.18,3100,0,0.86,"D",0.120701472416451,-1.98580413484555
2005,0,0.15,4000,0,0.72,"C",0.108811095421997,-2.10294310991189
2005,1,0.29,2500,0,0.08,"Missing",0.902293701602744,2.222974054918
2005,1,0.29,6500,0,0.95,"Missing",0.980855138761245,3.93639044475891
2005,1,0.29,3500,1,0.95,"Missing",0.977473629263667,3.77028465811811
2005,1,0.17,3500,0,0.76,"Missing",0.907655421897853,2.28533782067044
2005,0,0.15,25000,0,0.44,"AA",0.015847820129064,-4.12874857985923
2005,0,0.29,3500,0,1.01,"Missing",0.893756612462227,2.12970092161074
2005,0,0.2,9000,0,0.65,"A",0.00503633865111109,-5.28602685526244
2005,0,0.23,2500,0,0.79,"D",0.0234107034943401,-3.73087285954049
2005,0,0.13,9000,0,0.26,"AA",0.00470100350332546,-5.35526719373789
2005,0,0.21,12000,1,0.98,"C",0.0134226929731746,-4.2972949072918
2005,0,0.17,2000,0,0.73,"C",0.020718763655021,-3.85577912381873
2005,0,0.18,10000,0,0.15,"B",0.00249885592799982,-5.98942029737264
2005,1,0.16,5000,1,0.69,"C",0.0196893365238661,-3.90779232898957
2005,0,0.28,25000,1,0.75,"C",0.13894865190526,-1.82404968626196
2005,0,0.24,3500,0,1,"Missing",0.702690161043059,0.860141232624772
2005,0,0.25,5000,0,0.9,"D",0.0146495386485887,-4.20858853281388
2005,0,0.1,3000,1,0.32,"A",0.00121581945114627,-6.71112042497859
2005,0,0.26,7300,0,0,"C",0.312089344644337,-0.79036946024344
2005,0,0.17,5500,0,0.07,"C",0.0240938588279734,-3.7014094273485
2005,0,0.15,18000,0,0.37,"B",0.00197894506184351,-6.22321046755041
2005,1,0.29,5000,0,0.92,"Missing",0.888502393165881,2.0755342137824
2005,1,0.27,3000,1,0.65,"Missing",0.869941776983193,1.90044406684927
2005,0,0.2,7500,1,0.62,"C",0.172187600670148,-1.57020197385526
2005,0,0.11,6000,0,0,"A",0.00559948683986016,-5.17946509844335
2005,1,0.26,1000,1,0,"Missing",0.960510977273062,3.19144268321328
2005,0,0.17,2800,0,0,"C",0.0767894857694624,-2.48678955784892
2005,0,0.17,9000,0,0.9,"C",0.00798585168188469,-4.82206593339794
2005,0,0.29,25000,0,0.6,"D",0.0564960475398433,-2.81542987328839
2005,0,0.2,10000,0,0.79,"C",0.00309680907915127,-5.77428141280516
2005,0,0.15,3200,0,0.7,"C",0.00137920351818447,-6.58486895167552
2005,0,0.25,2500,0,1.01,"D",0.398544547586007,-0.411533191694383
2005,0,0.26,5000,0,0.64,"D",0.631199080696788,0.537364328726321
2005,0,0.15,25000,0,0,"A",0.000418960055877023,-7.77731592677811
2005,0,0.16,25000,1,0.66,"AA",0.00182575313538753,-6.30393527829665
2005,0,0.29,2500,0,0.95,"D",0.0750447613412718,-2.51166059230738
2005,1,0.2,2000,0,0.77,"Missing",0.898266945518602,2.17811502112181
2005,1,0.29,3000,0,1.51,"Missing",0.890797756190846,2.09891580570773
2005,0,0.11,7000,0,0,"AA",0.000247882097961604,-8.30230942346248
2005,1,0.29,10000,0,1.13,"Missing",0.893294655185247,2.12484523842734
2005,0,0.08,3500,0,0,"AA",0.000349707126602494,-7.95806476662491
2005,0,0.25,14000,0,0.8,"D",0.0969938156093304,-2.23108218224366
2005,0,0.15,17000,1,0.58,"A",0.000929580739617016,-6.97984687801416
2005,0,0.1,6000,1,0.75,"A",0.00109764014737901,-6.81349448124352
2005,0,0.12,4000,0,0,"B",0.00116618364637311,-6.75285183811057
2005,1,0.2,1000,0,0.91,"Missing",0.154072577143723,-1.70300979579015
2005,1,0.29,2000,1,0,"Missing",0.9566324997386,3.09370898620784
2005,0,0.19,1500,0,0.86,"D",0.023603261734579,-3.72248408636725
2005,0,0.19,1000,0,0.87,"C",0.020089550948556,-3.88726136238163
2005,0,0.2,8000,0,0.91,"D",0.391918524409935,-0.439254906598401
2005,0,0.1,5000,0,0.52,"AA",0.000571611113081848,-7.46647989549194
2005,0,0.15,3000,1,0,"C",0.00531480011572702,-5.23193090156389
2005,0,0.19,16000,0,0,"A",0.000247112480698045,-8.30541979453419
2005,0,0.07,3000,0,0.87,"C",0.00342882431240243,-5.67210312642292
2005,0,0.15,1200,0,0.9,"D",0.0149989114502619,-4.18466511781177
2005,0,0.13,4950,0,0,"B",0.00224312167824508,-6.09764113567969
2005,0,0.08,2000,0,0.23,"AA",0.000355372999295688,-7.9419871816895
2005,0,0.13,9500,0,0.27,"A",0.00878665091396047,-4.72569616965719
2005,0,0.15,6500,0,1.05,"C",0.0142005209583668,-4.24017431466542
2005,0,0.09,1500,0,0.29,"A",0.000221073429312944,-8.4167945544282
2005,1,0.29,15000,0,0.98,"Missing",0.968653241251628,3.43079582315365
2005,0,0.25,6000,0,0.11,"D",0.215762853426789,-1.290531553738
2005,1,0.24,3500,0,0.83,"Missing",0.797612343293345,1.37143774316844
2005,1,0.23,5000,0,0.37,"D",0.608021132500865,0.439001709868566
2005,0,0.17,25000,0,0.67,"A",0.0023049902930353,-6.07037116293455
2005,1,0.2,1100,0,0,"Missing",0.851960877481877,1.75006402715576
2005,1,0.29,1890,1,0,"Missing",0.788067029006123,1.31331309830969
2005,0,0.2,5000,0,0,"D",0.152475779629437,-1.71531365612273
2005,1,0.29,2550,0,0.43,"Missing",0.921858552098916,2.46787117854656
2005,0,0.19,9000,0,0.76,"C",0.0109941537759519,-4.49933658625096
2005,0,0.24,11520,0,0.6,"D",0.306539400186246,-0.816348128760115
2005,0,0.18,6000,0,0.75,"C",0.00404619037379363,-5.50592509064685
2005,0,0.21,7500,1,1.02,"C",0.093108461400309,-2.27625779515794
2005,0,0.16,8000,0,0.8,"C",0.00594917768651058,-5.11853532837885
2005,1,0.17,3000,0,0,"C",0.0197017507396178,-3.9071493595172
2005,1,0.2,12000,0,0.95,"C",0.417346555793429,-0.333675628579438
2005,1,0.24,2000,1,0.93,"Missing",0.978945346331028,3.83935420235161
2005,0,0.2,6000,1,0.25,"C",0.0243477573342149,-3.69066647015323
2005,0,0.18,15000,0,0.29,"C",0.024757644920953,-3.67355168240705
2005,1,0.29,2000,1,1.08,"Missing",0.690620035215303,0.803019614868647
2005,0,0.14,9999,0,0,"A",0.0017619271102981,-6.33958363878902
2005,0,0.14,2100,0,0.92,"C",0.0181132369445646,-3.992832995245
2005,0,0.24,15000,0,0.85,"C",0.27435240500642,-0.972651060967511
2005,0,0.15,10000,0,0.68,"B",0.00721480837002762,-4.92437868608325
2005,0,0.12,7000,0,0.2,"B",0.00699616198949114,-4.95537281762831
2005,0,0.1,6500,0,0.67,"A",0.000437257875465405,-7.73455007937121
2005,1,0.29,3000,0,1.51,"Missing",0.964659123918096,3.30673454279436
2005,0,0.12,25000,1,0,"AA",0.0022075490073162,-6.11366243612727
2005,0,0.18,2800,0,0.99,"C",0.0142103227949304,-4.23947436483522
2005,0,0.16,10000,0,0.11,"B",0.000568974010764034,-7.47110666422608
2005,1,0.29,1000,0,0.92,"Missing",0.968426914472425,3.42336798354102
2005,0,0.29,25000,0,0.34,"C",0.115948671562055,-2.03136751814953
2005,0,0.08,3000,0,0.46,"AA",0.000944087520167857,-6.96434715062257
2005,0,0.29,12000,0,0.92,"C",0.169830519758519,-1.58682887583259
2005,0,0.18,15000,0,0.58,"C",0.0409328252632216,-3.15402880424807
2005,0,0.15,9500,0,0.94,"B",0.00168804575940785,-6.38249430240782
2005,0,0.15,7000,1,0,"B",0.0061027252351808,-5.09289842473156
2005,0,0.15,2000,0,0.98,"C",0.0172466308167427,-4.04274138318842
2005,0,0.18,2500,0,0.87,"D",0.00897844346625436,-4.703909752487
2005,1,0.24,2550,0,0,"Missing",0.907200971189713,2.27992782917731
2005,1,0.19,3000,0,0.97,"C",0.0987239187195522,-2.21148437252332
2005,1,0.15,1000,1,0.46,"D",0.0610080958118565,-2.73380028383905
2005,0,0.18,12000,0,0.93,"B",0.00366869997156544,-5.60424246469524
2005,0,0.15,2500,0,0.24,"C",0.0174543206769898,-4.03055961434658
2005,1,0.27,1800,1,0.1,"Missing",0.981999017995218,3.99916399611984
2005,0,0.14,5000,0,0.34,"B",0.00215404383856172,-6.13825198116293
2005,1,0.28,3200,0,0.99,"Missing",0.927148000259734,2.54368322553189
2005,1,0.15,2650,1,0.42,"D",0.117669682487521,-2.01468509740459
2005,0,0.2,3000,0,0.98,"D",0.0580157220186479,-2.78727454129524
2005,0,0.18,12000,0,0.93,"B",0.0105962364711856,-4.53660361445126
2005,0,0.2,3500,1,0.81,"C",0.121472190943687,-1.97856220682274
2005,1,0.29,2550,1,0.76,"Missing",0.985173907471316,4.1964295442071
2005,0,0.23,25000,0,0.04,"AA",0.0026282070691938,-5.93882172114231
2005,0,0.14,8000,0,0.21,"B",0.0025359747289191,-5.97463801163445
2005,0,0.24,23000,0,0.82,"B",0.0109705043541812,-4.50151390588573
2005,0,0.17,4900,0,0.13,"D",0.0157597056961875,-4.13441365861258
2005,0,0.15,12000,0,0.33,"B",0.000130317211577045,-8.94540866493425
2005,0,0.15,12000,0,0.33,"B",0.00195553455787251,-6.23513424267149
2005,0,0.11,10500,0,0.16,"AA",0.000791294587168292,-7.14104862797584
2005,0,0.13,10000,0,0.15,"A",0.00448806264584026,-5.4018359881039
2005,0,0.2,3300,0,0.55,"D",0.125686086368746,-1.93965205980516
2005,1,0.29,2000,0,0.4,"Missing",0.978939131272124,3.83905271021592
2005,0,0.2,1000,0,0.33,"D",0.011846624154216,-4.42379497891596
2005,0,0.15,16000,0,0.24,"C",0.0275509938400729,-3.56377902929442
2005,0,0.08,3001,0,0.14,"AA",0.00125015073528357,-6.68324021388565
2005,0,0.21,25000,0,0.07,"A",0.0179475077576787,-4.00219349963648
2005,0,0.13,10000,0,0.15,"A",0.00182856552432597,-6.30239324661023
2005,0,0.16,5000,0,0,"C",0.0228558688140341,-3.75542624016671
2005,1,0.29,10500,0,0.99,"Missing",0.8206529825949,1.52077776978576
2005,1,0.29,3000,0,0.98,"Missing",0.898645722749331,2.18226680276971
2005,0,0.2,5500,1,0.47,"D",0.548652017367386,0.1952257702916
2005,0,0.19,15000,1,0.41,"A",0.0157265963772165,-4.13655039181166
2005,1,0.29,20000,0,0.95,"Missing",0.968838848871031,3.43692612858398
2005,0,0.08,3001,0,0.14,"AA",0.00139535775181475,-6.57320811150345
2005,0,0.2,5000,0,0.97,"C",0.0837597525355686,-2.39232599706483
2005,1,0.29,2800,0,0.97,"Missing",0.960333829959461,3.18678227917697
2005,0,0.24,23000,0,0.82,"B",0.00139884846150085,-6.57070608055829
2005,0,0.27,7000,0,0,"D",0.413013870943816,-0.351520011103512
2005,0,0.17,4000,0,0.02,"AA",0.00184766312081755,-6.2919842441543
2005,0,0.13,9500,0,0.27,"A",0.000531914165433283,-7.5384963691284
2005,1,0.29,20000,0,0.89,"C",0.480904244732306,-0.0764201908133253
2005,0,0.1,5000,0,1.13,"A",0.000219351867505425,-8.42461404064417
2005,1,0.29,3000,0,0.98,"Missing",0.994267277899097,5.15581558259799
2005,0,0.2,1000,0,0.9,"Missing",0.549668929017538,0.199333124188334
2005,0,0.15,4000,0,0.95,"C",0.00935087389915422,-4.66289060710946
2005,0,0.25,6000,0,1.02,"D",0.20329143144144,-1.36584837900658
2005,0,0.15,3600,0,0.28,"A",0.00822233159385388,-4.79264513983994
2005,0,0.11,1000,0,0.05,"C",0.00804204187431851,-4.81499771005025
2005,0,0.22,8500,0,0.93,"D",0.0557946579092588,-2.82866553748089
2005,0,0.23,2400,0,0.91,"Missing",0.570795608005397,0.285097947435399
2005,0,0.23,14000,1,0.83,"C",0.170257579724057,-1.58380285043079
2005,0,0.12,5250,1,0.39,"B",0.00605523980012981,-5.10075765199711
2005,0,0.19,25000,0,0.89,"B",0.000525340403164366,-7.55093864006214
2005,0,0.14,22000,0,0.77,"B",0.000488294431547272,-7.62410357702887
2005,0,0.2,24000,0,0.76,"C",0.0468290145228859,-3.01329132642958
2005,0,0.12,10000,0,0.5,"B",0.00162626554426379,-6.41984138048551
2005,0,0.18,7000,0,0.33,"C",0.0221013360936708,-3.78976798560519
2005,0,0.1,3600,1,0.28,"A",0.00547238369983296,-5.20255356849288
2005,0,0.15,15500,0,0.98,"B",0.000756581427503287,-7.18594352559956
2005,0,0.29,20000,0,0.04,"C",0.0706592835789387,-2.57660592479053
2005,0,0.29,23800,0,0.5,"C",0.0218346512270181,-3.80218051032519
2005,0,0.2,7500,0,0.99,"D",0.034695409962204,-3.32583628842381
2005,0,0.24,15000,0,0.86,"B",0.0300685433967684,-3.47374585029128
2005,0,0.17,5000,0,0.34,"D",0.0983830455429129,-2.2153212795841
2005,1,0.29,2500,0,1.09,"Missing",0.940196600459011,2.75502649496754
2005,1,0.27,15000,1,0.96,"Missing",0.963972581283174,3.2867825719684
2005,0,0.19,5000,0,0.42,"B",0.00053411623420926,-7.53436281670648
2005,0,0.21,14000,0,0.85,"C",0.0259918993609007,-3.62363469405252
2005,1,0.24,4500,0,1.46,"Missing",0.957773200361287,3.12155592510111
2005,0,0.25,8500,0,0.78,"D",0.197764113457869,-1.40032771318618
2005,0,0.25,7000,0,0.62,"D",0.0435258097421204,-3.08989971544017
2005,1,0.23,4000,1,1,"Missing",0.983111622869842,4.06409702542884
2005,0,0.17,15000,1,0.41,"B",0.00281705869414146,-5.86924092054234
2005,0,0.17,2400,0,0.77,"D",0.0253041664049722,-3.65115639456928
2005,0,0.11,1500,0,0.07,"B",4.57991818437553e-05,-9.9911985304465
2005,0,0.17,1000,0,0.35,"D",0.0042224592956369,-5.4631061501507
2005,0,0.15,7000,0,0,"A",0.00252076081813399,-5.98067056778215
2005,1,0.29,3100,0,1,"Missing",0.957470676940652,3.11410130362189
2005,0,0.08,2000,0,0.05,"AA",0.000522233664475065,-7.55687306706948
2005,0,0.25,15000,0,0.83,"C",0.0865742196333846,-2.35620004848728
2005,0,0.14,12000,1,0.37,"A",0.0351338941143918,-3.31282303251268
2005,0,0.15,5000,0,0.92,"B",0.00273119702635835,-5.90028036114217
2005,1,0.29,10500,0,0.99,"Missing",0.960485586540811,3.19077347284267
2005,0,0.15,4400,0,0.8,"Missing",0.304257859710261,-0.827103538997556
2005,0,0.16,3300,0,0.3,"C",0.0108135762554061,-4.51608040569664
2005,0,0.24,15000,0,0.85,"C",0.0217443629047959,-3.80641647635034
2005,0,0.2,6000,0,1,"C",0.00190283657925683,-6.26250492040781
2005,0,0.17,12000,1,0.51,"A",0.0335413004020217,-3.36086103849424
2005,0,0.29,7500,1,0.09,"D",0.493744942978572,-0.0250215334548206
2005,0,0.11,4500,1,0.97,"AA",0.000645878185963447,-7.34425355172751
2005,0,0.12,19500,1,0,"AA",0.000508465821794518,-7.58360396337699
2005,0,0.15,5000,0,0.92,"B",0.000611747835433673,-7.39857845893674
2005,1,0.27,7000,0,0,"D",0.055598736636838,-2.83239066431271
2005,1,0.29,3000,1,0,"Missing",0.811233805233775,1.4580471205527
2005,0,0.22,6001,0,0.01,"D",0.285520617143753,-0.917239900956443
2005,0,0.2,5000,0,0.96,"C",0.0388461982239793,-3.20852422542347
2005,0,0.2,9000,0,0.94,"D",0.0509268213281885,-2.9250961806015
2005,0,0.2,2300,0,0.86,"C",0.0392233827189431,-3.19846886685687
2005,1,0.24,1000,1,0.29,"Missing",0.533673883146058,0.134899735744811
2005,0,0.22,6001,0,0.69,"D",0.0476674335650493,-2.99466587803914
2005,1,0.23,1600,0,0.74,"Missing",0.38654917442304,-0.46184101702272
2005,0,0.15,2000,0,0,"B",0.000561666174818674,-7.48404105557171
2005,0,0.11,3000,0,0,"B",0.000291295422925368,-8.14088126884492
2005,1,0.29,3001,0,0,"Missing",0.945909756512775,2.86149334230137
2005,1,0.22,6500,1,0.97,"Missing",0.797050768661974,1.36796252063014
2005,0,0.19,2750,0,0,"C",0.03046618329205,-3.46019803066109
2005,0,0.1,5000,0,0.11,"AA",6.81368012950799e-05,-9.59392495084122
2005,0,0.16,8200,0,0.87,"C",0.00307148756746985,-5.78251707080831
2005,0,0.11,1200,0,1,"Missing",0.149986352057836,-1.73470810208235
2005,1,0.24,3000,0,0,"Missing",0.925221097708274,2.51549694322808
2005,0,0.15,5500,1,0,"C",0.00389470108338234,-5.54423604109842
2005,0,0.2,5000,1,0.43,"D",0.275898573854291,-0.964898161792883
2005,0,0.08,2500,1,0.24,"AA",0.00384731288546529,-5.55652559336038
2005,0,0.07,1500,1,0.91,"Missing",0.602113565889159,0.41427945203672
2005,1,0.29,10500,0,0.99,"Missing",0.498643332345728,-0.00542668393453871
2005,0,0.26,10000,0,0.97,"D",0.269035335864246,-0.999522388440841
2005,1,0.29,1800,0,0.98,"Missing",0.988122262865996,4.42114061907604
2005,0,0.09,3600,0,0.23,"AA",6.29642532687858e-05,-9.6728804348062
2005,0,0.28,10000,0,0.24,"C",0.061017872529939,-2.73362963189538
2005,0,0.24,25000,0,0.97,"C",0.114396997232216,-2.0465939414168
2005,0,0.17,25000,0,0.78,"B",0.0123705213958629,-4.37999127020848
2005,0,0.22,17500,0,0,"AA",0.00596083517168644,-5.11656600637846
2005,1,0.29,3500,0,0.99,"Missing",0.925073826780625,2.51337027539965
2005,1,0.29,25000,0,0.95,"C",0.576581622876523,0.30875615171612
2005,0,0.12,6000,0,0.53,"AA",0.000210182671729721,-8.46732333521761
2005,1,0.29,3000,1,0.74,"Missing",0.97144973007797,3.52712313241517
2005,0,0.15,15000,0,0.05,"AA",0.000944990005116596,-6.96339077033299
2005,0,0.21,9000,0,0,"D",0.297162561784712,-0.860846289838556
2005,1,0.29,1000,1,1,"Missing",0.938795922268096,2.7303843035049
2005,1,0.29,7400,0,0,"Missing",0.965586092986351,3.33427451088604
2005,0,0.16,11204,0,0.73,"B",0.00950427194488217,-4.6464641772716
2005,0,0.24,10000,1,0.73,"D",0.0796193319876955,-2.44753042651201
2005,0,0.22,9000,0,0.95,"D",0.0133320748843414,-4.30416075678723
2005,0,0.2,10000,0,0.64,"D",0.221016953049738,-1.2597498738461
2005,1,0.29,3500,0,0,"Missing",0.92259469289418,2.47813467326678
2005,0,0.11,7000,0,0,"AA",6.83877740710693e-05,-9.59024810085037
2005,1,0.29,2501,0,1.22,"Missing",0.767754574402997,1.19567543602675
2005,0,0.11,10000,0,0.37,"AA",0.0024663650807427,-6.00254042790952
2005,0,0.12,25000,1,0.22,"AA",0.0246746545436034,-3.67699451802179
2005,1,0.29,3000,1,0.82,"Missing",0.972038012260263,3.54854890385549
2005,0,0.2,8000,1,0.52,"D",0.0486820410026387,-2.97253815424443
2005,0,0.2,25000,1,0.19,"C",0.126814698435513,-1.92942083814828
2005,0,0.1,3000,0,0,"A",0.0025684472747111,-5.96188198453112
2005,0,0.15,9000,0,0.49,"B",0.000208993693911882,-8.47299746358895
2005,0,0.11,1500,0,0.07,"B",0.00135521308268339,-6.60244044820665
2005,0,0.1,14000,0,0.26,"AA",0.000118398416204534,-9.04133680682888
2005,0,0.25,12000,0,0.43,"C",0.22850320484478,-1.216782281936
2005,0,0.11,8000,0,0.06,"A",0.00226088569864728,-6.08973519505566
2005,0,0.12,15000,0,0,"A",0.000232106958481039,-8.36808013070371
2005,0,0.07,1000,1,0.08,"AA",0.000793845654143961,-7.13782734494381
2005,0,0.11,6475,0,0.1,"AA",0.000199701963883621,-8.51848476151453
2005,0,0.12,9000,0,0.12,"A",0.000583014407568469,-7.44671547468217
2005,1,0.29,3000,0,0.82,"Missing",0.925939346551105,2.52592433333312
2005,0,0.07,1500,0,0.01,"AA",0.00334213210174291,-5.6977985923392
2005,0,0.22,2500,1,0.74,"D",0.378000240396678,-0.498044874659834
2005,0,0.09,1000,0,0.18,"AA",0.000794148068542515,-7.13744616622154
2005,1,0.28,5200,1,0.92,"Missing",0.996702986789142,5.71143584763266
2005,0,0.29,10000,0,0.04,"B",0.00167574483686031,-6.38982038335504
2005,0,0.15,5000,0,0.92,"B",0.00143986575573774,-6.54176449156353
2005,0,0.2,3300,0,0.55,"D",0.332155293800676,-0.69845305879435
2005,0,0.14,4000,0,0.18,"B",0.000588340689414679,-7.43761586025903
2005,0,0.21,4000,1,0.91,"D",0.118798782822314,-2.0038548349275
2005,0,0.15,8000,0,0.64,"B",0.000659776761938478,-7.32294902513643
2005,0,0.17,2400,0,0.86,"D",0.102725945283899,-2.16729662223885
2005,0,0.14,25000,0,0.58,"AA",0.00113872948494184,-6.77670274664121
2005,0,0.13,16000,0,0.34,"A",0.00344000919685048,-5.66883519446446
2005,0,0.09,3001,0,0.21,"AA",0.000160383171567017,-8.73778438741914
2005,0,0.23,7200,0,1.12,"Missing",0.313056089325588,-0.785870271429188
2005,0,0.16,3800,0,0,"B",0.000831678616445337,-7.09123244542566
2005,0,0.2,21000,0,0.34,"AA",0.00340541511394589,-5.67897720702059
2005,0,0.16,15000,0,0.46,"AA",0.000273522502436513,-8.20385310375111
2005,0,0.21,5000,0,0.26,"D",0.0316323368905737,-3.42143191574554
2005,0,0.29,25000,1,0.97,"D",0.210583930606297,-1.32140922561226
2005,0,0.29,10000,0,1.13,"Missing",0.307902718653919,-0.809942641160428
2005,0,0.15,4000,0,0.46,"B",0.00122570241472847,-6.70301474533563
2005,0,0.16,5000,1,0.69,"C",0.11218057890561,-2.06865848311609
2005,1,0.29,2550,0,1.7,"Missing",0.639572153584504,0.573507654723849
2005,1,0.27,1000,1,0,"Missing",0.982650038556758,4.03666275898463
2005,0,0.07,3000,0,0.06,"AA",6.54454050378107e-05,-9.63422882621284
2005,0,0.08,4000,0,0.13,"AA",0.000109433802995781,-9.12008129057502
2005,1,0.29,3000,0,0,"Missing",0.969911377492386,3.4730575933952
2005,1,0.2,9000,1,0.93,"D",0.451623096480752,-0.194114856043917
2005,0,0.1,8000,0,0.45,"AA",0.0093277460172729,-4.66539035586573
2005,0,0.14,5000,0,0.68,"B",0.000381998392356829,-7.8697120864842
2005,0,0.17,15000,0,0.52,"B",0.00141386614628054,-6.5600125125584
2005,0,0.1,2000,0,0,"B",0.00320247350315521,-5.7406241856319
2005,0,0.11,8000,0,0.62,"B",0.00474332484811184,-5.34626233430919
2005,0,0.15,2000,1,0,"Missing",0.129464428377083,-1.90570246275143
2005,1,0.24,2800,0,0,"Missing",0.915109617884337,2.3776830570231
2005,0,0.12,3500,0,0.31,"A",0.000352784379782055,-7.94930066318315
2005,0,0.17,7000,0,0.67,"B",0.0218431171380278,-3.80178420230203
2005,0,0.1,4999,0,0.06,"AA",0.000405705041285157,-7.80947837432684
2005,1,0.25,3001,1,0.89,"D",0.823865371872136,1.54275849773955
2005,0,0.12,7000,0,0.2,"B",0.00101806874903658,-6.88882924236631
2005,0,0.12,9000,0,0.12,"A",0.00746177124527782,-4.89047271108062
2005,0,0.09,4800,0,0.12,"AA",0.0021072590159986,-6.16025773812405
2005,1,0.29,3500,0,0.83,"Missing",0.987181504613259,4.34396483770233
2005,1,0.24,18000,1,0.97,"C",0.641464313281604,0.581725352766171
2005,0,0.11,10000,0,0.17,"AA",5.63862725866586e-05,-9.78322843507657
2005,1,0.29,3000,1,0.61,"Missing",0.986724413097089,4.30846400643217
2005,0,0.1,2550,0,0.02,"AA",0.000135203743235935,-8.90859249519827
2005,1,0.28,5000,0,0.96,"Missing",0.831978231448131,1.59971273063139
2005,0,0.24,4500,0,0.6,"D",0.116215995713544,-2.02876220205247
2005,1,0.2,5000,0,0.7,"D",0.405318334752134,-0.383353475888398
2005,0,0.19,10300,0,0.38,"B",0.00336880759169423,-5.68982193278807
2005,0,0.28,10500,0,0.94,"C",0.0192456141456943,-3.93103885883101
2005,0,0.09,2500,0,0.09,"AA",0.00159218816297527,-6.44105254867892
2005,1,0.27,1000,1,0.88,"Missing",0.911872164052027,2.33671136766934
2005,0,0.29,22000,0,0,"D",0.00884753927878226,-4.71872899506397
2005,0,0.2,1000,1,0.9,"D",0.18041229355391,-1.51355666540387
2005,1,0.23,2600,0,0.5,"Missing",0.958391273330564,3.13694620088833
2005,0,0.25,10000,1,0,"A",0.0218493499390629,-3.80149252706277
2005,0,0.1,5200,0,0,"A",0.00162658521251883,-6.41964451377164
2005,0,0.25,25000,0,0.73,"A",0.000802837833822886,-7.1265546545389
2005,0,0.17,10000,0,0.76,"C",0.0106838975397197,-4.52827619368252
2005,1,0.29,2550,1,0,"Missing",0.995630396592506,5.42870384940063
2005,0,0.12,25000,1,0,"AA",0.00219323323709006,-6.1201828180439
2005,0,0.2,15000,0,1.03,"D",0.0346781275809155,-3.3263524331413
2005,0,0.2,2700,1,0.8,"D",0.116233447362074,-2.02859230098981
2005,0,0.09,5500,1,0.48,"A",3.7538662946716e-05,-10.1901016048357
2005,1,0.29,6000,0,0.43,"D",0.633034797655679,0.545258366174333
2005,1,0.29,2550,0,0,"Missing",0.679714745847233,0.752461200814883
2005,1,0.29,22000,0,0,"D",0.608685749903419,0.441791178648715
2005,0,0.09,2000,0,0.13,"AA",0.00103501569791491,-6.87230313361574
2005,0,0.18,15000,0,0.51,"B",0.000719843757869005,-7.23575626949265
2005,1,0.29,4500,1,0.6,"Missing",0.984717854858402,4.16566999563887
2005,0,0.15,10000,0,0.08,"B",0.00021636771818512,-8.43831480758454
2005,0,0.12,2500,0,0,"C",0.00150491462361175,-6.4975130627426
2005,0,0.11,6475,0,0.1,"AA",0.000178142293077446,-8.63274976954784
2005,1,0.29,5000,0,0.72,"Missing",0.942628900556529,2.7991319919733
2005,0,0.14,5000,0,0.68,"B",8.35576023893145e-05,-9.38989075387655
2005,0,0.2,1000,1,0.9,"D",0.144746029054777,-1.77641778392052
2005,0,0.25,14000,0,0.84,"B",0.0112641949042335,-4.47479806001116
2005,1,0.28,6500,1,0,"Missing",0.957092413540283,3.10485130181122
2005,0,0.08,3000,0,0.46,"AA",0.0008277750205706,-7.09594103697125
2005,0,0.22,25000,0,0.7,"C",0.0289347010533736,-3.51335211189194
2005,0,0.15,8500,0,0.22,"B",0.00989316203952131,-4.60596903902118
2005,1,0.24,1000,0,0.97,"Missing",0.867936335466224,1.88283425234555
2005,0,0.19,4700,0,0.74,"D",0.12912062446179,-1.90875643683861
2005,0,0.22,15000,0,0.04,"D",0.0533918284598182,-2.87522754079188
2005,0,0.15,4500,1,0.49,"C",0.0506297208586424,-2.93126012813355
2005,0,0.23,7800,1,1.03,"C",0.397258170949505,-0.416902586862981
2005,0,0.29,3600,0,0.3,"Missing",0.536185023538949,0.144993579600783
2005,0,0.13,9999,0,0.61,"B",0.0022551385441107,-6.09228618408629
2005,0,0.2,6000,0,0.25,"A",0.00472860406413332,-5.34938542461661
2005,0,0.23,8000,0,0,"D",0.216528375877067,-1.28601323906115
2005,0,0.19,3001,0,0.48,"D",0.0103879854834585,-4.55666306541943
2005,0,0.23,6001,0,0.61,"D",0.0429730938205975,-3.1032573114442
2005,0,0.2,5000,0,0.08,"D",0.00952574969462614,-4.64418524312508
2005,0,0.09,3500,0,0.67,"A",0.00322300093068485,-5.73421418140023
2005,0,0.2,1500,0,0.6,"Missing",0.422527520716683,-0.312406203872934
2005,0,0.17,3650,0,0.85,"D",0.0764469250128769,-2.49163156018244
2005,1,0.29,3500,0,0.9,"Missing",0.780979442696327,1.27138323334397
2005,0,0.26,10000,0,0.46,"D",0.0139612214455822,-4.25741209338342
2005,1,0.15,7000,0,0.95,"C",0.142594715725112,-1.79390426661587
2005,0,0.19,15000,1,0.41,"A",0.00237062123444381,-6.04222979834004
2005,0,0.15,2000,0,0,"C",0.0198857054734848,-3.8976680362309
2005,0,0.18,15000,0,0.51,"B",0.0219536506727049,-3.79662361750703
2005,0,0.2,3100,1,0.92,"C",0.0534111750253615,-2.87484481775678
2005,1,0.29,3000,1,1.01,"Missing",0.98937270359791,4.53364528615043
2005,0,0.21,6000,0,0.76,"D",0.09007803074251,-2.3126825448198
2005,1,0.2,2500,0,0.8,"Missing",0.66315080831515,0.677367100067624
2005,0,0.25,9000,0,0.43,"D",0.015723475949334,-4.13675199902183
2005,1,0.29,7100,1,1.12,"Missing",0.903674467186735,2.23873577096113
2005,1,0.27,15000,0,0.94,"D",0.781034898593586,1.27170747053055
2005,0,0.11,1200,0,1,"Missing",0.148799191977608,-1.74405037573512
2005,1,0.2,3800,0,1,"Missing",0.764830812197621,1.17934944563988
2005,0,0.11,4500,1,0.97,"AA",0.00146706536300275,-6.52302308269937
2005,1,0.29,2550,1,0.93,"Missing",0.87305446600085,1.92823981503528
2005,0,0.2,10000,0,0.64,"D",0.00259898785627402,-5.95003082470617
2005,1,0.29,4000,1,0.98,"Missing",0.88841457816717,2.07464808867245
2005,0,0.28,15000,0,0.93,"B",0.033303257273179,-3.36822963177402
2005,1,0.26,6500,0,0.53,"Missing",0.82475798257689,1.54892201362246
2005,0,0.15,3000,0,0,"C",0.040561552123129,-3.16352753729727
2005,0,0.11,12000,0,0.41,"A",0.00201543151341334,-6.2049044907046
2005,0,0.22,18200,1,0.8,"C",0.168740103079413,-1.59458281835461
2005,0,0.29,25000,0,0.38,"B",0.00196886751572564,-6.22832595836123
2005,0,0.16,4500,0,0.88,"D",0.0717026830744654,-2.5608238983433
2005,0,0.15,25000,1,0.37,"AA",0.00750420117297352,-4.88475975952281
2005,1,0.25,10000,1,0.71,"D",0.526174236277151,0.104792738526716
2005,0,0.12,15000,0,0.55,"A",0.00233955160150963,-6.05545369863272
2005,1,0.24,1000,1,0.29,"Missing",0.761809336007784,1.16262484699896
2005,0,0.17,5000,1,0.98,"B",0.0208757983206386,-3.84806798743567
2005,0,0.15,1500,1,0.42,"C",0.102548399865656,-2.16922431054005
2005,0,0.16,10000,0,0.35,"AA",0.0055918622779725,-5.18083534748733
2005,1,0.29,2550,0,0,"Missing",0.977251660889033,3.76025206760494
2005,0,0.23,5300,0,0.45,"D",0.0948654490916236,-2.25562404537335
2005,0,0.19,25000,0,0.72,"A",0.00028164189892564,-8.17459247438245
2005,0,0.14,5000,0,0.68,"B",0.000716434723137937,-7.24050672854207
2005,1,0.29,6500,1,0.85,"D",0.388265913420998,-0.454607240285381
2005,0,0.15,2550,0,0.98,"Missing",0.326047610380892,-0.726116055053499
2005,0,0.2,6500,0,0.74,"D",0.137565190083088,-1.83566164889665
2005,0,0.19,3725,0,0.78,"D",0.0899848257220744,-2.31382022137545
2005,0,0.21,6000,0,0.89,"C",0.172210776973007,-1.57003938633437
2005,0,0.09,2550,0,0.05,"A",0.00117630984904597,-6.74419598488528
2005,0,0.1,5000,0,0.11,"AA",0.000433113594588185,-7.74407731379258
2005,0,0.25,10000,0,0.93,"B",0.00395922382928935,-5.52774019332638
2005,0,0.17,4500,0,0.89,"D",0.0238539225182387,-3.71166357477991
2005,0,0.15,10000,0,0.59,"B",0.000700896116066995,-7.26244973396589
2005,0,0.08,1000,0,0.78,"A",0.000544419120507438,-7.51524659826683
2005,0,0.2,5000,0,0,"B",0.00107258491899706,-6.83661057119468
2005,0,0.28,10000,0,0.24,"C",0.0278844445867965,-3.55140568991297
2005,0,0.1,1000,0,0.65,"A",0.00507411047473659,-5.27851701784416
2005,0,0.23,3550,0,0.66,"D",0.120561654114821,-1.98712218590959
2005,0,0.2,5500,0,0.8,"D",0.0112033786896411,-4.48027326821185
2005,0,0.13,13000,0,0.81,"B",0.000817972388052409,-7.1078636702584
2005,0,0.15,4000,0,0.64,"B",0.00503839607471619,-5.28561635510336
2005,0,0.21,20000,0,0.01,"B",0.00586135032721071,-5.13349667521322
2005,1,0.17,11000,0,0.61,"C",0.0751657773517378,-2.50991846372829
2005,0,0.29,6500,1,0.85,"D",0.153332729441026,-1.70869752222366
2005,1,0.25,3500,0,0.97,"Missing",0.92578148612479,2.52362459849919
2005,0,0.2,3000,0,0,"D",0.110574331578099,-2.084887959268
2005,0,0.15,8942,0,0,"B",0.0165415150530309,-4.08520214065729
2005,0,0.08,2300,0,0.18,"AA",6.1419101189365e-05,-9.69772825591422
2005,0,0.11,3500,1,0.18,"A",0.00737849931974756,-4.90177915016269
2005,0,0.17,6001,0,0.56,"B",0.000837149100555116,-7.0846708667698
2005,1,0.2,1300,0,0,"Missing",0.916350250342243,2.39376022626503
2005,1,0.17,9000,0,1,"Missing",0.982378616228832,4.02086363874501
2005,0,0.14,24000,0,0.54,"A",8.78738696476603e-05,-9.33952019336991
2005,0,0.2,5000,0,0,"D",0.0879909361980798,-2.33841611697976
2005,0,0.12,10000,0,0.12,"AA",0.00015622572340364,-8.76405241370776
2005,0,0.11,1600,0,0.9,"B",0.000421923686253013,-7.77026408582338
2005,0,0.29,3000,1,0.53,"D",0.527476988176638,0.110018792069418
2005,1,0.17,1000,1,0.71,"Missing",0.973146018959852,3.59012006218423
2005,0,0.29,10000,0,0.51,"D",0.171299830632945,-1.57644299561822
2005,0,0.22,7000,0,0.75,"C",0.0435758752129789,-3.08869778343138
2005,0,0.2,5500,0,0.8,"D",0.0343702991239996,-3.33558763441651
2005,0,0.13,3500,1,0.71,"C",0.0204963399369438,-3.86679964349932
2005,0,0.18,10000,0,0.66,"B",0.00503392365503354,-5.286508911719
2005,0,0.14,16500,0,0.2,"AA",0.020349232915221,-3.87415293144128
2005,0,0.27,15000,0,0.94,"D",0.290723091084114,-0.891874775824096
2005,0,0.29,3500,0,0,"Missing",0.882370505907107,2.01507223839565
2005,0,0.25,3000,0,0.73,"D",0.314150758580611,-0.780784845324984
2005,0,0.2,9999,0,0.94,"D",0.258389301861684,-1.05435707031314
2005,0,0.18,3000,1,0.93,"C",0.0224725108718348,-3.7727335900851
2005,1,0.29,5000,0,0.89,"Missing",0.851230899275594,1.7442879743558
2005,0,0.2,3000,0,0.62,"C",0.0603475598396935,-2.74538954913179
2005,0,0.2,9000,0,0.94,"D",0.0573838961814098,-2.79889538917874
2005,0,0.2,9000,0,0.72,"D",0.0504439121566579,-2.93513253074385
2005,1,0.15,2890,1,0,"D",0.396279443029328,-0.420991810249324
2005,1,0.29,1200,1,1,"Missing",0.885506619320127,2.04564292176236
2005,0,0.11,9000,0,0.33,"A",0.000785865773733645,-7.14793837672128
2005,0,0.14,1400,0,0.61,"C",0.0047315657865965,-5.34875630307116
2005,0,0.14,5000,0,0.84,"C",0.00233519082006718,-6.05732374791384
2005,1,0.24,15000,1,0.81,"D",0.767395772890185,1.1936642562246
2005,0,0.08,1668,0,0.05,"AA",0.000233495590037855,-8.36211384452681
2005,0,0.19,3000,1,0.77,"D",0.196827878953278,-1.40623940254978
2005,1,0.2,3800,0,1,"Missing",0.916269665243262,2.39270938146049
2005,0,0.1,2000,0,0,"A",0.0143559821303055,-4.22912852423974
2005,0,0.22,7500,0,0.92,"D",0.0713792291600482,-2.5656935243433
2005,0,0.24,9000,0,0.64,"D",0.205905391266176,-1.34978581112879
2005,0,0.16,4000,0,0.8,"C",0.113799530045411,-2.05250479703831
2005,1,0.17,2000,0,0.25,"Missing",0.775743444995625,1.24103112209951
2005,0,0.28,12000,1,0.87,"D",0.160474765133284,-1.65469983184154
2005,0,0.18,9800,1,0.72,"C",0.212703523301314,-1.30870560829023
2005,0,0.15,10000,0,0.49,"A",0.00610336351886256,-5.09279319805508
2005,0,0.09,2500,0,0.09,"AA",0.00067611452033701,-7.29847174429796
2005,0,0.15,17500,0,0.55,"B",0.00243283039170211,-6.01626413466844
2005,0,0.2,2000,0,0.84,"Missing",0.888521486365912,2.07572696054661
2005,1,0.29,1000,0,0,"Missing",0.992480009709574,4.88264202421378
2005,0,0.1,1500,0,0.16,"A",0.00393501928483109,-5.53389671443446
2005,1,0.29,2700,0,0,"Missing",0.963261190862952,3.26649093524887
2005,0,0.29,5500,0,0.72,"D",0.151974522344333,-1.71919778910444
2005,1,0.29,6500,0,0.95,"Missing",0.95413557604212,3.03511603523432
2005,1,0.29,2400,0,1.05,"Missing",0.969542010662928,3.46047547069877
2005,0,0.08,2500,1,0.24,"AA",0.000502884570955687,-7.59464688434098
2005,0,0.18,9750,0,0.92,"C",0.0141635246610128,-4.24282052030726
2005,1,0.24,4500,0,1.46,"Missing",0.81833792569788,1.50512713679082
2005,0,0.2,24900,0,0.87,"C",0.045223673966679,-3.0498563894224
2005,0,0.2,5000,0,0.77,"D",0.0111763644942429,-4.48271475420075
2005,0,0.17,1000,0,0.35,"D",0.0431155747070768,-3.09979832249366
2005,0,0.2,5000,1,0.95,"C",0.00275115563222589,-5.89297927865892
2005,0,0.15,8000,0,0.54,"B",0.000583153103696399,-7.44647746934266
2005,0,0.18,7000,0,0.95,"C",0.0176881932680016,-4.01701141008594
2005,0,0.1,4000,1,0.43,"A",0.00734099589029284,-4.90691269208274
2005,1,0.29,4500,1,1.32,"Missing",0.991058445210812,4.7080640207422
2005,0,0.11,1500,0,0.39,"B",0.000859563963656377,-7.05822538269794
2005,1,0.29,2000,0,0,"Missing",0.871658877245178,1.91570641098366
2005,1,0.23,1000,0,0.92,"Missing",0.809441527389948,1.44638544720866
2005,1,0.25,4000,1,0.99,"Missing",0.967010412067355,3.37801726829872
2005,1,0.27,8500,0,0.96,"C",0.0443032475419746,-3.07138267588014
2005,1,0.29,5300,0,0.96,"Missing",0.670509418089506,0.710489978429373
2005,1,0.29,5000,1,0.65,"D",0.545111394128716,0.180937599958415
2005,0,0.17,3500,0,0.12,"D",0.026271972982596,-3.61262932671113
2005,0,0.15,3000,0,0.03,"AA",0.00402975753593472,-5.51001117072601
2005,0,0.18,4100,0,0.5,"C",0.0532848633608192,-2.87734594049054
2005,1,0.28,1900,0,1.2,"Missing",0.967439941507583,3.39156700943311
2005,0,0.2,7500,1,0.62,"C",0.0105548793600391,-4.54055605021211
2005,1,0.11,1200,0,0.87,"Missing",0.553862719284305,0.216290147960885
2005,0,0.14,6000,0,0.03,"AA",0.00474552560758947,-5.34579626086004
2005,0,0.17,20000,0,0.56,"B",0.00301089495435631,-5.80250248056802
2005,0,0.2,2850,0,0.7,"C",0.0581035092074597,-2.78566932467919
2005,0,0.2,7400,1,0.27,"D",0.617924400536712,0.480747627365989
2005,0,0.15,11000,0,0.42,"A",0.000725246679472362,-7.22827320363451
2005,1,0.22,8000,1,0.93,"D",0.178716752788948,-1.52506588675504
2005,0,0.25,4449,0,0.94,"D",0.0157890539645534,-4.13252333723778
2005,0,0.13,20000,0,0.46,"A",0.00364625094120489,-5.61040286393519
2005,0,0.22,7000,0,0.07,"AA",0.000425096812246465,-7.76276843426826
2005,0,0.13,10000,0,0.15,"A",0.00452957670943352,-5.39258691915378
2005,0,0.16,10000,1,0.83,"C",0.0615427559209255,-2.72450514578137
2005,0,0.16,8000,0,0.8,"C",0.00711275825300957,-4.93872699594165
2005,1,0.18,2700,1,0.74,"C",0.17735388446373,-1.5343790311385
2005,0,0.15,3000,0,0.05,"AA",0.000153312421053606,-8.78287942670885
2005,0,0.25,3000,0,0.71,"D",0.504664868944384,0.0186600172043394
2005,1,0.23,1000,1,0.93,"Missing",0.686262061585847,0.782701522345135
2005,0,0.11,2700,1,0.12,"AA",0.000210995030164578,-8.46346496119523
2005,0,0.14,18500,0,0.45,"A",0.000693158051687622,-7.273559117568
2005,0,0.1,4000,1,0.43,"A",0.0033448766351965,-5.69697498320102
2005,1,0.25,3000,1,0.93,"Missing",0.889552674555664,2.08618000902297
2005,0,0.13,25000,0,0.1,"AA",0.000353945951055396,-7.94601232851714
2005,0,0.29,16900,0,0.04,"D",0.15883683765038,-1.66690815404436
2005,0,0.2,3000,1,0.47,"D",0.0804270717058872,-2.43655852161937
2005,1,0.17,5600,0,1.09,"B",0.0121588715838183,-4.39746280877106
2005,0,0.17,1500,0,0.67,"C",0.00269004037797681,-5.91550541004237
2005,0,0.09,8000,0,0,"AA",0.000729711703465088,-7.22213105051346
2005,0,0.12,1800,0,0.39,"B",0.000389259150420738,-7.85087590477041
2005,0,0.25,9000,0,0.43,"D",0.382965793115725,-0.476978790845609
2005,0,0.14,2400,0,0.94,"B",0.00565674919409984,-5.16923308990645
2005,0,0.12,1500,1,0.59,"D",0.016933213540678,-4.06140006778157
2005,0,0.11,3500,1,0.18,"A",0.0106881538094919,-4.52787358902428
2005,0,0.13,7500,0,0.92,"B",0.0111197412845653,-4.48785122842895
2005,0,0.2,5000,0,0,"D",0.036045284789707,-3.28626825880987
2005,0,0.13,5000,0,0.95,"B",0.00150399220907469,-6.49812710926377
2005,0,0.25,5000,0,0.9,"D",0.0416545558880203,-3.13579755412048
2005,0,0.23,3500,1,0.95,"D",0.144417381649074,-1.77907507109839
2005,0,0.17,3000,0,0.91,"D",0.0444765697799624,-3.06729675609074
2005,0,0.25,8500,0,0.87,"C",0.0713685243486847,-2.56585503412726
2005,0,0.14,10000,0,0.65,"C",0.00769709089368361,-4.8591859611383
2005,0,0.2,5000,0,0.7,"D",0.00190569722346521,-6.26099982541953
2005,0,0.18,5000,0,0.5,"D",0.0818042417358096,-2.41808151495838
2005,1,0.24,1025,1,0.59,"Missing",0.730520166151957,0.997263277240028
2005,0,0.23,12000,0,0.79,"D",0.043548165519157,-3.08936285275124
2005,0,0.15,9999,0,0.83,"C",0.0712729074097933,-2.56729865597061
2005,0,0.17,12000,1,0.51,"A",0.0276160423689527,-3.56135389548283
2005,0,0.09,2500,0,0.04,"A",0.00102961386003083,-6.87754129592806
2005,1,0.29,4500,0,0.94,"Missing",0.989818843847005,4.5769833646767
2005,0,0.23,25000,0,0,"B",0.0331919172881723,-3.37169361796038
2005,0,0.17,25000,0,0.34,"AA",0.0102314910607054,-4.57200076335491
2005,0,0.12,1800,0,0.39,"B",0.000656581119613411,-7.32780751132383
2005,0,0.26,10848,0,0.68,"B",0.00391296864109481,-5.53953830548487
2005,1,0.21,7500,1,1.02,"C",0.333907043139313,-0.69056659538059
2005,0,0.24,4100,1,0.91,"Missing",0.767452680052475,1.19398309193118
2005,0,0.13,20000,0,0.13,"AA",0.000456533145248869,-7.69139261584083
2005,1,0.29,3001,1,0,"Missing",0.911503937774366,2.33213785781456
2005,1,0.29,3000,1,0.74,"Missing",0.977568647717826,3.77460888152744
2005,0,0.29,6500,0,0.95,"Missing",0.593941202763675,0.380282359321602
2005,0,0.14,4575,0,0.6,"C",0.0293279195109154,-3.49944875141133
2005,0,0.2,1500,0,0,"D",0.00545805976176099,-5.20518889797562
2005,1,0.28,6000,0,0.86,"Missing",0.975271238571787,3.67474862921336
2005,1,0.27,1800,1,0.1,"Missing",0.979214175283236,3.85247913766932
2005,0,0.09,9000,0,0.37,"AA",0.000384039867993231,-7.86438007423654
2005,1,0.2,8000,1,0.52,"D",0.350040853893209,-0.618859635690257
2005,1,0.24,2550,0,0,"Missing",0.830938751000509,1.59229501758511
2005,0,0.09,5000,0,0.08,"A",0.00113532664380905,-6.77969890593535
2005,0,0.16,2000,1,0.41,"C",0.0597672888609231,-2.75566890738854
2005,0,0.05,2000,0,0.1,"AA",0.0013611923427657,-6.59803212110252
2005,0,0.09,2000,1,0.01,"AA",0.00585859807368053,-5.1339691136043
2005,1,0.23,8000,0,0,"D",0.40935894757613,-0.366616082992826
2005,1,0.29,4000,0,1.07,"Missing",0.974968734023103,3.66227972026858
2005,0,0.19,25000,0,0.89,"B",0.00126665626361768,-6.67010725473432
2005,1,0.29,3500,1,0.74,"Missing",0.941848748105576,2.78479728959886
2005,0,0.15,3500,0,0.9,"C",0.00573481066989341,-5.15544922420475
2005,0,0.23,12500,1,0.41,"D",0.432619103652273,-0.271173180423958
2005,0,0.28,8000,0,0.92,"D",0.484487821910182,-0.0620686313799323
2005,1,0.28,3500,0,0,"Missing",0.994112330335647,5.12898993200576
2005,0,0.18,5000,0,0.12,"C",0.00996861707747178,-4.59829477657305
2005,1,0.29,6000,0,0,"Missing",0.945079111899475,2.845374888713
2005,0,0.12,6000,0,0.33,"AA",0.00605747087800555,-5.10038702109634
2005,0,0.18,9900,0,0.55,"C",0.00435887615249866,-5.43117261428657
2005,0,0.16,5300,0,0.92,"C",0.159885375507889,-1.65908118483773
2005,0,0.25,9000,0,0.56,"B",0.00449990091943234,-5.39918984440274
2005,1,0.29,4500,1,1.52,"Missing",0.973819212210859,3.61619982138034
2005,0,0.18,15000,1,0.02,"C",0.044242105421008,-3.07282768565784
2005,0,0.29,2500,0,0,"Missing",0.806747754537969,1.42901474071792
2005,0,0.15,4000,0,0,"C",0.017587672562313,-4.02281287156395
2005,0,0.12,4500,0,0.09,"AA",0.00163123625510196,-6.4167845447503
2005,0,0.17,1500,0,0.92,"D",0.00628837167260279,-5.06274489060072
2005,0,0.28,4000,0,0,"Missing",0.687726110030131,0.789510007595817
2005,0,0.23,10000,1,0.72,"D",0.320931950166176,-0.749492235800832
2005,0,0.24,10000,0,0,"C",0.0487952969752511,-2.97009535491436
2005,0,0.2,3000,1,0.47,"D",0.149094022938418,-1.74172450386606
2005,1,0.29,2501,0,1.07,"Missing",0.979942692786385,3.88890055629239
2005,0,0.06,1000,0,0.04,"AA",0.000517874207559183,-7.56526017939494
2005,1,0.27,1800,1,0.1,"Missing",0.766288154469869,1.18746935260528
2005,0,0.29,5000,0,0,"Missing",0.590297149979858,0.365193913260049
2005,0,0.1,5000,0,1.13,"A",0.00192401483005703,-6.25141535071433
2005,1,0.19,7000,0,0.83,"C",0.132660932608657,-1.87763348737831
2005,1,0.2,8000,0,0.84,"D",0.247912225804473,-1.10977828283332
2005,0,0.1,2500,1,0,"B",0.00353304192292694,-5.6420567467219
2005,1,0.22,13000,0,0.82,"D",0.224341709454464,-1.24054169785154
2005,0,0.1,4500,0,0.04,"AA",0.000937505454488796,-6.97135003682767
2005,0,0.17,25000,0,0.54,"A",0.000713331515916864,-7.24485070034193
2005,0,0.2,10000,0,0.87,"C",0.00933496245098814,-4.66460971810672
2005,0,0.1,5000,1,0.06,"AA",0.00033801219294477,-7.99209051999886
2005,0,0.29,22000,0,0,"D",0.160645300599732,-1.65343454888906
2005,1,0.24,3000,0,0.85,"Missing",0.509994921097805,0.0399850108795523
2005,0,0.24,10000,0,0.54,"A",0.00147781743721245,-6.51571007375291
2005,1,0.29,5500,0,1.13,"Missing",0.826918301112204,1.56394216974823
2005,0,0.13,5000,0,0.69,"A",0.000438821286113568,-7.73097940331304
2005,0,0.15,10000,1,0,"B",9.5324968732487e-05,-9.25812345071783
2005,0,0.13,9000,0,0,"A",0.000804269527872827,-7.12477151816476
2005,0,0.17,5000,0,0.78,"C",0.00255547051836631,-5.96696017505811
2005,0,0.2,7400,1,0.27,"D",0.0641205529943815,-2.68072172017783
2005,1,0.29,3800,0,1,"Missing",0.960420003732229,3.18904684679412
2005,0,0.16,15000,0,0,"B",0.00104740455541837,-6.86039207339816
2005,0,0.2,3200,1,0,"D",0.109102547395355,-2.09994108662725
2005,0,0.16,6000,1,0.55,"C",0.175524718957996,-1.5469672792557
2005,0,0.14,12000,1,0.37,"A",0.000654313439362435,-7.3312695286419
2005,1,0.29,5300,0,0.83,"Missing",0.985003252565128,4.18481160334891
2005,0,0.24,25000,0,0.97,"C",0.0236277264828457,-3.72142306806971
2005,0,0.17,3800,0,0.7,"C",0.00583826748365572,-5.13746581312074
2005,1,0.29,2550,0,0.99,"Missing",0.971225728441274,3.51907727213492
2005,0,0.29,2500,0,0.83,"D",0.131042875692041,-1.8917692199211
2005,0,0.29,2550,1,1.51,"D",0.536354463458908,0.14567492450863
2005,0,0.07,6500,0,0.75,"Missing",0.161930948666476,-1.64393049568115
2005,1,0.26,5000,0,0.64,"D",0.42116464750131,-0.317994227916923
2005,0,0.09,2000,0,0.06,"AA",0.00311481794861387,-5.7684648928222
2005,0,0.1,2000,0,0.06,"AA",0.00628507735452251,-5.06327221761235
2005,0,0.18,18000,0,0.15,"B",0.00574865460626783,-5.1530241913487
2005,0,0.29,7000,0,0.12,"D",0.101489869805733,-2.18077899209102
2005,0,0.15,9800,0,0.94,"B",0.000296455257652995,-8.12331775338034
2005,1,0.28,6215,1,0.91,"Missing",0.954707075330828,3.04825373405615
2005,0,0.2,4500,0,0.39,"D",0.0481066518466208,-2.98503253968517
2005,0,0.12,8000,0,0.72,"B",0.000773888727037369,-7.16330826989362
2005,0,0.14,14100,0,0.73,"B",0.000661747721206534,-7.31996419367677
2005,1,0.2,2000,0,1.44,"Missing",0.587659253481326,0.354297216855738
2005,0,0.2,21000,0,0.34,"AA",0.0403735626138296,-3.16836890099607
2005,0,0.19,16000,0,0.99,"C",0.0862167569017476,-2.36072883696871
2005,0,0.07,1100,1,0.18,"A",0.0023802013314499,-6.03818716331679
2005,0,0.29,7000,0,0.12,"D",0.264583285415775,-1.02228121673747
2005,1,0.22,3000,0,0.3,"Missing",0.837125533868274,1.6369942823097
2005,1,0.29,3000,1,0.95,"Missing",0.947899709044879,2.90107817121689
2005,0,0.2,1000,0,0,"Missing",0.574373410305347,0.299717313549192
2005,0,0.14,4575,0,0.6,"C",0.0200657477432229,-3.8884712108091
2005,0,0.09,2000,0,0.85,"A",0.000436578129092695,-7.73610653534125
2005,1,0.29,3500,1,0,"Missing",0.993742381352176,5.06767829433255
2005,0,0.14,5000,0,0.84,"C",0.0200857884127822,-3.88745250778487
2005,0,0.17,5600,0,1.09,"B",0.00143590257173379,-6.5445247231721
2005,0,0.11,5000,1,0,"A",0.00065751541367849,-7.32638461965838
2005,1,0.29,2550,1,0.91,"Missing",0.954604064259719,3.04587408221447
2005,0,0.19,16000,0,0,"A",0.00400346270538892,-5.51658411798126
2005,1,0.23,13100,0,0.71,"D",0.554835578966516,0.220228116348335
2005,0,0.23,6001,0,0.88,"D",0.0907107161560604,-2.3049877879989
2005,1,0.29,2610,0,1.39,"Missing",0.964056843174136,3.28921154532168
2005,0,0.21,6000,0,0.89,"C",0.01463625512068,-4.20950917910135
2005,0,0.13,10000,0,0.28,"AA",0.00112818335953149,-6.78601776610296
2005,0,0.2,6500,0,0.9,"D",0.0898992448595693,-2.31486577165646
2005,1,0.29,2500,0,0.96,"Missing",0.985572187526069,4.22406460797027
2005,0,0.13,15000,0,0.09,"AA",0.000145653661770804,-8.83413326971336
2005,0,0.12,10000,0,0.58,"A",0.00789677258682602,-4.83337301907599
2005,1,0.17,1000,1,0.14,"D",0.239139542813875,-1.1574027306586
2005,0,0.29,20000,0,0.61,"D",0.156891864920874,-1.68153841431119
2005,0,0.15,6000,0,0.72,"B",0.000826521610733932,-7.0974576303885
2005,1,0.29,8500,1,0.87,"Missing",0.995162164130905,5.32643821665544
2005,0,0.15,3000,0,0.03,"AA",0.00113974042093375,-6.77581435301985
2005,0,0.1,5000,0,0,"A",0.00102548745856233,-6.88156119647934
2005,0,0.07,2000,0,0.39,"C",0.00847319495258391,-4.76233833680185
2005,0,0.09,1500,0,0.76,"A",0.00662742797793237,-5.00988900011948
2005,0,0.29,5000,0,0.32,"Missing",0.876268534009898,1.95755896917903
2005,0,0.17,8000,0,0.8,"C",0.0975149084483393,-2.22514689753712
2005,1,0.28,4500,0,0.47,"Missing",0.966117252017653,3.35037922997403
2005,0,0.25,8500,0,0.78,"D",0.369896362180281,-0.532661446145086
2005,0,0.25,8500,0,0.86,"Missing",0.206127208496432,-1.34842974102226
2005,1,0.29,2500,0,1.09,"Missing",0.987748009614863,4.38973921000817
2005,0,0.11,15000,0,0.21,"A",0.000171101877197685,-8.67308028926127
2005,0,0.11,1527,0,0.03,"AA",0.00117035251275317,-6.74927924469057
2005,0,0.22,5400,0,0.63,"D",0.212301661520093,-1.31110700241339
2005,0,0.15,2300,0,0.46,"C",0.0046698872724249,-5.36193952099765
2005,0,0.08,3001,0,0.14,"AA",5.69992600490128e-05,-9.77241527092568
2005,0,0.2,8000,1,0.52,"D",0.0824844028371892,-2.40906036046845
2005,0,0.2,2000,1,0.88,"D",0.234270144924398,-1.1843545229602
2005,0,0.14,9250,0,0.92,"B",0.00100182750079612,-6.90492711636853
2005,1,0.29,4500,1,0.6,"Missing",0.994838091913205,5.26127370681992
2005,0,0.29,2550,1,0,"Missing",0.856017116387234,1.78259594301041
2005,1,0.25,1500,1,0.97,"Missing",0.902661610153772,2.22715428087275
2005,0,0.11,10121,0,0,"AA",0.000722123768240737,-7.23259162498155
2005,1,0.29,4000,1,0,"Missing",0.89835395159579,2.17906748130469
2005,0,0.11,25000,0,0.29,"AA",0.000884350885756096,-7.0297719023393
2005,0,0.26,10000,0,0.97,"D",0.0976334330703144,-2.22380084428758
2005,0,0.2,4000,0,0.48,"D",0.0275826264249666,-3.56259901181543
2005,0,0.15,6088,0,0.69,"B",0.00576224547904204,-5.15064912886285
2005,1,0.29,5000,1,0.75,"D",0.332598729834136,-0.696454721618423
2005,0,0.18,15000,0,0.51,"B",0.031234892160246,-3.43448636732514
2005,1,0.29,7000,1,0,"Missing",0.892786558745248,2.11952591072908
2005,0,0.14,9000,0,0.14,"B",0.00102923981092085,-6.87790502703957
2005,0,0.22,6001,0,0.01,"D",0.537372005192858,0.149767337576191
2005,0,0.21,7000,0,0.78,"D",0.116446053474577,-2.02652424445696
2005,0,0.11,5000,0,0.18,"A",0.0451132824085174,-3.05241599980602
2005,0,0.23,15000,0,0.96,"C",0.239103538624084,-1.1576006184737
2005,1,0.24,2000,0,0,"Missing",0.971747120753639,3.53790023415414
2005,0,0.24,20000,1,0.88,"C",0.0350751556918851,-3.31455715195359
2005,0,0.11,5000,0,0,"AA",0.00616699179851041,-5.08235802663666
2005,0,0.12,9000,0,0.12,"A",0.00349663197444825,-5.65245230732277
2005,0,0.15,18000,0,0.37,"B",0.000931437927272094,-6.97784913554693
2005,1,0.29,2500,1,0.87,"Missing",0.915939557902016,2.38841428879618
2005,0,0.16,7000,0,0.98,"C",0.00276163456173098,-5.88916708713264
2005,0,0.17,17000,1,0.59,"B",0.0121934593226527,-4.39458718266288
2005,0,0.21,1500,0,0.01,"C",0.00317535414089833,-5.74915570614166
2005,0,0.12,3500,0,0.31,"A",0.000509661070896872,-7.58125482904498
2005,0,0.18,15000,0,0.29,"C",0.0258704068918932,-3.62844462286013
2005,1,0.22,6500,1,0.97,"Missing",0.939420452653501,2.7413058118195
2005,0,0.22,25000,0,0.63,"AA",0.00299193020495398,-5.80884013138748
2005,0,0.15,15000,0,0.01,"AA",0.000552698974911881,-7.50014420204921
2005,0,0.14,7000,0,0.55,"C",0.0211829524082197,-3.83314802174249
2005,1,0.29,5000,0,0.72,"Missing",0.926837021110648,2.53908819669834
2005,0,0.15,9500,0,0.39,"B",0.0254271087799948,-3.64618343503964
2005,0,0.19,9000,1,0.98,"C",0.548793457517252,0.195796954644917
2005,1,0.29,1550,0,0,"Missing",0.887325561544495,2.06370936684844
2005,1,0.29,1800,0,0.98,"Missing",0.96956210456126,3.46115613838611
2005,0,0.17,5000,0,0.17,"C",0.0625173598734785,-2.70775396432434
2005,1,0.29,2500,0,0,"Missing",0.995903283696361,5.49346439688142
2005,1,0.29,3001,0,0.83,"Missing",0.924503814937874,2.50517505130648
2005,0,0.16,15000,0,0,"B",0.013323326483913,-4.30482603071279
2005,0,0.14,17500,0,0.79,"B",0.00291251247935316,-5.83582241324584
2005,0,0.12,4800,0,0.66,"B",0.000463709018484013,-7.67578950122851
2005,0,0.17,25000,0,0.06,"AA",0.00225589568468755,-6.09194974142168
2005,0,0.25,15000,0,0.79,"D",0.0913408650531385,-2.2973717563887
2005,0,0.14,25000,0,0.58,"AA",0.00259062700197971,-5.95326135837932
2005,0,0.24,4000,0,0.89,"D",0.0496308414773659,-2.95223805256238
2005,0,0.17,1000,0,0.72,"C",0.0598701487889881,-2.7538399751746
2005,0,0.16,5000,0,0,"C",0.0222508327401887,-3.78287372750773
2005,0,0.14,22000,0,0.71,"A",0.00168051321599759,-6.38697411964306
2005,0,0.08,3000,0,0.46,"AA",0.000553770730698708,-7.49820587625964
2005,1,0.29,5500,0,0.99,"Missing",0.955590894676048,3.06888536374506
2005,1,0.29,6000,1,0,"Missing",0.910108386809556,2.31495905210555
2005,1,0.29,3800,0,0.84,"Missing",0.988391542382462,4.44434497979594
2005,1,0.29,6000,0,0.98,"Missing",0.912068833727344,2.33916115585247
2005,1,0.29,6000,0,0,"Missing",0.865655327680199,1.86307814530435
2005,0,0.29,2000,0,0,"Missing",0.556944394241383,0.22877012107058
2005,0,0.24,1000,1,0.29,"Missing",0.737240551824976,1.03167526427249
2005,0,0.17,2500,0,0.59,"C",0.0809382982584139,-2.42966614569323
2005,0,0.17,15000,1,0.41,"B",0.0815882099789167,-2.42096109707088
2005,0,0.09,1000,0,0.18,"AA",0.000139809756740212,-8.87508812036627
2005,0,0.19,4041,0,0.91,"D",0.149987997920151,-1.7346951924493
2005,1,0.29,3001,1,0,"Missing",0.998574155609942,6.55156422445279
2005,1,0.29,3000,0,0.91,"Missing",0.909482299140607,2.30733011439416
2005,1,0.29,2500,0,0.96,"Missing",0.943147891369888,2.80876979043017
2005,1,0.29,5000,1,0,"Missing",0.976237701633752,3.71560588111396
2005,0,0.17,5000,1,0.28,"B",0.00220562041140753,-6.1145383875669
2005,0,0.29,4750,0,1,"Missing",0.673172164904844,0.722567579955513
2005,0,0.17,11000,0,0.61,"C",0.0607627769056519,-2.7380907015138
2005,0,0.07,1850,1,0.31,"AA",0.00427225589359286,-5.45133187087757
2005,0,0.12,18950,0,0,"AA",0.00311681697610194,-5.76782131351967
2005,0,0.24,3500,0,0.83,"Missing",0.564296862861073,0.258619332289149
2005,1,0.23,8500,0,0.86,"D",0.642389614561915,0.585750910949236
2005,0,0.14,6001,0,0.54,"A",0.000157058780104086,-8.75873335600194
2005,1,0.25,3500,1,0,"D",0.559951575824799,0.240965532448524
2005,1,0.15,1000,1,1.75,"Missing",0.895151040769457,2.14447163364443
2005,0,0.15,1500,0,0.77,"C",0.0100155653355069,-4.59354880404194
2005,1,0.29,3000,1,0.59,"D",0.716094298613844,0.925169714611443
2005,0,0.18,3500,0,0.01,"C",0.000564447315706222,-7.47909890118374
2005,0,0.15,2890,1,0,"D",0.452599989128608,-0.19017110728706
2005,0,0.11,11000,1,0.43,"AA",0.000986296148001791,-6.92056711265746
2005,0,0.29,25000,0,0.44,"AA",0.00198889764665697,-6.21818386200426
2005,0,0.18,9800,0,0.57,"C",0.0258860181030071,-3.62782533997477
2005,0,0.29,12000,0,0.6,"B",0.0338519365526416,-3.35132088970857
2005,0,0.07,2550,1,0,"A",0.00923138087182884,-4.67587238061691
2005,0,0.09,1000,1,0.05,"AA",0.000414039992394277,-7.78913386308764
2005,0,0.17,5000,0,0,"C",0.0207638099958944,-3.85356130254845
2005,0,0.2,10000,0,0.79,"C",0.12423741494449,-1.95290066090364
2005,0,0.07,2000,1,0.07,"AA",0.00136259339095116,-6.59700196739305
2005,0,0.08,3001,0,0.14,"AA",0.00273478016258558,-5.89896569914366
2005,1,0.2,1500,0,0.6,"Missing",0.95724774884563,3.10864038608746
2005,1,0.17,4900,0,0.13,"D",0.239350008257844,-1.1562463697132
2005,0,0.16,9800,0,0,"C",0.011153112483845,-4.48482089869856
2005,0,0.1,3000,0,0.36,"A",0.000648463371259609,-7.34025636434034
2005,0,0.26,5000,0,0.64,"D",0.324859865961839,-0.731526367619532
2005,0,0.12,9000,0,0.43,"B",0.00220095705923224,-6.11665960356583
2005,0,0.16,25000,1,0.66,"AA",0.00339318780892077,-5.68258648510763
2005,0,0.11,13000,0,0.82,"A",0.000251815534084568,-8.28656189885721
2005,0,0.18,15000,0,0.51,"B",0.000114967821051134,-9.07074331127339
2005,1,0.24,3000,0,0.67,"Missing",0.844688908601476,1.69353825728651
2005,0,0.15,9500,0,0.36,"A",0.0023477021504427,-6.05196777519071
2005,1,0.29,1800,0,0.85,"Missing",0.873749392016943,1.9345247138647
2005,0,0.08,2000,0,0.05,"AA",0.000970541732650145,-6.93668514208139
2005,0,0.23,5000,0,0,"D",0.0861004728793469,-2.36220573521858
2005,0,0.18,15000,0,0.29,"C",0.0213030669102384,-3.82737097802323
2005,1,0.29,5000,1,0.97,"Missing",0.995030290723995,5.29941183700988
2005,0,0.08,4000,0,0.13,"AA",0.000185316189551839,-8.59326172571583
2005,0,0.14,1500,0,0.04,"AA",0.00465586188356667,-5.3649614990072
2005,0,0.08,3000,0,0,"AA",0.000370430068323874,-7.90047538181229
2005,0,0.11,5000,0,0,"AA",0.000363894641530653,-7.91828221770232
2005,0,0.14,10000,0,0.44,"A",0.00177036730693613,-6.33479629962312
2005,0,0.15,12000,0,0.33,"B",0.0152061953182348,-4.17072935237263
2005,0,0.11,18800,0,0.63,"AA",0.00146460718805368,-6.52470252271449
2005,0,0.1,4000,0,0.16,"A",0.000436055213375711,-7.737305536137
2005,1,0.24,15000,0,1.03,"D",0.465325602938072,-0.138920576080131
2005,0,0.09,6000,0,0,"AA",0.00206959616972457,-6.17833003708308
2005,0,0.17,11300,0,0.27,"C",0.0602325854618978,-2.74741892069098
2005,0,0.09,3000,0,0,"AA",0.000662917745750984,-7.31819650162608
2005,0,0.14,2000,0,0.5,"C",0.000380702372447724,-7.8731118879334
2005,1,0.15,3000,0,0.91,"Missing",0.540712892914868,0.163212920816417
2005,1,0.28,4000,0,0.53,"Missing",0.954119758554039,3.03475464184422
2005,0,0.11,5000,0,0.12,"A",0.000766039086810144,-7.17351102971356
2005,1,0.29,1500,0,0.95,"Missing",0.968028009315923,3.41040079371549
2005,0,0.2,11000,0,0.44,"C",0.0188216214777028,-3.9537479887884
2005,0,0.24,1000,0,0.81,"Missing",0.762554097295572,1.1667336337951
2005,0,0.29,2550,0,1,"Missing",0.494155417103048,-0.0233793964536648
2005,1,0.24,1025,1,0.59,"Missing",0.934246629852308,2.65382953428608
2005,1,0.26,6500,0,0.53,"Missing",0.88120300973841,2.00387195831292
2005,0,0.11,3000,1,0,"C",0.0494714384361449,-2.95562270871049
2005,0,0.2,12000,0,0.66,"C",0.260019656006419,-1.04586639549192
2005,0,0.16,25000,0,0.85,"A",0.0105395763243085,-4.54202242258682
2005,0,0.15,15500,0,0.98,"B",0.000667467065326171,-7.31135281932183
2005,0,0.09,1500,0,0.03,"AA",0.000626810775749315,-7.37423884863959
2005,0,0.24,6000,0,0.52,"D",0.0330759606394033,-3.37531318562878
2005,0,0.17,11000,0,0,"C",0.0038418828328329,-5.55794342967889
2005,0,0.17,4800,0,0.88,"C",0.0270558645824462,-3.58242287869651
2005,0,0.1,3000,0,0.04,"AA",0.000974899816768192,-6.93220046893772
2005,1,0.29,5000,1,0,"Missing",0.960402242091101,3.1885797006878
2005,0,0.2,9500,0,0.72,"D",0.0968034571766882,-2.2332574768503
2005,0,0.24,4592,0,0.6,"C",0.310203810788391,-0.799166640397464
2005,0,0.17,1500,0,0.67,"C",0.0224606184426546,-3.77327509486314
2005,0,0.23,15000,1,0.76,"B",0.00728917630588884,-4.9140488567776
2005,0,0.27,3000,1,0.79,"D",0.350327643382026,-0.617599328522418
2005,0,0.29,23500,0,0.86,"C",0.258487263114442,-1.05384591816934
2005,0,0.2,15000,0,1.03,"D",0.135672681993257,-1.8517063025396
2005,0,0.21,13500,0,0.84,"D",0.0436091317432048,-3.08790011542473
2005,1,0.29,5900,0,0.88,"Missing",0.930447628633472,2.5935857778202
2005,0,0.19,15000,1,0.94,"B",0.00297555353481355,-5.8143452058741
2005,0,0.18,5600,0,0.33,"C",0.00179472287909533,-6.32110831854183
2005,1,0.25,3500,0,0.97,"Missing",0.893650202712553,2.12858079091744
2005,0,0.14,20200,0,0.86,"A",0.00453662720744068,-5.39102449994057
2005,0,0.16,10000,1,0.83,"C",0.0356896249654603,-3.29655317925991
2005,0,0.15,5000,0,0,"C",0.00367225083482052,-5.60327148831981
2005,1,0.26,5000,0,0,"Missing",0.963672030100715,3.27816305377187
2005,0,0.2,1990,1,1,"D",0.235185254758413,-1.17926011971189
2005,0,0.23,1000,1,0,"Missing",0.908520353440193,2.29570078536339
2005,1,0.29,3500,0,1.24,"Missing",0.949113301192604,2.92592661225455
2005,1,0.2,9000,0,0.94,"D",0.230543113877586,-1.20524703331034
2005,0,0.21,9975,0,0.62,"C",0.161899904783232,-1.64415926615257
2005,0,0.15,8500,0,0.55,"AA",0.00155239993103087,-6.46639959674462
2005,0,0.15,2500,1,0.28,"B",0.00687127458070079,-4.97351067098054
2005,0,0.26,2000,1,0,"Missing",0.750081090025313,1.09904481557468
2005,0,0.17,15000,1,0.98,"B",0.00293704600411168,-5.82740959566039
2005,1,0.2,1750,0,0.96,"Missing",0.56555513387717,0.263738740349852
2005,0,0.15,15000,0,0.16,"AA",0.00219794416881007,-6.11803246103532
2005,1,0.29,5000,1,0,"Missing",0.888393719137102,2.07443769363906
2005,1,0.09,9000,0,0.99,"Missing",0.671274621026977,0.713955636690562
2005,1,0.23,6001,0,0.81,"D",0.422969846299885,-0.310593633425934
2005,0,0.16,6500,1,0.93,"A",0.0366267085565926,-3.26966325432663
2005,0,0.15,20000,1,0.79,"B",0.00116538944937859,-6.75353388747156
2005,0,0.14,2000,0,0.5,"C",0.127968879282107,-1.91903800841877
2005,0,0.14,20200,0,0.86,"A",0.0206760882869681,-3.8578845702303
2005,0,0.15,16000,0,0.24,"C",0.0184908481136137,-3.97181542494046
2005,0,0.23,6001,0,0.61,"D",0.0939916493654742,-2.26584258125011
2005,0,0.1,1500,0,0.89,"A",0.00160603771181714,-6.43237785313151
2005,0,0.17,7500,0,0.62,"D",0.140570294497578,-1.81056135577494
2005,1,0.27,6000,0,0.85,"Missing",0.905573132800403,2.26074239634185
2005,0,0.15,2000,0,0,"C",0.01144653564754,-4.45855560680845
2005,1,0.29,9200,1,0.98,"Missing",0.994268208729479,5.15597890342534
2005,0,0.16,5000,0,0.94,"C",0.0915357989613728,-2.29502534134503
2005,0,0.22,12800,0,0,"A",0.00206348270004326,-6.18129447798597
2005,0,0.15,25000,1,0.37,"AA",0.000287458125179108,-8.15414586043683
2005,0,0.2,3100,1,0.92,"C",0.0571596317224212,-2.80304907746403
2005,0,0.15,1700,0,0.83,"D",0.0056046360322539,-5.17854075989129
2005,1,0.2,1000,0,0,"Missing",0.797909851624565,1.37328174624482
2005,0,0.29,2700,0,0.47,"Missing",0.326884401191836,-0.722310486103788
2005,0,0.25,4800,0,0.85,"Missing",0.870419423023252,1.90467228722687
2005,0,0.26,3600,0,0.53,"Missing",0.624228089388698,0.507533490840415
2005,0,0.24,3500,0,1,"Missing",0.624188862767168,0.507366264662512
2005,0,0.1,2300,0,0.62,"A",0.00567753891177816,-5.16554371292541
2005,0,0.24,4000,0,0.92,"D",0.300046194061635,-0.84707789834133
2005,1,0.29,3800,0,0.84,"Missing",0.632820721249179,0.544336934517283
2005,0,0.18,5500,0,1.02,"C",0.0319088768357964,-3.41244197655101
2005,1,0.27,1000,1,0,"Missing",0.946264431701164,2.86844692191267
2005,0,0.13,9000,0,0.26,"AA",0.00170557579026914,-6.37214548641347
2005,1,0.29,1500,0,0,"Missing",0.98235505402268,4.01950340966767
2005,0,0.17,18000,0,0.22,"B",0.000410494152060894,-7.79773829663849
2005,0,0.17,6500,0,0.79,"C",0.0207807548100136,-3.85272825667682
2005,0,0.13,12500,0,0,"AA",4.71273521676812e-05,-9.96260987160649
2005,0,0.15,5000,0,0.67,"C",0.00621914118488443,-5.07388489433372
2005,1,0.29,7000,1,1.02,"Missing",0.953147758247482,3.01277107990311
2005,0,0.29,25000,0,0.61,"A",0.0299026180800977,-3.47945042241951
2005,0,0.07,1000,0,0,"AA",4.74886855858207e-05,-9.95497158367741
2005,1,0.29,2000,0,1.23,"Missing",0.886607501967255,2.05654714958543
2005,0,0.2,5000,0,0.08,"D",0.0462049133301794,-3.02736271295853
2005,1,0.29,3000,1,0.95,"Missing",0.99260588249674,4.8996489373953
2005,0,0.12,4000,0,0.28,"AA",0.00101355118935144,-6.8932810206678
2005,1,0.24,1000,1,0,"Missing",0.946215118308343,2.86747752276143
2005,0,0.25,25000,0,0.18,"A",0.1637055231277,-1.63091157298939
2005,1,0.29,2550,1,0.91,"Missing",0.99057056627498,4.654445062212
2005,0,0.1,6000,0,0,"AA",4.9970779910657e-05,-9.90402215312378
2005,0,0.11,6000,0,0.4,"AA",0.00538463359422736,-5.21880682962899
2005,0,0.24,3000,0,0.97,"Missing",0.537530388971822,0.15040444711689
2005,0,0.1,1425,0,0,"AA",0.000710252672728328,-7.24917926913434
2005,0,0.16,6500,0,0.67,"C",0.00800338162241166,-4.81985554321787
2005,0,0.29,4500,0,0.97,"D",0.270643499233038,-0.991360185725455
2005,1,0.23,5000,0,0.78,"D",0.117933064539899,-2.01215072981475
2005,0,0.21,7500,0,0.68,"C",0.0412370164818508,-3.14630758344006
2005,0,0.29,11000,0,0.98,"D",0.494116786432258,-0.0235339403930619
2005,0,0.2,1500,0,0.53,"D",0.0166092629099078,-4.08104598930804
2005,0,0.29,25000,0,0.47,"D",0.136797508818498,-1.84214750529235
2005,1,0.22,20000,0,0.92,"D",0.523711314850378,0.0949164548449053
2005,1,0.29,4000,0,1.12,"Missing",0.781107155970987,1.27213003057549
2005,0,0.1,2750,0,0.37,"AA",0.00012977137585862,-8.94960652318871
2005,0,0.09,5500,1,0.48,"A",0.00403155186772853,-5.50956419782518
2005,1,0.29,1000,1,1,"Missing",0.700511015294818,0.849732452625305
2005,0,0.15,7700,0,0.38,"C",0.0141694971528709,-4.24239286968805
2005,0,0.15,9900,0,0.72,"B",6.45691769949326e-05,-9.64770882608114
2005,1,0.07,1000,1,1.06,"Missing",0.801564617464503,1.39610207112399
2005,0,0.14,3000,0,0,"C",0.0289430877372918,-3.513053668626
2005,0,0.25,2550,0,0.86,"D",0.0799465566023642,-2.44307339004186
2005,0,0.14,9999,0,0.54,"A",0.0024889949726979,-5.99338417773656
2005,0,0.26,1200,1,0,"Missing",0.695627843967823,0.82656366022315
2005,0,0.16,24000,1,0.35,"A",0.00231681448977216,-6.06524259911753
2005,0,0.17,4500,0,0.89,"D",0.0246493762880862,-3.67804542296168
2005,0,0.22,4000,1,1,"D",0.0192604532964426,-3.93025298482697
2005,0,0.25,1000,1,0.95,"D",0.123107965462486,-1.96332213873581
2005,0,0.14,5000,0,0.84,"C",0.00312595919954464,-5.76488324382129
2005,1,0.29,10000,0,0,"Missing",0.862379230309538,1.83519325964542
2005,0,0.24,4000,0,0.92,"D",0.0462092633220162,-3.02726401100491
2005,1,0.23,10000,1,0.72,"D",0.724197504549333,0.965379138159673
2005,0,0.2,7500,0,0.36,"C",0.00855652472442672,-4.75246781945098
2005,0,0.12,17000,0,0.19,"AA",0.00680756550975886,-4.9828898676038
2005,1,0.29,2560,0,1,"Missing",0.979874146802267,3.88541892446312
2005,0,0.23,25000,0,0,"B",0.0155267706504652,-4.1495410327051
2005,0,0.19,7000,0,1,"C",0.00821101591742693,-4.79403370972466
2005,0,0.19,10300,0,0.38,"B",0.00810179276554641,-4.80753512207625
2005,0,0.14,1500,1,0.25,"AA",0.0131221193889953,-4.32024699466217
2005,0,0.1,1500,0,0.16,"A",0.000474444890465029,-7.65289053151299
2005,0,0.24,4500,0,0.6,"D",0.221619871538885,-1.25625137798532
2005,0,0.16,7000,0,0.29,"C",0.00857104692611062,-4.7507574025019
2005,1,0.29,3025,1,0,"Missing",0.943511757513617,2.81557630741368
2005,0,0.29,25000,0,0.98,"D",0.0799733552884126,-2.44270911096413
2005,0,0.18,6000,0,0.58,"C",0.0444604995463433,-3.0676749585803
2005,0,0.13,4250,1,0.99,"B",0.000189284339648173,-8.57207092860551
2005,1,0.28,3200,0,0.99,"Missing",0.960954772803048,3.20320669927637
2005,0,0.17,5000,0,0.78,"C",0.0144406821940765,-4.22315993964473
2005,1,0.2,2000,0,0.77,"Missing",0.557859808867067,0.23248068592873
2005,0,0.1,4000,0,0.16,"A",0.00306065777812528,-5.78606007477665
2005,0,0.07,3000,0,0.06,"AA",0.00613079780636368,-5.08828072133119
2005,0,0.25,9000,0,0.78,"D",0.161831083785639,-1.64466655226202
2005,0,0.09,5000,0,0,"AA",2.03092553655917e-05,-10.8044135370196
2005,0,0.1,1425,0,0,"AA",0.00042606030138966,-7.76050351806377
2005,0,0.18,2500,0,0.87,"D",0.0260720584089391,-3.62047313713986
2005,0,0.14,7750,0,0.59,"C",0.0436849200791144,-3.08608447599135
2005,0,0.12,3000,0,0.56,"B",0.00345315366666614,-5.66500822963666
2005,0,0.09,1400,1,0.9,"D",0.0262870250724114,-3.61204109908557
2005,0,0.29,12000,1,0.97,"D",0.0437774129065663,-3.0838727203326
2005,0,0.11,6500,0,0.34,"A",0.00159339326318843,-6.44029474491012
2005,0,0.1,5200,0,0,"A",6.67586287570827e-05,-9.61436023841229
2005,0,0.13,9000,0,0.86,"B",0.00117381703435652,-6.74631991130257
2005,0,0.29,13531,0,0.82,"D",0.252540890037394,-1.08510642503087
2005,1,0.29,2500,0,0,"Missing",0.946157404668457,2.86634405622547
2005,0,0.17,2400,0,0.86,"D",0.10904295835609,-2.1005542947198
2005,0,0.1,2300,0,0.62,"A",0.000214191324610639,-8.44842668785487
2005,1,0.22,3000,0,0.3,"Missing",0.945279369643405,2.84923972013374
2005,0,0.29,23800,0,0.5,"C",0.293691378833154,-0.877522798313853
2005,0,0.15,2500,0,0.94,"D",0.0257149660508551,-3.63463074447113
2005,1,0.17,1675,0,0.95,"Missing",0.799959328966704,1.38604018654331
2005,0,0.16,15000,0,0.59,"A",0.00459675319491209,-5.37779770113981
2005,1,0.29,6000,1,0.79,"Missing",0.905913336297997,2.26472733435967
2005,1,0.25,1500,0,0,"Missing",0.866882293595295,1.87366945730556
2005,0,0.09,3500,0,0,"AA",0.00109175618223395,-6.8188753503497
2005,0,0.25,9000,0,0.56,"B",0.00577715211464146,-5.14805052704155
2005,0,0.14,14500,0,0.48,"A",0.00629425467912355,-5.06180387034825
2005,0,0.14,2000,0,0.98,"B",0.000762858139134125,-7.17767531982167
2005,1,0.29,5000,0,0.32,"Missing",0.994415767303843,5.182208359629
2005,0,0.17,25000,0,0.06,"AA",0.00137323583481045,-6.58921122129183
2005,0,0.1,5000,0,0,"AA",0.000123715248468752,-8.99740429350562
2005,0,0.11,8000,0,0.06,"A",7.54468653602278e-05,-9.49200646982329
2005,0,0.2,6500,0,0,"C",0.0215404300506056,-3.81604783084827
2005,0,0.15,1250,0,0.74,"C",0.0368259068507795,-3.26403258954531
2005,1,0.28,3500,1,0.94,"Missing",0.991093945283635,4.71207797766182
2005,0,0.07,1500,0,0.01,"AA",0.000197665068360179,-8.52873884892824
2005,0,0.2,5000,0,0.65,"B",0.00505875757558181,-5.28156276784781
2005,0,0.28,12839,0,0.45,"C",0.129606076906657,-1.90444622180638
2005,0,0.15,9999,0,0.31,"B",0.00097638224663076,-6.93067954286817
2005,0,0.13,10000,0,0.28,"AA",0.000290712232356572,-8.14288591781741
2005,1,0.29,4000,0,0,"Missing",0.858285356255443,1.80112114259313
2005,0,0.24,6500,0,0.98,"C",0.0384512595135777,-3.21915380328227
2005,0,0.28,3500,0,0.93,"D",0.0985409294491104,-2.2135426508436
2005,1,0.26,4000,0,0.99,"Missing",0.921717518343822,2.46591495304917
2005,0,0.15,2300,0,0.46,"C",0.0576187919964464,-2.79456110769281
2005,1,0.29,3001,0,0.92,"Missing",0.608617370260799,0.441504104238592
2005,1,0.29,6000,0,1.02,"Missing",0.952794317115003,3.00488476816852
2005,0,0.13,3500,1,0.71,"C",0.0151266473867645,-4.17605514075937
2005,1,0.29,5108,0,0,"Missing",0.889029673071417,2.08086777238303
2005,0,0.18,1230,0,0,"C",0.0167163536065864,-4.07451013215575
2005,0,0.11,18800,0,0.63,"AA",0.00105486534537857,-6.85328673280497
2005,0,0.17,5000,0,0.89,"D",0.0733304597944128,-2.53662094665818
2005,1,0.29,3500,0,0.88,"Missing",0.984733664169163,4.16672108115519
2005,1,0.29,1800,0,0.98,"Missing",0.985305798206667,4.2054990678763
2005,0,0.17,20000,1,0.01,"AA",0.0034347595145475,-5.67036769423645
2005,0,0.17,3000,0,0.53,"C",0.00318195418519312,-5.74707271992073
2005,0,0.22,6001,0,0.98,"C",0.0642978343853223,-2.67777127589051
2005,0,0.12,4000,0,0.04,"AA",0.000224619294278578,-8.40087896975523
2005,1,0.2,1000,0,0.91,"Missing",0.823346036935636,1.53918376220159
2005,1,0.25,5000,1,0.96,"Missing",0.931831052419414,2.6151623769305
2005,1,0.15,15000,0,0.16,"AA",0.00690620656943401,-4.96840460408796
2005,1,0.28,4750,1,0.14,"Missing",0.952336185066005,2.99474559478463
2005,0,0.13,4250,1,0.99,"B",0.00148298465604041,-6.51221447708121
2005,0,0.14,2400,1,0.22,"B",0.000723277471299413,-7.23099409253584
2005,0,0.23,15000,1,0.76,"B",0.00118267778574537,-6.73879072384482
2005,0,0.16,3500,1,0.51,"C",0.00288180945739522,-5.84645092843895
2005,0,0.11,7000,0,0.83,"AA",0.00225994430424353,-6.0901526083093
2005,0,0.16,9000,0,0.69,"C",0.0145824733437952,-4.21324508460292
2005,1,0.29,3000,1,0.95,"Missing",0.946877663815229,2.88057241838088
2005,0,0.29,5000,1,0.94,"Missing",0.609037593298091,0.443268586537666
2005,0,0.15,5000,0,0.92,"B",0.00450975723071758,-5.39699199916292
2005,0,0.25,13000,0,0.74,"D",0.177561428561591,-1.53295716922101
2005,0,0.2,24000,0,0.76,"C",0.0330036564629506,-3.37757635696615
2005,1,0.25,10000,0,0.87,"Missing",0.934503582124895,2.65802000787172
2005,0,0.25,3001,0,1.02,"D",0.0382961889517082,-3.22335612847675
2005,0,0.12,4000,0,0.04,"AA",0.00270669625260977,-5.90931611679095
2005,0,0.05,1000,1,0.48,"D",0.0221865537564943,-3.78583248284583
2005,0,0.2,25000,1,0.19,"C",0.0185409393855994,-3.96905907490519
2005,1,0.29,5500,0,0.77,"Missing",0.993015016162933,4.95698310719051
2005,1,0.29,10500,0,0.99,"Missing",0.402424873870744,-0.395371579340104
2005,0,0.2,5128,0,0,"Missing",0.396715139631405,-0.419170999710669
2005,0,0.25,8000,1,0.85,"D",0.307949187260454,-0.80972458879991
2005,0,0.24,4000,0,0.89,"D",0.742524396555379,1.05913075573979
2005,0,0.27,15000,0,0.94,"D",0.35735714503086,-0.586853446463691
2005,0,0.12,5000,0,0.1,"AA",0.00199458739181521,-6.21532149194572
2005,1,0.29,7000,0,0.36,"Missing",0.948118592019015,2.90551909323123
2005,0,0.1,5000,0,0.09,"AA",0.00895849930472017,-4.70615368640014
2005,0,0.2,3500,0,1,"D",0.0332785014578283,-3.36899886169887
2005,0,0.07,2500,1,0.06,"AA",0.000273689813634053,-8.20324143260358
2005,0,0.11,4500,1,0.97,"AA",0.000191389985598831,-8.56100599385644
2005,0,0.24,12000,0,0.9,"D",0.0650047032695958,-2.66608187376947
2005,0,0.19,23000,0,0.27,"A",0.000266598635701084,-8.22949963345361
2005,0,0.2,5000,0,0.65,"B",0.0016814506775186,-6.38641549374202
2005,1,0.29,2550,0,1.16,"Missing",0.988415535296851,4.44643824082483
2005,0,0.2,1000,0,0.98,"Missing",0.429422934858897,-0.284205948259758
2005,0,0.11,3500,1,0.18,"A",0.00241945316086489,-6.02179134616538
2005,0,0.15,20000,0,0.75,"B",0.000937599111367116,-6.9712500479836
2005,0,0.05,1000,1,0.48,"D",0.021760058776408,-3.80567885551285
2005,0,0.15,5000,0,0,"C",0.00302814462960894,-5.79677244173964
2005,0,0.17,25000,0,0.11,"A",0.000569427384347254,-7.47030970136804
2005,1,0.28,6000,0,0,"D",0.727131865229318,0.980119188120647
2005,0,0.21,15500,0,0.66,"A",0.000620183248975602,-7.3848751850892
2005,0,0.11,25000,1,0.09,"AA",0.000404373792238892,-7.81276642387555
2005,0,0.11,25000,0,0.23,"AA",0.000488172824817221,-7.62435277357158
2005,1,0.23,2400,0,0.91,"Missing",0.766200988390474,1.18698270073103
2005,0,0.16,5000,0,0.94,"B",0.000294093589411009,-8.13131837310889
2005,0,0.09,2500,0,0.09,"AA",0.000117824290168128,-9.04619827839955
2005,1,0.23,3890,0,0.97,"Missing",0.94164679103567,2.78111589550031
2005,1,0.24,3500,0,0.8,"Missing",0.844067978919144,1.6888128851202
2005,0,0.19,3900,1,0,"C",0.014715177471199,-4.20405131712444
2005,0,0.14,9250,0,0.92,"B",0.00211613760150236,-6.15604435825058
2005,0,0.23,6500,0,0.71,"Missing",0.412361192313353,-0.354212840852179
2005,0,0.12,10000,0,0.12,"AA",0.000347249052691199,-7.96512099500704
2005,0,0.29,3600,1,0.69,"D",0.670287772714593,0.709486896200995
2005,0,0.18,14000,0,0.91,"C",0.0127046501799299,-4.35300115226359
2005,0,0.16,4500,0,0.88,"D",0.0333888647914756,-3.36557382440109
2005,0,0.15,4000,0,0.64,"B",0.00151420641074497,-6.4913484445737
2005,0,0.25,15000,0,0,"C",0.00504586328629734,-5.28412788596985
2005,0,0.2,1000,1,0.42,"C",0.0498237476158996,-2.94815576608547
2005,1,0.26,9000,1,0.83,"Missing",0.86951499067113,1.89667722508914
2005,0,0.23,7800,1,1.03,"C",0.0789555193481493,-2.456623683457
2005,1,0.2,5128,0,0,"Missing",0.922515034213503,2.4770197453431
2005,0,0.18,10000,0,0.97,"C",0.00904238625481376,-4.69674865640811
2005,0,0.18,8000,0,0.23,"C",0.00642172259487353,-5.04162644975545
2005,0,0.2,5000,0,0.7,"D",0.00220024300140998,-6.11698480243882
2005,0,0.17,18000,0,0.22,"B",0.00531117463278504,-5.23261692768388
2005,1,0.17,1800,0,0.96,"Missing",0.9698767456044,3.47187155227896
2005,0,0.29,11000,0,0.98,"D",0.141528556947932,-1.80265190340501
2005,1,0.26,9000,1,0.83,"Missing",0.869687070283043,1.89819474803923
2005,1,0.25,7000,0,0.14,"D",0.51163825157373,0.0465614164336763
2005,0,0.13,21000,0,0.24,"A",0.00078460717714607,-7.14954246156581
2005,0,0.15,5000,0,0.85,"C",0.00818034557171883,-4.79780689513205
2005,0,0.17,5233,0,0.38,"B",0.000775209970669471,-7.16160112480842
2005,1,0.25,3000,0,0,"Missing",0.533343034494282,0.133570370553983
2005,1,0.29,3000,0,0.65,"Missing",0.913490485923265,2.35701856357616
2005,0,0.15,5000,0,0.67,"C",0.0106684089094946,-4.52974261853151
2005,0,0.14,8000,0,0.44,"A",0.00247859106977355,-5.99758332940992
2005,0,0.17,4990,0,0.9,"C",0.0175186959847759,-4.02681266192474
2005,0,0.17,1000,0,1.02,"D",0.0304125958188034,-3.46201376574995
2005,0,0.1,9000,0,0.22,"AA",0.0178219198033476,-4.0093434869972
2005,0,0.09,3030,0,0.04,"AA",0.000424740124844954,-7.76360821666503
2005,0,0.18,14000,0,0.28,"C",0.0232819965629568,-3.73651759300832
2005,1,0.29,2000,1,0,"Missing",0.905566122255344,2.26066041439367
2005,1,0.29,13531,0,0.82,"D",0.194072016474942,-1.42376507892783
2005,0,0.11,20000,0,0.01,"AA",0.000621195381114665,-7.38324351373839
2005,1,0.24,3000,0,1,"Missing",0.624392843168147,0.508235925090689
2005,1,0.28,5200,1,0.92,"Missing",0.996050557411731,5.53022356468881
2005,1,0.24,8000,1,0.93,"Missing",0.981477113088584,3.97005159732877
2005,0,0.13,10000,0,0.12,"AA",0.00788401368841932,-4.83500289661844
2005,0,0.18,5600,0,0.48,"B",0.0328432985458718,-3.3826128089266
2005,0,0.26,5000,0,0,"Missing",0.80347608158121,1.40816327081029
2005,0,0.15,5000,0,0,"C",0.00850661484232324,-4.75836819880055
2005,0,0.25,3001,0,1.02,"D",0.0297002283792568,-3.48645033134513
2005,0,0.16,5000,0,0.94,"B",0.000903691665068407,-7.00811823397619
2005,0,0.18,1000,1,0,"C",0.0274898534121094,-3.56606353919244
2005,0,0.2,5000,0,0.64,"D",0.145431038337779,-1.77089519246831
2005,0,0.18,13000,0,0.52,"B",0.00522462828781994,-5.24913330036531
2005,0,0.25,9500,0,0.64,"D",0.201300905790829,-1.3781834394996
2005,0,0.09,5400,0,0.18,"AA",0.000569394771067405,-7.47036700945719
2005,1,0.25,3000,1,0.93,"Missing",0.892055287234801,2.1119089346559
2005,0,0.14,1500,0,0.04,"AA",0.000625462858341568,-7.37639295042866
2005,0,0.15,5000,0,0.92,"B",0.00472260711682182,-5.35066048275772
2005,0,0.09,2500,0,0.1,"AA",0.000994394415971987,-6.91238174410411
2005,1,0.29,8500,1,0.87,"Missing",0.78041830301789,1.26810570276829
2005,0,0.12,5900,1,0.31,"A",0.0134814001279738,-4.29287121254072
2005,0,0.29,4000,0,0.95,"Missing",0.737438143616751,1.0326955139975
2005,0,0.09,2000,0,0,"AA",0.000168471840075881,-8.6885734573165
2005,0,0.1,5200,0,0,"A",0.00520766568226367,-5.25240229641532
2005,0,0.13,5000,1,0.16,"A",0.00719001047818864,-4.92784666674782
2005,1,0.27,6000,0,0.95,"Missing",0.831178654630135,1.59400373148995
2005,1,0.29,3000,1,0,"Missing",0.987014062613791,4.33081725473097
2005,1,0.29,2500,1,1.84,"Missing",0.926975628175137,2.54113402810313
2005,1,0.29,2000,1,0.09,"Missing",0.96632154316355,3.3566382693153
2005,0,0.14,9900,0,0.02,"AA",0.00526739559745891,-5.2409379153792
2005,0,0.23,15000,0,0.18,"D",0.0597599696083585,-2.75579916188505
2005,0,0.2,1100,0,0,"Missing",0.692870996067372,0.813575961426334
2005,0,0.18,3100,0,0.98,"C",0.0166013790349919,-4.08152878635435
2005,1,0.29,5000,0,0,"Missing",0.975385403161059,3.67949304378448
2005,0,0.2,4500,0,0.39,"D",0.0958178132325053,-2.24458226454581
2005,1,0.24,3000,0,0,"Missing",0.878429125974888,1.97763781016944
2005,1,0.15,2500,0,0.94,"D",0.0291457322734929,-3.50586787593074
2005,1,0.29,1750,1,0.98,"Missing",0.916513067197069,2.39588619866214
2005,0,0.13,2500,0,0.57,"A",0.000300318268652661,-8.11036738677793
2005,0,0.29,5000,1,0.75,"D",0.315141986211791,-0.77618825048851
2005,0,0.14,7500,1,0.54,"B",0.00208007903879121,-6.17326714116416
2005,0,0.17,6001,0,0.56,"B",0.000951202653442044,-6.95683176768461
2005,1,0.23,1000,1,0.93,"Missing",0.969588719050825,3.46205835717304
2005,0,0.18,25000,0,0.6,"A",9.79992888058689e-05,-9.23045233231196
2005,0,0.1,1500,0,0.89,"A",0.000354713768652737,-7.94384460250261
2005,0,0.22,4000,0,0.47,"B",0.0023399571234693,-6.05527997398274
2005,0,0.25,15000,0,0.65,"D",0.324075443381504,-0.735105128549665
2005,0,0.26,10000,0,0.46,"D",0.108869134079075,-2.1023447358711
2005,0,0.19,5000,0,0.39,"C",0.0186750224333402,-3.96171674416855
2005,0,0.11,18000,0,0.46,"AA",0.000517456397744484,-7.56606770161616
2005,0,0.19,7000,0,1,"C",0.0134980550683567,-4.29161969095343
2005,0,0.19,4041,0,0.91,"D",0.116314668402142,-2.02780186241073
2005,0,0.17,3000,0,0.91,"D",0.00389186883340985,-5.54496635495473
2005,0,0.12,1000,1,0.45,"D",0.113753928560122,-2.05295705101957
2005,0,0.17,10000,0,0.85,"C",0.00646974613989018,-5.03412764207499
2005,0,0.1,2000,0,0.29,"A",0.00521143682332548,-5.25167461568472
2005,0,0.23,9600,0,0.94,"D",0.206998075226674,-1.34311615403633
2005,0,0.28,3500,0,0.93,"D",0.585278836606811,0.344481978475923
2005,1,0.29,12000,0,0.92,"C",0.339768451949606,-0.664326241942656
2005,0,0.2,1100,0,0,"Missing",0.344740111055872,-0.642241102083955
2005,0,0.15,5000,0,0.41,"B",0.0146264080802515,-4.21019218292503
2005,0,0.17,10000,0,0.72,"B",0.000449444762601387,-7.70704805212562
2005,0,0.13,8500,0,0.21,"AA",0.000623310792738172,-7.37984179368853
2005,1,0.29,4000,0,1.07,"Missing",0.992404421478219,4.87256440259999
2005,1,0.24,2000,1,0.93,"Missing",0.95366297435327,3.02436900116756
2005,0,0.29,9740,0,0.56,"D",0.689289636916397,0.796800385735484
2005,0,0.27,4700,0,0,"D",0.244159948115716,-1.13000624661856
2005,0,0.1,4000,1,0.43,"A",0.000573321809578709,-7.46348989037753
2005,1,0.29,4300,1,0.95,"Missing",0.978014748879824,3.79515292566637
2005,1,0.2,8500,0,0.89,"D",0.603595850707796,0.42047058279001
2005,0,0.24,5000,0,0.7,"B",0.006498431877565,-5.0296747421817
2005,0,0.1,1000,0,0.2,"A",0.0011495066517875,-6.76727225925749
2005,0,0.13,20000,0,0.52,"A",0.0027164432077134,-5.9057117591752
2005,0,0.19,6001,0,0.2,"C",0.0589120132374722,-2.77099160893157
2005,0,0.24,6500,0,0.98,"C",0.00391841141619432,-5.53814284978328
2005,0,0.19,3000,1,0.77,"D",0.0523388287644364,-2.89625850465397
2005,1,0.26,5000,1,0,"Missing",0.90616810809435,2.26772004138401
2005,0,0.13,2550,0,0.27,"A",0.000518141853753145,-7.56474322811464
2005,0,0.17,5500,0,0.91,"C",0.00443496483456093,-5.41379076385996
2005,0,0.26,25000,0,0.69,"B",0.000988204450382628,-6.91863225499224
2005,0,0.11,1000,0,0.97,"Missing",0.498045792206923,-0.00781687097522693
2005,0,0.24,7500,0,0,"C",0.0608445035473053,-2.73665957597057
2005,0,0.14,10000,0,0.44,"A",0.00474947849116907,-5.3449596651919
2005,1,0.28,5000,0,0.56,"Missing",0.985247399768348,4.20147342277163
2005,0,0.16,8500,0,0.56,"C",0.00734857943636802,-4.90587254514276
2005,0,0.18,5000,0,0.12,"C",0.0460469167992287,-3.03095368407265
2005,0,0.24,7500,1,0.94,"C",0.125130387124432,-1.94471857074735
2005,0,0.29,25000,0,0.38,"B",0.000257279125868085,-8.26509165734147
2005,0,0.23,7000,0,0.52,"D",0.0142007110582477,-4.24016073509229
2005,0,0.2,5200,1,0.77,"D",0.100227224280395,-2.19470240887307
2005,1,0.29,2501,0,1.07,"Missing",0.928862980064064,2.56935336056814
2005,0,0.11,2700,1,0.12,"AA",0.000558612910505532,-7.48949502347265
2005,1,0.11,5000,1,0,"Missing",0.954140416501187,3.03522665235152
2005,0,0.18,3000,1,0.95,"D",0.028730806752701,-3.52063370977906
2005,0,0.07,1850,1,0.31,"AA",0.00117673928450367,-6.74383055154788
2005,0,0.11,15200,0,0.83,"A",0.00312202431996649,-5.76614675904649
2005,0,0.15,4200,0,0.3,"C",0.000479352893067486,-7.64259403524323
2005,0,0.12,10000,1,0.08,"AA",0.0984395505508336,-2.21468443489721
2005,0,0.21,14000,0,0.85,"C",0.00867517621750394,-4.73857661548657
2005,0,0.17,11300,0,0.27,"C",0.0361733678077323,-3.28258828415713
2005,0,0.2,8000,0,0.87,"D",0.0830626086908991,-2.40144454934682
2005,0,0.17,5000,1,0.08,"C",0.0322849859101264,-3.40033534734174
2005,0,0.15,4000,0,0,"C",0.0117739031761932,-4.43002602746113
2005,0,0.08,1500,1,0.22,"AA",0.00363544957730085,-5.61338042162275
2005,0,0.21,5000,1,0.94,"C",0.0859833669114374,-2.36369489987487
2005,0,0.26,3000,1,0,"Missing",0.415131030795033,-0.342793630626815
2005,0,0.29,23250,0,0.92,"C",0.0331491967150302,-3.37302571080899
2005,0,0.23,25000,0,0,"B",0.000321793244430261,-8.04127947166478
2005,1,0.23,2000,0,1.13,"Missing",0.920415176951391,2.44800143808926
2005,0,0.14,2400,1,0.22,"B",0.00308136376790723,-5.77929687726337
2005,1,0.18,7000,0,0.95,"C",0.0602501460961041,-2.74710872978211
2005,1,0.29,2100,0,0,"Missing",0.985639771476029,4.22882846709892
2005,1,0.29,3800,0,0.73,"Missing",0.944855538413825,2.84107573029609
2005,0,0.11,6000,0,0,"A",0.00104612124716459,-6.86161933617181
2005,0,0.15,2300,0,0.46,"C",0.0200749396011389,-3.88800384859224
2005,0,0.2,2500,0,0,"Missing",0.823384156640746,1.53944587037031
2005,1,0.27,3001,1,1.02,"Missing",0.929275826480756,2.57561817033085
2005,0,0.14,5000,0,0,"B",0.00768519448215926,-4.86074471782141
2005,1,0.23,15000,0,0.06,"D",0.0986408017480743,-2.21241885752354
2005,0,0.17,5000,0,0.78,"C",0.0301855950950167,-3.46973989106178
2005,1,0.29,2700,0,0.47,"Missing",0.982614277280334,4.03456731368692
2005,0,0.23,5000,0,0.78,"D",0.10125282482713,-2.18338116084347
2005,0,0.29,3000,0,0.85,"D",0.38433557978868,-0.471185966052758
2005,0,0.14,3210,0,0.08,"B",0.000108498887447602,-9.12866213420161
2005,1,0.29,5000,0,0,"Missing",0.962066745538659,3.23325567652026
2005,1,0.29,3000,1,0.4,"Missing",0.99088598210282,4.6887858177915
2005,0,0.11,1527,0,0.03,"AA",0.00034163066644644,-7.98143863807404
2005,1,0.23,5000,0,1,"Missing",0.980273577596697,3.9058727176864
2005,0,0.2,5000,0,0,"A",0.00118261372642073,-6.73884495409383
2005,0,0.2,7000,0,0.86,"D",0.00930854246231238,-4.66747061839864
2005,0,0.2,8000,0,0.91,"D",0.212242429198296,-1.31146123596733
2005,0,0.29,5500,0,0.99,"Missing",0.262437988429919,-1.0333353485928
2005,1,0.29,5200,0,0,"Missing",0.954399473383378,3.04116305394207
2005,0,0.21,25000,0,0.99,"C",0.0604038507126629,-2.74439729810008
2005,0,0.12,10000,0,0.85,"A",0.000814006151692925,-7.11272829699338
2005,0,0.18,4000,0,0.19,"D",0.0881104261104341,-2.33692803149614
2005,0,0.14,1400,0,0.61,"C",0.00702308877176087,-4.95150429499716
2005,0,0.2,3000,0,0,"D",0.126633191355354,-1.93106098751056
2005,0,0.14,7000,0,0.32,"A",0.00352727791617017,-5.64369532064503
2005,1,0.14,3000,0,0.95,"C",0.0248942286890564,-3.66790995146013
2005,1,0.18,9800,1,0.72,"C",0.173416470141077,-1.56160493336615
2005,0,0.18,4800,0,0.89,"C",0.0685530656460752,-2.60913109414585
2005,1,0.29,2550,0,0.63,"D",0.82111188591971,1.5238988308108
2005,0,0.13,20000,0,0.52,"A",0.00301630641868229,-5.80070137165161
2005,0,0.17,1200,0,0.94,"D",0.082555923441527,-2.40811570249653
2005,0,0.18,3500,0,0.01,"C",0.0155523390568613,-4.14786968460515
2005,0,0.12,3001,0,0.05,"AA",0.00484848027412859,-5.3242296963906
2005,0,0.18,9900,0,0.55,"C",0.0577999181075052,-2.79123029433003
2005,0,0.12,22000,0,0.37,"AA",0.000535960204926337,-7.53091454030721
2005,0,0.11,1000,0,0.97,"Missing",0.087096503609888,-2.34961343474404
2005,0,0.15,8000,0,0.12,"B",0.00423979070389446,-5.45899256914353
2005,1,0.29,2500,1,1.01,"Missing",0.984925110472931,4.17953519393949
2005,1,0.24,1750,1,0.91,"Missing",0.988142062051101,4.42282896248821
2005,0,0.17,15000,0,0.52,"B",0.000636146612844631,-7.35944514881001
2005,0,0.29,5000,0,0,"Missing",0.752812086880362,1.1136668147997
2005,1,0.23,5000,0,0.97,"Missing",0.756996060887572,1.13628039629241
2005,1,0.28,12000,0,0.83,"D",0.307544343649361,-0.81162491802098
2005,0,0.15,9800,0,0.94,"B",0.000342871955392055,-7.97781055764053
2005,1,0.29,3500,0,0,"Missing",0.895573603723126,2.14898192961058
2005,0,0.14,2100,0,0.92,"C",0.00484265706172224,-5.32543730847411
2005,1,0.24,4000,0,0.92,"D",0.401909745848437,-0.397514118639787
2005,0,0.12,2500,0,0,"B",0.000911484509328401,-6.99952405852884
2005,0,0.15,5500,1,0,"C",0.0894168325099773,-2.32077629008829
2005,0,0.19,2750,0,0,"C",0.0915625383942306,-2.29470382995521
2005,0,0.15,10200,0,0,"C",0.0228408129255188,-3.75610059699996
2005,1,0.29,4000,1,0.98,"Missing",0.954300557778824,3.03889257931329
2005,1,0.2,1000,0,1,"Missing",0.514976336281298,0.0599232697198813
2005,1,0.29,2100,0,0,"Missing",0.9391658357362,2.73684052910038
2005,0,0.2,12000,0,0.95,"C",0.0803510702154654,-2.43758658764006
2005,0,0.15,5000,0,0.35,"B",0.00315149764679031,-5.7567210216328
2005,0,0.2,7500,1,0.52,"D",0.356568905521706,-0.590287437466603
2005,0,0.16,25000,0,0.78,"B",0.00576186287878845,-5.15071591365549
2005,1,0.29,3000,1,0,"Missing",0.957085566639616,3.1046845874656
2005,0,0.2,2700,1,0.87,"D",0.261761581395362,-1.03683273807718
2005,0,0.21,9800,0,0.7,"D",0.0204905872825542,-3.8670862233041
2005,0,0.08,1000,0,0.01,"AA",0.00555816841116446,-5.1869129749381
2005,0,0.17,20000,1,0.55,"B",0.00856191662514949,-4.75183242868374
2005,1,0.29,6000,1,0,"Missing",0.968782503477709,3.43506140847706
2005,1,0.23,2600,0,0.5,"Missing",0.912539632216904,2.34504576594628
2005,0,0.18,12000,0,0.57,"A",0.00258163714858901,-5.95674655225571
2005,0,0.12,3000,0,0.56,"B",0.00129766290791988,-6.6458918899672
2005,1,0.29,2000,1,0.83,"Missing",0.786321604239219,1.30289381334035
2005,1,0.23,4500,1,0,"D",0.494816474729783,-0.0207348439330346
2005,1,0.29,7000,1,0.27,"Missing",0.958541735154246,3.14072584884382
2005,1,0.29,4500,1,0.6,"Missing",0.816642305456218,1.49376232431168
2005,1,0.29,5000,0,0.92,"Missing",0.977244095678642,3.75991182054928
2005,1,0.28,4750,1,0.14,"Missing",0.982879252059756,4.05019521858966
2005,1,0.26,1000,1,0,"Missing",0.984019791749178,4.12029503819664
2005,0,0.2,8000,0,0.87,"D",0.154929989421641,-1.69644614295064
2005,0,0.29,7000,0,0.7,"D",0.213452332656421,-1.30423978608829
2005,0,0.13,9000,0,0.26,"AA",0.000817335810802128,-7.1086428484082
2005,0,0.15,15000,0,0.63,"B",0.000402777929589784,-7.81672233203281
2005,0,0.17,1775,0,0.9,"D",0.181342671733427,-1.5072771383016
2005,1,0.29,9200,1,0.98,"Missing",0.997539054890908,6.00474583392053
2005,1,0.24,3000,0,0.91,"Missing",0.625291765468319,0.512070683666556
2005,0,0.23,7000,0,0.98,"C",0.0415472541597236,-3.13848882724341
2005,0,0.07,1000,0,0,"AA",0.00159699804019383,-6.43803136232898
2005,0,0.17,5000,0,0.93,"C",0.108209051603814,-2.10916672318733
2005,1,0.22,3000,0,0.3,"Missing",0.706907119205013,0.880409726063873
2005,0,0.16,6500,1,0.93,"A",0.00752629832831424,-4.88179718407747
2005,0,0.18,6800,1,0.89,"D",0.233438732273009,-1.18899497279385
2005,1,0.29,5000,0,0.72,"Missing",0.929131987061378,2.57343162875
2005,0,0.2,5000,0,0.61,"C",0.00988208068170451,-4.60710096155616
2005,0,0.23,1525,0,0.56,"D",0.0200964023354933,-3.8869133863351
2005,0,0.29,12000,0,0.63,"D",0.120439985293369,-1.98827021764501
2005,0,0.25,6000,0,0.11,"D",0.520555726630771,0.082269276614378
2005,1,0.17,12000,0,0.91,"D",0.0779416322023577,-2.47064828571863
2005,0,0.21,13500,0,0.84,"D",0.10172175639385,-2.17823866107108
2005,1,0.29,5000,0,0.9,"Missing",0.82785425765916,1.57049566435735
2005,0,0.24,2500,1,0.83,"D",0.27210713317139,-0.983958015715299
2005,0,0.17,3650,0,0.85,"D",0.233332974533617,-1.18958607258761
2005,1,0.29,3500,0,0.88,"Missing",0.937567511725415,2.70920298244628
2005,1,0.19,6500,0,0.7,"C",0.317407837714705,-0.765710052977471
2005,0,0.26,7000,0,0.92,"C",0.132960462756526,-1.87503276657753
2005,0,0.14,18500,0,0.45,"A",0.00727577020644608,-4.915903233514
2005,0,0.22,12150,0,0,"D",0.157536065228621,-1.6766764362862
2005,1,0.24,5250,0,0.57,"Missing",0.935235374979186,2.67003869143127
2005,0,0.13,5000,0,0.95,"B",0.000109097327806459,-9.12316105521222
2005,0,0.15,1800,1,1.02,"D",0.224968523552399,-1.2369431462042
2005,0,0.17,6550,0,0.77,"C",0.0352689832594281,-3.30884540687085
2005,0,0.25,2550,0,0.53,"D",0.164486965471503,-1.625214618975
2005,1,0.29,3000,0,0.85,"Missing",0.934882287607378,2.66422403378477
2005,1,0.29,5000,0,0.9,"Missing",0.974246940741088,3.63311137787279
2005,1,0.29,20000,0,0.95,"Missing",0.834399579848323,1.6171346210532
2005,0,0.24,1000,0,0,"D",0.102676289346587,-2.16783546108354
2005,1,0.26,5000,0,0,"Missing",0.925146379439205,2.5144174924534
2005,0,0.15,20000,0,0.37,"A",0.00231871428302742,-6.06442102860959
2005,0,0.17,25000,0,0.67,"A",0.00380897048646371,-5.56658009679653
2005,1,0.29,5000,1,0.97,"Missing",0.968884073011618,3.43842515913041
2005,1,0.29,3000,1,0.98,"Missing",0.978544031369359,3.820062920162
2005,1,0.27,15000,1,0.96,"Missing",0.965606284916045,3.3348823319419
2005,0,0.29,3300,0,0.91,"Missing",0.26487392430667,-1.02078806061406
2005,0,0.23,5000,0,0,"D",0.161823068994884,-1.64472564136176
2005,1,0.29,2500,1,0,"Missing",0.973995984898963,3.62315622829188
2005,1,0.29,6000,0,0.59,"Missing",0.972725809094273,3.57416137601991
2005,0,0.15,4000,0,1,"D",0.35251165370112,-0.608017113566848
2005,0,0.23,4900,0,1,"D",0.228556410038149,-1.21648050084589
2005,1,0.25,1000,1,0.95,"D",0.139957712703003,-1.8156412344533
2005,0,0.1,7500,1,1.02,"D",0.216989224066154,-1.28329876463761
2005,1,0.23,25000,0,0.67,"D",0.34850266294604,-0.625627437812472
2005,1,0.29,5000,1,1.02,"Missing",0.988893464561094,4.4890528921214
2005,1,0.29,6000,1,0,"D",0.792714146918259,1.34136391276432
2005,1,0.28,1900,0,1.2,"Missing",0.825149124248681,1.55163065458206
2005,0,0.15,14000,1,0.25,"A",0.00589854670377386,-5.12713326796328
2005,0,0.15,10200,0,0,"C",0.0137678844576198,-4.27155307142049
2005,0,0.21,25000,0,0.07,"B",0.00712344961159395,-4.9372142323623
2005,0,0.15,1250,0,0.74,"C",0.0161472727887977,-4.10972505054044
2005,0,0.17,25000,0,0.11,"A",0.00332808900271888,-5.70202337336617
2005,0,0.22,9000,0,0.95,"D",0.0788758643109382,-2.45771953198101
2005,0,0.17,1600,0,0.98,"C",0.0082124080344468,-4.79386277784808
2005,0,0.2,21000,0,0.34,"AA",0.00365343304303699,-5.6084278705717
2005,0,0.29,10000,0,0.04,"B",0.0320211335964886,-3.40881414510503
2005,1,0.29,3500,1,1,"Missing",0.574155384990191,0.29882553901072
2005,0,0.15,15000,1,0.45,"A",0.00606377974647898,-5.09933971367354
2005,0,0.19,6000,0,0.49,"C",0.0117343748506569,-4.43342895730206
2005,0,0.11,1500,0,0.2,"B",0.000190071248414609,-8.56792147512551
2005,0,0.09,3500,0,0.1,"AA",0.000140202709482433,-8.87228104517412
2005,1,0.25,5000,1,0.96,"Missing",0.851842063146859,1.74912229207884
2005,1,0.13,15000,1,0.07,"AA",0.00422986572913788,-5.46134619203028
2005,0,0.2,25000,0,0.08,"B",0.0034771808712883,-5.65805016764168
2005,0,0.19,2750,0,0,"C",0.0185169222767094,-3.97037974068325
2005,0,0.2,7500,0,0.38,"C",0.0534201738399853,-2.87466684346171
2005,0,0.19,5000,0,0.42,"B",0.00828540157146867,-4.78494024328891
2005,1,0.29,2550,1,0.75,"D",0.8177590141329,1.50123778004628
2005,0,0.15,9500,0,0.94,"B",0.00117250608479161,-6.74743867406174
2005,1,0.29,5000,0,0.51,"Missing",0.940087730241213,2.75309187943242
2005,0,0.25,8500,0,0.78,"D",0.556130993273491,0.225474376907059
2005,0,0.19,6500,0,0.7,"C",0.0185954317316244,-3.96606883376707
2005,1,0.26,3001,1,1.01,"Missing",0.993185841430735,4.98191520795918
2005,1,0.28,11000,0,0.84,"Missing",0.580683020500469,0.325577884012521
2005,1,0.28,9900,0,0.33,"D",0.35403792346844,-0.601336761162036
2005,1,0.29,1500,0,0.95,"Missing",0.833613184826355,1.6114541980918
2005,0,0.2,18000,1,0.75,"B",0.00462112133353704,-5.37248605872822
2005,0,0.07,1325,0,0.02,"AA",2.71330228876134e-05,-10.5147318817868
2005,0,0.13,19000,0,0.08,"AA",0.00250362241586858,-5.98750986778003
2005,0,0.1,2500,1,0,"B",0.00690686645822572,-4.96830839406537
2005,1,0.29,2550,0,0.99,"Missing",0.967088654965995,3.38047273948061
2005,0,0.09,2000,0,0,"AA",0.000278451399941402,-8.1859885301443
2005,0,0.11,5000,1,0.45,"B",0.0023080029297717,-6.06906199046481
2005,0,0.16,3800,0,0,"B",0.00517506542464809,-5.25871479501244
2005,0,0.18,5000,0,0.66,"C",0.119245786994823,-1.99959180067852
2005,0,0.16,9000,0,0.69,"C",0.00343177042988564,-5.67124131819185
2005,0,0.28,10000,0,0.24,"C",0.0606443246624314,-2.74016813268225
2005,0,0.2,2000,0,1.03,"Missing",0.436020324637753,-0.257329355852793
2005,0,0.16,25000,0,0.76,"AA",0.00026221176094391,-8.24609588663762
2005,0,0.2,5000,0,0.97,"C",0.00228682594221237,-6.07830102958757
2005,0,0.12,10000,0,0.5,"B",0.00105323806418239,-6.85483219642917
2005,1,0.29,1500,0,0.95,"Missing",0.903913426813507,2.24148399989417
2005,0,0.17,2000,0,0.73,"C",0.00447774275579712,-5.40414841080904
2005,0,0.29,10500,0,0.76,"D",0.0128454105366046,-4.341840061904
2005,0,0.1,3000,0,0.04,"AA",0.00052795104844044,-7.54597889937935
2005,0,0.25,5000,0,0.9,"D",0.102180389210807,-2.1732293963037
2005,0,0.17,5000,0,0.93,"C",0.00381160086771829,-5.56588711930836
2005,0,0.29,10000,0,0.93,"D",0.170679051129903,-1.58082233309206
2005,0,0.15,5000,0,0.74,"C",0.00261318278310153,-5.94456974034928
2005,0,0.14,9700,0,0.23,"AA",0.00244271956416511,-6.01219757700663
2005,1,0.25,3000,0,0.71,"D",0.10128331648607,-2.18304613496918
2005,0,0.11,10500,0,0.16,"AA",0.000168990564226361,-8.68549867273529
2005,0,0.15,1000,0,0,"D",0.027391268850494,-3.56975756753081
2005,0,0.29,10000,0,0.49,"D",0.254212024726532,-1.07627268252359
2005,0,0.28,5500,0,0.35,"D",0.171788613108751,-1.5730036925523
2005,0,0.23,8000,1,0,"C",0.0189401817284909,-3.94734775186847
2005,0,0.29,20000,0,0.03,"D",0.188824051754909,-1.45766934443084
2005,0,0.15,15000,1,0.72,"C",0.00906547832513979,-4.69417485020146
2005,0,0.23,3000,1,0.7,"D",0.20361197761461,-1.36387042028566
2005,1,0.29,2000,1,0,"Missing",0.969857332401686,3.47120728448845
2005,0,0.24,3000,0,0,"Missing",0.729288850635722,0.991017499179749
2005,1,0.29,3950,0,0.78,"Missing",0.725574543430178,0.972284151405382
2005,0,0.25,7000,0,0.96,"D",0.590859370814181,0.367519104261494
2005,0,0.22,6500,1,0,"B",0.173671772943172,-1.55982490851209
2005,0,0.15,20000,0,0.75,"B",0.00353327970308732,-5.64198920854081
2005,0,0.1,3000,1,0.32,"A",0.00066947096660984,-7.30835306439168
2005,0,0.22,17500,0,0,"AA",0.0110824543186986,-4.49124779104551
2005,0,0.15,15000,0,0.04,"AA",0.000853806261961063,-7.06495207848046
2005,0,0.11,3000,0,0.32,"AA",6.17722168238672e-05,-9.69199508641774
2005,0,0.07,2500,1,0,"AA",0.000306268242359093,-8.09074291584048
2005,1,0.29,4000,1,1.14,"Missing",0.970262815580739,3.4851687153385
2005,1,0.27,7500,0,0.91,"Missing",0.879607881497725,1.98872214917325
2005,1,0.28,6000,0,0.98,"Missing",0.672314113582708,0.718670176068297
2005,0,0.18,8000,0,0.35,"C",0.217726977455258,-1.27896193241092
2005,0,0.09,2500,0,0.09,"AA",0.00220779534636606,-6.11355060607758
2005,0,0.22,6001,0,0.01,"D",0.0211942980621294,-3.83260097082029
2005,0,0.1,5000,0,0.71,"AA",7.19822679609168e-05,-9.5390187627415
2005,0,0.15,2500,0,0.56,"C",0.00204105951110143,-6.1922430924523
2005,0,0.24,23000,0,0.82,"B",0.00493480467812045,-5.30649516474807
2005,1,0.27,7500,0,0.69,"Missing",0.861657793879763,1.82912783084933
2005,0,0.29,7000,0,0,"C",0.293624866774181,-0.877843457303738
2005,0,0.12,15000,0,0.55,"A",0.000123795343836759,-8.99675700577939
2005,0,0.09,2500,0,0.09,"AA",0.000324442180362154,-8.03307872357523
2005,0,0.24,4800,1,0,"C",0.0167263264797421,-4.07390357376418
2005,0,0.14,3500,0,0.65,"B",7.55811312552993e-05,-9.49022830851316
2005,0,0.14,7000,0,0.32,"A",0.000715025723155693,-7.24247675799991
2005,0,0.1,4500,0,0.04,"AA",0.000750220805891643,-7.19439248454553
2005,1,0.29,3500,0,1.01,"Missing",0.923572100244492,2.49190105985021
2005,0,0.2,7500,0,0.99,"D",0.075595138516597,-2.50375816167363
2005,0,0.15,9500,0,0.36,"A",0.00354365827430001,-5.63904572271462
2005,0,0.18,15000,0,0.51,"B",0.00632085463286499,-5.05755993743147
2005,1,0.29,5000,1,1.02,"Missing",0.96606999163707,3.34893646142654
2005,1,0.25,12000,0,0.43,"C",0.0884224139931142,-2.33305122007537
2005,0,0.25,25000,0,0.71,"A",0.0227737609240206,-3.75910915373477
2005,0,0.19,25000,0,0.66,"A",0.00409956800251821,-5.49276568179397
2005,0,0.17,6500,0,0.79,"C",0.079704695826049,-2.44636609850537
2005,0,0.19,7000,0,0.83,"C",0.0641648637905788,-2.67998355654053
2005,0,0.15,4000,0,0.46,"B",0.0147834596739497,-4.19935248870261
2005,1,0.2,7000,0,0.28,"C",0.284464458731052,-0.922422950706285
2005,0,0.15,25000,0,0.16,"AA",0.000190040584308744,-8.56808284834409
2005,0,0.11,1000,0,0.01,"AA",0.000558454858570266,-7.48977815806376
2005,0,0.18,3001,0,1,"Missing",0.675357741506971,0.732518704927789
2005,0,0.15,3010,0,0.34,"AA",0.000713339550553177,-7.24483942882745
2005,1,0.29,25000,1,0.96,"Missing",0.846036594047855,1.70384766355717
2005,0,0.07,2550,1,0,"A",0.0049777194431848,-5.2977932864143
2005,1,0.27,3001,1,1.02,"Missing",0.996245485311514,5.58103466562687
2005,0,0.11,8000,0,0.62,"B",0.000438022395970122,-7.73280239818736
2005,0,0.11,5000,1,0,"A",0.000542474413419937,-7.51882701625891
2005,1,0.26,2550,1,0.51,"Missing",0.985811339079362,4.24102187771949
2005,0,0.18,15000,0,0.29,"C",0.127330917002346,-1.92476708336574
2005,0,0.2,8000,0,0.87,"D",0.0895259576361127,-2.31943677686665
2005,0,0.17,1500,0,0.92,"D",0.0255571631309085,-3.64094822356236
2005,1,0.11,1200,0,1,"Missing",0.255862548226262,-1.06758538548247
2005,0,0.24,23000,0,0.82,"B",0.000786597161228065,-7.14700740019621
2005,0,0.2,10000,0,0.35,"C",0.0540893438213733,-2.86151092623355
2005,0,0.15,9999,0,0.83,"C",0.00328607142806898,-5.71477104009801
2005,0,0.13,9000,0,0.26,"AA",0.00278231577601083,-5.88168549147766
2005,0,0.2,6500,1,0.9,"C",0.140887444247021,-1.80793864070357
2005,1,0.29,3000,0,0.92,"Missing",0.968942556647862,3.44036682793162
2005,0,0.09,7000,0,0.17,"AA",0.000244901442877508,-8.31440977088665
2005,0,0.21,5000,0,0,"D",0.388933874449863,-0.451795837830661
2005,0,0.16,10000,1,0.83,"C",0.00812421720759666,-4.80474850059101
2005,1,0.29,6500,0,0.95,"Missing",0.80435175767801,1.41371831822069
2005,0,0.24,23000,0,0.82,"B",0.00103085013643393,-6.87634006016894
2005,0,0.2,3000,1,0.47,"D",0.368955694119424,-0.536699508723405
2005,1,0.29,2600,1,0,"Missing",0.939132146986725,2.73625103071082
2005,1,0.29,3500,0,0.88,"Missing",0.991575252178543,4.76812129876624
2005,0,0.12,4700,0,0.09,"B",0.000164527752953241,-8.71226674973786
2005,0,0.13,10000,0,0.28,"AA",0.000102129550028177,-9.18916631749149
2005,0,0.1,6000,0,0.52,"A",0.000788534511683119,-7.14454553817034
2005,0,0.15,14000,0,0.69,"B",0.00251588184556799,-5.98261285047309
2005,1,0.29,3500,0,0.71,"Missing",0.800241253694264,1.38780287937423
2005,0,0.25,7000,0,0.14,"D",0.477468225228511,-0.0901881812671486
2005,0,0.1,3500,1,0.21,"AA",0.000168937291068179,-8.68581401910613
2005,1,0.29,4850,0,0.89,"Missing",0.962334983418598,3.24063088415331
2005,0,0.2,6000,0,1,"C",0.0151771456002264,-4.17267106433879
2005,0,0.19,10000,1,1.02,"C",0.0525344583280147,-2.892321265267
2005,0,0.22,2000,0,0,"Missing",0.269094328605684,-0.999222428827832
2005,0,0.09,2000,0,0.02,"AA",0.000224641981899467,-8.40077794738989
2005,1,0.29,4090,1,0.58,"Missing",0.972972459496822,3.58349941227947
2005,0,0.15,15000,0,0,"AA",0.00133228701338247,-6.61952507926631
2005,0,0.12,22000,0,0.37,"AA",0.000110332208261583,-9.11190433003693
2005,0,0.21,3001,1,0,"C",0.0826190342359036,-2.40728274125392
2005,0,0.1,6500,0,0.69,"AA",0.00113444249742802,-6.78047885395191
2005,0,0.14,2500,0,0,"C",0.0116993379580316,-4.43645470984236
2005,1,0.27,3500,1,1.09,"Missing",0.908254866109328,2.29251057984881
2005,1,0.24,4100,1,0.91,"Missing",0.9524171180499,2.99653001438362
2005,0,0.28,10500,0,0.94,"C",0.1075338943651,-2.11618244176121
2005,0,0.11,20000,1,0.87,"AA",0.00335165462483131,-5.69494385322115
2005,0,0.11,8000,0,0.06,"A",0.00464801984234306,-5.36665513495919
2005,0,0.1,4500,0,0.15,"AA",0.00145503578281581,-6.53126869028519
2005,0,0.2,3000,0,0.62,"C",0.0029278305474477,-5.83056143266954
2005,1,0.29,2000,1,0.09,"Missing",0.988075768710166,4.41718681115715
2005,0,0.29,25000,0,0.95,"C",0.0704797400505219,-2.57934331018631
2005,0,0.25,25000,0,0.47,"AA",0.00570917206651222,-5.15995573124985
2005,0,0.11,1253,0,0.73,"A",0.000300302435410934,-8.11042012554614
2005,1,0.26,6000,1,0,"Missing",0.956731537878399,3.0960988152571
2005,0,0.24,4000,0,0.7,"Missing",0.551727063665,0.207651194315604
2005,0,0.19,7000,0,0.83,"C",0.0138048631554468,-4.26883330991921
2005,1,0.17,2400,0,0.77,"D",0.275075239528625,-0.969023212277828
2005,0,0.14,6000,0,0.03,"AA",0.0036683401203109,-5.60434091754069
2005,0,0.29,25000,0,0.47,"D",0.292371311238434,-0.883894896937085
2005,1,0.25,5000,1,0.92,"Missing",0.888907030059999,2.07962523415915
2005,0,0.17,4000,0,0.73,"B",0.00322926117129987,-5.73226742096063
2005,0,0.21,5000,0,0.73,"D",0.114313037481791,-2.04742294472857
2005,0,0.22,5600,0,0.94,"D",0.0485952292122336,-2.97441423674701
2005,1,0.27,7500,0,0.94,"Missing",0.940416193194875,2.75893869673912
2005,0,0.16,25000,0,0.85,"A",0.0031360470049993,-5.76165121306181
2005,1,0.24,4000,0,0.99,"Missing",0.977467975318944,3.77002791309097
2005,0,0.13,10200,0,0.95,"A",0.00110696232848023,-6.80502808065071
2005,0,0.2,3500,1,0.81,"C",0.0457796863615115,-3.03705411800716
2005,1,0.2,3000,1,1.03,"Missing",0.956252921942663,3.08459761745001
2005,0,0.23,3250,0,0.93,"D",0.270734676625539,-0.990898332787258
2005,0,0.17,4000,1,0.76,"D",0.010699308660934,-4.52681919289253
2005,0,0.2,19900,0,0.98,"A",0.0144961076577349,-4.21927290020344
2005,0,0.16,2000,1,0,"C",0.0947904421108341,-2.25649789001122
2005,0,0.12,10000,0,0.85,"A",0.000315210852105185,-8.06195351076402
2005,0,0.17,25000,1,0.02,"A",0.0167005969862205,-4.07546918819906
2005,0,0.15,1500,1,0.64,"AA",0.00194128593977465,-6.24246149726715
2005,1,0.29,25000,0,0.58,"D",0.0732428791930102,-2.53791049484481
2005,0,0.18,5000,0,0.92,"B",0.00679849673426051,-4.98423204793908
2005,0,0.07,1000,0,0.09,"AA",0.000559239168505535,-7.48837393007409
2005,0,0.2,4500,0,0.39,"D",0.0528378510878672,-2.88624249175798
2005,0,0.22,8500,0,0.93,"D",0.059495763151683,-2.7605110511387
2005,0,0.15,3500,0,0.32,"C",0.0687304051888551,-2.60635713039311
2005,1,0.26,1500,0,0,"Missing",0.911001879911234,2.32592971391577
2005,0,0.2,6000,0,0.25,"A",0.0138564365652223,-4.2650520872355
2005,0,0.19,13500,0,0.78,"B",0.00273342085260298,-5.89946423117862
2005,1,0.28,8000,0,0.92,"D",0.421397132632672,-0.317040651265407
2005,0,0.15,2000,0,0.62,"C",0.01181883658497,-4.42617146525306
2005,1,0.2,10000,0,0.64,"D",0.325140593160758,-0.730246699885295
2005,1,0.29,5000,1,0.96,"Missing",0.908855708317667,2.29974247122628
2005,1,0.23,5000,0,1,"Missing",0.730752852210942,0.998445584301264
2005,0,0.2,2000,1,0.88,"D",0.34674354751761,-0.633384331295364
2005,0,0.14,15000,0,0.59,"AA",0.00128460418693392,-6.65601920381879
2005,0,0.15,6500,0,1.05,"C",0.0131721372610151,-4.31639183457746
2005,0,0.1,5000,0,0.52,"AA",0.000103710023805247,-9.17380807042394
2005,0,0.25,2550,0,0.86,"D",0.0419306391443931,-3.12890337288282
2005,0,0.29,9000,1,0.95,"D",0.129524765789912,-1.90516720425278
2005,0,0.11,9000,0,0.33,"A",0.000175162743200506,-8.64961987695499
2005,0,0.21,5000,0,0.26,"D",0.0112760430981989,-4.4737347839561
2005,0,0.25,6000,0,0.11,"D",0.0351958052227629,-3.31099826808909
2005,0,0.14,25000,0,0.58,"AA",0.00573134310761686,-5.15605754620717
2005,0,0.29,5000,1,0.7,"C",0.0172693027541413,-4.04140460443449
2005,0,0.11,15152,0,0.6,"A",0.00383224394851734,-5.56046515420354
2005,0,0.14,3000,0,0.85,"C",0.074442132378375,-2.52037457888954
2005,0,0.12,17500,0,0.13,"AA",0.000195930864266495,-8.53755274423177
2005,0,0.15,7000,1,0,"B",0.0191140052253276,-3.93803491531354
2005,0,0.11,1000,0,0.97,"Missing",0.645996850931582,0.601488820284101
2005,1,0.25,3000,0,0,"Missing",0.971165751463238,3.51693328961398
2005,0,0.17,1800,0,0.96,"Missing",0.0715962952380424,-2.5624233347302
2005,0,0.17,10000,1,0.6,"A",0.00985173330590271,-4.61020728640707
2005,0,0.29,7500,1,0.09,"D",0.0935946558978073,-2.27051331891622
2005,0,0.18,13000,0,0.73,"C",0.0191955837139315,-3.93369283023361
2005,1,0.28,1500,1,1,"Missing",0.983039452932022,4.05975936836255
2005,1,0.25,1250,0,0.99,"Missing",0.887223191495872,2.0626858562355
2005,0,0.06,1000,0,0.04,"AA",0.00126078188651088,-6.67476162828653
2005,0,0.18,10000,0,0.96,"C",0.0436900958567562,-3.08596059105287
2005,0,0.11,9000,1,0.85,"A",4.5633421986032e-05,-9.99482453715863
2005,0,0.15,25000,0,0,"B",0.00101900035124194,-6.88791366016377
2005,1,0.17,3500,0,0.96,"Missing",0.789809589289089,1.32377805262492
2005,1,0.27,5000,0,0.83,"Missing",0.779319498066435,1.2617051376238
2005,0,0.15,8000,0,0.84,"A",0.0323876340465646,-3.39705487396441
2005,0,0.16,3500,0,0.83,"C",0.0828972902415304,-2.40361709773132
2005,0,0.25,8500,0,0.78,"D",0.00382012349607254,-5.56364508926739
2005,1,0.27,2800,0,0,"Missing",0.783445980627883,1.28586208475704
2005,1,0.29,2000,1,0.98,"Missing",0.968667345549786,3.43126042942009
2005,1,0.2,1000,0,0,"Missing",0.854391411091065,1.76946729181152
2005,0,0.15,15000,1,0.72,"C",0.0342859773013157,-3.3381313020826
2005,0,0.24,1000,1,0.98,"Missing",0.890536346433506,2.0962313544002
2005,1,0.29,2500,1,1.04,"Missing",0.98866216620468,4.46820742525554
2005,0,0.15,15000,1,0.72,"C",0.164868866823001,-1.62243834684656
2005,0,0.1,5000,0,0.71,"AA",6.17955511128982e-05,-9.69161738709582
2005,0,0.09,1400,1,0.9,"D",0.0113967835274101,-4.46296188555961
2005,1,0.29,5000,0,0.72,"Missing",0.983435337324029,4.08378021627334
2005,0,0.14,4500,1,0.76,"B",4.84237151152686e-05,-9.93547245763553
2005,0,0.15,2650,1,0.42,"D",0.162691426809819,-1.63833734865166
2005,0,0.1,2300,0,0.62,"A",0.037569553272899,-3.24326783142202
2005,1,0.17,2000,1,0.97,"Missing",0.871162037576497,1.91127248624699
2005,0,0.2,8000,1,0.92,"C",0.0516418352453801,-2.91040013725695
2005,0,0.19,25000,0,0.85,"A",0.0268265464943145,-3.59117039491756
2005,1,0.28,2500,1,1.04,"Missing",0.962888848766598,3.2560204865155
2005,1,0.29,3500,1,0.74,"Missing",0.944162292645313,2.82784867133453
2005,0,0.1,3000,0,0,"A",0.000635467162945792,-7.36051447072238
2005,0,0.12,10000,1,0.08,"AA",0.00376139441541053,-5.57919704891931
2005,0,0.27,6500,0,0.67,"D",0.103141661703908,-2.16279452162381
2005,0,0.1,6000,0,0,"AA",0.00017755437223302,-8.63605610337952
2005,0,0.21,4500,0,0,"D",0.0306665923480488,-3.45343476171032
2005,1,0.17,1075,1,0.9,"Missing",0.836892305246734,1.63528470799874
2005,1,0.2,5000,0,0.87,"Missing",0.879313935745758,1.9859493212146
2005,0,0.19,7500,0,0.8,"D",0.00362122233269478,-5.61731585434362
2005,1,0.29,2600,0,0.98,"Missing",0.954875638680955,3.05215884776641
2005,0,0.21,8000,0,0.76,"D",0.160393374823265,-1.65530408830304
2005,0,0.2,5000,0,0,"A",0.0224108248326503,-3.77554542190099
2005,0,0.16,6500,0,0.67,"C",0.00447541888418406,-5.40466986267989
2005,0,0.15,9999,0,0.83,"C",0.00231990240616865,-6.06390756294647
2005,0,0.15,2000,1,0.49,"D",0.0207333398377452,-3.85506096079249
2005,1,0.29,25000,0,1.31,"Missing",0.964235932361655,3.29439231566726
2005,1,0.26,4500,0,0.96,"Missing",0.962976054623702,3.25846367044213
2005,0,0.29,4500,0,0.97,"D",0.0996832101318707,-2.20074943123988
2005,1,0.29,18000,0,0.91,"C",0.612944911959177,0.459708036341535
2005,1,0.26,1000,1,0,"Missing",0.951916027714384,2.98552791965111
2005,0,0.1,2000,0,0,"AA",0.00136685202893767,-6.59387718518376
2005,0,0.29,20000,0,1.03,"C",0.08210353678629,-2.41410350455426
2005,0,0.2,17850,0,0.43,"C",0.176673282971886,-1.53905093696233
2005,0,0.09,2000,0,0.13,"AA",0.00108032365614917,-6.8294136934956
2005,0,0.14,9900,0,0.02,"AA",0.000342147680483453,-7.97992589360117
2005,0,0.2,10000,0,0.64,"D",0.121024519939569,-1.98276383283338
2005,1,0.29,2501,1,0,"Missing",0.958839603193675,3.14824725516449
2005,0,0.29,10000,0,0.98,"C",0.0573168722769291,-2.80013516494775
2005,0,0.18,25000,0,0.69,"B",0.00696502426236854,-4.95986479502287
2005,0,0.11,3000,0,0.32,"AA",0.000833646005880446,-7.08886770541017
2005,0,0.07,2000,0,0.39,"C",0.0174120940195203,-4.03302478810467
2005,1,0.29,3001,1,0,"Missing",0.970134954463755,3.48074643921387
2005,0,0.24,3000,0,0.4,"Missing",0.57386999294389,0.297658396942968
2005,1,0.24,1000,0,0.81,"Missing",0.881625958880974,2.00791843205064
2005,1,0.25,4800,0,0.85,"Missing",0.817663525821642,1.50059717490727
2005,0,0.19,3725,0,0.78,"D",0.0157395663968279,-4.13571283557071
2005,0,0.21,6000,0,0.89,"C",0.0180243310980669,-3.99784395815675
2005,0,0.22,8000,1,0.93,"D",0.040682888369848,-3.16041411841768
2005,0,0.19,15000,1,0.41,"A",0.00200164595177087,-6.21178180907342
2005,1,0.29,2550,0,0.99,"Missing",0.848364403295569,1.72183001195281
2005,0,0.1,4500,0,0.04,"AA",0.00404138064370437,-5.50711933280724
2005,0,0.12,15000,0,0.09,"A",0.00206995672112654,-6.17815547754924
2005,1,0.27,6500,0,0.67,"D",0.788371753290387,1.31513856460406
2005,0,0.19,9000,0,0.76,"C",0.00686105132976343,-4.97500989736056
2005,0,0.25,9000,0,0.97,"D",0.234095752867519,-1.18532692623684
2005,1,0.24,4000,0,1,"Missing",0.801173723806926,1.3936463477089
2005,0,0.17,15000,0,0.52,"B",0.000674786429956487,-7.30043930302048
2005,1,0.29,15000,0,0.98,"Missing",0.90282638064708,2.229030996642
2005,0,0.11,15000,0,0.21,"A",0.000898793281232908,-7.01355829550673
2005,1,0.19,10000,1,0.88,"D",0.498667979345668,-0.00532809522205713
2005,0,0.24,14900,0,0.93,"D",0.116344287706709,-2.02751372827542
2005,0,0.24,4000,0,0.89,"D",0.00698325791272562,-4.95723196645638
2005,0,0.2,5000,0,0,"C",0.0530576402082305,-2.88185935152595
2005,0,0.09,3001,0,0.21,"AA",0.000448064911894233,-7.71012427810118
2005,1,0.29,2560,0,1,"Missing",0.921674539491605,2.4653194509187
2005,0,0.29,2525,0,0,"D",0.0397240836347015,-3.18526301161357
2005,0,0.15,1000,0,0,"D",0.00135914203837578,-6.59954156593216
2005,0,0.16,6000,1,0.55,"C",0.0294753294800428,-3.4942831980593
2005,0,0.18,6000,0,0.58,"C",0.0163556798618536,-4.09668913925554
2005,1,0.27,1700,1,0,"Missing",0.979708137959771,3.8770347879453
2005,1,0.23,14000,0,1.04,"D",0.289373440829231,-0.8984290218233
2005,1,0.29,5100,0,0.81,"Missing",0.714558236671856,0.917626473985407
2005,1,0.25,1000,1,0.98,"C",0.353226870528319,-0.604885039832773
2005,0,0.15,12000,0,0.43,"A",0.00173596742308101,-6.35445295246576
2005,0,0.25,9900,0,0.37,"B",0.00257052098323785,-5.96107285296132
2005,0,0.17,2000,0,0.25,"Missing",0.596969000842852,0.392851707184219
2005,1,0.07,1000,1,0,"Missing",0.814019965111759,1.47634556422469
2005,1,0.28,5000,0,1.19,"Missing",0.855285147452434,1.77666964702959
2005,0,0.29,3000,1,0.53,"D",0.138450227206612,-1.82822193818162
2005,1,0.21,10000,0,0.84,"D",0.319325693282982,-0.756872370341952
2005,0,0.25,2550,0,0.53,"D",0.0568744732140844,-2.80835277301734
2005,0,0.12,10000,0,0.12,"AA",0.00460466750806064,-5.37606951261063
2005,1,0.29,2610,0,1.39,"Missing",0.582762530919507,0.334124250834877
2005,1,0.29,25000,1,0.42,"D",0.321745968008149,-0.745759581265499
2005,1,0.29,1800,0,1.11,"Missing",0.905988797593583,2.26561299157391
2005,1,0.06,6000,1,0.81,"Missing",0.848415520429867,1.72222742582616
2005,0,0.16,3500,1,0.51,"C",0.00400957233568821,-5.5150530605829
2005,1,0.17,2000,0,0,"D",0.445409673530643,-0.219235217337494
2005,0,0.15,15000,0,0,"AA",0.000388003091744926,-7.85410917157357
2005,0,0.19,20000,1,0.82,"B",0.000360925184553788,-7.92647887577924
2005,0,0.17,5000,0,0.03,"C",0.0318815713329598,-3.41332628176145
2005,0,0.1,2500,1,0,"B",0.000980051678652334,-6.92692472212799
2005,0,0.19,16000,0,0.99,"C",0.014560722466537,-4.21475984730542
2005,0,0.29,2000,0,0,"Missing",0.833695237560178,1.61204588955535
2005,0,0.17,25000,0,0.11,"A",0.00248096722836877,-5.99662273347358
2005,1,0.25,2550,1,0.67,"Missing",0.984757858540157,4.16833172593312
2005,0,0.1,15000,0,0.21,"AA",0.00028989213960582,-8.14571170239503
2005,0,0.25,9000,0,0.43,"D",0.0329901926346497,-3.37799831304845
2005,0,0.15,8575,0,0.9,"B",0.000307695968847179,-8.08609063332428
2005,0,0.11,2000,0,0.75,"B",6.27490959747295e-05,-9.6763036357686
2005,0,0.12,8000,0,0.72,"B",0.00115222996022238,-6.7649032240934
2005,0,0.11,18000,0,0.46,"AA",0.00159670033780391,-6.43821809163253
2005,0,0.15,5000,0,0.73,"B",0.00608379449756075,-5.09602430649842
2005,0,0.14,7000,0,0.32,"A",0.00635632979734807,-5.05192752681459
2005,0,0.15,5000,1,0.84,"B",0.000257348834945643,-8.26482067704102
2005,0,0.14,8000,0,0.21,"B",0.000451176891551668,-7.70319979592217
2005,0,0.23,6001,1,0.52,"D",0.142733000229414,-1.79277366799853
2005,0,0.19,12500,0,0.02,"AA",0.000742222657041188,-7.20511878469539
2005,0,0.17,2800,0,0,"C",0.0207151581673069,-3.85595684113315
2005,0,0.11,5000,0,0.18,"A",0.000824137806947276,-7.10034832300201
2005,0,0.09,3600,0,0.23,"AA",0.000374588709293342,-7.88930725022453
2005,0,0.25,15000,0,0.11,"D",0.349227862043752,-0.622434953442523
2005,0,0.19,25000,0,0.89,"B",0.0200179292764023,-3.89090594052686
2005,1,0.23,14000,1,0.83,"C",0.734197690307211,1.01602548936403
2005,1,0.23,3890,0,0.97,"Missing",0.82034195636114,1.51866598678205
2005,0,0.16,3300,0,0.3,"C",0.0214368056464454,-3.82097603290492
2005,0,0.1,6500,0,0.69,"AA",0.00200981156303709,-6.20770247709423
2005,1,0.29,2500,0,0.89,"Missing",0.842176562032008,1.67451275892036
2005,1,0.29,2000,1,0.09,"Missing",0.843147203154355,1.68183379515432
2005,1,0.2,2000,0,0.84,"Missing",0.489108122450126,-0.0435744035546579
2005,0,0.14,3500,0,0.94,"C",0.0060023341676764,-5.10958643687423
2005,1,0.29,5500,0,0.72,"D",0.560903161576119,0.244828295697259
2005,0,0.12,25000,1,0,"AA",0.00173004934199523,-6.357873801889
2005,0,0.18,7500,1,0.96,"D",0.0719874079102231,-2.5565540881712
2005,1,0.23,10000,1,0.64,"C",0.187526238701647,-1.46616484453387
2005,0,0.11,23500,0,0.02,"AA",0.00103621945865726,-6.87113956819226
2005,0,0.1,2000,0,0.29,"A",0.000273148009164431,-8.20522356626158
2005,0,0.16,10000,0,0.35,"AA",0.012880615785423,-4.33906745980923
2005,0,0.11,7000,0,0.83,"AA",0.000575963989861217,-7.45888928690391
2005,0,0.2,7500,0,0.36,"C",0.0941360033937336,-2.26414859944059
2005,0,0.09,1400,1,0.9,"D",0.181174123743004,-1.50841287748557
2005,1,0.26,25000,1,0.38,"D",0.702172091052253,0.857662684988841
2005,0,0.19,18000,0,0.76,"C",0.016520791697881,-4.08647680654417
2005,0,0.11,25000,1,0.09,"AA",0.00140092786309604,-6.56921859245462
2005,0,0.2,3500,0,1,"D",0.0217155021058205,-3.80777413712139
2005,0,0.18,6500,0,0.85,"C",0.00267693907840925,-5.92040074362743
2005,0,0.07,1000,1,0,"Missing",0.137576014628523,-1.83557041410657
2005,1,0.24,3000,0,0.4,"Missing",0.978563798383974,3.821004827823
2005,0,0.2,6500,0,0.74,"D",0.242977768910622,-1.13642266717247
2005,0,0.11,5000,0,0.46,"A",0.000562301653006868,-7.48290964314246
2005,0,0.2,17850,0,0.43,"C",0.00706025187898399,-4.94618925781032
2005,0,0.13,20000,0,0.52,"A",0.00123528450293466,-6.69521792058809
2005,0,0.11,5000,1,0,"A",0.000227452274284932,-8.38834264679834
2005,0,0.15,5600,0,0.07,"A",0.000712335847186679,-7.24624847259982
2005,0,0.19,13000,1,0.89,"C",0.00274807437824945,-5.89410298140089
2005,1,0.29,1800,0,0.73,"Missing",0.453472825349467,-0.186648685559061
2005,0,0.15,5000,0,0.41,"B",0.000769377293958008,-7.16915940602707
2005,0,0.18,19200,0,0,"AA",0.00284180354993091,-5.86047052643717
2005,0,0.08,2000,0,0.23,"AA",7.6678902286191e-05,-9.47580727356358
2005,0,0.13,8000,0,0.57,"A",0.00194245938674863,-6.24185603525615
2005,0,0.29,1800,0,1.11,"Missing",0.520641563866423,0.0826132092861251
2005,0,0.09,6001,0,0.22,"AA",0.000236298097930628,-8.3501800971668
2005,1,0.29,5000,0,0.72,"Missing",0.933506120329007,2.64183761088122
2005,1,0.29,2000,1,0.98,"Missing",0.990787745551584,4.67796572631701
2005,0,0.14,4500,0,0,"AA",0.00197042923736484,-6.22753149989198
2005,0,0.12,5250,1,0.39,"B",0.00186118591730374,-6.28467848440702
2005,0,0.07,1000,0,0,"AA",0.000105794426801414,-9.15390691663933
2005,0,0.25,5000,1,0.92,"Missing",0.27083807596422,-0.990374688728038
2005,0,0.17,25000,0,0.54,"A",0.00291518852679188,-5.83490134059177
2005,0,0.1,5000,0,0.43,"A",0.00586095025918359,-5.13356533523568
2005,0,0.15,17500,0,0.55,"B",0.00154487211481698,-6.47126807897941
2005,1,0.29,5000,1,0.97,"Missing",0.983674033351915,4.09853768909658
2005,1,0.29,4000,0,1,"Missing",0.927762368897766,2.55281451547705
2005,0,0.15,25000,0,0.09,"C",0.00938210636182133,-4.65952458678732
2005,1,0.27,6000,0,0.95,"Missing",0.925394727530935,2.51800919771263
2005,1,0.24,3500,0,0.94,"Missing",0.985848887077572,4.24370981155724
2005,0,0.22,4000,0,0.47,"B",0.0035969334328304,-5.62407020279011
2005,0,0.29,25000,0,0.34,"C",0.0144217335265341,-4.22449220002367
2005,0,0.2,8000,0,0.79,"C",0.0258452775286739,-3.62944224688047
2005,0,0.07,1325,0,0.02,"AA",2.6613381245893e-05,-10.5340698005738
2005,0,0.18,2500,0,0.84,"A",0.00122187596537102,-6.70614530165294
2005,0,0.15,2000,0,0.54,"C",0.0244434041879612,-3.68664776345094
2005,0,0.18,3001,0,0.8,"D",0.0412010419786547,-3.14721786902704
2005,0,0.09,2550,0,0.58,"AA",0.000288084133018468,-8.15196986631599
2005,0,0.16,6000,1,0.55,"C",0.0967474594640822,-2.2338981098887
2005,0,0.15,1200,1,0,"Missing",0.883760949696872,2.02853775808253
2005,0,0.2,8000,1,0.52,"D",0.144314098857295,-1.7799112047004
2005,0,0.2,10000,0,0.85,"D",0.0461165787248823,-3.02936895343848
2005,0,0.11,8000,0,0,"A",0.000994985333187475,-6.91178708076974
2005,0,0.21,2500,1,0.38,"A",0.047766362442903,-2.99248874509293
2005,0,0.1,3000,0,0.36,"A",0.000294086358167129,-8.13134296888496
2005,1,0.2,4600,0,0.91,"Missing",0.671338686102614,0.714245978433517
2005,1,0.29,6000,0,0.84,"Missing",0.917530608700372,2.40925873040585
2005,0,0.18,10000,0,0.27,"C",0.0403204166518377,-3.16974150406685
2005,1,0.25,25000,0,0.87,"A",0.0512160304042497,-2.91912855577455
2005,0,0.17,5000,1,0.98,"B",0.00343887316741817,-5.66916662918714
2005,0,0.29,5000,0,1,"Missing",0.715295252028442,0.921242726108607
2005,0,0.06,9600,1,0.16,"C",0.04530855463088,-3.04789233581134
2005,0,0.1,6000,0,0,"AA",0.000930432968383451,-6.97892965666382
2005,0,0.25,15000,1,1.04,"D",0.0486007358271844,-2.97429513931384
2005,0,0.21,9800,0,0.7,"D",0.0224494580354176,-3.77378352292194
2005,0,0.17,5500,0,0.91,"C",0.102407365396325,-2.1707576913621
2005,0,0.17,5000,0,0.34,"D",0.135769085129648,-1.85088445647139
2005,1,0.21,5000,0,0.73,"D",0.29046151018514,-0.893143671885217
2005,1,0.2,4200,1,0.97,"Missing",0.900645378790609,2.20441611153119
2005,0,0.11,8000,0,0.62,"B",0.000109660713535769,-9.11800971448209
2005,1,0.29,6000,0,0.59,"Missing",0.918966999580423,2.42839372836824
2005,0,0.07,1500,0,0.01,"AA",7.44302707863607e-05,-9.50557340042358
2005,1,0.24,1550,0,1.09,"Missing",0.937416415011043,2.70662457345174
2005,1,0.17,1000,0,0.89,"Missing",0.820809930320849,1.52184448841894
2005,0,0.2,6000,0,0.25,"A",0.00401303929857056,-5.51418528178085
2005,0,0.24,6001,0,0.74,"D",0.124700560736093,-1.94865069475992
2005,0,0.15,20000,0,0.75,"B",0.0108293945005663,-4.51460266978699
2005,0,0.22,24000,0,0.72,"B",0.00265340285080925,-5.92925543871973
2005,0,0.21,10000,0,1.01,"D",0.00909533112669327,-4.69085711394378
2005,1,0.29,7500,0,0.35,"Missing",0.938746907084596,2.72953156362815
2005,1,0.23,6001,0,1.2,"Missing",0.945602364006115,2.85550144973227
2005,0,0.2,8000,0,0.84,"D",0.0964518602688941,-2.23728536344054
2005,0,0.23,21000,0,0,"B",0.00133928146140598,-6.61428185256918
2005,0,0.2,7500,1,0.38,"C",0.0291679684100775,-3.50508233345119
2005,0,0.11,25000,0,0.35,"AA",0.00153660496625871,-6.47664207680265
2005,0,0.09,3500,0,0,"AA",0.000737913257698577,-7.21094609161592
2005,1,0.27,1000,1,0.88,"Missing",0.81665607006669,1.49385425183363
2005,0,0.11,25000,0,0.35,"AA",0.000467348241639364,-7.6679684212663
2005,0,0.15,25000,0,0.01,"A",0.000363033707608404,-7.92065176996485
2005,0,0.15,1000,0,0.27,"A",0.00442871463918744,-5.41520733574753
2005,0,0.24,4800,1,0,"C",0.004490205733175,-5.40135644098543
2005,0,0.15,5000,0,0,"C",0.0191957603695685,-3.93368344723169
2005,0,0.24,20000,1,0.88,"C",0.162855835155066,-1.63713093306458
2005,0,0.23,15000,0,0.18,"D",0.0887194221583945,-2.32937200876235
2005,0,0.09,2000,0,0.06,"AA",0.000238003034391749,-8.3429891034673
2005,0,0.28,5200,1,0.92,"Missing",0.921722393743656,2.46598252402441
2005,0,0.15,2000,0,0.54,"C",0.0627355140417338,-2.70403781187002
2005,0,0.11,1253,0,0.73,"A",0.00334626507841501,-5.6965585807316
2005,1,0.24,1800,0,1.18,"Missing",0.908427088530518,2.29457912820486
2005,1,0.19,1000,0,0.87,"C",0.446068557116388,-0.216568274067506
2005,0,0.11,1000,1,0.97,"C",0.1953238221853,-1.41578112506536
2005,1,0.29,5500,0,1.02,"Missing",0.916881214508641,2.40070719162275
2005,0,0.09,2550,0,0.58,"AA",0.000804606649458498,-7.12435210366023
2005,0,0.16,9000,0,0.05,"B",0.000153891962302333,-8.77910584143389
2005,0,0.21,5000,0,0,"C",0.0232141640253482,-3.73950481154017
2005,0,0.11,6000,0,0.1,"A",0.00346568611810171,-5.66137294654043
2005,1,0.18,14000,0,0.28,"C",0.455131252577754,-0.179959090684903
2005,0,0.17,5500,0,0.91,"C",0.558623994484848,0.235579474881156
2005,0,0.29,8500,1,0.93,"B",0.0227983096835587,-3.75800667261083
2005,1,0.26,5500,0,0.99,"Missing",0.988580629763328,4.46095915002028
2005,1,0.29,3550,0,0,"Missing",0.94239094797006,2.79474049890414
2005,0,0.2,1000,1,0.42,"C",0.0462422560491513,-3.02651568887812
2005,1,0.29,1500,0,0,"Missing",0.993110735314666,4.97087781643602
2005,0,0.28,9900,0,0.33,"D",0.529400162153545,0.117736464364256
2005,0,0.23,15000,0,0.18,"D",0.329091565250353,-0.712296640906116
2005,1,0.29,3500,0,1.24,"Missing",0.801398668662566,1.39505908173503
2005,1,0.24,8000,1,0.93,"Missing",0.989371872500769,4.5335662451785
2005,0,0.09,7000,0,0.17,"AA",0.0001702785836032,-8.67790444200184
2005,0,0.17,25000,0,0.54,"A",0.00376148071492854,-5.5791740190664
2005,1,0.27,3500,1,1.09,"Missing",0.887101126815784,2.06146649529755
2005,1,0.27,4700,0,0,"D",0.191992428914415,-1.43711549011975
2005,0,0.17,5500,0,0.07,"C",0.00184020099163915,-6.29603858249888
2005,1,0.29,9740,0,0.56,"D",0.574516879404675,0.300304200241946
2005,0,0.29,5108,0,0,"Missing",0.942859274591928,2.80339994788941
2005,0,0.2,15000,0,0.84,"C",0.00496769696981781,-5.29981885563124
2005,0,0.1,1000,0,0.56,"A",0.000499348915412527,-7.60170600364443
2005,1,0.29,5000,0,0.78,"Missing",0.986349503602771,4.28023487085579
2005,1,0.24,4000,0,0.7,"Missing",0.971998081832172,3.54708081721215
2005,0,0.18,13000,0,0.73,"C",0.0304670995006421,-3.4601670131445
2005,0,0.14,2000,0,0.98,"B",0.0021326456315011,-6.14825706652911
2005,0,0.29,10000,0,0.04,"B",0.00468101471052436,-5.35954836909586
2005,0,0.15,15000,0,0.62,"B",0.00221254800941867,-6.11139548283515
2005,0,0.15,1700,0,0.83,"D",0.01798032849581,-4.00033304129161
2005,1,0.2,1500,0,0.88,"Missing",0.63188492319972,0.540311696040721
2005,0,0.11,1600,0,0.69,"B",0.000644662018980616,-7.34613951018286
2005,1,0.29,2000,1,1.08,"Missing",0.967593753826815,3.39646113604829
2005,0,0.14,25000,1,0.63,"AA",0.00512935802486934,-5.26763221064078
2005,0,0.12,7500,0,0.81,"A",0.000582440841320611,-7.44770032712072
2005,0,0.2,2500,0,0.8,"Missing",0.556093112161078,0.22532091977993
2005,1,0.27,1700,0,0.95,"Missing",0.92276611118495,2.4805374667272
2005,0,0.13,25000,0,0.27,"AA",0.0157462984484438,-4.13527837209679
2005,0,0.25,2550,0,0.53,"D",0.488522483433236,-0.0459181326688232
2005,0,0.12,1500,1,0.59,"D",0.0235988379623759,-3.72267605670575
2005,0,0.17,3000,1,0.14,"AA",0.00532811165194752,-5.22941603360706
2005,1,0.29,2700,0,0.47,"Missing",0.910259784912808,2.3168110393693
2005,0,0.12,10000,0,0.5,"B",0.000337224563495767,-7.99442420757346
2005,0,0.18,10000,0,0.66,"B",0.00192060558888853,-6.25319227947782
2005,0,0.2,8000,0,0.92,"D",0.179283887704386,-1.52120675246895
2005,0,0.17,9500,0,0.95,"AA",0.00247633954084764,-5.99849439000668
2005,1,0.24,3000,0,0,"Missing",0.782508956165847,1.28034769602126
2005,0,0.09,8000,0,0,"AA",0.000162753797542639,-8.72310917650912
2005,1,0.29,16000,1,0,"D",0.414453744345409,-0.345583807400047
2005,0,0.21,1000,0,0.42,"D",0.172984752722272,-1.56461967564673
2005,0,0.15,2000,1,0,"Missing",0.828984532378732,1.57844749045574
2005,1,0.29,2200,0,1.06,"Missing",0.827092626261674,1.5651606522902
2005,1,0.25,2750,1,0,"Missing",0.95043211950039,2.95357369041381
2005,0,0.25,25000,0,0.18,"A",0.00320850694717221,-5.73873591029399
2005,1,0.28,5000,0,0.87,"Missing",0.72551956308782,0.97200804660316
2005,0,0.1,10000,0,0.15,"AA",0.000397520512040057,-7.8298664230405
2005,0,0.1,5000,0,0.52,"AA",0.00262808577676894,-5.9388679940737
2005,1,0.23,3500,0,0.92,"Missing",0.910233811500945,2.31649311787228
2005,0,0.16,3400,0,0.49,"C",0.0842604994558171,-2.38581875208729
2005,0,0.25,8000,1,0.85,"D",0.639997736011567,0.575354318578396
2005,1,0.21,13500,0,0.84,"D",0.0575075456457982,-2.79661174548372
2005,1,0.28,6500,1,0,"Missing",0.715597967117403,0.92272966494869
2005,0,0.29,1000,0,0,"Missing",0.723085178536528,0.95981707269998
2005,0,0.19,25000,0,0.72,"C",0.043812822405008,-3.08302716283737
2005,0,0.1,1500,0,0.89,"A",0.00115105440012586,-6.76592516962853
2005,0,0.17,5000,0,0.03,"C",0.00423123134067957,-5.46102202286568
2005,1,0.15,2000,0,0.98,"C",0.0267366812422333,-3.59461821936052
2005,0,0.2,25000,0,0,"B",0.000864477473432472,-7.0525204591675
2005,0,0.15,1000,1,0.55,"B",0.00244977127825414,-6.00930783772046
2005,1,0.24,25000,0,0.97,"C",0.218553058539801,-1.27411843844879
2005,0,0.17,5000,0,0.15,"B",0.00588803917136051,-5.12892680281298
2005,0,0.25,5000,0,0.9,"D",0.54193705926155,0.168143268007364
2005,0,0.2,1500,0,0.88,"Missing",0.35661628031233,-0.59008095226602
2005,1,0.29,6000,1,0.72,"Missing",0.968736610477463,3.43354500999062
2005,0,0.17,9500,0,0.37,"C",0.0164853074209332,-4.08866305191658
2005,0,0.29,18000,0,0.93,"D",0.65855729816835,0.656871649430027
2005,0,0.29,2550,0,0.9,"Missing",0.706990938159091,0.880814312177071
2005,1,0.29,3442,0,0.26,"Missing",0.988852309292856,4.48531262210847
2005,0,0.11,1000,0,0.03,"AA",0.000110141124597118,-9.11363791637665
2005,1,0.29,5900,0,0.88,"Missing",0.958939314630029,3.15077668967259
2005,0,0.28,6000,0,0.68,"D",0.348618194054803,-0.625118638252116
2005,0,0.1,1000,0,0.53,"A",0.00053001776645112,-7.54206987209854
2005,0,0.13,9500,0,0.27,"A",0.000167682731281836,-8.69326917151666
2005,1,0.29,3000,0,0.92,"Missing",0.540197322459451,0.161137049189268
2005,0,0.15,5000,0,0.7,"C",0.00578590021338184,-5.14652861541539
2005,1,0.28,1250,0,0,"Missing",0.836920982556598,1.63549480754995
2005,0,0.29,6000,1,0,"D",0.387600793466521,-0.457408440973845
2005,1,0.29,4531,0,0,"Missing",0.934590023461533,2.65943316225917
2005,0,0.22,12000,1,0.92,"C",0.180738579249234,-1.51135155427755
2005,0,0.29,4000,0,0.77,"Missing",0.808859122611109,1.44261403008563
2005,0,0.24,9000,0,1.03,"D",0.226083283569456,-1.23056082353142
2005,0,0.29,3000,1,0.67,"Missing",0.729402701744267,0.99159425101783
2005,0,0.15,1200,0,0.49,"C",0.0224081276170269,-3.77566854143926
2005,0,0.2,4000,0,0,"D",0.0311117884315783,-3.43856244388621
2005,0,0.09,5000,0,0.54,"A",0.000287684565576551,-8.15335821052217
2005,0,0.19,12200,1,0,"C",0.0189654831939865,-3.94598699126134
2005,1,0.29,2550,1,0.76,"Missing",0.970928932903691,3.50850985430183
2005,0,0.25,25000,0,0.47,"AA",0.00902797455709053,-4.69835826458775
2005,0,0.11,3000,0,0.32,"AA",6.88496666344751e-06,-11.8861633827153
2005,0,0.09,2000,0,0,"A",0.000712773479701188,-7.24563386068275
2005,1,0.24,5600,0,0.62,"Missing",0.816254287858408,1.49117313115905
2005,0,0.17,1200,0,0.94,"D",0.065553536174557,-2.6570871817061
2005,1,0.29,5000,0,0,"Missing",0.985906553157105,4.24785165000386
2005,0,0.2,15000,0,0.61,"B",0.00545851223181446,-5.20510554702638
2005,0,0.17,5000,0,0.46,"A",8.50805118804817e-05,-9.37182746705814
2005,0,0.1,5000,0,0.11,"AA",0.000977167031640089,-6.92987531195588
2005,1,0.17,2000,1,0.97,"Missing",0.95958749239047,3.16736416534179
2005,0,0.11,7000,0,0,"AA",0.00100978786524074,-6.89700470655991
2005,1,0.22,4500,1,0.68,"D",0.366038548082882,-0.549249500710034
2005,0,0.28,2250,0,0.57,"Missing",0.342141468257266,-0.653765609450479
2005,1,0.27,1000,0,0,"Missing",0.992252233177857,4.85257269242087
2005,1,0.2,2500,0,0.8,"Missing",0.922754431517479,2.48037359619976
2005,0,0.08,6001,0,0.04,"AA",0.001250563348753,-6.68290980423517
2005,0,0.13,6001,0,0.94,"A",0.000659351285299366,-7.32359453861642
2005,1,0.29,5000,1,0.75,"D",0.76498510724152,1.18020748040241
2005,1,0.23,7500,0,0.89,"D",0.139103174110466,-1.82275874910978
2005,0,0.19,7500,0,0.98,"D",0.153057880272143,-1.71081620440829
2005,1,0.17,2000,0,0.25,"Missing",0.550196623217282,0.201465164303263
2005,0,0.19,15000,1,0.41,"A",0.0251137775428798,-3.65890416763797
2005,1,0.29,25000,0,0.98,"Missing",0.951388446693032,2.97406121542379
2005,0,0.26,10000,0,0.46,"D",0.120139621613874,-1.99110865408562
2005,0,0.28,25000,0,0.73,"C",0.106090313211444,-2.13131400579611
2005,0,0.23,6001,0,1.2,"Missing",0.937288922758443,2.70445348088333
2005,0,0.28,6500,1,0,"Missing",0.860815910554605,1.82208323128135
2005,1,0.29,5000,0,0.72,"Missing",0.975682058768274,3.6919223736693
2005,0,0.2,5000,0,0.77,"D",0.0140041826696655,-4.25429606542144
2005,0,0.15,1000,0,0.27,"A",0.0028795195600616,-5.84724814482087
2005,0,0.21,3500,0,1.03,"D",0.0424969307067707,-3.11489707191958
2005,0,0.29,5000,0,1,"Missing",0.744653075813335,1.07029533233134
2005,1,0.29,2000,0,0,"Missing",0.994994107785672,5.29212115383658
2005,0,0.09,1000,0,0.02,"AA",0.000245841777817896,-8.31057653656083
2005,0,0.2,5000,0,0,"D",0.264910092726293,-1.02060231886414
2005,0,0.15,1000,0,0.16,"A",0.0308106791889682,-3.44859861352284
2005,0,0.13,4250,1,0.99,"B",0.00399950101401053,-5.51757815173339
2005,1,0.2,1000,0,0.98,"Missing",0.988149818882743,4.42349117317618
2005,0,0.21,4000,1,0.91,"D",0.0547877834222848,-2.84794223123822
2005,0,0.15,2000,1,0,"Missing",0.760649944951004,1.15624611270594
2005,0,0.15,14500,1,0,"A",0.00607179500128179,-5.09801069747029
2005,0,0.19,11500,0,0.38,"C",0.0440951879881408,-3.07630767848477
2005,1,0.29,2550,0,1,"Missing",0.93351919971925,2.64204834183312
2005,0,0.09,1000,0,0.18,"AA",0.0038557883092136,-5.55431656177919
2005,0,0.17,4000,0,0.75,"B",0.00042218987854454,-7.76963311694157
2005,1,0.29,4600,0,0.9,"Missing",0.782460633329135,1.28006378196543
2005,0,0.13,9999,0,0.61,"B",0.00774720927249677,-4.85264521953928
2005,0,0.2,18000,0,0.71,"B",0.00602221125988057,-5.10626035028235
2005,0,0.12,5250,1,0.39,"B",0.00494413033206695,-5.3045978045303
2005,0,0.23,7500,0,0.89,"D",0.341619371151051,-0.656086059952905
2005,0,0.16,8000,0,0.8,"C",0.00756040842077285,-4.87724093315747
2005,0,0.15,18000,0,0.12,"B",0.000333022250488722,-8.00696817421691
2005,0,0.15,3600,0,0.28,"A",0.00176936083529342,-6.335365979613
2005,0,0.2,3000,0,0.89,"D",0.0806396011765719,-2.43368835101254
2005,1,0.07,1000,1,1.06,"Missing",0.391012683201,-0.443057443905318
2005,0,0.15,5000,0,0,"C",0.00303179425530875,-5.79556427179835
2005,0,0.13,10000,0,0.51,"A",0.00193883255465682,-6.24372854847338
2005,1,0.25,7500,1,0.76,"Missing",0.981587599118579,3.97614686143008
2005,0,0.2,1500,0,0.74,"Missing",0.544457698504634,0.178301670003901
2005,0,0.19,10000,0,0.64,"C",0.219418798362808,-1.2690565475667
2005,0,0.24,7500,1,0.82,"D",0.0150535414425507,-4.18097400758944
2005,0,0.24,9000,0,0.64,"D",0.133304493805732,-1.87205177257841
2005,1,0.29,3000,0,1.34,"Missing",0.866785196770992,1.87282830421078
2005,0,0.2,3000,1,0.47,"D",0.0855794454403119,-2.36884546001515
2005,0,0.15,13000,0,0.26,"AA",0.000232454492222494,-8.36658360295736
2005,1,0.29,5000,1,0,"Missing",0.935827667961223,2.67985919142455
2005,1,0.17,1000,1,0.14,"D",0.316983830061675,-0.767667770856542
2005,0,0.2,24000,0,0.76,"C",0.0110746074932429,-4.49196401696115
2005,0,0.07,1000,0,0,"AA",0.000220842487090394,-8.41783997177932
2005,0,0.17,20000,0,0.56,"B",0.00579623033915945,-5.14473442058122
2005,1,0.2,3000,0,0.89,"D",0.109183495291782,-2.09910855330215
2005,0,0.18,12000,0,0.93,"B",0.00182549860976445,-6.30407495157021
2005,1,0.27,5000,0,0.96,"Missing",0.96144054326529,3.21623134482627
2005,0,0.15,9000,0,0.49,"B",0.00124796099682339,-6.68499552172002
2005,0,0.16,2000,0,0.89,"C",0.00372029151538099,-5.59022602040613
2005,0,0.13,2000,1,0.54,"A",0.00219525532960442,-6.11925924750302
2005,0,0.2,13000,0,0.8,"D",0.0357684412389423,-3.2942654969569
2005,1,0.25,5000,0,0.2,"D",0.0956696533299084,-2.24629357529154
2005,0,0.15,2650,1,0.42,"D",0.132318988184632,-1.88060856469215
2005,1,0.17,6500,1,0,"D",0.118124215635949,-2.01031446636147
2005,0,0.17,1500,0,0.61,"D",0.0202696584242312,-3.87815226311735
2005,0,0.18,13000,0,0.95,"B",0.003212662121285,-5.73743753046472
2005,0,0.23,6001,1,0.92,"D",0.0176915653686431,-4.01681735410149
2005,1,0.2,3000,0,0,"D",0.161953210033292,-1.64376646764696
2005,1,0.07,2550,1,0.63,"Missing",0.53191974922855,0.1278528734236
2005,1,0.29,3000,0,0,"Missing",0.95474360278345,3.04909879056825
2005,0,0.15,9999,0,0.83,"C",0.0492794812689165,-2.95971234492236
2005,0,0.07,1000,0,0.12,"C",0.000482940940402073,-7.63513313079442
2005,0,0.14,6001,0,0.56,"B",0.00198585025677131,-6.2197202909403
2005,0,0.16,25000,0,0.85,"A",0.00989004661561572,-4.60628714195353
2005,1,0.26,2500,1,0.91,"Missing",0.976490785953632,3.72657288310129
2005,0,0.17,5600,0,0.84,"C",0.281437291730991,-0.937343320312274
2005,0,0.14,18500,0,0.45,"A",0.000530740153939197,-7.54070712772812
2005,0,0.24,2500,1,0.96,"D",0.0708668860478277,-2.57344874297956
2005,1,0.26,1000,0,0,"Missing",0.397871580195372,-0.414341454101642
2005,0,0.25,15000,1,0,"D",0.556667588486339,0.22764841945177
2005,1,0.23,1800,0,0,"Missing",0.968802058193903,3.43570819182807
2005,0,0.07,2000,0,0.39,"C",0.00131184772261423,-6.63500595132881
2005,1,0.2,3800,0,1,"Missing",0.93295009509433,2.63291451930517
2005,0,0.17,1000,0,0.72,"C",0.0176422901174896,-4.01965664130167
2005,0,0.15,4200,0,0.3,"C",0.00401895434455829,-5.51270647143545
2005,1,0.25,8500,1,0.73,"D",0.289601133073357,-0.89732202364727
2005,1,0.23,4000,1,1,"Missing",0.939626681289053,2.74493538466797
2005,0,0.21,20000,0,0.01,"B",0.00203246229830222,-6.19647273558245
2005,0,0.11,6001,0,0.01,"A",0.0158386411791004,-4.12933726759125
2005,0,0.18,5000,0,0,"B",0.00514421335006981,-5.26472532701954
2005,0,0.29,8000,0,0.8,"D",0.236199117207242,-1.17363196430486
2005,0,0.19,13500,0,0.78,"B",0.0397163235340632,-3.18546646180243
2005,0,0.17,1500,1,0.56,"C",0.0686186547455962,-2.60810436880102
2005,0,0.17,9000,0,1,"Missing",0.111334486912888,-2.07718184822026
2005,0,0.18,7500,0,0,"C",0.0439576873366281,-3.07957465238549
2005,1,0.29,3000,0,0.63,"Missing",0.930069357758297,2.58775523586208
2005,1,0.25,1000,1,0.95,"D",0.587881652511368,0.355215097114878
2005,1,0.29,3500,0,1.01,"Missing",0.773559626923891,1.22852109747066
2005,1,0.29,5000,0,1.08,"Missing",0.968651754486683,3.43074685977593
2005,1,0.29,9000,0,0.85,"Missing",0.959168335690176,3.15660872556687
2005,0,0.15,12000,0,0.52,"C",0.0037654633912321,-5.57811177602794
2005,0,0.17,10000,0,0.05,"B",0.000428703989181214,-7.75431508319672
2005,0,0.14,1500,0,0.04,"AA",0.000736732510205928,-7.21254867171377
2005,1,0.2,5000,0,0.85,"D",0.161593054748149,-1.64642243034857
2005,0,0.2,6500,0,0.9,"D",0.031292027993894,-3.43259982756613
2005,1,0.29,20000,1,0.99,"Missing",0.900929110404551,2.20759092530859
2005,1,0.26,3600,0,0.53,"Missing",0.922441948055221,2.47599773168929
2005,0,0.29,25000,1,0.42,"D",0.744322115193492,1.06855550193785
2005,0,0.15,3000,0,0.05,"AA",0.00690521350764708,-4.96854940705059
2005,0,0.11,13000,0,0.82,"A",0.00447933937240832,-5.4037903032722
2005,0,0.24,1000,0,0.92,"Missing",0.486953238229056,-0.0521988961573074
2005,0,0.2,6500,1,1.06,"Missing",0.463348299775404,-0.146870242532796
2005,0,0.15,3000,0,0.05,"AA",0.000359820402441764,-7.92954564795007
2005,0,0.23,7000,0,0.52,"D",0.63760377884174,0.56497890727669
2005,0,0.13,25000,0,0.11,"AA",0.00046792826067264,-7.66672752518437
2005,1,0.29,4000,0,1.07,"Missing",0.941926458005981,2.78621702870012
2005,0,0.11,18000,0,0.46,"AA",0.00305363296889542,-5.78836495504209
2005,0,0.2,20000,1,1,"C",0.0972393627543752,-2.22828184714751
2005,0,0.15,3000,0,0.46,"B",0.00143206247012244,-6.54720649815642
2005,0,0.18,10000,0,0.96,"C",0.0123352628732827,-4.38288124434447
2005,1,0.23,4000,1,1,"Missing",0.558275600915167,0.234166592779979
2005,1,0.27,1000,1,0,"Missing",0.989491485752409,4.54500535110945
2005,1,0.15,4000,0,0.72,"C",0.0394630457711786,-3.19212777150815
2005,0,0.17,1500,0,0.92,"D",0.0146632210400076,-4.20764110174901
2005,0,0.25,5000,0,0.52,"C",0.0322169842841971,-3.40251412909799
2005,0,0.14,7000,0,0.55,"C",0.0302979243958631,-3.46590967738602
2005,1,0.23,10000,1,0.72,"D",0.60652618025476,0.432733359711566
2005,0,0.14,2100,0,0.92,"C",0.00588861930971849,-5.12882769581433
2005,0,0.14,1500,1,0.25,"AA",0.00251757602169629,-5.98193798608482
2005,0,0.22,25000,0,0.7,"C",0.0127183539046505,-4.35190921492096
2005,0,0.18,2750,1,0,"D",0.0173843294008569,-4.03464887642114
2005,1,0.29,5000,0,0.89,"Missing",0.977011543433701,3.74950626563666
2005,0,0.11,10000,0,0.17,"AA",0.000192712953847092,-8.55411603040771
2005,0,0.2,6500,0,0.74,"D",0.21964295185272,-1.26774828715655
2005,0,0.09,2500,0,0.09,"AA",0.00193354835838761,-6.24646301635057
2005,0,0.12,9000,0,0.05,"AA",0.00213893202675744,-6.14530740462481
2005,1,0.17,3000,0,0.88,"D",0.269255240709675,-0.998404452329601
2005,0,0.19,9750,0,0.78,"B",0.242795302921935,-1.1374149089991
2005,1,0.29,1500,1,0.94,"Missing",0.857582595916189,1.79535528497026
2005,0,0.29,3550,0,0,"Missing",0.763331798720261,1.1710336318412
2005,1,0.29,1500,0,0.51,"Missing",0.783292440772684,1.28495732252985
2005,0,0.29,3000,1,0.95,"Missing",0.740265770742165,1.04735035831541
2005,0,0.29,23500,0,0.86,"C",0.190330041911091,-1.44786707758105
2005,0,0.17,4500,0,0.89,"D",0.0257919256068947,-3.63156342759553
2005,0,0.15,1000,1,0.55,"B",0.00246187471998451,-6.00436722786343
2005,0,0.17,2400,0,0.77,"D",0.0469183971817836,-3.01129066474904
2005,0,0.25,9000,0,0.56,"B",0.0110390706151766,-4.49521397177288
2005,0,0.29,3700,0,0.58,"D",0.250862365685985,-1.09401827920872
2005,0,0.14,20200,0,0.86,"A",0.00382709448069416,-5.56181494837168
2005,1,0.22,6500,1,0.97,"Missing",0.934445438574819,2.65707044475544
2005,0,0.19,16000,0,0.99,"C",0.105388547401092,-2.13873552106838
2005,0,0.28,10500,0,0.94,"C",0.00683071154738086,-4.97947228347945
2005,1,0.29,1300,0,0.55,"Missing",0.938628542696726,2.72747495045778
2005,0,0.1,5000,1,0.06,"AA",0.00109937143917544,-6.81191670524002
2005,0,0.16,6000,0,0.16,"A",0.000932627096022678,-6.97657205746763
2005,0,0.15,2000,0,0.98,"C",0.009144029116385,-4.68546807592276
2005,0,0.15,9000,0,0.49,"B",0.000958201897697892,-6.94949339176857
2005,1,0.23,8000,0,0.87,"D",0.276451375396285,-0.962132803302386
2005,1,0.15,1200,1,0,"Missing",0.784523330685146,1.29222367064848
2005,0,0.2,3500,0,1,"D",0.033193185111847,-3.37165411057983
2005,1,0.25,2550,1,0.67,"Missing",0.808483507840496,1.44018635449357
2005,0,0.23,5000,0,0.97,"Missing",0.909336825055599,2.30556430491474
2005,0,0.13,9999,0,0.61,"B",8.04244960111778e-05,-9.42811132369771
2005,0,0.23,4000,0,0.51,"D",0.201071929534601,-1.37960821484088
2005,0,0.08,2000,0,0.06,"AA",4.5155552218707e-05,-10.0053521563612
2005,1,0.17,1000,0,0.35,"D",0.408828654132272,-0.368809771000351
2005,0,0.29,20000,0,1.03,"C",0.0510028182416767,-2.92352493807105
2005,0,0.09,5000,0,0.18,"AA",0.00241284116705288,-6.02453456159536
2005,0,0.29,2525,0,0,"D",0.541438853698832,0.166136495420157
2005,1,0.29,2550,0,1.7,"Missing",0.506182559259198,0.0247314975384882
2005,1,0.29,2550,0,1.7,"Missing",0.983582083635253,4.09282789529025
2005,0,0.11,15152,0,0.6,"A",0.012504039971477,-4.36912061584727
2005,0,0.15,10000,1,0,"B",0.00570383041610136,-5.16089716763146
2005,1,0.28,1900,0,1.2,"Missing",0.821966552767066,1.52972826572092
2005,0,0.16,6001,1,0.77,"C",0.0619781419143185,-2.71699147848216
2005,0,0.29,2500,0,0.83,"D",0.183421849181727,-1.49333393548338
2005,0,0.22,15000,0,0.04,"D",0.00937251056139596,-4.66055757358376
2005,1,0.19,5000,0,0.97,"Missing",0.794785613588694,1.3540171897894
2005,0,0.25,15000,0,0.45,"C",0.0451946058464898,-3.05052980392293
2005,0,0.22,3600,0,0.57,"D",0.223018347866017,-1.24816269086006
2005,0,0.1,4999,0,0.06,"AA",0.00121378145648641,-6.71280010323314
2005,1,0.25,4000,0,0.02,"Missing",0.932242539896852,2.62165845084943
2005,0,0.2,3000,0,0.98,"D",0.379851213364541,-0.490179795423578
2005,1,0.24,2000,0,0,"Missing",0.879471102996223,1.9874311741242
2005,0,0.25,1000,1,0.95,"D",0.539322735173633,0.157616436745483
2005,1,0.13,9000,0,0.26,"AA",0.00625826344751365,-5.06757460843737
2005,1,0.15,1200,1,0,"Missing",0.599147561882446,0.40191453998684
2005,0,0.25,4000,0,0.46,"C",0.0111489326583328,-4.4851999635301
2005,0,0.14,1400,0,0.61,"C",0.00746410212957986,-4.89015803463929
2005,0,0.2,3000,1,0.07,"D",0.0404610010237299,-3.16611438722023
2005,1,0.29,1300,0,0.55,"Missing",0.987668442433006,4.3831854242895
2005,0,0.24,9000,0,0.64,"D",0.285700060429044,-0.916360436813017
2005,0,0.18,15000,0,0.51,"B",0.0068196373045708,-4.98110599239283
2005,1,0.29,4000,0,1,"Missing",0.987053233207153,4.33387788386571
2005,0,0.16,25000,0,0.63,"A",0.000243646466576082,-8.3195486146744
2005,1,0.29,25000,0,1.31,"Missing",0.86894542275465,1.89166646200535
2005,0,0.15,6500,0,0.9,"C",0.00596916317698102,-5.11516148291653
2005,0,0.12,15000,0,0.09,"A",0.00199530931527206,-6.21495889281261
2005,1,0.26,2000,1,0,"Missing",0.539240951004717,0.157287268358571
2005,0,0.22,9000,0,0.99,"C",0.116531263115824,-2.02569631567252
2005,1,0.23,3890,0,0.97,"Missing",0.463755986649447,-0.145230783209401
2005,0,0.05,1000,0,0.42,"D",0.0565778960546474,-2.81389542080107
2005,0,0.15,5000,0,0.85,"C",0.0154638610228154,-4.15366485063357
2005,0,0.07,2550,0,0.01,"AA",0.00154959394608761,-6.4682115568287
2005,0,0.23,15000,1,0.76,"B",0.0207336928633858,-3.85504357348256
2005,0,0.16,5300,0,0.92,"C",0.0465872087891913,-3.01872194514638
2005,0,0.2,3000,0,0.62,"C",0.00413118735483304,-5.48505067392674
2005,0,0.2,2700,1,0.87,"D",0.279834569397636,-0.945282345359384
2005,0,0.25,15000,0,0.79,"D",0.133296960516393,-1.87211697799855
2005,0,0.09,2550,0,0.01,"AA",0.000715573793761728,-7.24170999841169
2005,1,0.2,2000,1,0.98,"C",0.383755756700545,-0.473637083848421
2005,0,0.18,8000,0,0.23,"C",0.0202849377448006,-3.87738314895965
2005,1,0.29,2560,0,1,"Missing",0.978747383405258,3.82979355223658
2005,1,0.28,1000,0,0,"Missing",0.571669969772795,0.28866785184379
2005,0,0.12,6000,0,0.6,"A",0.000961772945108414,-6.94576992320692
2005,0,0.18,14000,0,0.91,"C",0.0152233477248598,-4.16958458261331
2005,0,0.1,4500,0,0.04,"AA",2.18410581712986e-05,-10.7316971158978
2005,0,0.29,10000,0,0.04,"B",0.00812520759796713,-4.80462560357371
2005,0,0.17,6300,0,0.41,"C",0.0150605872027693,-4.18049891693039
2005,0,0.24,10000,0,0.89,"D",0.0840123475098428,-2.38903910256351
2005,0,0.09,1000,0,0.6,"A",0.00140807339995167,-6.56412382629068
2005,0,0.1,6500,0,0.67,"A",0.00444352132945832,-5.41185470153534
2005,1,0.06,6000,1,0.81,"Missing",0.566829448106003,0.2689269267559
2005,0,0.15,2700,0,0.51,"C",0.0276514817214981,-3.56003498308013
2005,0,0.29,5000,0,0.51,"Missing",0.742088498073238,1.0568519954053
2005,0,0.29,13500,0,0.78,"D",0.405462496884595,-0.382755414424737
2005,0,0.15,2500,0,0.24,"C",0.0133558134444885,-4.30235772042804
2005,0,0.25,3000,0,0,"Missing",0.294886648692707,-0.871767531103972
2005,0,0.2,1500,0,0.74,"Missing",0.401852668203322,-0.397751573411501
2005,0,0.22,10000,0,0.8,"D",0.260951500000975,-1.0410289817178
2005,0,0.1,4500,0,0.4,"A",0.000395651534090929,-7.8345809686978
2005,1,0.29,4000,1,0,"Missing",0.845330086884623,1.69843393313749
2005,1,0.29,5300,0,0.96,"Missing",0.945706527202605,2.85752828257273
2005,0,0.17,9000,0,0.94,"C",0.00810782875736398,-4.80678429487266
2005,0,0.09,3000,0,0.13,"A",0.000661336435778117,-7.32058631238664
2005,0,0.07,1000,1,0.08,"AA",0.0103063135110493,-4.56463881797654
2005,0,0.15,1600,0,0.82,"C",0.0292515243671325,-3.50213571087662
2005,0,0.19,1000,0,0.87,"C",0.0131226785122944,-4.32020381978994
2005,1,0.2,4000,0,0,"Missing",0.496767181489614,-0.0129314542410472
2005,0,0.17,9500,0,0.95,"AA",0.000435898997329662,-7.73766400492384
2005,0,0.1,3000,0,0.36,"A",0.00237449517105531,-6.04059310488985
2005,1,0.27,1000,0,0,"Missing",0.818386320405882,1.50545270795953
2005,0,0.11,6100,0,0.76,"B",0.000226449251240825,-8.39276321958271
2005,0,0.2,25000,0,0,"B",0.00202255730319947,-6.20136797114355
2005,1,0.2,5000,0,0.95,"Missing",0.918676308374037,2.42449645472211
2005,0,0.17,6500,1,0,"D",0.279580061214861,-0.946545594303714
2005,1,0.28,3001,0,0,"Missing",0.713573788816034,0.912804899276042
2005,1,0.2,4600,0,0.91,"Missing",0.659276697239235,0.660072601751664
2005,0,0.17,4000,0,0.73,"B",0.00158012702091288,-6.44866866545351
2005,1,0.29,2550,0,0.99,"Missing",0.943753306158144,2.82011754055867
2005,1,0.15,1000,0,0,"Missing",0.683603076091355,0.770379937385923
2005,0,0.23,5000,0,0.39,"D",0.061184175424742,-2.73073073541609
2005,0,0.14,7500,1,0.54,"B",0.00858442042440937,-4.74918481837567
2005,0,0.09,4000,0,0.32,"A",0.000689889869236892,-7.27828845496081
2005,0,0.15,11000,0,0.42,"A",0.000136877082929042,-8.89629035331142
2005,1,0.15,2550,0,0.98,"Missing",0.669808684038065,0.707319893584768
2005,0,0.08,5000,0,0.13,"AA",0.000156821830923772,-8.76024339778033
2005,0,0.19,4000,0,0.85,"C",0.141611683941645,-1.80196788835411
2005,1,0.29,4300,1,0.95,"Missing",0.969950501067286,3.47439905397774
2005,0,0.2,7500,1,0.38,"C",0.0283510408989947,-3.53433084052699
2005,0,0.2,13500,0,0.31,"C",0.046309919998223,-3.02498256197471
2005,0,0.12,5250,1,0.39,"B",0.00378214289989741,-5.57367521195798
2005,1,0.29,4000,1,0,"Missing",0.944211399075621,2.82878051676449
2005,1,0.29,3800,0,0.96,"Missing",0.972534096401064,3.56695976917536
2005,1,0.24,3000,0,0.92,"Missing",0.508539012284389,0.0341593703576097
2005,0,0.25,12000,0,0.43,"C",0.0645388662651009,-2.67377197879207
2005,0,0.29,2550,1,1.51,"D",0.158216580420294,-1.6715579032095
2005,0,0.22,17500,0,0,"AA",0.000497211621680652,-7.60599748907138
2005,1,0.25,5000,1,0.96,"Missing",0.943812609807969,2.82123528196431
2005,0,0.29,5000,0,0.93,"Missing",0.41789805125615,-0.331408095793218
2005,1,0.26,6000,1,1.06,"Missing",0.815539460077409,1.4864142436301
2005,1,0.24,3000,0,0,"Missing",0.838755590411105,1.64899806757466
2005,0,0.24,10000,0,0.54,"A",0.0256042494364451,-3.63905920454479
2005,0,0.23,8500,0,0.86,"D",0.29713645794544,-0.860971277291151
2005,1,0.29,3100,0,1,"Missing",0.750075652219518,1.09901580788051
2005,1,0.25,2750,1,0,"Missing",0.985677578001946,4.23150301995515
2005,1,0.29,5500,1,0.89,"Missing",0.778265327068001,1.25558600328316
2005,1,0.25,2750,1,0,"Missing",0.974989931792325,3.66314867247577
2005,1,0.27,15000,1,0.75,"C",0.0583628583384797,-2.78094030027948
2005,0,0.15,2500,0,0.56,"C",0.0172667832196414,-4.04155307559742
2005,0,0.24,6000,0,0.52,"D",0.107911211116457,-2.11225689702667
2005,0,0.13,5000,0,0.32,"B",0.00259597593651479,-5.95119339830563
2005,1,0.26,2500,0,0.65,"Missing",0.977426285290963,3.7681367141286
2005,1,0.29,2550,1,0.91,"Missing",0.980093072411784,3.89657974784226
2005,0,0.2,7500,1,0.38,"C",0.0197936113161837,-3.90240392535369
2005,1,0.29,13531,0,0.82,"D",0.464047732459824,-0.144057685392669
2005,0,0.18,13000,0,0.52,"B",0.00354198482633627,-5.63951975104983
2005,0,0.15,25000,0,0.01,"A",0.00353640021012232,-5.64110329096084
2005,0,0.16,23000,1,0.13,"A",0.0559357481584974,-2.82599054951297
2005,0,0.25,25000,0,0.71,"A",0.00382014154365869,-5.56364034681549
2005,0,0.24,17500,0,0.15,"D",0.278650663959976,-0.951164639163842
2005,1,0.15,1200,1,0,"Missing",0.917759275607003,2.41228451927669
2005,0,0.2,2000,0,1.44,"Missing",0.29224633213845,-0.884499056554989
2005,0,0.15,6000,0,0.72,"B",0.000443240794296252,-7.72095404282027
2005,0,0.17,5000,0,0.46,"A",0.000106460708118415,-9.14762811236891
2005,1,0.24,15000,1,0.81,"D",0.235372902016321,-1.17821718779537
2005,0,0.1,1000,0,0.28,"A",0.00259253860177045,-5.95252182313569
2005,1,0.29,6000,1,0.79,"Missing",0.925802909571931,2.52393643451254
2005,1,0.29,4750,0,1,"Missing",0.846589036919306,1.70809502480371
2005,0,0.19,5000,0,0.28,"B",0.0073153498924196,-4.91043817519419
2005,0,0.18,2500,0,0.87,"D",0.0549383718168425,-2.84503809580793
2005,0,0.15,14000,1,0.25,"A",0.0395795493135202,-3.18905860465933
2005,0,0.16,5200,0,0.86,"C",0.0286549952883635,-3.52335393026965
2005,1,0.29,2500,1,1.01,"Missing",0.983493489472827,4.08735613756832
2005,1,0.25,2550,0,0,"Missing",0.859659409860479,1.81246402087373
2005,0,0.16,20000,1,0.32,"A",0.0307065177679164,-3.45209250007161
2005,0,0.1,7000,0,0.07,"AA",0.00333994282510309,-5.69845605748806
2005,1,0.29,2500,1,0,"Missing",0.929776702032253,2.58326431612147
2005,1,0.26,2600,0,0.73,"D",0.864237619352304,1.85094159691077
2005,1,0.24,1000,0,0.97,"Missing",0.679417450951164,0.751095934692163
2005,0,0.2,5000,0,0.97,"C",0.0300326255491402,-3.47497812729785
2005,0,0.18,17000,0,0.23,"B",0.000421757489373062,-7.7706582323922
2005,1,0.29,2501,0,1.22,"Missing",0.972765966487599,3.57567610225556
2005,0,0.13,25000,0,0.11,"AA",0.00562961873467827,-5.17406803466658
2005,0,0.15,1500,0,0.8,"C",0.0457802824155661,-3.03704047338593
2005,0,0.19,1000,0,0.87,"C",0.265594279601521,-1.0170917487641
2005,0,0.21,14000,0,0.85,"C",0.0337911303869937,-3.35318167850532
2005,0,0.15,4000,0,0.72,"C",0.00673661047022165,-4.99343897429157
2005,1,0.29,2100,0,1,"Missing",0.941384934974328,2.77636038015757
2005,1,0.29,25000,0,0.58,"D",0.483083082332197,-0.0676935087885442
2005,1,0.19,18000,0,0.76,"C",0.012111875779274,-4.4013830161039
2005,0,0.11,2700,1,0.12,"AA",0.000155020895157321,-8.77179560975202
2005,1,0.29,6700,0,0.39,"Missing",0.753414388452158,1.11690615140512
2005,1,0.29,2400,0,0.87,"Missing",0.980944325158874,3.94115075566948
2005,0,0.14,12000,1,0.37,"A",0.0204388078248209,-3.86966927026359
2005,0,0.21,6000,0,0.89,"C",0.0743608639474862,-2.52155467557591
2005,0,0.17,1275,0,0.91,"A",0.00139769109226727,-6.57153495485655
2005,0,0.18,3000,1,0.93,"C",0.0476257929546114,-2.99558354891143
2005,1,0.29,3000,0,0.29,"Missing",0.923485552142541,2.49067557095948
2005,0,0.24,10000,0,0.68,"D",0.223746146225569,-1.24396746440635
2005,1,0.29,4200,0,1,"Missing",0.927023824874931,2.54184624655832
2005,0,0.1,2550,0,0.58,"A",0.000586951310058419,-7.43998156503264
2005,1,0.29,4000,0,0.95,"Missing",0.9149728579283,2.37592387735961
2005,1,0.24,7500,1,0.82,"D",0.409619546939187,-0.365538370172717
2005,0,0.24,6500,0,0.98,"C",0.0639974619301282,-2.68277476285548
2005,0,0.25,3500,1,0,"D",0.126136093443314,-1.93556321946018
2005,0,0.15,10500,0,0.84,"C",0.00298478841571722,-5.81123716537631
2005,0,0.15,20000,0,0.66,"A",0.0106654781397921,-4.53002033343066
2005,0,0.19,11000,0,0.93,"B",0.00543421633295571,-5.2095909223762
2005,1,0.27,3000,1,0.65,"Missing",0.7316898348166,1.00321305714581
2005,1,0.28,5000,0,0.87,"Missing",0.895833959950971,2.15176891828678
2005,0,0.15,5000,0,0.35,"B",0.00044435287769473,-7.71844708997974
2005,0,0.1,1000,0,0.53,"A",0.000455590475083525,-7.69346053863543
2005,1,0.23,1400,0,0,"Missing",0.634972112475522,0.55360732572642
2005,1,0.28,5200,1,0.92,"Missing",0.983275674055622,4.07402521947017
2005,0,0.15,15000,0,0.65,"B",0.00121810513456526,-6.70923994841486
2005,0,0.14,17500,0,0.79,"B",0.000290643564934031,-8.14312221850999
2005,0,0.09,3600,0,0.23,"AA",0.000929191118194502,-6.98026649258074
2005,0,0.16,24000,1,0.35,"A",0.00127166543273191,-6.66615539855771
2005,0,0.08,3500,0,0,"AA",0.00720983103737966,-4.92507381496763
2005,0,0.15,1500,1,0.85,"D",0.0460391237165426,-3.03113110983961
2005,0,0.12,10000,0,0.58,"A",0.000157826924010362,-8.75385370362168
2005,0,0.2,9500,1,0.65,"AA",0.000964274386296569,-6.94316993116839
2005,1,0.29,2550,1,0.76,"Missing",0.971923899365798,3.5443588053504
2005,1,0.21,4000,1,0.91,"D",0.471099567473581,-0.115730728271083
2005,0,0.18,1230,0,0,"C",0.0105747624343109,-4.53865394657882
2005,0,0.17,10700,0,0.12,"C",0.0152003726208857,-4.17111825441432
2005,0,0.23,7000,0,0.52,"D",0.0326808870844738,-3.38773802983816
2005,0,0.15,3010,0,0.34,"AA",0.0101190911397668,-4.58316079030928
2005,0,0.18,9995,0,0.53,"C",0.0144533312677003,-4.22227155531108
2005,0,0.25,7000,0,0.96,"D",0.515353845754785,0.0614346980789833
2005,0,0.16,25000,0,0.63,"A",0.00700320329304767,-4.954359780491
2005,1,0.29,9000,0,0.85,"Missing",0.977796098590343,3.78503314753757
2005,0,0.17,10000,0,0.39,"A",0.00368486972901668,-5.59982843007151
2005,1,0.29,6000,0,1.12,"Missing",0.719563910528043,0.942299494707445
2005,1,0.25,9000,0,0.86,"Missing",0.8851193512073,2.04182874318363
2005,0,0.25,2500,0,0.66,"D",0.0215060035133589,-3.81768252205754
2005,0,0.29,25000,1,0.97,"D",0.788604176430114,1.31653220024965
2005,0,0.2,5000,0,0,"C",0.00398715475658648,-5.52068227138991
2005,0,0.17,6001,0,0.56,"B",0.00138908830449845,-6.57771758909569
2005,0,0.17,1500,0,0.61,"D",0.0448384394364771,-3.05881470487231
2005,0,0.3,3000,0,1.03,"D",0.519911556697419,0.0796883700263787
2005,0,0.22,7300,0,0.74,"D",0.0659357939228604,-2.65086372980945
2005,0,0.18,2275,0,1.03,"D",0.00883008568252189,-4.72072125892858
2005,0,0.1,9990,0,0.05,"AA",0.000357926807853293,-7.93482404892401
2005,0,0.23,25000,0,0,"B",0.00621626580150402,-5.0743502387448
2005,0,0.09,3500,0,0.14,"AA",0.000296640147912649,-8.12269409280582
2005,0,0.11,8000,0,0.62,"B",0.000572865983225224,-7.46428572464043
2005,0,0.25,4449,0,0.94,"D",0.104547318248047,-2.14768960495288
2005,0,0.29,1500,1,1.29,"Missing",0.794449614074038,1.3519583746862
2005,1,0.29,2501,1,0,"Missing",0.988221337156256,4.42961703705695
2005,0,0.13,8000,0,0.57,"A",0.00513313678735834,-5.26689199054784
2005,0,0.19,21200,1,0.47,"B",0.00960655156713898,-4.63565696621898
2005,0,0.15,7700,0,0.38,"C",0.0112052436433503,-4.48010493247216
2005,1,0.27,7000,0,0.71,"C",0.209814318921627,-1.32604501320871
2005,0,0.24,7500,0,0,"C",0.25263053876991,-1.08463155585672
2005,1,0.29,5000,1,0,"Missing",0.997449770978369,5.96901862504533
2005,0,0.1,1000,0,0.65,"A",0.000824180955647604,-7.1002959250168
2005,1,0.23,3500,0,0.92,"Missing",0.966481479514743,3.36156399966647
2005,1,0.2,1000,1,0.76,"C",0.238479433557149,-1.16103410562927
2005,0,0.15,9900,0,0.72,"B",0.000630772071773647,-7.36793500706005
2005,1,0.24,4000,0,0.92,"D",0.0537481792097195,-2.86819893770076
2005,0,0.17,4000,0,0.02,"AA",0.000526695990067224,-7.54836021007534
2005,0,0.1,1000,0,0.56,"A",0.00205701344646389,-6.18444099939884
2005,0,0.2,5000,0,0.65,"B",0.00337126434981804,-5.68909046712617
2005,1,0.25,6000,0,0.11,"D",0.77845596358663,1.25669104423596
2005,0,0.24,10000,0,0.54,"A",0.0329609826305732,-3.37891432610418
2005,0,0.15,15000,0,0.05,"AA",0.00320025260564586,-5.7413201486621
2005,1,0.29,2550,0,1.16,"Missing",0.964446294447308,3.30050976274873
2005,1,0.29,5000,0,0.78,"Missing",0.973651989308308,3.60966116272472
2005,1,0.2,6500,1,1.06,"Missing",0.875773693189317,1.95300275931179
2005,0,0.22,8500,0,0.93,"D",0.108819595198107,-2.1028554603717
2005,0,0.15,2890,1,0,"D",0.0493321431596295,-2.95858888513882
2005,0,0.13,25000,0,0.11,"AA",0.000277640694386141,-8.1889050672217
2005,0,0.21,5000,0,0.85,"C",0.0398929380692552,-3.18084548360257
2005,1,0.26,7300,0,0,"C",0.335865725800926,-0.681772894712883
2005,0,0.2,1000,0,0,"Missing",0.164508364189661,-1.62505892193578
2005,0,0.14,2500,0,0.24,"C",0.00609757135050987,-5.09374848888604
2005,1,0.2,5200,1,0.77,"D",0.173041446529621,-1.56422343592524
2005,0,0.2,6000,0,1,"C",0.0840263981489747,-2.38885653216783
2005,1,0.29,3001,1,0,"Missing",0.363726303108514,-0.55922714152416
2005,1,0.17,1700,0,0.56,"Missing",0.952864284404457,3.00644147814095
2005,1,0.21,5000,0,0.73,"D",0.150876322582599,-1.72774440446621
2005,0,0.14,2400,1,0.22,"B",0.0037643951855058,-5.57839657358165
2005,0,0.17,4000,0,0.78,"C",0.0373686764044642,-3.24883767274962
2005,0,0.14,1000,0,0.6,"A",0.000924849205781153,-6.98495457737563
2005,0,0.15,5000,0,0.33,"B",3.05280392984103e-05,-10.3968344469032
2005,0,0.18,2800,0,0.99,"C",0.0208525729879496,-3.84920487525339
2005,1,0.29,2501,0,1.22,"Missing",0.968015887679036,3.41000921049555
2005,0,0.17,6500,0,0.45,"B",0.0016689950463047,-6.39386321299857
2005,0,0.11,6000,0,0,"A",8.77257439365072e-05,-9.34120742661393
2005,0,0.14,1400,0,0.61,"C",0.0245669233605851,-3.68148059420414
2005,0,0.14,16500,0,0.2,"AA",0.000880183031839289,-7.03450011077226
2005,0,0.25,15000,0,0,"C",0.0143377263346961,-4.23041950575645
2005,1,0.29,5824,0,0,"Missing",0.906142396655624,2.2674176887206
2005,0,0.2,13000,0,1.01,"B",0.0767624950380068,-2.48717034487283
2005,0,0.24,15000,1,0.81,"D",0.469856415978026,-0.120720732993793
2005,0,0.14,20200,0,0.86,"A",0.00410868030755624,-5.49053625096155
2005,0,0.17,13000,1,0.88,"B",0.00230564336210292,-6.07008722014889
2005,0,0.24,1500,0,0,"Missing",0.972715997139834,3.57379160123715
2005,1,0.23,7200,0,1.12,"Missing",0.782216213161682,1.27862842261614
2005,0,0.09,1500,0,0.76,"A",0.00015028986822028,-8.80279437269203
2005,0,0.18,9995,0,0.53,"C",0.0485283470017183,-2.97586179291598
2005,0,0.18,6000,0,0.75,"C",0.021624257645489,-3.81207806719107
2005,0,0.18,5000,0,0,"B",0.00244591772013215,-6.01088596695912
2005,0,0.13,5000,0,0.95,"B",6.15089720656554e-05,-9.69626599568206
2005,0,0.29,7500,1,0.09,"D",0.168664479663363,-1.59512205417356
2005,0,0.26,7000,0,0.58,"D",0.0446174123650088,-3.06398768097376
2005,0,0.17,3000,0,0,"C",0.00786419932891497,-4.83753926421604
2005,0,0.27,12000,1,0,"D",0.0751038301166388,-2.51080992474614
2005,0,0.21,5000,0,0.77,"C",0.0035986194903326,-5.62359987187538
2005,1,0.24,1000,0,0.81,"Missing",0.972986394827046,3.5840294649959
2005,0,0.23,10000,0,0,"D",0.0191978723664574,-3.93357127581701
2005,1,0.25,6000,1,1,"Missing",0.89270102512444,2.11863263075097
2005,0,0.12,12000,1,0,"AA",0.0151447197249845,-4.17484276859978
2005,0,0.29,2000,1,0.09,"Missing",0.83100581382856,1.59277247803566
2005,0,0.18,5000,0,0,"B",0.0025370959710528,-5.97419485066896
2005,1,0.2,7400,1,0.27,"D",0.767426381995047,1.19383574414704
2005,0,0.1,4000,0,0.34,"A",0.000108223251745284,-9.13120608954813
2005,0,0.16,9000,0,0.69,"C",0.0021632573010543,-6.13397458292151
2005,0,0.28,4000,0,0.53,"Missing",0.703659556324701,0.864785713464403
2005,1,0.24,2500,1,0.83,"D",0.182145227169556,-1.50188046114985
2005,0,0.29,3600,0,0.92,"Missing",0.293370709329064,-0.879069158184798
2005,1,0.29,6000,0,0.43,"D",0.705387968439261,0.873088617767298
2005,0,0.2,2000,0,0,"D",0.0818483824344714,-2.41749399666777
2005,0,0.22,3600,0,0.57,"D",0.0790093097789877,-2.4558842370391
2005,0,0.29,8500,1,0,"B",0.044230818629992,-3.0730946416308
2005,1,0.25,2000,1,1.4,"Missing",0.9744971420945,3.64313106564426
2005,0,0.17,1800,0,0.96,"Missing",0.666109695116516,0.690641853820084
2005,0,0.19,25000,0,0.66,"A",0.00398698249747947,-5.52072564878855
2005,0,0.24,9000,0,1.03,"D",0.108270313958124,-2.10853203701055
2005,0,0.15,1500,1,0.42,"C",0.0118119054851248,-4.42676509644002
2005,1,0.2,1000,0,0.98,"Missing",0.840538611756017,1.66224107788127
2005,0,0.15,1200,0,0.9,"D",0.490622362914236,-0.03751494751226
2005,0,0.18,20000,1,0.43,"B",0.00053990207509773,-7.52358272938739
2005,0,0.1,7500,1,1.02,"D",0.158808870322943,-1.66711749321892
2005,1,0.2,5000,0,0.87,"Missing",0.944548831805076,2.83520460571664
2005,1,0.29,2000,0,0.4,"Missing",0.959744228112231,3.1714134253916
2005,0,0.15,5000,1,0.6,"D",0.11423429733614,-2.04820089261841
2005,0,0.08,4000,0,0.13,"AA",0.00800995596813916,-4.81902780702236
2005,0,0.1,10000,0,0.18,"AA",0.00534996620875428,-5.22530070568871
2005,1,0.27,3000,0,0.98,"Missing",0.945255777829074,2.84878372323698
2005,0,0.21,6000,0,0.89,"C",0.00631472021112634,-5.05853708721343
2005,0,0.16,3500,1,0,"C",0.0431573736254912,-3.09878564669305
2005,1,0.25,2000,1,1.4,"Missing",0.940817512954342,2.76612352073799
2005,1,0.29,2560,0,1,"Missing",0.865733605913705,1.86375140478862
2005,1,0.29,10000,0,0.78,"D",0.256413015941132,-1.06469626377979
2005,0,0.2,13000,0,0.9,"C",0.201686219165968,-1.37578861002365
2005,0,0.18,6000,0,0.75,"C",0.0796766868110475,-2.44674800446108
2005,0,0.13,9500,0,0.27,"A",0.00138524683147072,-6.58049073038049
2005,0,0.2,10000,0,0.03,"D",0.012793590903112,-4.34593481049332
2005,0,0.18,14000,0,0.91,"C",0.0552934691955937,-2.83821952602462
2005,1,0.29,3500,0,1.01,"Missing",0.862675807878458,1.83769446711106
2005,0,0.13,7500,0,0.92,"B",0.00203576936590282,-6.19484362039313
2005,0,0.26,10000,0,0.46,"D",0.307728690378792,-0.810759425325181
2005,0,0.22,5000,0,0.47,"D",0.457273548257639,-0.171323635196375
2005,0,0.16,23000,1,0.13,"A",0.00742636398229102,-4.89526483313399
2005,1,0.29,4000,1,0.16,"Missing",0.882418576118672,2.01553545673472
2005,1,0.17,1700,0,0.56,"Missing",0.937631910853667,2.71030370017286
2005,0,0.17,25000,0,0.34,"AA",0.0492583698134022,-2.96016304476096
2005,0,0.14,2100,0,0.92,"C",0.00546004371528174,-5.20482347855997
2005,1,0.29,4000,0,1,"Missing",0.960958826755088,3.20331475041177
2005,0,0.17,11300,0,0.27,"C",0.00307021739221757,-5.78293196791405
2005,0,0.25,15000,0,0.83,"C",0.0456873947647748,-3.0391688620799
2005,0,0.19,24000,1,0.18,"B",0.0161931171572743,-4.10684333539569
2005,0,0.2,2000,0,0,"D",0.169573504331008,-1.58865293232835
2005,1,0.17,1800,0,0.96,"Missing",0.33740129634442,-0.674896521149495
2005,0,0.17,4000,0,0.02,"AA",0.00388545002706818,-5.54662344679024
2005,1,0.24,1000,1,0,"Missing",0.943432330468077,2.81408702809864
2005,0,0.1,5000,0,0.43,"A",0.000791327168794551,-7.14100742112556
2005,0,0.25,9000,0,0.97,"D",0.312422004051758,-0.788820420767848
2005,0,0.1,6500,0,0.67,"A",0.000594184592267027,-7.42772616429576
2005,1,0.29,7000,0,0.36,"Missing",0.938781074291457,2.7301259189897
2005,0,0.17,9000,0,0.9,"C",0.0904161870721603,-2.3085638345628
2005,0,0.1,5000,0,0,"A",0.00193113821709145,-6.24771269484252
2005,0,0.11,6000,0,0.4,"AA",0.00105731572519924,-6.85096404228099
2005,0,0.17,3800,0,0.7,"C",0.0523036012808532,-2.89696896960415
2005,0,0.23,5000,0,0,"D",0.00664339955827295,-5.00746589968245
2005,0,0.16,3000,1,0.96,"C",0.0457512288221291,-3.03770575302755
2005,0,0.24,17500,0,0.15,"D",0.0807829187454735,-2.43175676758816
2005,1,0.29,3500,0,0.94,"Missing",0.830612233049443,1.58997249343213
2005,1,0.29,10000,0,0.49,"D",0.0910686335345704,-2.3006561499829
2005,1,0.29,4500,0,0.98,"Missing",0.967033889784046,3.37875347052595
2005,0,0.13,25000,0,0.1,"AA",0.00015237610425285,-8.78900633553202
2005,0,0.15,9500,0,0.36,"A",0.000391119151184307,-7.84610711425608
2005,0,0.2,1990,1,1,"D",0.438204629335361,-0.248451682911776
2005,0,0.2,20000,1,0.2,"C",0.0405146272126316,-3.16473399605999
2005,0,0.15,3000,0,0,"C",0.0127209253577936,-4.35170444634433
2005,0,0.29,25000,0,0.95,"C",0.0378589941490156,-3.2352924378685
2005,1,0.29,1800,0,1.11,"Missing",0.97477561434454,3.65439609402517
2005,0,0.12,4000,0,0.28,"AA",0.000170842631914467,-8.67459684915511
2005,1,0.29,2000,1,0.98,"Missing",0.953551062513058,3.02183938566187
2005,0,0.18,2550,1,0.99,"Missing",0.73632512116439,1.0269549372618
2005,0,0.11,12000,0,0.47,"A",0.000973607075270743,-6.93352866785608
2005,0,0.24,4592,0,0.6,"C",0.0154095952821102,-4.15723533625716
2005,0,0.19,10000,1,0.88,"D",0.0229451819291649,-3.75143478229713
2005,1,0.29,12000,1,0,"Missing",0.635478378833304,0.555792200739268
2005,0,0.12,4500,0,0.09,"AA",4.75595511428301e-05,-9.95348036320742
2005,0,0.08,3000,0,0,"AA",0.000189315322378669,-8.57190722747311
2005,0,0.09,5000,0,0,"AA",0.000193539952224959,-8.54983303667642
2005,0,0.2,3000,0,0.76,"C",0.00911054741126006,-4.68917017821586
2005,0,0.29,12000,0,0.6,"B",0.00917829459261333,-4.68169319117749
2005,1,0.29,6000,1,0,"D",0.412923525159338,-0.351892685451734
2005,0,0.12,1800,0,0.39,"B",0.00932867436558507,-4.66528989825777
2005,0,0.24,4000,0,0.63,"D",0.544003896914021,0.176472146661387
2005,0,0.18,2500,0,0.82,"D",0.0293173212961157,-3.49982110456341
2005,1,0.15,2550,0,0.98,"Missing",0.718714313834514,0.938093110948277
2005,0,0.25,7000,0,0.14,"D",0.18148402401169,-1.50632528738148
2005,0,0.24,5500,0,0,"D",0.301588432384196,-0.839745286177546
2005,0,0.1,15000,0,0.21,"AA",0.00234986539513083,-6.05104460047262
2005,0,0.17,4000,0,0.73,"B",0.00550965572670431,-5.19572824944909
2005,0,0.11,2500,0,0.33,"B",0.000214273294277234,-8.44804398539453
2005,0,0.2,11000,0,0.44,"C",0.00342834098067618,-5.67224458270997
2005,0,0.15,8000,0,0.64,"B",0.000472731814129562,-7.6565094758397
2005,1,0.29,3500,1,1,"Missing",0.962928235094899,3.25712326069961
2005,1,0.25,3001,0,1.02,"D",0.812824403893059,1.46846790797928
2005,0,0.24,10000,1,0.03,"A",0.131217065563042,-1.8902403653634
2005,1,0.2,1800,0,0.61,"Missing",0.522478036002828,0.0899727898344393
2005,0,0.19,6001,0,0.52,"C",0.0138232907113186,-4.26748065464345
2005,0,0.15,7700,0,0.38,"C",0.0063951805899172,-5.04579488775188
2005,0,0.13,6001,0,0.94,"A",0.000734421945134038,-7.21569214562094
2005,0,0.15,3000,0,0,"C",0.310040426896654,-0.79993030784889
2005,0,0.15,25000,0,0.09,"C",0.00912215324762491,-4.68788538618953
2005,1,0.29,2000,0,0,"Missing",0.95737921571384,3.11185753929417
2005,0,0.15,12000,1,0.53,"B",0.00639974299197866,-5.04507713778669
2005,0,0.2,3000,0,0.39,"D",0.0866972481050217,-2.35464528397051
2005,1,0.2,1300,0,0,"Missing",0.881751163064074,2.00911869646923
2005,1,0.26,4000,0,0.99,"Missing",0.840765401490411,1.66393409208453
2005,1,0.29,3500,1,0.74,"Missing",0.926210152588695,2.5298800023473
2005,1,0.27,10095,0,0.9,"Missing",0.913979074109913,2.36321708538685
2005,1,0.29,1890,1,0,"Missing",0.9850163844739,4.18570096916772
2005,0,0.09,1000,1,0.05,"AA",0.000931800432124716,-6.97745966000102
2005,0,0.17,10000,0,0.79,"A",0.0137522719597048,-4.27270352462663
2005,1,0.29,5500,1,0.72,"C",0.342614743101444,-0.651663616648399
2005,0,0.25,1000,1,0.98,"C",0.0445263014045644,-3.066127179601
2005,1,0.2,1800,0,0.61,"Missing",0.370494653329319,-0.530095333296066
2005,0,0.24,7500,1,0.82,"D",0.0286043981242621,-3.52517331571598
2005,0,0.16,3500,1,0,"C",0.088297715696244,-2.33459925666037
2005,1,0.29,2550,1,1.32,"Missing",0.962237157356238,3.23793532527862
2005,0,0.1,2000,1,0,"B",0.000421701014505018,-7.77079220150869
2005,1,0.25,5000,0,1,"Missing",0.959095659165602,3.15475462849067
2005,0,0.19,25000,0,0.72,"C",0.126501683449058,-1.9322505863499
2005,1,0.2,2000,0,0,"Missing",0.86793162047507,1.88279311814178
2005,1,0.29,4000,0,1.21,"Missing",0.979075759222619,3.84570069115232
2005,1,0.29,2550,0,1,"Missing",0.647791930523865,0.609347442489924
2005,0,0.11,1000,0,0.01,"AA",0.00095690816406786,-6.95084576713457
2005,0,0.15,10000,0,0.66,"B",0.000376643655665586,-7.88383431334175
2005,1,0.29,2000,1,0,"Missing",0.969055456828505,3.44412516875503
2005,0,0.13,5000,0,0,"B",0.00136141574668752,-6.59786778716227
2005,0,0.17,6001,0,0.56,"B",0.00354148762702037,-5.6396606329486
2005,0,0.18,18000,0,0.15,"B",0.0114787690087599,-4.45571096442827
2005,1,0.29,3001,1,0,"Missing",0.793799988464815,1.34798489829277
2005,1,0.23,1525,0,0.56,"D",0.43362520074341,-0.2670754803195
2005,0,0.09,2500,0,0.09,"AA",0.00147803218821769,-6.51556455291222
2005,0,0.27,7500,0,0.73,"C",0.0977071486431055,-2.22296441058163
2005,0,0.1,4000,0,0.16,"A",0.00436666288404504,-5.42937997909098
2005,1,0.29,7000,0,0,"Missing",0.973814208784878,3.61600359108823
2005,0,0.11,5000,0,0.46,"A",0.00102726006639692,-6.87983236282489
2005,0,0.29,2560,0,1,"Missing",0.968557445264502,3.42764557298217
2005,0,0.17,1700,0,0.28,"D",0.0200332092349276,-3.89012732585812
2005,0,0.2,3000,0,0,"D",0.133388886340474,-1.87132151444344
2005,0,0.23,12500,1,0.41,"D",0.0229944215382992,-3.74924071711523
2005,1,0.29,2501,1,0,"Missing",0.989326440216839,4.52925471307256
2005,0,0.1,1500,1,0.79,"A",0.0154286825619723,-4.15597805458384
2005,0,0.29,5000,0,0,"Missing",0.776929936444537,1.24786426595458
2005,0,0.2,15000,0,0.93,"D",0.0408589166195891,-3.15591310457421
2005,0,0.14,5000,0,0.84,"C",0.0124444377787493,-4.37395900241042
2005,1,0.29,2000,1,0.83,"Missing",0.982407054616199,4.02250774714467
2005,1,0.27,3200,1,0,"Missing",0.995888819033744,5.48992529692192
2005,0,0.15,15000,1,0.45,"A",0.0179782325115071,-4.00045175341336
2005,1,0.29,4500,0,0.98,"Missing",0.9638176466391,3.28233058972113
2005,0,0.15,8942,0,0,"B",0.0031736770295064,-5.74968569327105
2005,0,0.17,8500,1,0.21,"B",0.0029375648686655,-5.82723242882502
2005,0,0.15,1000,0,0.16,"A",0.000141363342924221,-8.86403570859302
2005,1,0.29,7000,1,0.64,"Missing",0.614973184973947,0.468265683906862
2005,1,0.2,8500,0,0.89,"D",0.475687338414631,-0.0973274024522142
2005,0,0.19,24000,1,0.18,"B",0.0128504877562249,-4.34143974116091
2005,1,0.29,3999,0,0.96,"Missing",0.949143192898336,2.92654569558245
2005,1,0.29,12000,1,0.18,"C",0.388284001460466,-0.454531085735342
2005,0,0.17,3800,0,1.1,"D",0.037369127122883,-3.24882514321086
2005,1,0.25,5000,1,1.1,"Missing",0.889829365729801,2.08899933591507
2005,0,0.16,8200,0,0.87,"C",0.0838972445259894,-2.39053576627391
2005,0,0.29,23500,0,0.86,"C",0.0666375107418567,-2.6395260021509
2005,0,0.15,2500,0,1.01,"D",0.0142208818693737,-4.2387208728012
2005,1,0.29,2501,0,1.22,"Missing",0.905325984894739,2.25785551231368
2005,0,0.17,1200,0,0.94,"D",0.0294126580442705,-3.49647626801288
2005,0,0.12,2500,0,0,"B",0.00342916922285727,-5.67200219392143
2005,0,0.08,1500,1,0.22,"AA",0.000780714824814578,-7.15451959614597
2005,0,0.22,25000,0,0.83,"A",0.00983905239101827,-4.61150809855636
2005,1,0.22,15000,0,0.95,"C",0.264258275882627,-1.02395219618122
2005,1,0.24,1500,1,0.88,"Missing",0.906560284858781,2.27234106036056
2005,0,0.24,10000,1,0,"C",0.0326889455786383,-3.38748314819375
2005,0,0.15,2000,0,0.36,"D",0.0430783455241479,-3.10070107553155
2005,1,0.28,1000,0,0,"Missing",0.951774786595959,2.98244645414633
2005,1,0.24,5600,0,0.62,"Missing",0.929017818505734,2.5716990382626
2005,1,0.25,5000,1,0.92,"Missing",0.896359322431682,2.15741146870068
2005,0,0.17,5000,0,0.93,"C",0.000583568748240039,-7.4457645536244
2005,0,0.2,8000,0,0.91,"D",0.0231940312031087,-3.74039306349664
2005,1,0.29,4300,1,0.95,"Missing",0.964407026042565,3.2993651740498
2005,0,0.26,9000,1,0.83,"Missing",0.855155860219064,1.77562547873652
2005,0,0.15,8400,0,0.48,"B",0.00190685567306531,-6.26039096190464
2005,0,0.11,10000,0,0.43,"AA",0.000453967123743678,-7.69703170700848
2005,0,0.18,15000,0,0.51,"B",0.00203231685305888,-6.19654444498725
2005,0,0.2,12000,0,0.95,"C",0.00937215987416217,-4.66059534486273
2005,0,0.23,12000,0,0.79,"D",0.320010986594897,-0.75372131296897
2005,0,0.11,8000,0,0.62,"B",8.66936385842172e-05,-9.35304335220405
2005,1,0.29,1000,1,1,"Missing",0.981307711612052,3.96077502861386
2005,0,0.15,25000,0,0,"A",0.00124344239410346,-6.68862740529424
2005,0,0.1,1425,0,0,"AA",0.000133392748974118,-8.92207937982985
2005,0,0.16,2000,1,0,"C",0.0927680646011804,-2.28029568540056
2005,1,0.29,5000,0,0.92,"Missing",0.890766827123348,2.09859789716789
2005,0,0.15,18000,0,0.61,"B",0.00476834694093723,-5.34097583563152
2005,0,0.2,7500,1,0.52,"D",0.0424574407240462,-3.11586798892562
2005,0,0.18,5000,0,0.99,"D",0.119629573726488,-1.99594267493902
2005,0,0.17,10000,0,0.62,"B",0.0027275351029734,-5.90162570871763
2005,1,0.22,5600,0,0.94,"D",0.212435090263784,-1.31030930824428
2005,0,0.1,1500,0,0.89,"A",0.00036713436269672,-7.90941546424868
2005,1,0.29,3000,1,0.82,"Missing",0.988770862051535,4.47795061574656
2005,1,0.29,3500,1,0.95,"Missing",0.973190906491611,3.59183912696141
2005,0,0.22,18200,1,0.8,"C",0.0309883909488259,-3.44266394343778
2005,0,0.24,3500,0,0,"C",0.0356661454383217,-3.29723562500611
2005,0,0.19,25000,0,0.89,"B",0.00199073944674494,-6.21725640438385
2005,0,0.15,7000,0,0,"A",0.0024389104921548,-6.01376196952629
2005,0,0.17,5500,0,0.91,"C",0.00427603041497961,-5.45044497411487
2005,1,0.29,6000,0,0.98,"Missing",0.947742513431391,2.89789969086728
2005,0,0.11,7500,0,0,"AA",0.000314488037235717,-8.06424998245456
2005,0,0.15,4000,0,0.28,"B",0.00565385405053744,-5.16974793594837
2005,0,0.15,5000,0,0.7,"C",0.0444926646620379,-3.06691810408425
2005,0,0.18,6000,0,0.75,"C",0.0509063131934211,-2.92552056817572
2005,0,0.21,10000,0,0.21,"D",0.155259165457343,-1.69393411979717
2005,0,0.2,5000,0,0.87,"D",0.498276372942798,-0.00689453553943853
2005,0,0.24,4500,0,0.72,"D",0.0447280784971217,-3.06139457579831
2005,0,0.15,15000,0,0.05,"AA",0.00404909345758842,-5.50520494731913
2005,0,0.2,12000,0,0.34,"C",0.0190916808874504,-3.93922631409609
2005,0,0.2,2000,0,0.01,"D",0.0958926119508131,-2.24371920559979
2005,0,0.07,1500,0,0.01,"AA",8.50697935039445e-05,-9.37195346493363
2005,1,0.29,2550,1,0,"Missing",0.669730261437571,0.706965326289935
2005,0,0.29,6000,1,0,"D",0.419243250538278,-0.325880691878792
2005,0,0.15,2000,0,0,"B",0.00361629796238323,-5.61868158617052
2005,1,0.11,5000,0,0.18,"A",0.0210201255555244,-3.84103074648451
2005,0,0.22,3600,0,0.57,"D",0.0441024060356512,-3.07613644843349
2005,0,0.15,5000,0,0.33,"B",0.0162095122038205,-4.10581471248047
2005,1,0.24,2500,1,0.96,"D",0.171331912017279,-1.57621701745172
2005,0,0.13,4000,0,0.01,"A",0.00373432021503372,-5.58644817077305
2005,0,0.1,3000,0,0.05,"AA",0.00166457644816433,-6.39651861000322
2005,1,0.25,6000,1,1,"Missing",0.910936811513538,2.32512743237133
2005,0,0.15,3000,0,0.03,"AA",0.00420608605784432,-5.4670077846578
2005,1,0.29,1500,1,0.94,"Missing",0.977989609876725,3.79398442592978
2005,0,0.21,15500,0,0.66,"A",0.0073042046817815,-4.91197410184001
2005,1,0.15,2600,0,0.68,"C",0.115261632683296,-2.03808736002157
2005,0,0.14,25000,0,0.58,"AA",0.00186346400389929,-6.28345295321287
2005,0,0.28,10500,0,0.94,"C",0.0943932960757538,-2.26113505568171
2005,0,0.14,17500,0,0.79,"B",0.000521244127676829,-7.55877067073991
2005,1,0.29,7000,1,0.91,"D",0.47409456714967,-0.103714600568293
2005,0,0.17,5000,0,0.17,"C",0.00561588990155402,-5.17652349857551
2005,0,0.09,5000,0,0.02,"AA",0.00110583138271449,-6.80605140109786
2005,0,0.16,25000,0,0.78,"B",0.00407597047749005,-5.4985621067717
2005,0,0.09,5400,0,0.18,"AA",0.00024823235479499,-8.30089707276425
2005,0,0.19,23000,0,0.27,"A",0.00102049537445943,-6.88644609191209
2005,1,0.29,7000,1,0,"Missing",0.991182603036958,4.72217208119259
2005,1,0.27,3200,1,0,"Missing",0.841403960259364,1.66871153911573
2005,1,0.29,6000,0,0.92,"Missing",0.955480438741928,3.06628561977769
2005,0,0.15,15000,0,0.65,"B",0.000119013341531284,-9.03615593700457
2005,1,0.29,20000,0,0.95,"Missing",0.963734832391381,3.27995847606011
2005,0,0.18,4100,0,0.5,"C",0.0173970275581907,-4.0339057831698
2005,0,0.24,10000,0,0,"C",0.00147421951264568,-6.51815126596206
2005,0,0.2,2500,0,0.78,"Missing",0.45083469979171,-0.19729873645641
2005,0,0.18,9995,0,0.53,"C",0.0237157720176508,-3.71761344843231
2005,0,0.13,25000,0,0.1,"AA",0.000128363633686543,-8.960515061692
2005,1,0.22,2000,1,0.84,"D",0.87643655430689,1.95910956200446
2005,1,0.29,6000,0,0.59,"Missing",0.702781802492134,0.860579922302203
2005,1,0.29,2000,1,0.98,"Missing",0.981740042543888,3.98461600558009
2005,0,0.1,2100,0,0,"AA",0.00361638162548349,-5.6186583674584
2005,0,0.12,4000,0,0.28,"AA",0.000500977830677418,-7.59844760464135
2005,0,0.21,25000,1,0.01,"B",0.015398040145316,-4.15799721980088
2005,0,0.2,13000,0,0.8,"D",0.470916796180698,-0.116464279725767
2005,1,0.29,10000,0,0,"Missing",0.903677098768729,2.2387660030931
2005,1,0.29,2600,1,0,"Missing",0.980793596247808,3.93311828386414
2005,0,0.11,3500,0,0.1,"AA",5.5754352802904e-05,-9.79449931758264
2005,0,0.16,15000,0,0.59,"A",0.0133479418605192,-4.30295524739086
2005,0,0.07,1100,1,0.18,"A",0.000897143664162661,-7.01539700167498
2005,0,0.18,9999,0,0.92,"D",0.0254205164703779,-3.64644949598139
2005,0,0.2,5500,0,0.8,"D",0.0246661147747995,-3.67734942847014
2005,0,0.08,1000,0,0,"AA",0.000691121385509571,-7.27650372286484
2005,1,0.29,4000,0,1,"Missing",0.94934084133609,2.9306478556104
2005,1,0.29,3000,0,1.01,"Missing",0.94245207238897,2.79586694216705
2005,0,0.18,12000,0,0.54,"B",0.0138436958822138,-4.26598490743284
2005,0,0.09,2500,0,0.04,"A",0.000700599779068718,-7.26287291723298
2005,0,0.15,3000,0,0.46,"B",0.00344146622961672,-5.66841026717085
2005,0,0.14,4500,0,0,"AA",0.00705147352933314,-4.9474422200803
2005,0,0.15,9500,0,0.37,"C",0.0210563724000337,-3.83927081810038
2005,1,0.29,1500,1,1.29,"Missing",0.998252324819486,6.34771963837429
2005,0,0.07,3000,0,0.87,"C",0.0131639903719916,-4.31701877561121
2005,0,0.08,1000,0,0.05,"AA",7.67423120218949e-05,-9.4749806003532
2005,1,0.23,1500,0,0.84,"Missing",0.520386243932841,0.0815902075299837
2005,0,0.17,12000,1,0.51,"A",0.0155451222705972,-4.14834115528191
2005,0,0.07,1325,0,0.02,"AA",0.000193810545061039,-8.54843561857948
2005,1,0.29,5824,0,0,"Missing",0.887579293048364,2.06624971559794
2005,1,0.29,3000,0,0.61,"Missing",0.956085645887258,3.08060625719432
2005,0,0.11,14000,0,0.29,"AA",0.00196972972346477,-6.22788726966304
2005,1,0.29,4500,0,0.91,"Missing",0.978072292767052,3.79783257866472
2005,0,0.12,4000,0,0.04,"AA",0.00177743376681184,-6.33080564369514
2005,0,0.1,6500,0,0.34,"A",0.000304576788974352,-8.09628269888484
2005,0,0.12,4000,0,0.28,"AA",0.00452825611567322,-5.3928798373085
2005,0,0.16,25000,1,0.66,"AA",0.0145118479464203,-4.2181716887158
2005,1,0.29,5500,1,0.89,"Missing",0.563014834516087,0.253406728585891
2005,0,0.26,25000,0,0.69,"B",0.00288215029647133,-5.84633232101572
2005,0,0.17,3650,0,0.85,"D",0.0314776087446948,-3.42649514253208
2005,1,0.29,25000,0,0.58,"D",0.402781371500258,-0.393889345987538
2005,0,0.29,8500,1,0,"B",0.0169337608498196,-4.06136718993261
2005,1,0.24,2600,0,0.96,"Missing",0.772097651805102,1.22019379418274
2005,0,0.15,3000,0,0.27,"C",0.0231707756946448,-3.74142002447254
2005,0,0.15,2000,0,0,"C",0.0193182465754276,-3.92719792886017
2005,0,0.09,3500,0,0,"AA",0.000544555368023268,-7.51499623107564
2005,0,0.14,2400,0,0.94,"B",0.0117156867331338,-4.43504173258799
2005,0,0.09,3001,0,0.34,"AA",0.00423271697404176,-5.46066948119029
2005,1,0.29,1550,0,0,"Missing",0.945945343900531,2.86218910670311
2005,1,0.29,4500,1,1.52,"Missing",0.882312590845422,2.01451437011095
2005,1,0.23,5000,0,1,"Missing",0.763157133797045,1.17006704270447
2005,0,0.2,6500,1,0.92,"D",0.607061027086946,0.434975010261285
2005,0,0.15,11000,0,0.42,"A",0.000552348184441665,-7.50077944083732
2005,0,0.22,2500,1,0.74,"D",0.0236610334623537,-3.71998029057431
2005,1,0.29,2550,0,1,"Missing",0.993898012614086,5.09302007930135
2005,0,0.2,2000,0,0.77,"Missing",0.773926676611867,1.23061774961908
2005,0,0.19,6001,0,0.2,"C",0.0509942605375846,-2.92370175858458
2005,0,0.28,7500,1,0,"C",0.381560604358103,-0.482929504814517
2005,1,0.29,5000,0,0.72,"Missing",0.888807110397961,2.07861380094676
2005,1,0.26,3001,1,1.01,"Missing",0.984784884287736,4.17013383727123
2005,0,0.18,10000,0,0.87,"C",0.0685354549138539,-2.60940692579662
2005,1,0.29,5000,1,0,"Missing",0.997855309789987,6.1426131679171
2005,0,0.11,3000,1,0,"C",0.0162076323911508,-4.10593259971404
2005,0,0.22,10000,0,0.93,"D",0.389741405009451,-0.448399338428887
2005,0,0.24,23000,0,0.82,"B",0.0125389227300284,-4.36629945575737
2005,1,0.26,6000,1,0,"Missing",0.971640756960151,3.53403313435168
2005,0,0.07,1000,1,0.99,"D",0.0560546090864314,-2.82374193803268
2005,0,0.2,25000,0,0.08,"B",0.00141345875316658,-6.56030110326724
2005,0,0.28,5000,0,0.56,"Missing",0.928797061428883,2.5683561769099
2005,0,0.25,2550,0,0.53,"D",0.154008928060219,-1.70349823113769
2005,0,0.11,10000,0,0.43,"AA",0.000651850869448663,-7.3350426866227
2005,0,0.29,3001,0,0.92,"Missing",0.860869907883258,1.82253398885489
2005,1,0.29,3000,0,0.61,"Missing",0.979789103645715,3.88111546569411
2005,1,0.29,3000,0,1.34,"Missing",0.833958303407025,1.61394446408399
2005,0,0.22,24000,0,0.72,"B",0.00214667794221024,-6.14168478960729
2005,0,0.11,2500,0,0.33,"B",0.0032345798669086,-5.73061640816048
2005,0,0.11,2000,0,0.75,"B",0.000885110250299125,-7.02891284191452
2005,0,0.11,1600,0,0.69,"B",0.00113826747791906,-6.77710901299156
2005,1,0.29,3800,0,0.84,"Missing",0.92824052370923,2.55997096457735
2005,0,0.07,3000,1,0.09,"AA",0.0018831698690868,-6.27291387617124
2005,1,0.23,5000,0,0.97,"Missing",0.930690798054217,2.59734942242811
2005,1,0.27,1000,1,0,"Missing",0.918155087602115,2.41754017284059
2005,1,0.29,10500,0,0.99,"Missing",0.42772358356592,-0.291144966016356
2005,0,0.17,7500,0,0.2,"C",0.00246225868323248,-6.00421089134953
2005,0,0.2,5500,0,0.8,"D",0.109269291324981,-2.09822674883494
2005,0,0.1,4500,0,0.04,"AA",0.000108367765145039,-9.12987150905516
2005,0,0.07,1000,0,0.02,"AA",0.0022570224643038,-6.09144925464812
2005,1,0.28,5000,0,1.19,"Missing",0.880422640014959,1.99643853910898
2005,0,0.1,2000,0,0,"AA",0.00130539582495139,-6.63994272146262
2005,1,0.23,3890,0,0.97,"Missing",0.841888603662966,1.67234788109151
2005,1,0.2,1000,1,0.9,"D",0.724242152654524,0.96560268554003
2005,0,0.17,4000,0,0.78,"C",0.0138784473007343,-4.26344254272425
2005,0,0.15,7500,0,0.65,"B",0.00110450855759388,-6.80724966822273
2005,1,0.29,1800,0,0.85,"Missing",0.961364852832272,3.21419158591294
2005,0,0.25,2550,0,0.86,"D",0.0911130266311058,-2.300119958017
2005,0,0.12,10000,1,0.08,"AA",0.000422304418356922,-7.7693617398629
2005,0,0.19,4000,0,0.85,"C",0.0105010055533148,-4.54572772925796
2005,0,0.29,3001,0,0.85,"Missing",0.281853161478688,-0.935287827265738
2005,0,0.15,9500,0,0.39,"B",0.000962326347464843,-6.94519413661726
2005,0,0.29,1000,0,0.92,"Missing",0.509735719136415,0.038947799226138
2005,1,0.27,2800,0,0,"Missing",0.876314585074204,1.95798377622913
2005,0,0.24,9999,0,0.89,"B",0.000306533953811452,-8.08987544862217
2005,1,0.29,3000,1,0.74,"Missing",0.725700410880765,0.972916372451697
2005,0,0.18,3100,0,0.86,"D",0.0463633155058306,-3.02377423261552
2005,0,0.18,20000,1,0.43,"B",0.00743041485587979,-4.89471542866292
2005,0,0.2,1990,1,1,"D",0.0988782135364936,-2.20975149001908
2005,0,0.15,5000,0,0.85,"C",0.00829811064485094,-4.7833946916186
2005,0,0.21,7500,0,0.68,"C",0.0314544501853155,-3.42725503957755
2005,1,0.29,5001,1,0.3,"D",0.639318685948551,0.572408274222832
2005,0,0.16,7000,0,0.29,"C",0.15500396348963,-1.69588124933275
2005,0,0.19,8750,0,0.73,"D",0.012850398590349,-4.34144677022689
2005,0,0.25,9000,0,0.97,"D",0.21052315562262,-1.32177485375754
2005,0,0.18,17000,0,0.23,"B",0.00576867584984909,-5.14952733463191
2005,1,0.29,1000,0,0,"Missing",0.882861253611233,2.01980895879549
2005,1,0.2,9000,0,0.88,"D",0.127898713108503,-1.91966692502197
2005,1,0.29,4000,0,2.68,"Missing",0.925859376749342,2.52475875806286
2005,1,0.29,3975,0,0.97,"Missing",0.986669246780069,4.30426123541089
2005,0,0.16,8000,1,0.59,"C",0.13026756996425,-1.89859504696647
2005,0,0.15,1500,1,0.42,"C",0.0824211943497508,-2.40989585113288
2005,0,0.29,3025,1,0,"Missing",0.919635773319348,2.43740855770261
2005,1,0.29,5300,0,0.83,"Missing",0.977229913752554,3.75927428277925
2005,1,0.29,3000,1,0.53,"D",0.858432630217857,1.80233248811662
2005,0,0.15,2500,0,0.7,"D",0.112504448891421,-2.06541074193751
2005,0,0.24,1550,0,1.09,"Missing",0.122470415803309,-1.96924117178435
2005,1,0.28,12839,0,0.45,"C",0.767756522269925,1.19568636026021
2005,0,0.2,7500,0,0.36,"C",0.0183782886619317,-3.97803600758333
2005,0,0.16,7000,0,0.29,"C",0.02006971720091,-3.88826935706142
2005,1,0.23,3500,0,0.92,"Missing",0.888544474621188,2.0759590663884
2005,0,0.11,1500,0,0.2,"B",0.000373245208860508,-7.89290164301976
2005,0,0.2,13000,0,0.9,"C",0.0514423443672503,-2.9144809199636
2005,0,0.17,1800,0,0.96,"Missing",0.453755717197793,-0.185507294704419
2005,0,0.29,1500,1,0.94,"Missing",0.946608357282279,2.87523121586526
2005,0,0.14,25000,0,0,"AA",0.000192322655217195,-8.55614375931533
2005,0,0.13,25000,0,0.27,"AA",0.000482686070890207,-7.6356612697729
2005,0,0.15,5000,0,0.46,"C",0.00813255727759672,-4.80371404967853
2005,0,0.1,5000,1,0.06,"AA",0.000210885817191136,-8.4639828136593
2005,0,0.13,20000,0,0.46,"A",0.00180720886238726,-6.31416284505531
2005,1,0.29,3000,0,1.34,"Missing",0.645580456419584,0.599668481779425
2005,1,0.24,1500,1,0.88,"Missing",0.932100530257731,2.61941244881002
2005,1,0.29,1800,0,1.11,"Missing",0.988307607410331,4.43705556850631
2005,1,0.29,4000,0,0.98,"Missing",0.971940716258778,3.54497526272066
2005,1,0.29,16000,1,0,"D",0.0731532855149718,-2.53923115412908
2005,0,0.11,1000,0,0.03,"AA",0.00138456429406483,-6.58098425427037
2005,0,0.07,1000,0,0.09,"AA",0.000304508329803792,-8.09650756080912
2005,0,0.07,1000,1,0.08,"AA",0.00755705061977266,-4.87768854476507
2005,0,0.22,12000,1,0.92,"C",0.0143904925897607,-4.22669248734247
2005,0,0.15,9999,0,0.83,"C",0.00795465228219119,-4.82601186942906
2005,0,0.2,1000,1,0.42,"C",0.126694065675989,-1.930510686054
2005,1,0.26,2200,0,0.97,"Missing",0.523330350656628,0.0933892183457785
2005,0,0.16,25000,0,0,"A",0.00339544669137166,-5.68191872901856
2005,0,0.15,19300,0,0.39,"A",0.00740358357683202,-4.89836000272373
2005,0,0.15,7000,0,0,"A",0.000800290904107221,-7.12973465495191
2005,1,0.29,2550,1,1.32,"Missing",0.990505715551898,4.64752565598392
2005,0,0.15,25000,0,0.31,"B",0.000231601654466386,-8.37026004017543
2005,0,0.15,25000,1,0.37,"AA",0.00167100477549525,-6.39265776904505
2005,0,0.2,7500,1,0.9,"D",0.00649868510053212,-5.0296355212813
2005,1,0.27,2800,0,0,"Missing",0.831748264797098,1.59806854697586
2005,1,0.25,1500,1,0,"Missing",0.601825952108089,0.413079071452179
2005,0,0.09,2500,1,0.24,"AA",0.00170254032869547,-6.3739298409967
2005,0,0.15,5000,0,0.83,"C",0.00449481209859841,-5.40032647010735
2005,0,0.24,17500,0,0.15,"D",0.556656343852544,0.227602855773543
2005,1,0.24,3000,0,1,"Missing",0.815647044020017,1.48712955813722
2005,0,0.29,4000,1,0,"Missing",0.772366744762607,1.22172369098202
2005,0,0.09,2000,1,0.01,"AA",0.00172163679207798,-6.36275669685013
2005,0,0.15,1500,1,0.64,"AA",0.00092232928980945,-6.98768549597365
2005,0,0.11,5000,0,0.05,"A",0.00283651922259066,-5.86233705458415
2005,0,0.13,9999,0,0.61,"B",0.00255257913981447,-5.96809516105712
2005,0,0.12,4000,0,0,"B",0.00343506366971516,-5.67027884085354
2005,0,0.2,8000,1,0.92,"C",0.0254454657703384,-3.64544291376509
2005,0,0.17,20000,0,0.56,"B",0.00143165314182783,-6.54749278024116
2005,0,0.28,6500,1,0,"Missing",0.575423266034308,0.304013132254208
2005,0,0.16,5000,0,0.94,"C",0.0208586546826064,-3.84890705453991
2005,1,0.29,5000,0,0.72,"Missing",0.854344763084979,1.76909237793402
2005,1,0.29,6000,1,0.79,"Missing",0.805568555313182,1.42146867656243
2005,0,0.09,5000,0,0,"AA",0.000410907709430811,-7.79673092779154
2005,0,0.24,2350,0,1.37,"Missing",0.701387169422401,0.853912191431337
2005,0,0.11,1253,0,0.73,"A",0.00126007458593474,-6.67532349543696
2005,1,0.23,7500,1,0.81,"Missing",0.936842090448073,2.69687665011808
2005,0,0.1,7000,0,0.17,"AA",7.57435772716009e-05,-9.4880811592173
2005,0,0.2,15000,0,0.84,"C",0.0575849649908196,-2.79518425756308
2005,0,0.13,6000,0,0.92,"C",0.0399450277423225,-3.17948634314406
2005,0,0.18,15000,0,0.16,"B",0.0144243780759137,-4.22430616108095
2005,0,0.13,4000,0,0.01,"A",0.00837348374986054,-4.77427652414921
2005,0,0.15,5000,0,0,"C",0.0241403637443006,-3.69943347708785
2005,0,0.29,23250,0,0.92,"C",0.0415353847722968,-3.13878693592703
2005,0,0.09,3500,0,0.1,"AA",0.000253259582477012,-8.28084228587935
2005,0,0.2,10000,0,0.85,"D",0.219084340533986,-1.27101038129617
2005,1,0.29,3005,1,0.76,"Missing",0.942427552300431,2.79541493406963
2005,1,0.23,1000,1,0,"Missing",0.926878861723835,2.53970538501577
2005,0,0.19,19250,0,0.88,"B",0.0163305288001084,-4.09825364878845
2005,0,0.2,5000,0,0.81,"C",0.117874116341535,-2.01271752670569
2005,0,0.15,19300,0,0.39,"A",0.00115071590599226,-6.76621962485883
2005,0,0.2,11000,0,0.44,"C",0.047707494893807,-2.99378372965387
2005,1,0.29,5000,0,0.71,"Missing",0.926672224040878,2.53666044272799
2005,0,0.19,12500,0,0.02,"AA",0.000665217808255127,-7.31473060056055
2005,0,0.29,8500,1,0,"B",0.047494047941275,-2.99849195917228
2005,0,0.23,7500,0,0.89,"D",0.0110831350819333,-4.49118567742102
2005,0,0.17,7100,0,0.95,"D",0.109014644592158,-2.10084576394442
2005,0,0.2,15000,0,1.03,"D",0.602804686774641,0.417165109161749
2005,0,0.25,8500,0,0.78,"D",0.0934159287448112,-2.27262189459169
2005,1,0.29,2500,1,0.87,"Missing",0.966120720114678,3.35048518076999
2005,1,0.29,15000,0,0.98,"Missing",0.585075711789073,0.343645195178339
2005,0,0.21,10000,0,0.21,"D",0.0390862743002292,-3.2021132649465
2005,1,0.29,5000,1,1.02,"Missing",0.996648633042497,5.69502997399147
2005,0,0.18,3001,0,0.8,"D",0.160890264031652,-1.6516189489479
2005,1,0.2,4200,1,0.97,"Missing",0.772004764746235,1.21966599123054
2005,0,0.1,6001,0,0.41,"AA",0.000280841843281751,-8.17743800109129
2005,0,0.25,9000,0,0.78,"D",0.165866119828677,-1.61521296136031
2005,0,0.21,3001,1,0,"C",0.0381347610290445,-3.22774812747363
2005,0,0.14,25000,0,0,"AA",0.000361513564791764,-7.9248494145142
2005,1,0.24,3000,0,0,"Missing",0.867380936079972,1.87799741537212
2005,0,0.15,1000,0,0,"Missing",0.479007871970996,-0.0840179008365793
2005,0,0.09,3000,0,0.71,"AA",0.00531949997833309,-5.23104227018615
2005,1,0.19,5000,0,0.97,"Missing",0.851639782708946,1.74752042994008
2005,0,0.21,15500,0,0.66,"A",0.00163800126849851,-6.41263917487312
2005,1,0.29,1200,1,1,"Missing",0.997041903704436,5.82024688083253
2005,1,0.29,3999,0,0.96,"Missing",0.94074821097351,2.76487955367007
2005,0,0.18,7500,0,0,"C",0.00201481149834858,-6.20521279320464
2005,1,0.19,10000,1,0.88,"D",0.493888123032973,-0.0244487256274668
2005,0,0.07,1500,1,0.91,"Missing",0.301467002563648,-0.840321852061048
2005,0,0.17,5233,0,0.38,"B",0.000521153954331588,-7.55894377230215
2005,1,0.22,5000,1,0,"D",0.394127531320152,-0.429994975721662
2005,0,0.17,1000,0,1.02,"D",0.0493089870852921,-2.95908274394153
2005,0,0.2,20000,1,0.05,"AA",0.00514912642306626,-5.26376577642566
2005,0,0.21,6250,0,0,"C",0.031945739499776,-3.41124931699939
2005,0,0.2,5000,0,0.61,"C",0.0130452604733642,-4.32619929608834
2005,0,0.17,1000,0,0.35,"D",0.0984260284411788,-2.21483680738312
2005,1,0.28,3500,0,0,"Missing",0.747441434554191,1.08501278959237
2005,0,0.29,20000,0,0.04,"C",0.051001818779754,-2.92354558764914
2005,0,0.19,7500,0,0.57,"C",0.0264804605062782,-3.6045107743582
2005,0,0.15,2500,0,0.44,"D",0.00486160801959541,-5.32151256348724
2005,1,0.23,3000,0,0.86,"Missing",0.812693311706844,1.46760649020674
2005,1,0.27,1000,1,0,"Missing",0.919881616561045,2.44073965026624
2005,0,0.29,3000,0,0,"Missing",0.610637136173753,0.449991176890148
2005,1,0.23,3100,0,0.78,"Missing",0.896711966879278,2.1612131797987
2005,1,0.29,4000,0,0.95,"Missing",0.98049675532766,3.91747849124798
2005,0,0.15,10000,0,0.08,"B",5.3816857990112e-05,-9.82986997603171
2005,0,0.15,15000,0,0.05,"AA",0.00292617995915082,-5.83112700521235
2005,0,0.17,15000,0,0.96,"B",0.00155109698407434,-6.46724056553369
2005,0,0.11,2500,1,0,"B",0.00253094044148472,-5.97663018062448
2005,0,0.2,3000,1,0.47,"D",0.0232164041766819,-3.7394060234703
2005,0,0.18,1230,0,0,"C",0.0155817866253397,-4.14594811220001
2005,0,0.08,1000,0,0.01,"AA",0.000122487025695314,-9.00738295175211
2005,0,0.16,2000,1,0.41,"C",0.0410323631534217,-3.15149622700234
2005,0,0.25,9000,0,0.56,"B",0.0170839871119882,-4.05238207832389
2005,0,0.29,8000,0,0.8,"Missing",0.787159660594033,1.30788879588093
2005,0,0.19,15000,0,0.37,"C",0.00705238412921591,-4.94731217523764
2005,0,0.2,3200,1,0,"D",0.0110405647724475,-4.49507711836859
2005,0,0.24,25000,0,0.85,"B",0.015261924321492,-4.16701457256231
2005,0,0.23,19000,0,0.95,"C",0.361952782638499,-0.566898520391764
2005,1,0.29,20000,0,0.61,"D",0.396461318847604,-0.420231653369586
2005,1,0.29,4000,0,1.12,"Missing",0.951009370870974,2.96589487864253
2005,1,0.29,3000,1,0,"Missing",0.990895847033363,4.68987875057256
2005,1,0.29,5000,1,0,"Missing",0.980820121542582,3.9345273479191
2005,0,0.29,10000,0,0.62,"C",0.367427199052984,-0.54327011307571
2005,1,0.25,4449,0,0.94,"D",0.186668716069599,-1.47180303591316
2005,1,0.27,10000,0,0.45,"Missing",0.846484051374598,1.70728689925798
2005,0,0.15,10000,1,0,"B",0.00639120054637364,-5.04642143759876
2005,1,0.26,1000,1,0,"Missing",0.663774750594562,0.680161540401587
2005,1,0.29,2500,0,0.85,"Missing",0.900043959399909,2.19771311056993
2005,0,0.21,5000,0,0.85,"C",0.357140836003305,-0.587795468098793
2005,0,0.13,10800,1,0.68,"A",0.00463470379826377,-5.36953751011215
2005,1,0.25,2000,0,0.19,"D",0.713354010025922,0.911729834964655
2005,1,0.23,6001,0,1.2,"Missing",0.948712823255474,2.91766538803124
2005,1,0.24,3000,0,1.99,"Missing",0.959680362642718,3.16976164383173
2005,0,0.23,10000,0,0.69,"A",0.00252843605510512,-5.97762268947203
2005,0,0.19,7000,0,1,"C",0.0182309621876879,-3.98623471722878
2005,0,0.21,25000,0,0.07,"B",0.00822814620530098,-4.79193235386782
2005,0,0.11,3000,1,0,"C",0.182270165142608,-1.50104199654512
2005,0,0.15,5000,0,0.74,"C",0.0680780860338425,-2.61659365749398
2005,0,0.17,1200,0,0.94,"D",0.404791255625665,-0.385540658875421
2005,0,0.23,14000,0,1.04,"D",0.0360074018687678,-3.2873590915064
2005,0,0.15,5500,0,0.28,"C",0.0259244043993796,-3.62630413431936
2005,1,0.27,1000,1,0.88,"Missing",0.997193031231118,5.87283919212626
2005,0,0.29,25000,0,0.82,"B",0.0123052452844052,-4.38534807993236
2005,1,0.29,4090,1,0.58,"Missing",0.992820862635736,4.9293710160164
2005,0,0.17,11000,0,0.61,"C",0.00489008255706471,-5.31564401466956
2005,1,0.29,5000,0,0.92,"Missing",0.967192450553739,3.38373883885408
2005,0,0.18,5000,0,0.5,"D",0.0335281872233793,-3.36126563930072
2005,0,0.29,10000,0,0.98,"C",0.0347093912750485,-3.32541891267239
2005,0,0.18,12000,0,0.54,"B",0.00505269798128181,-5.28276741861703
2005,1,0.29,6000,0,1.02,"Missing",0.966920945832492,3.3752164626578
2005,0,0.15,8000,0,0.12,"B",0.0073438206686966,-4.90652512543981
2005,0,0.2,3500,0,1,"D",0.226505971210327,-1.2281466427193
2005,0,0.21,12000,1,0.98,"C",0.0569333637653166,-2.80725541701872
2005,0,0.2,9500,1,0.65,"AA",0.00182234807202322,-6.30580544938948
2005,0,0.11,5000,1,0.45,"B",0.00132914798019108,-6.62188712634766
2005,0,0.2,3500,0,0.51,"D",0.578925671357572,0.318364724472137
2005,0,0.2,12000,0,0.26,"C",0.0720777213741882,-2.55520297745341
2005,0,0.15,7700,0,0.38,"C",0.00236955288658975,-6.04268163236037
2005,0,0.09,2500,0,0.04,"A",0.000386508646659145,-7.85796973513418
2005,0,0.22,2500,1,0.63,"D",0.0508697598149512,-2.92627739131016
2005,0,0.16,3500,0,0.53,"B",0.0171881404790633,-4.04619806867993
2005,1,0.15,4000,0,0.84,"Missing",0.400556362890737,-0.403147465630038
2005,1,0.29,9000,1,0.95,"D",0.583046372259732,0.335291712786214
2005,0,0.12,10000,0,0.12,"AA",0.00608515174461953,-5.09579987363061
2005,0,0.2,5000,0,0.87,"D",0.0393355961991983,-3.19549526774158
2005,0,0.14,2000,0,0.98,"B",0.00153722781829526,-6.47623619214086
2005,1,0.29,3950,0,0.78,"Missing",0.927459588470748,2.54830541617623
2005,1,0.29,3500,0,0.99,"Missing",0.94482795177138,2.84054639693775
2005,0,0.19,18000,0,0.76,"C",0.0131320751391059,-4.3194784942933
2005,0,0.12,6000,0,0.33,"AA",0.00258296201575166,-5.95623216683651
2005,0,0.16,9800,0,0,"C",0.00367291088843585,-5.60309110109953
2005,1,0.25,15000,0,0,"D",0.469718433045436,-0.121274687325146
2005,0,0.15,15000,1,0.72,"C",0.0747417861036978,-2.51603352738279
2005,1,0.29,25000,1,0.42,"D",0.752619412558342,1.11263168122159
2005,0,0.21,3001,1,0,"C",0.0906367803493258,-2.30588450115153
2005,0,0.29,13200,0,0.98,"D",0.434683685620864,-0.262766815860686
2005,0,0.15,5000,0,0.41,"B",0.00196611094920767,-6.2297297785855
2005,0,0.18,10000,0,0.96,"C",0.00501316767753374,-5.29066151696174
2005,0,0.15,5100,0,0.19,"C",0.013287014616782,-4.30759198850328
2005,0,0.05,1000,0,0.42,"D",0.0476036573673702,-2.99607168071176
2005,0,0.18,15000,0,0.26,"B",0.000422407871283443,-7.76911669396798
2005,1,0.24,3200,1,0.73,"Missing",0.946995052977003,2.88290862003055
2005,0,0.17,6550,0,0.77,"C",0.00900160717925525,-4.70130977568712
2005,0,0.14,2000,0,0.98,"B",0.00409931865267234,-5.49282675746429
2005,0,0.24,1800,0,1.18,"Missing",0.805067750062259,1.41827437346812
2005,0,0.09,1400,1,0.9,"D",0.00488577937841698,-5.31652870717245
2005,0,0.15,25000,0,0.04,"A",0.056890690954269,-2.8080504680569
2005,0,0.11,10000,0,0.37,"AA",0.00532292767365183,-5.23039466747271
2005,0,0.11,7000,0,0.83,"AA",0.000337935904507383,-7.99231631908086
2005,1,0.29,3000,0,1.34,"Missing",0.905178385332879,2.25613464905117
2005,0,0.2,2000,0,1.03,"Missing",0.443379448596296,-0.227457824993178
2005,0,0.23,5000,0,0,"D",0.0605374288991776,-2.74204614565458
2005,0,0.25,9900,0,0.37,"B",0.00436655858126384,-5.42940397029027
2005,0,0.15,2600,0,0.68,"C",0.00800739009780571,-4.81935078006195
2005,0,0.25,3001,0,1.02,"D",0.0708345415232051,-2.5739400704563
2005,0,0.22,7500,0,0.92,"D",0.396955025565148,-0.418168789875207
2005,0,0.13,16000,0,0.34,"A",0.000540196471316096,-7.52303730637759
2005,0,0.16,8000,0,0.66,"B",0.00559340110366274,-5.18055864766653
2005,0,0.15,15000,0,0.65,"B",0.000188467519147707,-8.57639639285604
2005,0,0.17,5600,0,1.09,"B",0.00128879274926286,-6.65275972812037
2005,1,0.19,4700,0,0.74,"D",0.542929429465604,0.172141547063012
2005,0,0.15,9999,0,0.83,"C",0.0259538732014795,-3.6251378058372
2005,0,0.27,15000,0,0.94,"D",0.146406353102942,-1.76306926114564
2005,0,0.21,5000,0,0.85,"C",0.031159131698333,-3.43699302109873
2005,0,0.23,4500,1,0,"D",0.296976044668519,-0.861739489224862
2005,0,0.25,9000,0,0.79,"D",0.397842329478824,-0.414463552475719
2005,0,0.09,5000,0,0.02,"AA",0.0016545251622134,-6.40258532696869
2005,1,0.22,4500,1,0.68,"D",0.271282547953527,-0.988125183840786
2005,1,0.27,1000,1,0.88,"Missing",0.927734352742216,2.55239655939931
2005,0,0.15,1000,1,0.46,"D",0.0204896022201087,-3.86713530402846
2005,0,0.07,5000,0,0.05,"AA",0.00027059928090569,-8.21460086373853
2005,0,0.22,3200,0,0,"D",0.0369210984772465,-3.26135217939035
2005,1,0.29,15000,0,0.98,"Missing",0.969253228865422,3.45074092286279
2005,1,0.24,4800,1,0,"C",0.155207531398385,-1.69432786428153
2005,0,0.29,5500,0,0.41,"D",0.187952369982033,-1.46337041652726
2005,0,0.1,2000,0,0.29,"A",0.000580710352281352,-7.45067757947002
2005,1,0.29,5000,0,0,"Missing",0.75227511900426,1.11078332722658
2005,1,0.24,1000,0,0.97,"Missing",0.977666540610027,3.77908267633903
2005,0,0.2,15000,0,0.61,"B",0.0403732847736903,-3.1683760722837
2005,1,0.2,2000,1,0.87,"Missing",0.824529458960869,1.54734169935755
2005,1,0.29,7000,1,0,"Missing",0.954233896321523,3.03736509298047
2005,0,0.16,6500,1,0.93,"A",0.0137657932020308,-4.27170709715417
2005,0,0.15,25000,0,0.04,"A",0.000655257429390285,-7.32982690536766
2005,1,0.29,5000,0,0.92,"Missing",0.958052484110131,3.1284833463685
2005,0,0.13,1200,0,0.72,"D",0.0122135469545863,-4.39292079193584
2005,0,0.18,2500,0,0.87,"D",0.135926542149798,-1.84954317728882
2005,0,0.22,6500,1,0,"B",0.00706078069139915,-4.94611382810635
2005,0,0.08,1000,0,0.78,"A",0.00101876440178468,-6.888145473093
2005,0,0.19,13500,0,0.78,"B",0.0020352191477579,-6.19511448354915
2005,0,0.21,2500,1,0.38,"A",0.00212472315363389,-6.1519867821556
2005,0,0.17,4990,0,0.9,"C",0.00674739624965518,-4.99182832646088
2005,0,0.24,22000,0,0.93,"D",0.0186783256946218,-3.96153651243243
2005,1,0.18,5000,1,0,"D",0.660702293280027,0.666425437104383
2005,0,0.25,5000,0,0.52,"C",0.0511485643048583,-2.92051781441603
2005,0,0.29,20000,0,1.05,"C",0.327734703554917,-0.718448598513212
2005,0,0.17,3000,0,0.91,"D",0.216968039428003,-1.28342345430616
2005,1,0.29,6500,0,0.95,"Missing",0.934618677965544,2.65990199318062
2005,1,0.2,2000,0,0.84,"Missing",0.951704441110828,2.98091491760366
2005,1,0.15,1000,0,0,"Missing",0.617031691242631,0.476968145028296
2005,0,0.25,6000,0,0.11,"D",0.0531540178360673,-2.8799427461162
2005,1,0.24,6000,0,0.52,"D",0.212442392221462,-1.31026566457586
2005,0,0.23,8500,0,1,"D",0.0474457260620421,-2.99956063734498
2005,0,0.17,4900,0,0.13,"D",0.083280602878639,-2.3985857610132
2005,1,0.2,1500,0,0.74,"Missing",0.976898540225963,3.74448698915321
2005,0,0.25,2550,0,0.53,"D",0.0688380172083451,-2.60467708207563
2005,0,0.27,7500,0,0.91,"Missing",0.941919941722471,2.78609790949194
2005,0,0.24,1000,0,0,"D",0.0676368973326673,-2.62356868127499
2005,0,0.24,15000,1,0.81,"D",0.128231173054743,-1.91668960756637
2005,1,0.23,1600,1,1.46,"Missing",0.218840356335775,-1.27243704076422
2005,0,0.11,25000,0,0.23,"AA",0.000243109530595546,-8.32175533389987
2005,0,0.22,6001,0,0,"D",0.291123055087373,-0.889935902487989
2005,0,0.16,5000,0,0.35,"B",0.00747005032747078,-4.88935545169795
2005,1,0.29,4090,1,0.58,"Missing",0.975290268251201,3.67553797375338
2005,0,0.11,1000,0,0.98,"D",0.0328076910955446,-3.38373437482736
2005,0,0.18,3100,0,0.86,"D",0.0211809171588683,-3.83324618523976
2005,1,0.2,2000,0,0.77,"Missing",0.594600173882356,0.383015397897525
2005,0,0.2,6500,1,0.92,"D",0.0141753605959403,-4.24197320012508
2005,0,0.11,10500,0,0.16,"AA",5.93779068409023e-05,-9.7315289598176
2005,1,0.26,2550,0,0.88,"Missing",0.905842898970539,2.26390121554201
2005,1,0.15,2000,0,0.87,"D",0.421490684738493,-0.316656972010882
2005,0,0.2,9000,1,0.93,"D",0.172509266121388,-1.56794695778429
2005,0,0.2,5000,0,0.43,"D",0.00836668206735631,-4.77509600158286
2005,0,0.14,1000,0,0.6,"A",0.00125213240250399,-6.68165434212168
2005,0,0.25,13000,0,0.74,"D",0.0469784509130492,-3.00994850988305
2005,0,0.13,9500,0,0.27,"A",0.0101360759944127,-4.58146654271571
2005,0,0.17,13000,1,0.88,"B",0.00450834679254534,-5.39730621747875
2005,0,0.13,4950,0,0,"B",0.000718783035387443,-7.237231963147
2005,0,0.2,6000,0,1,"C",0.00233542421053406,-6.05722357404815
2005,1,0.11,2593,0,1.01,"Missing",0.878122065126741,1.97476560027267
2005,0,0.2,3000,0,0.98,"D",0.201114920865997,-1.37934061427373
2005,0,0.11,13000,1,0,"AA",0.00061103186937812,-7.39975022215251
2005,0,0.13,6000,0,0.92,"C",0.0109647896687224,-4.50204073331492
2005,0,0.11,11000,1,0.43,"AA",0.00159621771280403,-6.43852088470079
2005,0,0.12,9000,0,0.12,"A",0.0128961214189306,-4.33784867972515
2005,0,0.25,4000,1,0.47,"C",0.0283373722593838,-3.53482714541458
2005,0,0.25,3000,0,0.71,"D",0.0376720121555546,-3.2404379006535
2005,0,0.17,1700,0,0.28,"D",0.0604499654464729,-2.74358506855628
2005,0,0.15,3000,0,0.08,"AA",0.0151316860250205,-4.17571698335657
2005,0,0.11,5000,0,0.18,"A",0.00328309172150458,-5.71568120964088
2005,1,0.2,2500,0,0.8,"Missing",0.962009193259384,3.23167980444414
2005,0,0.19,3900,1,0,"C",0.0818410135843781,-2.41759205692426
2005,0,0.13,25000,0,0.11,"AA",0.0108955768547297,-4.50844299688994
2005,1,0.29,6000,0,0.43,"D",0.510191688043486,0.0407723995326941
2005,0,0.2,25000,0,0,"B",0.000528557092530569,-7.54483103416648
2005,0,0.11,6000,0,0.4,"AA",0.00359467926136112,-5.62469935412364
2005,0,0.22,6001,0,0.98,"C",0.161318412599257,-1.64845099012962
2005,0,0.15,8000,0,0.12,"B",0.00648572143494608,-5.0316453755757
2005,1,0.29,3000,0,0.91,"Missing",0.966522901062855,3.36284340196368
2005,0,0.2,13000,0,1.01,"B",0.000686181391564075,-7.2836821290796
2005,0,0.15,3000,1,0.99,"C",0.00334509577371106,-5.69690925079537
2005,0,0.29,11000,0,0.98,"D",0.0992792443871612,-2.2052587524529
2005,0,0.08,3001,0,0.14,"AA",0.000444867699634746,-7.71728865751064
2005,0,0.18,3000,0,0.79,"B",0.0175669409227855,-4.02401342910738
2005,0,0.24,10000,0,0,"C",0.187674635595511,-1.46519115320546
2005,0,0.18,7500,0,0.58,"C",0.117300867075841,-2.01824226214311
2005,0,0.12,6000,0,0.6,"A",0.00214503408935078,-6.14245249628705
2005,0,0.17,10000,0,0.76,"C",0.161258270533925,-1.64889558319667
2005,0,0.2,2000,1,0,"D",0.0141134284679115,-4.24641459119618
2005,1,0.29,3800,0,1,"Missing",0.939320010548918,2.73954223982073
2005,0,0.17,15000,1,0.41,"B",0.000475088306393196,-7.65153466181562
2005,0,0.17,2000,0,0,"D",0.0327804863085581,-3.38459206581101
2005,0,0.15,1000,1,0.55,"B",0.0036172874835988,-5.61840700225542
2005,0,0.2,19000,0,0.95,"C",0.0464685176922187,-3.02139739770089
2005,0,0.18,3000,1,0.95,"D",0.0247387315631633,-3.67433530776713
2005,0,0.22,6500,1,0,"B",0.00793113527373477,-4.82899633767897
2005,0,0.08,3000,0,0.03,"AA",0.000133447504595635,-8.92166892505003
2005,0,0.11,2500,0,0.33,"B",0.000456959395825474,-7.69045895658104
2005,0,0.17,4000,0,0.73,"B",0.00237792845036341,-6.03914480911062
2005,1,0.29,3800,0,0.96,"Missing",0.98098784314152,3.94348145795979
2005,0,0.12,10000,1,0.08,"AA",0.00026359544318756,-8.24083141214014
2005,0,0.15,2000,0,0,"C",0.00584393034221818,-5.13649063178056
2005,0,0.1,10000,0,0.18,"AA",0.0076945742145154,-4.85951551578008
2005,0,0.13,10000,0,0.15,"A",0.00172385301186958,-6.36146802975565
2005,0,0.2,3000,0,0.39,"D",0.13024211403894,-1.89881974692548
2005,0,0.14,17500,0,0.79,"B",0.000224192250639385,-8.40278239503683
2005,0,0.2,1000,1,0.76,"C",0.00363478444404165,-5.61356406355711
2005,0,0.15,2200,1,0,"C",0.00857952809038668,-4.74975982400173
2005,0,0.2,5000,0,0.61,"C",0.0487269457299437,-2.97156896716191
2005,0,0.12,12000,0,0,"AA",0.00720200943460443,-4.92616713465723
2005,1,0.24,1000,1,0.29,"Missing",0.883320000245986,2.02425239324578
2005,1,0.2,2000,1,0,"D",0.218398809095363,-1.27502183340692
2005,1,0.2,9900,0,0.96,"D",0.399759002987292,-0.40646936325488
2005,0,0.19,11500,0,0.38,"C",0.281627368252285,-0.936403612185462
2005,0,0.15,5500,1,0,"C",0.0249570290307282,-3.6653260356166
2005,0,0.29,25000,0,0.58,"D",0.337824934621308,-0.673002153793155
2005,0,0.15,15000,0,0.04,"AA",0.00684869692888749,-4.97682461727807
2005,1,0.25,6000,1,1,"Missing",0.703846376709189,0.865681800148511
2005,0,0.24,6500,0,0.98,"C",0.00650242393843935,-5.02905660119913
2005,1,0.29,1890,1,0,"Missing",0.988070348106417,4.41672684114523
2005,0,0.24,3000,0,0.85,"Missing",0.77864822427711,1.25780618903763
2005,0,0.17,6001,0,0.56,"B",0.00213648981177713,-6.14645229618049
2005,0,0.22,5400,0,0.63,"D",0.0416575649267276,-3.13572217897223
2005,0,0.24,10000,0,0.97,"B",0.00269948032635495,-5.91199286572341
2005,0,0.18,5000,0,0.99,"D",0.264417572318868,-1.02313303714443
2005,0,0.12,6000,0,0.53,"AA",0.00037843819641096,-7.8790792741692
2005,0,0.11,25000,0,0.29,"AA",0.000650564579370447,-7.33701921213991
2005,0,0.22,15000,0,0.04,"D",0.310863072411736,-0.796087451476277
2005,1,0.25,13000,0,0.93,"D",0.3847179299737,-0.469570396757743
2005,1,0.24,1000,1,0.29,"Missing",0.945014351042294,2.84412789052346
2005,0,0.11,1000,0,0.97,"Missing",0.149876259758953,-1.7355718969334
2005,0,0.18,12000,0,0.93,"B",0.00108617664318281,-6.82400464887226
2005,0,0.14,9000,0,0.14,"B",0.000331391998891272,-8.01187714969957
2005,0,0.15,1600,0,0.82,"C",0.00192393469674897,-6.25145708087694
2005,0,0.2,2000,0,1.03,"Missing",0.598459339437751,0.399049785346636
2005,0,0.28,6000,0,0,"D",0.130093749967449,-1.90013010311394
2005,1,0.19,6000,1,0.61,"D",0.295641979776669,-0.868137583869727
2005,1,0.29,6500,1,0.85,"D",0.630104051885919,0.532663222696716
2005,1,0.29,5224,0,0.67,"Missing",0.936002903389232,2.68278086151048
2005,0,0.15,7500,1,0,"A",0.0340132411425321,-3.3464002327611
2005,0,0.26,25000,0,0.69,"B",0.0033856155412412,-5.68482818564969
2005,1,0.29,7900,1,0.99,"Missing",0.864459951999418,1.85283782515506
2005,0,0.12,7000,0,0.2,"B",0.000381921714649051,-7.86991291116821
2005,0,0.2,6500,1,0.92,"D",0.154600202150199,-1.69896720529318
2005,0,0.24,10000,1,0,"C",0.00946493066017889,-4.65065181249007
2005,0,0.17,6001,0,0.56,"B",0.001337987105151,-6.61525007171925
2005,0,0.29,7000,0,0,"C",0.04147982160958,-3.14018353159948
2005,0,0.18,13000,0,0.73,"C",0.0239467142011061,-3.70768606069156
2005,0,0.23,8100,0,0.93,"C",0.0777564903670156,-2.47322727395206
2005,1,0.22,2500,1,0.63,"D",0.18828658604795,-1.46118214338842
2005,1,0.29,3000,0,0.98,"Missing",0.910666695507698,2.32180259469748
2005,0,0.15,8000,0,0.12,"B",0.000177995334759169,-8.633575206056
2005,1,0.29,6500,0,0.89,"Missing",0.974728074039277,3.6524643998777
2005,0,0.29,2550,1,1.51,"D",0.262858597552373,-1.03116350029555
2005,0,0.15,8575,0,0.9,"B",0.00213156214681777,-6.14876632864808
2005,1,0.22,2500,1,0.74,"D",0.564566149973175,0.259714669582102
2005,0,0.2,9500,0,0.72,"D",0.0486350882192212,-2.97355245247709
2005,0,0.25,4500,0,0.87,"D",0.226894084771938,-1.22593273591945
2005,0,0.22,25000,0,0.63,"AA",0.0375931317570662,-3.24261593353838
2005,0,0.2,8500,0,0.64,"C",0.0551711037651489,-2.84056451521184
2005,0,0.15,9999,0,0.83,"C",0.00822356080763866,-4.79249441462293
2005,0,0.23,1525,0,0.56,"D",0.0636691174561765,-2.68826928828627
2005,0,0.17,1775,0,0.9,"D",0.0753596101438147,-2.50713343719576
2005,0,0.24,14900,0,0.93,"D",0.0532045118929115,-2.87893990944703
2005,0,0.15,3200,0,0.7,"C",0.0269971240359595,-3.58465669480718
2005,0,0.27,2400,0,0,"Missing",0.400587215744413,-0.4030189731235
2005,0,0.25,25000,0,0.71,"A",0.0169673394229547,-4.05935205925432
2005,0,0.29,20000,0,1.05,"C",0.101114501640064,-2.18490210648173
2005,0,0.15,2650,1,0.42,"D",0.0719843109537494,-2.55660044709162
2005,0,0.17,1500,0,0.61,"D",0.0116579504474225,-4.44004045274067
2005,0,0.23,2000,0,0.9,"Missing",0.909364378402844,2.30589856004711
2005,0,0.18,10000,0,0.27,"C",0.00653406940525055,-5.02416983380744
2005,0,0.2,10000,0,0.64,"D",0.0943966149708889,-2.26109623117813
2005,0,0.15,5000,0,0,"C",0.00383397909554904,-5.56001073912703
2005,1,0.29,3001,0,0.84,"Missing",0.981222299513363,3.95612901742074
2005,0,0.08,2000,0,0.05,"AA",0.00311393216175546,-5.7687502001919
2005,1,0.28,5000,0,0.56,"Missing",0.989030983377591,4.50165103129066
2005,0,0.23,15000,0,0.86,"C",0.0603620462780165,-2.7451341109064
2005,1,0.22,2500,1,0.63,"D",0.0629818996855405,-2.69985522082413
2005,0,0.29,25000,0,0.57,"B",0.181952661636812,-1.50317365343988
2005,1,0.16,4500,0,0.88,"D",0.0423689509342898,-3.11804677285697
2005,0,0.25,4000,1,0.47,"C",0.0597729078174789,-2.75556892174517
2005,0,0.16,8000,0,0.9,"B",0.00232485798878175,-6.06176875723513
2005,0,0.16,6000,0,0.16,"A",0.00144214563010803,-6.54018006694258
2005,0,0.21,25000,1,0.01,"B",0.00634182781366717,-5.05422623076709
2005,0,0.17,5000,0,0.17,"C",0.0142880943602449,-4.23393749868595
2005,1,0.27,6000,0,0.95,"Missing",0.849898025796806,1.73380148149745
2005,1,0.29,2000,0,0.77,"Missing",0.959540382750138,3.16615003011632
2005,0,0.16,9000,0,0.69,"C",0.00420111355114903,-5.46819569458546
2005,0,0.25,2500,0,0,"Missing",0.32766103454053,-0.71878298348886
2005,0,0.09,1400,1,0.9,"D",0.0593844939439631,-2.76250130708077
2005,0,0.12,4800,0,0.66,"B",0.000499085558630223,-7.60223380658628
2005,0,0.16,25000,0,0.76,"AA",0.000502304569710202,-7.59580147891117
2005,0,0.17,2000,0,0.74,"B",0.00360205568058834,-5.62264201540165
2005,0,0.29,3000,1,0.74,"Missing",0.970312232156285,3.48688280466501
2005,0,0.16,25000,0,0,"A",0.0012010980633121,-6.72331726787396
2005,0,0.26,2000,1,0,"Missing",0.805064714520087,1.41825503074643
2005,1,0.28,3500,1,0.94,"Missing",0.871593463541125,1.91512180670245
2005,0,0.11,6000,0,0.1,"A",0.000913967556165952,-6.99680109819712
2005,0,0.25,1000,1,0.95,"D",0.0175424309430844,-4.02543458451304
2005,1,0.24,2600,0,0.96,"Missing",0.842220110769807,1.67484043868108
2005,0,0.18,10000,0,0.27,"C",0.014040387102216,-4.25167742361333
2005,0,0.15,10000,0,0.68,"B",0.00192218470344156,-6.25236883897468
2005,0,0.1,1500,0,0.89,"A",0.0015050365031836,-6.49743195626012
2005,0,0.1,2000,0,0,"B",0.00128337278954,-6.6569794777094
2005,1,0.29,4000,0,1,"Missing",0.95992696698816,3.17615359089693
2005,0,0.22,5400,0,0.63,"D",0.0833935418879812,-2.39710734680521
2005,1,0.19,1000,1,0,"Missing",0.837643733043362,1.64079977119523
2005,0,0.07,5000,0,0.33,"AA",0.000280516523612402,-8.17859737115169
2005,0,0.17,1600,0,0.98,"C",0.00131962774408861,-6.62908509499127
2005,0,0.09,1000,0,0.6,"A",0.00068119413250982,-7.29098179642399
2005,0,0.11,3500,0,0,"D",0.00580565667192081,-5.14309997344238
2005,0,0.15,5000,0,0.7,"C",0.021612963575178,-3.81261203433465
2005,0,0.23,3500,1,0.96,"C",0.31682907525437,-0.768382650433801
2005,0,0.17,5233,0,0.38,"B",0.00560144054718611,-5.1791142863064
2005,0,0.17,20000,0,0.56,"B",0.000271934883410606,-8.20967594769015
2005,1,0.24,1000,0,0,"Missing",0.912157230929768,2.34026387626209
2005,0,0.1,2550,0,0.02,"AA",0.000135160899352023,-8.90890947212528
2005,0,0.14,9000,0,0.14,"B",0.00040202013402211,-7.81860628500155
2005,1,0.29,5000,0,0,"Missing",0.721678318431337,0.952801924591558
2005,0,0.19,19900,0,0.75,"C",0.00551494412357734,-5.19476355047379
2005,0,0.12,8000,1,0.91,"A",0.00167664736734223,-6.3892810396227
2005,1,0.29,1800,0,1.11,"Missing",0.92049128117924,2.44904084244865
2005,1,0.27,7500,0,0.69,"Missing",0.958839196614201,3.14823695325143
2005,0,0.15,8942,0,0,"B",0.00015415129911737,-8.77742181286762
2005,0,0.1,3885,0,0.38,"A",0.000179889332324327,-8.6229888110597
2005,0,0.11,9000,1,0.85,"A",0.0199428513073391,-3.8947401362959
2005,0,0.13,16000,0,0.34,"A",0.00243436230090292,-6.01563311531428
2005,1,0.22,6001,0,0,"D",0.223133955695518,-1.24749564505297
2005,0,0.22,20000,1,0.89,"C",0.0267572966869159,-3.59382627973565
2005,0,0.23,2000,0,1.13,"Missing",0.704869643176482,0.870595736146152
2005,0,0.09,4000,0,0.32,"A",0.000917041482330965,-6.99344038750671
2005,0,0.19,9000,1,0.98,"C",0.106574103438251,-2.12622284490327
2005,0,0.24,2000,0,0,"Missing",0.718527144873669,0.937167471188267
2005,0,0.18,25000,0,0.6,"A",0.00381515403743927,-5.56495178797356
2005,1,0.25,7000,0,0.62,"D",0.66007495301221,0.663628250470835
2005,1,0.29,2550,1,0,"Missing",0.552683344965596,0.211518480094
2005,1,0.26,1000,1,0.33,"Missing",0.901318724035961,2.21196371792522
2005,1,0.29,10000,0,0.78,"D",0.89927242758425,2.18916645283534
2005,0,0.15,3000,0,0.91,"Missing",0.453494180459485,-0.186562519338446
2005,0,0.2,6500,0,0.74,"D",0.155443775878057,-1.69252721452761
2005,1,0.23,6001,1,0.85,"Missing",0.978712222401914,3.82810456242812
2005,0,0.1,1000,0,0.24,"A",0.000617105219019605,-7.38985371963415
2005,0,0.19,25000,0,0.66,"A",0.00212707324579149,-6.15087896848057
2005,0,0.2,5000,0,0.85,"D",0.0522142893842662,-2.89877223262759
2005,0,0.2,9000,0,0.94,"D",0.0583786518104804,-2.78065295612425
2005,1,0.29,3000,0,0,"Missing",0.95341459853027,3.01876263585681
2005,0,0.15,4000,0,0,"C",0.0023696143140981,-6.04265564745243
2005,1,0.29,5000,0,1.01,"Missing",0.987597418316652,4.37737049215911
2005,0,0.17,25000,0,0.54,"A",0.00172082168793655,-6.36323107268444
2005,0,0.2,5000,0,0.65,"B",0.00101051525386456,-6.89628389970266
2005,0,0.13,16000,0,0.34,"A",0.000575244751180905,-7.4601395432364
2005,0,0.29,4200,0,1,"Missing",0.709872020521014,0.894762566819803
2005,0,0.14,9000,1,0.54,"B",0.00227025958938963,-6.08558825693202
2005,0,0.2,9000,0,0.65,"A",0.00536782288872288,-5.2219505923474
2005,1,0.29,7000,1,0.91,"D",0.7433023328195,1.06320387008037
2005,0,0.21,5000,0,0.73,"D",0.118092388014745,-2.010620034806
2005,0,0.22,15000,0,0.94,"C",0.00130962168853397,-6.63670649086236
2005,1,0.29,5900,0,0.88,"Missing",0.815754052575842,1.48784136753175
2005,0,0.23,10000,0,0,"D",0.297440409062811,-0.859516325316552
2005,0,0.11,8000,0,0.62,"B",0.000684223466075835,-7.2865415312551
2005,0,0.16,3000,0,0.81,"B",0.00125185248881739,-6.6818781969683
2005,0,0.18,10000,0,0.27,"C",0.023975452156941,-3.70645725746581
2005,0,0.09,2000,0,0.85,"A",0.000529947607054307,-7.54220232284014
2005,0,0.17,1500,0,0.92,"D",0.00218763195797258,-6.12274558958699
2005,0,0.17,3500,0,0,"B",0.00844308445381797,-4.76592865132969
2005,0,0.12,12000,0,0,"AA",0.00234140580308037,-6.0546596082759
2005,0,0.22,15000,0,0,"C",0.0357739071153509,-3.29410702715989
2005,0,0.18,1600,0,0.94,"D",0.011585600718714,-4.44633903259406
2005,0,0.2,9000,0,1.01,"D",0.227303657604565,-1.22359931913252
2005,0,0.2,3000,0,0,"D",0.0952787430236955,-2.25082016040255
2005,0,0.19,7500,0,0.98,"D",0.0601868617390514,-2.74822698145995
2005,1,0.29,3000,1,0.82,"Missing",0.983473075487974,4.08609942164104
2005,0,0.17,1000,1,0.76,"D",0.0107265173949334,-4.52425188091855
2005,0,0.11,8000,0,0,"A",0.00144531037985,-6.53798482889073
2005,1,0.29,1000,1,1.09,"Missing",0.986316025305522,4.27775139789419
2005,1,0.29,2500,0,0,"Missing",0.884081900669804,2.03166580467699
2005,0,0.13,20000,0,0.52,"A",0.00236147098531842,-6.04610629159561
2005,0,0.11,4000,0,0.11,"AA",0.00292004209581845,-5.83323293269333
2005,0,0.29,7000,1,0.91,"D",0.212280543889414,-1.31123328621486
2005,0,0.11,6001,0,0.01,"A",6.13797733760178e-05,-9.6983688192693
2005,1,0.29,3025,1,0,"Missing",0.844244506810746,1.69015472633523
2005,1,0.25,15000,0,0,"D",0.529495816651094,0.118120414176296
2005,0,0.08,1000,0,0.05,"AA",0.000902248038903888,-7.00971843269586
2005,0,0.18,9200,0,0.71,"C",0.0237069472316229,-3.71799466300614
2005,0,0.25,7000,0,0.14,"D",0.0700469230858868,-2.58596878266627
2005,0,0.09,9000,0,0.37,"AA",7.03031934684526e-05,-9.56262302822077
2005,0,0.23,3000,0,0.89,"Missing",0.514200976002637,0.0568191854258415
2005,0,0.17,25000,0,0.54,"A",0.000109264204370369,-9.12163244514585
2005,0,0.19,11000,0,0.93,"B",0.00172637648213661,-6.36000271765393
2005,0,0.1,1000,0,0.3,"AA",0.000327721798109746,-8.02301771046938
2005,0,0.25,8500,0,0.86,"Missing",0.329841154907036,-0.708903576705305
2005,1,0.24,10000,1,0.73,"D",0.191943152041726,-1.43743316735969
2005,0,0.13,2550,0,0.27,"A",0.000791857669721374,-7.14033672089276
2005,0,0.12,15000,0,0,"AA",6.38246111844726e-05,-9.65930786010738
2005,0,0.18,5000,0,0.92,"B",0.00367481221354369,-5.60257166505484
2005,0,0.2,11000,0,0.44,"C",0.0083796604677583,-4.77353291508309
2005,0,0.13,10800,1,0.68,"A",0.00173366036748607,-6.35578512141406
2005,1,0.29,2000,0,0.4,"Missing",0.612025694759558,0.455835152708938
2005,0,0.1,7000,0,0.07,"AA",0.0136326567680065,-4.2815606969479
2005,0,0.15,25000,0,0.16,"AA",0.00246481260726296,-6.003171640513
2005,0,0.18,15000,0,0.61,"A",0.000620122113835906,-7.38497382704985
2005,0,0.29,2550,0,0.43,"Missing",0.76660977292804,1.18926605430928
2005,1,0.18,1000,1,0,"C",0.15872326769055,-1.66775842625222
2005,0,0.23,16000,1,0,"A",0.0306105692239925,-3.45532107170205
2005,0,0.11,6500,0,0.34,"A",0.00109083825203493,-6.81971740608646
2005,0,0.13,15000,0,0.09,"AA",0.00163953898172957,-6.41169930086932
2005,0,0.2,8000,1,0.52,"D",0.62425974701032,0.507668454841836
2005,0,0.07,3000,1,0.09,"AA",0.00993811926954031,-4.60138965249298
2005,0,0.15,1000,1,0.55,"B",0.00394010022849546,-5.53260123441836
2005,0,0.26,7000,0,0.58,"D",0.166454813380514,-1.61096403234289
2005,0,0.09,1000,1,0.05,"AA",0.000228266804878971,-8.38476712345718
2005,1,0.29,2100,0,0,"Missing",0.687087148172763,0.7865364143079
2005,0,0.1,3600,1,0.28,"A",0.00907126287944429,-4.69353113025585
2005,0,0.13,10200,0,0.95,"A",0.00252172484812607,-5.98028723830339
2005,0,0.17,25000,1,0.02,"A",0.00115348916440722,-6.7638097191147
2005,1,0.23,2000,0,0.9,"Missing",0.907913871759869,2.28842520358
2005,0,0.11,11000,1,0.43,"AA",0.00149073582241089,-6.50699359230508
2005,0,0.24,6500,0,0.98,"C",0.0145255326770623,-4.21721524272389
2005,0,0.15,12000,0,0.94,"B",0.00121335897757305,-6.71314865516897
2005,0,0.26,25000,0,0.69,"B",0.00276673903169913,-5.88731532362546
2005,1,0.29,25000,0,0.11,"C",0.136682098553235,-1.84312521019477
2005,0,0.23,8000,0,0,"D",0.333926834441008,-0.690477612283091
2005,0,0.2,3000,1,0.07,"D",0.0939146130864669,-2.26674754961342
2005,0,0.12,15000,0,0.55,"A",0.00257933652207912,-5.95764040636356
2005,1,0.29,2500,1,0,"Missing",0.881782591178143,2.00942015347517
2005,0,0.11,5000,0,0.18,"A",0.00142114445293767,-6.55487062396502
2005,0,0.2,15000,0,0.84,"C",0.0150067583862141,-4.18413412113086
2005,0,0.12,5250,1,0.39,"B",0.0150784911560154,-4.17929264993742
2005,1,0.29,3000,0,0.82,"Missing",0.977203547564511,3.75809004079362
2005,0,0.13,4000,0,0.01,"A",0.00193918006517471,-6.24354897935531
2005,0,0.12,4000,0,0.43,"B",0.000108922709089912,-9.12476308953565
2005,0,0.18,17000,0,0.23,"B",0.00137067638897893,-6.59107932977076
2005,1,0.24,1000,0,0.92,"Missing",0.984316770737881,4.13935582517111
2005,0,0.14,11500,1,0.36,"A",0.00695247839093018,-4.96168032048489
2005,0,0.28,12839,0,0.45,"C",0.0912663313810794,-2.29827010693995
2005,0,0.23,8200,0,0.44,"C",0.0604262739730962,-2.74400227954899
2005,1,0.29,1500,0,0.84,"Missing",0.872557925460078,1.92376709805383
2005,1,0.17,11000,0,0,"C",0.00312656764657528,-5.76468800910143
2005,0,0.15,2000,1,0.49,"D",0.146484372786527,-1.76244509926328
2005,1,0.29,5000,0,0,"Missing",0.936711828645107,2.69467724287565
2005,0,0.25,7900,0,0.68,"C",0.0518373895648624,-2.90641432238025
2005,0,0.29,25000,1,0.42,"D",0.736795596200439,1.02937957692414
2005,0,0.13,10000,0,0.12,"AA",0.00121699180737884,-6.71015546387303
2005,1,0.29,2500,0,0.96,"Missing",0.933756963759159,2.64588584826461
2005,0,0.28,10500,0,0.94,"C",0.23091482972469,-1.20315277791329
2005,0,0.14,2400,1,0.22,"B",0.000702538485903047,-7.26010758867164
2005,0,0.22,4500,1,0.68,"D",0.0426323973403382,-3.11157297232147
2005,0,0.28,8423,0,0.92,"Missing",0.378379128019934,-0.496433699174475
2005,0,0.2,1990,1,1,"D",0.0255658474915218,-3.64059956768136
2005,0,0.11,1000,0,0.05,"C",0.146925062414836,-1.75892471812657
2005,1,0.15,1100,0,0,"Missing",0.764966379820254,1.18010331640736
2005,0,0.2,3000,0,0.62,"C",0.0215635794413619,-3.81495005370313
2005,0,0.14,3500,0,0.94,"C",0.0106460084053498,-4.53186717211154
2005,0,0.1,2000,0,0,"AA",0.000673168061438869,-7.30284214493354
2005,1,0.29,5500,0,1.02,"Missing",0.907052485621734,2.27816534340221
2005,0,0.24,7500,1,0.94,"C",0.0121902457641143,-4.39485401835009
2005,0,0.29,5000,0,1,"D",0.194441542175353,-1.42140420980819
2005,1,0.29,3975,0,0.97,"Missing",0.950854007012496,2.96256521845226
2005,1,0.29,3001,1,0,"Missing",0.973406594820715,3.60013861295487
2005,0,0.05,1000,0,0.64,"D",0.0024829071260941,-5.99583918241285
2005,0,0.1,2000,0,0,"B",0.00123860722102895,-6.69252836455567
2005,0,0.1,3900,0,0.41,"AA",0.000554302449454947,-7.49724562641057
2005,0,0.2,1300,0,0,"Missing",0.494050576379068,-0.0237988176920263
2005,0,0.2,3500,0,1,"D",0.0443911866647324,-3.06930768704532
2005,0,0.15,7500,0,0.65,"B",0.000977725447994582,-6.92930345162954
2005,0,0.14,8000,0,0.74,"B",0.00272960457154398,-5.90086518912948
2005,1,0.29,6000,0,0,"Missing",0.982201762534812,4.01069731449431
2005,0,0.11,4500,1,0.97,"AA",0.000373207088126873,-7.89300381958694
2005,0,0.14,2000,0,0.5,"C",0.00526217453207284,-5.24193485998752
2005,1,0.29,4000,0,0.77,"Missing",0.899664048223118,2.19349734070175
2005,0,0.29,20000,0,0.95,"Missing",0.981367446425392,3.96403670945812
2005,1,0.15,1000,1,1.75,"Missing",0.936942493627909,2.69857479789224
2005,1,0.29,3500,0,0.88,"Missing",0.884930155241308,2.03996943153101
2005,0,0.15,8400,0,0.48,"B",0.00101992340520757,-6.88700730355832
2005,0,0.08,1000,0,0.31,"AA",2.11420698858193e-05,-10.7642245267855
2005,1,0.29,7000,0,0,"C",0.317319224124497,-0.766119081721846
2005,0,0.19,8500,0,0.79,"C",0.0271979741254291,-3.57703810388345
2005,0,0.22,15000,0,0,"C",0.053299142075744,-2.87706292445818
2005,0,0.22,6000,0,0.71,"C",0.0185992715013685,-3.96585845260201
2005,0,0.17,3000,1,0.14,"AA",0.000831638748403758,-7.09128042331206
2005,0,0.2,9999,0,0.94,"D",0.131850904737837,-1.88469169399714
2005,0,0.15,5000,0,0.33,"B",0.00266700630225129,-5.92412810163656
2005,0,0.08,3001,0,0.14,"AA",9.63896908009053e-05,-9.2470149096292
2005,0,0.24,10000,0,0.97,"B",0.0125257165121423,-4.3673666025056
2005,0,0.2,18000,0,0.71,"B",0.0021089011043158,-6.15947714283366
2005,0,0.12,9000,0,0.05,"AA",0.000250375200493447,-8.29229955665638
2005,1,0.2,4200,1,0.97,"Missing",0.960268326572046,3.1850640633046
2005,0,0.15,1500,1,0.85,"D",0.200049377287576,-1.38598578163912
2005,0,0.29,12000,0,0.91,"D",0.080362325528636,-2.43743428196353
2005,1,0.29,7000,0,0,"Missing",0.95247111854689,2.99772222794891
2005,0,0.27,2550,0,0.98,"Missing",0.595328477408616,0.386037633393305
2005,1,0.15,3000,1,0.99,"C",0.112744980294486,-2.06300399238854
2005,0,0.15,9999,0,0.54,"C",0.160975853362321,-1.65098511169206
2005,0,0.23,5000,0,0.37,"D",0.29773412735675,-0.85811117009357
2005,0,0.09,1000,0,0.6,"A",0.00137867447743137,-6.58525313928839
2005,0,0.17,1200,0,0.94,"D",0.325895550454938,-0.726808135906166
2005,1,0.29,2500,0,0,"Missing",0.870569277102784,1.90600155948235
2005,0,0.13,2000,1,0.54,"A",0.00217923525801091,-6.1265996495565
2005,0,0.11,6001,0,0.01,"A",0.000835451126573482,-7.08670290735159
2005,0,0.29,25000,0,0.58,"D",0.13532456179427,-1.8546781660686
2005,0,0.19,15000,0,0.3,"AA",0.00360378797095102,-5.62215947529806
2005,1,0.29,5000,0,0.73,"Missing",0.688487107453907,0.793055866474228
2005,0,0.2,3100,1,0.92,"C",0.0660213872350025,-2.64947480087905
2005,1,0.29,25000,1,0.93,"C",0.413713273269126,-0.34863580743525
2005,0,0.09,6000,0,0,"AA",0.00037391124732463,-7.89111811416048
2005,0,0.15,4000,0,0.72,"C",0.107518345049013,-2.11634447413867
2005,1,0.29,4000,0,1,"Missing",0.98422291863433,4.13329407422741
2005,0,0.21,5000,0,0.85,"C",0.0153461018900029,-4.16142871370035
2005,0,0.23,6300,0,0.76,"D",0.206910328346164,-1.34365079123716
2005,0,0.15,8500,0,0.55,"AA",0.000152852517577597,-8.78588417465888
2005,0,0.11,9000,0,0.33,"A",6.116198949563e-05,-9.70192348421297
2005,0,0.09,5500,1,0.48,"A",8.44633851684522e-05,-9.3791079621713
2005,1,0.23,15000,0,0.18,"D",0.310815742493352,-0.796308393968262
2005,0,0.18,2800,0,0.99,"C",0.0226480025354487,-3.76477521139274
2005,0,0.05,1000,0,0.42,"D",0.00160207739770066,-6.43485075623557
2005,0,0.15,8400,0,0.48,"B",0.000750668151120972,-7.1937959298166
2005,1,0.29,6000,1,0.72,"Missing",0.984872180403023,4.17597646048568
2005,0,0.26,9500,0,0.86,"D",0.213716328648278,-1.30266806372975
2005,0,0.11,6000,0,0.1,"A",0.000689026545362125,-7.27954149628344
2005,0,0.12,1500,1,0.59,"D",0.0293389816418269,-3.49906023838745
2005,0,0.11,10000,1,0.23,"AA",0.0087379107911475,-4.73130784761949
2005,0,0.25,5000,0,0.76,"C",0.038664529104028,-3.21340081415598
2005,0,0.25,5500,0,0.49,"Missing",0.895094889127053,2.14387349842883
2005,0,0.24,17500,0,0.15,"D",0.0907928365676307,-2.3039925807094
2005,0,0.23,5000,1,0.98,"D",0.184899917886806,-1.4834962115426
2005,1,0.29,3000,1,0,"Missing",0.855845093188096,1.78120093073388
2005,0,0.25,2750,1,0,"Missing",0.627238169826513,0.520386633992612
2005,0,0.13,21000,0,0.24,"A",0.00139244116034935,-6.57530343023446
2005,0,0.29,15000,0,0.98,"Missing",0.925482639636479,2.51928325076331
2005,0,0.12,10000,1,0.08,"AA",0.00161254881985422,-6.42832538349796
2005,0,0.11,6500,0,0.34,"A",6.1432326928565e-05,-9.69751292994033
2005,0,0.15,15500,0,0.98,"B",0.000130710997625903,-8.94239107729392
2005,1,0.23,2400,0,0.91,"Missing",0.743716500173644,1.06537566112435
2005,0,0.28,25000,1,0.75,"C",0.483515901394256,-0.0659602988142096
2005,0,0.19,23000,0,0.27,"A",0.00177530119488453,-6.33200830428151
2005,0,0.23,8000,0,0.75,"C",0.00488432260719823,-5.31682838113042
2005,0,0.16,15000,0,0.46,"AA",0.00369709756558698,-5.59650326017835
2005,0,0.14,9999,0,0.54,"A",0.000225888292160686,-8.39524404955592
2005,0,0.29,25000,0,0.11,"C",0.128630660167817,-1.91312072973361
2005,1,0.24,2800,0,0,"Missing",0.93514832574307,2.66860242605884
2005,0,0.2,9000,0,0.94,"D",0.127432710312071,-1.92385131092957
2005,1,0.2,1500,0,0.74,"Missing",0.654230185130633,0.637685975843462
2005,0,0.22,6001,0,0,"D",0.0753330200552826,-2.50751509897034
2005,0,0.22,24000,0,0.72,"B",0.00658670792087529,-5.01609311605065
2005,1,0.29,3000,0,0.36,"Missing",0.922149101551846,2.47191148685789
2005,1,0.22,1500,1,1,"Missing",0.981143261967503,3.95184818024021
2005,0,0.13,9000,0,0.26,"AA",0.00142991783990481,-6.54870734982489
2005,0,0.12,2000,0,0.01,"AA",0.0014044662616256,-6.56669247988619
2005,0,0.28,2250,0,0.57,"Missing",0.819874409559876,1.51549683719406
2005,0,0.15,3500,0,0.3,"C",0.00497861016047441,-5.29761346641046
2005,0,0.13,15000,0,0.09,"AA",0.00453399060137657,-5.39160849950854
2005,1,0.29,2550,0,1,"Missing",0.958903219272168,3.14986036076492
2005,1,0.2,9000,0,1.01,"D",0.318054974977025,-0.76272480099885
2005,0,0.11,25000,0,0.35,"AA",0.000606871458752364,-7.40658649847346
2005,0,0.15,5000,0,0.35,"B",0.000243970815032365,-8.31821794976732
2005,0,0.2,7500,0,0,"D",0.47523280289653,-0.0991499348266118
2005,0,0.11,8000,0,0,"A",0.00080489207154641,-7.12399714597631
2005,0,0.19,3000,0,0.97,"C",0.0120138814588074,-4.40960587813166
2005,1,0.29,5000,1,0.97,"Missing",0.986224936908473,4.27102452414792
2005,0,0.24,17500,0,0.15,"D",0.0107007513489815,-4.52668290431995
2005,0,0.2,3000,0,0.76,"C",0.00358748701021741,-5.62670938127461
2005,1,0.29,3001,0,0.92,"Missing",0.876068133979439,1.95571191941086
2005,0,0.11,4000,0,0.11,"AA",0.00874892346214692,-4.73003719908632
2005,1,0.29,2550,0,0.9,"Missing",0.98229942104995,4.01629882321133
2005,1,0.29,2000,1,1.08,"Missing",0.941049785773913,2.77030278448365
2005,0,0.14,8000,0,0.92,"B",0.000450134429887832,-7.70551405095688
2005,0,0.13,15000,0,0,"B",0.000171218771244695,-8.67239722171549
2005,0,0.2,10000,0,0.45,"A",0.00406561577339754,-5.50111616282572
2005,1,0.29,2550,1,0,"Missing",0.941152244332174,2.77215121994382
2005,0,0.17,15000,1,0,"A",0.00288435863668904,-5.84556418696114
2005,0,0.23,1525,0,0.56,"D",0.0606787585129364,-2.73956383621661
2005,1,0.23,10000,1,0.72,"D",0.145164562046364,-1.77304097062143
2005,0,0.29,2550,0,0.63,"D",0.0421240795163595,-3.12409871306428
2005,0,0.17,1500,0,0.67,"C",0.00433963041615935,-5.43561701811982
2005,0,0.2,5950,0,0.74,"C",0.0114619710654454,-4.45719242148913
2005,0,0.15,16000,0,0.77,"B",0.000263017507978463,-8.24302690563875
2005,1,0.15,2000,0,1.59,"Missing",0.496124301116846,-0.0155031060346643
2005,0,0.17,4600,0,0.88,"B",0.0148049712928363,-4.19787659772688
2005,1,0.29,2560,0,1,"Missing",0.92112005546899,2.45766337405971
2005,0,0.2,6001,0,0.77,"C",0.0417881844849161,-3.13245522357408
2005,0,0.11,3000,1,0,"C",0.0670651450518863,-2.6326709139959
2005,0,0.29,4000,0,0.77,"Missing",0.800069988667781,1.38673184771132
2005,0,0.2,3000,0,1,"C",0.0690155148102649,-2.60191128082109
2005,0,0.29,3600,1,0.69,"D",0.300820878656935,-0.843391963020583
2005,0,0.13,20000,0,0.79,"A",0.000149418738629915,-8.80860843732496
2005,0,0.18,10000,0,0.96,"C",0.0149439892387808,-4.18838934188915
2005,0,0.11,10000,1,0.23,"AA",0.000222380098932434,-8.41090007798013
2005,0,0.1,2500,1,0,"B",0.00191438506231027,-6.25644260436605
2005,0,0.09,5500,1,0.48,"A",0.00214217067233805,-6.14379116276616
2005,1,0.29,5000,0,0.71,"Missing",0.908198006263988,2.29182840775265
2005,0,0.08,1000,0,0.01,"AA",0.00211225934469789,-6.15788263158109
2005,0,0.29,23250,0,0.92,"C",0.212815218798516,-1.30803874090725
2005,1,0.24,1750,1,0.91,"Missing",0.964633749816519,3.30599051469679
2005,0,0.17,25000,0,0.78,"B",0.000646451297989913,-7.34336603405437
2005,0,0.09,2500,0,0.1,"AA",0.000415895960941354,-7.78465944040303
2005,0,0.11,25000,0,0.35,"AA",2.47700131152598e-05,-10.6058520146616
2005,1,0.28,5200,1,0.92,"Missing",0.982501479454903,4.0279855124732
2005,0,0.1,3000,0,0,"A",0.00198227811418793,-6.22152428751682
2005,0,0.11,25000,1,0.09,"AA",0.00115937850299419,-6.75871113962036
2005,1,0.29,2550,0,1.16,"Missing",0.940846627182196,2.76664652688937
2005,0,0.24,25000,0,0.85,"B",0.0131522287784285,-4.31792456060412
2005,0,0.14,3000,0,0,"C",0.00208908250804956,-6.1689390330694
2005,0,0.24,9950,0,0,"D",0.256787375047466,-1.06273376662393
2005,0,0.19,15000,1,0.41,"A",0.0181537623251529,-3.99055688544408
2005,0,0.17,9200,0,0.06,"A",0.00450197758103707,-5.39872637428828
2005,0,0.23,15000,1,0.76,"B",0.0039292719255657,-5.5353641191383
2005,1,0.28,4000,0,0.53,"Missing",0.987378120324532,4.3596212765066
2005,0,0.15,9999,0,0.54,"C",0.0219248902841741,-3.79796393228319
2005,0,0.29,2800,0,0.99,"C",0.0282494155495377,-3.53802640230683
2005,1,0.29,6000,0,0.84,"Missing",0.998185327667127,6.31003403957017
2005,1,0.24,1000,1,0,"Missing",0.916459298801869,2.3951837043168
2005,1,0.29,3000,0,1.51,"Missing",0.966060004195652,3.34863181224157
2005,0,0.14,5000,0,0.68,"B",0.00154885790170234,-6.46868739863854
2005,0,0.2,4000,0,0.48,"D",0.0258804150994537,-3.62804756431569
2005,0,0.29,25000,0,0.44,"AA",0.0488336796718565,-2.96926870516858
2005,0,0.09,8000,0,0,"AA",0.00126212899359404,-6.67369238031293
2005,0,0.17,1700,0,0.28,"D",0.294961768667016,-0.871406279980672
2005,0,0.15,4000,0,0.84,"Missing",0.847779823740516,1.7172929594992
2005,0,0.14,7500,1,0.54,"B",0.00308887814442166,-5.77685365547729
2005,1,0.29,5000,1,0.75,"D",0.113173531519329,-2.05872700655019
2005,0,0.17,12000,0,0.91,"D",0.0277519644850703,-3.55630432253675
2005,0,0.22,5000,0,0.47,"D",0.0532827228001473,-2.87738837435618
2005,0,0.09,2500,0,0.09,"AA",4.68444265559261e-05,-9.96863167442027
2005,1,0.29,4000,0,0.95,"Missing",0.920198493482224,2.44504701761017
2005,0,0.1,7500,0,0.13,"AA",0.000685226382740855,-7.28507582728972
2005,0,0.15,8942,0,0,"B",0.00430492566527694,-5.44368118978099
2005,0,0.21,5000,0,0.73,"D",0.0200962231006422,-3.88692248803868
2005,1,0.29,2000,1,0.09,"Missing",0.889295811978589,2.08356825587778
2005,0,0.21,13500,0,0.84,"D",0.258381331632205,-1.05439866373736
2005,0,0.17,3000,0,0,"Missing",0.356771596154176,-0.589404086751958
2005,0,0.18,3100,0,0.98,"C",0.0028705413627171,-5.85037996960621
2005,1,0.23,6001,1,0.52,"D",0.355305231818049,-0.595799749172884
2005,0,0.09,5000,0,0,"A",0.000370292735570192,-7.90084632661412
2005,0,0.2,4000,0,0.48,"D",0.0715039768560917,-2.56381302916789
2005,1,0.29,3500,0,1.24,"Missing",0.926151199682807,2.529017739925
2005,1,0.26,2600,0,0.36,"Missing",0.97468861994317,3.65086395660991
2005,0,0.17,1850,0,0.68,"D",0.0995307814337701,-2.20244902396336
2005,1,0.26,17850,0,0.94,"C",0.832535050427514,1.60370125049964
2005,0,0.26,12000,0,0.59,"D",0.638647479339862,0.569498633244536
2005,0,0.12,3001,0,0.05,"AA",0.000408955016630912,-7.80149635309609
2005,0,0.1,4000,0,0.34,"A",0.000461381286869475,-7.68082428257445
2005,0,0.1,8000,0,0.45,"AA",0.000177070021643986,-8.6387882154117
2005,0,0.29,25000,0,0.44,"AA",0.00334167645599488,-5.69793539266049
2005,0,0.15,2000,0,0,"C",0.00468793241993356,-5.35806468711642
2005,1,0.16,5200,0,0.86,"C",0.141448826090434,-1.80330828847545
2005,0,0.16,10000,1,0.83,"C",0.0805091286683243,-2.43544953853217
2005,1,0.17,4000,1,0.31,"D",0.324959678676362,-0.731071315360959
2005,0,0.29,5000,1,0.65,"D",0.256221455379407,-1.06570120483863
2005,0,0.13,20000,0,0.46,"A",0.000791598487743678,-7.1406643426498
2005,1,0.17,12000,0,0.91,"D",0.0678770775132114,-2.61976631135384
2005,0,0.23,8100,0,0.93,"C",0.0547459578210908,-2.84875018284931
2005,1,0.29,3001,1,0,"Missing",0.955708655861729,3.07166384727498
2005,0,0.29,3500,0,0.98,"Missing",0.971153639163517,3.51650083939558
2005,0,0.19,6001,0,0.52,"C",0.0214304652306078,-3.82127832836268
2005,0,0.23,10000,0,0.88,"C",0.0408553796135599,-3.15600336231462
2005,0,0.17,3000,0,0,"C",0.0441110258318937,-3.0759320004326
2005,0,0.14,2500,0,0,"C",0.00304458273328716,-5.79134219370937
2005,0,0.25,10000,0,0.93,"B",0.0136935916960203,-4.27703910127012
2005,0,0.12,9000,0,0.12,"A",0.00122008757119685,-6.70761181065946
2005,1,0.29,3000,0,0.82,"Missing",0.940314188890008,2.75711974061592
2005,0,0.11,9000,1,0.85,"A",0.00236971053738934,-6.04261494467193
2005,0,0.15,17000,1,0.58,"A",0.0257230377378709,-3.63430861832691
2005,1,0.29,3500,0,0.99,"Missing",0.910237574866171,2.31653917733043
2005,0,0.24,25000,0,0,"A",0.0272424278835715,-3.57535928940888
2005,1,0.24,2500,1,0.96,"D",0.68748699465421,0.788396827078182
2005,0,0.15,1600,0,0.82,"C",0.00434676959035504,-5.43396608841002
2005,1,0.24,2500,1,0.96,"D",0.656453412683112,0.64752900021848
2005,1,0.25,3500,0,0.97,"Missing",0.751056399273366,1.10425438014052
2005,0,0.22,9000,0,0.95,"D",0.216846592712585,-1.28413844175075
2005,0,0.1,15000,0,0.21,"AA",0.00341971164197886,-5.67477347445257
2005,0,0.15,11000,0,0.42,"A",0.0618249801473784,-2.71962902763231
2005,1,0.23,4000,1,1,"Missing",0.790490906171748,1.32788700697442
2005,0,0.29,8000,0,0.8,"D",0.686537269355907,0.783980041184429
2005,0,0.18,1000,1,0.61,"D",0.114659994578918,-2.0440005779429
2005,0,0.21,6250,0,0,"C",0.00478687343087339,-5.33707944189451
2005,0,0.15,6500,0,0.9,"C",0.347651865837269,-0.629376773999618
2005,0,0.1,2300,0,0.62,"A",0.00203092223664691,-6.19723229797045
2005,0,0.16,9000,0,0.69,"C",0.00953104500888608,-4.64362415657027
2005,0,0.29,2800,0,0.99,"C",0.056350815322917,-2.81815776138566
2005,1,0.29,10000,0,1.13,"Missing",0.948374118823892,2.91072594459256
2005,0,0.15,2500,1,0.9,"C",0.0546497806972302,-2.85061025951938
2005,0,0.15,12000,0,0.33,"B",0.000563506354894078,-7.48076828182325
2005,1,0.19,6001,1,0.24,"D",0.501625219732462,0.00650090182469421
2005,1,0.29,17000,1,0,"D",0.937992898932097,2.71649346670277
2005,0,0.25,15000,0,0.83,"C",0.14973550622682,-1.73667702438006
2005,1,0.29,7000,1,0,"Missing",0.994547422054895,5.20619926718765
2005,1,0.29,3800,0,0.84,"Missing",0.939443082492364,2.7417035262275
2005,0,0.15,2550,0,0.98,"Missing",0.59640332588822,0.390501111591759
2005,1,0.23,1000,0,0.92,"Missing",0.967806789502902,3.40327689354324
2005,1,0.28,5000,0,0.87,"Missing",0.952875122839652,3.00668282013539
2005,0,0.17,3800,0,1.1,"D",0.0574409435287942,-2.79784122580304
2005,0,0.18,15000,0,0.16,"B",0.00247695761866419,-5.99824420821386
2005,0,0.17,2000,0,0,"D",0.0740092193642485,-2.52667460703238
2005,0,0.25,8000,1,0.85,"D",0.497354639694067,-0.0105815399563198
2005,1,0.25,15000,0,0.65,"D",0.0627704370560729,-2.70344403491405
2005,0,0.24,18000,1,0.97,"C",0.00984642103307008,-4.61075201910572
2005,1,0.23,3000,0,0.89,"Missing",0.961877377482545,3.22807910352164
2005,0,0.09,2500,0,0.09,"AA",0.000167274704500878,-8.69570587114731
2005,1,0.26,4500,0,0.96,"Missing",0.966297765793496,3.35590790078779
2005,1,0.29,3000,0,0.91,"Missing",0.975355073586111,3.6782305284287
2005,0,0.09,5000,0,0.17,"AA",0.000324102718838002,-8.03412590371433
2005,0,0.13,10000,0,0.53,"A",0.000894277446238488,-7.01859981083754
2005,0,0.11,5000,1,0.45,"B",0.0084684599817069,-4.76290208606959
2005,0,0.24,4500,1,0.71,"D",0.31883560587257,-0.75912805022693
2005,0,0.17,1075,1,0.9,"Missing",0.58943936421069,0.361648224976961
2005,1,0.29,5224,0,0.67,"Missing",0.871726241353258,1.91630871171629
2005,0,0.18,10000,0,0.27,"C",0.0208395207779786,-3.8498443293497
2005,1,0.29,10000,1,0.9,"Missing",0.967107271857222,3.38105781768897
2005,1,0.15,2000,1,0,"Missing",0.639086975245059,0.571403555961586
2005,0,0.29,11000,0,0.98,"D",0.1744858811947,-1.5541625382416
2005,1,0.29,3600,0,0.3,"Missing",0.986606908660711,4.29953268896004
2005,0,0.25,15000,0,0,"C",0.0950722611385768,-2.25321784792825
2005,0,0.12,3500,0,0.31,"A",0.000422130798171187,-7.76977312375889
2005,0,0.08,5000,0,0.13,"AA",2.79296996174912e-05,-10.4857920028092
2005,0,0.11,2000,0,0.75,"B",0.0308255624577044,-3.44810031810596
2005,0,0.12,3000,0,0.56,"B",0.000179182755625319,-8.62692509301248
2005,0,0.2,13000,0,0.9,"C",0.00320317913621886,-5.74040316198663
2005,0,0.16,15000,0,0.46,"AA",0.000673980164689378,-7.30163566933784
2005,0,0.19,19900,0,0.75,"C",0.120235329913246,-1.99020354637285
2005,1,0.21,5000,0,0.97,"D",0.065649554141126,-2.65552076828132
2005,0,0.18,2500,0,0.87,"D",0.299422180450874,-0.85005089879654
2005,0,0.1,1000,0,0.56,"A",0.000757948483301445,-7.18413690274234
2005,1,0.25,3000,0,0.97,"Missing",0.89741213653372,2.16879558162
2005,0,0.21,3500,0,1.03,"D",0.154214417046465,-1.70192192691683
2005,0,0.16,3500,0,0,"C",0.0189354833422973,-3.94760063619527
2005,0,0.18,9999,0,0.92,"D",0.31999592193589,-0.75379054354305
2005,0,0.18,20000,0,0.67,"B",0.00124037292478208,-6.69110205596415
2005,1,0.29,5500,0,1.13,"Missing",0.897073459636544,2.16512222008018
2005,0,0.07,5000,0,0.05,"AA",3.73027072463123e-05,-10.1964073502152
2005,0,0.19,25000,0,0.85,"A",0.00717586694106562,-4.9298299593024
2005,1,0.25,3000,1,0.93,"Missing",0.99473576185885,5.2415407033388
2005,0,0.29,13531,0,0.82,"D",0.302098982884716,-0.837322561845664
2005,1,0.27,2000,1,0,"Missing",0.94848752768027,2.91304468045435
2005,0,0.14,1500,1,0.25,"AA",0.00239888413381285,-6.03034982792675
2005,0,0.12,4000,0,0.04,"AA",0.00118319474178763,-6.73835319536874
2005,0,0.18,7500,0,0,"C",0.0324952565868789,-3.39362620013367
2005,1,0.29,17000,1,0,"D",0.685817187363803,0.780636079147661
2005,0,0.24,4592,0,0.6,"C",0.00688386197618162,-4.97166778572341
2005,0,0.09,6100,0,0.48,"A",0.00126105983064552,-6.67454092050626
2005,0,0.17,5000,0,0.34,"D",0.00545989418941868,-5.20485101475165
2005,0,0.23,1750,1,0,"Missing",0.966561509048815,3.36403727750609
2005,0,0.24,14900,0,0.93,"D",0.331150578806997,-0.702985761565838
2005,0,0.23,8800,1,0.61,"C",0.14491078321804,-1.77508754570469
2005,0,0.29,25000,0,0.11,"C",0.0732854927577315,-2.5372828698925
2005,1,0.29,2550,0,1,"Missing",0.882684618969982,2.01810209425535
2005,1,0.29,2550,0,0.94,"Missing",0.867500309536619,1.87903555933737
2005,0,0.29,13500,0,0.78,"D",0.174086107122311,-1.55694047684969
2005,1,0.29,20000,0,0.61,"D",0.954300022673261,3.03888030941485
2005,0,0.25,8500,0,0.78,"D",0.460205478676665,-0.159515468554832
2005,0,0.17,6500,1,0.33,"C",0.0241682672448453,-3.69824966476513
2005,0,0.17,1000,0,0.67,"D",0.0981907352937979,-2.21749117387245
2005,0,0.2,5000,0,0.7,"D",0.0601815744775058,-2.74832045860463
2005,1,0.29,2700,0,0,"Missing",0.877345842530849,1.96753259473216
2005,0,0.2,8000,0,0.91,"D",0.00548131955191073,-5.20091301575841
2005,0,0.2,3000,0,0.39,"D",0.0270231562005977,-3.58366614763252
2005,1,0.29,3000,0,0.92,"Missing",0.839502609211458,1.65453189889819
2005,0,0.26,10000,0,0.46,"D",0.153411252236451,-1.70809279840741
2005,0,0.2,3500,0,0,"Missing",0.518743952400878,0.0750109614917778
2005,0,0.1,2000,0,0.29,"A",0.00058592322177473,-7.44173570289161
2005,1,0.28,12000,0,0,"Missing",0.954928581946849,3.05338825482573
2005,1,0.29,6000,1,0.72,"Missing",0.960970889949182,3.20363633783295
2005,0,0.14,3000,0,0.35,"C",0.0128599020292255,-4.34069787206902
2005,0,0.15,7000,0,0,"A",0.00491065643340851,-5.31142489962787
2005,0,0.1,5000,0,0.52,"AA",0.000128302018529619,-8.96099524332781
2005,0,0.2,13000,0,0.8,"D",0.16333867278079,-1.63359356923077
2005,1,0.29,3000,0,0.98,"Missing",0.732830732848691,1.00903233451049
2005,0,0.2,7500,0,0.74,"C",0.0782829131774559,-2.46590897253267
2005,0,0.22,7000,0,0.07,"AA",0.00133299293943114,-6.61899465238559
2005,0,0.11,9000,1,0.85,"A",0.00400869228603938,-5.51527345542683
2005,0,0.25,15000,0,0,"C",0.190052166955266,-1.44967124454657
2005,1,0.28,5000,0,0.56,"Missing",0.95483345636195,3.05118030626165
2005,0,0.09,3500,0,0.14,"AA",0.0002100973990737,-8.46772921018567
2005,0,0.15,8000,0,0.84,"A",0.026532662166193,-3.6024877643561
2005,0,0.21,10000,0,0.72,"A",0.0106483407871197,-4.53164575352922
2005,0,0.11,5000,1,0.45,"B",0.00285446992709647,-5.85601056618106
2005,0,0.29,12000,0,0.63,"D",0.100155146622651,-2.19550191339377
2005,0,0.23,10000,0,0.67,"D",0.654246608837278,0.6377585794822
2005,1,0.29,5000,1,0.42,"D",0.66459477325789,0.683838058520827
2005,0,0.18,25000,0,0.69,"B",0.0168320057111407,-4.06749782926945
2005,0,0.29,18000,0,0.93,"D",0.175523443725524,-1.54697609125957
2005,0,0.18,10000,0,0.27,"C",0.014014690573331,-4.25353534920669
2005,1,0.24,3000,0,1,"Missing",0.976769967609463,3.73880523551112
2005,0,0.22,2000,1,0.84,"D",0.144911071515163,-1.77508521907205
2005,1,0.2,2018,0,0,"Missing",0.734201915081689,1.01604713817102
2005,0,0.2,7500,1,0.9,"D",0.0597863971324671,-2.7553289241632
2005,0,0.2,5950,0,0.74,"C",0.0155719100902102,-4.14659219724623
2005,0,0.2,10000,0,0.87,"C",0.0722851354922301,-2.55210591432363
2005,0,0.11,8000,0,0,"A",0.000605504034550071,-7.40884364439612
2005,0,0.2,10000,0,0.87,"C",0.0140119581996293,-4.25373310439054
2005,0,0.13,5000,0,0.69,"A",9.55167962544959e-05,-9.25611292757343
2005,0,0.06,9600,1,0.16,"C",0.0767898408522574,-2.48678454913522
2005,1,0.23,7200,0,1.12,"Missing",0.461389003132025,-0.154752085915421
2005,0,0.12,10000,1,0.08,"AA",0.00687185200897803,-4.97342605798326
2005,1,0.26,5000,0,0,"Missing",0.921996876731048,2.46979296825984
2005,1,0.16,6500,1,0.93,"A",0.0243666718440069,-3.68987053689584
2005,1,0.29,5000,1,0.96,"Missing",0.817899780165476,1.50218261701014
2005,0,0.15,9800,0,0.94,"B",0.00174622659601345,-6.34855029688207
2005,0,0.2,2500,0,1,"C",0.0150056385409793,-4.18420988354818
2005,1,0.23,1500,0,0.84,"Missing",0.922249175280076,2.4733062838954
2005,0,0.22,18200,1,0.8,"C",0.137956354079454,-1.83236854235515
2005,0,0.24,7100,0,0.9,"D",0.0434454418742159,-3.09183188546343
2005,0,0.15,8400,0,0.48,"B",0.00220955604683873,-6.11275166669815
2005,1,0.28,3900,0,1.08,"Missing",0.913273780543285,2.35427945085633
2005,1,0.29,3000,1,0.95,"Missing",0.711187276477137,0.901157331254096
2005,0,0.2,3300,0,0.55,"D",0.0369199304261805,-3.26138502913169
2005,1,0.29,12500,0,0.96,"D",0.126214269469361,-1.93485417202774
2005,0,0.09,3500,0,0.1,"AA",0.00060753245982473,-7.40549723528429
2005,1,0.24,14900,0,0.93,"D",0.780124078813239,1.26638958979213
2005,0,0.18,4800,0,0.89,"C",0.0392492270537495,-3.19778328283203
2005,0,0.22,4000,0,0.47,"B",0.000722397129121165,-7.2322128717705
2005,1,0.26,2000,1,0,"Missing",0.824463280495934,1.54688435656274
2005,0,0.29,10000,0,0.62,"C",0.00554387638254128,-5.18950201416591
2005,0,0.15,20000,0,0.75,"B",0.00194275255244561,-6.24170482790064
2005,0,0.1,2100,0,0,"AA",0.000683338380815,-7.28783681600577
2005,0,0.15,4000,0,0.28,"B",0.00606685908954182,-5.09882891876083
2005,1,0.29,2610,0,1.39,"Missing",0.971858699572966,3.54197215970607
2005,0,0.19,1500,0,0.86,"D",0.0278059447876331,-3.55430559069662
2005,1,0.26,2200,0,0.98,"Missing",0.775517406407526,1.23973225769734
2005,0,0.2,6500,1,1.06,"Missing",0.908217540198631,2.29206272195429
2005,0,0.15,4000,0,0.95,"C",0.000945495888101992,-6.96285507563774
2005,0,0.2,8000,0,0.87,"D",0.0351649384718723,-3.31190764597362
2005,1,0.25,3500,1,0.62,"Missing",0.97271899542209,3.57390458123557
2005,0,0.2,6500,1,0.92,"D",0.362716889949346,-0.563591387140339
2005,0,0.08,1000,0,0.31,"AA",0.00146576432268132,-6.52391161098984
2005,1,0.28,2250,0,0.57,"Missing",0.951747645022284,2.98185528647144
2005,0,0.17,4500,0,0.89,"D",0.0391046934511533,-3.20162296393749
2005,0,0.21,3000,1,0.97,"D",0.0227366134906414,-3.76077964850397
2005,0,0.09,5000,0,0.01,"AA",0.00616610917005369,-5.08250204637749
2005,0,0.24,4592,0,0.6,"C",0.0319554210475517,-3.41093629957246
2005,0,0.23,15900,0,0.74,"D",0.0943331737723899,-2.26183857942394
2005,0,0.08,6001,0,0.04,"AA",0.000392450420854999,-7.84270781756371
2005,1,0.2,1300,0,0,"Missing",0.748287614278832,1.08950030593797
2005,0,0.25,5100,0,1.02,"Missing",0.786259228032291,1.30252260990777
2005,0,0.2,3500,0,1,"D",0.0273270701060632,-3.57217008974897
2005,1,0.29,2500,1,0.89,"Missing",0.872235251252156,1.92086849856906
2005,0,0.22,4000,1,1,"D",0.250842405926894,-1.09412449024807
2005,1,0.25,3500,0,0.97,"Missing",0.660594804919383,0.665945989397149
2005,0,0.29,20000,0,0.04,"C",0.137746655277588,-1.83413296424102
2005,0,0.29,25000,0,0.61,"A",0.00624936654710822,-5.06900619725609
2005,0,0.2,5200,1,0.77,"D",0.252564458515461,-1.08498157203288
2005,0,0.18,2500,0,0,"C",0.0194847494478397,-3.91844611937978
2005,0,0.12,10000,0,0.5,"B",0.000534785350729074,-7.53311017676707
2005,0,0.21,5000,0,0.85,"C",0.0523858796071384,-2.89531029152385
2005,0,0.24,10000,1,0.03,"A",0.00210710749305389,-6.1603297977825
2005,0,0.23,3890,0,0.97,"Missing",0.140133805841203,-1.81417906678108
2005,0,0.17,10000,0,0.28,"B",0.0105772622457949,-4.53841505388001
2005,0,0.15,5000,1,0.42,"B",0.00119472518565595,-6.7286436507695
2005,0,0.26,5000,0,0,"Missing",0.912716059823213,2.34725835071478
2005,0,0.22,9000,0,0.95,"D",0.153215237195205,-1.7096028333858
2005,0,0.16,10000,1,0.83,"C",0.0285888361783494,-3.52573352414534
2005,0,0.26,5050,1,0,"D",0.050800421016362,-2.92771443873912
2005,0,0.14,2000,0,0.5,"C",0.00681252965021028,-4.98215592581493
2005,1,0.29,2500,0,0,"Missing",0.89983341931465,2.19537504961846
2005,0,0.11,8000,1,0.17,"AA",0.00449887470347248,-5.39941895427728
2005,0,0.21,15500,0,0.66,"A",0.0248521512449859,-3.66964478123997
2005,0,0.22,20000,1,0.89,"C",0.273885251332633,-0.974998830436999
2005,0,0.22,7500,0,0.92,"D",0.0875551436195599,-2.34385884460885
2005,0,0.15,15000,0,0.65,"B",0.00191192547123101,-6.2577306890606
2005,0,0.11,3000,0,0.32,"AA",0.0004026824013602,-7.81695962917573
2005,0,0.29,23500,0,0.86,"C",0.04057470031255,-3.16318973168176
2005,0,0.17,4500,0,0.05,"D",0.0379454727266629,-3.23292092923148
2005,0,0.18,3100,0,0.86,"D",0.0836268006103257,-2.39405965443582
2005,0,0.18,17000,0,0.23,"B",0.0118918965981699,-4.41993489813775
2005,0,0.19,6001,0,0.05,"D",0.155684070399316,-1.69069798469368
2005,0,0.2,2000,1,0.98,"C",0.357910979099863,-0.584442662168496
2005,1,0.27,10000,0,0.45,"Missing",0.986438935515162,4.28689864214727
2005,1,0.29,3500,1,0.95,"Missing",0.987159506279507,4.34222788427486
2005,1,0.29,5000,0,0.75,"Missing",0.733525262058992,1.01258259027821
2005,0,0.28,3200,0,0.93,"D",0.404234271866075,-0.387852925439038
2005,1,0.29,3000,0,0,"Missing",0.905426818920159,2.25903251787118
2005,0,0.17,8500,1,0.21,"B",0.13991573093815,-1.81599005221709
2005,0,0.15,3500,1,0.89,"C",0.0159522673021712,-4.12207343498023
2005,0,0.25,5100,0,1.02,"Missing",0.875657372421049,1.95193400622531
2005,1,0.29,7900,1,0.99,"Missing",0.97430508093621,3.63543120882086
2005,0,0.1,4500,0,0.4,"A",0.00518028041802493,-5.25770234483258
2005,0,0.23,10000,1,0,"D",0.0790471615942093,-2.45536417145229
2005,1,0.24,1000,1,0.29,"Missing",0.91777876388143,2.41254274798776
2005,0,0.15,12000,1,0.53,"B",0.00103880581650278,-6.86864413319033
2005,0,0.21,7500,0,0.68,"C",0.0689321227184726,-2.6032098908472
2005,0,0.2,3100,1,0.92,"C",0.015057369597343,-4.18071585064422
2005,0,0.24,1200,0,1.09,"Missing",0.576673206565607,0.309131297539598
2005,1,0.29,5000,0,0.9,"Missing",0.962046708941016,3.2327067824763
2005,0,0.16,10000,0,0.11,"B",0.00487463012304472,-5.3188244997222
2005,1,0.2,1000,0,0,"Missing",0.658857351714456,0.658206336104289
2005,0,0.12,4000,0,0,"B",0.0390288725590427,-3.20364266997954
2005,0,0.14,4000,0,0.16,"B",0.000420713001008997,-7.77313886304188
2005,1,0.29,2500,1,1.01,"Missing",0.936280634794363,2.68742673229228
2005,0,0.2,10000,0,0.87,"C",0.062478912999443,-2.70841014258825
2005,0,0.15,9999,0,0.31,"B",9.09007390238637e-05,-9.30565152186763
2005,0,0.06,1000,0,0.04,"AA",0.000241755857730622,-8.32734040830906
2005,0,0.11,5000,1,0,"Missing",0.138294485398462,-1.82952821822405
2005,0,0.24,5000,1,0.47,"C",0.0492203198087813,-2.96097582150313
2005,0,0.19,3000,0,0.97,"C",0.102578937066634,-2.16889254441781
2005,1,0.17,1000,1,0.14,"D",0.261976568079722,-1.03572050971457
2005,0,0.2,1000,1,0.76,"C",0.18016470768925,-1.51523198183505
2005,1,0.23,1500,0,0.84,"Missing",0.472693055235226,-0.109336570878965
2005,1,0.28,3001,0,0.75,"Missing",0.94699798999476,2.88296713322605
2005,0,0.08,2300,0,0.18,"AA",0.00130365560137174,-6.64127845363861
2005,0,0.12,4800,0,0.66,"B",4.8595031020103e-05,-9.93194067845785
2005,0,0.17,1100,0,0.29,"D",0.0165248203713172,-4.08622888517079
2005,0,0.12,4500,0,0.09,"AA",0.00102946126591285,-6.87768966485314
2005,0,0.11,8000,0,0,"A",0.000813384330879897,-7.1134931131019
2005,0,0.22,15000,0,0.94,"C",0.0161980289586264,-4.10653506224183
2005,0,0.11,6000,0,0.4,"AA",0.0021757981361652,-6.1281815539741
2005,0,0.17,10000,0,0.72,"B",0.0048143786042444,-5.33132229115908
2005,0,0.19,11500,0,0.38,"C",0.0398267152873268,-3.18257584759615
2005,0,0.26,1000,0,0,"Missing",0.340040994839457,-0.663111536299152
2005,0,0.17,1675,0,0.95,"Missing",0.270339485938733,-0.992900852224583
2005,0,0.1,6000,0,0.02,"AA",0.00444160494574737,-5.41228799540824
2005,0,0.21,1000,0,0.42,"D",0.00993563163140653,-4.6016425091991
2005,0,0.11,10000,0,0.43,"AA",0.00040049451911074,-7.8224099019278
2005,0,0.16,25000,0,0.92,"A",0.000190420519200034,-8.56608523385443
2005,0,0.29,7000,0,0.12,"D",0.0872253079818489,-2.34799455454791
2005,1,0.29,2000,1,1.08,"Missing",0.968596240460955,3.42892023225618
2005,0,0.15,8400,0,0.48,"B",0.00389297749821586,-5.54468041557414
2005,0,0.12,13000,0,0.36,"AA",0.000365692959404704,-7.9133507255327
2005,1,0.29,9000,1,0,"Missing",0.927615200009151,2.55062065915803
2005,0,0.19,15000,0,0.3,"AA",0.0040264766053657,-5.51082897222379
2005,1,0.29,4000,0,1,"Missing",0.90025198060011,2.20002750264958
2005,1,0.29,5000,0,0,"Missing",0.823548808011432,1.54057851136066
2005,0,0.29,4000,1,0.94,"D",0.498592318038968,-0.00563074272109426
2005,0,0.17,4000,1,0.31,"D",0.358433146884746,-0.582171229815681
2005,1,0.29,5000,0,0.97,"Missing",0.952755735003835,3.00402728832678
2005,1,0.29,5000,1,0.96,"Missing",0.998071863365466,6.24927121888767
2005,1,0.29,3800,0,0.84,"Missing",0.99254338889779,4.89116969322143
2005,0,0.2,1000,0,0.9,"Missing",0.849399931736396,1.72990236886905
2005,1,0.29,1500,0,0.84,"Missing",0.67238008810071,0.718969656655177
2005,0,0.17,11000,0,0,"C",0.00656895205192199,-5.01881034167128
2005,0,0.25,5000,0,0.9,"D",0.445964063302338,-0.216991179110392
2005,0,0.29,3700,0,0.58,"D",0.369344283542353,-0.53503087110228
2005,1,0.29,4000,1,0,"Missing",0.974187854868889,3.63075903184137
2005,0,0.2,4100,1,0.8,"D",0.155152587905376,-1.69474696287126
2005,0,0.25,2500,0,0.66,"D",0.0107095550417149,-4.52585162635785
2005,0,0.23,8000,1,0,"C",0.11444390766653,-2.04613098701206
2005,0,0.14,5000,0,0.84,"C",0.00730735288067498,-4.91154001146419
2005,0,0.19,4000,0,0.85,"C",0.01149336333943,-4.45442558859497
2005,0,0.21,14000,0,0.85,"C",0.0312699269115688,-3.43332917660772
2005,0,0.15,5000,0,0,"C",0.00643636715607375,-5.03933383435553
2005,1,0.29,4000,0,0.77,"Missing",0.948994797399963,2.92347567711616
2005,0,0.2,3000,0,1,"C",0.0114715140796237,-4.45635053363088
2005,1,0.27,3000,0,0.98,"Missing",0.929563140799971,2.57999804037688
2005,1,0.29,2000,1,0,"Missing",0.983779383536815,4.10511861386548
2005,0,0.11,9000,1,0.85,"A",0.00518619059032457,-5.25655615605538
2005,1,0.25,5000,1,0.96,"Missing",0.920915303054321,2.45484867868719
2005,1,0.29,7000,1,0.64,"Missing",0.996478713027337,5.64540123766369
2005,1,0.29,2550,0,0.99,"Missing",0.917661495006724,2.41098972112508
2005,1,0.29,1000,1,1,"Missing",0.996277997978272,5.58976463167221
2005,1,0.28,8000,0,0.92,"D",0.545773353124665,0.183607489734267
2005,1,0.28,2000,1,0.97,"Missing",0.953234741905159,3.01472061337007
2005,1,0.29,4531,0,0,"Missing",0.769642512838894,1.20629374373473
2005,0,0.11,4000,0,0.64,"D",0.0562375788690035,-2.82028926534635
2005,0,0.2,3100,1,0.92,"C",0.310926933735832,-0.795789367398223
2005,1,0.29,2550,0,0.91,"Missing",0.737618553648121,1.0336274789347
2005,1,0.29,2500,1,0.82,"Missing",0.931117128954265,2.60397753809693
2005,0,0.11,4000,0,0.64,"D",0.0105377638655119,-4.54219623608815
2005,0,0.17,6500,0,0.45,"B",0.00121074899665103,-6.71530462283627
2005,1,0.23,7500,1,0.81,"Missing",0.819694222594605,1.51427719845216
2005,0,0.07,2500,1,0.06,"AA",0.00809672515710746,-4.80816591899744
2005,0,0.18,2500,0,0,"C",0.00840698597090559,-4.77024973157395
2005,0,0.14,3210,0,0.08,"B",0.00668547113615982,-5.00111067529433
2005,0,0.23,1500,1,1.11,"Missing",0.862479808628911,1.83604098568522
2005,1,0.29,3001,0,0,"Missing",0.887941022551836,2.06988000768449
2005,1,0.16,8500,0,0.56,"C",0.0710753489965481,-2.57028706010307
2005,0,0.25,15000,1,1.04,"D",0.371707127692966,-0.524900161885523
2005,1,0.28,8423,0,0.92,"Missing",0.714509741753006,0.917388724853783
2005,0,0.1,5000,1,0.06,"AA",0.00260907100047564,-5.94614857896574
2005,1,0.2,3000,1,0.62,"D",0.429450540780704,-0.284093280605086
2005,1,0.25,3000,0,0.97,"Missing",0.716145159350024,0.925419899914102
2005,0,0.17,12000,0,0.91,"D",0.020411253645696,-3.87104643896465
2005,0,0.18,1230,0,0,"C",0.0195501107684175,-3.91503058464937
2005,0,0.16,25000,0,0,"A",0.00120046154816155,-6.72384798998956
2005,1,0.29,5000,0,0,"Missing",0.765300320329369,1.18196159437285
2005,0,0.17,9000,0,0.99,"C",0.0171669540359738,-4.04745300556265
2005,0,0.17,2550,0,0.25,"C",0.0161281157939759,-4.11093161804882
2005,0,0.25,8500,1,0.73,"D",0.119690213594944,-1.99536702407828
2005,0,0.19,1500,0,0.86,"D",0.0280421626064858,-3.54560324139385
2005,1,0.24,4000,0,0.7,"Missing",0.628409493898553,0.525399556408319
2005,0,0.29,25000,0,0.38,"B",0.0826410184904502,-2.40699272032863
2005,0,0.16,8000,0,0.66,"B",0.000511561541708558,-7.57753097123028
2005,1,0.26,3000,1,0,"Missing",0.940385903664051,2.75839826502038
2005,1,0.29,3005,1,0.76,"Missing",0.889308101659446,2.08369309520333
2005,0,0.17,6750,1,0.73,"C",0.0140993304005164,-4.24742830182524
2005,1,0.2,1500,0,0.41,"Missing",0.982271123725472,4.01467262546822
2005,0,0.24,4800,1,0,"C",0.0298963339526134,-3.4796670754019
2005,0,0.2,15000,0,0.61,"B",0.00455091193883813,-5.38786634111976
2005,0,0.18,5600,0,0.33,"C",0.0337328950561964,-3.35496682644913
2005,0,0.18,5000,0,0,"B",0.00117141190090171,-6.74837340626597
2005,0,0.15,5100,0,0.19,"C",0.000948492918828029,-6.95968729124731
2005,1,0.29,13531,0,0.82,"D",0.549313289962975,0.197896492537719
2005,0,0.21,7500,0,0.68,"C",0.0577801312069425,-2.79159368786583
2005,1,0.27,7500,0,0.94,"Missing",0.985714145764746,4.23409656619963
2005,0,0.28,10500,0,0.94,"C",0.195817822145021,-1.41264108473808
2005,0,0.15,5000,0,0.7,"C",0.0204280690082025,-3.87020578422898
2005,0,0.15,15000,0,0.05,"AA",0.0018089268139697,-6.31321096511215
2005,0,0.08,3001,0,0.32,"AA",0.000426003891279269,-7.76063598262153
2005,0,0.08,1000,0,0,"AA",0.000170911307984735,-8.6741948768567
2005,1,0.29,1500,1,1.29,"Missing",0.890426299902646,2.0951029535995
2005,0,0.1,1000,0,0.24,"AA",0.000231462638725897,-8.37086059582516
2005,0,0.1,2550,0,0.58,"A",0.000553753971504482,-7.49823615726366
2005,1,0.18,3000,1,0.95,"D",0.54847926924941,0.194528196562327
2005,1,0.29,2550,0,0.94,"Missing",0.901888286861878,2.21838390248223
2005,0,0.15,9500,0,0.37,"C",0.0107846843287003,-4.51878500847721
2005,0,0.16,5000,0,0.94,"C",0.00666732476144283,-5.00384693408922
2005,1,0.29,2500,1,0.89,"Missing",0.941334024824552,2.77543812501329
2005,0,0.29,10000,0,0.62,"C",0.147219484918899,-1.75657763707357
2005,0,0.15,6500,0,1.05,"C",0.0145980486145379,-4.21216176716276
2005,0,0.23,19000,0,0.95,"C",0.0138649364892482,-4.26443022806539
2005,0,0.29,6000,1,0,"D",0.334019061139226,-0.690062989174223
2005,1,0.29,2000,0,0,"Missing",0.944192499513827,2.82842178666436
2005,0,0.15,11000,0,0.54,"B",0.00291544168972551,-5.83481424772804
2005,0,0.11,6100,0,0.76,"B",0.000484834476439406,-7.63121805892328
2005,1,0.26,3675,0,0.85,"Missing",0.949735334416533,2.93888099366282
2005,1,0.29,3000,0,0.98,"Missing",0.979957185762372,3.88963818533618
2005,0,0.28,7500,1,0,"C",0.0298562978487007,-3.48104840628171
2005,0,0.09,2000,0,0,"AA",0.00164213826824246,-6.41011257622973
2005,0,0.08,2000,0,0.05,"AA",0.00220159312370704,-6.11637001335355
2005,0,0.25,15000,0,0,"C",0.136331636315474,-1.84609843705771
2005,0,0.17,15000,1,0.41,"B",0.00124381365025929,-6.68832850688457
2005,0,0.2,7500,1,0.62,"C",0.028873557355086,-3.51553047294415
2005,0,0.16,9000,0,0.97,"C",0.0163976152364638,-4.09408582301885
2005,1,0.24,3200,1,0.73,"Missing",0.929149262991045,2.57369402804435
2005,0,0.29,10500,0,0.76,"D",0.662933801948027,0.676395794518163
2005,1,0.29,5000,1,0.97,"Missing",0.975955813070081,3.70352405225435
2005,1,0.24,3500,0,0.8,"Missing",0.897334469336245,2.16795223879139
2005,0,0.18,9800,1,0.72,"C",0.0243746107842994,-3.68953664127667
2005,0,0.15,15000,0,0.63,"B",0.00500144615851946,-5.29301418141332
2005,0,0.2,10000,0,0.03,"D",0.489728933026947,-0.0410900482588836
2005,0,0.21,15000,0,0.82,"C",0.106874916582551,-2.12306749534118
2005,0,0.13,20000,0,0.13,"AA",0.00195213053718821,-6.23687988124026
2005,0,0.16,17000,0,0,"A",0.000726780966015929,-7.22615836533664
2005,0,0.15,15000,0,0.01,"AA",0.000844980565659504,-7.07535159232814
2005,0,0.11,1500,0,0,"AA",0.000716306725727734,-7.24068553145166
2005,0,0.11,1000,0,0.05,"C",0.0247441015029714,-3.67411275905923
2005,0,0.15,5000,0,0.64,"C",0.00283166980012655,-5.86405301938741
2005,0,0.23,25000,0,0.04,"AA",0.0144762947951271,-4.22066071039201
2005,1,0.29,5000,0,0.97,"Missing",0.867043000929135,1.87506281224396
2005,1,0.29,2550,0,0,"Missing",0.958907733878409,3.14997492792051
2005,1,0.23,8100,0,0.93,"C",0.149798739322166,-1.73618044341726
2005,1,0.29,5200,0,0,"Missing",0.848641817493279,1.72398811228924
2005,0,0.19,10000,1,1.02,"C",0.248216291515529,-1.10814815160575
2005,1,0.29,1800,0,0.98,"Missing",0.838449897495721,1.64673950016334
2005,0,0.1,2550,0,0.02,"AA",0.000155707943620854,-8.76737274159887
2005,0,0.2,5000,0,0.43,"D",0.124196275883419,-1.9532788223895
2005,0,0.14,10000,0,0.65,"C",0.0119264088092136,-4.41700201105098
2005,1,0.23,3550,0,0.66,"D",0.0446612252039681,-3.06296033551247
2005,1,0.15,2000,1,0,"C",0.0735623961177486,-2.5332127245486
2005,0,0.23,7000,0,0.98,"C",0.139860150029634,-1.81645199728347
2005,0,0.29,5500,0,0.41,"D",0.0560112292316531,-2.82456207807513
2005,0,0.17,20000,1,0.01,"AA",0.00217795801767863,-6.1271871970692
2005,0,0.14,16500,0,0.2,"AA",0.00261714948982145,-5.94304895426159
2005,0,0.2,1000,0,0.91,"Missing",0.645117842228124,0.597647216807365
2005,0,0.15,8000,0,0.84,"A",0.00144069126538547,-6.5411905051137
2005,0,0.09,3500,0,0.67,"A",0.00043773549295746,-7.73345789603757
2005,1,0.22,3200,0,0,"D",0.701714551715821,0.855475791666225
2005,1,0.2,1000,0,0,"Missing",0.781536528577609,1.27464306867639
2005,1,0.29,20000,1,0.9,"C",0.553497730967416,0.214813170590223
2005,1,0.29,3000,1,0.74,"Missing",0.924167086271351,2.50036046813304
2005,0,0.15,2500,0,0.44,"D",0.0405878501569828,-3.16285198838512
2005,0,0.23,7100,0,0.27,"A",0.00180589462443276,-6.31489164596184
2005,0,0.17,4990,0,0.9,"C",0.0165594757532565,-4.08409867138944
2005,1,0.15,5000,0,0.74,"C",0.145132470589838,-1.77329960494477
2005,0,0.13,9999,0,0.61,"B",0.000470279099147882,-7.66171382181697
2005,0,0.22,6001,0,0.69,"D",0.426755453834073,-0.295101266288217
2005,0,0.23,9600,0,0.94,"D",0.457266941725836,-0.171350255742158
2005,1,0.23,8500,1,1.13,"Missing",0.98717205954986,4.34321871038349
2005,0,0.15,4000,0,0,"C",0.0164241899385206,-4.09243947242857
2005,0,0.2,5000,0,0,"A",0.00328756449476491,-5.71431528308296
2005,0,0.18,12000,0,0.54,"B",0.00560077327949404,-5.17923408872986
2005,1,0.27,7500,0,0.69,"Missing",0.92289694700593,2.4823747005886
2005,0,0.29,3800,0,0.73,"Missing",0.74565547787653,1.07557393335609
2005,0,0.24,10000,0,0.89,"D",0.237379636432812,-1.16709964883845
2005,0,0.18,25000,0,0,"A",0.00305104204736013,-5.78921638587628
2005,1,0.25,3001,1,0.84,"D",0.342246724191231,-0.653298007501829
2005,0,0.24,1000,1,0.9,"D",0.0335668786021666,-3.36007227465846
2005,0,0.2,5000,0,0.97,"C",0.0657581324252672,-2.65375201307868
2005,0,0.13,6001,0,0.94,"A",0.0049452868049784,-5.30436276140519
2005,0,0.19,6001,0,0.2,"C",0.0250165987015573,-3.66288089392915
2005,0,0.14,9999,0,0.54,"A",0.00276278874689732,-5.88874808154497
2005,0,0.19,24000,1,0.18,"B",0.00916854983216808,-4.68276530816567
2005,0,0.19,25000,0,0.85,"A",0.00122974964650652,-6.69971416333128
2005,0,0.29,8500,1,0,"B",0.00524905515796753,-5.24444430863916
2005,0,0.15,10200,0,0,"C",0.0186065103227236,-3.96546195309597
2005,0,0.11,1600,0,0.9,"B",0.00195102504604585,-6.23744744910628
2005,1,0.27,7500,0,0.69,"Missing",0.940215894045775,2.75536968449929
2005,0,0.15,5000,0,0.27,"B",0.00145164148508819,-6.53360760802602
2005,0,0.22,8000,1,0.93,"D",0.242089200723627,-1.14125944339009
2005,0,0.29,4000,0,0.77,"Missing",0.668971746009834,0.703538094846172
2005,0,0.23,10000,0,0.69,"A",0.190136493981014,-1.44912351876311
2005,0,0.21,20000,0,0.01,"B",0.00013502700143747,-8.90990075275898
2005,0,0.23,9500,0,0.53,"D",0.0526010442312783,-2.89098431642938
2005,0,0.15,7700,0,0.38,"C",0.0589046861828175,-2.77112377520812
2005,1,0.2,5128,0,0,"Missing",0.356089686987704,-0.592376822033352
2005,0,0.18,3000,0,0.79,"B",0.00627026566003485,-5.06564654887483
2005,1,0.28,3900,0,1.08,"Missing",0.931580235916046,2.61122059109453
2005,1,0.29,2550,1,1.26,"Missing",0.923283858516813,2.48782459042686
2005,1,0.15,2000,0,0.36,"D",0.261761659599894,-1.03683233338079
2005,0,0.12,5000,0,0,"AA",0.000361868589095384,-7.9238674915132
2005,1,0.2,5128,0,0,"Missing",0.844999380114024,1.69590677758842
2005,0,0.17,6500,0,0.79,"C",0.410706998434303,-0.361043454854148
2005,1,0.2,1000,0,0,"Missing",0.218979866821326,-1.27162113495756
2005,0,0.23,9500,0,0.53,"D",0.0201267335192932,-3.8853742861848
2005,0,0.09,3500,0,0.14,"AA",0.000801179686524046,-7.12862380750575
2005,0,0.29,12500,0,0.96,"D",0.167279445400729,-1.60503237749639
2005,0,0.07,1000,0,0.07,"AA",0.00288628334441456,-5.84489518781944
2005,0,0.09,6000,0,0,"AA",0.000407619958019725,-7.80476759003718
2005,1,0.29,5000,1,0.75,"D",0.81659624593357,1.49345475278812
2005,1,0.29,7000,1,0.64,"Missing",0.985287628272354,4.20424485299258
2005,1,0.29,2500,0,1.09,"Missing",0.728561080883464,0.987334328413798
2005,1,0.29,3500,1,0,"Missing",0.884727368073119,2.03797950380794
2005,0,0.16,3500,0,0.53,"B",0.00866898061399198,-4.73929729653342
2005,1,0.29,1000,0,0,"Missing",0.973063140904104,3.58695339777888
2005,0,0.11,1253,0,0.73,"A",0.00135931668176466,-6.59941290398756
2005,0,0.1,6001,0,0.41,"AA",0.000634151356808099,-7.36258854636764
2005,1,0.29,3000,0,0.61,"Missing",0.896497078736493,2.15889519744422
2005,0,0.15,9500,0,0.94,"B",0.000986274099927745,-6.92058948939281
2005,0,0.24,14900,0,0.93,"D",0.240549918270409,-1.14966696631678
2005,0,0.25,15000,0,0.83,"C",0.0150640190329509,-4.18026759029118
2005,1,0.29,22000,0,0.83,"D",0.645652782786045,0.599984599324501
2005,1,0.22,6001,1,0.22,"C",0.398155934970543,-0.413154658604289
2005,0,0.09,5000,0,0.17,"AA",0.00198583739148872,-6.21972678232784
2005,1,0.23,3150,0,0.88,"Missing",0.961685271898738,3.22285286895602
2005,1,0.27,1000,1,0,"Missing",0.926667387519043,2.53658926808371
2005,1,0.29,3000,0,0,"Missing",0.933552565832284,2.64258610043822
2005,0,0.1,5200,0,0,"A",0.000143567660451764,-8.84856055451316
2005,0,0.18,8000,0,0.35,"C",0.00367259426067842,-5.60317762882862
2005,0,0.12,13000,0,0.36,"AA",0.000461834648637991,-7.6798416929991
2005,0,0.21,4000,0,0,"D",0.142550093098215,-1.79426929127635
2005,0,0.2,5000,1,0.95,"C",0.15089253030802,-1.7276178985465
2005,0,0.14,11500,1,0.36,"A",0.016873234820592,-4.06500944122591
2005,1,0.17,2400,0,0.77,"D",0.385254395544267,-0.467304647213322
2005,1,0.25,4500,1,0.2,"D",0.436113646966783,-0.256949861915421
2005,0,0.2,5300,0,1.26,"D",0.0887468398411107,-2.32903293095782
2005,0,0.16,10999,0,0.97,"B",0.00415115565634215,-5.48020871647591
2005,0,0.16,6000,0,0.16,"A",0.0131224294501403,-4.32022305186513
2005,0,0.22,5000,1,0,"D",0.363066846327022,-0.56207774380416
2005,0,0.12,25000,1,0.22,"AA",0.000814123024847887,-7.11258461260192
2005,1,0.29,3950,0,0.78,"Missing",0.99101278292615,4.70292419067351
2005,0,0.22,15000,0,0,"C",0.0430711590601188,-3.10087542252205
2005,0,0.29,2550,0,0.63,"D",0.022873953326088,-3.75461680383886
2005,0,0.14,18500,0,0.45,"A",0.00789345117490474,-4.83379705911746
2005,0,0.22,7300,0,0.74,"D",0.229765153665436,-1.20963774733061
2005,0,0.07,1000,0,0,"AA",6.84096191380115e-05,-9.58992870059147
2005,0,0.19,5000,0,0.39,"C",0.0885548197595237,-2.33140965739599
2005,1,0.29,1000,0,0.45,"Missing",0.996012569033448,5.52061272151886
2005,1,0.29,3001,0,0.85,"Missing",0.616512723153633,0.474772516264309
2005,1,0.28,4000,0,0.53,"Missing",0.812024848409931,1.46322115948236
2005,0,0.2,20000,1,0.05,"AA",0.00150250807792934,-6.49911587726856
2005,0,0.11,15000,0,0.01,"AA",0.000324197547517882,-8.03383326330008
2005,1,0.19,5000,0,0.97,"Missing",0.749602779794773,1.09649490154067
2005,1,0.24,3000,0,0.92,"Missing",0.946379573197329,2.87071363620041
2005,0,0.08,2000,0,0.05,"AA",4.83428115177442e-05,-9.93714467908978
2005,0,0.26,10848,0,0.68,"B",0.00289860472129808,-5.84062297454545
2005,0,0.21,15500,0,0.66,"A",0.0405213306247196,-3.16456156666526
2005,0,0.17,17000,0,0.7,"A",0.00110384265421429,-6.80785341230405
2005,0,0.14,3000,0,0.85,"C",0.00546330887667316,-5.20422236408528
2005,1,0.24,5600,0,0.62,"Missing",0.985424938559707,4.21376101016179
2005,0,0.07,1100,1,0.18,"A",0.00159171264890615,-6.44135172400041
2005,0,0.07,2500,1,0,"AA",0.00172469193248562,-6.36098065338539
2005,1,0.24,1000,0,0,"Missing",0.740754764828502,1.04989515121095
2005,0,0.15,4000,0,0.28,"B",0.00253150275245886,-5.97640746684758
2005,1,0.28,2000,1,0.97,"Missing",0.983486976057934,4.08695499592729
2005,0,0.08,6001,0,0.04,"AA",0.0148844328531416,-4.19244306950578
2005,1,0.29,2000,1,0,"Missing",0.989141468447019,4.51188627405388
2005,0,0.19,4041,0,0.91,"D",0.119589619271242,-1.99632209814732
2005,0,0.29,20000,0,1.03,"C",0.4680850880933,-0.127833444967885
2005,0,0.18,5000,1,0,"D",0.0310503828131172,-3.44060147866346
2005,0,0.15,5100,0,0.19,"C",0.00152622802064335,-6.48342853963889
2005,1,0.29,5000,0,0,"Missing",0.933258612403794,2.63785708197156
2005,0,0.16,7000,0,0.29,"C",0.0463359714828962,-3.02439285673425
2005,0,0.1,7000,0,0.07,"AA",0.000986333034662553,-6.92052967726021
2005,0,0.25,5000,0,0.9,"D",0.293976846821159,-0.876147019897808
2005,0,0.18,7000,0,0.95,"C",0.00743045064751492,-4.89471057570555
2005,0,0.08,3001,0,0.14,"AA",0.000113633867575928,-9.08241532571498
2005,0,0.14,1400,0,0.61,"C",0.00265235822550094,-5.92965025633186
2005,0,0.11,20000,0,0.01,"AA",0.000237648144197459,-8.34448168752121
2005,0,0.11,8000,0,0.62,"B",0.00117189009543056,-6.74796479015882
2005,0,0.09,4800,0,0.12,"AA",0.000393633083646231,-7.83969763176178
2005,0,0.19,9000,0,0.76,"C",0.0263414384475337,-3.60991738377526
2005,0,0.16,4000,0,0.8,"C",0.00738966274457874,-4.90025608022997
2005,0,0.11,20000,0,0.01,"AA",0.0197275827030735,-3.90581271619215
2005,0,0.29,23500,0,0.86,"C",0.157249818115706,-1.6788348310135
2005,0,0.18,5000,1,0,"D",0.059667207991673,-2.75745125704256
2005,0,0.18,2500,0,0.84,"A",0.0129076023729832,-4.33694718064977
2005,1,0.21,2550,0,0.24,"Missing",0.978709432448973,3.82797066146429
2005,0,0.29,4000,0,0.8,"D",0.27492113372172,-0.969796159942935
2005,0,0.2,8000,0,0.79,"C",0.0224163921132621,-3.77529133856347
2005,0,0.24,2000,0,0,"Missing",0.328048162265104,-0.717026234138507
2005,1,0.29,3001,0,0.84,"Missing",0.922692881445235,2.47951039831239
2005,0,0.24,4000,0,0.99,"Missing",0.763572794078401,1.17236809953721
2005,1,0.29,5200,0,0,"Missing",0.35131803394564,-0.613250666859833
2005,0,0.09,6001,0,0.22,"AA",3.0641263107329e-05,-10.3931323480795
2005,1,0.29,5000,0,0.75,"Missing",0.958793532519394,3.1470805354264
2005,1,0.29,12000,1,0,"Missing",0.84839243860607,1.7220479608836
2005,0,0.17,7000,0,0.51,"B",0.00538226921805794,-5.21924840018038
2005,0,0.16,20000,0,0.15,"AA",0.000480697145408206,-7.63979230877073
2005,0,0.12,4000,0,0,"B",0.00273428312870258,-5.89914795951973
2005,0,0.23,6001,1,0.85,"Missing",0.836021981851223,1.628922523657
2005,0,0.15,1250,0,0.74,"C",0.0181029858440346,-3.99340954086101
2005,0,0.17,6750,1,0.73,"C",0.0209997855439609,-3.84201963610777
2005,1,0.27,14000,1,0.65,"D",0.666150062749532,0.690823362256918
2005,0,0.17,5000,1,0.28,"B",0.0031933281090046,-5.74349317401814
2005,0,0.14,2500,1,0.71,"B",0.00449508044742709,-5.40026650042756
2005,0,0.22,15000,0,0.95,"C",0.0152546095907185,-4.16750139524105
2005,0,0.17,5000,0,0.89,"D",0.334888904481187,-0.686155239223439
2005,0,0.12,6000,0,0.03,"AA",0.000348221154654342,-7.9623244963576
2005,0,0.27,15000,1,0.96,"Missing",0.335966827016747,-0.681319681568296
2005,0,0.11,2593,0,1.01,"Missing",0.167920871066694,-1.60043468029992
2005,1,0.2,1000,0,0.9,"Missing",0.963245759120037,3.26605496372294
2005,0,0.15,8000,0,0.64,"B",0.000446714458653959,-7.71314414815944
2005,1,0.27,10000,0,0.45,"Missing",0.85193576103602,1.74986489949485
2005,0,0.18,13000,0,0.52,"B",0.0031105294268535,-5.76984695638532
2005,0,0.15,15000,0,0.01,"AA",0.00148986601026891,-6.50757811209815
2005,0,0.27,15000,1,0.75,"C",0.20199436781295,-1.37387584040503
2005,0,0.14,9250,0,0.92,"B",0.00185763981370548,-6.28658914701068
2005,0,0.16,9000,0,0.97,"C",0.0181025213352219,-3.99343567350042
2005,1,0.29,4090,1,0.58,"Missing",0.973172160906469,3.59112088426017
2005,0,0.24,10000,1,0.73,"D",0.278886113163541,-0.9499935796484
2005,0,0.21,2550,0,0.24,"Missing",0.425311059040794,-0.301008117335239
2005,0,0.26,25000,1,0.09,"B",0.00516260744699734,-5.26113752818524
2005,0,0.15,3500,0,0.3,"C",0.0950042146680075,-2.25400903105452
2005,0,0.27,10000,0,0.45,"Missing",0.766080033037688,1.18630761072877
2005,1,0.29,4750,1,1.19,"Missing",0.972408573662079,3.56227097488059
2005,0,0.25,9900,0,0.37,"B",0.00158587406575071,-6.4450324297151
2005,1,0.2,5000,1,0,"C",0.233187388762665,-1.19040008366429
2005,1,0.29,2500,0,0.95,"D",0.388804751387266,-0.452339170797622
2005,0,0.11,6500,0,0.34,"A",0.00183517096539956,-6.29878077570584
2005,1,0.29,7000,1,1.02,"Missing",0.894043070552751,2.13272126579514
2005,0,0.17,1500,0,0.92,"D",0.0180468990350983,-3.99656967711213
2005,1,0.28,2250,0,0.57,"Missing",0.987033117665376,4.33230499842795
2005,0,0.14,10000,0,0.44,"A",0.0338029455122948,-3.35281985953605
2005,0,0.25,15000,0,0.65,"D",0.173683009799126,-1.55974661029176
2005,0,0.1,8000,0,0.45,"AA",0.000415836049431789,-7.78480356479513
2005,0,0.25,5100,0,1.02,"Missing",0.900772011857986,2.20583207355961
2005,0,0.22,15000,0,0.94,"C",0.0234660815266765,-3.72845344521096
2005,0,0.22,1500,1,1,"Missing",0.801993653236345,1.39880160962211
2005,1,0.29,3000,1,1.01,"Missing",0.966499094764451,3.36210790161326
2005,0,0.08,2000,0,0.15,"AA",0.0118032231576821,-4.42750920163189
2005,1,0.25,9000,0,0.97,"D",0.296198612871974,-0.865465977054128
2005,0,0.16,6500,0,0.67,"C",0.0119290664274886,-4.41677651142887
2005,0,0.29,3000,0,0.29,"Missing",0.374145724019575,-0.514472200085525
2005,0,0.23,9500,0,0.53,"D",0.195244978912862,-1.41628283727866
2005,1,0.15,2500,0,0.7,"D",0.548450111389857,0.194410458943257
2005,1,0.22,5000,0,0.93,"D",0.774839319846884,1.23584139728193
2005,1,0.24,2000,0,1.02,"Missing",0.359490814884664,-0.577574834633384
2005,0,0.24,12000,0,0.9,"D",0.188975930945422,-1.45667807446253
2005,0,0.29,25000,0,0.11,"C",0.105067650251097,-2.14214369774655
2005,0,0.15,3500,0,0.9,"C",0.00465562375508767,-5.36501288550751
2005,0,0.25,2550,0,0.86,"D",0.155455686401428,-1.6924364919531
2005,1,0.28,4750,1,0.14,"Missing",0.817024001643041,1.49631348448424
2005,0,0.18,4100,0,0.5,"C",0.00905750270759054,-4.69506306499391
2005,0,0.16,15000,0,0.59,"A",0.00252485816955399,-5.97904233730673
2005,0,0.23,8000,1,0,"C",0.0890297386935427,-2.32553979617366
2005,0,0.18,9750,0,0.92,"C",0.00983605112686294,-4.61181621206719
2005,0,0.12,3500,0,0.31,"A",0.00737882224219541,-4.90173506046879
2005,1,0.28,3001,0,0,"Missing",0.78856141930901,1.31627573954171
2005,0,0.15,5000,1,0.84,"B",0.000127127630223146,-8.97019187804371
2005,0,0.09,5000,0,0,"AA",0.000299398043124728,-8.11343717911799
2005,0,0.2,6001,0,0,"A",0.0149650757678114,-4.18695789232389
2005,0,0.2,9500,0,0.72,"D",0.0181333187034512,-3.99170447831228
2005,1,0.29,5100,0,0.81,"Missing",0.974333246001616,3.63655685109661
2005,0,0.12,13000,0,0.36,"AA",0.00205562377085537,-6.1851181994979
2005,0,0.28,1900,0,1.2,"Missing",0.656934807371203,0.649664290736848
2005,1,0.24,4000,0,0.99,"Missing",0.954462798258402,3.04261905471555
2005,1,0.29,17000,1,0,"D",0.663773018998142,0.680153781592337
2005,0,0.11,1000,0,0.03,"AA",0.000134308882684689,-8.91523399810364
2005,0,0.2,3500,0,0.8,"D",0.00737521978173932,-4.90222702510503
2005,0,0.15,5500,1,0,"C",0.165311558993078,-1.61922660093495
2005,0,0.07,1000,1,0.34,"AA",0.000135241528584268,-8.90831302676127
2005,0,0.2,13000,0,0.8,"D",0.0170146766998724,-4.05651788263374
2005,0,0.15,12000,0,0.94,"B",0.0197597289279852,-3.90415174217127
2005,0,0.09,5000,0,0,"A",0.000127296803643647,-8.9688618566576
2005,0,0.29,8500,1,0.93,"B",0.0293861080484761,-3.49740670229883
2005,1,0.29,5000,1,1.05,"Missing",0.980678853734705,3.92704488221961
2005,1,0.25,2550,1,0.67,"Missing",0.870274839181482,1.90339100392466
2005,0,0.2,5000,1,0,"C",0.0137209851155894,-4.27501286998058
2005,0,0.15,25000,0,0,"B",0.000491624010191317,-7.61730459565826
2005,0,0.29,10000,0,0.51,"D",0.0669756322022631,-2.63410246342579
2005,0,0.14,18500,0,0.45,"A",0.0525153640563201,-2.89270494598613
2005,1,0.26,3675,0,0.85,"Missing",0.864154464274326,1.85023305737918
2005,0,0.19,2750,0,0,"C",0.0531571823566414,-2.87987987078535
2005,0,0.15,3800,0,0.2,"B",0.0088002666105382,-4.72413404366006
2005,0,0.09,5000,0,0.28,"AA",0.00528660111035588,-5.23727912719907
2005,0,0.07,2000,1,0.07,"AA",0.00123102738188262,-6.69867440269974
2005,0,0.15,5000,0,0.83,"C",0.02981973587668,-3.48231144149066
2005,1,0.27,1800,1,0.1,"Missing",0.996629547188014,5.68933203248642
2005,0,0.24,3500,0,0.94,"Missing",0.406707809342969,-0.37759199616721
2005,0,0.18,8000,0,0.35,"C",0.00769311195031604,-4.85970704579303
2005,1,0.25,3000,0,0,"Missing",0.975302741315236,3.67605567366236
2005,0,0.15,9990,0,0.2,"A",0.0113699130093118,-4.46534957751022
2005,0,0.12,12000,0,0,"AA",0.00145690837043121,-6.52998067225633
2005,1,0.29,10500,0,0.99,"Missing",0.723970486954143,0.964242836353379
2005,0,0.09,6001,0,0.22,"AA",0.000118002066608263,-9.04469041099323
2005,0,0.18,10000,0,0.96,"C",0.074754571880136,-2.51584865733988
2005,1,0.29,5300,0,0.96,"Missing",0.958587741475721,3.14188416207586
2005,1,0.28,6000,0,0.98,"Missing",0.662113033707018,0.672724866841702
2005,0,0.15,5000,0,0.7,"C",0.000299960238966954,-8.11156062363263
2005,0,0.14,1000,0,0.6,"A",0.000537376026499446,-7.52827495247426
2005,1,0.29,2501,1,0,"Missing",0.843338462637339,1.68328070995194
2005,1,0.28,4000,0,0.53,"Missing",0.545128133203214,0.181005105969492
2005,0,0.16,3500,0,0,"C",0.00611856233671199,-5.09029076491159
2005,0,0.19,4041,0,0.91,"D",0.038085951821376,-3.22907960412617
2005,0,0.18,2800,0,0.38,"C",0.0082378174736876,-4.79074790404812
2005,1,0.29,2000,0,0,"Missing",0.335417676941382,-0.683782205642032
2005,0,0.15,11000,0,0.42,"A",0.00446873056088592,-5.40617215635942
2005,0,0.15,9999,0,0.31,"A",0.0012925015048276,-6.64988244980037
2005,0,0.18,15000,0,0.16,"B",0.00176986550944166,-6.33508028507773
2005,0,0.17,5000,1,0.28,"B",0.0422614133940899,-3.12070040980022
2005,0,0.25,7900,0,0.68,"C",0.0406722026339144,-3.16068795098021
2005,1,0.23,3500,1,0.96,"C",0.311964524250621,-0.790950923173477
2005,0,0.21,25000,0,0.99,"C",0.0123556252145789,-4.38121124606815
2005,1,0.07,2000,1,0.81,"Missing",0.201653800180893,-1.3759899711592
2005,0,0.2,3200,1,0,"D",0.0134500388777773,-4.29523197242292
2005,0,0.15,4000,0,0.64,"B",0.000725367624582388,-7.22810633240487
2005,1,0.29,7200,0,1.15,"Missing",0.948352356361459,2.91028154431098
2005,1,0.22,15000,0,0.04,"D",0.17964001960357,-1.51878828706272
2005,0,0.22,25000,0,0.83,"A",0.000737362181081302,-7.21169372615707
2005,0,0.15,5000,0,0,"C",0.00195220089513251,-6.23684376977557
2005,0,0.07,1000,0,0.09,"AA",0.00551483859096206,-5.19478279252894
2005,1,0.26,2200,0,0.98,"Missing",0.975719895044683,3.6935182635521
2005,1,0.29,3500,0,0,"Missing",0.815700032306973,1.48748199053278
2005,0,0.14,17500,0,0.79,"B",0.000823395037039404,-7.10125074183302
2005,1,0.17,1700,0,0.56,"Missing",0.251510647896871,-1.09057165190568
2005,0,0.15,1000,1,0.55,"B",0.00278064103379592,-5.88228927596681
2005,1,0.29,6000,0,0.59,"Missing",0.900723803305339,2.20529283471753
2005,1,0.24,4000,0,1,"Missing",0.748720948673613,1.09180226905012
2005,0,0.26,7300,0,0,"C",0.0500253227807224,-2.94390599584343
2005,0,0.15,8575,0,0.9,"B",0.000212555537461542,-8.4560946728557
2005,0,0.12,9000,0,0.12,"A",0.000924639357791134,-6.98518171284476
2005,1,0.29,10000,0,0.51,"D",0.22491195321191,-1.23726762509823
2005,0,0.17,6500,0,0.79,"C",0.0417769558891137,-3.13273568054139
2005,1,0.2,7400,1,0.27,"D",0.179240432078842,-1.52150211331671
2005,0,0.1,3600,1,0.28,"A",0.000317515720134787,-8.05466566248275
2005,0,0.25,15000,0,0.11,"D",0.0146932872437468,-4.20556223680816
2005,0,0.2,25000,1,0.19,"C",0.00506957893716934,-5.27941504184713
2005,0,0.17,12000,1,0.51,"A",0.0160667056045529,-4.11480894860046
2005,0,0.2,6500,1,0.9,"C",0.0948914212054781,-2.25532160979842
2005,0,0.19,6500,0,0.7,"C",0.0222072491110914,-3.78487896430951
2005,0,0.15,20000,0,0.37,"A",0.00102864900760297,-6.87847980237117
2005,0,0.14,1500,1,0.25,"AA",0.000908709521222169,-7.00257595081999
2005,0,0.2,12000,0,0.34,"C",0.00458790322518364,-5.37973371301193
2005,0,0.17,7000,0,0.51,"B",0.00196132609367996,-6.2321712040952
2005,0,0.1,3900,0,0.41,"AA",0.00150164003657669,-6.49969464180847
2005,1,0.29,3500,0,0.9,"Missing",0.941419062942493,2.77697904085561
2005,0,0.19,2500,0,0.82,"C",0.046567780160321,-3.01915944774422
2005,0,0.12,7000,0,0.2,"B",0.000744588090656386,-7.20193452550318
2005,1,0.29,3000,1,0.92,"Missing",0.998334784890548,6.39613436590762
2005,0,0.09,3001,0,0.34,"AA",0.000242621100494456,-8.32376693821712
2005,0,0.19,25000,0,0.66,"A",0.0052098512648763,-5.25198050177161
2005,1,0.22,6001,0,0.25,"Missing",0.94299218620479,2.80586965393017
2005,1,0.2,5500,1,0.47,"D",0.607377116321323,0.436300309434001
2005,0,0.14,24000,0,0.54,"A",5.20297964665589e-05,-9.86364196336745
2005,0,0.14,15000,0,0.59,"AA",0.000524323426342271,-7.55287737727279
2005,0,0.2,2000,1,0,"D",0.241362187690523,-1.14522581404669
2005,0,0.12,5900,1,0.31,"A",0.00827599407518917,-4.78608580476036
2005,1,0.25,3000,1,0.93,"Missing",0.947226964728223,2.88753836690166
2005,0,0.18,25000,0,0,"A",0.00238723406055295,-6.03522979201682
2005,0,0.23,1525,0,0.56,"D",0.0652697648728228,-2.66172905881546
2005,0,0.15,18000,0,0.61,"B",0.000558612958543036,-7.48949493743033
2005,0,0.29,7000,1,0.91,"D",0.0409680468586816,-3.15313197561112
2005,0,0.18,9800,0,0.57,"C",0.0921920508158654,-2.28715893642285
2005,0,0.13,25000,0,0.1,"AA",0.00220014353538411,-6.11703010998264
2005,0,0.15,12000,0,0.94,"B",0.00289820857492672,-5.84076004913542
2005,0,0.24,4000,0,0.92,"D",0.235843813227465,-1.17560242364571
2005,0,0.15,2500,1,0.28,"B",0.00074575524996836,-7.20036706128015
2005,1,0.29,9740,0,0.56,"D",0.483669436880674,-0.0653454948415237
2005,1,0.2,1800,0,0.61,"Missing",0.794903845552722,1.35474224309416
2005,1,0.28,6500,1,0,"Missing",0.901293728689053,2.21168272392652
2005,0,0.17,1500,0,0,"Missing",0.744630644707847,1.07017736723532
2005,0,0.14,25000,0,0.23,"B",0.00186995468483176,-6.27996937588681
2005,0,0.16,2000,1,0,"C",0.0128660720972803,-4.34021194544653
2005,0,0.27,7500,0,0.73,"C",0.187482218891595,-1.46645379007013
2005,0,0.25,8000,1,0.85,"D",0.426337594385324,-0.296809572257166
2005,0,0.13,9000,0,0,"A",0.00048129070650124,-7.63855768443769
2005,1,0.24,1800,0,1.18,"Missing",0.544828108307248,0.179795215764899
2005,0,0.2,2200,0,0.92,"Missing",0.129899914242227,-1.90184398263948
2005,0,0.2,1500,0,0,"D",0.00858143354740901,-4.74953583325914
2005,0,0.09,1000,0,0,"A",0.000173011607071382,-8.66197884624366
2005,1,0.28,2550,0,0.74,"Missing",0.943488296139434,2.81513619532915
2005,0,0.09,2000,0,0.13,"AA",0.000497108017385969,-7.606205985061
2005,1,0.25,15000,1,0,"D",0.305903272470019,-0.819342378696976
2005,0,0.24,10000,0,0.54,"A",0.00783096039094991,-4.84180833782477
2005,0,0.15,2700,0,0.51,"C",0.0438196023906201,-3.08286533524827
2005,0,0.25,7000,0,0.62,"D",0.0573148485586529,-2.80017261988185
2005,0,0.17,17000,0,0.7,"A",0.000489527251095512,-7.62158077914655
2005,1,0.26,10000,0,0.46,"D",0.506085183925845,0.024341937576037
2005,0,0.13,10000,0,0.12,"AA",0.000195881412815541,-8.53780521789761
2005,1,0.25,4000,0,0.02,"Missing",0.939484638043647,2.74243421807626
2005,0,0.07,1000,1,0.08,"AA",0.000868012417842656,-7.04843614777715
2005,0,0.11,2500,1,0,"B",0.000510501239236503,-7.57960686127754
2005,0,0.1,1000,0,0.3,"AA",0.000296734925685866,-8.12237454483028
2005,0,0.1,2000,1,0,"B",0.000170091281171683,-8.67900521120199
2005,1,0.25,4000,1,0.99,"Missing",0.676870120013835,0.739425060526407
2005,1,0.29,2560,0,1,"Missing",0.97314307136801,3.5900072755903
2005,1,0.29,5300,0,0.96,"Missing",0.90408911566708,2.24350846266853
2005,1,0.28,10500,0,0.94,"C",0.344459059088605,-0.64348551693511
2005,0,0.29,10000,0,0.04,"B",0.00337177966868087,-5.68893710548451
2005,1,0.2,2000,0,1.44,"Missing",0.709248979947909,0.891739335735292
2005,0,0.11,1000,0,0.97,"Missing",0.250969054462469,-1.09345065593127
2005,0,0.1,14000,0,0.26,"AA",0.00140208389643237,-6.56839258388769
2005,0,0.23,6300,0,0.76,"D",0.0532453386892986,-2.87812972584933
2005,0,0.17,5600,0,0.84,"C",0.00261019686546523,-5.94571602374192
2005,1,0.2,10000,0,0.64,"D",0.0983647486087824,-2.21552756663776
2005,0,0.2,2200,0,0.92,"Missing",0.803196527784556,1.40639379811705
2005,1,0.28,5000,0,0.95,"C",0.452868232910485,-0.189088457294022
2005,1,0.29,4000,1,0.92,"Missing",0.841562399439079,1.66989933502346
2005,0,0.25,13000,0,0.93,"D",0.0284091871526926,-3.53222215724177
2005,0,0.25,9000,0,0.42,"C",0.0358296061449601,-3.29249349717142
2005,0,0.17,1000,0,0.89,"Missing",0.112356805311669,-2.06689028524297
2005,0,0.16,9800,0,0,"C",0.00271736037361864,-5.9053732616427
2005,0,0.1,6000,0,0.52,"A",0.00337930552985051,-5.68670002686018
2005,1,0.29,5000,0,0.75,"Missing",0.895104274125985,2.14397344908587
2005,1,0.11,2500,1,0,"B",0.00425135591740368,-5.456256888913
2005,0,0.2,25000,0,0.08,"B",0.00114396933709908,-6.77210656544934
2005,0,0.18,20000,0,0.67,"B",0.00682072121345144,-4.98094597429677
2005,0,0.08,1000,0,0.31,"AA",0.00061834133820813,-7.38785139319543
2005,0,0.26,5050,1,0,"D",0.236962260276681,-1.16940660322976
2005,0,0.1,4000,0,0.88,"A",3.58849847615064e-05,-10.2351557161017
2005,1,0.23,7500,1,0.81,"Missing",0.887436464194994,2.06481910421027
2005,0,0.18,3001,0,0.8,"D",0.0288015449582215,-3.51810179944572
2005,0,0.18,2750,1,0,"D",0.288281364509329,-0.903745695114301
2005,1,0.29,2600,1,0,"Missing",0.952467972662889,2.99765273837636
2005,0,0.15,5000,1,0.92,"C",0.0298172803325129,-3.48239632217144
2005,1,0.26,2000,1,0,"Missing",0.78985267878114,1.3240376311413
2005,1,0.29,2550,0,0.98,"Missing",0.980434389786615,3.91422228413383
2005,1,0.29,4000,0,1,"Missing",0.993609640592959,5.04655390178128
2005,0,0.27,6500,0,0.67,"D",0.138150694362584,-1.83073535842832
2005,0,0.18,7000,0,0.95,"C",0.0120939450219072,-4.40288269122985
2005,0,0.07,3000,0,0.87,"C",0.0137907761300245,-4.26986855437516
2005,0,0.18,20000,0,0.67,"B",0.00122834384781156,-6.70085938320997
2005,1,0.24,15000,0,1.03,"D",0.174880023853736,-1.55142864056442
2005,1,0.29,2550,0,0.94,"Missing",0.954271145561241,3.03821836391623
2005,1,0.26,7225,0,1.01,"Missing",0.722282214268011,0.955810502177221
2005,1,0.29,25000,0,1.31,"Missing",0.894018613293836,2.13246311361454
2005,0,0.08,2000,0,0.15,"AA",0.00163901737477143,-6.41201801640666
2005,0,0.1,1000,0,0.53,"A",0.00178981783332409,-6.32385001192996
2005,0,0.17,4990,0,0.9,"C",0.00864061843931549,-4.74260295508024
2005,0,0.25,3000,0,0.73,"D",0.0818530165801797,-2.41743233234275
2005,1,0.29,3500,0,0,"Missing",0.82616969454758,1.55872062643931
2005,0,0.14,3000,0,0.85,"C",0.0054495744567115,-5.20675327713688
2005,0,0.11,10500,0,0.16,"AA",0.000575142462245541,-7.46031747950733
2005,1,0.29,2550,0,0,"Missing",0.970263136742179,3.48517984639625
2005,1,0.29,3100,0,1,"Missing",0.452683997308387,-0.189832032687098
2005,0,0.24,4000,0,0.89,"D",0.280474667287166,-0.942108326298938
2005,1,0.29,7100,1,1.12,"Missing",0.99076308071337,4.67526701530097
2005,0,0.19,5000,0,0.42,"B",0.0179971095799314,-3.99938308564213
2005,1,0.25,2500,0,1.01,"D",0.190217552226164,-1.44859719974516
2005,1,0.28,3001,0,0,"Missing",0.938780620912908,2.73011803021714
2005,1,0.28,4750,1,0.14,"Missing",0.948045225153726,2.90402858130988
2005,0,0.22,7500,0,0.92,"D",0.0182568571671894,-3.98478896415075
2005,0,0.14,25000,0,0,"AA",0.000467101370839685,-7.6684970451754
2005,0,0.21,10001,0,0.69,"D",0.0235262771629059,-3.72582986681702
2005,0,0.2,1500,0,0.8,"D",0.296156313708595,-0.865668893197763
2005,1,0.29,9740,0,0.56,"D",0.262114367472379,-1.03500791753131
2005,0,0.29,20000,0,1.05,"C",0.352775877557704,-0.606859689530256
2005,1,0.29,1000,0,0,"Missing",0.96539084430012,3.32841477667802
2005,0,0.15,6088,0,0.69,"B",0.00365514192672526,-5.60795851741254
2005,0,0.25,2000,0,0,"D",0.0328763491374652,-3.38157282981276
2005,0,0.25,2500,0,1.01,"D",0.445209496713385,-0.22004562041475
2005,0,0.29,4500,0,0.91,"Missing",0.9078558675293,2.2877316213882
2005,0,0.29,4000,0,2.68,"Missing",0.874199962975621,1.93861550149918
2005,0,0.2,6000,0,0.02,"C",0.05516973711794,-2.84059073303585
2005,0,0.15,2000,0,0.98,"C",0.00143847299399563,-6.54273364028506
2005,1,0.18,5000,0,0.92,"B",0.067813330008962,-2.62077430089687
2005,0,0.17,6500,1,0.33,"C",0.0227551821093272,-3.75994429742893
2005,0,0.1,1000,0,0.24,"AA",0.00420194390431855,-5.46799722952693
2005,0,0.2,2400,1,0,"D",0.0498503486388821,-2.94759400979463
2005,1,0.29,5000,0,0.88,"Missing",0.86922624572055,1.89413467965382
2005,1,0.29,6000,0,0,"Missing",0.970629083767398,3.49793946032163
2005,1,0.29,2560,0,1,"Missing",0.975589377880944,3.68802340818405
2005,0,0.2,13000,0,0.9,"C",0.0220267225251322,-3.79322596952751
2005,0,0.22,12000,1,0.92,"C",0.00719173263134679,-4.9276054405445
2005,0,0.22,12000,1,0.92,"C",0.0305530926507709,-3.45725979733826
2005,0,0.17,5000,0,0.78,"C",0.0591474713277738,-2.76675257028741
2005,0,0.1,8300,0,0.05,"AA",0.00169251495860384,-6.37984576616601
2005,1,0.15,2600,0,0.68,"C",0.0232121341435584,-3.73959433500502
2005,1,0.27,7500,0,0.69,"Missing",0.989449394525659,4.54096537205644
2005,0,0.15,7500,0,0.65,"B",0.000624068033042931,-7.37862690538095
2005,1,0.28,3500,0,0,"Missing",0.99423803497738,5.15069808350614
2005,0,0.25,9000,0,0.56,"B",0.0178945987286309,-4.00519971555684
2005,0,0.16,25000,0,0.63,"A",0.00257562389149238,-5.95908453973806
2005,0,0.14,2500,1,0.71,"B",0.00108009153924486,-6.8296288076193
2005,1,0.27,7500,0,0.69,"Missing",0.977201090659598,3.75797975662084
2005,0,0.09,1500,0,0.03,"AA",9.35579646461911e-05,-9.27683580867327
2005,0,0.11,6500,0,0.34,"A",0.00291753124343142,-5.83409568935312
2005,0,0.12,4000,0,0.04,"AA",0.000742095739133513,-7.20528992341005
2005,0,0.14,2500,0,0.24,"C",0.00172279502457684,-6.36208301203244
2005,1,0.29,3000,0,0.91,"Missing",0.866689816906421,1.87200253023297
2005,0,0.09,9000,0,0.99,"Missing",0.218925521529352,-1.27193892061766
2005,0,0.29,5000,0,1,"D",0.0485392450962037,-2.97562579240513
2005,1,0.28,5000,0,0.56,"Missing",0.745202532614609,1.07318705326115
2005,0,0.23,21000,0,0,"B",0.00695926499859802,-4.96069782024012
2005,0,0.17,1000,1,0.59,"D",0.16545401624089,-1.61819453622669
2005,0,0.29,22000,0,0.83,"D",0.0808818345105701,-2.43042543826431
2005,0,0.19,6200,0,0,"C",0.0720462673748964,-2.55567335939364
2005,1,0.23,7500,1,0.81,"Missing",0.84129334856879,1.66788286975673
2005,1,0.24,3000,0,1.62,"Missing",0.95814590564042,3.13081044240303
2005,0,0.14,1400,0,0.61,"C",0.0572180785825108,-2.80196508787741
2005,0,0.15,2500,1,0.28,"B",0.00693644184674455,-4.96400572734969
2005,1,0.2,5500,1,0.47,"D",0.726673407190482,0.977809752189077
2005,0,0.14,9000,0,0.14,"B",0.00265958538449007,-5.92692191046505
2005,0,0.17,7100,0,0.95,"D",0.0883902179701451,-2.3334507208559
2005,1,0.29,7000,1,0.64,"Missing",0.853817448728629,1.7648612188236
2005,1,0.28,1500,1,1,"Missing",0.734361685113761,1.0168660012063
2005,0,0.1,3000,0,0.16,"AA",0.000901044151169713,-7.01105484881294
2005,0,0.2,3000,0,0.98,"D",0.356445536698224,-0.590825203561859
2005,1,0.29,2500,0,0.95,"D",0.781366666541321,1.27364847286952
2005,0,0.17,11000,0,0,"C",0.00576387849174147,-5.15036412786522
2005,1,0.2,5000,0,0.64,"D",0.343315471570125,-0.648553966699412
2005,0,0.25,7000,0,0.62,"D",0.00231068649289265,-6.06789725527964
2005,0,0.18,5600,0,0.48,"B",0.00295359613780498,-5.82177385466876
2005,0,0.16,10999,0,0.97,"B",0.0021513935866558,-6.13948575582204
2005,0,0.17,15000,1,0,"A",0.000396322751335769,-7.83288524873163
2005,0,0.14,9000,0,0.14,"B",0.000308530583898175,-8.08338100391007
2005,1,0.29,3550,0,0,"Missing",0.973330156225517,3.59718986198493
2005,0,0.18,2500,0,0.87,"D",0.0394772562298157,-3.19175294659751
2005,1,0.29,3000,1,0.67,"Missing",0.995891179844446,5.4905020739098
2005,0,0.19,15000,0,0.3,"AA",0.0237301752124304,-3.71699155402479
2005,0,0.27,1000,1,0,"Missing",0.617982331772895,0.480993008244353
2005,1,0.26,1000,1,0,"Missing",0.981148352390923,3.95212335741935
2005,0,0.11,6000,0,0.4,"AA",0.000449467038254983,-7.70699846846233
2005,1,0.23,6001,0,1.2,"Missing",0.876819939373446,1.96265446457158
2005,0,0.19,15000,0,0.37,"C",0.0351105202396008,-3.31351275854424
2005,0,0.18,1230,0,0,"C",0.0167447775635912,-4.07278230029317
2005,0,0.18,6000,0,0.58,"C",0.0050787576489143,-5.27759690622876
2005,1,0.2,9000,1,1.01,"D",0.371096870200507,-0.527514103975093
2005,0,0.19,9750,0,0.78,"B",0.00167457515831354,-6.39051980387756
2005,1,0.29,3000,0,0.85,"D",0.538593676248877,0.15468238800031
2005,0,0.18,1500,0,0.1,"C",0.0246165915831171,-3.67940996290714
2005,0,0.11,13000,1,0,"AA",0.00104891911014157,-6.85894559433027
2005,1,0.19,1100,1,1,"Missing",0.622576662745491,0.500499305815943
2005,1,0.2,5000,0,0.81,"C",0.288779783608725,-0.901317706329071
2005,0,0.29,12000,0,0.91,"D",0.252702205622567,-1.08425201689507
2005,0,0.19,5000,0,0.39,"C",0.0541875352957009,-2.85959340322642
2005,0,0.13,5000,0,0.69,"A",8.26662561431333e-06,-11.7032758928245
2005,1,0.29,5300,0,0.96,"Missing",0.985331405621645,4.20726926549127
2005,1,0.24,3500,0,0.8,"Missing",0.975248781190925,3.6738178660325
2005,1,0.29,3600,0,0.3,"Missing",0.993736398440832,5.06671663015688
2005,0,0.19,12500,0,0.88,"C",0.0333254776204917,-3.36753965571306
2005,0,0.1,1425,0,0,"AA",0.000207154524040666,-8.4818383742526
2005,0,0.11,6000,0,0.4,"AA",0.000255846820766834,-8.27067576939574
2005,0,0.11,23500,0,0.02,"AA",0.0019084402573028,-6.25955872610223
2005,0,0.13,10800,1,0.68,"A",0.00479919663736551,-5.33449599253109
2005,0,0.15,11000,0,0.65,"B",0.00230240469274305,-6.07149612433513
2005,0,0.2,3000,1,0.47,"D",0.0408479205935805,-3.15619372699944
2005,0,0.15,6500,0,1.05,"C",0.00702607160544767,-4.95107666302005
2005,0,0.2,1000,0,0.91,"Missing",0.804562881898655,1.41506044494034
2005,0,0.19,2500,0,0.82,"C",0.00277808147199041,-5.88321276000761
2005,0,0.24,9500,0,0.86,"D",0.239202984691897,-1.15705408831932
2005,0,0.18,6000,0,0.58,"C",0.103313491905813,-2.16093833510968
2005,0,0.07,1000,0,0.07,"AA",0.000869647832392696,-7.04655219242315
2005,0,0.28,25000,0,0.73,"C",0.3056001790898,-0.820770262121262
2005,0,0.13,15000,0,0.45,"A",0.000778617543766264,-7.15721166976704
2005,0,0.17,4000,1,0,"C",0.086473583049585,-2.3574733247676
2005,1,0.29,2000,0,0,"Missing",0.728281422956195,0.985920656030612
2005,0,0.2,1100,0,0,"Missing",0.399145202849794,-0.409028035660258
2005,0,0.2,10000,0,0.87,"C",0.0575932715245558,-2.79503120552657
2005,0,0.1,4000,0,0.88,"A",0.000435311310986468,-7.73901371930965
2005,0,0.11,8000,0,0.62,"B",0.00501084899952098,-5.29112647185993
2005,0,0.14,8000,0,0.76,"AA",0.000160336341008802,-8.73807646861565
2005,1,0.24,1025,1,0.59,"Missing",0.964192078571143,3.2931213884996
2005,0,0.14,7000,0,0.32,"A",0.000712290559283303,-7.24631209655815
2005,1,0.26,1000,1,0.33,"Missing",0.990870066243092,4.68702497291364
2005,0,0.2,7500,1,0.9,"D",0.0519856062689184,-2.90340280765665
2005,0,0.15,6500,0,1.05,"C",0.00901779566134167,-4.69949665612716
2005,1,0.29,2000,0,0.77,"Missing",0.670705417894185,0.711377284556621
2005,0,0.11,1000,0,0.98,"D",0.0205476341572376,-3.86424779696116
2005,0,0.08,1000,0,0.33,"A",0.00023960601509011,-8.33627495259625
2005,1,0.23,8000,1,0.74,"D",0.51794058388987,0.0717931563737784
2005,0,0.07,2000,1,0.07,"AA",0.000764284364228111,-7.17580605698318
2005,0,0.19,7500,0,0.98,"D",0.131709080151959,-1.88593126752426
2005,0,0.24,4000,0,0.7,"Missing",0.853277877813765,1.76054478716132
2005,0,0.26,7000,0,0.92,"C",0.0370502789968341,-3.25772531764613
2005,0,0.19,16000,0,0.99,"C",0.0106787070799709,-4.52876737904014
2005,0,0.17,6500,1,0,"D",0.0371197734219642,-3.25577922478929
2005,0,0.22,5000,0,0.47,"D",0.0649804229723581,-2.6664814275773
2005,0,0.11,2500,1,0,"B",0.000234403737800094,-8.35823112292777
2005,0,0.2,18000,0,0.71,"B",0.0100821080919975,-4.58685962533429
2005,0,0.08,3000,0,0.46,"AA",0.000548849255359889,-7.50713773463153
2005,1,0.29,3000,0,0,"Missing",0.973166850618,3.59091750767522
2005,0,0.11,1000,1,0.97,"C",0.0133117246665259,-4.30570895832457
2005,1,0.29,2875,1,1,"Missing",0.947826781432336,2.89960245657969
2005,0,0.18,9900,0,0.55,"C",0.0351088364054794,-3.31356246290643
2005,0,0.1,5200,0,0,"A",0.000668017460804834,-7.31052800515597
2005,0,0.21,10001,0,0.69,"D",0.2223838228838,-1.25182823593541
2005,0,0.11,7000,0,0,"AA",0.00442187364201203,-5.41676009276401
2005,1,0.18,1600,0,0.94,"D",0.605630732031246,0.428982748533752
2005,0,0.22,10000,0,0.65,"C",0.0155674915293737,-4.14688047796917
2005,1,0.28,2000,0,0.77,"Missing",0.712470015594866,0.907410679499367
2005,1,0.23,7200,0,1.12,"Missing",0.796677448533003,1.36565624836811
2005,0,0.29,8500,1,0,"B",0.00482961766647449,-5.32814665457361
2005,1,0.2,6500,1,0.92,"D",0.0494040256724861,-2.9570572170761
2005,0,0.17,1700,0,0.8,"Missing",0.327366414353495,-0.72012065535652
2005,0,0.08,6001,0,0.04,"AA",0.000165421832060977,-8.70684635303766
2005,0,0.25,7900,0,0.68,"C",0.0146996584663185,-4.20512225002648
2005,0,0.22,19000,0,0.75,"C",0.0887342988217876,-2.32918801552813
2005,1,0.25,7500,1,0.76,"Missing",0.967995541689825,3.40935226628538
2005,0,0.13,9500,0,0.27,"A",0.000922402486532034,-6.98760606513167
2005,0,0.24,7500,0,0,"C",0.0472761006389814,-3.00332024842149
2005,0,0.15,12000,0,0.52,"C",0.0254150659872108,-3.64666952436946
2005,0,0.12,9000,0,0.43,"B",0.000525657973993591,-7.55033400009932
2005,0,0.29,5000,0,0.75,"Missing",0.294916298308329,-0.871624940037185
2005,0,0.18,9200,0,0.71,"C",0.00882849953681966,-4.72090250504573
2005,0,0.21,9000,0,0,"D",0.233471366557909,-1.18881261127434
2005,0,0.15,3000,0,0,"C",0.0100129465716149,-4.59381295288847
2005,1,0.2,1500,0,0.88,"Missing",0.692924244554539,0.813826200441921
2005,0,0.15,3200,0,0.7,"C",0.00321807201825605,-5.73574958969617
2005,1,0.29,6000,0,1.12,"Missing",0.762190186364187,1.16472486110064
2005,1,0.29,3001,0,0,"Missing",0.85661927938212,1.78749009745246
2005,0,0.11,6500,0,0.34,"A",0.0030567117628596,-5.78735413505327
2005,0,0.11,5000,0,0.12,"A",0.00227290130289856,-6.08442266830478
2005,0,0.17,5000,0,0.78,"C",0.0469822291640117,-3.00986412341965
2005,0,0.15,7500,1,0,"A",0.011810413719983,-4.4268929073633
2005,0,0.22,5000,0,0.86,"Missing",0.387922199133215,-0.456054598212863
2005,0,0.17,5000,1,0.28,"B",0.00747252125724247,-4.88902223866719
2005,0,0.24,2500,1,0.83,"D",0.295953636411937,-0.866641403046689
2005,0,0.2,25000,0,0.08,"B",0.00149621830065962,-6.50331714842172
2005,0,0.15,8400,0,0.48,"B",0.00183209813098474,-6.3004596707413
2005,1,0.24,3000,0,0.97,"Missing",0.956697607065979,3.0952794638968
2005,0,0.05,2000,0,0.1,"AA",5.26730213369203e-05,-9.85135448817948
2005,1,0.25,5000,1,0.92,"Missing",0.865909243230557,1.86526324308761
2005,0,0.24,4000,0,0.89,"D",0.168814114806607,-1.59405526121236
2005,0,0.15,4000,0,0.72,"C",0.0069358723633632,-4.96408840439817
2005,0,0.2,17850,0,0.43,"C",0.00993516517457972,-4.60168992931747
2005,0,0.22,1500,1,1,"Missing",0.875598496534989,1.95139338261528
2005,0,0.14,25000,1,0.63,"AA",0.00128621106987157,-6.65476749870255
2005,1,0.22,1100,1,0,"Missing",0.966579083482729,3.36458117290161
2005,0,0.2,6000,0,0.02,"C",0.0186060114875544,-3.96548927145921
2005,0,0.23,3890,0,0.97,"Missing",0.768989672637175,1.20261512309408
2005,1,0.26,1000,1,0,"Missing",0.871195265387256,1.911568564606
2005,0,0.14,12000,1,0.37,"A",0.00984098877722228,-4.61130935612189
2005,1,0.24,6000,0,0,"Missing",0.873315587944414,1.93059793931739
2005,0,0.17,1000,1,0.14,"D",0.00953572135975652,-4.64312891144894
2005,0,0.18,25000,0,0.6,"A",0.00254249611784329,-5.97206322319798
2005,1,0.29,2000,0,0,"Missing",0.870376721779946,1.90429374778084
2005,0,0.11,1600,0,0.9,"B",0.00193356963447329,-6.24645199144573
2005,1,0.29,7100,1,1.12,"Missing",0.927743291239544,2.55252989120096
2005,0,0.12,10000,0,0.85,"A",0.000901406376111543,-7.01065256128054
2005,1,0.17,5000,0,0.17,"C",0.0670595196076577,-2.63276082762809
2005,0,0.29,12000,1,0.97,"D",0.120089936213857,-1.99157877148681
2005,0,0.12,7500,1,0,"B",0.00502280177440845,-5.28873192013643
2005,1,0.29,3000,0,1.34,"Missing",0.915593170629143,2.38392381410375
2005,1,0.23,5000,0,0.97,"Missing",0.836250060234461,1.63058717680043
2005,0,0.14,1400,0,0.61,"C",0.00303008750861677,-5.79612909162788
2005,0,0.29,8000,0,0.8,"D",0.3905257776291,-0.445102675996791
2005,0,0.13,20000,0,0.46,"A",0.00533167613922797,-5.22874367734177
2005,0,0.22,25000,0,0.63,"AA",0.00175661876983291,-6.34260630778469
2005,1,0.29,2000,0,0,"Missing",0.893005091869048,2.12181103707287
2005,0,0.15,7000,0,0.95,"C",0.00596345515828112,-5.11612393376935
2005,0,0.25,25000,0,0.87,"A",0.000647730095648541,-7.34138852747763
2005,0,0.11,23500,0,0.02,"AA",0.00142031837257643,-6.55545289847884
2005,1,0.27,1000,1,0,"Missing",0.928152991309175,2.55865760155979
2005,0,0.2,10000,0,0.79,"C",0.055117075821076,-2.84160145590446
2005,0,0.2,5000,0,0.43,"D",0.0401791621690387,-3.17339813255635
2005,0,0.29,2501,0,1.07,"Missing",0.29448801650345,-0.873685445695617
2005,1,0.2,2000,0,1.03,"Missing",0.934733541590615,2.66178325586173
2005,0,0.15,16000,0,0.24,"C",0.0204601915352345,-3.86860175624861
2005,0,0.17,4000,1,0.31,"D",0.0966632999098285,-2.23486154704891
2005,1,0.29,25000,0,0.98,"Missing",0.885300069966702,2.04360723551089
2005,0,0.11,18800,0,0.63,"AA",0.00225879146529446,-6.09066401221454
2005,1,0.29,2550,0,0,"Missing",0.974153953046548,3.62941168706449
2005,1,0.24,1500,1,0.88,"Missing",0.993694504518576,5.0600082680947
2005,1,0.24,1750,1,0.91,"Missing",0.877083778145909,1.96509951574698
2005,0,0.26,5050,1,0,"D",0.370762194825656,-0.528948381098408
2005,1,0.23,4900,0,1,"D",0.0924636907535628,-2.28391754046407
2005,0,0.1,1000,0,0.56,"A",0.00216465713456235,-6.13332629408549
2005,0,0.17,7000,0,0.51,"B",0.000283557684734823,-8.16781138410813
2005,0,0.07,5000,0,0.05,"AA",0.000809006648459563,-7.11889408874801
2005,1,0.29,2000,0,1.23,"Missing",0.932492375138052,2.62562042227226
2005,1,0.29,5500,0,0.77,"Missing",0.943272959674061,2.81110470083127
2005,0,0.1,14000,0,0.26,"AA",0.000388648868230726,-7.85244554993319
2005,0,0.24,17500,0,0.15,"D",0.151938715921191,-1.71947564732503
2005,1,0.25,2500,0,0,"Missing",0.395321819439822,-0.424996217600342
2005,1,0.24,3000,0,0.56,"Missing",0.940113474665264,2.75354905856703
2005,1,0.21,5000,0,0,"D",0.0389215580667712,-3.20650774189526
2005,1,0.29,8000,0,0.8,"Missing",0.901711871462216,2.21639178387681
2005,1,0.26,2000,1,0,"Missing",0.871083383503125,1.91057189371894
2005,1,0.17,3500,0,0.12,"D",0.323551909307888,-0.7374961498969
2005,0,0.24,3000,0,0.97,"Missing",0.604032733837208,0.422296844928247
2005,1,0.23,10000,0,0.67,"D",0.529334774817677,0.117474009605864
2005,0,0.23,8000,0,0.87,"D",0.317223187499061,-0.766562443259794
2005,1,0.29,3100,0,1,"Missing",0.895723912858267,2.15059016677498
2005,1,0.29,2000,1,0.83,"Missing",0.941706587000501,2.78220464488672
2005,1,0.24,3500,0,1,"Missing",0.884865322161118,2.03933290028922
2005,1,0.29,5000,1,0,"Missing",0.966365288544833,3.35798329549198
2005,1,0.29,4500,0,0.91,"Missing",0.964786046011788,3.31046393860936
2005,0,0.08,3001,0,0.32,"AA",0.000481026720439402,-7.63910659510148
2005,1,0.29,3001,0,0.83,"Missing",0.981567305638771,3.97502463031645
2005,0,0.19,3000,0,0,"D",0.0936389049425994,-2.26999183808447
2005,0,0.29,10000,0,0.78,"D",0.13191364739744,-1.88414367214719
2005,0,0.12,6000,0,0.53,"AA",4.89695018359143e-05,-9.92426389444318
2005,0,0.17,18000,0,0.22,"B",0.000252574427247178,-8.28355198497796
2005,0,0.27,3000,1,0.79,"D",0.196547980305586,-1.40801089317527
2005,0,0.23,25000,0,0.04,"AA",0.0109817550969976,-4.50047751107453
2005,0,0.19,3725,0,0.78,"D",0.230498806343317,-1.20549682061914
2005,0,0.12,25000,1,0,"AA",0.002591028551172,-5.95310596702376
2005,1,0.24,5600,0,0.62,"Missing",0.9660824692915,3.34931719174092
2005,1,0.22,6500,1,0.97,"Missing",0.953752896673396,3.02640578851432
2005,1,0.23,1750,1,0,"Missing",0.979109152853101,3.84733200305353
2005,0,0.15,8400,0,0.48,"B",0.00102836179479333,-6.87875934248368
2005,0,0.1,1000,0,0.2,"A",0.00035479050754182,-7.94362820881788
2005,0,0.12,2000,0,0.01,"AA",0.0002587410666904,-8.25942396430278
2005,0,0.12,25000,1,0,"AA",0.000870451796047821,-7.04562734444695
2005,0,0.18,5000,0,0.99,"D",0.0169886337784429,-4.05807616369464
2005,1,0.29,4500,0,0.91,"Missing",0.845272845168878,1.69799619455556
2005,0,0.1,1000,0,0.24,"A",3.06251434096599e-05,-10.3936585807336
2005,0,0.09,5400,0,0.18,"AA",0.00157753359537636,-6.45031388797043
2005,0,0.2,3000,0,0,"D",0.233725691224159,-1.18739204308962
2005,0,0.19,2100,0,0.86,"D",0.278841368537558,-0.950216080409682
2005,1,0.26,6000,1,1.06,"Missing",0.955148106941246,3.0585006179766
2005,1,0.22,12150,0,0,"D",0.117850057255883,-2.01294892945019
2005,1,0.25,9000,0,0.97,"D",0.576915415445419,0.310123539537825
2005,0,0.15,4500,0,0.96,"A",0.000717480989639925,-7.23904636745456
2005,0,0.13,5000,0,0.95,"B",0.00405440988676379,-5.50388747802336
2005,0,0.29,25000,0,0.52,"D",0.0759786562762623,-2.49828270826943
2005,1,0.2,7400,1,0.27,"D",0.426456044626498,-0.296325276745395
2005,1,0.29,3500,0,0,"Missing",0.982146155869467,4.00752128968489
2005,1,0.29,3500,0,0.99,"Missing",0.941566965522173,2.77966408320904
2005,0,0.2,5000,0,0.87,"D",0.423098378871015,-0.310067025159948
2005,1,0.28,4000,0,0,"Missing",0.947353202746672,2.89006658798168
2005,1,0.27,10000,0,0.45,"Missing",0.796760500836715,1.36616905033859
2005,1,0.23,5000,0,0.97,"Missing",0.853209571605393,1.75999929262915
2005,0,0.18,10000,0,0.15,"B",0.000335296243317555,-8.00016075603125
2005,0,0.12,10000,1,0.08,"AA",0.000510639977299965,-7.57933499107227
2005,0,0.11,5000,0,0.18,"A",0.000857891483754054,-7.06017468260293
2005,1,0.29,4000,1,0.98,"Missing",0.737671151110777,1.03389926543986
2005,1,0.23,1800,0,0,"Missing",0.962748641335515,3.25210394308634
2005,0,0.12,25000,0,0.17,"AA",0.00935234441168731,-4.66273187570998
2005,1,0.28,5000,0,0.95,"Missing",0.342883939755174,-0.650468632856291
2005,1,0.18,7000,0,0.33,"C",0.26615034952819,-1.01424279887023
2005,0,0.18,5000,0,0.5,"D",0.158294979603288,-1.67096936885268
2005,0,0.16,17000,0,0,"A",0.000168740564129349,-8.68697939124312
2005,1,0.24,1500,0,0.96,"Missing",0.868301201205998,1.88602117253222
2005,1,0.27,2000,1,0,"Missing",0.984622969774834,4.1593839439537
2005,1,0.23,6001,1,0.85,"Missing",0.665384849456126,0.687384527151205
2005,1,0.29,20000,0,0.61,"D",0.510580111585417,0.0423267644369125
2005,0,0.29,25000,0,0.47,"D",0.0795723643464377,-2.44817153241822
2005,0,0.15,15000,0,0.04,"AA",0.00174077120001069,-6.35168475744817
2005,1,0.25,3000,1,0.93,"Missing",0.842272074522728,1.67523153288764
2005,0,0.18,2800,0,0.38,"C",0.0439099027905276,-3.08071228181699
2005,0,0.1,3500,0,0.07,"AA",0.000252950781206458,-8.28206264606953
2005,0,0.17,2000,0,0.79,"D",0.109332151365352,-2.09758106407256
2005,1,0.28,5000,0,0.87,"Missing",0.808474492500498,1.44012813117357
2005,1,0.2,1000,0,1.07,"Missing",0.903452190400783,2.23618487072146
2005,0,0.22,20000,1,0.89,"C",0.169336991500557,-1.59033342530964
2005,1,0.17,3500,0,0.12,"D",0.17812998109924,-1.52906873999686
2005,0,0.11,3000,0,0.26,"A",0.00028459977476216,-8.16414202344685
2005,0,0.12,5000,0,0,"AA",0.000653864177617059,-7.33195682952004
2005,1,0.15,7500,0,0.98,"C",0.0816070916096795,-2.42070913865982
2005,0,0.16,6500,0,0.67,"C",0.0119101000502432,-4.41838690160422
2005,1,0.25,2800,0,0.97,"Missing",0.882626297044849,2.01753900433446
2005,1,0.29,3005,1,0.76,"Missing",0.976539069353936,3.7286782471742
2005,0,0.21,13500,0,0.82,"C",0.0780176463721073,-2.46959104749919
2005,1,0.24,3000,0,0,"Missing",0.773119738327253,1.22601154070681
2005,0,0.18,2550,0,0.28,"D",0.0735656998265607,-2.53316424922213
2005,0,0.15,15000,0,0.01,"AA",0.00122936892629547,-6.70002418409454
2005,0,0.29,25000,0,0.82,"B",0.00109141183472878,-6.81919115179085
2005,0,0.29,25000,1,0.97,"D",0.49992486561886,-0.000300537526823075
2005,0,0.08,2500,1,0.24,"AA",0.000636182588894219,-7.35938856133122
2005,1,0.29,4500,0,0.97,"D",0.371923787387518,-0.523972556098456
2005,1,0.24,1025,1,0.59,"Missing",0.959625277637789,3.16833896742565
2005,0,0.2,16950,0,0.55,"C",0.00469796688892961,-5.35591640365757
2005,1,0.2,5500,0,0.95,"Missing",0.866198782913328,1.86775917972647
2005,1,0.29,2100,0,0,"Missing",0.954011025923996,3.03227355519583
2005,0,0.14,2000,0,0,"C",0.00519502708132043,-5.25484487333348
2005,0,0.14,24000,0,0.54,"A",0.00175175691712075,-6.34538274899222
2005,0,0.13,2500,1,0.77,"B",0.0270084842562145,-3.58422431410467
2005,0,0.24,1000,1,0.18,"C",0.627472488883367,0.521388937188781
2005,0,0.19,7000,0,0.62,"C",0.00420407105096646,-5.46748899230557
2005,0,0.12,6000,0,0.33,"AA",0.00231921456018244,-6.06420479416729
2005,1,0.29,5000,1,0,"Missing",0.966468819906416,3.36117328228166
2005,0,0.15,6000,0,0.72,"B",0.000699762067062072,-7.26407017788362
2005,1,0.27,3000,1,0.65,"Missing",0.864992714682547,1.85739234226728
2005,0,0.17,3800,0,1.1,"D",0.0197228999314935,-3.90605489315637
2005,0,0.13,15000,0,0.45,"A",0.00553983498405082,-5.1902353281605
2005,0,0.16,3500,0,0.83,"C",0.0042569858075349,-5.45492785348515
2005,0,0.15,11000,0,0.65,"B",0.000771596359223507,-7.16627710122746
2005,0,0.15,15000,0,0.16,"AA",0.00196624377747348,-6.22966208889139
2005,0,0.11,20000,0,0.01,"AA",4.81020272403508e-05,-9.94213813218747
2005,0,0.14,8000,0,0.74,"B",0.000431564437150388,-7.7476620680926
2005,0,0.11,18000,0,0.46,"AA",0.000158044766015908,-8.75247417859644
2005,1,0.29,4300,1,0.95,"Missing",0.981038947635927,3.94622516102988
2005,0,0.17,5233,0,0.38,"B",0.000303564869970439,-8.0996116197426
2005,0,0.07,1000,1,0,"Missing",0.254457088744608,-1.07498048118419
2005,0,0.25,6000,0,1.02,"D",0.0954352943942203,-2.24900536746838
2005,0,0.11,14000,0,0.29,"AA",0.0271186250092602,-3.58004139645335
2005,1,0.29,1300,0,0.55,"Missing",0.94804318832089,2.90398722966219
2005,1,0.29,2550,0,0.91,"Missing",0.986394779659586,4.28360309186934
2005,0,0.19,6000,0,0.5,"B",0.0212290122418216,-3.8309289424009
2005,1,0.29,2700,0,0,"Missing",0.872555068574905,1.92374140702311
2005,1,0.29,2400,0,1.05,"Missing",0.819302154759353,1.51162667412984
2005,0,0.27,10000,1,0.79,"D",0.37479682237309,-0.511692608976172
2005,0,0.07,1500,0,0.01,"AA",0.00067603487914658,-7.29858962338791
2005,0,0.15,9500,0,0.94,"B",0.000311395997069345,-8.07413370878251
2005,1,0.29,3000,0,0,"Missing",0.764986792966317,1.18021685687287
2005,0,0.1,2000,0,0,"AA",0.00148409868016069,-6.51146243933714
2005,0,0.14,8000,0,0.53,"B",0.00216132145689944,-6.13487179826601
2005,0,0.17,5000,0,0.34,"D",0.0375610243956378,-3.24350373463503
2005,1,0.23,1500,1,1.11,"Missing",0.957535866933478,3.11570338751535
2005,1,0.25,6000,1,1,"Missing",0.908044282937319,2.2899860222725
2005,0,0.17,25000,1,0.02,"A",0.00275923950874863,-5.89003712430275
2005,0,0.2,15000,0,0.93,"D",0.0124122761728956,-4.37657933027145
2005,1,0.25,3000,0,0.71,"D",0.589097937485933,0.360237552013797
2005,0,0.19,9750,0,0.78,"B",0.00264785193684133,-5.93135519386358
2005,0,0.21,25000,0,0.99,"C",0.00496921312026071,-5.2995121765972
2005,0,0.23,4900,0,1,"D",0.0343676152219602,-3.33566850472257
2005,1,0.17,2500,1,0.59,"C",0.297279483386547,-0.860286536780316
2005,0,0.17,9000,0,0.9,"C",0.355269670999162,-0.595954997082615
2005,1,0.29,5000,1,0.94,"Missing",0.951710362731606,2.98104375934166
2005,0,0.15,5000,0,0.92,"B",0.000974963660557813,-6.932134919637
2005,0,0.2,6500,1,0.92,"D",0.089845021031456,-2.31552869410484
2005,0,0.14,9700,0,0.23,"AA",0.000137070995750009,-8.8948744688201
2005,0,0.16,20000,0,0.29,"AA",0.00104817572938271,-6.85965530098171
2005,0,0.14,25000,0,0,"AA",0.0017338252883871,-6.35568983200578
2005,1,0.24,4000,0,0.99,"Missing",0.95075512401388,2.96045121492334
2005,0,0.1,15000,0,0.21,"AA",0.00169023172102545,-6.38119798463917
2005,0,0.29,6500,1,0.85,"D",0.701169981111366,0.852875428360081
2005,1,0.23,3000,0,0.86,"Missing",0.931360704841673,2.60778145385613
2005,0,0.18,4500,0,0.49,"B",0.00306131663997522,-5.78584416900269
2005,1,0.29,2500,1,0.87,"Missing",0.933833118144007,2.64711768421518
2005,0,0.07,1000,1,0.08,"AA",0.000858196728091846,-7.05981863274846
2005,0,0.14,16500,0,0.2,"AA",0.0024963862029747,-5.99041160431781
2005,0,0.12,3000,0,0.98,"B",0.000285196141453437,-8.16204816196369
2005,0,0.1,5000,0,1.13,"A",0.000631361164165995,-7.36700093067312
2005,1,0.27,2000,1,0,"Missing",0.952427760816149,2.99676488178116
2005,0,0.13,3500,1,0.71,"C",0.0178293597900616,-4.00891853639689
2005,1,0.15,3000,0,0.91,"Missing",0.977241723330743,3.75980514641834
2005,1,0.27,2550,0,0.98,"Missing",0.811103272500138,1.45719493533691
2005,0,0.16,9800,0,0,"C",0.0279870245959586,-3.54762815807078
2005,0,0.15,2600,0,0.68,"C",0.0229800316664826,-3.74988143982952
2005,0,0.18,15000,0,0.58,"C",0.00162486038333703,-6.42070720293736
2005,0,0.29,5300,0,0.83,"Missing",0.213389659905298,-1.30461312157181
2005,0,0.2,25000,0,0,"B",0.000903943975070471,-7.00783882119336
2005,1,0.24,1550,0,1.09,"Missing",0.982818291025233,4.04657886533551
2005,1,0.29,4200,0,1,"Missing",0.858407197410739,1.80212322516711
2005,0,0.2,6000,1,0.25,"C",0.0254297944917158,-3.64607506087819
2005,0,0.25,10700,0,0,"Missing",0.218234026441579,-1.27598742643667
2005,0,0.15,1500,1,0.64,"AA",0.0011703403514328,-6.74928964808026
2005,1,0.29,4000,0,1.21,"Missing",0.993820506348082,5.08032027846977
2005,0,0.15,1000,1,0.55,"B",0.00533881551106488,-5.22739834710724
2005,0,0.23,8000,0,0.75,"C",0.0492834100889817,-2.95962849035353
2005,0,0.24,4500,0,0.6,"D",0.305796545246804,-0.819845084007586
2005,0,0.15,12000,0,0.94,"B",0.000197446556238787,-8.52984514551346
2005,1,0.23,6001,0,1.2,"Missing",0.920831921435239,2.45370435472393
2005,0,0.18,15000,0,0.65,"B",0.00269574793225882,-5.91338019923583
2005,0,0.2,4000,1,0.98,"B",0.010097896017473,-4.58527896632815
2005,1,0.26,5050,1,0,"D",0.607625840588403,0.437343425913573
2005,0,0.28,23500,0,0.89,"D",0.117936242147259,-2.01212018355521
2005,0,0.11,1000,0,0.97,"Missing",0.543131102257372,0.172954257512391
2005,0,0.2,5000,0,0.97,"C",0.04279125489054,-3.10768773540539
2005,0,0.15,18000,0,0.12,"B",0.00119851009023176,-6.72547685619717
2005,0,0.18,12000,0,0.57,"A",0.00139303107940659,-6.57487927105234
2005,0,0.15,3000,0,0.96,"C",0.00739459726525728,-4.89958357188328
2005,1,0.29,2000,1,0,"Missing",0.992629964459217,4.90293542199871
2005,0,0.18,2800,0,0.99,"C",0.147571281277552,-1.75377826931535
2005,0,0.17,4600,0,0.88,"B",0.00207822035105103,-6.17416296911255
2005,0,0.2,5000,0,0.61,"C",0.0115901625462864,-4.44594074501789
2005,0,0.15,15000,0,0.62,"B",0.000177963323850563,-8.63375509552469
2005,0,0.09,5000,0,0,"AA",0.0121667651347148,-4.39680582772713
2005,0,0.19,10000,1,0.81,"C",0.0845296309622312,-2.38233586254136
2005,1,0.29,7000,1,0,"Missing",0.974951040162215,3.66155495129173
2005,1,0.29,3001,0,0,"Missing",0.788637524063308,1.31673224843433
2005,1,0.19,7000,0,0.83,"C",0.0184989584240144,-3.97136864582962
2005,1,0.2,6500,1,0.9,"C",0.779483082673516,1.2626565709572
2005,0,0.2,3000,1,0.62,"D",0.243985866766995,-1.13094977022793
2005,0,0.12,3500,0,0.31,"A",0.000445798768349731,-7.71519700163677
2005,0,0.29,10000,0,0.78,"D",0.0640770297995446,-2.68144722605361
2005,0,0.12,7500,0,0.81,"A",9.60732022368957e-05,-9.25030405595107
2005,0,0.1,6000,0,0,"AA",0.00972705286816241,-4.62306965023314
2005,0,0.07,1000,0,0.02,"AA",0.000121108050419036,-9.01870631678148
2005,1,0.29,2525,0,0,"D",0.225034034970114,-1.2365674549999
2005,1,0.29,5000,0,0.92,"Missing",0.878903088152948,1.98208348983743
2005,0,0.1,7500,0,0.23,"AA",0.00114896069456598,-6.76774786782941
2005,0,0.1,4500,0,0.15,"AA",0.000552200632532364,-7.50104675984049
2005,0,0.09,2500,0,0.28,"AA",0.000346661332005908,-7.96681552162693
2005,1,0.23,1800,0,0,"Missing",0.965839351498445,3.34192316460831
2005,1,0.23,6001,0,0.24,"D",0.250510077466523,-1.09589372274349
2005,1,0.28,6000,0,0.86,"Missing",0.93772020926859,2.71181463331368
2005,0,0.19,3725,0,0.78,"D",0.0791836463201406,-2.45349082590277
2005,0,0.21,7000,0,0.52,"C",0.226091441645699,-1.23051419845746
2005,1,0.29,1000,0,0.92,"Missing",0.479014095211962,-0.0839929639300121
2005,0,0.24,3500,0,0,"C",0.0218867338959418,-3.79974478224055
2005,0,0.2,3200,1,0,"D",0.179525194484696,-1.51956764647558
2005,1,0.29,13531,0,0.82,"D",0.744103011393676,1.06740450618008
2005,0,0.2,1800,0,0.61,"Missing",0.432707673908639,-0.270812355153996
2005,1,0.29,2550,0,0.99,"Missing",0.704259209714559,0.867663121835696
2005,0,0.09,3500,0,0,"AA",0.000230241620846014,-8.37615100690878
2005,1,0.29,2501,1,0,"Missing",0.976058979446673,3.70792968549764
2005,0,0.18,2500,0,0.87,"D",0.0193683156857785,-3.92455842099442
2005,0,0.29,2500,0,0.85,"Missing",0.506050459389911,0.0242030189731688
2005,1,0.29,5500,0,0.99,"Missing",0.902486114344279,2.22515851947534
2005,0,0.09,6000,0,0,"AA",0.000412792176538021,-7.79215341876286
2005,0,0.15,4500,1,0.49,"C",0.0403216182375163,-3.1697104515163
2005,1,0.29,4300,1,0.95,"Missing",0.985482291612803,4.21776198512671
2005,0,0.18,3500,0,0.01,"C",0.00566705639405167,-5.16740227545407
2005,0,0.15,5000,0,0.41,"B",0.000855965559331572,-7.06242408495066
2005,0,0.17,11000,0,0.61,"C",0.0275489329166439,-3.56385595536229
2005,0,0.22,12150,0,0,"D",0.0980924165988003,-2.21860199656811
2005,0,0.19,12500,0,0.88,"C",0.0221380060270176,-3.78807268840972
2005,0,0.15,2000,0,0.54,"C",0.00320616042903546,-5.73946987462489
2005,0,0.16,5200,0,0.86,"C",0.0113438182174229,-4.46767368379443
2005,1,0.2,3800,0,1,"Missing",0.932066227141684,2.61887056928055
2005,0,0.23,10000,0,0.69,"A",0.0717564124058611,-2.56001696281763
2005,0,0.1,2000,0,0.06,"AA",0.00308127812133133,-5.77932475858366
2005,0,0.18,6800,1,0.89,"D",0.139821267085268,-1.81677525332141
2005,0,0.19,7400,1,0.87,"C",0.0422901400326608,-3.1199909092136
2005,0,0.09,3500,0,0.67,"A",0.000217319793094921,-8.43392324494659
2005,1,0.28,2250,0,0.57,"Missing",0.993043803305386,4.96114190209854
2005,0,0.28,8000,0,0.92,"D",0.139191476298696,-1.82202157888876
2005,0,0.19,19250,0,0.88,"B",0.00322643236605096,-5.73314663430376
2005,0,0.14,2100,0,0.92,"C",0.00371701766729572,-5.59110969162842
2005,1,0.25,6000,0,0.11,"D",0.813684186902385,1.4741291601852
2005,1,0.24,1000,1,0.98,"Missing",0.987976152457665,4.40876658734424
2005,0,0.11,20000,0,0.01,"AA",0.00148266274247266,-6.51243189444452
2005,0,0.13,25000,1,0.11,"AA",0.000246412645670631,-8.30825656289635
2005,0,0.13,20000,0,0.52,"A",0.00420491326970857,-5.46728783250643
2005,0,0.09,1500,0,0.29,"A",0.00425859125694108,-5.45454917936681
2005,0,0.15,7500,0,0.72,"B",2.69526973489819e-05,-10.5214002253963
2005,0,0.26,1000,0,0,"Missing",0.819691532513124,1.51425899719478
2005,0,0.11,14000,0,0.29,"AA",0.000509189050796735,-7.58218187553647
2005,0,0.2,8000,1,0.52,"D",0.0155964304639355,-4.14499387295497
2005,1,0.29,3800,0,0.84,"Missing",0.9243878168844,2.50351427630414
2005,0,0.2,3000,0,0.39,"D",0.308915182017678,-0.805195815587386
2005,0,0.16,15000,0,0.59,"A",0.000729945920669786,-7.22180989537935
2005,0,0.15,9000,0,0.49,"B",0.00429606981316482,-5.44574934673466
2005,0,0.15,2000,0,0,"B",0.000610893644479024,-7.39997660158401
2005,0,0.15,8000,0,0.64,"B",0.00150987551233852,-6.49421705719073
2005,0,0.15,2700,0,0.51,"C",0.0531677659652798,-2.8796696124959
2005,0,0.21,6000,0,0.89,"C",0.00142572794254242,-6.5516460135627
2005,0,0.15,10000,0,0.08,"B",0.000288486118559372,-8.1505750613471
2005,0,0.2,3000,0,0.39,"D",0.0757157328175424,-2.50203370280073
2005,0,0.27,7000,0,0,"D",0.0746849392669558,-2.51685583014458
2005,0,0.15,3000,0,0.08,"AA",0.00103102747242599,-6.8761678685675
2005,0,0.17,3000,1,0.14,"AA",0.0130822088331362,-4.32333354153347
2005,1,0.29,20000,0,0.03,"D",0.774697412746111,1.23502818698041
2005,0,0.15,2200,1,0,"C",0.0278288386616886,-3.55345903593015
2005,0,0.11,4000,0,0.11,"AA",0.0002089292975871,-8.4733057011627
2005,0,0.29,25000,0,0.61,"A",0.0566479279362038,-2.81258415593491
2005,1,0.23,5000,1,0.98,"D",0.265654333534157,-1.01678388728879
2005,0,0.09,5400,0,0.18,"AA",0.0012069524151926,-6.71844908030767
2005,0,0.16,4000,0,0.8,"C",0.0608967320702673,-2.73574593696795
2005,0,0.14,2000,0,0.5,"C",0.00227806257664321,-6.08214928303315
2005,0,0.16,8000,0,0.66,"B",0.00213234709678626,-6.14839735877301
2005,0,0.2,15000,0,0.61,"B",0.00112713272853375,-6.78695051089142
2005,0,0.27,7000,0,0,"D",0.0432436409206402,-3.09669857899487
2005,0,0.17,10000,0,0.72,"B",0.00152847748033063,-6.48195350313066
2005,0,0.19,4400,0,0.98,"D",0.13750574529264,-1.8361627874943
2005,0,0.11,1500,0,0.2,"B",0.0143554114939577,-4.22916885300614
2005,0,0.12,4000,0,0,"B",0.000156602193690846,-8.76164515180564
2005,1,0.29,6000,0,0.98,"Missing",0.956750465529396,3.09655614124489
2005,0,0.14,2100,0,0.92,"C",0.00438481709798762,-5.42521290626016
2005,0,0.15,3000,0,0,"C",0.00519539374649623,-5.25477392721246
2005,1,0.15,14500,1,0,"A",0.0515836617596756,-2.91158859142033
2005,0,0.22,17500,0,0,"AA",0.00045628711963927,-7.69193190701321
2005,1,0.29,13531,0,0.82,"D",0.759613916704859,1.15056398866864
2005,0,0.2,5500,0,0.95,"Missing",0.285329817000486,-0.918175389951068
2005,1,0.28,6000,0,0.98,"Missing",0.840649596913694,1.66306935220529
2005,1,0.18,7500,1,0.96,"D",0.125714962839922,-1.93938930733157
2005,1,0.29,5000,0,0.93,"Missing",0.929954953834789,2.58599759651024
2005,1,0.29,7000,0,0.12,"D",0.315704301930688,-0.773584109211129
2005,0,0.23,15000,0,0.77,"C",0.00856935495460184,-4.75095653405187
2005,1,0.07,2000,1,0.81,"Missing",0.146854398691996,-1.75948861529933
2005,0,0.12,2000,0,0.01,"AA",0.000775686588710711,-7.16098601230098
2005,0,0.12,8000,0,0.72,"B",0.000668893294580642,-7.30921689333345
2005,0,0.18,10000,0,0.97,"C",0.030552647996363,-3.45727480961135
2005,0,0.25,15000,0,0.65,"D",0.38372908441439,-0.473749870617929
2005,0,0.29,2000,0,0.4,"Missing",0.605716855070781,0.429343347873048
2005,0,0.2,6001,0,0.77,"C",0.103129524812672,-2.16292573318432
2005,1,0.29,4000,0,0,"Missing",0.935531904041144,2.67494478373243
2005,0,0.13,21000,0,0.24,"A",0.00124962395922634,-6.68366220015575
2005,0,0.1,5000,1,0.06,"AA",0.00929723062891329,-4.66869798536697
2005,0,0.15,3000,0,0.05,"AA",0.00571713655068898,-5.15855366002675
2005,1,0.29,4300,1,0.95,"Missing",0.872457220912129,1.92286179182006
2005,1,0.2,2400,1,0,"D",0.262966091441087,-1.03060880604664
2005,0,0.26,3000,1,0,"Missing",0.547721802275755,0.191470025772404
2005,0,0.15,2000,0,0.54,"C",0.165564745208621,-1.61739282642719
2005,0,0.25,15000,0,0.83,"C",0.129650579513156,-1.90405178195695
2005,1,0.17,1000,0,0.89,"Missing",0.856880460242317,1.7896181991542
2005,0,0.29,3000,0,1.51,"Missing",0.990917505652384,4.69228242455047
2005,0,0.29,7000,0,0.36,"Missing",0.917731307318538,2.41191402375633
2005,0,0.29,5000,0,0.32,"Missing",0.940811998875362,2.76602449332827
2005,0,0.15,7000,0,0.33,"A",0.00100954738610977,-6.89724312381265
2005,0,0.18,6500,0,0.85,"C",0.0100081321023116,-4.59429875610122
2005,0,0.17,7500,0,0.62,"D",0.0298393065717218,-3.48163518425242
2005,0,0.24,25000,0,0,"A",0.0279962443036025,-3.54728929917365
2005,0,0.28,12839,0,0.45,"C",0.0532550893100661,-2.8779363172883
2005,1,0.29,2000,1,0,"Missing",0.942086331689717,2.78914349335151
2005,0,0.09,4500,0,0.07,"AA",0.00028027936756812,-8.17944339224017
2005,0,0.2,5000,0,0.7,"D",0.00935416268499665,-4.66253564018109
2005,0,0.17,5600,0,1.09,"B",0.00814767955051421,-4.80184105670326
2005,0,0.13,4250,1,0.99,"B",0.00180339493462442,-6.31627929268552
2005,1,0.29,5000,1,0.75,"D",0.878294127228554,1.97637427941698
2005,0,0.2,1000,1,0.76,"C",0.131191097144583,-1.89046817935064
2005,0,0.15,3000,0,0.73,"D",0.0142028761744106,-4.24000608507169
2005,0,0.23,5000,0,0.78,"D",0.385910326977813,-0.464535935803802
2005,1,0.27,1000,1,0,"Missing",0.919219155808235,2.43178470538423
2005,0,0.29,3500,1,1,"Missing",0.971522259148847,3.52974142134913
2005,1,0.29,5000,1,0.96,"Missing",0.906784131194895,2.27498644534807
2005,0,0.2,15000,0,0.65,"B",0.00904485619350819,-4.69647305002317
2005,0,0.2,15000,0,0.93,"D",0.0958241190526857,-2.24450948210692
2005,0,0.1,9990,0,0.05,"AA",0.00379510772601181,-5.57024015481709
2005,0,0.1,5000,0,0,"A",0.000888112937591008,-7.02552313354365
2005,1,0.2,8000,1,0.52,"D",0.229247765052495,-1.21256360433097
2005,1,0.2,3000,0,0.62,"C",0.0537863271101031,-2.86744912147653
2005,0,0.23,10000,1,0.72,"D",0.23673547278527,-1.17066129560535
2005,0,0.19,24000,1,0.18,"B",0.00311248175533493,-5.76921754334731
2005,0,0.16,2000,1,0,"C",0.047062871240483,-3.00806453578421
2005,1,0.27,3200,1,0,"Missing",0.968477958540705,3.42503869423886
2005,1,0.24,3000,0,0.67,"Missing",0.990526290061414,4.64971582053906
2005,0,0.11,14000,0,0.56,"AA",8.84406299244763e-05,-9.33309063483978
2005,0,0.29,25000,1,0.93,"C",0.0882783328338807,-2.33484005775445
2005,0,0.13,5000,1,0.16,"A",0.0018132414288515,-6.31082430334444
2005,0,0.11,3500,0,0,"D",0.0230186456873985,-3.74816299766195
2005,0,0.15,3500,0,0.56,"C",0.00528334016719985,-5.23789942748784
2005,1,0.29,5000,0,0.77,"Missing",0.884708186518833,2.03779143503074
2005,0,0.14,7500,0,0.67,"B",0.0024119187540625,-6.02491785262264
2005,0,0.1,7500,0,0.13,"AA",0.000567725590159289,-7.47330448509061
2005,1,0.18,3500,0,0.01,"C",0.0963020337740578,-2.2390057586783
2005,1,0.29,12000,0,0.91,"D",0.729377233120133,0.991465217717527
2005,0,0.22,18200,1,0.8,"C",0.0261416035799464,-3.61773785737842
2005,1,0.29,5000,1,0,"Missing",0.962049060324284,3.23277118319992
2005,0,0.14,8000,0,0.53,"B",0.0351833121189095,-3.31136623989113
2005,0,0.23,6000,0,0,"C",0.0106414092031605,-4.53230392602481
2005,0,0.15,6500,0,0.9,"C",0.000926914714042489,-6.98272165417741
2005,0,0.25,2500,0,0.66,"D",0.0957385186800654,-2.24549785629091
2005,1,0.25,1500,1,0,"Missing",0.916556874376362,2.39645885188512
2005,0,0.16,25000,0,0,"AA",0.00254328783518637,-5.9717510842078
2005,0,0.17,8000,0,0.8,"C",0.180021417611387,-1.51620239033714
2005,0,0.14,7000,0,0.32,"A",0.00101252369136711,-6.89429632373647
2005,0,0.23,8000,0,0,"D",0.572362418089717,0.291496323169373
2005,0,0.16,3500,0,0.53,"B",0.00149715408624765,-6.50269097287514
2005,1,0.29,3700,0,0.58,"D",0.65426743161203,0.637850632247484
2005,0,0.18,9500,1,0.36,"A",0.0372999617585582,-3.25074957509752
2005,0,0.25,2000,1,1.4,"Missing",0.887525726431235,2.065712992353
2005,0,0.19,8500,0,0.79,"C",0.00381144247821537,-5.56592883375509
2005,1,0.29,4000,0,1.21,"Missing",0.97439890635346,3.63918570343458
2005,0,0.11,1000,0,0.01,"AA",0.000238461100972271,-8.34106587004933
2005,1,0.29,1000,1,0.67,"Missing",0.990967197214343,4.69781872781267
2005,0,0.14,9500,0,0.77,"A",0.00281784090849972,-5.8689625040682
2005,1,0.15,1000,0,0,"Missing",0.371000950317463,-0.527925121753973
2005,1,0.24,3000,0,0.4,"Missing",0.870084741901888,1.90170823427184
2005,0,0.18,5500,0,1.02,"C",0.0184529936052779,-3.97390329262068
2005,0,0.25,9000,0,0.97,"D",0.174767176019699,-1.55221089202504
2005,0,0.12,6250,0,0.21,"AA",0.00098725250504723,-6.91959698024188
2005,1,0.19,1100,1,1,"Missing",0.913766920185437,2.36052166759196
2005,1,0.23,7000,0,0.98,"C",0.736483558985748,1.02777115170819
2005,0,0.29,9000,1,0.95,"D",0.0759566865328208,-2.498595682808
2005,1,0.29,25000,1,0.93,"C",0.584259098912716,0.340282314666042
2005,1,0.2,2000,0,1.03,"Missing",0.840354217392231,1.66086598799957
2005,1,0.24,3000,0,0.92,"Missing",0.674726803962817,0.72964244166329
2005,1,0.29,5000,0,0.71,"Missing",0.758463843549512,1.1442759512558
2005,0,0.29,7000,0,0,"C",0.129071078734613,-1.9091971170667
2005,1,0.24,2550,1,0.93,"Missing",0.945941866381902,2.86212109915124
2005,0,0.12,1800,0,0.39,"B",0.00662243167702304,-5.01064819639304
2005,0,0.15,19500,0,0.59,"AA",0.000288649274956207,-8.15000949736239
2005,0,0.11,6100,0,0.76,"B",0.00106353377973316,-6.84509406129968
2005,0,0.15,5000,0,0.83,"C",0.00724732815235573,-4.91984869113485
2005,0,0.15,4500,1,0,"C",0.00617315456942887,-5.08135300901927
2005,0,0.08,3001,0,0.14,"AA",0.000409694763842587,-7.79968837524865
2005,0,0.15,3000,0,0,"C",0.019415394572308,-3.92208264391619
2005,0,0.25,9500,0,0.64,"D",0.169325067731666,-1.5904181966428
2005,1,0.28,5200,1,0.92,"Missing",0.89063211223205,2.09721413264729
2005,0,0.13,20000,0,0.52,"A",0.000969336802746964,-6.93792862189689
2005,1,0.25,2750,1,0,"Missing",0.905146339912598,2.25576134838751
2005,0,0.23,8500,0,1,"D",0.210004487347084,-1.32489836645014
2005,0,0.2,1500,0,0.88,"Missing",0.756184870044625,1.13187560937791
2005,1,0.29,3000,1,0,"Missing",0.961265454120783,3.21151873756847
2005,0,0.1,6500,0,0.67,"A",0.00226204617994565,-6.08922087748803
2005,0,0.15,2200,1,0,"C",0.0131904439623771,-4.31498444329751
2005,0,0.15,5000,0,0.85,"C",0.0151290434543413,-4.17589431999336
2005,0,0.1,4000,0,0.88,"A",0.00111847727783643,-6.79466798885353
2005,0,0.17,9500,0,0.95,"AA",0.00242535050988358,-6.01935092844277
2005,0,0.15,25000,0,0.01,"A",0.00927912886475218,-4.67066516075689
2005,0,0.25,8500,0,0.78,"D",0.119971864434297,-1.99269662695114
2005,0,0.2,19900,0,0.98,"A",0.00351675081680113,-5.64669482994513
2005,0,0.09,3000,0,0,"AA",0.00167120131802461,-6.3925399597199
2005,0,0.2,3000,0,0.76,"C",0.224051511862884,-1.24221014762225
2005,1,0.25,3500,1,0,"D",0.38947347279904,-0.449525986992991
2005,1,0.24,12000,0,0.9,"D",0.287760595908755,-0.906285226358034
2005,0,0.12,2500,0,0,"B",0.000919278254695163,-6.99100200052292
2005,0,0.05,1000,1,0.48,"D",0.00715067479892007,-4.93337218585035
2005,0,0.14,22000,0,0.71,"A",0.000140359600431875,-8.8711624845394
2005,0,0.13,10000,0,0.78,"B",0.000611486752357009,-7.39900559346005
2005,0,0.14,22000,0,0.77,"B",0.00195712990593671,-6.23431716504268
2005,0,0.2,7500,0,0.36,"C",0.00461701836648075,-5.37337844773676
2005,0,0.11,3000,0,0.27,"B",0.000437655633874278,-7.73364042942231
2005,0,0.19,19900,0,0.75,"C",0.0513964405066693,-2.91542204658117
2005,1,0.29,5300,0,0.83,"Missing",0.897765275564069,2.17263725885602
2005,0,0.12,20000,0,0,"AA",0.000119472686619289,-9.03230329674868
2005,0,0.19,12500,0,0.02,"AA",0.00249993443250529,-5.9889877099635
2005,0,0.19,4000,0,0.9,"D",0.0144921829504295,-4.21954766143658
2005,0,0.11,5000,0,0.12,"A",0.0013889594569166,-6.57781047936565
2005,1,0.29,7500,0,0.86,"Missing",0.905311286521828,2.25768403633313
2005,0,0.09,2000,0,0.85,"A",0.000149212326273411,-8.80999103437404
2005,1,0.29,2500,1,1.04,"Missing",0.863360959429008,1.84349015641883
2005,0,0.18,15000,0,0.29,"C",0.00537854087406185,-5.21994509729311
2005,0,0.2,24000,0,0.76,"C",0.0316501607668407,-3.42085019805399
2005,0,0.25,25000,0,0.71,"A",0.0276370456949794,-3.56057203648333
2005,0,0.15,25000,0,0.31,"B",0.000380004499603379,-7.87494738753281
2005,0,0.12,25000,1,0,"AA",0.000662296952627044,-7.31913401731306
2005,0,0.1,4000,0,0.51,"AA",0.00179392870481315,-6.32155171732015
2005,0,0.25,9000,0,0.99,"Missing",0.933607340801083,2.64346944770127
2005,0,0.24,25000,0,0.89,"B",0.0506378893996672,-2.93109019809093
2005,0,0.15,15000,0,0.65,"B",0.017050523194422,-4.05437683273528
2005,0,0.14,7500,0,0.67,"B",0.000221108768202414,-8.41663468049123
2005,0,0.15,14000,1,0.25,"A",0.0230943883191652,-3.74480037890909
2005,0,0.09,1000,0,0.18,"AA",0.000503797255593472,-7.59283271726925
2005,0,0.2,3000,1,0.07,"D",0.0377101117660918,-3.23938746929515
2005,0,0.29,15000,0,0.97,"D",0.488435012506606,-0.0462682022481294
2005,0,0.13,10800,1,0.68,"A",0.011917304017211,-4.41777493162917
2005,1,0.29,6000,1,0,"D",0.906651805146466,2.27342194670614
2005,0,0.13,10800,1,0.68,"A",0.0027202593422756,-5.90430409082332
2005,0,0.18,5600,0,0.33,"C",0.00624413330046513,-5.06984921855378
2005,0,0.15,12000,0,0.52,"C",0.00874539205228521,-4.73044448250226
2005,0,0.24,15000,0,0.85,"C",0.191287863305161,-1.44166359647163
2005,1,0.24,7500,1,0.82,"D",0.376552450548324,-0.504207290387191
2005,0,0.19,9000,1,0.98,"C",0.0444570864602599,-3.06775530012061
2005,1,0.29,4500,0,0.91,"Missing",0.969633179795061,3.46356726308512
2005,1,0.29,2500,0,1.09,"Missing",0.928192125267872,2.55924459692164
2005,0,0.13,6000,1,0.22,"A",0.00270075715638997,-5.91151870621109
2005,0,0.25,25000,0,0.47,"AA",0.012372301195678,-4.37984560418669
2005,0,0.17,4000,1,0.31,"D",0.0662195483087576,-2.64626563714223
2005,0,0.17,25000,0,0.67,"A",0.00146433249974496,-6.52489036623574
2005,1,0.28,4750,1,0.14,"Missing",0.93896474642453,2.73332631005536
2005,0,0.11,2000,0,0.75,"B",0.000205103716878774,-8.49178964602079
2005,0,0.07,2000,1,0.07,"AA",0.000800612231481078,-7.12933290073696
2005,0,0.14,2500,1,0.71,"B",0.00294738838827006,-5.82388405235366
2005,0,0.17,1100,0,0.29,"D",0.355487528102625,-0.595004007533152
2005,1,0.29,6000,0,1.02,"Missing",0.988777564913005,4.47855448976671
2005,0,0.17,4000,0,0.73,"B",0.00270573676871626,-5.90967162697163
2005,0,0.15,10000,0,0.16,"A",0.00900534354557125,-4.70089101380561
2005,0,0.2,2000,0,0,"Missing",0.546588341513277,0.186895492953712
2005,1,0.27,1000,1,0.88,"Missing",0.982255915614178,4.01379969459915
2005,1,0.19,1500,0,0.86,"D",0.178580839099936,-1.52599214956275
2005,1,0.2,10000,1,0.85,"Missing",0.92482244710272,2.5097490823199
2005,0,0.07,1000,1,0.08,"AA",0.000435345217220221,-7.73893579879922
2005,0,0.12,5000,0,0.1,"AA",0.00180452320461509,-6.31565272134158
2005,0,0.21,2500,1,0.38,"A",0.0202701020489637,-3.87812992440643
2005,0,0.12,3500,0,0.31,"A",0.000189921942199476,-8.56870746076719
2005,1,0.21,5000,0,0,"D",0.270182398393603,-0.993697361585477
2005,0,0.14,15000,0,0.59,"AA",0.00180315309235555,-6.3164136478435
2005,1,0.29,9200,1,0.98,"Missing",0.725699138871329,0.972909982358667
2005,0,0.16,17000,0,0,"A",0.000685615788036466,-7.28450731195796
2005,0,0.2,7500,0,0.99,"D",0.0247914051516804,-3.67215436491099
2005,0,0.25,10000,0,0.93,"B",0.00189250160634659,-6.26796142920685
2005,0,0.08,1000,0,0.33,"A",0.0011837921808291,-6.73784778745841
2005,1,0.29,3000,0,1.51,"Missing",0.879971079960146,1.99215632917233
2005,0,0.13,13000,0,0.81,"B",0.016460149549636,-4.09021587517459
2005,0,0.25,5000,0,0.76,"C",0.115385362456609,-2.03687460814154
2005,1,0.22,1500,1,1,"Missing",0.876920724941282,1.96358793439712
2005,0,0.15,9999,0,0.57,"B",0.00182128915047774,-6.30638775448436
2005,0,0.2,13500,0,0.31,"C",0.0058858560071189,-5.1292998471649
2005,0,0.17,1000,0,0.67,"D",0.0621197424999214,-2.71455843054017
2005,0,0.16,6500,1,0.93,"A",0.00293359996443424,-5.82858704192785
2005,0,0.29,10500,0,0.76,"D",0.683547785214259,0.770124316204502
2005,0,0.07,1500,0,0.01,"AA",0.000489935045214176,-7.62074768133135
2005,0,0.2,19900,0,0.98,"A",0.000612278877771677,-7.39771023021326
2005,0,0.2,6000,0,0.02,"C",0.0340307375938394,-3.34586785116141
2005,0,0.2,15000,0,0.65,"B",0.00812767579898535,-4.80431939045433
2005,1,0.29,3000,0,0,"Missing",0.452100123400787,-0.192188896068602
2005,1,0.27,3000,1,0.65,"Missing",0.967711730756061,3.40023026115988
2005,0,0.24,9999,0,0.89,"B",0.00650185861548952,-5.02914411434175
2005,1,0.2,5000,0,0.87,"Missing",0.844245497592047,1.6901622610586
2005,1,0.29,5300,0,0.96,"Missing",0.832485269421391,1.60334423615815
2005,1,0.29,4500,0,0.97,"D",0.463997377432057,-0.144260153785275
2005,0,0.12,3000,0,0.98,"B",0.00297953714027876,-5.81300332778475
2005,0,0.1,7500,0,0,"AA",0.000482682471094015,-7.63566873124371
2005,0,0.23,5000,0,0.97,"Missing",0.436787472769458,-0.254210303086092
2005,0,0.14,17500,0,0.79,"B",0.00421502011692313,-5.46487698648616
2005,0,0.14,25000,0,0.58,"AA",0.00340653731523488,-5.6786466009089
2005,0,0.15,9500,0,0.37,"C",0.00972212714041825,-4.62358114726478
2005,0,0.15,5000,1,0.92,"C",0.204180609978552,-1.36036731795004
2005,0,0.29,12000,0,0.6,"B",0.0134523554444671,-4.29505740415775
2005,1,0.27,3200,0,0.98,"Missing",0.612352148974081,0.457210196793747
2005,0,0.14,9999,0,0,"A",0.00176399201817107,-6.33841029656994
2005,0,0.23,15000,0,0.18,"D",0.216651969596253,-1.28528484122348
2005,0,0.15,3500,1,0.89,"C",0.0794721738565975,-2.44954028358674
2005,0,0.15,5100,0,0.19,"C",0.0184301117911303,-3.97516737931385
2005,1,0.29,5500,0,1.02,"Missing",0.991186549834289,4.72262377809612
2005,0,0.25,4000,0,0.45,"D",0.252958776520999,-1.08289383219095
2005,0,0.1,5000,0,0.52,"AA",0.00152272144723776,-6.48573223724557
2005,0,0.28,3001,0,0,"Missing",0.803693953677691,1.40954363983565
2005,0,0.15,9500,0,0.36,"A",0.000464458499931892,-7.67417378083417
2005,0,0.07,1500,1,0.07,"AA",0.000477994972836046,-7.64543223335868
2005,0,0.25,7000,0,0.96,"D",0.040289853912141,-3.17053163442497
2005,0,0.29,25000,0,0.11,"C",0.0634467063693393,-2.69200614376501
2005,0,0.17,2550,0,0.25,"C",0.0201907029079253,-3.88213571154883
2005,0,0.17,1000,0,0.35,"D",0.087121509093026,-2.34929898353379
2005,0,0.13,9999,0,0.61,"B",0.000161189943417425,-8.73276591264989
2005,0,0.19,19900,0,0.75,"C",0.0219563200664194,-3.796499303336
2005,0,0.2,3000,0,0.27,"D",0.0197235032059226,-3.9060236907003
2005,0,0.14,12000,1,0.37,"A",0.00557569961080728,-5.183746176935
2005,0,0.2,8000,0,0.79,"C",0.00740582867271966,-4.89805454236403
2005,0,0.2,7500,1,0.38,"C",0.0501358497276662,-2.94158265903197
2005,0,0.12,15000,0,0.09,"A",0.0023902164134418,-6.0339782900401
2005,1,0.2,7500,0,0.99,"D",0.0316180855102505,-3.42189726607797
2005,1,0.29,2000,0,0.28,"Missing",0.932446618908766,2.62489378842368
2005,0,0.15,1500,1,0.2,"C",0.0404127605086576,-3.16735764386951
2005,0,0.15,5500,0,0.28,"C",0.0480472546706197,-2.98633039736292
2005,1,0.29,5000,0,0.97,"Missing",0.942206730153716,2.79135237900749
2005,0,0.29,1890,1,0,"Missing",0.297427871603344,-0.859576322613343
2005,0,0.14,2500,0,0.24,"C",0.00619463374788586,-5.07785798615021
2005,0,0.29,2100,0,0,"Missing",0.186206748285242,-1.47484873689942
2005,0,0.2,3000,0,0.62,"C",0.0335402246827602,-3.36089422354389
2005,0,0.29,10000,0,0,"Missing",0.4337936715848,-0.266389539649661
2005,0,0.19,10000,0,0.64,"C",0.0574065749367027,-2.79847619644401
2005,1,0.23,3890,0,0.97,"Missing",0.695498926723347,0.825954856327738
2005,0,0.19,19250,0,0.88,"B",0.000686321152091559,-7.28347833127199
2005,0,0.17,1100,0,0.29,"D",0.00370151579310842,-5.59530448605742
2005,0,0.08,2500,1,0.24,"AA",0.000109223782737092,-9.1220024979856
2005,0,0.24,15000,0,0.86,"B",0.0323236692167998,-3.39909790738055
2005,0,0.09,3500,0,0,"AA",0.000794011312932253,-7.13761852208626
2005,1,0.29,2700,0,0,"Missing",0.938963126885615,2.7332980511093
2005,0,0.22,25000,1,0.69,"AA",0.0598954159776435,-2.75339115439956
2005,1,0.2,2000,1,0,"Missing",0.932182298353799,2.62070514755421
2005,0,0.12,9000,0,0.05,"AA",0.0466128570190326,-3.01814465246553
2005,0,0.07,2550,0,0.44,"AA",3.49951135444593e-05,-10.2602671235112
2005,0,0.17,1500,0,0.61,"D",0.1356541884001,-1.85186401848525
2005,1,0.13,1000,1,0.7,"C",0.181025740346048,-1.50941342135392
2005,1,0.25,3500,0,0.97,"Missing",0.768088325314807,1.19754814684214
2005,0,0.17,5233,0,0.38,"B",0.00175961674231284,-6.34089808700844
2005,0,0.14,24000,0,0.54,"A",0.00126544504615458,-6.67106515713528
2005,0,0.1,4500,0,0.15,"AA",0.00187903623520847,-6.27511547059368
2005,0,0.19,25000,0,0.72,"C",0.0405897630470401,-3.16280286605645
2005,0,0.2,17850,0,0.43,"C",0.0545545923958413,-2.85245425160658
2005,0,0.19,25000,0,0.72,"A",0.000527659509879527,-7.54653155115585
2005,0,0.08,3000,0,0,"AA",0.00440939888884819,-5.41959775623758
2005,1,0.25,3000,0,0.97,"Missing",0.932949177505537,2.63289985070189
2005,0,0.15,9900,0,0.72,"B",0.000581387951844094,-7.44951073569324
2005,1,0.27,4700,0,0,"D",0.565526136316402,0.263620722285021
2005,0,0.19,6500,0,0.7,"C",0.021964769177852,-3.7961059239831
2005,1,0.29,2550,0,1,"Missing",0.902984551588752,2.23083521760134
2005,0,0.16,9800,0,0,"C",0.0194249868240281,-3.92157892978021
2005,1,0.28,2550,0,0.94,"Missing",0.971272286156938,3.5207445513016
2005,0,0.2,7500,1,0.52,"D",0.0445114824920187,-3.06647555693225
2005,0,0.19,4041,0,0.91,"D",0.0772817590526657,-2.4798659717739
2005,0,0.2,12000,0,0.95,"C",0.0111181941202109,-4.48799193939225
2005,0,0.16,3000,1,0.96,"C",0.0844938429832478,-2.38279842179214
2005,0,0.25,15000,1,1.04,"D",0.666809010998072,0.693787798464422
2005,0,0.17,15000,1,0,"A",0.000660451428118862,-7.32192630513237
2005,0,0.26,3000,0,1.17,"Missing",0.464968413221983,-0.140356311134515
2005,0,0.2,3100,1,0.92,"C",0.013769417109596,-4.2714402027624
2005,1,0.29,5500,1,0.89,"Missing",0.994624864838196,5.22058192572584
2005,1,0.25,1250,0,0.99,"Missing",0.654666586164504,0.639615710013988
2005,1,0.29,5000,0,0.89,"Missing",0.908685861866567,2.29769381873364
2005,0,0.23,5000,0,0,"D",0.191721279722686,-1.4388643006517
2005,1,0.29,2000,1,0.83,"Missing",0.97873196612783,3.82905263344687
2005,0,0.23,5000,0,0.97,"Missing",0.709620424105182,0.89354126360542
2005,0,0.2,2000,1,0,"D",0.06032288539587,-2.74582476378628
2005,0,0.2,3300,0,0.55,"D",0.0298437580113527,-3.48148142661727
2005,0,0.23,3500,1,0.95,"D",0.248510940164603,-1.10656978194159
2005,0,0.17,9000,0,1,"Missing",0.115470820717836,-2.0360376390674
2005,0,0.2,6500,0,0,"C",0.0609439290320727,-2.73492094565846
2005,0,0.27,15000,1,0.75,"C",0.102862812590053,-2.16581260678208
2005,0,0.2,3500,0,0.8,"D",0.00593721874724626,-5.12055956552211
2005,0,0.29,22000,0,0,"D",0.574225629265224,0.299112841631738
2005,0,0.15,7500,0,0.72,"B",0.00671958054818341,-4.9959872862424
2005,0,0.08,1000,0,0.33,"A",0.000228026291851404,-8.38582156822658
2005,0,0.19,13500,0,0.78,"B",0.00892930409215673,-4.70944740709295
2005,1,0.29,3000,0,1.02,"Missing",0.964816585732872,3.31136323070769
2005,1,0.26,2500,1,0.91,"Missing",0.99368449901644,5.05841266588745
2005,0,0.15,20000,0,0.66,"A",0.00284825738702623,-5.85819559346705
2005,1,0.18,3001,0,1,"Missing",0.907862254785737,2.28780797740893
2005,0,0.1,8300,0,0.05,"AA",0.0129065932380515,-4.33702638747567
2005,0,0.22,3600,0,0.57,"D",0.0653014764243346,-2.66120939672293
2005,0,0.21,10000,0,0.84,"D",0.242748128090252,-1.13767152601211
2005,0,0.19,10000,1,0.88,"D",0.111049573088998,-2.08006476518467
2005,0,0.2,3800,0,1,"Missing",0.516617627055387,0.066494998499383
2005,0,0.15,14700,0,0.37,"AA",0.000884374859277799,-7.02974477010375
2005,1,0.2,1000,0,0.9,"Missing",0.870811199808371,1.90815028902619
2005,0,0.19,2750,0,0,"C",0.0139140501678261,-4.26084438795915
2005,0,0.17,25000,0,0.89,"B",0.0178608042925731,-4.00712443785235
2005,0,0.23,7100,0,0.27,"A",0.0053297324448881,-5.22911025388456
2005,1,0.18,4000,0,0.19,"D",0.277800027756487,-0.955400540174515
2005,1,0.29,5824,0,0,"Missing",0.92623046367494,2.53017722507579
2005,0,0.08,2500,0,0.47,"AA",0.00264116157310166,-5.93389181318594
2005,1,0.29,5000,0,0.82,"Missing",0.966095071044813,3.34970184587506
2005,0,0.29,1000,0,0,"Missing",0.525106642669233,0.100511102911816
2005,0,0.23,21000,0,0,"B",0.00267099537889926,-5.92262950610554
2005,0,0.18,7000,0,0.95,"C",0.00204015903966368,-6.19268527054633
2005,1,0.28,4500,0,0.47,"Missing",0.8681051677953,1.88430798906566
2005,0,0.09,3000,0,0.13,"A",0.000557208936446209,-7.49201291382189
2005,0,0.14,10000,0,0.65,"C",0.048485483779626,-2.97679049313282
2005,0,0.19,15000,0,0.3,"AA",0.00146461537875307,-6.52469692210683
2005,0,0.2,25000,0,0,"B",0.0014576590445498,-6.52946480175493
2005,0,0.12,5250,1,0.39,"B",0.000901319025818434,-7.01074955785962
2005,0,0.29,8500,1,0,"B",0.00340384646813046,-5.67943951992461
2005,0,0.08,4000,0,0.13,"AA",0.000133538780276098,-8.92098508565081
2005,0,0.15,5000,0,0.83,"C",0.00871063613113938,-4.7344616607322
2005,0,0.21,5000,0,0.73,"D",0.125066044790443,-1.94530644765463
2005,0,0.17,25000,0,0.54,"A",0.00218788345851628,-6.12263037940092
2005,0,0.15,9999,0,0.31,"B",0.000149629544936218,-8.80719837829334
2005,0,0.13,4000,0,0.01,"A",0.00426476678710583,-5.45309389332107
2005,0,0.28,4500,0,0.47,"Missing",0.893017392846416,2.12193978627579
2005,1,0.29,5000,0,0.32,"Missing",0.969324667480356,3.45314077930753
2005,1,0.24,3000,0,0.4,"Missing",0.62167918367551,0.49668162171057
2005,1,0.29,3000,1,0.8,"Missing",0.982319422820643,4.01744983071665
2005,1,0.29,3000,1,0,"Missing",0.946314938727045,2.8694406556219
2005,0,0.23,15000,0,0.86,"C",0.0343026262754259,-3.33762858837557
2005,0,0.2,8500,0,0.89,"D",0.14172551068174,-1.80103180241315
2005,0,0.07,6500,0,0.75,"Missing",0.177091127143774,-1.53618102626892
2005,0,0.18,1000,1,0,"C",0.0377664361426735,-3.23783643562324
2005,0,0.2,3500,0,0,"Missing",0.569888013807293,0.28139426673456
2005,1,0.28,3001,0,0,"Missing",0.679258736957011,0.750367346900825
2005,0,0.07,1000,0,0.09,"AA",0.000668111534627993,-7.31038709553866
2005,0,0.17,10000,1,0.6,"A",0.036883581389501,-3.26240779285763
2005,0,0.19,6600,0,0.27,"C",0.0320401339102045,-3.40820132410504
2005,0,0.23,1000,0,0.92,"Missing",0.705716591658041,0.874670451686548
2005,1,0.29,2500,0,0.85,"Missing",0.826978300330573,1.5643614374125
2005,0,0.18,3000,1,0.93,"C",0.0114789488161859,-4.45569511830813
2005,1,0.26,4000,0,0.99,"Missing",0.970972905461558,3.51006887592076
2005,0,0.07,2550,0,0.44,"AA",0.000301917433088906,-8.10505501531862
2005,0,0.08,2500,0,0.47,"AA",0.000557251629372337,-7.49193625479865
2005,0,0.29,5000,1,0.96,"Missing",0.870885451707081,1.90881047305296
2005,1,0.29,2400,0,0.87,"Missing",0.936559552471568,2.69211147866943
2005,0,0.15,4000,0,0,"C",0.0573306297292795,-2.79988057523368
2005,0,0.29,7000,0,0.7,"D",0.781678960096988,1.27547747969739
2005,0,0.21,9800,0,0.7,"D",0.0450459967549193,-3.0539790573396
2005,0,0.25,15000,0,0.11,"D",0.0547485240963709,-2.84870059297019
2005,1,0.28,4000,0,0.53,"Missing",0.992797347058778,4.92607713949142
2005,0,0.23,8800,1,0.61,"C",0.458670997466172,-0.165694059845435
2005,0,0.15,6500,0,1.05,"C",0.0142720180368478,-4.23507959654929
2005,0,0.17,5000,0,0.93,"C",0.00544580389845666,-5.20744920739725
2005,1,0.27,1700,0,0.95,"Missing",0.789071950469901,1.31934043082968
2005,0,0.17,5000,0,0.46,"A",0.00416109748654286,-5.47780664167857
2005,0,0.14,6001,0,0.54,"A",0.000344905165648076,-7.97189609624032
2005,1,0.23,6001,1,0.52,"D",0.286533215010781,-0.912281420455761
2005,0,0.18,2800,0,0.38,"C",0.00569401637043952,-5.16262912601469
2005,1,0.29,3800,0,0.96,"Missing",0.944502537102451,2.83432106697391
2005,1,0.29,3001,0,0,"Missing",0.944970444386189,2.84328323552793
2005,0,0.1,5000,0,0.11,"AA",0.0015334278219509,-6.47871503831669
2005,0,0.16,8000,0,0.66,"B",0.0054959463111811,-5.19823338822875
2005,0,0.11,6500,0,0.34,"A",0.000711760317701223,-7.24705732192849
2005,0,0.25,4449,0,0.94,"D",0.234989385026874,-1.18034936648658
2005,1,0.27,25000,1,0,"C",0.169589374110537,-1.58854023969451
2005,0,0.14,4000,0,0.18,"B",0.00111823231975887,-6.79488726840199
2005,1,0.25,5000,1,0.96,"Missing",0.701117730015302,0.852626068764972
2005,0,0.17,7500,0,0.2,"C",0.355707116887394,-0.594045723290076
2005,0,0.19,7000,0,0.62,"C",0.00823424896961677,-4.7911847816587
2005,0,0.29,2500,0,0.85,"Missing",0.892429210662008,2.11579805840545
2005,1,0.29,5000,1,0,"Missing",0.830421960264352,1.58862072518356
2005,0,0.15,25000,0,0,"B",0.00388468750595776,-5.546820481942
2005,0,0.19,6001,1,0.24,"D",0.0317819029243059,-3.41656033143309
2005,1,0.15,2500,0,0.7,"D",0.0860844814237287,-2.36240898053287
2005,0,0.23,3500,1,0.95,"D",0.09394816300603,-2.26635334685258
2005,0,0.11,1500,0,0.07,"B",1.69266251184917e-05,-10.9866057981892
2005,0,0.12,4700,0,0.09,"B",0.00194629082763797,-6.23988167013156
2005,0,0.25,9000,0,0.99,"Missing",0.955489694574571,3.06650323329258
2005,0,0.22,12150,0,0,"D",0.15795869927043,-1.67349546195287
2005,0,0.1,3900,0,0.41,"AA",8.44796371587005e-05,-9.37891554980622
2005,0,0.19,4400,0,0.98,"D",0.574652949875123,0.300860868917319
2005,0,0.14,9999,0,0,"A",0.00320249799351219,-5.7406165137667
2005,0,0.19,1500,0,0.86,"D",0.0216198981516905,-3.81228414536341
2005,0,0.17,5000,0,0.46,"A",0.00556912458474003,-5.18493271353336
2005,0,0.17,1850,0,0.68,"D",0.0320846856409991,-3.40676576482238
2005,1,0.24,5250,0,0.57,"Missing",0.801804392795115,1.39761022065661
2005,0,0.12,4700,0,0.09,"B",0.000251140535906682,-8.2892466994326
2005,1,0.29,5000,0,0,"Missing",0.973900681108171,3.61940011043878
2005,0,0.23,14000,1,0.83,"C",0.063577317406206,-2.6898101963352
2005,0,0.1,10000,0,0.18,"AA",0.000553628772932825,-7.49846239870113
2005,0,0.24,1000,1,0.9,"D",0.392005801653708,-0.438888699909089
2005,0,0.19,6000,0,0.49,"C",0.357927070323679,-0.584372643396427
2005,1,0.23,6300,0,0.76,"D",0.672594306813629,0.719942280953689
2005,0,0.2,8000,1,0.92,"C",0.0529902628672738,-2.88320119802812
2005,0,0.15,1700,0,0.83,"D",0.0725620616744296,-2.5479836606089
2005,1,0.29,3000,0,0.85,"Missing",0.890768234088074,2.09861235712748
2005,1,0.29,6000,0,0.98,"Missing",0.944358281562881,2.83157237819262
2005,1,0.24,1000,0,0,"Missing",0.935345358060018,2.67185592427587
2005,0,0.07,1100,1,0.18,"A",0.000335544091752191,-7.99942158876831
2005,0,0.13,2500,1,0.9,"C",0.00414168898863157,-5.48250131653496
2005,0,0.29,12000,1,0.97,"D",0.22145480315002,-1.25720852623484
2005,0,0.2,12500,0,0.52,"A",0.00386461407036783,-5.5520213533689
2005,1,0.28,2000,0,0.77,"Missing",0.970146188567749,3.48113425214552
2005,0,0.12,2000,0,0.01,"AA",0.000930348684966898,-6.97902033028584
2005,0,0.24,7500,0,0,"C",0.0584466374719073,-2.77941686671293
2005,1,0.15,1100,0,0,"Missing",0.937426417346669,2.7067950799056
2005,0,0.08,2000,0,0.23,"AA",0.00138201352311509,-6.58283079912261
2005,0,0.15,2500,0,0.94,"D",0.0684950959124889,-2.61003930456177
2005,0,0.18,4100,0,0.5,"C",0.00384974366651182,-5.55589154002265
2005,1,0.29,3000,0,0,"Missing",0.933760226448567,2.64593859694337
2005,1,0.26,5500,0,0.99,"Missing",0.820796932320307,1.5217561178404
2005,0,0.14,3000,0,0,"C",0.00849749040390105,-4.75945060576465
2005,0,0.18,6000,0,0.58,"C",0.00622172576859014,-5.07346679459566
2005,0,0.27,12000,1,0,"D",0.0302362535813757,-3.46801082730699
2005,0,0.19,16000,0,0,"A",0.00132112990287877,-6.62794591813807
2005,0,0.17,1775,0,0.9,"D",0.0288299893000519,-3.51708540071377
2005,1,0.29,3500,0,0,"Missing",0.913961575497506,2.36299453762308
2005,0,0.14,16500,0,0.2,"AA",4.05156811198829e-05,-10.1137809541426
2005,0,0.15,17500,0,0.55,"B",0.000568037517776342,-7.47275489008914
2005,0,0.17,3000,0,0.53,"C",0.0709983821081484,-2.5714533907811
2005,0,0.15,12000,0,0.43,"A",0.00306640888377529,-5.78417702681829
2005,0,0.25,4500,0,0.87,"D",0.0463178085404817,-3.02480396246195
2005,0,0.18,2750,1,0,"D",0.0984698129348888,-2.21434349391612
2005,0,0.2,5000,0,0,"C",0.0894484726659624,-2.32038775483045
2005,0,0.09,5000,0,0.08,"A",3.36322004049883e-05,-10.2999929717623
2005,0,0.12,2500,0,0,"C",0.000786609552415372,-7.14699163501821
2005,0,0.19,7000,0,1,"C",0.0190307779812756,-3.94248352267914
2005,0,0.23,3550,0,0.66,"D",0.155552454984847,-1.69169961483172
2005,1,0.29,9200,1,0.98,"Missing",0.929040898613116,2.57204908792222
2005,1,0.29,2550,0,0,"Missing",0.96606774381744,3.34886788813114
2005,1,0.19,1000,1,0,"Missing",0.907374536198011,2.28199121354526
2005,0,0.2,5000,0,0.45,"D",0.0247192191516039,-3.6751443655245
2005,0,0.23,2500,0,0.79,"D",0.156394323044314,-1.68530464824029
2005,0,0.08,1000,0,0.01,"AA",0.0027942878459868,-5.87737980139617
2005,1,0.29,3000,0,0.82,"Missing",0.965359209167999,3.32746835609884
2005,0,0.21,5000,0,0.77,"C",0.0198997228948967,-3.89694908325262
2005,1,0.24,1500,1,0.88,"Missing",0.982423728519517,4.02347292967117
2005,0,0.25,5000,0,0.9,"D",0.103273497541943,-2.16137012801953
2005,0,0.24,3000,0,0.97,"Missing",0.84343315429939,1.68399760296686
2005,0,0.22,25000,0,0.83,"A",0.0050615122231827,-5.28101561693112
2005,0,0.21,6000,0,0.76,"D",0.0478290007452256,-2.99111247405299
2005,0,0.09,9000,0,0.37,"AA",0.00112728883611389,-6.7868118644665
2005,0,0.29,1000,0,0.92,"Missing",0.620819993497179,0.493030130846759
2005,1,0.29,5500,0,1.13,"Missing",0.92355467352529,2.49165420168763
2005,0,0.1,8000,0,0.45,"AA",0.000150033850042695,-8.80449957726943
2005,1,0.29,6000,1,0.79,"Missing",0.995919573851935,5.49746507416254
2005,1,0.29,3000,1,0.4,"Missing",0.942446858820251,2.795770819089
2005,0,0.1,1000,0,0.2,"A",0.000543440835082305,-7.51704612787021
2005,0,0.09,4900,0,0,"AA",0.00113127309541926,-6.78327973385048
2005,0,0.23,8000,0,0,"D",0.0430390021414201,-3.10165590489552
2005,0,0.11,7500,0,0,"AA",0.00359491539630146,-5.62463342916641
2005,0,0.18,5000,0,0.92,"B",0.00106281931357454,-6.8457667873863
2005,0,0.14,1000,0,0,"B",0.00316971038684777,-5.75094031132288
2005,0,0.25,7000,0,0.62,"D",0.0611146364193068,-2.73194200215397
2005,1,0.28,3500,0,1.01,"Missing",0.841895334415088,1.67239844647438
2005,0,0.24,3000,0,0.85,"Missing",0.905781944678735,2.26318676461948
2005,0,0.12,8000,1,0.91,"A",0.000925974133756266,-6.98373785390416
2005,0,0.24,4500,1,0.71,"D",0.126145963769942,-1.93547367601344
2005,0,0.23,10000,1,0.72,"D",0.0191713400564062,-3.93498132729794
2005,0,0.14,5000,0,0.68,"B",0.000784236056973998,-7.15001594612327
2005,0,0.2,5000,0,0,"D",0.032446451677515,-3.39517968068457
2005,0,0.2,9000,0,0,"C",0.0354574781886643,-3.30331973722396
2005,1,0.29,2500,0,0,"Missing",0.957533801336596,3.1156525881645
2005,1,0.29,2100,0,1,"Missing",0.677023155495219,0.740124843609019
2005,1,0.26,2550,1,0.51,"Missing",0.935168120461881,2.66892887054338
2005,0,0.24,1000,0,0.97,"Missing",0.778515359517426,1.25703547682299
2005,1,0.29,4000,1,0.98,"Missing",0.99204376288553,4.82581105834977
2005,1,0.29,2000,1,0,"Missing",0.960619411492864,3.19430527928721
2005,0,0.18,8000,0,0.33,"C",0.0022863109720901,-6.0785267610044
2005,0,0.11,8000,0,0.32,"A",0.000137575462880232,-8.89120038553039
2005,0,0.1,1000,0,0.56,"A",0.000275477467137514,-8.19672920627272
2005,0,0.17,10000,0,0.72,"B",0.000221935972924881,-8.41289966733416
2005,1,0.28,2000,1,0.97,"Missing",0.923249623543411,2.48734135455394
2005,0,0.09,6001,0,0.26,"AA",0.000433791210190596,-7.74251333680652
2005,0,0.05,1000,0,0.42,"D",7.60820446446538e-05,-9.4836221802195
2005,0,0.16,20000,1,0.32,"A",0.000839505095443713,-7.08185815417062
2005,0,0.1,3900,0,0.53,"A",0.000125293112987513,-8.98472936079586
2005,0,0.15,3500,0,0.3,"C",0.00752333570012855,-4.88219388348926
2005,1,0.25,2500,0,1.01,"D",0.401163367059151,-0.400620084438076
2005,0,0.2,5128,0,0,"Missing",0.307571213964275,-0.811498746162566
2005,0,0.15,6000,0,0.39,"B",0.00122640382396748,-6.70244195589634
2005,1,0.29,7400,0,0,"Missing",0.805264041861294,1.41952564578188
2005,0,0.25,15000,0,0.11,"D",0.265835743402561,-1.01585417436824
2005,1,0.2,5128,0,0,"Missing",0.923495764213198,2.4908201039002
2005,0,0.18,2800,0,0.38,"C",0.152085206707355,-1.71833921690728
2005,1,0.29,7900,1,0.99,"Missing",0.949179984269875,2.92730814997399
2005,0,0.2,19900,0,0.98,"A",0.00908349644986987,-4.69217108597406
2005,0,0.24,1750,1,0.91,"Missing",0.783030295855044,1.28341365570807
2005,1,0.22,15000,0,0.04,"D",0.396991768613285,-0.41801530085759
2005,0,0.17,6500,1,0,"D",0.00595678793452372,-5.11724927997657
2005,1,0.26,5000,0,0.61,"D",0.183147233335487,-1.49516848335152
2005,0,0.11,1527,0,0.03,"AA",0.00470532677568584,-5.35434362382668
2005,0,0.2,5500,1,0.47,"D",0.147463156321685,-1.75463806968662
2005,0,0.2,10000,0,0.79,"C",0.0161850889817705,-4.10734739564526
2005,0,0.22,10000,0,0.93,"D",0.212117676250781,-1.31220754603403
2005,0,0.15,3000,0,0.08,"AA",0.0161569164721836,-4.10911819385527
2005,0,0.29,6000,0,0,"Missing",0.970356890143451,3.48843421595118
2005,0,0.27,7500,0,0.91,"Missing",0.881578181948081,2.00746071028773
2005,0,0.23,21000,0,0,"B",0.00632211070092371,-5.0573599750405
2005,0,0.09,1000,0,0.02,"AA",0.00339022697309507,-5.68346241930136
2005,0,0.19,16000,0,0.99,"C",0.0189158678450187,-3.94865707916932
2005,0,0.16,8200,0,0.87,"C",0.272423702169268,-0.982360287430915
2005,0,0.29,2550,0,0.63,"D",0.525454849319494,0.101907499407908
2005,0,0.17,6500,0,0.45,"B",0.0937464824353095,-2.26872494415548
2005,0,0.16,17000,0,0,"A",0.0012875261522047,-6.65374425751454
2005,0,0.29,6000,0,0.43,"D",0.0603004858079609,-2.74621999818946
2005,1,0.28,3900,0,1.08,"Missing",0.990243433976203,4.6200103091171
2005,0,0.11,10000,0,0.43,"AA",9.92460997447896e-05,-9.21780868542588
2005,0,0.18,10000,0,0.97,"C",0.0254670870060895,-3.64457137977136
2005,0,0.11,5000,1,0,"A",0.0015339791717384,-6.47835499695238
2005,1,0.29,4000,0,0.98,"Missing",0.973990078069752,3.62292303887623
2005,1,0.24,3000,0,0.67,"Missing",0.966370619295866,3.35814731389974
2005,0,0.1,10000,0,0.18,"AA",0.000367944325367018,-7.90721090897084
2005,1,0.2,2200,0,0.92,"Missing",0.908152946821658,2.29128807988538
2005,0,0.18,4500,0,0.49,"B",0.00175654869949119,-6.34264626810161
2005,0,0.24,9999,0,0.89,"B",0.0377912984990445,-3.2371524948758
2005,0,0.17,1700,0,0.8,"Missing",0.749212130787899,1.09441472287764
2005,1,0.29,7000,1,0,"Missing",0.995578124011527,5.4167595597587
2005,0,0.11,3500,0,0,"D",0.0382389677795572,-3.2249109179458
2005,1,0.23,5000,0,0.97,"Missing",0.725607947043786,0.972451917214114
2005,0,0.25,9000,0,0.56,"B",0.00840316407086053,-4.77070829925429
2005,0,0.16,10999,0,0.97,"B",0.00658520788682608,-5.01632238850181
2005,0,0.17,13000,1,0.88,"B",0.00297201515319022,-5.81553861312855
2005,0,0.19,7000,0,1,"C",0.19006246733924,-1.44960433092531
2005,0,0.18,15000,0,0.16,"B",0.012221968577066,-4.39222297249998
2005,0,0.23,5000,0,0.39,"D",0.0299526718836919,-3.47772633012175
2005,1,0.25,3000,0,0,"Missing",0.87257892524343,1.9239559573087
2005,0,0.11,13000,0,0.82,"A",0.000757874484591666,-7.18423461182634
2005,1,0.29,1500,0,0.51,"Missing",0.79895665595939,1.37978616962945
2005,0,0.15,3500,0,0.32,"A",0.000809457218259597,-7.11833685082418
2005,1,0.23,3150,0,0.88,"Missing",0.823713828184276,1.54171452289973
2005,0,0.16,20000,0,0.29,"AA",0.00086068599011319,-7.05691976716544
2005,0,0.08,6001,0,0.04,"AA",0.00324920363800416,-5.72609085336422
2005,0,0.17,10000,0,0.28,"B",0.00393343154292212,-5.53430188012014
2005,0,0.15,5500,1,0,"C",0.0890077164067345,-2.32581135979115
2005,0,0.22,18200,1,0.8,"C",0.14222978002991,-1.79689233572727
2005,1,0.29,3000,1,0,"Missing",0.756246222634219,1.1322084078256
2005,0,0.15,15000,0,0.65,"B",0.0035992319410705,-5.62342908122452
2005,1,0.24,3000,0,0.92,"Missing",0.97668672077827,3.73514282444602
2005,0,0.21,13500,0,0.84,"D",0.0738898452835169,-2.52841777822592
2005,1,0.26,5000,0,0,"Missing",0.514160216186802,0.0566560149150335
2005,0,0.12,8000,1,0.91,"A",0.00133965004649398,-6.61400631028037
2005,1,0.29,4000,1,0,"Missing",0.989758367362421,4.57099979580044
2005,0,0.15,2500,1,0.9,"C",0.0216382462289345,-3.81141708535441
2005,0,0.08,3000,0,0.03,"AA",0.000312844250604502,-8.06949219997501
2005,0,0.29,25000,0,0.61,"A",0.023337127998491,-3.73409595934734
2005,0,0.15,5000,0,0.35,"B",0.0153949903529274,-4.15819840057394
2005,0,0.17,1500,0,0.92,"D",0.0822551147428869,-2.41209387619242
2005,0,0.2,1000,0,1.07,"Missing",0.490601799696973,-0.0375972293883233
2005,1,0.24,1000,0,0.81,"Missing",0.719744768723348,0.943195933037714
2005,1,0.24,1500,0,0,"Missing",0.746084425686997,1.07783693779052
2005,0,0.11,18800,0,0.63,"AA",0.00111678003224109,-6.79618830146056
2005,0,0.16,17000,0,0,"A",0.00698353035278832,-4.95719267954323
2005,0,0.08,3500,0,0,"AA",0.0015718349983445,-6.45393848174229
2005,1,0.29,3442,0,0.26,"Missing",0.89980819875007,2.19509526666268
2005,0,0.23,8000,0,0,"D",0.221754877553323,-1.25546892528859
2005,0,0.24,25000,0,0.42,"C",0.20781404421169,-1.33815249530129
2005,1,0.29,6000,0,0.98,"Missing",0.970070784133819,3.47853391957222
2005,0,0.28,25000,1,0.75,"C",0.371142199153263,-0.527319884057106
2005,0,0.24,20000,1,0.88,"C",0.182462374396082,-1.49975294284149
2005,0,0.17,6500,1,0,"D",0.0644559363969041,-2.67514641255832
2005,1,0.29,7000,1,0.27,"Missing",0.98120466377005,3.95517229931618
2005,0,0.29,25000,0,0.58,"D",0.0971517287388535,-2.22928054170466
2005,0,0.11,5000,0,0,"AA",0.000239011798928381,-8.33875859898334
2005,0,0.08,6001,0,0.04,"AA",0.000670697501468463,-7.30652141760535
2005,0,0.25,10000,1,0,"A",0.00842320955716151,-4.76830545553476
2005,0,0.21,25000,0,0.99,"C",0.230131013595038,-1.20757158176988
2005,0,0.12,10000,0,0.58,"A",0.00382929597320562,-5.56123766519481
2005,0,0.25,10000,0,0.93,"B",0.0166443674214775,-4.07889897141902
2005,0,0.11,6500,0,0.34,"A",0.000138710173828028,-8.88298516221899
2005,0,0.15,2500,0,1.01,"D",0.06450150750381,-2.67439093859034
2005,1,0.27,5000,0,0.96,"Missing",0.991874875534086,4.80463591881494
2005,0,0.08,5000,0,0.13,"AA",0.000537828399060033,-7.52743303645565
2005,0,0.18,15000,0,0.61,"A",0.00711786893936557,-4.93800358280761
2005,0,0.12,2000,0,0.01,"AA",0.00861412448365337,-4.74570060063155
2005,0,0.29,25000,0,0.6,"D",0.372889948317321,-0.519838714872039
2005,0,0.29,6000,1,0.72,"Missing",0.96658688716964,3.36482277073954
2005,1,0.2,5500,0,0.95,"Missing",0.968580445538947,3.42840108876885
2005,0,0.26,2200,0,0.98,"Missing",0.974793051774586,3.65510551413506
2005,0,0.14,2000,0,0.98,"B",0.000780861567834741,-7.15433150712767
2005,0,0.15,25000,0,0.16,"AA",0.000193813916353053,-8.54841822057768
2005,0,0.24,6500,0,0.98,"C",0.25784147539608,-1.05721790573841
2005,1,0.29,5000,0,0,"Missing",0.97434101440674,3.63686753402912
2005,1,0.29,4500,0,0.97,"D",0.137273728995826,-1.83812050338824
2005,1,0.29,5500,0,0.77,"Missing",0.913960290499378,2.36297819660275
2005,0,0.22,20000,1,0.77,"B",0.0085563529273764,-4.75248807083254
2005,1,0.29,4000,1,0.98,"Missing",0.986176618646128,4.26747400551774
2005,0,0.12,1800,0,0.39,"B",0.000157979836385766,-8.75288515857625
2005,0,0.16,23000,1,0.13,"A",0.0294310414758665,-3.49583250486271
2005,0,0.28,3500,0,0.93,"D",0.18679696473004,-1.4709585373542
2005,0,0.17,10000,0,0.05,"B",0.00446571184959462,-5.40685093563403
2005,1,0.26,2550,1,0.51,"Missing",0.998430957337005,6.45571933949986
2005,0,0.15,20000,1,0.72,"B",0.00403921286922037,-5.50765804781995
2005,0,0.12,15000,0,0.55,"A",0.00458816168700839,-5.37967711944502
2005,0,0.18,9900,0,0.55,"C",0.00943078734646892,-4.6543001532244
2005,1,0.29,5000,0,0.71,"Missing",0.899637034605518,2.19319811846105
2005,0,0.08,2000,0,0.06,"AA",0.000371812801815275,-7.89674816933462
2005,1,0.29,3100,0,1,"Missing",0.844112906864642,1.68915427830016
2005,0,0.17,15000,0,0.96,"B",0.00129957011011324,-6.64442133844744
2005,0,0.19,15000,0,0.3,"AA",0.00562232634434638,-5.17537156933736
2005,0,0.08,2000,0,0.05,"AA",0.000221184194931562,-8.41629353369391
2005,0,0.08,1500,1,0.22,"AA",0.000915071927157127,-6.99559239600232
2005,0,0.24,5000,1,0.47,"C",0.0695293722592727,-2.59394122375401
2005,1,0.29,4000,0,1.21,"Missing",0.612346924633011,0.457188188223961
2005,0,0.18,3001,0,1,"Missing",0.713010472079425,0.910050380642565
2005,1,0.26,1000,1,0.33,"Missing",0.910156375618145,2.31554577384031
2005,0,0.15,4500,0,0.96,"A",0.00322419768946988,-5.73384173152959
2005,0,0.15,12000,1,0.53,"B",0.000684818953291525,-7.28567100285121
2005,0,0.08,2300,0,0.18,"AA",0.000150558049891746,-8.80101126519238
2005,0,0.11,1850,0,0.86,"C",0.0138106530938816,-4.26840811389046
2005,1,0.2,1000,0,0.33,"D",0.243280925236179,-1.13477523467535
2005,0,0.2,1000,0,0.33,"D",0.0533251631321365,-2.87654734938583
2005,0,0.19,5000,0,0.42,"B",0.0212208323332868,-3.83132269138067
2005,1,0.28,1200,0,0.81,"Missing",0.911454642519481,2.33152689689196
2005,0,0.14,22000,0,0.77,"B",0.000461721702222002,-7.68008639619828
2005,0,0.15,8500,0,0.55,"AA",0.000384108458693953,-7.86420141849374
2005,0,0.1,6000,0,0,"AA",0.000244219093284968,-8.31720056334437
2005,0,0.15,5000,1,0.92,"C",0.000990948907247265,-6.91585614150527
2005,0,0.25,8500,1,0.73,"D",0.213941035618821,-1.30133136534838
2005,0,0.16,9000,0,0.69,"C",0.0297740033218937,-3.48389338960129
2005,1,0.22,1500,1,1,"Missing",0.835204237205356,1.6229693844505
2005,0,0.17,1500,0,0.92,"D",0.0169126637250026,-4.06263528870916
2005,0,0.2,12000,0,0.95,"C",0.104009000614672,-2.15345292782713
2005,0,0.16,4200,1,0.83,"C",0.0029319725341144,-5.82914358344408
2005,0,0.15,9999,0,0.31,"B",0.000389676821839105,-7.84980307155612
2005,0,0.21,9800,0,0.7,"D",0.0835398758239722,-2.39519448488173
2005,0,0.14,4500,1,0.76,"B",0.000518490361216403,-7.56407049539023
2005,0,0.2,10000,0,0.45,"A",0.00204429521796675,-6.19065579793771
2005,0,0.1,5000,0,0.11,"AA",0.000713987510177047,-7.24393084600627
2005,0,0.15,9999,0,0.83,"C",0.00420364384601957,-5.46759104344379
2005,1,0.26,3675,0,0.85,"Missing",0.695446414505578,0.825706912090517
2005,1,0.24,3000,0,1.62,"Missing",0.976989077427763,3.74850647462727
2005,0,0.19,25000,0,0.66,"A",0.00319523274260414,-5.74289499952149
2005,0,0.15,15500,0,0.98,"B",0.00313268210317598,-5.76272814016419
2005,1,0.27,4700,0,0,"D",0.190919637723779,-1.44404565284098
2005,0,0.16,2000,0,0.89,"C",0.0283279357351048,-3.53516991888343
2005,1,0.24,4500,0,1.46,"Missing",0.971077586178765,3.51378950920384
2005,0,0.2,8000,0,0.92,"D",0.00770000659001448,-4.85880428957374
2005,0,0.24,14900,0,0.93,"D",0.227354744688677,-1.22330847427363
2005,1,0.09,1400,1,0.9,"D",0.279243048614085,-0.948219436544768
2005,0,0.29,5000,0,1,"Missing",0.932033221019673,2.61834941752877
2005,0,0.29,7000,0,0.7,"D",0.610440796074481,0.449165459152513
2005,1,0.2,2000,0,0.77,"Missing",0.716684625585549,0.928075216708419
2005,0,0.14,9500,0,0.77,"A",0.00439363907885271,-5.42319412845908
2005,0,0.17,6500,0,0.45,"B",0.00111723202711399,-6.79578320040234
2005,0,0.13,2000,1,0.54,"A",3.02156977400549e-05,-10.4071187597576
2005,0,0.15,5000,0,0.53,"A",0.0439679554892515,-3.07933034759715
2005,0,0.2,2000,0,0.77,"Missing",0.592103021618797,0.372666004196456
2005,0,0.16,10000,1,0.83,"C",0.010689480353165,-4.52774814239689
2005,0,0.23,10000,1,0.72,"D",0.659313074025753,0.660234546165543
2005,0,0.14,17500,0,0.79,"B",0.00572015524542494,-5.15802275515969
2005,0,0.14,4500,0,0,"AA",0.000270258582574844,-8.21586104893146
2005,0,0.19,13000,1,0.89,"C",0.0602690279861482,-2.74677529460726
2005,0,0.15,15000,0,0.63,"B",0.000456675785019817,-7.69108008071971
2005,0,0.17,3000,0,0.88,"D",0.0335453044892956,-3.36073752474148
2005,1,0.2,3000,1,0.07,"D",0.621681267200679,0.496690480464845
2005,0,0.24,20000,1,0.88,"C",0.444748881040186,-0.221910667395652
2005,0,0.25,4500,1,0.2,"D",0.289349124565037,-0.898547273570799
2005,0,0.2,7500,0,0.36,"C",0.00355023366525366,-5.63718530576219
2005,1,0.29,2550,1,1.32,"Missing",0.950983565938312,2.96534115067976
2005,0,0.2,5000,0,0.96,"C",0.0927145773061916,-2.28093137665542
2005,0,0.29,2800,0,0.99,"C",0.521387660383947,0.0856028770304924
2005,0,0.19,6500,0,0.7,"C",0.0597022049294848,-2.75682767515026
2005,0,0.21,3000,0,0.04,"C",0.00900998354006389,-4.70037121530468
2005,1,0.29,7000,0,0,"C",0.289350070003706,-0.898542675724255
2005,1,0.29,5000,0,0.77,"Missing",0.956009242203907,3.07878801881612
2005,0,0.22,9000,0,0.95,"D",0.0410622989920122,-3.15073570925957
2005,0,0.24,3500,0,1,"Missing",0.722997474284094,0.959379104515933
2005,1,0.25,8500,0,0.86,"Missing",0.863391546703737,1.84374946357025
2005,1,0.29,3000,0,0.92,"Missing",0.642942393575371,0.588157998843149
2005,0,0.25,7000,0,0.62,"D",0.120934462523246,-1.98361068721564
2005,0,0.2,7500,0,0,"D",0.15623829315044,-1.68648775490276
2005,1,0.29,4000,1,0.92,"Missing",0.946547715748474,2.87403200942536
2005,0,0.1,3900,0,0.41,"AA",0.000298678216198508,-8.11584504126821
2005,1,0.27,3000,0,0.98,"Missing",0.986151647156315,4.26564384583092
2005,0,0.19,13000,1,0.89,"C",0.0414518211776509,-3.14088800868376
2005,0,0.19,5500,0,0.29,"B",0.00601778903642397,-5.10699938791784
2005,0,0.21,25000,0,0.07,"B",0.0102477619944314,-4.57039530742873
2005,0,0.19,7000,0,0.83,"C",0.00228718647916574,-6.07814302241087
2005,0,0.22,6001,0,0.98,"C",0.0220847456887879,-3.79053588437495
2005,0,0.19,3000,1,0.77,"D",0.175599026131794,-1.54645389508192
2005,0,0.15,1000,1,0.46,"D",0.118118084388597,-2.01037332527532
2005,1,0.29,2550,0,0.95,"Missing",0.940593951578588,2.76211549264285
2005,0,0.13,9900,0,0.86,"B",0.000343792881839989,-7.97512731760074
2005,0,0.07,3000,0,0.06,"AA",9.96608613047998e-05,-9.21363785688832
2005,0,0.19,4400,0,0.98,"D",0.00555357690152062,-5.18774401671226
2005,0,0.17,1600,0,0.98,"C",0.0142825746775615,-4.23432948642613
2005,1,0.29,2800,0,0.97,"Missing",0.891671277513417,2.10792721059816
2005,0,0.19,10300,0,0.38,"B",0.0216758426245162,-3.80964266705565
2005,1,0.29,2550,0,0.95,"Missing",0.9346026262341,2.65963933909889
2005,1,0.24,2550,1,0.93,"Missing",0.946186343129651,2.86691224957807
2005,0,0.15,4000,0,0.46,"B",0.002957410451862,-5.82047944866093
2005,0,0.25,9900,0,0.37,"B",0.00235172477676354,-6.05025177805028
2005,0,0.08,1000,0,0.05,"AA",0.000379417674922588,-7.87649342536463
2005,1,0.29,2500,0,0.85,"Missing",0.518696213274828,0.0748197369353476
2005,0,0.25,6000,0,1.02,"D",0.211991498352217,-1.31296270693709
2005,0,0.12,17000,0,0.19,"AA",0.00271312481137761,-5.90693742942739
2005,1,0.29,5000,0,1.08,"Missing",0.919736846812999,2.43877694183283
2005,0,0.15,2000,0,0.54,"C",0.0265563522351757,-3.6015709622837
2005,1,0.17,1000,1,0.76,"D",0.881458886682264,2.0063185123396
2005,0,0.1,3000,0,0.04,"AA",0.00384951760790271,-5.55595048911044
2005,0,0.15,5500,0,0.28,"C",0.0102711585956834,-4.56809117686185
2005,0,0.11,20000,1,0.87,"AA",0.00137012766024326,-6.59148029368064
2005,0,0.26,2600,0,0.73,"D",0.466618804113829,-0.133723698757623
2005,0,0.17,17000,1,0.59,"B",0.00930573644594617,-4.66777494151915
2005,0,0.21,5000,0,0.97,"D",0.0129946976493578,-4.3301340104758
2005,0,0.12,7000,0,0.2,"B",1.77957274950534e-05,-10.9365343619596
2005,1,0.28,6000,0,0,"D",0.757938051763577,1.14140797855077
2005,1,0.29,4850,0,0.89,"Missing",0.928945903229212,2.5706089926615
2005,0,0.18,17000,0,0.23,"B",0.00172524874963944,-6.36065729750029
2005,0,0.15,10000,1,0,"B",0.00297778237105846,-5.8135942014969
2005,0,0.15,2000,1,0,"C",0.0188509335738085,-3.9521619624355
2005,0,0.09,3500,0,0.67,"A",0.00913331021868351,-4.68665181045276
2005,0,0.15,1700,0,0.83,"D",0.0605293085818839,-2.742188935327
2005,0,0.14,2690,1,0.69,"C",0.00868060093091984,-4.73794602422091
2005,0,0.17,10000,0,0.28,"B",0.00460619193948575,-5.37573697369994
2005,0,0.15,7500,0,0.98,"C",0.0460207187204191,-3.03155025142421
2005,0,0.2,7500,1,0.38,"C",0.0260160779417563,-3.6226800671021
2005,1,0.29,3000,0,0.65,"Missing",0.940705115731596,2.76410668355969
2005,0,0.17,1850,0,0.68,"D",0.002754559935573,-5.89173922142324
2005,0,0.17,1000,1,0.59,"D",0.208738858285346,-1.33254406569203
2005,1,0.24,3000,0,1,"Missing",0.993991091760264,5.10848516984107
2005,0,0.18,15000,0,0.16,"B",0.000168603813321049,-8.68779027706118
2005,0,0.25,8500,0,0.87,"C",0.025747279630586,-3.63334176037056
2005,1,0.29,10000,0,0.49,"D",0.161839336272774,-1.64460571321152
2005,0,0.14,3000,0,0.85,"C",0.00225905158346416,-6.09054860002159
2005,1,0.25,9000,0,0.43,"D",0.346708621795323,-0.633538523906763
2005,0,0.22,12000,1,0.92,"C",0.252829955139332,-1.08357564757264
2005,0,0.09,3500,0,0.67,"A",6.65517517476261e-05,-9.61746413722479
2005,0,0.23,21000,0,0,"B",0.013031201523076,-4.32729182750798
2005,0,0.24,1000,0,0.81,"Missing",0.83920267017357,1.65230748783542
2005,1,0.29,2560,0,1,"Missing",0.922203765344327,2.472673170495
2005,0,0.17,1600,0,0.98,"C",0.00398081193571205,-5.52228072008569
2005,1,0.24,1750,1,0.91,"Missing",0.994089747939118,5.12513901185395
2005,1,0.26,2500,1,0.91,"Missing",0.932669973477062,2.62844511561306
2005,1,0.28,5000,0,0.95,"Missing",0.949779133029196,2.93979884897873
2005,0,0.23,14000,0,1.04,"D",0.166650104371968,-1.60955716569633
2005,0,0.2,2550,0,0,"AA",0.00110009280606711,-6.81126003523247
2005,0,0.16,6000,1,0.55,"C",0.00516689742776338,-5.26030258928323
2005,0,0.2,15000,1,0.8,"B",0.0594484841621914,-2.76135629706876
2005,0,0.15,10000,0,0.68,"B",0.00653256186189617,-5.02440209832277
2005,0,0.22,5000,0,0.47,"D",0.13132132431072,-1.88932611639208
2005,0,0.29,25000,0,0.47,"D",0.221254447768344,-1.25837097207158
2005,1,0.28,4000,0,0,"Missing",0.927863870558573,2.5543300102134
2005,1,0.29,6000,0,0.43,"D",0.328283792915351,-0.715957483840865
2005,1,0.29,5000,0,0.83,"Missing",0.780453165639982,1.26830915443069
2005,0,0.1,7000,0,0.07,"AA",0.00410697988032917,-5.49095190620782
2005,0,0.2,5000,0,0,"B",0.00179989079739081,-6.31822777148952
2005,0,0.23,8000,0,0.75,"C",0.0304064026312132,-3.46222381281422
2005,0,0.21,2500,1,0.38,"A",0.0654332372044864,-2.65905272310557
2005,1,0.27,1800,1,0.1,"Missing",0.965448553552056,3.330143400986
2005,0,0.2,1500,0,0.74,"Missing",0.388887514609153,-0.451990906430335
2005,0,0.25,15000,0,0,"C",0.0631198965369864,-2.69751927877905
2005,1,0.22,8500,0,0.93,"D",0.595883223557945,0.388340827447021
2005,0,0.11,10000,0,0.43,"AA",0.000358517151677403,-7.93317547474099
2005,0,0.07,5000,0,0.05,"AA",0.000245193822182104,-8.3132163253484
2005,0,0.16,6000,1,0.55,"C",0.0474335204035308,-2.99983073914214
2005,0,0.1,5000,0,0.71,"AA",0.000261069739060431,-8.25046188304405
2005,0,0.12,12000,1,0,"AA",0.00281317447967825,-5.8706245863141
2005,0,0.23,25000,0,0.67,"D",0.0631246638630911,-2.69743866500181
2005,0,0.14,20200,0,0.86,"A",0.000889046385796849,-7.02447170449037
2005,0,0.17,2000,0,0.79,"D",0.056894179093041,-2.80798545838053
2005,0,0.12,12000,1,0,"AA",0.000693504919716467,-7.27305847868945
2005,0,0.11,20000,0,0.01,"AA",0.000450088988049483,-7.70561505322053
2005,0,0.2,3300,0,0.55,"D",0.0196110254520484,-3.91185747457622
2005,0,0.09,5400,0,0.18,"AA",9.64078367882365e-05,-9.24682665268389
2005,0,0.29,4000,1,0,"Missing",0.778177943564596,1.25507970438786
2005,0,0.22,24000,0,0.72,"B",0.000103623032890842,-9.17464729924617
2005,0,0.08,2500,1,0.24,"AA",0.00391147647276493,-5.53992121544176
2005,0,0.22,4000,0,0.47,"B",0.0169120031739438,-4.06267501798167
2005,1,0.29,3500,1,0,"Missing",0.962556448307394,3.24675820133964
2005,0,0.14,1500,1,0.25,"AA",0.000529788370084704,-7.54250300412971
2005,0,0.14,5000,1,0.39,"B",0.00287803690359336,-5.84776466153151
2005,0,0.2,3200,1,0,"D",0.0225566524613812,-3.76891030188188
2005,1,0.24,4100,1,0.91,"Missing",0.948369033463046,2.91062208314309
2005,1,0.27,3200,1,0,"Missing",0.936740213814988,2.69515615273226
2005,0,0.07,1000,1,0,"Missing",0.226996138550721,-1.22535103743457
2005,0,0.15,2000,0,0.62,"C",0.337882316386133,-0.672745651464131
2005,0,0.17,1500,0,0.67,"C",0.0227077293925482,-3.76208038998424
2005,0,0.07,3000,1,0.09,"AA",0.00313074058884988,-5.76335004095165
2005,1,0.29,3001,0,0,"Missing",0.911365938686994,2.33042828268137
2005,1,0.29,3500,0,1.01,"Missing",0.676278896457336,0.736723206120194
2005,1,0.29,9000,0,0.85,"Missing",0.968997193574394,3.44218398543269
2005,1,0.29,2800,0,0.97,"Missing",0.889668805141827,2.08736255984384
2005,0,0.11,6475,0,0.1,"AA",0.00231569268415561,-6.06572804253512
2005,0,0.2,5500,0,0.8,"D",0.105920359593075,-2.1331073673024
2005,0,0.15,5000,0,0.74,"C",0.0601480018858529,-2.74891419103933
2005,1,0.27,7500,0,0.94,"Missing",0.929073534244397,2.57254424311628
2005,0,0.14,3500,0,0.65,"B",0.000520779579376989,-7.55966276271212
2005,0,0.11,15152,0,0.6,"A",0.000522813166045658,-7.55576344293685
2005,0,0.1,14000,0,0.26,"AA",0.000587969427899336,-7.43824746243612
2005,1,0.23,2600,0,0.5,"Missing",0.681540697202253,0.760861277318671
2005,0,0.18,3001,0,0.8,"D",0.0435128277255386,-3.09021159281628
2005,0,0.18,3001,0,0.8,"D",0.0744207781550315,-2.52068454819227
2005,0,0.23,15000,0,0.77,"C",0.0612716071298414,-2.72920962921439
2005,1,0.2,2000,0,0.84,"Missing",0.476523708158348,-0.0939742648460846
2005,0,0.15,3000,0,0,"C",0.00915884912548917,-4.68383370026028
2005,1,0.18,2550,1,0.99,"Missing",0.549351495143059,0.198050815552532
2005,0,0.08,3001,0,0.32,"AA",0.00151599751624772,-6.49016448231914
2005,0,0.17,1000,0,0.35,"D",0.119297572353419,-1.99909882249862
2005,1,0.26,2550,1,0.51,"Missing",0.761859224467667,1.16289980118486
2005,0,0.1,4500,0,0.15,"AA",0.0462252968306485,-3.02690028467465
2005,1,0.24,3200,1,0.73,"Missing",0.973372481146882,3.59882160177502
2005,1,0.28,12000,0,0,"Missing",0.978225672893083,3.80500877262797
2005,1,0.29,5000,0,0.93,"Missing",0.971164089235685,3.5168739320137
2005,0,0.13,20000,0,0.46,"A",0.00186886110194758,-6.28055546044364
2005,1,0.29,3000,0,0.98,"Missing",0.801177523230726,1.39367019946626
2005,0,0.1,1500,0,0.89,"A",0.00139179935349458,-6.57576510125808
2005,0,0.24,4800,1,0,"C",0.0340842131169544,-3.34424233462863
2005,0,0.19,9000,0,0.76,"C",0.182173007699312,-1.50169398607335
2005,0,0.15,5000,0,0.85,"C",0.0101141537021504,-4.58365383019854
2005,1,0.2,5500,0,0.95,"Missing",0.947439890571063,2.89180603875816
2005,1,0.29,5000,0,0.93,"Missing",0.98748375025844,4.36813226181387
2005,0,0.27,15000,0,0.94,"D",0.0225849940426027,-3.76762563232209
2005,0,0.24,1750,1,0.91,"Missing",0.394393967897255,-0.42887933437981
2005,0,0.23,3500,1,0.96,"C",0.0790648664054708,-2.45512099407319
2005,0,0.15,5000,0,0.7,"C",0.00290874790324855,-5.83711957765899
2005,0,0.2,9000,0,0,"C",0.010650161244861,-4.53147296645448
2005,0,0.2,9999,0,0.94,"D",0.116168849400643,-2.02922130725283
2005,0,0.21,3001,1,0,"C",0.0162612026392019,-4.10257834754254
2005,0,0.2,5000,0,0.7,"D",0.263770691133482,-1.02646149965534
2005,0,0.24,4500,0,0.72,"D",0.0923501916080324,-2.28527084918715
2005,0,0.29,10000,0,0.04,"B",0.00498776761161847,-5.29576659369931
2005,0,0.11,5000,1,0,"Missing",0.287732908593851,-0.906420320330297
2005,0,0.1,4000,0,0.51,"AA",0.00070437562099068,-7.25749416774115
2005,0,0.12,12000,0,0,"AA",0.000553288712603121,-7.49907716657396
2005,1,0.29,6000,0,0,"Missing",0.867470030889208,1.87877216287963
2005,1,0.27,2550,0,0.98,"Missing",0.858972263546199,1.80678004875574
2005,0,0.19,19900,0,0.75,"C",0.0202596960569813,-3.8786540439858
2005,0,0.17,11000,0,0,"C",0.0219029925729201,-3.79898558006171
2005,0,0.13,6001,0,0.94,"A",0.000362296262823156,-7.92268591335295
2005,1,0.29,2550,0,0.99,"Missing",0.997052737092404,5.82392675262313
2005,0,0.23,4000,0,0.51,"D",0.395222350293067,-0.425412350672961
2005,1,0.29,3000,0,0.85,"Missing",0.977598337863914,3.77596372958289
2005,0,0.16,20000,1,0.32,"A",0.00313190955749904,-5.76297555393604
2005,0,0.11,2500,1,0,"B",0.00386679377271692,-5.55145530867579
2005,0,0.23,8000,0,0.87,"D",0.6731111175127,0.722290119519629
2005,0,0.16,6500,1,0.93,"A",0.00399404639449953,-5.51894838410718
2005,0,0.18,25000,0,0.69,"B",0.00217819165501037,-6.12707969510533
2005,0,0.17,1500,0,0.67,"C",0.0386060498390414,-3.21497526693025
2005,0,0.2,8000,0,0.79,"C",0.0247263877882187,-3.67484705465795
2005,1,0.29,2000,0,0,"Missing",0.995696730983968,5.44406775410241
2005,0,0.24,4000,0,0.99,"Missing",0.742326786044015,1.0580973891563
2005,0,0.16,11204,0,0.73,"B",0.00661305850558064,-5.01207400161324
2005,0,0.12,10000,0,0.58,"A",0.000646826250534857,-7.34278581030948
2005,0,0.19,7500,0,0.8,"D",0.04021853310378,-3.17237770802965
2005,0,0.2,3500,1,0.81,"C",0.151999281800561,-1.71900568688604
2005,0,0.14,10000,0,0.65,"C",0.00117073823937602,-6.74894933123836
2005,0,0.14,3000,0,0.95,"C",0.00269526755849181,-5.91355889362839
2005,0,0.11,5000,0,0.18,"A",0.0042857086547406,-5.44817444164235
2005,0,0.17,4000,0,0.02,"AA",0.00404224426937698,-5.50690479280474
2005,1,0.28,1900,0,1.2,"Missing",0.778468186647605,1.25676191945846
2005,0,0.14,7500,0,0.67,"B",0.00587410808650476,-5.13130961701922
2005,0,0.16,20000,1,0.32,"A",0.00709129326495307,-4.94177099218157
2005,1,0.29,8000,0,0.8,"Missing",0.506595187665264,0.0263822807812328
2005,1,0.29,2000,1,0.09,"Missing",0.979469180506111,3.86508362524223
2005,0,0.27,25000,1,0,"C",0.0491912593811692,-2.9615969754923
2005,1,0.25,15000,0,0.45,"C",0.130285181312145,-1.89843961309583
2005,1,0.23,19000,0,0.95,"C",0.12198343988916,-1.97378015772483
2005,1,0.29,5900,0,0.88,"Missing",0.936538332075934,2.69175438336745
2005,0,0.2,12200,0,0.35,"C",0.333539182568619,-0.692221001924817
2005,0,0.09,4900,0,0,"AA",0.0023251548624644,-6.06164077241688
2005,0,0.15,8000,0,0.54,"B",0.00580974107002795,-5.14239259210427
2005,0,0.17,1500,0,0.61,"D",0.00790228904378015,-4.83266913150187
2005,0,0.17,1000,1,0.76,"D",0.086835324276863,-2.35290273145009
2005,0,0.17,5000,0,0,"C",0.00940483920263006,-4.65708156942161
2005,1,0.25,4800,0,0.85,"Missing",0.902611055002084,2.2265790321119
2005,0,0.29,9000,1,0.95,"D",0.298091260611102,-0.856403711420648
2005,0,0.19,9750,0,0.78,"B",0.0201458988890105,-3.8844029455676
2005,0,0.25,15000,1,0.82,"D",0.611228959129925,0.452481031051876
2005,0,0.18,2000,0,0,"D",0.0287693438353584,-3.51925361499941
2005,0,0.29,10000,1,0.72,"Missing",0.802934625069687,1.40473777114445
2005,0,0.28,2550,0,0.74,"Missing",0.735333285447101,1.02185249251418
2005,1,0.21,5000,0,0.73,"D",0.0988902811654273,-2.2096160602138
2005,0,0.29,5000,0,0.93,"Missing",0.897899632484931,2.17410196949748
2005,1,0.29,3001,0,0.85,"Missing",0.852664116453134,1.7556508001967
2005,0,0.19,6000,0,0.49,"C",0.00788990567706171,-4.83424990326589
2005,0,0.12,5000,0,0.1,"AA",0.000172560272669619,-8.66459140057789
2005,1,0.29,4300,1,0.95,"Missing",0.796168625676147,1.36251794913759
2005,1,0.29,2600,0,0.98,"Missing",0.983490232637092,4.08715553939678
2005,0,0.29,2500,0,0.96,"Missing",0.555334156262258,0.222246928781392
2005,0,0.22,7000,0,0.75,"C",0.0297023007520157,-3.48637842164638
2005,0,0.21,3500,0,1.03,"D",0.030024363171424,-3.47526179671356
2005,0,0.2,4000,1,0.98,"B",0.00178770085921669,-6.32503562021308
2005,0,0.14,15000,0,0.59,"AA",0.0104730234374592,-4.54842427281111
2005,0,0.15,4500,1,0,"C",0.0318815844201264,-3.41332585775023
2005,0,0.09,4500,0,0.07,"AA",0.000115025362735751,-9.07024287641068
2005,0,0.19,7000,0,0.83,"C",0.0270611438178636,-3.58222234815854
2005,0,0.2,20000,1,1,"C",0.186953429614374,-1.46992884371062
2005,0,0.18,15000,1,0.02,"C",0.054691228588057,-2.84980827467039
2005,0,0.18,14000,0,0.91,"C",0.00221306193462829,-6.11116271720207
2005,1,0.24,2000,0,0,"Missing",0.899060420129367,2.18682812163188
2005,1,0.29,5500,0,1.02,"Missing",0.972499221988898,3.56565497989575
2005,0,0.14,9700,0,0.23,"AA",0.00372062211561461,-5.59013682845273
2005,0,0.18,2500,0,0.84,"A",0.00280572438006358,-5.87328385953272
2005,1,0.28,10000,0,0.87,"D",0.244322053639732,-1.12912804157151
2005,1,0.24,15000,1,0.81,"D",0.409305742801946,-0.366836138048974
2005,0,0.15,12000,0,0.61,"B",0.00212614947177119,-6.15131428202575
2005,0,0.19,4041,0,0.91,"D",0.0152399612877588,-4.16847698589047
2005,1,0.27,2800,0,0,"Missing",0.904901993423358,2.25291863528336
2005,1,0.29,5500,0,0.99,"Missing",0.778303413215968,1.25580671857961
2005,1,0.29,4000,1,0.98,"Missing",0.919404789477567,2.43428726776145
2005,1,0.23,8800,1,0.61,"C",0.557652148676816,0.231638812021035
2005,1,0.28,2550,0,0.94,"Missing",0.918072798707915,2.41644562507586
2005,0,0.15,10200,0,0,"C",0.0808093197350914,-2.43140128538821
2005,0,0.29,25000,1,0.97,"D",0.503743216982865,0.0149731476674453
2005,1,0.29,5000,1,1.05,"Missing",0.995769727807975,5.46124969489013
2005,1,0.29,6000,1,0.72,"Missing",0.984276922475369,4.13677774361213
2005,1,0.29,3600,1,0.69,"D",0.422699823792887,-0.311700076581356
2005,0,0.15,2300,0,0.46,"C",0.00230512848350872,-6.07031107348638
2005,1,0.29,4500,0,0.98,"Missing",0.947140777911258,2.88581554623172
2005,0,0.07,1100,1,0.18,"A",0.00741009660938616,-4.89747411429336
2005,1,0.24,4000,0,0.89,"D",0.143751926550203,-1.78447105791224
2005,0,0.17,2500,1,0.59,"C",0.0612862574830734,-2.72895494598778
2005,1,0.26,2500,0,0.65,"Missing",0.984671763083397,4.16261167262047
2005,0,0.13,25000,0,0.11,"AA",0.00424025957769689,-5.45888151548484
2005,0,0.18,9750,0,0.92,"C",0.00380863137813606,-5.56666947003191
2005,0,0.2,7500,1,0.62,"C",0.136814019985179,-1.84200768672958
2005,1,0.29,2600,1,0,"Missing",0.927181060678871,2.5441727885787
2005,0,0.15,12000,0,0.94,"B",0.00164803085169701,-6.40652473663175
2005,1,0.29,1200,1,1,"Missing",0.98054567531045,3.92003983381818
2005,0,0.21,7000,0,0.52,"C",0.461934373652059,-0.152557702162201
2005,1,0.29,5500,1,0.89,"Missing",0.994465938205408,5.19128379988245
2005,0,0.14,2400,0,0.94,"B",0.00226650461002406,-6.08724737658249
2005,0,0.28,12000,0,0.83,"D",0.533551053631726,0.134406187244459
2005,0,0.14,4575,0,0.6,"C",0.00782178428824463,-4.84299004570176
2005,0,0.25,15000,0,0,"D",0.11906093900749,-2.00135299873741
2005,0,0.14,3500,0,0.65,"B",0.00297904311803857,-5.81316964205881
2005,1,0.29,3001,1,0,"Missing",0.983592690888117,4.09348496623522
2005,0,0.2,19000,0,0.95,"C",0.0728496413238757,-2.54371814249133
2005,0,0.23,7100,0,0.27,"A",0.0744477456139173,-2.52029311299543
2005,0,0.12,9000,0,0.12,"A",0.00106054531528826,-6.84791094666481
2005,0,0.21,4000,1,0.91,"D",0.0121123014829082,-4.40134743817633
2005,0,0.17,25000,0,0.54,"A",0.0151520255652041,-4.17435306489323
2005,0,0.14,3500,0,0.94,"C",0.0216062895162725,-3.81292770236928
2005,0,0.15,25000,0,0.04,"A",0.0012614660960664,-6.67421840371885
2005,1,0.21,5000,0,0.97,"D",0.377978484071727,-0.498137410111072
2005,1,0.23,8000,0,0.87,"D",0.838458141334077,1.64680036326206
2005,0,0.23,5000,0,0.78,"D",0.00613118598990227,-5.08821701578781
2005,0,0.15,1500,1,0.2,"C",0.00135525907860411,-6.6024064627326
2005,0,0.13,24250,0,0,"AA",0.00227511900380111,-6.08344520756497
2005,0,0.25,25000,0,0.87,"A",0.0140153525975096,-4.25348744101464
2005,1,0.25,8500,0,0.86,"Missing",0.953865288489656,3.02895682659535
2005,0,0.11,3500,0,0,"D",0.0114642614151773,-4.45699030291291
2005,0,0.25,25000,0,0.47,"AA",0.108505839817024,-2.10609489199936
2005,1,0.28,3900,0,1.08,"Missing",0.945804112695935,2.85943045301057
2005,0,0.15,5500,1,0,"C",0.0179550128070823,-4.00176777814497
2005,0,0.08,2000,0,0.15,"AA",0.000803248283465351,-7.12604312589717
2005,0,0.15,11000,0,0.42,"A",0.0116093209232034,-4.44426974043613
2005,0,0.28,10000,0,0.87,"D",0.083837476281574,-2.39131365805961
2005,0,0.15,4000,0,0.72,"C",0.0828222633368633,-2.40460437140591
2005,0,0.29,12000,0,0.6,"B",0.127391486374031,-1.92422210230559
2005,0,0.23,6000,0,0,"C",0.0287001407029733,-3.52173321025162
2005,0,0.21,25000,0,0.07,"B",0.00630736431780153,-5.05971004914928
2005,0,0.14,14500,0,0.48,"A",0.00187384433984222,-6.2778875594845
2005,0,0.1,1000,0,0.24,"AA",0.000370716420753294,-7.89970236702567
2005,1,0.29,16000,1,0,"D",0.283730883590374,-0.92602976133043
2005,1,0.29,6000,1,0.77,"Missing",0.92793192160801,2.55534716425582
2005,1,0.29,4850,0,0.89,"Missing",0.965974357221942,3.3460228488359
2005,0,0.29,15000,0,0.98,"Missing",0.928960148266544,2.57082482884475
2005,0,0.17,3000,1,0.14,"AA",0.0126062564820465,-4.36087565257168
2005,0,0.12,7000,0,0.2,"B",0.00467342433737974,-5.36117883425643
2005,0,0.29,7000,0,0,"C",0.187152569569212,-1.46861926523561
2005,0,0.11,5000,1,0.45,"B",0.000512607407740459,-7.57548755399493
2005,0,0.29,5000,0,0.73,"Missing",0.743180130743397,1.06256351108789
2005,0,0.12,3001,0,0.05,"AA",0.00449119100233184,-5.40113604905854
2005,0,0.2,20000,1,0.2,"C",0.090398872132709,-2.30877439148299
2005,0,0.08,3001,0,0.32,"AA",0.0040350837882314,-5.50868496540996
2005,1,0.27,1800,1,0.1,"Missing",0.970598401885619,3.49686375994832
2005,0,0.15,7500,0,0.72,"B",0.00164288309471185,-6.40965836190484
2005,0,0.2,4000,0,0,"Missing",0.491687541195552,-0.0332528990097694
2005,0,0.12,6000,0,0.53,"AA",0.0037018954235536,-5.59520154946893
2005,0,0.08,2750,0,0.01,"AA",0.000295716995020041,-8.12581189817071
2005,0,0.15,7700,0,0.38,"C",0.00638846075716367,-5.04685296838198
2005,1,0.22,6001,0,0.98,"C",0.145369912392844,-1.77138711545638
2005,0,0.29,13200,0,0.98,"D",0.11516358888917,-2.03904915208815
2005,0,0.18,2800,0,0.38,"C",0.00945124148650625,-4.65211298397879
2005,1,0.27,7000,0,0,"D",0.595605085630457,0.387185928116788
2005,0,0.22,12150,0,0,"D",0.0463747298512505,-3.02351610009583
2005,0,0.21,4500,0,0,"D",0.379509481313504,-0.491630744187566
2005,0,0.26,10000,0,0.97,"D",0.0460546375157773,-3.03077793405104
2005,0,0.19,10000,0,0.64,"C",0.0112387342190793,-4.47708668881675
2005,0,0.11,7000,0,0.83,"AA",0.000482674659914314,-7.63568492204307
2005,0,0.14,8000,0,0.21,"B",0.000625661572367458,-7.3760750948925
2005,0,0.11,3000,0,0.89,"B",0.00365420112783907,-5.60821688531434
2005,1,0.29,4300,1,0.95,"Missing",0.899634650358126,2.19317171226015
2005,1,0.29,6000,0,0,"Missing",0.981960610421473,3.99699351901135
2005,0,0.11,7000,0,0,"AA",0.00608663753561723,-5.09555424191518
2005,1,0.15,2000,1,0,"Missing",0.860147900309522,1.8165189181546
2005,0,0.2,8500,0,0.89,"D",0.0161215386303668,-4.11134619349792
2005,1,0.28,12000,0,0,"Missing",0.94089233637951,2.76746813089533
2005,0,0.2,9000,0,0.65,"A",0.000685347962799084,-7.28489829086737
2005,1,0.29,2550,1,0,"Missing",0.985354963126343,4.20890044680203
2005,0,0.15,10000,0,0.49,"A",0.016147488894447,-4.10971144756276
2005,0,0.15,9500,0,0.37,"C",0.00665817349322666,-5.00522964429684
2005,0,0.17,5500,0,0.07,"C",0.0428043681751697,-3.10736763498367
2005,1,0.29,10000,0,0.78,"D",0.314978276194991,-0.776946879356188
2005,0,0.13,20000,0,0.46,"A",0.000933296365927436,-6.97585402703024
2005,0,0.11,8000,0,0,"A",0.000809861679882109,-7.11783690066252
2005,0,0.26,7300,0,0,"C",0.0889683725846368,-2.32629667155025
2005,0,0.22,15000,0,0,"C",0.0027872920699297,-5.8798935549236
2005,0,0.29,10000,0,0.62,"C",0.0707881331083584,-2.57464539671168
2005,0,0.2,5000,0,0.7,"D",0.024911358731512,-3.66720450757568
2005,0,0.09,4800,0,0.12,"AA",0.00188742751940145,-6.27065126694037
2005,0,0.13,9000,0,0,"A",0.00129457249139441,-6.64827934963415
2005,0,0.2,3500,0,0,"Missing",0.369489325077318,-0.534408236358402
2005,0,0.23,8000,0,0.75,"C",0.116652385782948,-2.02452034647144
2005,0,0.17,1500,0,0.92,"D",0.150548369795512,-1.73030657381245
2005,0,0.16,5000,0,0.94,"B",0.00169108773656395,-6.38069080674637
2005,1,0.26,4500,0,0.96,"Missing",0.812663376304921,1.46740984723951
2005,1,0.21,10000,0,0.21,"D",0.554559367231059,0.219109887244693
2005,1,0.25,6500,0,0.64,"D",0.465220929444663,-0.139341299534467
2005,0,0.15,5000,0,0.35,"B",0.00143487665328183,-6.54524048229155
2005,1,0.24,1500,0,0.99,"Missing",0.871717494569114,1.91623049171098
2005,0,0.1,6000,0,0.52,"A",0.000748727938779437,-7.19638586466069
2005,0,0.12,10000,0,0.81,"AA",0.00244345761811445,-6.01189473841747
2005,0,0.2,8500,0,0.89,"D",0.0161064987410793,-4.11229482170648
2005,0,0.1,6000,0,0.02,"AA",0.000571146165159551,-7.46729409071958
2005,1,0.15,1200,1,0,"Missing",0.782081306473145,1.27783667986557
2005,0,0.11,12000,0,0.02,"AA",0.000943968758034692,-6.96447307309154
2005,0,0.14,2000,0,0.5,"C",0.342702033316148,-0.651276079739944
2005,0,0.24,9950,0,0,"D",0.0339086944610161,-3.34958689365844
2005,0,0.2,6000,0,0.25,"A",0.048839215474309,-2.96914953122283
2005,0,0.2,5000,0,0.87,"D",0.285514519196483,-0.917269793252445
2005,0,0.15,15152,0,0.85,"B",0.00256181309316224,-5.96447493150601
2005,0,0.24,4500,0,0.72,"D",0.625502562311032,0.512970465337242
2005,0,0.29,4500,0,0.97,"D",0.260534267643834,-1.04319354394052
2005,0,0.2,20000,1,0.2,"C",0.0194434759070882,-3.92060870735417
2005,0,0.15,3500,0,0.32,"A",0.00604971397436572,-5.1016761973863
2005,1,0.24,3000,0,0.4,"Missing",0.846453457863838,1.70705149104312
2005,0,0.15,1600,0,0.82,"C",0.0126807239410182,-4.35491042792121
2005,0,0.19,10300,0,0.38,"B",0.00120685586042552,-6.71852917899759
2005,0,0.16,5000,0,0.35,"B",0.02155316048011,-3.81544399301021
2005,1,0.29,2500,1,0,"Missing",0.863427671399839,1.84405577780452
2005,1,0.29,1000,0,0.92,"Missing",0.881351000638906,2.00528640890186
2005,0,0.2,7000,0,0.28,"C",0.0030893747973069,-5.77669238274576
2005,1,0.24,3000,0,0,"Missing",0.850946813130093,1.74204642625139
2005,0,0.09,5000,0,0.18,"AA",0.000308920807625847,-8.0821166313804
2005,0,0.18,15000,0,0.16,"B",0.000121203536244929,-9.01791809693435
2005,0,0.22,3000,0,0.3,"Missing",0.549337617983737,0.197994760969325
2005,0,0.11,11000,1,0.43,"AA",0.000959001712667896,-6.94865823534406
2005,0,0.24,12000,0,0.9,"D",0.047322911331148,-3.00228144803769
2005,1,0.29,2500,0,1.09,"Missing",0.896588872058212,2.1598848437671
2005,0,0.17,5000,0,0.17,"C",0.0142697880101728,-4.23523812274134
2005,0,0.15,14700,0,0.37,"AA",0.00888843150986159,-4.71407650884558
2005,0,0.17,10000,0,0.76,"C",0.0299593695498634,-3.47749584231654
2005,0,0.19,12500,0,0.88,"C",0.0822380188513029,-2.41232036563364
2005,0,0.15,7500,1,0,"A",0.0161104369979023,-4.11204633533278
2005,1,0.29,4000,0,0.95,"Missing",0.776875739186443,1.2475515741035
2005,0,0.25,7000,0,0.14,"D",0.0410135028547115,-3.15197564423957
2005,1,0.29,3800,0,0.73,"Missing",0.951687774601876,2.98055237067955
2005,0,0.25,9900,0,0.37,"B",0.00565872727171135,-5.16888147718179
2005,0,0.15,15000,0,0.65,"B",0.010737283107218,-4.5232378477221
2005,0,0.1,3900,0,0.53,"A",0.000286685158226743,-8.15683922776282
2005,0,0.14,4575,0,0.6,"C",0.0032958376922801,-5.71179363106585
2005,1,0.2,5000,0,0.08,"D",0.107245226582838,-2.11919388389759
2005,0,0.09,3500,0,0.14,"AA",0.000833662234383174,-7.08884822245845
2005,1,0.29,2501,1,0,"Missing",0.841588520225889,1.67009525139874
2005,0,0.17,9200,0,0.06,"A",0.000692868363640655,-7.27397741976606
2005,1,0.25,3000,0,0.97,"Missing",0.83861953773352,1.64799243562611
2005,0,0.1,5000,0,0.52,"AA",0.000897260866165863,-7.01526625384224
2005,1,0.29,4531,0,0,"Missing",0.560107450619759,0.241598150294863
2005,1,0.29,4000,1,1.14,"Missing",0.947480378890733,2.89261939325693
2005,0,0.16,5200,0,0.86,"C",0.078620544092687,-2.4612389151397
2005,1,0.21,9000,0,0,"D",0.128572157039844,-1.91364278503998
2005,0,0.17,15000,1,0,"A",0.00243861716648601,-6.01388253994253
2005,1,0.27,1800,1,0.1,"Missing",0.981844135606876,3.99043895879676
2005,0,0.29,13531,0,0.82,"D",0.0263187793686221,-3.61080123238277
2005,0,0.12,9000,0,0.05,"AA",0.0309055654963812,-3.4454257819336
2005,1,0.23,1000,1,0.93,"Missing",0.95577972664345,3.07334411789143
2005,0,0.16,10000,1,0.83,"C",0.232805421529149,-1.19253745295886
2005,0,0.18,20000,1,0.43,"B",0.0110571220536288,-4.49356182248599
2005,0,0.12,3001,0,0.05,"AA",0.00134446544065172,-6.61041341677872
2005,1,0.2,4200,1,0.97,"Missing",0.875476123133786,1.95027039951618
2005,0,0.2,5000,0,0.08,"D",0.0459754936767513,-3.03258085071636
2005,0,0.11,3000,0,0.26,"A",0.00693570905329718,-4.96411211483989
2005,0,0.19,9900,0,0.36,"C",0.023092506691763,-3.74488378386081
2005,0,0.09,1000,0,0.02,"AA",0.000930094379931917,-6.97929396598225
2005,0,0.12,8000,1,0.91,"A",0.00402827039882839,-5.51038177084548
2005,1,0.19,25000,0,0.85,"A",0.00154563440390083,-6.47077400537213
2005,0,0.24,2000,1,0.93,"Missing",0.675502394063148,0.733178543110432
2005,1,0.26,4000,0,0.99,"Missing",0.929691005892219,2.58195254963329
2005,0,0.14,4000,0,0.16,"B",0.000472552502995104,-7.65688903556249
2005,0,0.09,5000,0,0.18,"AA",0.000506287865779176,-7.58789872966705
2005,0,0.12,10000,0,0.12,"AA",0.00142760775669655,-6.5503265052212
2005,0,0.2,13000,0,1.01,"B",0.0203545074312967,-3.87388838118573
2005,0,0.07,1000,1,0.08,"AA",0.00156893907810465,-6.45578546331972
2005,1,0.29,6000,0,0.84,"Missing",0.68611029058278,0.781996707934042
2005,0,0.14,9999,0,0,"A",0.0010690095120459,-6.83995316759008
2005,0,0.22,13000,0,0.82,"D",0.0571883334671236,-2.80251662811281
2005,0,0.23,15000,0,0.96,"C",0.0155134111223796,-4.15041539219066
2005,0,0.17,4900,0,0.13,"D",0.158404151716962,-1.67015021947632
2005,0,0.2,4000,1,0.98,"B",0.00817970618594007,-4.79788570406454
2005,0,0.19,2750,0,0,"C",0.00768431782983929,-4.86085967805363
2005,0,0.07,1000,0,0.02,"AA",0.000257689861721716,-8.26349605940846
2005,0,0.29,6000,0,0.94,"Missing",0.559845732176486,0.240535993368566
2005,0,0.17,4000,0,0.78,"C",0.00187601926461441,-6.2767253782739
2005,1,0.24,1500,0,0.99,"Missing",0.83872578214457,1.64877768147239
2005,1,0.29,1750,1,0.98,"Missing",0.981594661266549,3.97653768348731
2005,0,0.23,19000,0,0.95,"C",0.0156520487246738,-4.14137762622378
2005,0,0.05,2000,0,0.1,"AA",0.00102712468722482,-6.87996429368691
2005,1,0.29,2550,0,1,"Missing",0.980693502438913,3.92781827649503
2005,0,0.19,11000,0,0.93,"B",0.00284504240464945,-5.85932820931109
2005,0,0.19,11000,0,0.93,"B",0.00270545375428894,-5.90977651414062
2005,0,0.07,1000,0,0.34,"AA",0.00488411199456344,-5.31687171383833
2005,0,0.12,4000,0,0.28,"AA",0.000634288971323293,-7.36237142641967
2005,0,0.13,20000,0,0.79,"A",6.5484660656364e-05,-9.63362914439705
2005,0,0.08,3001,0,0.14,"AA",0.000497067324814666,-7.60628788773436
2005,0,0.11,3000,0,0,"B",0.00406902421802009,-5.50027473292173
2005,0,0.11,10500,0,0.16,"AA",0.00174213515857045,-6.35090016096327
2005,0,0.15,9990,0,0.2,"A",0.00586444720663684,-5.13296534363286
2005,0,0.22,5000,1,0,"D",0.399431971934671,-0.407832453118391
2005,0,0.19,2750,0,0,"C",0.0159150325759916,-4.12444813472708
2005,0,0.2,5000,0,0.65,"B",0.00107048703068246,-6.83857050479298
2005,0,0.1,14000,0,0.26,"AA",0.000684456542354559,-7.28620071252144
2005,0,0.13,10000,0,0.78,"B",0.000170616062556255,-8.67592414340051
2005,0,0.22,8000,1,0.93,"D",0.491272452992658,-0.0349137341599199
2005,1,0.11,1000,1,0.97,"Missing",0.857934600840893,1.79824036475097
2005,1,0.26,1500,0,0,"Missing",0.957686280825802,3.1194088874701
2005,1,0.21,5000,0,0,"D",0.614606819280026,0.466718683320122
2005,0,0.12,13000,0,0.36,"AA",2.66195713852863e-05,-10.5338372264302
2005,0,0.12,17000,0,0.19,"AA",0.00123718435898763,-6.69367920919662
2005,1,0.29,4750,0,1,"Missing",0.992247860698572,4.85200409148287
2005,1,0.24,1025,1,0.59,"Missing",0.633450340646457,0.547047599474006
2005,0,0.17,1700,0,0.28,"D",0.208640507241639,-1.33313963344177
2005,0,0.15,10200,0,0,"C",0.0166645492414828,-4.07766665079915
2005,0,0.19,12500,0,0.02,"AA",0.0351721800135745,-3.31169423093797
2005,0,0.09,2500,0,0.1,"AA",0.000119470385880282,-9.03232255668276
2005,0,0.28,25000,0,0.73,"C",0.263432393557321,-1.02820426178787
2005,1,0.29,3000,1,0.4,"Missing",0.984542854912666,4.15410606511431
2005,0,0.15,5000,0,0.83,"C",0.0606316708179733,-2.74039028183029
2005,0,0.11,2593,0,1.01,"Missing",0.507076005200872,0.0283059106013379
2005,1,0.22,6001,0,0,"D",0.432391654618643,-0.272099862667882
2005,0,0.18,2500,0,0.84,"A",0.00980797871244664,-4.61470267645322
2005,0,0.24,6000,0,0.52,"D",0.239634769861359,-1.15468291182168
2005,1,0.2,5000,0,0.95,"Missing",0.491270727354263,-0.0349206388176297
2005,0,0.16,25000,0,0.76,"AA",0.00362980739932395,-5.61493927901525
2005,1,0.29,4000,1,1.14,"Missing",0.993931396647859,5.09853969847821
2005,0,0.16,15000,0,0.59,"A",0.00333832191367284,-5.69894311276272
2005,0,0.12,4000,0,0.28,"AA",0.00022602634966597,-8.39463292214842
2005,0,0.12,25000,1,0.22,"AA",0.000381793411165846,-7.87024903780089
2005,0,0.11,12000,0,0.41,"A",0.000637076871178865,-7.3579829528922
2005,0,0.2,6500,0,0.74,"D",0.0504143004197715,-2.93575091044911
2005,1,0.23,25000,0,0.67,"D",0.570591358884487,0.284264285814659
2005,0,0.14,8000,0,0.74,"B",0.000373522820991299,-7.89215786228163
2005,1,0.09,9000,0,0.99,"Missing",0.321282818294295,-0.74788272989486
2005,0,0.15,25000,0,0.01,"A",0.00140774000335176,-6.56436096320762
2005,0,0.09,5500,1,0.48,"A",0.00252763309631718,-5.97794111622721
2005,0,0.14,25000,0,0.58,"AA",0.000316044840144125,-8.05931036046099
2005,0,0.23,7800,1,1.03,"C",0.0283691586780726,-3.53367334639874
2005,0,0.29,5500,0,0.72,"D",0.0810884470888561,-2.42764937666344
2005,0,0.18,4800,0,0.89,"C",0.0519535855930383,-2.9040527261602
2005,0,0.2,1750,0,0.96,"Missing",0.601195080784049,0.410447102460131
2005,0,0.19,15000,1,0.94,"B",0.00163737913341285,-6.41301968373165
2005,1,0.17,3500,0,0.96,"Missing",0.672942312516794,0.721523039396891
2005,1,0.26,1000,1,0.33,"Missing",0.983626645316982,4.09559110046116
2005,0,0.09,7000,0,0.17,"AA",7.0205157144263e-05,-9.56401857841569
2005,0,0.11,25000,0,0.29,"AA",0.00012791531450654,-8.96401419492339
2005,0,0.2,25000,1,0.19,"C",0.0153053964089769,-4.16412607330067
2005,0,0.19,7000,0,0.83,"C",0.00867089131439644,-4.73907498682438
2005,0,0.29,4500,1,0.6,"Missing",0.887330221389323,2.06375597596812
2005,0,0.25,8500,0,0.87,"C",0.0321909809505246,-3.4033484548288
2005,0,0.17,1000,1,0.14,"D",0.0275915919098547,-3.56226480378143
2005,0,0.2,9000,0,0.88,"D",0.0853608297961172,-2.37164230991371
2005,0,0.13,24250,0,0,"AA",0.0014125131248433,-6.56097129140047
2005,0,0.15,3000,1,0,"C",0.116817597788871,-2.02291802524589
2005,0,0.11,6500,0,0.34,"A",0.0204342504575173,-3.86989692375419
2005,0,0.24,2500,1,0.83,"D",0.374625304396976,-0.512424644890833
2005,0,0.2,3000,0,0,"D",0.00443013505225999,-5.41488523237303
2005,0,0.08,3001,0,0.32,"AA",0.000629099371160587,-7.37059203363737
2005,1,0.29,1500,0,0,"Missing",0.77570882934566,1.24083215310589
2005,0,0.13,20000,0,0.46,"A",0.00299630866287629,-5.80737338705909
2005,0,0.14,4575,0,0.6,"C",0.0018702279258691,-6.27982299106587
2005,0,0.15,3000,0,0.91,"Missing",0.627152680208432,0.520021014565968
2005,0,0.18,3001,0,1,"Missing",0.0666399122867144,-2.63948739085949
2005,0,0.11,5000,0,0,"AA",0.000115879543940011,-9.06284343443534
2005,1,0.29,2500,0,0,"Missing",0.989003000074116,4.49907486347099
2005,0,0.17,10700,0,0.12,"C",0.00487757768944918,-5.31821704557087
2005,0,0.23,5000,0,0.39,"D",0.0236109273710539,-3.72215151789982
2005,0,0.17,9200,0,0.06,"A",0.0200762915644268,-3.88793512537809
2005,0,0.07,3000,1,0.01,"AA",0.000208475844762635,-8.47547887831535
2005,0,0.25,25000,0,0.47,"AA",0.0195176540128449,-3.91672525036766
2005,0,0.12,2500,0,0,"C",0.0207472508451752,-3.85437603144049
2005,0,0.1,1000,0,0.24,"A",0.00047802727190734,-7.64536463133752
2005,0,0.2,1000,1,0.76,"C",0.12791462953382,-1.91952423638968
2005,1,0.2,1500,0,0.41,"Missing",0.981195425183147,3.95467146834697
2005,1,0.24,3000,0,0.91,"Missing",0.821239394131549,1.5247671420722
2005,0,0.11,15200,0,0.83,"A",0.000470142203676754,-7.66200509525298
2005,0,0.25,7000,0,0.14,"D",0.188047814611436,-1.4627451899061
2005,1,0.29,5000,0,0.82,"Missing",0.760994933202683,1.158141948066
2005,0,0.24,9000,0,1.03,"D",0.177395276325198,-1.53409535588405
2005,0,0.17,5600,0,1.09,"B",0.0138155952051378,-4.26804531881055
2005,0,0.18,4100,0,0.5,"C",0.014983740208562,-4.18569252136982
2005,0,0.05,1000,1,0.48,"D",0.0336315102402658,-3.35808178857918
2005,0,0.15,5000,0,0.73,"B",0.00160131561190914,-6.43532713107354
2005,1,0.19,1000,1,0,"Missing",0.902451146918893,2.22476124814546
2005,0,0.2,5000,0,0.85,"D",0.063212260302513,-2.69595845030276
2005,1,0.23,2400,0,0.91,"Missing",0.825227859812032,1.55217647246855
2005,0,0.15,3000,1,0.99,"C",0.105596854898518,-2.13652803116125
2005,0,0.2,7500,0,0.99,"D",0.0132383841482643,-4.3113079864236
2005,0,0.17,10000,0,0.28,"B",0.000327771673327626,-8.02286548448408
2005,1,0.29,4000,1,0,"Missing",0.996962396919625,5.79364430900471
2005,1,0.22,18200,1,0.8,"C",0.637829604027971,0.565956361163971
2005,0,0.2,9000,0,0.92,"C",0.0239674132097307,-3.70680084916293
2005,0,0.16,10999,0,0.97,"B",0.001494107811163,-6.50473080701213
2005,0,0.17,1600,0,0.98,"C",0.0244818520140432,-3.68503665471772
2005,0,0.16,2000,1,0,"C",0.00130286305905004,-6.64188737050096
2005,0,0.25,8500,0,0.78,"D",0.0873729799310551,-2.34614119508818
2005,0,0.09,5000,0,0,"AA",0.00141756077720485,-6.55739908047953
2005,1,0.18,3000,1,0.93,"C",0.791852802465951,1.33613000920313
2005,0,0.09,1025,1,0.76,"D",0.0354388017974965,-3.3038659651957
2005,1,0.29,10000,0,0.98,"C",0.190511420007723,-1.44669052521781
2005,1,0.25,5500,0,0.49,"Missing",0.919165970588082,2.43106867221234
2005,1,0.29,3000,0,0.98,"Missing",0.980867305553995,3.93703856316922
2005,0,0.23,21000,0,0,"B",0.0206115729502851,-3.86107561107926
2005,1,0.24,3000,0,0.97,"Missing",0.472800803660903,-0.108904292911555
2005,0,0.2,12000,0,0.26,"C",0.171968999453942,-1.57173636912126
2005,0,0.1,1000,0,0.65,"A",0.000912045857579562,-6.99890782469587
2005,0,0.12,7500,1,0,"B",0.00302454304711394,-5.79796613149407
2005,0,0.14,4000,0,0.16,"B",0.00394839810436372,-5.53048911191563
2005,1,0.29,3000,0,0.98,"Missing",0.893061990383706,2.12240667939625
2005,0,0.29,23800,0,0.5,"C",0.121915781928718,-1.9744120150911
2005,1,0.29,2500,1,1.84,"Missing",0.975354868799167,3.67822200900468
2005,1,0.2,2000,0,0.84,"Missing",0.950134722524693,2.94727886935521
2005,0,0.15,1500,0,0.8,"C",0.0140200530276161,-4.25314735275672
2005,0,0.29,12000,0,0.91,"D",0.137370850998332,-1.83730066541512
2005,1,0.29,2600,1,0,"Missing",0.937028877437693,2.70003785152046
2005,0,0.11,1000,0,0.03,"AA",0.000776027895308996,-7.16054576170319
2005,0,0.07,1500,0,0.01,"AA",4.85982077539536e-05,-9.9318753058398
2005,1,0.29,3000,0,0,"Missing",0.969538640067177,3.46036133656883
2005,1,0.24,1500,0,0.99,"Missing",0.904973087334424,2.25374506280799
2005,1,0.29,4500,0,0.98,"Missing",0.941833879779189,2.7845258521498
2005,0,0.24,3500,0,0,"C",0.208440563355277,-1.33435103741899
2005,0,0.21,25000,0,0.07,"B",0.00614508405301868,-5.085938814989
2005,1,0.26,1000,0,0,"Missing",0.679388600278031,0.750963479479396
2005,1,0.24,1500,1,0.88,"Missing",0.956825135905168,3.09836217740199
2005,0,0.18,7000,0,0.95,"C",0.0117524758935156,-4.43186926410773
2005,0,0.19,15000,1,0.94,"B",0.00344001881263962,-5.66883238953932
2005,0,0.15,1000,0,0.16,"A",0.000453315890159471,-7.6984679275631
2005,0,0.26,2000,1,0,"Missing",0.795816776056978,1.36035123118938
2005,1,0.21,4900,0,0,"D",0.777564567715249,1.25152981838444
2005,0,0.16,8000,0,0.8,"C",0.0363324450782051,-3.27803522921967
2005,1,0.21,9500,0,0.73,"D",0.288055638628429,-0.904846113058242
2005,0,0.11,23500,0,0.02,"AA",7.20689332259475e-05,-9.53781541952269
2005,1,0.29,8000,0,0.8,"Missing",0.950989564593373,2.96546984647879
2005,0,0.2,21000,0,0.34,"AA",0.00758332189386148,-4.87419170928095
2005,1,0.29,4850,0,0.89,"Missing",0.994735635634475,5.24151659902404
2005,0,0.1,4000,0,0.88,"A",0.00408578506935996,-5.49614723099858
2005,0,0.22,17500,0,0,"AA",0.00934974853816094,-4.66301209855084
2005,1,0.2,5000,0,0.87,"Missing",0.877226511833689,1.9664241413423
2005,0,0.1,6000,0,0.02,"AA",0.000528324861021446,-7.54527073189736
2005,0,0.07,1325,0,0.02,"AA",0.00149631155237732,-6.50325473203112
2005,0,0.11,2500,1,0,"B",0.0052275576450831,-5.24856983031623
2005,0,0.25,1500,1,0,"Missing",0.719839388218199,0.943665062984351
2005,0,0.15,1700,0,0.83,"D",0.114897107749213,-2.0416668880378
2005,0,0.2,15000,1,0.8,"B",0.00520837664892058,-5.25226506794609
2005,0,0.18,8000,1,0,"C",0.0600882460572276,-2.74997174274968
2005,1,0.27,5000,0,0.83,"Missing",0.602074240430735,0.414115306540523
2005,1,0.29,3001,1,0,"Missing",0.852935846349571,1.75781542425936
2005,0,0.12,19500,1,0,"AA",0.00129377661049653,-6.64889511840037
2005,1,0.29,1000,0,0.92,"Missing",0.980809377344487,3.93395636968302
2005,0,0.17,6500,1,0,"D",0.221504456493609,-1.25692055790298
2005,0,0.24,9000,0,1.03,"D",0.0389692931608067,-3.20523238031434
2005,1,0.29,2700,0,0,"Missing",0.986580491580338,4.29753541477606
2005,0,0.14,5000,0,0.34,"B",0.000575778731398421,-7.45921117339381
2005,0,0.15,3000,0,0.08,"AA",0.0016448296330776,-6.40847228279585
2005,1,0.2,2000,1,0.87,"Missing",0.917599450791006,2.4101688652364
2005,1,0.29,4500,0,0.98,"Missing",0.920005949805043,2.4424278778565
2005,0,0.15,5100,0,0.19,"C",0.0221292831229924,-3.78847571032623
2005,1,0.23,18000,0,0.58,"C",0.547910482525529,0.192231712815544
2005,0,0.1,3000,0,0.36,"A",0.000759129799601348,-7.18257836313781
2005,0,0.17,10000,1,0.95,"D",0.0601474266583883,-2.74892436665941
2005,1,0.25,4000,1,0.99,"Missing",0.815487673617416,1.48607003591349
2005,0,0.15,1000,0,0,"Missing",0.128329137406037,-1.91581355195486
2005,0,0.11,1500,0,0.07,"B",0.0010632712715752,-6.84534118090111
2005,1,0.29,3999,0,0.96,"Missing",0.940977953525816,2.76900866737642
2005,0,0.25,4500,1,0.2,"D",0.160677209233841,-1.65319792434556
2005,0,0.11,5000,0,0.18,"A",0.000768848983715361,-7.1698468431281
2005,0,0.23,1800,0,0,"Missing",0.3716795874036,-0.52501808855905
2005,0,0.15,8942,0,0,"B",0.00161609793640333,-6.42612331127827
2005,1,0.06,6000,1,0.81,"Missing",0.721322577790166,0.951031520426456
2005,0,0.15,5000,0,0.92,"B",0.00151163124430249,-6.49305314210167
2005,0,0.18,3001,0,1,"Missing",0.388600085868428,-0.453200511099152
2005,1,0.29,10000,0,0.49,"D",0.730997685392009,0.999690309330869
2005,1,0.19,4041,0,0.91,"D",0.149065522781764,-1.74194917106905
2005,0,0.22,10000,0,0.65,"C",0.0386607735724433,-3.21350185662988
2005,0,0.21,3001,1,0,"C",0.0282349147119623,-3.53855477097748
2005,0,0.15,2500,0,1.01,"D",0.0246760460620379,-3.6769366982415
2005,1,0.15,1200,1,0,"Missing",0.679329847724052,0.750693762353139
2005,1,0.29,3000,0,0.98,"Missing",0.944528681982807,2.83481995916632
2005,0,0.17,10000,0,0.39,"A",0.00356395409253279,-5.63331433023271
2005,1,0.2,2018,0,0,"Missing",0.887955740114555,2.07002792875504
2005,0,0.1,3000,0,0.05,"AA",0.00027389069799514,-8.20250751537653
2005,1,0.23,3890,0,0.97,"Missing",0.761916381841996,1.16321486578433
2005,0,0.2,1500,0,0,"D",0.10963031462892,-2.09452282370396
2005,0,0.15,2000,0,0.54,"C",0.00523027281012078,-5.24804784115122
2005,1,0.29,5000,0,0.97,"Missing",0.932641933728331,2.62799868553344
2005,0,0.12,20000,0,0,"AA",0.000560774827630937,-7.4856301776661
2005,0,0.29,5000,1,0,"Missing",0.860403535099628,1.81864563911068
2005,1,0.29,2500,0,0.08,"Missing",0.921410271856971,2.46166439484519
2005,0,0.07,1000,0,0.34,"AA",0.00193276836413523,-6.24686727968026
2005,0,0.29,5824,0,0,"Missing",0.819274373976511,1.51143903587317
2005,0,0.09,5000,0,0.28,"AA",0.000845615903778515,-7.07459934226142
2005,0,0.15,10000,0,0.41,"C",0.0211100528337602,-3.83666985805338
2005,0,0.19,4041,0,0.91,"D",0.23896663998085,-1.15835323346354
2005,1,0.23,5000,0,0.97,"Missing",0.762833104436687,1.16827517737314
2005,0,0.1,10000,0,0.12,"A",0.00028520129210779,-8.16203009693244
2005,1,0.2,1500,0,0.41,"Missing",0.531763135178018,0.127223866271597
2005,0,0.16,8000,0,0.66,"B",0.000224530001365798,-8.40127666812525
2005,1,0.29,2000,1,0,"Missing",0.994788422978736,5.25164757313998
2005,0,0.23,6001,1,0.52,"D",0.655831747651032,0.644773630341799
2005,0,0.1,4500,0,0.04,"AA",0.000704864454313313,-7.25679992403429
2005,0,0.2,1000,1,0.9,"D",0.15071376097133,-1.72901386279127
2005,0,0.15,2000,0,0.62,"C",0.0499051804649485,-2.94643697534909
2005,0,0.21,5000,1,0.94,"C",0.142138821227253,-1.7976380957713
2005,1,0.11,1000,0,0.97,"Missing",0.84828202232561,1.72118976659469
2005,0,0.21,4900,0,0,"D",0.244262984765469,-1.12944800092188
2005,0,0.16,25000,0,0,"AA",0.00366977315023037,-5.60394890746533
2005,0,0.15,9999,0,0.31,"A",0.000661779704067922,-7.31991583194297
2005,0,0.2,9999,0,0.9,"D",0.0814609779010525,-2.42266028152004
2005,1,0.23,5000,0,0.78,"D",0.452485456864484,-0.190633401044972
2005,1,0.29,2000,0,0,"Missing",0.749998223955662,1.09860281645407
2005,1,0.29,25000,1,0.96,"Missing",0.844381276570886,1.69119520705299
2005,0,0.16,3500,1,0.51,"C",0.0293332681640037,-3.49926088366126
2005,0,0.15,9999,0,0.57,"B",0.00052932579101964,-7.5433769876969
2005,0,0.2,11000,0,0.44,"C",0.0398522873249195,-3.18190733803952
2005,0,0.2,1500,0,0.8,"D",0.242922174401827,-1.13672493398484
2005,0,0.11,4000,0,0.64,"D",0.0962011442004456,-2.24016557941138
2005,1,0.29,2400,0,0.87,"Missing",0.804207868064657,1.41280423303392
2005,1,0.29,4500,0,0.45,"Missing",0.925639827492483,2.52156472104455
2005,0,0.25,9900,0,0.37,"B",0.000449264829524034,-7.70744865755249
2005,0,0.08,6001,0,0.04,"AA",0.000169475425267108,-8.68263313554194
2005,0,0.1,3000,0,0.16,"AA",0.00134082083208309,-6.61313157076569
2005,0,0.09,2000,0,0.85,"A",0.00285703702521128,-5.85510907019969
2005,1,0.2,3000,1,1.03,"Missing",0.977675320313514,3.7794848526868
2005,1,0.29,6000,0,1.12,"Missing",0.839720129297778,1.65614717784513
2005,1,0.29,2100,0,0,"Missing",0.921799903667423,2.46705729635666
2005,0,0.26,5000,0,0,"Missing",0.851655812282176,1.74764730256761
2005,0,0.14,1400,0,0.61,"C",0.00455332180378943,-5.3873345258725
2005,1,0.29,1500,1,0.94,"Missing",0.985546833857855,4.22228314766372
2005,1,0.26,2600,0,0.36,"Missing",0.63245381050063,0.542758194590934
2005,1,0.24,2000,1,0.93,"Missing",0.938156826089494,2.71931539950677
2005,0,0.26,7000,0,0.92,"C",0.135546592430385,-1.85278197164648
2005,0,0.25,5000,0,0.52,"C",0.223589514924164,-1.24486950786683
2005,1,0.24,1000,1,0,"Missing",0.903441246361683,2.2360594099214
2005,0,0.23,12500,1,0.41,"D",0.262534504202987,-1.03283678378312
2005,0,0.29,6000,1,0,"Missing",0.727755912476848,0.983266662426235
2005,1,0.29,6000,0,0.94,"Missing",0.868099823001391,1.88426130986826
2005,0,0.29,3000,0,1.02,"Missing",0.846096574958096,1.70430821230754
2005,0,0.09,1400,1,0.9,"D",0.0110517094268454,-4.49405693043776
2005,1,0.29,3950,0,0.78,"Missing",0.378282247097337,-0.496845613853062
2005,0,0.2,3500,0,1,"D",0.0121592901328597,-4.39742796231685
2005,0,0.13,9900,0,0.86,"B",0.00020729346813105,-8.48116773331945
2005,0,0.15,12000,0,0.45,"AA",0.00213685163506747,-6.14628259383007
2005,0,0.18,7500,0,0.9,"B",0.00845083468558958,-4.76500331768226
2005,0,0.27,7000,0,0,"D",0.227418643349909,-1.22294475649449
2005,1,0.29,2501,1,0,"Missing",0.880004124125675,1.99246921949021
2005,1,0.2,5000,0,0.22,"D",0.348585629111303,-0.625262046485293
2005,0,0.18,13000,0,0.95,"B",0.0106044482457344,-4.53582064396586
2005,1,0.23,3250,0,0.93,"D",0.152645700506724,-1.71399935338332
2005,0,0.17,1500,0,0.92,"D",0.194954190183471,-1.41813457357466
2005,1,0.28,5000,0,1.19,"Missing",0.88624785396631,2.05297473248341
2005,0,0.17,1275,0,0.91,"A",0.00258745269941965,-5.95449059503463
2005,0,0.17,2550,0,0.25,"C",0.0402832538892469,-3.17070233844307
2005,0,0.12,15000,0,0,"AA",0.000369317220837359,-7.90348522073318
2005,0,0.18,6000,0,0.75,"C",0.124928364168555,-1.94656526615432
2005,0,0.29,3000,0,0,"Missing",0.982476156167501,4.0265136166407
2005,0,0.15,16000,0,0.24,"C",0.00281016688490422,-5.87169728493753
2005,0,0.19,25000,0,0.85,"A",0.00334715849918118,-5.69629072951219
2005,0,0.15,15000,0,0.16,"AA",0.000278809945498115,-8.18470135837559
2005,0,0.1,4999,0,0.06,"AA",0.000125392256968702,-8.98393827821369
2005,1,0.18,15000,0,0.16,"B",0.00211529298340513,-6.15644441626956
2005,0,0.21,3500,0,1.03,"D",0.0580006692191558,-2.78755001541122
2005,0,0.11,5000,1,0,"A",0.0034860810756142,-5.65548490304848
2005,0,0.2,3000,0,0.98,"D",0.299236614143378,-0.850935679960985
2005,0,0.2,15000,0,0.93,"D",0.134183176410089,-1.86446751147664
2005,1,0.17,5000,0,0.89,"D",0.0656345612525606,-2.65576521817166
2005,0,0.13,10000,0,0.51,"A",0.00565937050106387,-5.16876716642938
2005,0,0.2,2018,0,0,"Missing",0.119985817026493,-1.99256448000673
2005,0,0.22,3600,0,0.57,"D",0.0608076791287927,-2.73730419033878
2005,0,0.17,3650,0,0.85,"D",0.187735548928785,-1.46479164787058
2005,0,0.22,25000,0,0.7,"C",0.211603657196055,-1.31528595314074
2005,0,0.25,12000,0,0.43,"C",0.115135303371949,-2.03932676032387
2005,1,0.27,2800,0,0,"Missing",0.803362189546311,1.40744214680892
2005,0,0.18,2500,0,0.82,"D",0.0252825956534537,-3.65203134711686
2005,1,0.29,3900,0,0,"Missing",0.870925377564136,1.90916559313548
2005,1,0.29,2550,0,1,"Missing",0.82293333137239,1.5363488699892
2005,1,0.29,4000,0,1.21,"Missing",0.98283337056724,4.04747224462293
2005,1,0.2,5500,0,0.95,"Missing",0.694208170015082,0.819867296042458
2005,0,0.15,9999,0,0.83,"C",0.00522518221322069,-5.24902672717715
2005,0,0.15,25000,0,0,"B",0.000425563871267227,-7.76166985803063
2005,0,0.17,5000,0,0.61,"C",0.0481459840952856,-2.98417394767306
2005,0,0.08,2750,0,0.01,"AA",0.00016092089164273,-8.73443673615039
2005,0,0.25,9000,0,0.78,"D",0.421421573864043,-0.316940409777818
2005,0,0.07,2550,0,0.44,"AA",0.00050577358415261,-7.58891554943611
2005,0,0.18,1600,0,0.94,"D",0.0909862855184664,-2.30165139493121
2005,1,0.15,5000,1,0.6,"D",0.367619305670787,-0.542443669993809
2005,0,0.15,17500,0,0.55,"B",0.000600470854214215,-7.41719580227619
2005,1,0.29,1000,1,1.09,"Missing",0.963932212288188,3.28562081309111
2005,1,0.26,3000,1,0,"Missing",0.588886547905051,0.359364331375621
2005,0,0.09,1400,1,0.9,"D",0.0126073713514025,-4.36078608959684
2005,0,0.18,12000,0,0.57,"A",0.00947872741731517,-4.64918127394219
2005,0,0.17,3500,0,0,"B",0.00158509943778777,-6.44552177980912
2005,0,0.16,5000,0,0.35,"B",0.00102860731182955,-6.87852037943163
2005,1,0.29,3000,0,0.85,"Missing",0.862370994580952,1.83512386773661
2005,1,0.28,1500,1,1,"Missing",0.699748240670673,0.846099293675797
2005,0,0.15,25000,0,0,"A",0.00309480362093436,-5.7749312228546
2005,1,0.24,9500,0,0.86,"D",0.0360046181870689,-3.2874392907459
2005,0,0.17,2000,0,0.79,"D",0.0340964032254739,-3.34387213146535
2005,0,0.22,18200,1,0.8,"C",0.06437946408107,-2.67641528240527
2005,0,0.15,1500,0,0.77,"C",0.00348502832822477,-5.65578799100178
2005,0,0.23,4900,0,1,"D",0.0782769068614903,-2.46599221765649
2005,1,0.22,6001,0,0.25,"Missing",0.820392874499688,1.51901151140376
2005,0,0.25,15000,0,0.83,"C",0.0287622456854484,-3.51950767998887
2005,1,0.29,3000,1,0.4,"Missing",0.888111825967903,2.07159773883395
2005,0,0.16,15000,0,0.59,"A",0.0100864127072658,-4.58642841211407
2005,0,0.09,3030,0,0.04,"AA",0.00035458709452762,-7.94420190946222
2005,0,0.29,12000,0,0.6,"B",0.00368258390540635,-5.60045124367312
2005,0,0.12,22000,0,0.37,"AA",0.000269981644422316,-8.21688656680191
2005,0,0.15,5000,0,0.92,"B",0.00230865491492672,-6.06877888798697
2005,1,0.25,4000,1,0.47,"C",0.467167679133518,-0.131518530489084
2005,0,0.17,25000,0,0.91,"A",0.0390481403206135,-3.20312906160946
2005,1,0.29,3500,1,0,"Missing",0.941367134820058,2.77603783877574
2005,0,0.29,1000,0,0.45,"Missing",0.321001879577813,-0.749171380903562
2005,0,0.09,5000,0,0,"A",0.00221888178564952,-6.10853056300395
2005,0,0.19,21200,1,0.47,"B",0.0434923005574419,-3.09070491469905
2005,1,0.29,5200,0,0,"Missing",0.837613179210313,1.64057512226267
2005,1,0.29,5000,0,0,"Missing",0.915895893546714,2.38784731087516
2005,0,0.15,5000,0,0.64,"C",0.0330614301956965,-3.37576761479776
2005,0,0.28,6000,0,0,"D",0.750958051571321,1.10372844358084
2005,1,0.29,7000,0,0.36,"Missing",0.949516630516984,2.93430908024824
2005,1,0.29,5000,0,0.97,"Missing",0.971828298086461,3.54086114491775
2005,0,0.16,25000,0,0.76,"AA",0.000575753866950032,-7.45925438323917
2005,0,0.17,5500,0,0.91,"C",0.0254547861620058,-3.64506712814112
2005,0,0.12,22000,0,0.37,"AA",0.00203125487016901,-6.19706819360118
2005,1,0.25,5000,0,0.9,"D",0.501806291262622,0.00722519648201381
2005,1,0.29,2500,1,0.87,"Missing",0.818198742954219,1.50419117297626
2005,0,0.25,15000,0,0,"D",0.0635220523251959,-2.69073884768685
2005,0,0.17,1075,1,0.9,"Missing",0.887836486178222,2.06882983740109
2005,1,0.29,22000,0,0.83,"D",0.52842838242938,0.11383630153065
2005,0,0.18,5000,0,0.99,"D",0.0661373424292617,-2.64759585409202
2005,0,0.14,2000,0,0,"C",0.016832720519768,-4.06745463589643
2005,0,0.07,2000,0,0.39,"C",0.00269060376898271,-5.91529543116827
2005,0,0.14,1500,1,0.25,"AA",0.00327099712837949,-5.71938404979511
2005,0,0.08,1500,1,0.22,"AA",0.00388365550392451,-5.54708721221928
2005,1,0.28,4500,0,0.47,"Missing",0.889950337404317,2.09023391845056
2005,0,0.05,1000,1,0.48,"D",0.00624101218603642,-5.0703523317412
2005,0,0.25,2000,0,0,"D",0.0256932745528365,-3.63549690015477
2005,1,0.23,14000,0,1.04,"D",0.754599859104912,1.123297514394
2005,0,0.21,6250,0,0,"C",0.0546815527794905,-2.84999544288488
2005,0,0.13,9500,0,0.27,"A",0.00318779498053797,-5.74523294304255
2005,0,0.11,8000,0,0.06,"A",0.0656305362895346,-2.65583085157491
2005,0,0.15,20000,1,0.72,"B",0.00279596500046523,-5.87677809139355
2005,0,0.25,15000,1,0.82,"D",0.142929444465634,-1.79116913056533
2005,0,0.19,10000,1,0.88,"D",0.0671319567116601,-2.63160357252055
2005,0,0.17,4000,1,0.31,"D",0.149215840731781,-1.74076461126269
2005,1,0.29,16900,0,0.04,"D",0.568281554280868,0.274843360317027
2005,0,0.13,6001,0,0.94,"A",0.000693434235727068,-7.27316047745471
2005,0,0.17,5000,0,0.46,"A",0.00502393699178553,-5.28850479194775
2005,0,0.19,3000,1,0.77,"D",0.00894400477245454,-4.70778758648965
2005,0,0.11,12000,0,0.02,"AA",0.00077385078452623,-7.16335733744816
2005,0,0.14,14500,0,0.48,"A",0.00240918147361211,-6.02605613845398
2005,0,0.25,8500,0,0.87,"C",0.037019875893288,-3.25857781731184
2005,0,0.08,1668,0,0.05,"AA",0.000638884397418231,-7.35514794309077
2005,1,0.29,2000,1,0.98,"Missing",0.833685473750293,1.61197546937998
2005,0,0.12,19500,1,0,"AA",0.000436257933145847,-7.73684054663012
2005,0,0.2,7500,0,0.99,"D",0.0744327530788221,-2.52051071495195
2005,0,0.17,25000,0,0.89,"B",0.00338592265928668,-5.68473716898555
2005,0,0.17,5233,0,0.38,"B",0.000466800949375388,-7.66914071382434
2005,0,0.2,13000,0,0.9,"C",0.0275988514682143,-3.56199426518553
2005,1,0.2,1300,0,0,"Missing",0.834866336020113,1.62051640472897
2005,1,0.29,7000,0,0,"Missing",0.945092489677412,2.84563265617269
2005,0,0.17,7100,0,0.95,"D",0.0263847105656069,-3.60823154842982
2005,0,0.1,1000,0,0.28,"A",0.000800461517680198,-7.12952131747919
2005,0,0.23,10000,1,0,"D",0.0284628581287954,-3.5302794857655
2005,0,0.15,3000,0,0.73,"D",0.397322172786647,-0.416635300780292
2005,1,0.23,5000,0,1,"Missing",0.937341915559622,2.70535540585919
2005,0,0.15,9999,0,0.31,"A",0.000894789420729593,-7.01802696149033
2005,0,0.14,4575,0,0.6,"C",0.0138385745993456,-4.2663601051385
2005,1,0.29,2550,0,0.9,"Missing",0.931522193507392,2.61031031535341
2005,0,0.19,10000,0,0.64,"C",0.0206870503485505,-3.85734333653108
2005,0,0.09,6500,0,0.09,"AA",0.000176571777880285,-8.64160650334899
2005,0,0.21,6250,0,0,"C",0.0295529277608191,-3.49157404738717
2005,0,0.23,19000,0,0.95,"C",0.0146442817328891,-4.20895277740876
2005,0,0.11,15000,0,0.21,"A",0.000780173824254518,-7.15521333318178
2005,1,0.26,7225,0,1.01,"Missing",0.987103729788349,4.33783699126663
2005,1,0.29,5200,0,0,"Missing",0.9162561358355,2.39253304554732
2005,0,0.1,6000,0,0.52,"A",0.000607020699969142,-7.40634046038377
2005,0,0.17,10000,1,0.6,"A",0.0177681192341249,-4.01242161442607
2005,1,0.29,3000,1,0.67,"Missing",0.933810398978607,2.64675005233458
2005,0,0.2,12500,0,0.52,"A",0.0011214414156373,-6.79201837217261
2005,1,0.29,2500,0,1.21,"Missing",0.668056695895263,0.699408860465114
2005,0,0.27,2550,0,0.98,"Missing",0.839424982623669,1.65395588157714
2005,0,0.18,20000,0,0.53,"A",9.63892226213126e-05,-9.24701976726344
2005,1,0.29,2550,0,0.91,"Missing",0.885110889591267,2.04174553027912
2005,0,0.22,3600,0,0.57,"D",0.0198944350038576,-3.89722024067283
2005,1,0.22,3000,0,0.3,"Missing",0.89372510727274,2.12936917676175
2005,1,0.18,2550,1,0.99,"Missing",0.735622546393688,1.02333931206747
2005,0,0.15,1000,0,0,"D",0.226234550973407,-1.22969649297308
2005,0,0.11,8000,1,0.17,"AA",0.000182506790136121,-8.60854065596201
2005,1,0.23,3000,0,0.89,"Missing",0.882364031939588,2.01500986592513
2005,0,0.17,8500,1,0.21,"B",0.00574610990365288,-5.15346950931524
2005,0,0.15,2000,1,0,"C",0.0851718047440313,-2.37406583406654
2005,1,0.29,4500,1,0.6,"Missing",0.888840368870899,2.0789503703249
2005,0,0.2,19000,0,0.95,"C",0.0028694671113194,-5.85075535002427
2005,0,0.09,2500,1,0.24,"AA",0.00171135965094331,-6.36875428119559
2005,1,0.29,6000,0,1.02,"Missing",0.954306875708212,3.03903745892564
2005,1,0.29,5000,1,0,"Missing",0.948732922697938,2.91807855059197
2005,1,0.17,3000,0,1.12,"Missing",0.771185151471329,1.21501533449801
2005,0,0.05,1000,0,0.64,"D",0.0047097440466699,-5.35340084512536
2005,0,0.1,4999,0,0.06,"AA",0.000195673115451871,-8.53886937706908
2005,0,0.12,25000,1,0,"AA",0.000235748901686267,-8.35250751857366
2005,1,0.29,2550,0,1,"Missing",0.64036962220711,0.576968768692889
2005,1,0.29,2550,1,0.91,"Missing",0.967871111697082,3.40534335678044
2005,0,0.09,1000,0,0.6,"A",0.000503992717535544,-7.59244461956698
2005,0,0.17,3500,0,0.12,"D",0.0171588429866046,-4.04793385030959
2005,0,0.29,3500,0,1.01,"Missing",0.615932352693495,0.47231843851396
2005,0,0.12,25000,0,0.07,"AA",0.00291007594401199,-5.83666178209297
2005,0,0.15,3000,0,0.46,"B",0.000529465015845056,-7.54311386004347
2005,0,0.11,3500,0,0,"D",0.00794240055429694,-4.82756560317889
2005,1,0.17,1700,0,0.8,"Missing",0.692254759703714,0.810681738920205
2005,0,0.2,8000,0,0.79,"C",0.0251026250930624,-3.65935978290225
2005,0,0.21,25000,1,0.01,"B",0.000839302732259251,-7.08209943633437
2005,0,0.11,1000,0,0.98,"D",0.303909187035806,-0.828751200297118
2005,0,0.18,15000,0,0.29,"C",0.0976524255825617,-2.22358528676146
2005,0,0.29,25000,1,0.97,"D",0.0891638206828979,-2.32388769638745
2005,0,0.19,2100,0,0.86,"D",0.0227853983167827,-3.7585863755428
2005,0,0.1,10000,0,0.15,"AA",0.000230349013816868,-8.37568457228111
2005,0,0.14,10000,0,0.44,"A",0.00107253396789696,-6.8366581264208
2005,0,0.16,11204,0,0.73,"B",0.000679610958847778,-7.29331020085928
2005,0,0.15,20000,0,0.37,"A",0.00555199217517799,-5.18803100338024
2005,1,0.29,3000,1,0.95,"Missing",0.976921229006313,3.74549283303318
2005,0,0.2,12500,0,0.52,"A",0.00200070576599889,-6.21225256782003
2005,1,0.2,2700,1,0.87,"D",0.356717788453686,-0.589638565525838
2005,0,0.15,1500,0,0.77,"C",0.0135213848546878,-4.28986915227709
2005,0,0.12,4000,0,0.28,"AA",0.000342142248949978,-7.97994177398242
2005,0,0.19,20000,1,0.82,"B",0.0140449479886567,-4.25134801001164
2005,0,0.15,3500,0,0.3,"C",0.00404798524500891,-5.50547979149633
2005,1,0.24,3500,0,0.8,"Missing",0.88903952571758,2.08096764504788
2005,0,0.16,8000,0,0.66,"B",0.00943065628651533,-4.65431418266068
2005,0,0.19,8750,0,0.73,"D",0.0345574089520532,-3.32996467109406
2005,0,0.17,4500,0,0.89,"D",0.0106087420817037,-4.5354114771055
2005,0,0.12,7500,1,0,"B",0.000927686115463016,-6.9818890033584
2005,0,0.29,23500,0,0.86,"C",0.158316947927439,-1.6708044974235
2005,0,0.17,3650,0,0.85,"D",0.0770725337831379,-2.48280367096472
2005,0,0.14,7750,0,0.59,"C",0.00088805650585248,-7.02558673321818
2005,0,0.17,1275,0,0.91,"A",0.00179369652325526,-6.32168138459702
2005,0,0.15,16000,0,0.77,"B",0.0221986355093277,-3.7852757221682
2005,1,0.29,2550,0,0,"Missing",0.909690282687179,2.30985912681282
2005,1,0.29,2550,0,0,"Missing",0.844163742690574,1.68954066033852
2005,0,0.08,1500,1,0.22,"AA",0.00157916453749476,-6.44927893279883
2005,0,0.15,18000,0,0.12,"B",0.00309460369266346,-5.77499602676885
2005,1,0.17,3000,0,0,"Missing",0.79797557218383,1.37368936581001
2005,0,0.17,9200,0,0.06,"A",0.00241098708353115,-6.02530513891222
2005,1,0.15,1000,0,0,"Missing",0.817695447695177,1.50081130107097
2005,1,0.17,3500,0,0.76,"Missing",0.468826998866361,-0.124853942648425
2005,0,0.12,12000,0,0,"AA",0.000332888029589054,-8.0073714285589
2005,0,0.14,5000,0,0.29,"B",0.00288886996153742,-5.84399681929361
2005,0,0.1,6000,0,0,"AA",0.000920264240982628,-6.98992902275705
2005,1,0.29,3000,0,0.92,"Missing",0.946809482708524,2.87921775906567
2005,0,0.29,2000,0,0.28,"Missing",0.379276115068462,-0.492621877686757
2005,0,0.1,4999,0,0.06,"AA",0.0161509696317047,-4.10949237387783
2005,0,0.11,10121,0,0,"AA",0.000260813150172998,-8.25144545957263
2005,0,0.15,4000,0,0.46,"B",0.00215792113514272,-6.13644970535835
2005,1,0.29,4000,0,1,"Missing",0.943223359834873,2.81017813905676
2005,0,0.25,7000,0,0.14,"D",0.21613905206615,-1.28830968216521
2005,0,0.25,10000,1,0,"A",0.0117294813136779,-4.43385102170377
2005,0,0.09,3600,0,0.23,"AA",8.18691037504069e-05,-9.41030700940908
2005,0,0.17,5000,0,0.17,"C",0.0120235818476697,-4.40878895382476
2005,1,0.19,3000,1,0.77,"D",0.0690574696680436,-2.6012584947315
2005,1,0.21,6000,0,0.76,"D",0.434612141115004,-0.263057967802412
2005,1,0.29,5000,0,0.72,"Missing",0.930572251711939,2.59551310249267
2005,0,0.24,10000,0,0,"C",0.106628648293064,-2.1256501204725
2005,1,0.25,4500,1,0.93,"Missing",0.84787482572983,1.71802931684942
2005,0,0.2,4500,0,0.39,"D",0.0417503380202919,-3.1334008039546
2005,0,0.15,7000,0,0,"A",0.000542932633882039,-7.51798222848393
2005,1,0.29,3000,0,0.65,"Missing",0.966974868603936,3.37690367699614
2005,0,0.21,3000,0,0.04,"C",0.0284929831924314,-3.52919063825745
2005,1,0.29,5000,0,0.92,"Missing",0.979146675152797,3.84916805208535
2005,1,0.29,4000,1,0.16,"Missing",0.995524481397493,5.40464748142302
2005,0,0.13,1200,0,0.72,"D",0.0320318574398346,-3.40846822358838
2005,1,0.29,2500,1,0,"Missing",0.98535577496693,4.20895670676483
2005,1,0.28,3200,0,0.99,"Missing",0.990331242950448,4.62913971155931
2005,0,0.19,13000,0,0.82,"C",0.0115380051543037,-4.45050381201454
2005,1,0.25,9000,0,0.43,"D",0.53593918341849,0.144005077005752
2005,0,0.2,10000,1,0.89,"D",0.105262969145562,-2.14006816756997
2005,0,0.23,8000,0,0,"D",0.0197115439660492,-3.90664241900176
2005,0,0.1,1000,0,0.3,"AA",0.0029138008407891,-5.83537886496746
2005,0,0.15,17500,0,0.55,"B",0.000445575116486282,-7.71569903921069
2005,1,0.25,4000,1,0.99,"Missing",0.949259300791115,2.92895366279915
2005,0,0.2,3300,0,0.55,"D",0.163301804642674,-1.63386337543834
2005,0,0.15,5000,0,0.35,"B",4.86675771496714e-05,-9.9304488477827
2005,1,0.23,3100,0,0.78,"Missing",0.97843052297096,3.81467056589405
2005,1,0.25,5000,1,1.1,"Missing",0.748020173694106,1.08808091782486
2005,1,0.23,7200,0,1.12,"Missing",0.854303774848087,1.76876303428713
2005,0,0.13,9000,0,0,"A",0.00450987059085407,-5.39696674896682
2005,0,0.11,4000,0,0.64,"D",0.222978448428933,-1.24839296390932
2005,0,0.11,5000,0,0.12,"A",0.000389682470281281,-7.84978857081385
2005,1,0.29,3001,0,0,"Missing",0.798658792760336,1.37793279439611
2005,0,0.09,2000,0,0,"A",0.000218222513375267,-8.42977706585522
2005,1,0.24,9500,0,0.86,"D",0.173373481506435,-1.56190486281087
2005,0,0.12,12000,0,0,"AA",0.000384529803741125,-7.86310465528745
2005,0,0.29,2000,0,0.77,"Missing",0.784555658572133,1.29241491773788
2005,0,0.11,5000,0,0.18,"A",0.00106777582444274,-6.84110911638068
2005,0,0.13,10200,0,0.95,"A",0.0127468729260754,-4.34964048679762
2005,0,0.15,1500,1,0.64,"AA",0.0017949545451954,-6.32097901296704
2005,0,0.2,3500,0,0.8,"D",0.00502603844296859,-5.28808447961475
2005,0,0.18,5000,0,0.5,"D",0.078674101329505,-2.46049980640873
2005,0,0.09,5000,0,0.28,"AA",0.00755259660865829,-4.87828259128295
2005,1,0.16,5200,0,0.86,"C",0.0623056649960416,-2.71137167445867
2005,1,0.29,7000,1,0.27,"Missing",0.991985302340263,4.81843122744027
2005,1,0.29,2550,1,0.75,"D",0.386916093432691,-0.460293948458498
2005,1,0.29,10000,0,0.47,"Missing",0.886409208414309,2.05457626147671
2005,0,0.29,8000,0,0.8,"D",0.757489509388209,1.13896471859851
2005,0,0.15,20000,0,0.75,"B",0.00189967413242006,-6.26417143596999
2005,1,0.2,2850,0,0.7,"C",0.127029957108459,-1.92747829873446
2005,0,0.16,7000,0,0.98,"C",0.0179298434593899,-4.00319619138246
2005,0,0.09,3500,0,0,"AA",0.000134237659187532,-8.91576450624593
2005,0,0.1,6000,1,0.75,"A",0.00168402926783016,-6.38488053452731
2005,0,0.29,5000,1,0.7,"C",0.121467269409366,-1.97860832538095
2005,0,0.1,4500,0,0.4,"A",0.00652814958600889,-5.02508219591235
2005,1,0.09,9000,0,0.99,"Missing",0.590210713738297,0.364836523428143
2005,0,0.25,10500,0,0.81,"D",0.0247224876548813,-3.67500879773087
2005,0,0.25,13000,0,0.93,"D",0.0648102050489397,-2.66928642165977
2005,0,0.15,9900,0,0.72,"B",0.00372223170457849,-5.58970269354422
2005,0,0.1,4000,0,0.16,"A",0.00119056719423398,-6.73213417512006
2005,0,0.08,5000,0,0.13,"AA",0.00101316939047662,-6.89365816804117
2005,0,0.12,15000,0,0,"A",0.000678654970929172,-7.29471881715396
2005,0,0.13,15000,0,0.09,"AA",0.000134043348457278,-8.91721326204399
2005,0,0.29,25000,0,0.34,"C",0.0850635447867789,-2.37545605209539
2005,0,0.09,5000,0,0.54,"A",0.000498858089716985,-7.60268990944298
2005,1,0.27,1000,1,0.88,"Missing",0.993261540599327,4.99316269042593
2005,0,0.28,5500,0,0.35,"D",0.281572779972132,-0.936673448482963
2005,1,0.2,3800,0,1,"Missing",0.893142776761241,2.12325287133418
2005,0,0.17,1000,0,0.67,"D",0.067463877332039,-2.62631558421541
2005,0,0.29,5000,0,0.71,"Missing",0.627163233666139,0.520066147436705
2005,0,0.24,5000,1,0.47,"C",0.0302213024514361,-3.46852084370635
2005,1,0.28,5000,0,0.87,"Missing",0.984676469441016,4.1629235377941
2005,0,0.19,10300,0,0.38,"B",0.00043163795221684,-7.74749166353759
2005,0,0.2,6500,0,0.74,"D",0.0628255870507479,-2.70250697706229
2005,1,0.29,3500,0,0.99,"Missing",0.947697234761053,2.89698583631904
2005,0,0.16,10999,0,0.97,"B",0.00196515133104968,-6.2302189385951
2005,0,0.2,18000,0,0.71,"B",0.00313483858234814,-5.76203783262509
2005,0,0.17,4500,0,0.89,"D",0.234495734749165,-1.18309738791378
2005,1,0.29,5000,1,0.42,"D",0.512284608447002,0.0491483247838465
2005,0,0.18,15000,0,0.51,"B",0.000400417240448789,-7.82260295595743
2005,0,0.08,3500,0,0,"AA",0.000361861404415087,-7.92388735328814
2005,0,0.09,9000,0,0.99,"Missing",0.109129269535467,-2.09966619471521
2005,0,0.16,6001,1,0.77,"C",0.0147132911065686,-4.20418143164621
2005,0,0.29,12000,1,0.18,"C",0.190407362161289,-1.44736541648997
2005,0,0.09,1000,0,0,"A",0.000228274697424737,-8.38473254019246
2005,0,0.2,3000,1,1.03,"Missing",0.500092117250025,0.000368469004268679
2005,0,0.09,5000,0,0.18,"AA",0.00161033151938519,-6.42970357902443
2005,0,0.14,7500,0,0.14,"A",0.000868059108915357,-7.04838231170332
2005,1,0.18,1000,1,0.61,"D",0.221295653647166,-1.25813183734718
2005,1,0.29,2000,0,0,"Missing",0.606214135714147,0.431426013024367
2005,0,0.2,10000,0,0.79,"C",0.0165285464477051,-4.08599963827324
2005,0,0.15,3000,0,0,"C",0.020293723352969,-3.87694116523091
2005,0,0.22,5000,0,0.86,"Missing",0.513276888955641,0.0531200432070513
2005,0,0.17,5000,0,0.17,"C",0.0134790286707619,-4.29304953773044
2005,1,0.29,2610,0,1.39,"Missing",0.997638248694623,6.04598731196044
2005,1,0.29,3000,0,1.34,"Missing",0.677399065953864,0.741844500457096
2005,0,0.15,6500,0,0.9,"C",0.0018595086805919,-6.28558173665715
2005,1,0.15,1200,1,0,"Missing",0.888419253290998,2.07469524912216
2005,1,0.29,3500,1,0.74,"Missing",0.987813531180234,4.39516772322807
2005,1,0.24,4000,0,0.7,"Missing",0.985931812205972,4.24967113268989
2005,0,0.18,13000,0,0.95,"B",0.00415383435709869,-5.47956094434889
2005,0,0.1,1500,0,0.89,"A",0.0019309252060393,-6.24782321771897
2005,0,0.14,3000,0,0.35,"C",0.00819458083845049,-4.79605387556873
2005,1,0.24,3000,0,0.92,"Missing",0.959853789984805,3.17425293046284
2005,1,0.29,1000,0,0.92,"Missing",0.929139165398702,2.57354065134467
2005,0,0.1,3000,0,0.14,"AA",0.000401809341583994,-7.81913096642715
2005,0,0.09,5000,0,0.08,"A",0.00154117433107561,-6.47366823734379
2005,1,0.22,1500,1,1,"Missing",0.935684839584378,2.67748333018691
2005,0,0.22,2500,1,0.74,"D",0.36677210808263,-0.546089679902932
2005,0,0.22,5400,0,0.63,"D",0.395472061944513,-0.424367740910982
2005,0,0.15,2000,0,0.87,"D",0.00248156171942166,-5.9963825455288
2005,0,0.27,25000,1,0,"C",0.101046371931127,-2.18565191195514
2005,0,0.25,25000,0,0.47,"AA",0.015846344333211,-4.12884320671071
2005,1,0.29,2000,0,0,"Missing",0.682862487393665,0.766958029599857
2005,0,0.15,5000,0,0.83,"C",0.0603825861781645,-2.74477203077847
2005,1,0.28,3900,0,1.08,"Missing",0.932763212875193,2.62993085230852
2005,1,0.25,1500,1,0,"Missing",0.820283763447275,1.51827119001226
2005,1,0.29,7400,0,0,"Missing",0.949921634728702,2.94279040752006
2005,0,0.25,15000,1,1.04,"D",0.0824103241353722,-2.41003959254261
2005,0,0.12,25000,0,0.07,"AA",0.000866231363099282,-7.05049191539302
2005,0,0.27,7000,0,0.71,"C",0.147436329629148,-1.75485147396563
2005,1,0.27,10000,0,0.45,"Missing",0.986924759360756,4.32387339056427
2005,0,0.2,5000,1,0.43,"D",0.235974409171302,-1.17487792102342
2005,0,0.09,5000,0,0,"AA",2.6153647016046e-05,-10.5514957579479
2005,0,0.15,10000,0,0.41,"C",0.0224346887912535,-3.77445673640487
2005,0,0.08,1000,0,0.33,"A",0.000606037705525809,-7.40796213207034
2005,0,0.1,8300,0,0.05,"AA",0.000214819653000191,-8.44549686237058
2005,0,0.15,3500,1,0.89,"C",0.0695937802557934,-2.59294608699757
2005,0,0.17,11300,0,0.27,"C",0.0103524040814024,-4.56013014490463
2005,1,0.24,4500,0,1.46,"Missing",0.968669663041725,3.43133678871781
2005,0,0.19,3000,0,0,"D",0.104874373798138,-2.14420087906201
2005,0,0.19,6000,0,0.49,"C",0.00418228829663429,-5.4727056843236
2005,0,0.17,1700,0,0.28,"D",0.0817892301215177,-2.41828138725022
2005,0,0.15,7000,0,0.95,"C",0.00190477855060111,-6.26148292861604
2005,0,0.14,4575,0,0.6,"C",0.0196169110934414,-3.91155139720888
2005,1,0.28,1000,0,0,"Missing",0.521024900397758,0.0841492221503186
2005,0,0.16,5200,0,0.86,"C",0.0615832480133092,-2.72380426310908
2005,1,0.29,2800,0,0.99,"C",0.425856014876562,-0.298778914136691
2005,0,0.2,5000,0,0.22,"D",0.0249987401533918,-3.66361333341332
2005,0,0.21,10001,0,0.69,"D",0.0152956782749685,-4.16477109230983
2005,1,0.29,2400,0,1.05,"Missing",0.569298071145392,0.27898787736702
2005,0,0.22,6001,1,0.22,"C",0.49988702429158,-0.000451902841370977
2005,0,0.1,2000,0,0,"B",0.00948679887670334,-4.64832195348427
2005,0,0.11,2700,1,0.12,"AA",0.00976718719708969,-4.61891155736415
2005,0,0.29,4000,0,1.12,"Missing",0.499833170911009,-0.000667316380725591
2005,1,0.25,6000,0,1.02,"D",0.565848121977772,0.264931284224011
2005,1,0.2,12200,0,0.35,"C",0.381994078292298,-0.481092932829282
2005,0,0.18,15000,0,0.29,"C",0.00588459575279849,-5.12951525353006
2005,0,0.18,5000,0,0.12,"C",0.0160329829459813,-4.11694434271261
2005,1,0.29,3000,0,0.98,"Missing",0.847859716302249,1.71791217893569
2005,0,0.11,4000,0,0.11,"AA",0.00580988414496095,-5.14236782176505
2005,0,0.2,12000,0,0.95,"C",0.0058220854777085,-5.14025765203122
2005,1,0.29,2875,1,1,"Missing",0.787490530751169,1.30986479764191
2005,0,0.17,6550,0,0.77,"C",0.0231105656510927,-3.74408357666036
2005,1,0.29,3000,1,0,"Missing",0.813177765615902,1.470792193077
2005,0,0.13,10000,0,0.51,"A",0.000147892456198667,-8.81887729224921
2005,0,0.13,25000,0,0.05,"AA",0.000465146417037225,-7.67269307195969
2005,0,0.16,8500,0,0.56,"C",0.0870346693624262,-2.3503913691654
2005,0,0.23,6500,0,0.75,"D",0.433966297679372,-0.26568674519812
2005,0,0.27,6500,0,0.67,"D",0.117896093295143,-2.01250618587846
2005,0,0.11,6475,0,0.1,"AA",0.00101974561608977,-6.88718181287033
2005,0,0.12,11000,0,0.7,"A",0.00387345674948056,-5.5497269756897
2005,1,0.28,9000,0,0.7,"D",0.283885268862795,-0.925270219481529
2005,1,0.27,6000,0,0.85,"Missing",0.697523293884084,0.835531639457053
2005,0,0.23,10000,0,0.69,"A",0.00310735994111438,-5.77086960902889
2005,0,0.24,10000,0,0.57,"D",0.425406221857984,-0.300618789771882
2005,1,0.29,3001,0,0,"Missing",0.674107011298659,0.726819796820685
2005,0,0.17,4900,0,0.13,"D",0.0533920041585223,-2.87522406444711
2005,0,0.19,3001,0,0.48,"D",0.196477059880277,-1.40846005412994
2005,0,0.17,1800,0,0.96,"Missing",0.289501987197089,-0.897803989405611
2005,1,0.29,3000,0,0,"Missing",0.827537218842417,1.56827263190658
2005,0,0.15,25000,0,0.09,"C",0.00519131448421097,-5.25556350521029
2005,1,0.17,2000,0,0.79,"D",0.0854073610323606,-2.37104647099076
2005,0,0.11,1000,0,0.01,"AA",0.00493085017715914,-5.30730080913828
2005,1,0.23,5000,0,0.97,"Missing",0.9592940961013,3.15982455655828
2005,0,0.13,21000,0,0.24,"A",0.00243099420118486,-6.01702101514786
2005,0,0.23,5000,1,0.98,"D",0.261090579335169,-1.04030794891665
2005,1,0.15,1000,1,1.75,"Missing",0.915991831991071,2.38909341527653
2005,1,0.29,2550,0,1.16,"Missing",0.975833504491097,3.69832479142305
2005,1,0.28,9000,0,0.7,"D",0.15907657375406,-1.66511492276279
2005,0,0.07,1000,1,0.08,"AA",0.00165331732596212,-6.40331682327469
2005,0,0.26,10000,0,0.88,"D",0.110501594455997,-2.08562776425391
2005,0,0.11,4500,1,0.97,"AA",0.00227251044092053,-6.08459504094729
2005,0,0.21,10000,0,0.72,"A",0.0145147920457233,-4.21796584627337
2005,0,0.1,1500,0,0.89,"A",0.000488782301431653,-7.62310445716836
2005,0,0.17,11000,0,0,"C",0.0853236912822284,-2.37211808508227
2005,0,0.29,20000,0,1.05,"C",0.159862934783848,-1.65924826091042
2005,1,0.25,2550,1,0.67,"Missing",0.968783429920841,3.43509204226097
2005,0,0.18,4000,0,0.19,"D",0.00967292430509797,-4.62870459426549
2005,0,0.23,16000,1,0,"A",0.00276975374939255,-5.88622326525611
2005,0,0.25,10000,1,0,"A",0.012264281662406,-4.38872406249677
2005,0,0.14,14100,0,0.73,"B",0.000255292483932594,-8.27284534921228
2005,0,0.17,15000,1,0.89,"B",0.00668388053889511,-5.00135022340291
2005,0,0.23,7000,0,0.98,"C",0.0438447345485918,-3.08226567852538
2005,1,0.25,4000,0,0.02,"Missing",0.967024335921015,3.37845382428635
2005,0,0.07,1000,1,0.08,"AA",0.000836147321607494,-7.08586924129855
2005,0,0.15,3000,0,0.03,"AA",0.000215323095887014,-8.44315554001909
2005,0,0.23,10000,0,0.44,"C",0.0167338292489385,-4.07344748342084
2005,1,0.29,7000,0,0.36,"Missing",0.970154014464354,3.48140449381563
2005,0,0.21,6001,1,0,"D",0.287039685653177,-0.909805275025216
2005,0,0.2,5500,1,0.47,"D",0.196299221505745,-1.40958689842082
2005,0,0.11,2500,1,0,"B",0.000309056368789658,-8.08167777029958
2005,0,0.12,11000,0,0.7,"A",0.00294240604480825,-5.82558090630435
2005,0,0.24,25000,0,0.89,"B",0.019624428459002,-3.91116059437847
2005,0,0.22,20000,1,0.77,"B",0.0347963709982563,-3.32282599390472
2005,0,0.11,2700,1,0.12,"AA",0.0360807033615864,-3.28524938442086
2005,0,0.17,1000,0,0.89,"Missing",0.564257535381846,0.258459378945884
2005,0,0.22,12150,0,0,"D",0.0426185443134511,-3.11191243624207
2005,1,0.29,3000,0,0.29,"Missing",0.945050756924529,2.84482873111455
2005,0,0.17,2000,0,0.74,"B",0.0019117583160947,-6.2578182880003
2005,1,0.29,5000,1,0,"Missing",0.923306438996596,2.48814342821132
2005,0,0.19,25000,0,0.72,"A",0.0138700076398368,-4.26405939886228
2005,1,0.22,5000,0,0.55,"C",0.0784407695915019,-2.46372323863267
2005,0,0.14,7500,1,0.54,"B",0.000235828898061864,-8.35216816738659
2005,0,0.16,7000,0,0.98,"C",0.0375813625346109,-3.2429412798491
2005,0,0.09,2550,0,0.01,"AA",0.0010601908424172,-6.84824559380492
2005,0,0.15,12000,0,0.45,"AA",0.00173502872111524,-6.3549947761367
2005,0,0.13,8500,0,0.21,"AA",0.0017557097980475,-6.34312480763468
2005,0,0.19,12500,0,0.02,"AA",0.0207376137349882,-3.85485048118233
2005,0,0.1,5000,0,0.43,"A",0.00190548544435734,-6.26111117324067
2005,0,0.13,9000,0,0,"A",0.00424390250921627,-5.45801909650904
2005,1,0.29,7000,0,0,"Missing",0.973245615313521,3.59393810785692
2005,1,0.29,3500,0,0.83,"Missing",0.983004501995443,4.05766521426664
2005,0,0.2,10000,0,0.03,"D",0.00481271048459815,-5.33167051439735
2005,1,0.29,1500,1,0.94,"Missing",0.975939195948625,3.70281615665717
2005,1,0.25,1500,0,0,"Missing",0.489240050043853,-0.0430464456691622
2005,1,0.26,4500,0,0.96,"Missing",0.949176109479018,2.92722782525219
2005,0,0.18,19200,0,0,"AA",0.0571046395629601,-2.80406994528173
2005,0,0.17,5000,0,0.78,"C",0.0456300725249156,-3.04048437658488
2005,0,0.19,1000,1,0,"Missing",0.570705524622025,0.284730251686773
2005,0,0.16,15000,0,0.59,"A",0.000750404953255267,-7.19414687282614
2005,0,0.08,2750,0,0.01,"AA",0.00107796414080975,-6.83160252604154
2005,0,0.18,5600,0,0.48,"B",0.00118025690189624,-6.74084219677572
2005,0,0.25,3001,0,1.02,"D",0.0924192361667815,-2.28444741753496
2005,0,0.2,2850,0,0.7,"C",0.00464539840424364,-5.36722191803631
2005,0,0.29,20000,1,0.9,"C",0.0752995243743181,-2.50799605656442
2005,1,0.17,1000,0,0.35,"D",0.271208137916683,-0.988501617013505
2005,1,0.28,5000,0,0.56,"Missing",0.887437347423743,2.06482794598994
2005,0,0.19,3001,0,0.48,"D",0.0250300931150047,-3.6623277802154
2005,0,0.07,1000,1,0.34,"AA",0.00187561984119081,-6.27693871120288
2005,1,0.27,6000,0,0.95,"Missing",0.642280464808661,0.585275811253968
2005,0,0.23,10000,0,0,"D",0.220931810706029,-1.26024447136991
2005,0,0.23,13100,0,0.71,"D",0.0193763418173382,-3.92413592722784
2005,0,0.2,2700,1,0.87,"D",0.0399745800612391,-3.17871600958402
2005,0,0.15,4000,0,0.72,"C",0.0019604327055742,-6.23262770508634
2005,1,0.23,5000,0,0.97,"Missing",0.967631546029432,3.39766707493339
2005,0,0.29,3000,0,0.92,"Missing",0.907125358094583,2.27903000498717
2005,0,0.16,23000,1,0.13,"A",0.00185564488238946,-6.28766562912022
2005,1,0.29,3001,0,0,"Missing",0.755017993322011,1.12555681546256
2005,1,0.29,16000,1,0,"D",0.205649047226135,-1.35135430792541
2005,0,0.25,6000,0,0.11,"D",0.258689769232275,-1.05278966111488
2005,0,0.17,5000,1,0.28,"B",0.0162557593269809,-4.10291867914682
2005,0,0.11,2400,0,0.25,"B",0.000153736521338434,-8.78011657287202
2005,0,0.1,10000,0,0.15,"AA",0.00113861956921794,-6.77679938621843
2005,1,0.23,5300,0,0.45,"D",0.870635297285684,1.90658760362231
2005,0,0.17,10000,0,0.28,"B",0.000903469763127108,-7.00836403673249
2005,0,0.25,15000,0,0.45,"C",0.194960015103375,-1.41809746007801
2005,0,0.17,3000,0,0,"C",0.0272104759177946,-3.57656569913436
2005,0,0.19,6000,1,0.61,"D",0.274170352398904,-0.973565704832445
2005,0,0.21,1500,0,0.01,"C",0.0404337257315419,-3.16681715267908
2005,0,0.11,12000,0,0.02,"AA",2.30584699867279e-05,-10.67745433582
2005,0,0.09,1400,1,0.9,"D",0.0500487053511952,-2.94341407617188
2005,1,0.12,25000,1,0.22,"AA",0.00468880114767763,-5.35787851997413
2005,1,0.23,10000,1,0.64,"C",0.8423193732643,1.67558760792102
2005,1,0.27,1000,1,0.88,"Missing",0.979055443174106,3.84470947815263
2005,1,0.23,1600,0,0.74,"Missing",0.875884063860645,1.95401763732702
2005,0,0.29,25000,1,0.42,"D",0.626636441656251,0.517813902399827
2005,0,0.25,8500,0,0.78,"D",0.459281504446618,-0.16323548096844
2005,0,0.15,8500,0,0.55,"AA",0.000752454938104803,-7.19141670787709
2005,1,0.29,6000,0,0.94,"Missing",0.976484080686702,3.72628083837015
2005,0,0.14,25000,0,0.23,"B",0.000304852439459738,-8.09537780456191
2005,0,0.14,1500,1,0.25,"AA",0.000415888651218928,-7.784677023714
2005,0,0.17,2400,0,0.86,"D",0.106472794070919,-2.12728728507122
2005,0,0.18,15000,0,0.16,"B",0.000243805502670805,-8.31889593551386
2005,1,0.29,3000,0,1.34,"Missing",0.925338337471895,2.51719269964656
2005,0,0.17,9000,0,0.99,"C",0.001941748351602,-6.24222286359991
2005,1,0.24,3000,0,1.99,"Missing",0.958879711540426,3.14926399969037
2005,1,0.26,2000,1,0,"Missing",0.687786824396966,0.789792732025342
2005,0,0.26,2550,0,0.88,"Missing",0.354064025059221,-0.601222630342614
2005,1,0.29,3025,1,0,"Missing",0.473770930122981,-0.105012676900609
2005,0,0.15,1000,0,0,"D",0.0369363430716833,-3.26092353890733
2005,0,0.24,25000,0,0.89,"B",0.00629489148118181,-5.06170206267381
2005,0,0.24,1000,0,0,"D",0.154340402771418,-1.70095634062933
2005,0,0.1,7500,0,0,"AA",0.000165083484721423,-8.70889414690122
2005,1,0.29,4000,1,0.16,"Missing",0.852030709268502,1.75061781274553
2005,0,0.2,4000,0,0,"D",0.0123254890104969,-4.38368380570178
2005,0,0.22,6001,0,0.98,"C",0.0360588561041861,-3.28587774343836
2005,0,0.28,5000,0,0.81,"D",0.0835967298387408,-2.39445211649562
2005,0,0.16,3500,1,0.51,"C",0.0248784366964182,-3.66856071138566
2005,0,0.09,5000,0,0.08,"A",0.000624528058297256,-7.37788957703176
2005,0,0.29,2500,1,0.82,"Missing",0.911905714632217,2.33712893610484
2005,1,0.28,3500,0,0.93,"D",0.709013213764918,0.890596305530873
2005,0,0.2,3000,0,1,"C",0.178316523542149,-1.52779506248935
2005,1,0.28,12000,0,0,"Missing",0.65113942199938,0.624051432760513
2005,0,0.2,3500,0,0.51,"D",0.0169872766712653,-4.05815743068956
2005,0,0.23,8000,0,0.87,"D",0.0572374718387975,-2.80160563902704
2005,0,0.09,2000,0,0.06,"AA",0.00109740635137781,-6.81370773675377
2005,1,0.29,20000,0,0.04,"C",0.457278297606709,-0.171304498072547
2005,0,0.12,1800,0,0.39,"B",0.000299468026965758,-8.11320338793631
2005,0,0.1,3000,0,0.16,"AA",0.000310992828158687,-8.07542966543748
2005,0,0.15,2500,0,1.01,"D",0.0146694351439,-4.20721109646145
2005,0,0.15,2000,0,0.62,"C",0.0109723290746312,-4.50134574507729
2005,1,0.29,20000,0,0.89,"C",0.41997539414663,-0.322874402329658
2005,0,0.24,1500,0,0.99,"Missing",0.741557627683462,1.0540801382517
2005,0,0.15,3500,1,0.89,"C",0.0135051376071217,-4.29108794099619
2005,0,0.09,2550,0,0.01,"AA",0.00129548569829623,-6.64757327198204
2005,0,0.22,10000,0,0.93,"D",0.00134159592471192,-6.61255288842239
2005,0,0.29,12500,0,0.96,"D",0.35749842384151,-0.586238316641924
2005,0,0.14,1500,0,0.04,"AA",5.39146821573496e-05,-9.82805380476658
2005,1,0.29,12500,0,0.96,"D",0.470875580697383,-0.116629702131305
2005,0,0.15,12000,0,0.43,"A",0.00235242042626323,-6.04995532054297
2005,0,0.15,4000,0,0.72,"C",0.0259172712082356,-3.62658664871148
2005,0,0.17,5000,0,0.34,"D",0.00814050227989995,-4.80272957863266
2005,0,0.15,25000,0,0.44,"AA",0.000875892764636359,-7.03939061273702
2005,0,0.16,6000,1,0.55,"C",0.0407064415353399,-3.15981078836553
2005,1,0.29,7500,1,0.09,"D",0.416070299768889,-0.338926363452677
2005,1,0.17,1075,1,0.9,"Missing",0.334765326030351,-0.686710104556759
2005,0,0.12,15000,0,0.55,"A",0.00169131060575697,-6.3805588017455
2005,0,0.25,4500,0,0.87,"D",0.185031169206802,-1.48262557499828
2005,0,0.2,3000,0,1,"C",0.0076184289848783,-4.86953750304832
2005,0,0.25,8500,0,0.87,"C",0.363236404822469,-0.561344589272875
2005,0,0.13,25000,0,0.05,"AA",0.00223289208389582,-6.10222224644415
2005,1,0.29,3001,1,0,"Missing",0.914730331750797,2.37281050028501
2005,0,0.17,4000,1,0,"C",0.603372710206149,0.41953807591445
2005,0,0.15,15152,0,0.85,"B",0.00301001076222806,-5.8027970747811
2005,0,0.11,4999,0,0.28,"A",0.000747883024973184,-7.1975158131157
2005,0,0.15,2000,0,0.5,"D",0.265494703369572,-1.01760231595422
2005,0,0.2,10000,0,0.79,"C",0.0111903601689445,-4.48144912719055
2005,0,0.21,7000,0,0.78,"D",0.0424260843358754,-3.11663954490847
2005,1,0.29,16000,1,0,"D",0.502381979900989,0.00952799168464158
2005,0,0.15,3000,0,0.27,"C",0.0182130020384415,-3.98723864173535
2005,0,0.2,8000,0,0.91,"D",0.170256657033873,-1.58380938184289
2005,0,0.19,7500,0,0.98,"D",0.01435729853632,-4.22903549547864
2005,0,0.1,3000,0,0.36,"A",0.00136683245996831,-6.59389152169826
2005,1,0.25,13000,0,0.93,"D",0.0667236347291251,-2.63814213450092
2005,0,0.12,6000,0,0.33,"AA",7.9916865960973e-05,-9.43444371903595
2005,0,0.15,8000,0,0.64,"B",0.00721559867496017,-4.92426835675111
2005,0,0.15,1000,1,0.46,"D",0.121946967169256,-1.97412073877645
2005,0,0.15,17000,1,0.58,"A",0.00539429894565349,-5.21700373320352
2005,0,0.2,9000,0,0.94,"D",0.0222259844565873,-3.78401649995446
2005,0,0.17,17000,1,0.59,"B",0.00858318739584376,-4.74932970801836
2005,1,0.24,2000,1,0.93,"Missing",0.820167415608025,1.51748215341509
2005,1,0.29,6000,0,0.84,"Missing",0.86609779844803,1.86688813909523
2005,0,0.13,1200,0,0.72,"D",0.0781005723322631,-2.46843875196941
2005,1,0.28,5000,0,0.96,"Missing",0.909474727265262,2.30723814160985
2005,1,0.29,25000,0,1.31,"Missing",0.958262506914164,3.13372191639203
2005,0,0.25,9000,0,0.86,"Missing",0.49578484988653,-0.0168609998983256
2005,0,0.09,2500,0,0.04,"A",0.0317205220610818,-3.41855690743374
2005,0,0.25,2800,0,0.97,"Missing",0.813416863141088,1.47236681113054
2005,0,0.13,1200,0,0.72,"D",0.015867603831067,-4.12748090114531
2005,0,0.17,7100,0,0.95,"D",0.0198995540103521,-3.89695774238087
2005,1,0.29,3800,0,0.73,"Missing",0.8520320875234,1.75062874486517
2005,1,0.2,5000,0,0.95,"Missing",0.794085001440784,1.34972705494675
2005,0,0.25,1000,1,0.98,"C",0.00883206804800545,-4.72049478282353
2005,0,0.15,2000,0,0.98,"C",0.00739881389352316,-4.89900925539759
2005,0,0.22,5000,0,0.55,"C",0.016434777999905,-4.09178425258664
2005,0,0.2,2400,1,0,"D",0.320239781170613,-0.752670085262029
2005,0,0.18,1600,0,0.94,"D",0.283463910309074,-0.927343800854503
2005,0,0.19,9900,0,0.36,"C",0.110130184449352,-2.08941201635642
2005,0,0.16,9000,0,0.05,"B",0.00255963397947854,-5.96532809203572
2005,0,0.19,4041,0,0.91,"D",0.032992379810011,-3.37792975570669
2005,0,0.29,3500,0,1.01,"Missing",0.891067769234314,2.10169453154864
2005,1,0.29,4000,1,0.16,"Missing",0.95490920745899,3.05293819609042
2005,1,0.18,2550,1,0.99,"Missing",0.955724411533624,3.07203612429195
2005,1,0.29,25000,1,0.96,"Missing",0.979315322987204,3.85746049225191
2005,1,0.29,3000,1,0.95,"Missing",0.959921937522044,3.17602285183466
2005,0,0.17,10000,0,0.28,"B",0.0038375486939092,-5.55907654620623
2005,0,0.2,7500,1,0.52,"D",0.0693419508338903,-2.59684184149613
2005,0,0.18,4500,0,0.49,"B",0.000275558106412769,-8.19643644296168
2005,0,0.16,7000,0,0.98,"C",0.0582258997723967,-2.78343516812231
2005,0,0.29,5000,0,0.77,"Missing",0.773468020916836,1.22799820284381
2005,0,0.18,3100,0,0.98,"C",0.029417769159466,-3.49629724445484
2005,0,0.15,5500,1,0,"C",0.0217234815646504,-3.80739859350625
2005,0,0.29,20000,0,0.03,"D",0.176444774593705,-1.54062267359402
2005,0,0.15,20000,0,0.37,"A",0.000127484002749954,-8.96739217773593
2005,0,0.29,5000,1,0.42,"D",0.0258740183694865,-3.62830132641335
2005,0,0.23,7100,0,0.27,"A",0.0182048408692933,-3.98769515046031
2005,0,0.14,3500,0,0.94,"C",0.016055998119629,-4.11548649239399
2005,1,0.25,15000,0,0.79,"D",0.0357297447182918,-3.29538807585739
2005,0,0.11,6001,0,0.01,"A",0.000751744690071235,-7.19236177215248
2005,0,0.29,7000,1,0.91,"D",0.213529291448966,-1.30378145928125
2005,0,0.2,10000,0,0.45,"A",0.00144579628350277,-6.5376482054932
2005,1,0.2,3000,0,0,"D",0.276931252722128,-0.959735013510858
2005,1,0.29,10000,1,0.72,"Missing",0.897499328871509,2.16974302643461
2005,1,0.2,6500,1,1.06,"Missing",0.92673716108961,2.53761648047601
2005,0,0.18,6000,0,0.58,"C",0.0358690457854589,-3.29135244083738
2005,1,0.29,3600,1,0,"Missing",0.989702881784556,4.56554070749413
2005,1,0.29,5000,0,0.92,"Missing",0.721732274118618,0.953070565653923
2005,1,0.29,2100,1,1.14,"Missing",0.990142520679803,4.60961840415752
2005,1,0.22,9000,0,0.99,"C",0.432623536951529,-0.271155119244107
2005,0,0.2,1000,0,1,"Missing",0.690291676517035,0.801483265288413
2005,0,0.16,2000,1,0,"C",0.030226354069714,-3.46834849439787
2005,1,0.17,9000,0,0.94,"C",0.125110020879137,-1.9449046230888
2005,0,0.09,2000,0,0.06,"AA",0.000205698108176056,-8.4888952390858
2005,0,0.2,5000,0,0.7,"D",0.200710507851964,-1.38185958778204
2005,1,0.29,25000,1,0.97,"D",0.815154751864839,1.48385899635163
2005,0,0.17,1500,0,0,"Missing",0.129801205065347,-1.90271759722795
2005,0,0.24,1000,1,0.9,"D",0.113452953723001,-2.05594594744502
2005,0,0.29,12000,0,0.63,"D",0.648151740613232,0.610924835184073
2005,0,0.09,1500,0,0.29,"A",0.00125251051534044,-6.68135203399688
2005,1,0.29,25000,0,0.98,"Missing",0.428084686636631,-0.289669884875901
2005,0,0.12,6250,0,0.21,"AA",4.27342981849989e-05,-10.0604659887573
2005,0,0.29,20000,0,1.03,"C",0.324157616571761,-0.734730019843472
2005,0,0.15,10000,0,0.59,"B",0.000483494580367809,-7.63398684079908
2005,0,0.15,5000,0,0.64,"C",0.00183151902899817,-6.30077638764528
2005,1,0.23,7200,0,1.12,"Missing",0.939017339447793,2.73424437438018
2005,0,0.29,4500,0,0.97,"D",0.227142311204042,-1.22451818652344
2005,1,0.29,2500,1,1.01,"Missing",0.976143677023231,3.71156048911585
2005,0,0.17,3800,0,0.7,"C",0.021195587082971,-3.83253883650875
2005,1,0.29,4000,0,1.07,"Missing",0.659340973896564,0.660358758187505
2005,1,0.2,2000,1,0.87,"Missing",0.928455344141143,2.56320047280002
2005,0,0.09,5500,1,0.48,"A",0.00059329914379706,-7.42921835260508
2005,0,0.2,5000,0,0.87,"D",0.0713999739406951,-2.56538059927961
2005,0,0.13,10000,0,0.78,"B",0.00427894769350011,-5.44976003703382
2005,1,0.21,3500,0,1.03,"D",0.405584184980107,-0.382250639894868
2005,0,0.17,10000,0,0.62,"B",0.00272510110774049,-5.902520926842
2005,1,0.2,2000,1,0.87,"Missing",0.654887502970385,0.640593027467993
2005,0,0.23,14000,0,1.04,"D",0.0365983301661766,-3.27046781197462
2005,1,0.17,1800,0,0.96,"Missing",0.969770574888511,3.46824373133015
2005,0,0.17,6500,1,0,"D",0.082793566432308,-2.40498220703604
2005,1,0.17,9000,0,0.94,"C",0.170441303115048,-1.58250289469655
2005,1,0.29,7000,1,0,"Missing",0.982133978569827,4.00682706866327
2005,0,0.15,4000,0,0.28,"B",0.00056011789010459,-7.48680300353225
2005,1,0.22,1500,1,1,"Missing",0.939364431535406,2.74032185066216
2005,0,0.1,7500,0,0.13,"AA",0.000342534851728806,-7.97879455503626
2005,0,0.15,5000,0,0.46,"C",0.241170658990148,-1.14627209348364
2005,0,0.2,8000,0,0.91,"D",0.362122824705349,-0.566162300554738
2005,1,0.23,14000,0,1.04,"D",0.162913199036279,-1.63671023225046
2005,0,0.17,3000,0,0.53,"C",0.0257768340633141,-3.63216421648899
2005,0,0.19,10000,1,0.81,"C",0.0291103487957119,-3.50711907767234
2005,0,0.25,15000,0,0.9,"D",0.246427593294356,-1.11775689612415
2005,0,0.16,3000,1,0.96,"C",0.05555948967114,-2.83313836694007
2005,0,0.18,25000,0,0.6,"A",0.00177507213710765,-6.33213756681205
2005,1,0.28,2500,1,1.04,"Missing",0.872408150932222,1.92242088730615
2005,0,0.15,20000,0,0.75,"B",0.00699761541996106,-4.95516362870387
2005,1,0.24,1000,1,0,"Missing",0.976569537822733,3.73000898086849
2005,1,0.29,2525,0,0,"D",0.116853349025699,-2.0225715479872
2005,0,0.18,1500,0,0.1,"C",0.0206767599703379,-3.85785139889502
2005,0,0.1,2000,1,0,"B",0.037731430566629,-3.23880014075783
2005,0,0.23,6001,0,0.88,"D",0.0308776986338168,-3.44635662165424
2005,0,0.15,6010,0,0.63,"B",0.000602795100561955,-7.41333024219073
2005,1,0.28,3200,0,0.99,"Missing",0.811594644171297,1.46040521912723
2005,1,0.23,10000,1,0,"D",0.208240467388522,-1.33556422011813
2005,1,0.29,3000,0,1.51,"Missing",0.868736154785203,1.88983007655494
2005,1,0.29,4000,0,1.21,"Missing",0.724582201203016,0.967306001443481
2005,0,0.17,2550,0,0.25,"C",0.00936886225594064,-4.66095058812446
2005,1,0.25,3001,0,1.02,"D",0.798366449861768,1.37611576071057
2005,0,0.24,1000,1,0.18,"C",0.126323521288116,-1.933863899978
2005,0,0.19,1500,0,0.86,"D",0.162694106209677,-1.63831767955373
2005,0,0.29,11700,0,0.56,"Missing",0.827967923076236,1.57129346022027
2005,1,0.2,10000,1,0.89,"D",0.103667662014791,-2.15712103223978
2005,1,0.23,2600,0,0.5,"Missing",0.42354432792165,-0.308240266269893
2005,1,0.29,7000,1,0.27,"Missing",0.855284480311204,1.77666425697812
2005,0,0.16,20000,0,0.29,"AA",0.00108163820651091,-6.82819630563313
2005,0,0.29,20000,0,1.03,"C",0.468374991809629,-0.12666912935302
2005,1,0.21,5000,0,0,"C",0.157080430788622,-1.68011357107667
2005,0,0.18,9200,0,0.71,"C",0.00190578120031,-6.26095567604809
2005,0,0.29,3975,0,0.97,"Missing",0.930592829270244,2.59583164707865
2005,0,0.19,9900,0,0.36,"C",0.00656773001450998,-5.01899762141801
2005,1,0.2,2000,1,0,"D",0.512143073104301,0.0485818453844096
2005,0,0.15,25000,0,0.04,"A",0.00239622072288233,-6.03146338531426
2005,0,0.25,15000,1,1.04,"D",0.136019717217421,-1.84875009292277
2005,1,0.29,2610,0,1.39,"Missing",0.930734738742825,2.5980308159351
2005,0,0.22,4000,0,0.47,"B",0.0581422186825483,-2.78496223249443
2005,0,0.18,7500,0,0,"C",0.00463963708697268,-5.36846869620666
2005,1,0.28,9000,0,0.7,"D",0.176986637271786,-1.53689820306879
2005,1,0.29,6000,0,0.92,"Missing",0.98434298560912,4.1410553784664
2005,0,0.16,25000,0,0,"A",0.00251961128072513,-5.98112785219444
2005,0,0.17,25000,0,0.54,"A",0.00107593872122309,-6.83348525144164
2005,0,0.07,1000,0,0.07,"AA",0.000153577813867941,-8.78114959903908
2005,0,0.22,4500,1,0.68,"D",0.349747829377843,-0.620147835142259
2005,0,0.26,17850,0,0.94,"C",0.199213528127373,-1.3912170794618
2005,1,0.2,5300,0,1.26,"D",0.200264006269436,-1.38464513794677
2005,1,0.24,4500,0,1.46,"Missing",0.564380691298819,0.258960291615836
2005,0,0.18,20000,1,0.43,"B",0.0038757562742629,-5.54913118118708
2005,0,0.18,19200,0,0,"AA",0.00096157662212272,-6.94597426668179
2005,0,0.15,16000,0,0.77,"B",0.00107981630943664,-6.82988393643578
2005,0,0.18,5000,1,0,"D",0.264531997139735,-1.02254481901151
2005,1,0.29,2000,1,0,"Missing",0.975993465425569,3.70512982390724
2005,0,0.14,8000,0,0.53,"B",0.000413268753833763,-7.79099908679202
2005,1,0.17,4900,0,0.13,"D",0.161139779864664,-1.64977190341396
2005,0,0.2,25000,1,0.87,"C",0.483226839573431,-0.067117826407824
2005,0,0.1,1425,0,0,"AA",0.000407893227617372,-7.80409713838631
2005,1,0.29,10000,0,0.93,"D",0.544815692666599,0.179745150880336
2005,0,0.15,5000,0,0,"C",0.00211593110884729,-6.15614214991773
2005,0,0.27,7500,0,0.73,"C",0.0683300471656145,-2.61262902505279
2005,0,0.15,5000,1,0.42,"B",0.00175781416573781,-6.34192483214411
2005,1,0.15,2000,0,1.59,"Missing",0.84860843465994,1.72372824386372
2005,0,0.16,15000,0,0.46,"AA",0.00256813543749354,-5.96200371533407
2005,0,0.07,2550,1,0.63,"Missing",0.242604609427845,-1.13845243314827
2005,0,0.14,9900,0,0.02,"AA",0.00254853542194598,-5.96968464067908
2005,0,0.18,9999,0,0.92,"D",0.00684398851297747,-4.97751708534957
2005,0,0.15,2000,0,0.36,"D",0.132343494151666,-1.88039513467485
2005,1,0.29,5000,0,1.01,"Missing",0.906026396844155,2.26605451586574
2005,0,0.29,2550,1,1.51,"D",0.108219716208731,-2.1090562137629
2005,0,0.15,5000,0,5.95,"B",0.0069509225907347,-4.96190568856184
2005,0,0.14,3000,0,0.95,"C",0.0105539616464117,-4.54064392835598
2005,0,0.14,8000,0,0.21,"B",0.000100891100581131,-9.20136793868938
2005,0,0.19,12500,0,0.02,"AA",0.000988928570756896,-6.91789903477043
2005,0,0.15,8942,0,0,"B",0.000333632242463237,-8.00513755417026
2005,0,0.14,1000,0,0,"B",0.000630532428184669,-7.36831524009499
2005,0,0.14,2500,0,0,"C",0.0201761617419556,-3.88287100288431
2005,0,0.17,25000,1,0.02,"A",0.00377896884820074,-5.57451797085552
2005,0,0.15,3000,0,0.73,"D",0.0300583703721802,-3.47409472369242
2005,0,0.22,10001,1,0.81,"D",0.0717657070733397,-2.55987742715123
2005,1,0.28,11000,0,0.9,"Missing",0.897209473277948,2.16659616503849
2005,0,0.29,25000,0,0.38,"B",0.0044106293425191,-5.41931750678698
2005,1,0.07,2550,1,0.63,"Missing",0.583427194933876,0.336858422496141
2005,0,0.29,25000,0,0.58,"D",0.270444771142784,-0.992367168704721
2005,1,0.23,6001,1,0.85,"Missing",0.966604959130535,3.36538247788997
2005,0,0.2,1000,1,0.76,"C",0.128487563552512,-1.91439801706265
2005,0,0.09,2500,0,0.28,"AA",0.00176856777013707,-6.33581509583227
2005,1,0.29,3000,1,0.82,"Missing",0.927358031552673,2.54679688445941
2005,1,0.29,3500,0,0,"Missing",0.869813968316465,1.89931491877995
2005,1,0.29,2000,1,0.09,"Missing",0.981527038686147,3.97280144929251
2005,0,0.08,2000,0,0.06,"AA",7.67497704441774e-05,-9.47488340974093
2005,0,0.18,5000,1,0,"D",0.118669238533032,-2.005092879165
2005,0,0.24,3000,0,0,"Missing",0.76964056201693,1.20628274038373
2005,1,0.29,3001,0,0.83,"Missing",0.950144730722181,2.94749012763331
2005,0,0.29,6000,0,0.43,"D",0.626725745876614,0.518195622832544
2005,0,0.18,13000,0,0.73,"C",0.0026680163741837,-5.92374843182417
2005,0,0.2,8000,0,0.87,"D",0.134452909180843,-1.86214776181748
2005,1,0.29,4500,0,0.94,"Missing",0.993001215307439,4.95499536928499
2005,0,0.11,5000,0,0,"AA",0.00930850264532382,-4.66747493606647
2005,0,0.13,20000,0,0.79,"A",0.00157948855904374,-6.44907344388599
2005,0,0.21,10000,0,0.72,"A",0.0113566110834612,-4.46653364049493
2005,1,0.17,1000,0,0.72,"C",0.0596775339839574,-2.75726723099181
2005,1,0.17,1700,0,0.56,"Missing",0.426073439825209,-0.297889718820553
2005,0,0.26,4000,0,0.99,"Missing",0.827466135800104,1.56777465150282
2005,0,0.15,20000,0,0.37,"A",0.00127554897715999,-6.66310225953679
2005,0,0.12,10000,1,0.08,"AA",0.000156183553165864,-8.76432242378371
2005,0,0.11,10000,0,0.17,"AA",0.00290377351693438,-5.83883617745083
2005,0,0.18,15000,0,0.61,"A",0.00533930203608321,-5.22730673235487
2005,0,0.17,4900,0,0.13,"D",0.209623728152246,-1.32719497267479
2005,0,0.14,8000,0,0.44,"A",0.00268584889755653,-5.91706897576584
2005,0,0.17,4600,0,0.88,"B",0.00114035261163619,-6.77527675264052
2005,1,0.29,5000,1,0.65,"D",0.490564582452404,-0.0377461511900016
2005,0,0.22,6000,0,0.71,"C",0.100288035843834,-2.19402826813166
2005,1,0.24,4100,1,0.91,"Missing",0.956293124874212,3.08555906677146
2005,1,0.28,6500,1,0,"Missing",0.958914661094051,3.15015074328841
2005,0,0.18,6000,0,0.75,"C",0.00628973098388806,-5.06252738336449
2005,0,0.2,25000,0,0,"B",0.00425144207924452,-5.45623653568028
2005,1,0.23,5000,1,0.98,"D",0.609524892716684,0.445315567801474
2005,1,0.29,3000,0,0.91,"Missing",0.993549294113156,5.03709411274184
2005,1,0.28,3200,0,0.99,"Missing",0.781553245856483,1.27474098372585
2005,1,0.29,4500,0,0.94,"Missing",0.906933231033466,2.27675165079719
2005,0,0.14,1400,0,0.61,"C",0.0163525024181203,-4.09688665997844
2005,0,0.15,4500,0,0.96,"A",0.000665488256052759,-7.31432385729593
2005,0,0.28,1000,0,0,"Missing",0.802718518082733,1.40337256348056
2005,1,0.26,3001,1,1.01,"Missing",0.894275810981324,2.13518052833336
2005,0,0.23,8100,0,0.93,"C",0.212279267668513,-1.31124091833226
2005,0,0.15,5000,0,0.33,"B",0.00122748444084191,-6.70156013544421
2005,1,0.17,1000,1,0.71,"Missing",0.841149026599002,1.66680235744154
2005,0,0.17,9000,0,0.99,"C",0.0235085048927666,-3.72660377470434
2005,0,0.2,6001,0,0,"A",0.0213570656956276,-3.82478422022813
2005,0,0.17,1500,0,0.92,"D",0.315710938341544,-0.773553390251951
2005,0,0.15,7500,0,0.98,"C",0.00151004014534101,-6.49410786078516
2005,0,0.23,10000,1,0.72,"D",0.138346884452931,-1.82908858484739
2005,1,0.11,1000,1,0.97,"Missing",0.903935054853728,2.24173304115833
2005,1,0.25,2550,1,0.67,"Missing",0.995668702739201,5.43754747899899
2005,0,0.14,5000,0,0.84,"C",0.0120797195953898,-4.40407402670775
2005,0,0.2,3000,0,0,"D",0.450508853119759,-0.198614933866468
2005,0,0.15,5100,0,0.19,"C",0.0684743232287718,-2.61036492301229
2005,0,0.2,6500,1,1.06,"Missing",0.542612951649628,0.170866304166698
2005,0,0.13,2500,1,0.9,"C",0.067490732049299,-2.62588880481149
2005,0,0.17,2000,0,0.73,"C",0.00305161545779212,-5.78902788915921
2005,1,0.22,1500,1,1,"Missing",0.790471079975982,1.32776729860049
2005,0,0.16,3400,0,0.49,"C",0.0272619656493442,-3.57462227981337
2005,0,0.1,6000,0,0,"AA",0.000183926682532703,-8.60078940066042
2005,0,0.18,9750,0,0.92,"C",0.0220585349765548,-3.79175021576358
2005,0,0.12,4000,0,0.04,"AA",0.00102260655630661,-6.88437733415503
2005,0,0.18,8000,0,0.23,"C",0.0294301727932172,-3.49586291618713
2005,1,0.22,1500,1,1,"Missing",0.914577100664954,2.37084756642204
2005,1,0.27,5000,0,0.83,"Missing",0.873308157206953,1.93053077685101
2005,0,0.07,1000,0,0,"AA",0.000184035184276762,-8.60019954761902
2005,0,0.1,1000,0,0.2,"A",0.00297415006880456,-5.81481839031809
2005,1,0.23,5000,0,0.97,"Missing",0.954803339922963,3.05048220048559
2005,0,0.13,12500,0,0,"AA",0.00052207909329684,-7.5571692464098
2005,0,0.11,3500,1,0.18,"A",0.00281008762751509,-5.87172556861755
2005,0,0.17,1600,0,0.98,"C",0.0140214030965776,-4.25304969255834
2005,0,0.29,9740,0,0.56,"D",0.117674444161544,-2.01463923505906
2005,0,0.17,4500,0,0.89,"D",0.0193958013918767,-3.92311229133325
2005,0,0.09,5000,0,0.18,"AA",0.000611022510452836,-7.39976554822554
2005,1,0.29,5000,0,0.93,"Missing",0.650089380611459,0.619432113374669
2005,0,0.25,15000,1,1.04,"D",0.0855443644167851,-2.36929383100573
2005,0,0.1,7000,0,0.17,"AA",0.00115198729095558,-6.76511409758756
2005,0,0.22,4000,1,1,"D",0.050054259528326,-2.94329726006945
2005,1,0.29,6500,1,0.85,"D",0.673716979090015,0.725044943362725
2005,0,0.18,3002,1,0.8,"D",0.644977385588858,0.597033765065483
2005,0,0.15,2000,0,0.02,"B",0.00158897733565718,-6.4430744137045
2005,0,0.26,25000,0,0.69,"B",0.0119006010512859,-4.41919439155741
2005,1,0.29,5500,1,0.72,"C",0.707088879464521,0.881287151406625
2005,1,0.24,3000,0,0.67,"Missing",0.862177048080545,1.83349073742066
2005,0,0.24,25000,0,0.85,"B",0.00673076968530953,-4.99431225207501
2005,1,0.29,2550,0,1,"Missing",0.994794111561399,5.25274541573938
2005,1,0.28,6500,1,0,"Missing",0.988849575943468,4.48506469377095
2005,0,0.29,2100,1,1.14,"Missing",0.812803991843049,1.46833374816816
2005,0,0.13,15000,0,0.45,"A",0.000874747045308192,-7.04070067461813
2005,0,0.19,1000,0,0.87,"C",0.0391324192807357,-3.20088534519843
2005,1,0.24,2000,0,1.02,"Missing",0.976778476259757,3.73918029159772
2005,0,0.24,10000,1,0.03,"A",0.0449496305891028,-3.0562215393071
2005,0,0.07,2550,0,0.01,"AA",0.000122169844852669,-9.00997613317077
2005,0,0.23,25000,0,0,"B",0.0193160773890727,-3.92731243399634
2005,0,0.17,2500,1,0.59,"C",0.0843648699900152,-2.38446687302897
2005,1,0.23,1000,1,0,"Missing",0.825233526380712,1.55221576225067
2005,0,0.19,2100,0,0.86,"D",0.277829317348967,-0.955254554752419
2005,1,0.29,4090,1,0.58,"Missing",0.788728881156352,1.31728040631982
2005,0,0.25,4800,0,0.85,"Missing",0.634595084615776,0.55198103755986
2005,1,0.2,6500,0,0.9,"D",0.189860873297962,-1.45091443614034
2005,0,0.12,10000,0,0.58,"A",0.00812000033552907,-4.80527193639257
2005,0,0.15,2000,0,0.36,"D",0.0969921899633278,-2.23110074294832
2005,0,0.1,3000,0,0.05,"AA",0.000714185082360074,-7.24365396999041
2005,0,0.22,25000,0,0.73,"C",0.117590213445826,-2.01545074571079
2005,0,0.17,1000,0,0.72,"C",0.0112228229400386,-4.47851953760197
2005,1,0.28,2000,0,0.77,"Missing",0.981073748772794,3.9480977216962
2005,0,0.2,25000,0,0.08,"B",0.00131750705682308,-6.63069554560833
2005,0,0.29,12000,0,0.6,"B",0.00238005916415497,-6.03824703671199
2005,0,0.11,3000,0,0.89,"B",0.00190483954923875,-6.26145084400884
2005,1,0.29,3001,1,0,"Missing",0.990458579303328,4.64252565293757
2005,1,0.29,7000,1,1.02,"Missing",0.968011372921563,3.40986340026348
2005,0,0.2,15000,0,0.59,"A",0.083318115397754,-2.39809450594798
2005,1,0.29,2000,0,1.23,"Missing",0.894762685906198,2.14034059358012
2005,0,0.14,8000,0,0.74,"B",0.0014132380668908,-6.56045746855036
2005,0,0.29,2525,0,0,"D",0.360663468093557,-0.572485667547845
2005,0,0.15,9990,0,0.2,"A",0.00362885953459991,-5.61520139804786
2005,0,0.22,13000,0,0.82,"D",0.115711065247899,-2.03368759146826
2005,1,0.29,4000,0,1,"Missing",0.945009990418504,2.84404397454889
2005,0,0.08,2000,0,0.15,"AA",0.000363610047910586,-7.91906488535514
2005,0,0.11,5000,0,0.46,"A",0.000600128830817232,-7.41776589878782
2005,1,0.15,8575,0,0.9,"B",0.0158386934928093,-4.1293339115246
2005,1,0.25,3000,0,0,"Missing",0.929602626045134,2.58060125032232
2005,0,0.09,2000,0,0.85,"A",0.000200754532680356,-8.51322685197419
2005,0,0.11,1000,0,0.05,"C",0.00119623601046828,-6.72737835768199
2005,0,0.17,1275,0,0.91,"A",0.000582861600233476,-7.44697776066114
2005,0,0.09,4500,0,0.07,"AA",0.00179000683761999,-6.3237442284231
2005,0,0.13,20000,0,0.52,"A",0.00726247668138432,-4.91774539078647
2005,1,0.29,4750,1,1.19,"Missing",0.910276122925158,2.31701106350236
2005,0,0.1,4000,0,0.34,"A",0.0221750642267001,-3.7863622271875
2005,0,0.14,6001,0,0.54,"A",0.00275390359202689,-5.89197818325381
2005,0,0.23,25000,0,0.67,"D",0.0964179847604559,-2.23767413282165
2005,0,0.21,25000,0,0.07,"A",0.00435139663748604,-5.43289752780565
2005,0,0.2,1500,0,0,"D",0.0316287588623146,-3.42154873003493
2005,0,0.07,3000,0,0.06,"AA",0.00188610073099191,-6.27135580468061
2005,1,0.25,7000,0,0.96,"D",0.564871356123962,0.260956296528709
2005,1,0.26,5000,1,0,"Missing",0.943617727586962,2.81756634436349
2005,0,0.29,3000,0,0.85,"Missing",0.917752365635092,2.41219297230915
2005,1,0.11,5000,1,0,"Missing",0.561836877452352,0.248620287167443
2005,1,0.23,1500,0,0.84,"Missing",0.95162696417769,2.97923056627992
2005,0,0.2,3000,0,0,"D",0.0920529470502125,-2.28882214225058
2005,0,0.17,3000,1,0.14,"AA",0.00541151187304385,-5.213800559049
2005,1,0.22,9000,0,0.95,"D",0.46923269188796,-0.12322492056203
2005,0,0.1,4000,0,0.34,"A",0.0105913587588595,-4.53706897535096
2005,0,0.23,6001,0,0.61,"D",0.0593290103030479,-2.76349504053455
2005,0,0.15,20000,1,0.72,"B",0.00223166118260993,-6.10277489084236
2005,0,0.15,5000,0,0.85,"C",0.0281405326927582,-3.54200023144999
2005,0,0.14,2500,0,0,"C",0.0254716390473944,-3.64438798260771
2005,1,0.2,5500,1,0.47,"D",0.932472777306248,2.62530914211264
2005,0,0.17,5000,0,0.15,"B",0.000657830082345056,-7.32590584695764
2005,0,0.14,1400,0,0.61,"C",0.00263344686120269,-5.93682477677531
2005,0,0.17,6550,0,0.77,"C",0.00903799878519726,-4.69723841313622
2005,0,0.16,20000,1,0.32,"A",0.0147897453155809,-4.19892101839331
2005,1,0.29,3500,0,1.01,"Missing",0.993570758294563,5.04044868011844
2005,1,0.29,5000,0,0,"Missing",0.889218396025991,2.08278213875099
2005,0,0.24,5250,0,0.57,"Missing",0.891146069396294,2.10250145544461
2005,1,0.26,3600,0,0.53,"Missing",0.980456717891091,3.91538690053107
2005,0,0.2,2000,1,0.98,"C",0.0345852855111818,-3.32912944760167
2005,0,0.19,3900,1,0,"C",0.00357650147608481,-5.62978728525028
2005,0,0.2,6500,0,0,"C",0.219623608191627,-1.26786114760913
2005,0,0.28,3500,0,0.93,"D",0.196644578625363,-1.40739930307594
2005,1,0.29,3000,1,0.4,"Missing",0.983200457640012,4.06946137815015
2005,1,0.29,3000,1,0.59,"D",0.417749015326659,-0.332020789530039
2005,0,0.21,6250,0,0,"C",0.305868246323446,-0.819507347623261
2005,0,0.23,10000,0,0,"D",0.0635917323370696,-2.68956809758196
2005,0,0.11,5000,1,0,"A",0.0026851022083625,-5.91734777175527
2005,1,0.29,5000,1,0,"Missing",0.928439611571081,2.56296365333889
2005,0,0.2,4500,0,0.39,"D",0.133413382092577,-1.87110962313586
2005,1,0.21,10001,0,0.69,"D",0.677171620462945,0.740803892895793
2005,0,0.19,15000,1,0.94,"B",0.00213236795050035,-6.14838755822294
2005,0,0.15,10200,0,0,"C",0.0120313949810646,-4.40813143915671
2005,0,0.29,7000,0,0.7,"D",0.171851897465812,-1.57255896154324
2005,1,0.29,3999,0,0.94,"Missing",0.793322917051372,1.34507275867879
2005,0,0.15,20000,0,0.37,"A",0.0025811222459172,-5.95694653650186
2005,0,0.13,5500,0,0.34,"B",0.00407496068737205,-5.49881089364236
2005,1,0.29,2500,0,0,"Missing",0.893768068729048,2.12982157584705
2005,1,0.24,3000,0,0.91,"Missing",0.905656155330391,2.26171368414378
2005,1,0.29,2200,0,1.06,"Missing",0.768026480172262,1.19720098546578
2005,1,0.29,3000,1,0.4,"Missing",0.974095361110129,3.62708714514924
2005,1,0.29,7000,0,0.12,"D",0.44664819341951,-0.214222732106069
2005,1,0.29,2550,0,1,"Missing",0.882718733809253,2.01843158071775
2005,0,0.09,5000,0,0,"A",0.00161645096593438,-6.4259045359035
2005,1,0.29,3000,0,1.02,"Missing",0.939633908426225,2.74506279077126
2005,0,0.2,25000,1,0.87,"C",0.124854096535132,-1.94724479143136
2005,0,0.09,6500,0,0.09,"AA",0.0203957985179867,-3.87181968940809
2005,0,0.08,2500,0,0.06,"AA",0.000100060432180268,-9.20963616726383
2005,0,0.27,3500,1,1.09,"Missing",0.774311596991181,1.2328190724916
2005,0,0.23,4900,0,1,"D",0.0257079853538012,-3.63490941061173
2005,0,0.2,9000,0,0.72,"D",0.330466595586825,-0.706075476625338
2005,1,0.29,5000,0,0.97,"Missing",0.915904632151542,2.38796075951116
2005,0,0.14,25000,0,0.23,"B",0.00215290817711822,-6.13878048130098
2005,1,0.29,3000,0,1.51,"Missing",0.864069097195286,1.84950605019842
2005,0,0.29,20000,1,0.9,"C",0.143205044180882,-1.78892115325062
2005,0,0.18,10000,0,0.87,"C",0.00626307869570165,-5.06680063628925
2005,0,0.15,25000,0,0.16,"AA",0.000152262229511493,-8.78975405557894
2005,1,0.29,4000,0,0.98,"Missing",0.688748536204637,0.794275084447296
2005,0,0.22,24000,0,0.72,"B",0.00659284286490588,-5.01515596111186
2005,0,0.15,2000,0,0.5,"D",0.00095366344928943,-6.95424560880399
2005,1,0.29,4000,0,0,"Missing",0.949917356844106,2.94270048394372
2005,1,0.17,1200,0,1.36,"Missing",0.888341681392964,2.07391296370874
2005,1,0.25,3000,0,0.97,"Missing",0.971776728125228,3.5389791930958
2005,0,0.17,3000,0,0,"C",0.0594719536310814,-2.76093663511893
2005,0,0.15,1600,0,0.82,"C",0.0327408668748916,-3.38584238675897
2005,0,0.29,3000,0,0,"Missing",0.774405647703764,1.23335734377901
2005,0,0.29,5000,0,1.01,"Missing",0.912441560354932,2.34381758787133
2005,1,0.29,2550,0,1,"Missing",0.943390948013529,2.81331187422541
2005,0,0.14,1000,0,0.6,"A",0.00609389221915488,-5.09435574920239
2005,0,0.15,3500,1,0.89,"C",0.00729341657994404,-4.91346303251648
2005,0,0.29,2100,0,1,"Missing",0.820462385680016,1.51948332980569
2005,0,0.24,25000,0,0.89,"B",0.000392982881883066,-7.84135144447323
2005,0,0.24,5700,0,0.1,"A",0.00212965167310644,-6.14966492378075
2005,0,0.23,5000,0,0.37,"D",0.0591212604867144,-2.76722367062286
2005,0,0.12,25000,1,0.22,"AA",0.00190552519347378,-6.26109027327109
2005,1,0.29,3500,0,1.01,"Missing",0.950262472258376,2.94997849950863
2005,0,0.12,15000,0,0,"A",0.0287646786066259,-3.51942059127686
2005,0,0.2,6000,1,0.25,"C",0.0191955618071345,-3.93369399381132
2005,0,0.15,1500,0,0.8,"C",0.0176139171589387,-4.02129505356853
2005,0,0.07,5000,0,0.33,"AA",0.000852430217588933,-7.06656641461484
2005,1,0.29,2000,1,0,"Missing",0.998375701119243,6.42105339481659
2005,0,0.14,7000,0,0.32,"A",0.0339838741475955,-3.34729440517359
2005,0,0.18,4500,1,0.71,"C",0.00422969360547693,-5.46138705817753
2005,0,0.22,17500,0,0,"AA",0.00029024253599965,-8.14450336881589
2005,0,0.23,21000,0,0,"B",0.00276689379011761,-5.88725923468727
2005,1,0.23,1600,1,1.46,"Missing",0.967813880762155,3.40350451681122
2005,1,0.2,2000,1,0.87,"Missing",0.983425876759575,4.08319963002882
2005,1,0.15,1100,0,0,"Missing",0.908305207592957,2.29311486563643
2005,1,0.29,6000,1,0.77,"Missing",0.975057172968933,3.66590982110269
2005,1,0.29,5000,0,0.32,"Missing",0.937612488208958,2.70997161427696
2005,0,0.2,4000,1,0.98,"B",0.0154639989689545,-4.15365579001093
2005,0,0.2,4000,0,0.48,"D",0.0247733283424772,-3.67290232335236
2005,0,0.15,5100,0,0.19,"C",0.010182372850328,-4.57686263777419
2005,0,0.18,2500,0,0.84,"A",0.0340694245259683,-3.34469162299173
2005,0,0.15,9999,0,0.83,"C",0.00282430448940244,-5.86666484277435
2005,0,0.11,5000,0,0.12,"A",0.00211984907212899,-6.15428828609191
2005,1,0.15,1000,0,0,"Missing",0.799063480022325,1.3804513547794
2005,0,0.07,1000,0,0,"AA",0.000102507595057263,-9.18547115116198
2005,0,0.25,3000,1,0.93,"Missing",0.635973725572363,0.5579312029684
2005,0,0.18,15000,0,0.65,"B",0.00574981383828108,-5.15282139299209
2005,0,0.1,1500,0,0.89,"A",0.0008527374013944,-7.06620580967631
2005,0,0.13,24250,0,0,"AA",0.000211740819912712,-8.45993581555458
2005,1,0.25,3500,1,0.62,"Missing",0.970617094245485,3.49751898053211
2005,0,0.29,25000,0,0.11,"C",0.0566941974387982,-2.81171864942244
2005,1,0.27,2000,1,0,"Missing",0.966660717582631,3.36711121914592
2005,0,0.25,15000,1,0,"D",0.206917163744522,-1.34360913749122
2005,1,0.21,5000,0,0,"C",0.00705141206330355,-4.94745099878468
2005,0,0.09,6100,0,0.48,"A",0.00581727817224461,-5.14108853018593
2005,1,0.29,2600,0,0.98,"Missing",0.975210354845387,3.67222716439573
2005,0,0.15,10000,0,0.59,"B",0.00228370034948223,-6.07967187932342
2005,0,0.11,1850,0,0.86,"C",0.0145271582526506,-4.21710168784919
2005,1,0.29,9200,1,0.98,"Missing",0.941403176232821,2.7766910097187
2005,0,0.25,7500,0,0.54,"D",0.251692509769681,-1.08960583356311
2005,0,0.08,2300,0,0.18,"AA",0.00348210212090613,-5.65663093108465
2005,0,0.17,8500,1,0.21,"B",0.014072448329717,-4.24936400826617
2005,1,0.25,15000,1,1.04,"D",0.669672943166267,0.70670620369769
2005,1,0.29,3600,0,0.3,"Missing",0.840016468081362,1.65835061207583
2005,0,0.18,25000,0,0.6,"A",0.0188269779755991,-3.95345797721573
2005,1,0.29,3000,0,0,"Missing",0.913510108601254,2.35726689688248
2005,1,0.29,5000,1,0.97,"Missing",0.97870656263662,3.82783294563664
2005,0,0.1,3900,0,0.41,"AA",0.00391214755142837,-5.53974898985782
2005,1,0.29,5001,1,0.3,"D",0.717233168287889,0.930778345751145
2005,0,0.15,8942,0,0,"B",0.000270541864632331,-8.21481312559814
2005,1,0.23,1600,0,0.74,"Missing",0.590453414557209,0.365840082417125
2005,0,0.2,6000,1,0.25,"C",0.0399974708614121,-3.17811969532754
2005,0,0.22,25000,0,0.83,"A",0.0403186917154632,-3.169786083107
2005,0,0.29,12000,0,0.6,"B",0.0025840063953794,-5.95582686737053
2005,0,0.25,5000,0,0.52,"C",0.00681442918952831,-4.98187522186431
2005,0,0.12,12000,1,0,"AA",0.000205299617298357,-8.49083477735629
2005,0,0.18,4500,1,0.71,"C",0.0391035872956598,-3.20165240253496
2005,1,0.29,3800,0,0.96,"Missing",0.961064942433423,3.20614691710328
2005,1,0.29,2875,1,1,"Missing",0.966154508544965,3.35151796954374
2005,0,0.13,8000,0,0.57,"A",0.00245786589150678,-6.0060009379297
2005,1,0.29,3600,0,0.92,"Missing",0.970896083527639,3.50734669070981
2005,1,0.24,5250,0,0.57,"Missing",0.987055807086487,4.33407931606259
2005,0,0.1,7500,0,0.13,"AA",0.000106848985926658,-9.14398721217504
2005,0,0.29,20000,0,1.05,"C",0.247570822747466,-1.11161018199592
2005,0,0.17,4800,0,0.88,"C",0.0517363619000597,-2.90847170360403
2005,0,0.12,6250,0,0.21,"AA",0.000563284003826221,-7.48116316701402
2005,0,0.2,12000,0,0.26,"C",0.0569294260639855,-2.80732875815941
2005,0,0.17,10000,0,0.79,"A",0.00288306679137914,-5.84601346244192
2005,1,0.18,2500,0,0.87,"D",0.578618017491822,0.317102787676464
2005,1,0.29,5000,1,0.7,"C",0.521310488197187,0.0852936244746345
2005,1,0.24,1500,0,0,"Missing",0.97342362745162,3.60079679922237
2005,0,0.15,15000,0,0.65,"B",0.00159194195834208,-6.44120744010805
2005,0,0.21,14000,0,0.85,"C",0.0254371958541918,-3.64577645789015
2005,0,0.14,5000,1,0.39,"B",0.000763724627977385,-7.17653925194028
2005,0,0.18,9800,1,0.72,"C",0.0546810933850517,-2.85000433015705
2005,1,0.23,4400,1,0,"Missing",0.96608769339574,3.34947663482255
2005,1,0.29,2550,0,0.9,"Missing",0.992489261731244,4.88388242738289
2005,1,0.26,2200,0,0.97,"Missing",0.742616382090068,1.05961195329644
2005,0,0.17,4000,0,0.73,"B",0.000790987528325517,-7.14143705676843
2005,0,0.15,2700,0,0.51,"C",0.00503826100502989,-5.28564329928867
2005,1,0.29,4500,0,0.45,"Missing",0.945278311054968,2.84921925512582
2005,1,0.29,7000,1,0,"Missing",0.955155396614417,3.05867079079733
2005,1,0.28,11000,0,0.9,"Missing",0.778027406349794,1.25420782800328
2005,1,0.29,7000,1,0.91,"D",0.51634056445235,0.0653855429210439
2005,0,0.12,8000,1,0.91,"A",0.000696766950121559,-7.26836255468504
2005,1,0.29,7000,0,0.36,"Missing",0.990885376989391,4.6887188156097
2005,0,0.19,1500,0,0.86,"D",0.00535978299551812,-5.22345759246622
2005,0,0.21,2500,1,0.38,"A",0.00226438568215054,-6.08818482556291
2005,0,0.16,2000,0,0.89,"C",0.207854709282446,-1.33790550030338
2005,0,0.23,6001,0,0.81,"D",0.122359361930788,-1.97027490922069
2005,0,0.18,8000,0,0.35,"C",0.181046813333949,-1.50927128805239
2005,0,0.21,8000,0,0.76,"D",0.0500835380541517,-2.94268167359171
2005,0,0.23,1300,0,0.43,"D",0.0660568785492935,-2.6488993714754
2005,0,0.11,13000,0,0.82,"A",0.00363571246958532,-5.6133078468303
2005,1,0.29,2000,0,0,"Missing",0.484320942347053,-0.0627367996950765
2005,0,0.29,18000,0,0.93,"D",0.255392622845288,-1.07005501045798
2005,0,0.14,17500,0,0.79,"B",0.00564055900915322,-5.1721155762495
2005,1,0.19,3000,0,0,"D",0.613654638662736,0.462700604216054
2005,0,0.2,1000,1,0.76,"C",0.0323602277879429,-3.39792975052424
2005,1,0.18,2750,1,0,"D",0.574255844842569,0.299236428632645
2005,1,0.17,2000,1,0.97,"Missing",0.995644194928688,5.43188050515378
2005,1,0.29,4000,1,0,"Missing",0.994398159372891,5.17904246205326
2005,1,0.29,4000,0,0,"Missing",0.870554153486235,1.90586734686538
2005,1,0.23,10000,0,0.67,"D",0.0499920752422582,-2.94460582869842
2005,1,0.29,2550,0,0.95,"Missing",0.948574589829685,2.91482801446638
2005,0,0.06,9600,1,0.16,"C",0.0013071840672683,-6.63857198319743
2005,0,0.15,5000,1,0.92,"C",0.013415454823322,-4.29784163655676
2005,0,0.11,25000,0,0.23,"AA",0.000178542073248247,-8.63050772203276
2005,0,0.07,5000,0,0.05,"AA",0.00080050525337633,-7.12946663710146
2005,1,0.29,2500,0,1.21,"Missing",0.978269285658772,3.80705830811283
2005,1,0.29,6000,0,0.84,"Missing",0.972178153228479,3.5537175057154
2005,1,0.29,3001,0,0.92,"Missing",0.914412614366412,2.36874399942936
2005,0,0.13,17500,0,0.08,"AA",0.00533669479825681,-5.22779778345581
2005,1,0.29,5000,0,0.92,"Missing",0.905626757213151,2.26136966548629
2005,0,0.14,4000,0,0.18,"B",0.00181205737523546,-6.31147870668818
2005,0,0.12,6000,0,0.03,"AA",0.000797786775065276,-7.13287109020855
2005,0,0.12,4000,0,0.43,"B",0.00553730547900447,-5.19069457898734
2005,0,0.17,13000,1,0.88,"B",0.00103878853429377,-6.8686607872406
2005,0,0.2,9000,0,0.65,"A",0.0110632617020972,-4.49300050186566
2005,0,0.19,9000,0,0.76,"C",0.0382726131296249,-3.2239964503557
2005,0,0.21,14000,0,0.85,"C",0.00249763961962234,-5.98990838132663
2005,0,0.25,3500,1,0,"D",0.498607305232808,-0.00557079347560407
2005,1,0.24,3000,0,1,"Missing",0.929996457742509,2.58663493281355
2005,0,0.07,1000,1,0.99,"D",0.0546205881120232,-2.85117545765193
2005,0,0.25,10000,1,0,"A",0.0177107872108954,-4.01571187814992
2005,1,0.29,2100,0,0,"Missing",0.675109463204863,0.731386529700235
2005,0,0.22,7000,0,0.75,"C",0.0382930177223552,-3.22344223737339
2005,1,0.29,6500,0,0.89,"Missing",0.940221310566729,2.75546605087455
2005,0,0.19,3001,0,0.48,"D",0.0215204558823482,-3.81699596207711
2005,0,0.2,6001,0,0,"A",0.00864291085201709,-4.74233537131803
2005,0,0.25,9000,0,0.78,"D",0.0759916024573089,-2.49809831965141
2005,1,0.25,5100,0,1.02,"Missing",0.987287400458636,4.35236759138226
2005,0,0.15,7500,1,0,"A",0.00434846670943706,-5.43357402781749
2005,0,0.25,10700,0,0,"Missing",0.898736975099997,2.18326907799023
2005,0,0.15,25000,0,0.31,"B",0.00889411649403164,-4.71343138368452
2005,0,0.17,6001,0,0.56,"B",0.000608307057139628,-7.4042222831408
2005,1,0.21,5000,0,0,"D",0.101468241035256,-2.18101619893339
2005,0,0.1,7500,0,0.13,"AA",0.00222560714155648,-6.10549744049124
2005,0,0.13,25000,0,0.05,"AA",0.000953003975279093,-6.9549380246148
2005,0,0.15,4500,0,0.96,"A",0.00137189459532604,-6.59018974168951
2005,1,0.17,10000,1,0.95,"D",0.485630894477051,-0.0574922529044832
2005,1,0.29,4200,0,1,"Missing",0.958640591321801,3.14321629705893
2005,1,0.24,2550,1,0.93,"Missing",0.966469140191396,3.36118316557962
2005,1,0.26,25000,1,0.09,"B",0.330908696704051,-0.704078031536781
2005,0,0.17,11300,0,0.27,"C",0.0256014871472635,-3.63916992924777
2005,0,0.25,13000,0,0.93,"D",0.17367610702528,-1.559794708228
2005,1,0.23,10000,1,0.72,"D",0.48300526356559,-0.0680051422341541
2005,1,0.2,2000,0,0.84,"Missing",0.857397680268162,1.79384207336599
2005,0,0.18,2550,0,0.28,"D",0.0320382408821578,-3.40826236456261
2005,0,0.15,20000,1,0.72,"B",0.00152718124988049,-6.48280321449691
2005,0,0.13,10000,0,0.51,"A",0.000862889710635079,-7.05436041047525
2005,0,0.25,5100,0,1.02,"Missing",0.220044014859042,-1.26540989490236
2005,0,0.17,13000,1,0.88,"B",0.0030983498781954,-5.77378244686613
2005,1,0.21,4000,0,0,"D",0.550600503162225,0.203097266432095
2005,1,0.29,5500,0,1.13,"Missing",0.994014827976116,5.11246704292587
2005,0,0.22,9000,0,0.99,"C",0.00982623399288697,-4.61282470183684
2005,1,0.17,9000,0,1,"Missing",0.675015046196681,0.730956096017589
2005,0,0.19,10000,1,1.02,"C",0.0479273289279596,-2.98895548402411
2005,1,0.27,3200,0,0.98,"Missing",0.862920388121078,1.83976057102356
2005,0,0.16,3500,1,0.51,"C",0.333474432909254,-0.692512299633046
2005,0,0.21,6001,1,0,"D",0.428705546328862,-0.287134446350435
2005,0,0.15,9800,0,0.94,"B",0.000418430967115995,-7.77858011623508
2005,0,0.17,25000,0,0.89,"B",0.00276891062669569,-5.88652856054639
2005,0,0.1,3500,1,0.21,"AA",0.00195693268060249,-6.2344181404681
2005,1,0.23,2000,0,0.9,"Missing",0.628750284276097,0.526859249153073
2005,1,0.29,3000,1,0.75,"Missing",0.924613872547947,2.50675294323948
2005,0,0.12,15000,0,0.55,"A",0.00252619943777591,-5.97850990851808
2005,1,0.27,10000,0,0.45,"Missing",0.896741113615412,2.16152791200174
2005,0,0.15,1200,0,0.9,"D",0.275725511263679,-0.965764602181004
2005,0,0.17,15000,1,0.98,"B",0.00818413816207473,-4.79733955642674
2005,0,0.15,2000,0,0.54,"C",0.00481693174096793,-5.33078955133188
2005,0,0.29,5500,0,0.72,"D",0.477138757946279,-0.0915087715548457
2005,0,0.16,25000,0,0.76,"AA",0.00284039439138514,-5.8609679302781
2005,0,0.18,15000,0,0.65,"B",0.000705345081922913,-7.2561178030476
2005,0,0.09,1000,0,0.6,"A",0.000180288093715207,-8.62077416155459
2005,1,0.27,1000,0,0,"Missing",0.827439552804477,1.56758846299871
2005,0,0.12,2500,0,0,"B",0.000308855491443084,-8.08232815249164
2005,0,0.22,2500,1,0.74,"D",0.21602394391861,-1.28898922615588
2005,0,0.29,13500,0,0.78,"D",0.625576884915315,0.513287758177803
2005,0,0.17,15000,0,0.52,"B",0.00215454887420389,-6.13801704320355
2005,0,0.18,7000,0,0.33,"C",0.0903030571657417,-2.30994019868577
2005,0,0.13,5000,0,0.69,"A",0.000424154743545306,-7.76498796340008
2005,0,0.15,2500,0,1.01,"D",0.0199580194520204,-3.89396436793156
2005,0,0.16,15000,0,0.46,"AA",0.0067177419809072,-4.9962627880843
2005,0,0.23,25000,0,0.04,"AA",0.0120320553411113,-4.40807588585343
2005,0,0.07,1000,1,0.08,"AA",0.00268804322146876,-5.9162501145381
2005,0,0.15,2500,1,0.28,"B",0.00112288401621455,-6.79073137394442
2005,1,0.27,1000,1,0,"Missing",0.699821711085049,0.846449009637103
2005,0,0.15,2500,0,0.56,"C",0.0174046942741361,-4.03345738661751
2005,0,0.15,7700,0,0.38,"C",0.0284844099188024,-3.52950039891031
2005,1,0.24,3000,0,0.91,"Missing",0.590406619217928,0.365646571241192
2005,0,0.13,4000,0,0.01,"A",0.00146824469822064,-6.52221835089386
2005,1,0.29,6000,1,0.77,"Missing",0.934240579252275,2.65373104243186
2005,0,0.25,2000,0,0,"D",0.139612773429216,-1.81850986501211
2005,0,0.24,5500,0,0,"D",0.0227635250786712,-3.75956918694095
2005,0,0.15,1000,0,0.87,"C",0.0138357194721521,-4.2665693381793
2005,0,0.22,15000,0,0.94,"C",0.0222904328525302,-3.78105509348005
2005,0,0.25,9000,0,0.79,"D",0.00575033520262828,-5.15273019772718
2005,1,0.29,3900,0,0,"Missing",0.941351703416422,2.77575829379595
2005,0,0.25,15000,0,0,"C",0.0831106851190541,-2.40081348640855
2005,1,0.18,20000,0,0.53,"A",0.0918537620742083,-2.29120765090358
2005,1,0.29,3000,0,0,"Missing",0.83618696789333,1.63012650454019
2005,0,0.12,9000,0,0.12,"A",0.0117956957695663,-4.42815476239141
2005,1,0.25,9000,0,0.78,"D",0.199721481266454,-1.38803601317468
2005,0,0.18,15000,0,0.65,"B",0.00468497181835647,-5.35869939790548
2005,0,0.11,2700,1,0.12,"AA",0.000464958060353961,-7.67309828304484
2005,0,0.24,3000,0,0.56,"Missing",0.685877819029709,0.780917483897964
2005,0,0.2,8500,0,0.89,"D",0.0229013202333191,-3.75339308876577
2005,0,0.12,15000,0,0.09,"AA",0.000160682903331044,-8.73591698379656
2005,0,0.15,5500,1,0,"C",0.0175713081994116,-4.02376040693582
2005,0,0.17,4600,0,0.88,"B",0.00411275788538222,-5.48954021863031
2005,0,0.08,2000,0,0.05,"AA",0.000121709674775901,-9.01375034712245
2005,1,0.2,3200,1,0,"D",0.50084336325301,0.00337345621125662
2005,1,0.29,5000,0,0.46,"Missing",0.967111748744783,3.38119856178758
2005,0,0.1,5000,0,0.52,"AA",0.000643007957723261,-7.34871024309681
2005,0,0.09,3000,0,0.13,"A",0.000115474139706018,-9.06634847091331
2005,1,0.29,6000,0,0.98,"Missing",0.98326285353306,4.07324589514387
2005,0,0.28,6000,0,0.68,"D",0.48089764826954,-0.0764466152201193
2005,0,0.2,9000,1,0.93,"D",0.240824547880463,-1.14816426163058
2005,1,0.29,6000,0,1.12,"Missing",0.953761344395349,3.0265973273971
2005,0,0.17,7000,0,0.51,"B",0.000467874989658048,-7.66684142936646
2005,0,0.2,25000,1,0.19,"C",0.0305195597231093,-3.45839251895279
2005,0,0.29,1000,0,0,"Missing",0.869939568590674,1.90042454840819
2005,1,0.29,2500,0,0.85,"Missing",0.984314874459804,4.13923299478627
2005,1,0.25,2500,0,0.66,"D",0.122382189709435,-1.97006235248884
2005,0,0.18,6000,0,0.75,"C",0.0148347520050934,-4.19583685483943
2005,0,0.18,2275,0,1.03,"D",0.025702892297029,-3.63511276952773
2005,0,0.15,4000,0,0,"C",0.00307788789196328,-5.78042903226213
2005,1,0.26,4500,0,0.96,"Missing",0.824664256285164,1.54827367002643
2005,0,0.29,11000,0,0.98,"D",0.0631416452383471,-2.69715156215327
2005,0,0.08,2500,1,0.24,"AA",0.00072083079775323,-7.23438503467912
2005,0,0.12,17500,0,0.13,"AA",0.000377926082847544,-7.88043393197416
2005,0,0.07,3000,0,0.87,"C",0.00252208800938544,-5.98014287155366
2005,0,0.1,2000,0,0,"AA",0.000571227421150142,-7.46715175124224
2005,0,0.17,3000,0,0,"Missing",0.362820775051649,-0.563141994146501
2005,0,0.23,4000,0,0.51,"D",0.165754120091783,-1.616022692919
2005,0,0.25,25000,0,0.18,"A",0.00181375598749528,-6.31054004976782
2005,0,0.19,24000,1,0.18,"B",0.00494510453190633,-5.30439980320091
2005,0,0.17,2500,0,0.59,"C",0.0160497658548531,-4.11588105973061
2005,0,0.12,15000,0,0.55,"A",0.00280408407197585,-5.87387030450568
2005,0,0.12,6000,0,0.53,"AA",0.000877635156577907,-7.03740156939082
2005,0,0.14,2500,0,0,"C",0.0521030538156446,-2.90102222824416
2005,0,0.2,25000,1,0.87,"C",0.0641408817190791,-2.68038300953196
2005,0,0.07,1000,1,0.08,"AA",0.00261436185236626,-5.94411745949391
2005,0,0.2,19900,0,0.98,"A",0.00125134970752687,-6.68228041087513
2005,1,0.29,2550,0,0,"Missing",0.353961159223003,-0.60167243961186
2005,0,0.2,4500,0,0.39,"D",0.252148418576058,-1.08718666098586
2005,0,0.23,4400,1,0,"Missing",0.782250022922255,1.27882690138804
2005,0,0.14,5000,1,0.39,"B",0.000263211818809265,-8.24228820876564
2005,0,0.23,5000,0,0,"D",0.375721236584122,-0.507749528496514
2005,0,0.12,6000,0,0.03,"AA",0.00192039858898855,-6.25330027113795
2005,1,0.2,1500,0,0.6,"Missing",0.443143976084716,-0.228412001930686
2005,0,0.21,15500,0,0.66,"A",0.00154724201451103,-6.46973283821371
2005,0,0.15,2600,0,0.68,"C",0.00627185516230639,-5.0653914830736
2005,1,0.29,3000,1,0,"Missing",0.959896443724206,3.17536039196065
2005,1,0.27,3000,1,0.79,"D",0.152567958361226,-1.71460052379983
2005,1,0.07,2550,1,0.63,"Missing",0.111176178720762,-2.07878290085453
2005,0,0.17,2000,0,0.74,"B",6.01331805890004e-05,-9.71888864411265
2005,0,0.1,4500,0,0.15,"AA",0.00287875270726079,-5.84751526211521
2005,0,0.17,4000,1,0,"C",0.0211435282509877,-3.83505115897889
2005,0,0.08,1000,0,0.78,"A",0.002034868588984,-6.19528709586355
2005,0,0.24,15000,0,0.85,"C",0.0539821924481655,-2.86360717022533
2005,0,0.17,5000,0,0.78,"C",0.0113140345168798,-4.47033280615519
2005,1,0.29,4000,0,1.07,"Missing",0.964397537310359,3.29908878056535
2005,0,0.22,15000,0,0.95,"C",0.0173347690125399,-4.03755424950696
2005,0,0.15,7000,0,0.95,"C",0.0154830901436759,-4.15240260409301
2005,0,0.16,2000,1,0,"C",0.136409041518272,-1.84544119901526
2005,0,0.1,7000,0,0.07,"AA",0.000255668400173811,-8.27137356385835
2005,1,0.22,5400,0,0.63,"D",0.744347403184066,1.06868838644003
2005,0,0.16,8000,0,0.9,"B",0.00176158400611072,-6.33977873380057
2005,0,0.15,8500,0,0.22,"B",0.000635279194057872,-7.36081049894954
2005,0,0.22,25000,1,0.69,"AA",0.00470289885247106,-5.35486219099768
2005,1,0.27,2000,0,0,"Missing",0.792214929088499,1.33832849757061
2005,0,0.19,6001,0,0.52,"C",0.0242368081792124,-3.69534744888616
2005,0,0.09,2550,0,0.05,"A",0.000881766117168935,-7.03270155529839
2005,1,0.2,2000,0,1.03,"Missing",0.972647374490764,3.57120908496212
2005,0,0.12,10000,0,0.81,"AA",0.000216291325274837,-8.43866801615304
2005,0,0.09,3001,0,0.21,"AA",0.000329164972498264,-8.01862227755189
2005,0,0.15,3800,0,0.2,"B",0.00139228901795898,-6.5754128516246
2005,1,0.25,2800,0,0.97,"Missing",0.679520198276362,0.751567705122059
2005,1,0.29,3001,1,0,"Missing",0.957614715296383,3.11764427785447
2005,0,0.29,3000,0,0.94,"Missing",0.744059076672359,1.0671737862132
2005,0,0.25,15000,1,0.82,"D",0.104032133972342,-2.15320471660338
2005,1,0.29,1000,1,1,"Missing",0.910745343718108,2.32276973277142
2005,1,0.26,3675,0,0.85,"Missing",0.869044694283811,1.89253846855214
2005,1,0.23,3100,0,0.78,"Missing",0.926937253154646,2.54056725742291
2005,1,0.29,5300,0,0.96,"Missing",0.916767210843699,2.39921220990807
2005,0,0.23,6500,0,0.75,"D",0.129259367785462,-1.90752316210035
2005,0,0.24,7000,0,1.14,"D",0.130274870301222,-1.89853061363529
2005,0,0.2,25000,1,0.98,"B",0.00544664446654688,-5.20729402262065
2005,0,0.07,1500,1,0.91,"Missing",0.0466602705534301,-3.01707825935465
2005,0,0.08,1000,0,0.78,"A",0.000743122552561922,-7.2039061851603
2005,0,0.22,9000,0,0.95,"D",0.265728587170078,-1.01640329362682
2005,0,0.24,25000,0,0.42,"C",0.0217190097252773,-3.80760903862075
2005,0,0.19,13000,0,0.82,"C",0.0081030315755,-4.80738097917787
2005,1,0.2,3500,0,0,"Missing",0.667241917235347,0.695736926880571
2005,0,0.16,25000,0,0.63,"A",0.00193128963069332,-6.24763413980626
2005,0,0.16,25000,1,0.66,"AA",0.0096642687653701,-4.62960855630695
2005,1,0.29,3600,1,0,"Missing",0.876802995752012,1.96249759824103
2005,0,0.2,2000,0,0,"D",0.122178237494838,-1.97196262740912
2005,0,0.13,5000,0,0.69,"A",0.00552872939425199,-5.19225318642101
2005,0,0.11,10500,0,0.16,"AA",0.000740563022676669,-7.2073589822293
2005,1,0.29,3000,0,0.82,"Missing",0.883995411983259,2.03082213036732
2005,1,0.26,3000,1,0,"Missing",0.846006296402287,1.70361508628577
2005,0,0.2,15000,0,0.59,"A",0.00612896849118425,-5.08858098771441
2005,0,0.27,7500,0,0.94,"Missing",0.201943584191024,-1.3741909192429
2005,0,0.18,7000,0,0.33,"C",0.0626147485789813,-2.70609350120914
2005,0,0.07,1000,0,0.09,"AA",0.000480689446258556,-7.63980833323462
2005,0,0.29,25000,1,0.97,"D",0.462029144122766,-0.152176415853631
2005,0,0.25,2000,0,0,"D",0.454801301193915,-0.181289690286862
2005,1,0.29,5000,1,0.96,"Missing",0.989254990500898,4.52251071084191
2005,0,0.11,7000,0,0.83,"AA",0.000178880922207815,-8.62861131563238
2005,0,0.17,7000,0,0.67,"B",0.00963142065333464,-4.63304643757143
2005,0,0.2,5000,0,0.96,"C",0.00652901951509488,-5.02494807100239
2005,1,0.2,1500,0,0.74,"Missing",0.545385225576426,0.182041970170221
2005,0,0.1,5000,0,0.09,"AA",0.00515884075420318,-5.26187119125051
2005,1,0.28,3001,0,0.75,"Missing",0.940610211259205,2.76240652069396
2005,0,0.21,6001,1,0,"D",0.0463060438781745,-3.02507032937134
2005,0,0.17,10000,0,0.28,"B",0.00174991384182126,-6.34643727877411
2005,0,0.29,5500,0,0.41,"D",0.158843647324327,-1.66685718725343
2005,1,0.2,1100,0,0,"Missing",0.204677639912413,-1.35731126360563
2005,0,0.14,7000,0,0.55,"C",0.0436198835919904,-3.08764235324481
2005,1,0.23,1600,1,1.46,"Missing",0.873680957815169,1.93390448472066
2005,0,0.15,1000,1,0.46,"D",0.0708327471905459,-2.57396733322126
2005,1,0.2,1500,0,0.6,"Missing",0.888745688054904,2.07799245005709
2005,0,0.24,10000,1,0.03,"A",0.0247400214768708,-3.67428184502652
2005,1,0.26,2500,1,0.91,"Missing",0.981215996570648,3.95578698910638
2005,1,0.29,6000,0,0.92,"Missing",0.995514880476188,5.40249492629846
2005,0,0.29,20000,0,1.05,"C",0.0376610394294647,-3.24074061526483
2005,0,0.29,3300,0,0.91,"Missing",0.836616226417594,1.63326358187648
2005,0,0.18,1000,1,0.61,"D",0.235443378963789,-1.17782562993982
2005,0,0.17,17000,1,0.59,"B",0.00258508019338427,-5.95541032163438
2005,1,0.29,1750,1,0.98,"Missing",0.989357282777331,4.53217969360469
2005,0,0.18,4100,0,0.5,"C",0.154133869594567,-1.70253960090626
2005,0,0.12,3000,0,0.56,"B",0.000218641130186461,-8.42786018215615
2005,1,0.29,7000,1,0.91,"D",0.590960409521384,0.367937076602349
2005,1,0.29,5200,0,0,"Missing",0.703376458125701,0.863428451770007
2005,1,0.23,5000,0,0.97,"Missing",0.952438537688927,2.99700275954988
2005,1,0.29,2550,1,1.32,"Missing",0.935159120848284,2.66878044197264
2005,0,0.29,2550,0,0.63,"D",0.0524114922776511,-2.89479445888209
2005,0,0.15,3010,0,0.34,"AA",0.00205382843205657,-6.18599375923143
2005,1,0.29,4000,0,1,"Missing",0.602983226926439,0.417910850947651
2005,0,0.26,25000,0,0.92,"C",0.0295034466262763,-3.49330075990026
2005,1,0.28,4750,1,0.14,"Missing",0.980099180041877,3.89689283586084
2005,0,0.12,10000,0,0.12,"AA",4.01106121754108e-05,-10.1238295044685
2005,0,0.28,3500,0,1.01,"Missing",0.780133549135301,1.26644480136387
2005,0,0.17,11300,0,0.27,"C",0.0904643714618939,-2.30797808326717
2005,0,0.09,4800,0,0.12,"AA",0.000198585493040869,-8.52409224992594
2005,0,0.18,4800,0,0.89,"C",0.013510286874319,-4.29070151179357
2005,0,0.11,4000,0,0.11,"AA",0.00268986880472806,-5.91556936503196
2005,0,0.15,8942,0,0,"B",0.000148565195290532,-8.81433809430737
2005,0,0.15,5000,0,0.46,"C",0.0394251546487181,-3.19312784704845
2005,1,0.2,3000,0,0,"D",0.21337707876098,-1.30468807585442
2005,1,0.29,3000,1,0.95,"Missing",0.96062949785124,3.19457193701696
2005,0,0.13,25000,0,0.05,"AA",0.00195167483963293,-6.2371138010852
2005,0,0.18,14000,0,0.91,"C",0.135479531879226,-1.8533544084284
2005,0,0.09,3001,0,0.34,"AA",0.00059971511339492,-7.4184559315006
2005,0,0.12,9000,0,0.05,"AA",0.00227025938439082,-6.08558834743501
2005,0,0.18,2700,1,0.74,"C",0.013820153509429,-4.26771081201034
2005,0,0.18,1230,0,0,"C",0.00703895677135444,-4.94923145858233
2005,0,0.19,3000,0,0.97,"C",0.115344005673561,-2.03727984561562
2005,0,0.07,3000,1,0.09,"AA",0.000237442974542921,-8.34534559933904
2005,0,0.21,4000,0,0,"D",0.0503935060340425,-2.9361853636604
2005,0,0.11,15000,0,0.01,"AA",0.00406709393890688,-5.50075116742684
2005,1,0.29,5500,0,1.02,"Missing",0.832221329070964,1.60145275008533
2005,0,0.22,15000,0,0.04,"D",0.215247030702811,-1.29358263089573
2005,1,0.29,3950,0,0.78,"Missing",0.977001833559074,3.74907403597314
2005,0,0.12,22000,0,0.37,"AA",8.75862272632911e-05,-9.34279920534139
2005,0,0.13,25000,0,0.05,"AA",0.00458176555105344,-5.38107856963198
2005,1,0.29,5500,0,0.99,"Missing",0.960199288385441,3.18325606309245
2005,1,0.29,10000,0,0.47,"Missing",0.91167805150037,2.3342982699427
2005,1,0.11,1200,0,0.87,"Missing",0.762394722970918,1.1658536337542
2005,0,0.12,25000,0,0.01,"AA",0.000452247387598618,-7.7008288604774
2005,0,0.2,7500,0,0.74,"C",0.0153828573454749,-4.15899914794031
2005,0,0.21,13500,0,0.82,"C",0.301356447014814,-0.840846900188622
2005,0,0.2,5000,0,0.87,"Missing",0.324765059097937,-0.731958665077315
2005,0,0.22,5400,0,0.63,"D",0.0876550560850198,-2.34260885189725
2005,0,0.18,15000,0,0.65,"B",0.00237654829740262,-6.03972676243324
2005,0,0.17,12000,1,0.51,"A",0.00929187766152495,-4.66927931370953
2005,1,0.17,1075,1,0.9,"Missing",0.984859376936789,4.17511746583802
2005,0,0.15,4500,1,0,"C",0.0525395593555084,-2.8922187874025
2005,0,0.22,25000,0,0.63,"AA",0.000326555244860963,-8.0265848117359
2005,0,0.09,5000,0,0.02,"AA",0.000776569300609366,-7.15984780096689
2005,1,0.29,7000,1,1.02,"Missing",0.917693872806414,2.41141830870935
2005,0,0.17,1500,0,0.77,"Missing",0.487795577879769,-0.048827387005637
2005,1,0.25,8000,1,0.85,"D",0.58612452602438,0.347967127668624
2005,0,0.11,2400,0,0.25,"B",0.000100097881688615,-9.2092619309271
2005,0,0.16,5000,0,0.94,"B",0.00115107880422221,-6.76590394390674
2005,0,0.18,1600,0,0.94,"D",0.0432047481208102,-3.09763902126889
2005,0,0.27,3000,1,0.79,"D",0.0925071974276133,-2.28339918353825
2005,0,0.21,9800,0,0.7,"D",0.209801182371574,-1.32612425002762
2005,0,0.15,2000,0,0.98,"C",0.00463871938068624,-5.36866743475234
2005,0,0.13,20000,0,0.52,"A",0.000505922911324039,-7.5886201985116
2005,1,0.15,2500,0,0.94,"D",0.229447734339091,-1.2114322194136
2005,0,0.29,3500,0,0.98,"Missing",0.722324309029391,0.956020366057183
2005,0,0.2,12000,0,0.34,"C",0.0117822223463589,-4.42931128156417
2005,0,0.07,1000,1,0,"Missing",0.378667912137153,-0.495206102360659
2005,0,0.16,5200,0,0.86,"C",0.0123065243436209,-4.38524284611138
2005,0,0.17,11000,0,0,"C",0.000931367408953706,-6.97792491808763
2005,0,0.17,6300,0,0.41,"C",0.0234056845591562,-3.73109240810612
2005,0,0.18,15000,0,0.65,"B",0.00080663787330844,-7.12182875898375
2005,1,0.24,6001,0,0.74,"D",0.498791143003112,-0.00483543740915882
2005,0,0.14,18500,0,0.45,"A",0.000140669887653803,-8.86895395506312
2005,0,0.15,1000,1,0.73,"C",0.0229884158401673,-3.74950807891315
2005,0,0.19,6001,0,0.2,"C",0.00853925998765661,-4.75450499907078
2005,0,0.2,10000,0,0.03,"D",0.152273020584151,-1.71688352803298
2005,0,0.09,3500,0,0.67,"A",0.00215130744089205,-6.13952588479801
2005,0,0.12,3500,0,0.31,"A",0.000301294189430567,-8.10712205742279
2005,1,0.25,3000,0,0.62,"Missing",0.774207149659471,1.23222148546885
2005,0,0.2,6000,0,1,"C",0.00832470357252137,-4.78016830322534
2005,0,0.08,3001,0,0.32,"AA",0.00066275165782245,-7.31844723999391
2005,0,0.16,3500,0,0.53,"B",0.00230610810033589,-6.06988520911525
2005,1,0.29,2000,0,0,"Missing",0.930445108940232,2.59354684314848
2005,0,0.17,3800,0,0.7,"C",0.0439982875620991,-3.07860899018514
2005,0,0.27,5000,0,0.96,"Missing",0.950350993997436,2.95185301352262
2005,1,0.21,8000,0,0.76,"D",0.800208938903253,1.38760074123899
2005,0,0.18,3100,0,0.86,"D",0.0102555497000126,-4.56962778558757
2005,0,0.12,15000,0,0.55,"A",0.000236982997592519,-8.34728514843604
2005,1,0.29,1000,0,0,"Missing",0.89995181348378,2.19668928622683
2005,0,0.25,2000,0,0,"D",0.0736129374171286,-2.53247135104959
2005,0,0.18,3500,0,0.01,"C",0.0230729707952943,-3.74575012362977
2005,0,0.24,9950,0,0,"D",0.122001031472629,-1.97361591944524
2005,0,0.17,10000,0,0.84,"C",0.00750953582945563,-4.88404374775724
2005,1,0.22,10000,0,0.8,"D",0.123533417730822,-1.95938686892253
2005,1,0.28,23500,0,0.89,"D",0.160739003018,-1.65273978880478
2005,0,0.2,9000,1,0.93,"D",0.153893077541422,-1.70438767790953
2005,1,0.29,2500,1,0.87,"Missing",0.986472422386708,4.2894049821024
2005,0,0.17,10000,0,0.05,"B",0.000691160366838316,-7.27644728243377
2005,1,0.29,1500,1,1.29,"Missing",0.957372591123451,3.11169520086046
2005,0,0.16,4000,0,0.8,"C",0.00301381403664969,-5.8015305158124
2005,1,0.16,5000,0,0.89,"C",0.139547253440732,-1.8190554219631
2005,0,0.1,5000,0,0.11,"AA",0.000169364169625842,-8.68328993302987
2005,1,0.19,1100,1,1,"Missing",0.907967219321819,2.28906345057667
2005,0,0.11,3500,0,0.1,"AA",0.000106434940138106,-9.14787020960183
2005,0,0.14,2000,0,0,"C",0.0107789499809546,-4.51932265888958
2005,0,0.2,7500,1,0.38,"C",0.110057793968546,-2.09015089604201
2005,0,0.23,6001,0,0.81,"D",0.293629166859676,-0.877822725027
2005,0,0.07,5000,0,0.33,"AA",0.000279191767301166,-8.1833324435059
2005,0,0.24,10000,0,0.97,"B",0.00346411186722208,-5.66182886877533
2005,1,0.26,2550,0,0.88,"Missing",0.973599415011719,3.6076137722686
2005,0,0.15,5000,0,0.85,"C",0.0644342726221766,-2.67550572721014
2005,0,0.17,1500,0,0.77,"Missing",0.453215356153566,-0.187687608366502
2005,0,0.18,20000,1,0.43,"B",0.000939364795746558,-6.96936685405207
2005,1,0.16,2000,1,0.41,"C",0.0990935028747467,-2.2073375975652
2005,0,0.2,5000,0,0.97,"C",0.0100540636522097,-4.58967343560403
2005,1,0.29,5300,0,0.83,"Missing",0.935158984777339,2.66877819793277
2005,0,0.17,6300,0,0.41,"C",0.309615059064073,-0.801919546524977
2005,0,0.25,25000,0,0.71,"A",0.0200715355414048,-3.88817690438061
2005,0,0.28,12000,0,0.83,"D",0.398337547223106,-0.41239682393511
2005,0,0.13,9000,0,0.86,"B",0.00227535468093649,-6.0833413877888
2005,0,0.11,6100,0,0.76,"B",0.0100235647604135,-4.59274234315719
2005,0,0.15,7500,0,0.98,"C",0.00413977753845346,-5.48296485712176
2005,0,0.25,2550,0,0.53,"D",0.0854719450824025,-2.37021995083051
2005,0,0.15,14500,1,0,"A",0.000907667384944068,-7.0037244830496
2005,1,0.26,1000,1,0,"Missing",0.964962465654817,3.31566930815692
2005,0,0.24,3500,0,0,"C",0.00869942717212133,-4.73576060968597
2005,1,0.29,3600,0,0.92,"Missing",0.951973766481958,2.98679008495551
2005,1,0.29,4000,0,1,"Missing",0.982204602519513,4.01085978417173
2005,0,0.2,5000,0,0.7,"D",0.329153411260148,-0.712016542334689
2005,1,0.29,3001,0,0.92,"Missing",0.7586523947742,1.1453054549471
2005,1,0.29,6000,0,1.12,"Missing",0.834999182648134,1.62148031844988
2005,0,0.11,8000,1,0.17,"AA",0.0107173167064497,-4.52511930110033
2005,1,0.18,12000,1,0.68,"C",0.114674974970433,-2.04385301528696
2005,0,0.15,15000,1,0.72,"C",0.0452511789421799,-3.04921956750982
2005,0,0.15,9000,0,0.97,"C",0.00534434522933483,-5.22635756620778
2005,1,0.29,2000,0,1.23,"Missing",0.918002956295344,2.41551741674849
2005,0,0.18,6500,0,0.85,"C",0.0101661029562183,-4.57847820180934
2005,0,0.1,2000,0,0,"AA",0.00149349646980406,-6.50514067117026
2005,0,0.25,3001,1,0.89,"D",0.324930366423197,-0.731204944192337
2005,0,0.23,6500,0,0.71,"Missing",0.351890324840541,-0.610740383929799
2005,0,0.2,2850,0,0.7,"C",0.00736427392793907,-4.90372329398903
2005,1,0.29,6000,0,0,"Missing",0.972835126228453,3.57828988567479
2005,0,0.29,5000,0,0.75,"Missing",0.700434275192174,0.849366693890447
2005,0,0.1,4000,0,0.16,"A",0.00194444484802152,-6.24083243009994
2005,1,0.29,7100,1,1.12,"Missing",0.957804565521702,3.12233172710136
2005,0,0.2,13000,0,0.8,"D",0.0600015627279377,-2.75150760543759
2005,0,0.19,7500,0,0.98,"D",0.0311438782400571,-3.43749841898941
2005,1,0.17,1075,1,0.9,"Missing",0.84236100815408,1.67590111611902
2005,0,0.2,25000,1,0.98,"B",0.00256385533259798,-5.963676016421
2005,1,0.23,2600,0,0.5,"Missing",0.931270490019921,2.60637111668613
2005,0,0.17,15000,1,0.89,"B",0.112362444235318,-2.06683374614365
2005,0,0.28,25000,0,0.73,"C",0.0400512339152025,-3.17672043196793
2005,1,0.24,4000,0,0.89,"D",0.645568826427602,0.599617653177388
2005,0,0.21,3000,0,0.04,"C",0.0200638189573556,-3.88856930700707
2005,0,0.15,2000,0,0.36,"D",0.0693023893734829,-2.59745503960662
2005,0,0.13,5000,0,0.69,"A",0.00100485691214682,-6.90190476146151
2005,0,0.11,1200,0,0.87,"Missing",0.37451730115018,-0.512885669923923
2005,0,0.23,4900,0,1,"D",0.428373212690347,-0.288491500805842
2005,0,0.24,7100,0,0.9,"D",0.00644947250341071,-5.03728657372634
2005,0,0.26,2550,0,0.88,"Missing",0.847629815216121,1.71613101560903
2005,1,0.28,11000,0,0.9,"Missing",0.946961197607672,2.88223435203896
2005,0,0.14,1500,1,0.25,"AA",0.000968469680433002,-6.93882444235349
2005,1,0.29,1000,0,0,"Missing",0.976321828927003,3.71923870287298
2005,0,0.2,1500,0,0.53,"D",0.0459483507568586,-3.03319985361804
2005,0,0.17,2800,0,0,"C",0.00368501102899276,-5.59978994299458
2005,1,0.2,4000,0,0,"Missing",0.860715672773759,1.82124685730638
2005,0,0.13,9000,0,0,"A",0.00588200589274476,-5.12995806399884
2005,0,0.15,4000,0,0.46,"B",0.000320325330459388,-8.04585304428576
2005,0,0.18,9750,0,0.92,"C",0.00766260523635887,-4.86371113003409
2005,0,0.22,7500,0,0.92,"D",0.00593098775457242,-5.12161586485843
2005,0,0.14,1500,1,0.25,"AA",0.000527651351533496,-7.54654702082152
2005,1,0.29,8000,0,0.8,"Missing",0.918401166961757,2.42081933534513
2005,1,0.26,1000,1,0.33,"Missing",0.918099663666506,2.41680285332648
2005,0,0.08,2750,0,0.01,"AA",0.000125220030085863,-8.98531289951233
2005,0,0.24,6000,0,0,"Missing",0.96750871674633,3.39375258863806
2005,0,0.25,9900,0,0.37,"B",0.00642061327125581,-5.0418003266607
2005,0,0.29,12000,1,0.97,"D",0.125610253606169,-1.94034232265176
2005,0,0.11,1600,0,0.69,"B",0.00630813366328888,-5.05958730660951
2005,1,0.29,2000,0,0.98,"Missing",0.847193183131979,1.71275425915657
2005,0,0.2,15000,0,0.65,"B",0.00311212827168227,-5.76933147409482
2005,1,0.26,1000,1,0,"Missing",0.99549551825701,5.39816777745122
2005,0,0.09,3500,0,0.67,"A",0.000304241774441361,-8.09738357392226
2005,1,0.14,2100,0,0.92,"C",0.14592017637446,-1.76696492467617
2005,0,0.1,9990,0,0.05,"AA",0.000158200102540758,-8.75149164184177
2005,0,0.15,10000,1,0,"B",0.000588906760912666,-7.43665360726656
2005,1,0.28,3001,0,0.75,"Missing",0.984874692794631,4.1761451028332
2005,0,0.29,25000,1,0.97,"D",0.403305627417665,-0.391710388373822
2005,1,0.29,2100,0,0,"Missing",0.910271745660123,2.3169574700035
2005,0,0.08,5000,0,0.13,"AA",0.000978562331832557,-6.92844703030752
2005,1,0.29,7100,1,1.12,"Missing",0.960077589237565,3.18007626385798
2005,0,0.17,13000,1,0.88,"B",0.00228896399754038,-6.07736437892174
2005,0,0.11,5000,0,0.12,"A",0.000692393654914056,-7.27466326513639
2005,1,0.29,2500,0,1.09,"Missing",0.988583542569946,4.46121720494844
2005,0,0.12,1000,1,0.45,"D",0.0469291162380978,-3.01105098235405
2005,1,0.29,15000,0,0.98,"Missing",0.833724986995903,1.61226047379634
2005,0,0.07,2550,1,0,"A",0.0020657159818969,-6.18021053767928
2005,0,0.13,10000,0,0.28,"AA",0.000468049729130177,-7.66646784956794
2005,1,0.29,6000,0,0.92,"Missing",0.96738353104835,3.38977769293529
2005,0,0.12,25000,1,0.22,"AA",0.00292607547451947,-5.8311628174783
2005,0,0.17,1000,0,0.89,"Missing",0.664737270132629,0.684477387374651
2005,0,0.15,6500,0,0.9,"C",0.00927405493044416,-4.67121724324964
2005,0,0.07,5000,0,0.05,"AA",0.000215510408952975,-8.44228581454637
2005,1,0.22,1100,1,0,"Missing",0.833319914212571,1.60934129787609
2005,0,0.12,25000,0,0.06,"AA",0.000312762035081283,-8.06975511692739
2005,0,0.15,5500,1,0,"C",0.0605192075546233,-2.74236657930876
2005,0,0.14,2400,0,0.94,"B",0.00192300423450397,-6.25194175476681
2005,1,0.15,1000,0,0,"Missing",0.288145616305183,-0.904407408684949
2005,1,0.29,6000,1,0,"Missing",0.99097533837604,4.69872863809995
2005,0,0.17,25000,0,0.54,"A",0.000530267083952433,-7.5415993386382
2005,0,0.25,15000,0,0.45,"C",0.130485266266857,-1.89667496049563
2005,0,0.19,16000,0,0,"A",0.000357154322967436,-7.93698537425204
2005,0,0.17,7500,0,0.62,"D",0.0295495760364018,-3.49169092190055
2005,1,0.29,2550,1,0.91,"Missing",0.983969768449175,4.11711876209989
2005,0,0.13,2000,1,0.54,"A",0.00131584383590421,-6.63196040852804
2005,0,0.14,7000,0,0.32,"A",0.00022185567485609,-8.41326162047964
2005,1,0.29,7000,0,0,"Missing",0.966383319977384,3.35853819404098
2005,0,0.24,5700,0,0.1,"A",0.0200885355907186,-3.88731294142198
2005,0,0.2,9999,0,0.94,"D",0.177093270658186,-1.53616631751786
2005,0,0.21,3000,0,0.04,"C",0.000335603447934996,-7.99924464970644
2005,0,0.27,7000,0,0.71,"C",0.0755949852378605,-2.50376035511599
2005,0,0.29,12000,1,0.97,"D",0.793402865191498,1.34556043107026
2005,0,0.12,25000,1,0,"AA",0.00226701881876048,-6.08702001392141
2005,0,0.27,7500,0,0.73,"C",0.0200262871098657,-3.89047998168515
2005,0,0.08,2500,0,0.47,"AA",0.000933661651033643,-6.97546234557611
2005,0,0.16,8000,1,0.59,"C",0.24500300516671,-1.12544329243177
2005,1,0.17,9000,0,1,"Missing",0.832837694980587,1.60587355243662
2005,0,0.2,6500,0,0.9,"D",0.219106169857743,-1.27088279346698
2005,0,0.18,3002,1,0.8,"D",0.0424037406326333,-3.11718966716386
2005,0,0.15,16000,0,0.24,"C",0.0112303784614248,-4.47783889456666
2005,0,0.29,4300,1,0.95,"Missing",0.98349858537623,4.08767008746597
2005,0,0.23,5000,0,0.37,"D",0.00965806876927825,-4.63025656070536
2005,1,0.24,1750,1,0.91,"Missing",0.924949459891513,2.51157734336229
2005,1,0.19,12200,1,0,"C",0.180131874782482,-1.51545428409675
2005,0,0.14,18500,0,0.45,"A",0.000538406762070589,-7.52635766839112
2005,0,0.11,6001,0,0.01,"A",0.00178451044551294,-6.32682505700252
2005,0,0.29,5000,0,1,"D",0.0811054771910138,-2.42742084678884
2005,0,0.16,25000,0,0.78,"B",6.20556711652551e-05,-9.68741659619306
2005,0,0.1,5000,0,1.13,"A",0.00194826271547232,-6.23886705560174
2005,1,0.2,5000,0,0.87,"Missing",0.896358260672938,2.15740003961481
2005,0,0.17,11000,0,0,"C",0.113282878057588,-2.05763797973049
2005,0,0.25,16000,1,0.67,"D",0.220821529766951,-1.26088530369035
2005,0,0.21,25000,1,0.01,"B",0.000461228208636085,-7.6811562732679
2005,0,0.17,4000,1,0.76,"D",0.255313203996536,-1.07047267949218
2005,0,0.28,3500,0,1.01,"Missing",0.723278525084353,0.960782888615134
2005,1,0.25,8000,1,0.85,"D",0.497589486684101,-0.00964212796579678
2005,0,0.29,5000,0,0.77,"D",0.176992660036766,-1.53685685618801
2005,0,0.1,7500,0,0.2,"AA",1.54919821981446e-05,-11.0751724533101
2005,0,0.15,8000,0,0.84,"A",0.00223881214622118,-6.09956852360225
2005,0,0.29,2500,0,0.95,"D",0.289867106036089,-0.896029564215822
2005,0,0.11,2500,1,0,"B",0.000586029115993055,-7.44155488272842
2005,0,0.29,20000,0,0.03,"D",0.355447524722328,-0.595178610635414
2005,1,0.29,4000,1,0,"Missing",0.885969677288882,2.05021832402071
2005,0,0.18,25000,0,0,"A",0.0023826765870175,-6.03714528713425
2005,0,0.09,1000,0,0.18,"AA",0.00425968096556794,-5.45429223296413
2005,0,0.11,2700,1,0.12,"AA",0.000568323358555643,-7.47225152308178
2005,0,0.11,3500,1,0.18,"A",0.00192378356458065,-6.25153578907519
2005,1,0.2,5000,0,0.87,"Missing",0.60423054302403,0.423123956488015
2005,0,0.2,20000,1,1,"C",0.0373904488608182,-3.24823258529742
2005,0,0.29,8500,1,0.93,"B",0.0270624163802876,-3.58217401585765
2005,0,0.29,3500,0,0.88,"Missing",0.459647478689155,-0.161761898797542
2005,0,0.25,15000,0,0.9,"D",0.259593264621281,-1.04808363832897
2005,0,0.29,15000,0,0.49,"C",0.128323540581209,-1.91586358673394
2005,0,0.29,6000,1,0,"D",0.434914148042211,-0.26182901918295
2005,0,0.18,6500,0,0.85,"C",0.0346749102081108,-3.32644854855144
2005,0,0.14,18500,0,0.45,"A",0.000385933891213056,-7.85945846107175
2005,1,0.11,1200,0,0.87,"Missing",0.616866554003954,0.47626936704811
2005,0,0.13,20000,0,0.13,"AA",0.000404610418814664,-7.81218119036519
2005,0,0.15,3000,0,0.08,"AA",0.00134181764695844,-6.6123874125261
2005,1,0.29,3500,0,0.98,"Missing",0.877087006647397,1.96512946290498
2005,1,0.24,3000,0,0.85,"Missing",0.88771706268649,2.06763115735679
2005,0,0.17,6000,0,0.82,"C",0.0367837095066239,-3.26522291658488
2005,0,0.17,5000,0,0.89,"D",0.00556249385469778,-5.18613071412944
2005,0,0.29,2500,0,0.95,"D",0.132161375248354,-1.88198206553764
2005,0,0.15,10000,0,0.08,"B",0.000560587175803364,-7.48596505097301
2005,0,0.16,25000,0,0,"AA",0.0111672480682637,-4.48353999444099
2005,0,0.22,25000,0,0.73,"C",0.274839161547461,-0.970207416926943
2005,0,0.12,8000,0,0.61,"A",0.00838588736387833,-4.77278381503573
2005,1,0.29,1500,1,0.94,"Missing",0.903601708910844,2.23790020164853
2005,1,0.29,3300,0,0.91,"Missing",0.589643241526563,0.362490754669301
2005,0,0.07,2550,0,0.01,"AA",1.58273791301964e-05,-11.0537534337488
2005,1,0.23,3150,0,0.88,"Missing",0.964480831896288,3.30151746118507
2005,0,0.28,25000,0,0.73,"C",0.0758433622322847,-2.50021138847251
2005,0,0.18,20000,0,0.53,"A",0.0111073579179204,-4.48897800953901
2005,1,0.29,2500,0,0.08,"Missing",0.734647163985593,1.01832993791128
2005,0,0.11,1600,0,0.9,"B",0.000447719114278987,-7.71089667986702
2005,1,0.29,2550,1,0,"Missing",0.995470611586767,5.39262867954548
2005,0,0.11,2700,1,0.12,"AA",0.00406386896720991,-5.5015476626234
2005,0,0.18,2800,0,0.38,"C",0.0122750840949374,-4.38783270921456
2005,0,0.2,15000,0,0.84,"C",0.135742598707287,-1.85111020676371
2005,0,0.2,9000,0,1.01,"D",0.107861613789338,-2.11277221035252
2005,0,0.15,12000,0,0.61,"B",0.00142246110483369,-6.55394326139797
2005,1,0.22,6500,1,0.97,"Missing",0.965173132643501,3.32191835793549
2005,0,0.17,1600,0,0.98,"C",0.00529165947801974,-5.23631767146023
2005,0,0.14,16500,0,0.2,"AA",0.0032908753118971,-5.71330539519076
2005,0,0.11,14000,0,0.56,"AA",0.00222690200008085,-6.10491451179364
2005,0,0.2,21000,0,0.34,"AA",0.000444738557267985,-7.71757912272524
2005,0,0.28,9900,0,0.33,"D",0.0780482700857279,-2.46916538597842
2005,1,0.29,3000,0,0.94,"Missing",0.954314764971576,3.03921839836765
2005,0,0.18,3000,0,0.79,"B",0.000527488347095523,-7.54685615615422
2005,1,0.29,1200,1,1,"Missing",0.914804796760566,2.37376557339855
2005,1,0.29,1000,1,1.09,"Missing",0.912029263281638,2.3386678546071
2005,0,0.24,7500,1,0.82,"D",0.287972817430697,-0.905249996688784
2005,1,0.2,4600,0,0.91,"Missing",0.672835636242981,0.721038388249358
2005,0,0.24,3000,0,0.4,"Missing",0.13406345783842,-1.86549837511557
2005,0,0.11,8000,0,0,"A",0.000474750851477004,-7.65224555116502
2005,0,0.09,8000,0,0,"AA",8.2778273270915e-05,-9.39926214941613
2005,0,0.18,3000,0,0.79,"B",0.0129446694313635,-4.33404202072008
2005,0,0.17,9200,0,0.06,"A",0.00153027117658236,-6.48077887644918
2005,0,0.23,1800,0,0,"Missing",0.679442117036398,0.751209183197063
2005,1,0.29,3500,0,0.99,"Missing",0.95839754405359,3.13710346211158
2005,0,0.08,1000,0,0.01,"AA",0.00132758725971055,-6.62306360536205
2005,0,0.14,8000,0,0.44,"A",0.00597104103730111,-5.11484504968768
2005,1,0.25,1500,1,0,"Missing",0.751145535126487,1.10473117426931
2005,0,0.16,9000,0,0.05,"B",0.00248690690230466,-5.9942255442033
2005,0,0.17,15000,1,0.41,"B",0.015438406697647,-4.15533811303723
2005,0,0.29,18000,0,0.93,"D",0.156971575134096,-1.68093593728007
2005,0,0.16,3500,0,0,"C",0.0237129822495655,-3.71773394633451
2005,0,0.29,10000,0,0.93,"D",0.164668058304616,-1.62389750109259
2005,1,0.27,10000,1,0.79,"D",0.528190059366007,0.112879943511691
2005,0,0.24,15000,0,0.85,"C",0.0793264203211598,-2.45153431157787
2005,0,0.09,2000,1,0.01,"AA",0.000122684148368288,-9.005774713071
2005,0,0.25,14000,0,0.84,"B",0.00258539231148292,-5.9552892777301
2005,0,0.2,1000,1,0.76,"C",0.0153480671133712,-4.16129866594376
2005,1,0.29,25000,0,1.31,"Missing",0.891152099600627,2.10256362096553
2005,0,0.21,25000,1,0.01,"B",0.00147327793749862,-6.51879110697178
2005,0,0.2,1000,1,0.42,"C",0.0216414446441675,-3.81126601406552
2005,1,0.29,6500,1,0.85,"D",0.337843185476778,-0.672920568297674
2005,1,0.25,9000,0,0.86,"Missing",0.771805411457067,1.21853373706736
2005,0,0.29,6000,0,0,"Missing",0.855763076984036,1.78053631233024
2005,0,0.09,5000,0,0.01,"AA",0.00102391627338392,-6.88309607914747
2005,1,0.27,14000,1,0.65,"D",0.338766184324197,-0.668797359869039
2005,0,0.17,5000,0,0,"C",0.00836343286237818,-4.77548770410224
2005,1,0.27,1800,1,0.1,"Missing",0.998149453920346,6.29042224480151
2005,0,0.14,7500,0,0.67,"B",0.032206671577469,-3.40284493784973
2005,1,0.24,3500,0,0.8,"Missing",0.598162210710844,0.397813474580542
2005,1,0.29,1000,1,1,"Missing",0.874869387053233,1.94471650793161
2005,0,0.17,3000,0,0.91,"D",0.0559565660974566,-2.82559639118193
2005,0,0.2,5000,0,0.64,"D",0.181065157933884,-1.50914756770087
2005,0,0.2,4600,0,0.91,"Missing",0.774943520308691,1.23643875812243
2005,0,0.12,3000,0,0.98,"B",0.00030290689997194,-8.10178210770233
2005,1,0.23,3000,0,0.89,"Missing",0.948605811053519,2.91546822879691
2005,0,0.17,1000,0,1.02,"D",0.0255605963298711,-3.64081037521731
2005,0,0.13,2550,0,0.53,"B",0.00167237108493913,-6.39183907713324
2005,1,0.24,5600,0,0.62,"Missing",0.777888266844322,1.2534023402222
2005,0,0.15,15500,0,0.98,"B",0.00168844280860135,-6.38225872000502
2005,0,0.14,1000,0,0,"B",0.000220523352846697,-8.4192864124118
2005,1,0.26,2600,0,0.36,"Missing",0.876035387779605,1.95541034757363
2005,1,0.17,1700,0,0.56,"Missing",0.761707079899187,1.16206139856384
2005,0,0.09,5500,1,0.48,"A",0.00633192816013939,-5.05579842270832
2005,1,0.2,2700,1,0.8,"D",0.742314029050302,1.05803069666873
2005,0,0.17,7000,0,0.67,"B",0.000796593567762346,-7.13436905084649
2005,1,0.29,2000,0,1.26,"Missing",0.997581508695906,6.02218994070778
2005,0,0.26,25000,0,0.92,"C",0.017054183378049,-4.05415846515251
2005,0,0.15,4000,0,0,"C",0.00929197292957857,-4.66926896476927
2005,0,0.22,25000,1,0.69,"AA",0.0440207451681112,-3.0780752089499
2005,1,0.29,4669,1,0,"Missing",0.950972865968088,2.96511162943549
2005,0,0.16,2000,0,0.89,"C",0.00347764425427371,-5.65791644753384
2005,0,0.15,19500,0,0.59,"AA",0.00162273620202867,-6.42201748665475
2005,0,0.24,15000,0,1.03,"D",0.0374827866546109,-3.24567014494767
2005,0,0.15,5000,1,0.42,"B",0.0088593996039817,-4.71737740402477
2005,0,0.2,8000,0,0.84,"D",0.0266873619301272,-3.59651522671411
2005,0,0.23,15000,0,0.96,"C",0.0845368133196493,-2.38224305206499
2005,0,0.19,5000,0,0.39,"C",0.0403302056768094,-3.16948855232716
2005,0,0.15,15000,1,0.45,"A",0.00383415483191281,-5.55996472721755
2005,1,0.23,1500,1,1.11,"Missing",0.971862316792401,3.54210442767089
2005,0,0.24,10000,0,0.97,"B",0.0160721705440058,-4.11446331160758
2005,0,0.09,3001,0,0.21,"AA",0.00069711582458588,-7.26786162621018
2005,1,0.28,12000,0,0.83,"D",0.147276702669566,-1.75612195871273
2005,0,0.17,2400,0,0.86,"D",0.218158379079053,-1.27643088069583
2005,0,0.08,2300,0,0.18,"AA",0.00088093070509415,-7.03365027099967
2005,0,0.29,6000,1,0,"D",0.268382184913841,-1.00284623931623
2005,0,0.11,10500,0,0.16,"AA",0.00137843251945647,-6.58542889742056
2005,0,0.21,3000,1,0.65,"Missing",0.191833427309027,-1.43814076221903
2005,0,0.1,6000,0,0.02,"AA",0.00116669985097315,-6.75240877489304
2005,0,0.22,15000,0,0.94,"C",0.116148497299559,-2.0294195436081
2005,0,0.15,9800,0,0.94,"B",0.000429999037539456,-7.75129749604587
2005,0,0.23,8000,0,0.75,"C",0.0652048219874493,-2.66279402128154
2005,0,0.15,3800,0,0.2,"B",0.000444712426181346,-7.71763790665704
2005,0,0.26,2550,1,0.51,"Missing",0.635429531655083,0.555581336466051
2005,1,0.23,5000,0,0.39,"D",0.832157985985433,1.60099916561053
2005,0,0.21,10000,0,0.72,"A",0.00496967780398291,-5.29941820142847
2005,0,0.2,3500,0,0.8,"D",0.0595773983524664,-2.75905307058142
2005,1,0.25,7500,1,0.76,"Missing",0.959947469093031,3.17668669807009
2005,0,0.16,3500,0,0.53,"B",0.000572682106146381,-7.46460693762573
2005,1,0.27,7500,0,0.69,"Missing",0.962590069099351,3.24769143879283
2005,0,0.15,5000,0,0.53,"A",0.000630559879560348,-7.36827167675582
2005,0,0.18,1000,1,0.61,"D",0.166795354510703,-1.60851164596896
2005,0,0.09,1000,0,0.02,"AA",0.00273157671392544,-5.90014097133771
2005,0,0.09,1000,0,0.6,"A",0.00455308514041486,-5.38738674095171
2005,0,0.19,6600,0,0.27,"C",0.019682487250047,-3.90814724349724
2005,0,0.07,6500,0,0.75,"Missing",0.248273932872189,-1.10783928053852
2005,0,0.17,5000,1,0.08,"C",0.110755010826367,-2.08305212353859
2005,0,0.15,16000,0,0.77,"B",0.000486447341780255,-7.6278953353903
2005,1,0.07,2000,1,0.81,"Missing",0.720368681512769,0.946291122766226
2005,0,0.17,3000,1,0.59,"C",0.105131418810088,-2.14146569556933
2005,0,0.09,2500,0,0,"AA",0.00018863627156336,-8.57550123213019
2005,0,0.17,9000,0,0.94,"C",0.0285687497861539,-3.52645704406556
2005,1,0.29,6000,0,0,"Missing",0.90911957642965,2.30293201702596
2005,1,0.22,6001,0,0.25,"Missing",0.777167281217599,1.24923426836307
2005,1,0.28,12000,0,0,"Missing",0.894853077606627,2.141300912707
2005,0,0.14,5000,0,0.29,"B",0.00469851957480129,-5.35579821165369
2005,0,0.24,5000,0,0.67,"D",0.0426284767147979,-3.11166903528137
2005,0,0.08,1000,0,0.33,"A",0.000211596373266186,-8.46061837893787
2005,0,0.23,5000,0,0,"D",0.0411023573256052,-3.14971886008069
2005,0,0.17,5500,0,0.07,"C",0.00749457019848528,-4.88605369856757
2005,0,0.2,12000,0,0.66,"C",0.0485784954863189,-2.97477623348517
2005,0,0.16,3500,0,0.83,"C",0.030842691295409,-3.44752712872351
2005,1,0.29,20000,0,0.61,"D",0.612345292099751,0.457181310877113
2005,0,0.16,10000,0,0.11,"B",8.61951979944498e-05,-9.35880989065435
2005,0,0.22,19000,0,0.75,"C",0.0279925304482862,-3.54742578427312
2005,0,0.16,10000,0,0.11,"B",0.00385737012524669,-5.5539048134441
2005,0,0.1,1000,0,0.2,"A",0.0044214539815612,-5.41685542436491
2005,1,0.29,3001,0,0,"Missing",0.828028263719267,1.57171714936776
2005,0,0.28,6000,0,0.53,"D",0.0736175142757604,-2.53240423777318
2005,0,0.11,1550,0,0.95,"D",0.0481291856096633,-2.98454056388034
2005,1,0.2,8000,0,0.79,"C",0.103489324936728,-2.15904173378449
2005,0,0.15,12000,0,0.45,"AA",0.000230060188985779,-8.37693950537685
2005,1,0.29,3500,0,0.99,"Missing",0.530326970952573,0.121456972924296
2005,0,0.17,2500,1,0.59,"C",0.0411877664687694,-3.14755397979629
2005,0,0.13,9900,0,0.86,"B",0.000367430995037303,-7.90860752703375
2005,0,0.21,15000,0,0.24,"C",0.163609724035184,-1.63161148115841
2005,0,0.15,14500,1,0,"A",0.00148994692379349,-6.50752372327587
2005,0,0.19,6001,0,0.2,"C",0.055944107305836,-2.82583226426175
2005,0,0.15,4000,0,0.28,"B",0.00141666685546633,-6.55803078016689
2005,1,0.17,1200,0,1.36,"Missing",0.188940628453195,-1.45690842872118
2005,0,0.09,1000,0,0.6,"A",0.00100842237387511,-6.89835924422274
2005,1,0.29,2500,1,0,"Missing",0.95737868139326,3.11184444464498
2005,0,0.07,3000,0,0.87,"C",0.00311780828881009,-5.7675023167655
2005,1,0.29,6000,0,0,"Missing",0.99010043651296,4.60531572505578
2005,1,0.29,2550,0,1,"Missing",0.819449215143648,1.51262033098058
2005,0,0.1,5000,0,0.43,"A",0.000340439363840503,-7.98493303066989
2005,1,0.28,6215,1,0.91,"Missing",0.992715640691978,4.91471477013746
2005,0,0.19,3000,1,0,"D",0.086689555849558,-2.3547424358168
2005,0,0.1,3900,0,0.53,"A",0.00290133823503356,-5.8396776327979
2005,0,0.21,4000,1,0.91,"D",0.187565061647888,-1.46591005444646
2005,0,0.16,5200,0,0.86,"C",0.00697682459850332,-4.95816011786404
2005,0,0.12,17000,0,0.19,"AA",0.00400130958498193,-5.51712423895646
2005,0,0.15,3000,0,0.91,"Missing",0.661907794327553,0.671807606615111
2005,1,0.27,2000,1,0,"Missing",0.961721182017668,3.22382788917042
2005,1,0.2,5200,1,0.77,"D",0.689720382016952,0.798812387583077
2005,1,0.29,3000,0,0.91,"Missing",0.902780385738284,2.22850683475036
2005,0,0.23,5000,0,0,"D",0.446429209283002,-0.215108798570212
2005,0,0.29,8500,1,0,"B",0.0010072256615628,-6.89954786418417
2005,0,0.29,3000,0,0.94,"Missing",0.49124549914564,-0.0350215825088478
2005,0,0.16,10000,1,0.83,"C",0.0975909718035471,-2.22428289821644
2005,0,0.23,5000,0,0.97,"Missing",0.841865063391476,1.67217104642555
2005,0,0.2,7500,0,0.36,"C",0.174560705200279,-1.55364316121353
2005,0,0.24,1000,1,0.18,"C",0.0376929629414579,-3.23986014743164
2005,0,0.09,6001,0,0.26,"AA",0.00022926162473133,-8.3804174525429
2005,0,0.1,2000,0,0.29,"A",0.000390443992298583,-7.84783550434739
2005,0,0.12,6000,0,0.33,"AA",0.000107160992798453,-9.14107108195929
2005,0,0.29,20000,1,0.99,"Missing",0.967050275064719,3.37926757189087
2005,0,0.2,1500,0,0.41,"Missing",0.847240968207895,1.71312342606499
2005,0,0.11,6001,0,0.28,"A",0.00303721550303107,-5.79377229905307
2005,1,0.24,1025,1,0.59,"Missing",0.922699019846735,2.47959645694337
2005,0,0.29,3500,0,0.83,"Missing",0.329850305233331,-0.708862181415676
2005,0,0.15,2700,0,0.51,"C",0.00310359778732846,-5.77208483994668
2005,0,0.26,12000,0,0.59,"D",0.280482530765863,-0.942069361604998
2005,0,0.22,8500,0,0.93,"D",0.0608206809129187,-2.73707655139058
2005,1,0.19,3000,1,0.77,"D",0.309675274522811,-0.801637856592929
2005,0,0.28,25000,1,0.75,"C",0.0528906731533167,-2.88518751956033
2005,1,0.2,9000,1,0.93,"D",0.257729693873079,-1.05780213326415
2005,1,0.17,3500,0,0.98,"Missing",0.963256836760297,3.26636790701954
2005,0,0.21,5000,0,0,"D",0.12133867649334,-1.9798139109174
2005,0,0.17,10000,0,0.85,"C",0.0409440781265532,-3.15374219832969
2005,1,0.2,6001,0,0.77,"C",0.157049832246725,-1.68034468543711
2005,0,0.1,2000,1,0,"B",0.00109892048381206,-6.81232743465786
2005,0,0.17,5233,0,0.38,"B",9.15642893702545e-05,-9.29837764785192
2005,1,0.24,4000,0,1,"Missing",0.371171609041437,-0.527193877387642
2005,0,0.15,2890,1,0,"D",0.0256091437162451,-3.63886304883733
2005,0,0.23,5000,0,0.78,"D",0.412186273496814,-0.354934738736391
2005,0,0.17,6500,1,0.33,"C",0.220614947210235,-1.26208635328179
2005,1,0.29,2100,0,1,"Missing",0.84771473638148,1.71678868710856
2005,1,0.25,15000,0,0.65,"D",0.285478170996212,-0.917447981027572
2005,0,0.24,6001,0,0.74,"D",0.0120733743993739,-4.40460586423845
2005,1,0.29,4000,1,0.98,"Missing",0.958452243087682,3.13847620202865
2005,0,0.24,4500,0,0.6,"D",0.454146423522463,-0.183931100014713
2005,1,0.29,5000,0,0.89,"Missing",0.99077771362784,4.67686721759806
2005,0,0.17,9200,0,0.06,"A",0.117449305176566,-2.01680943653762
2005,0,0.2,8000,0,0.87,"D",0.144810341506933,-1.77589837048847
2005,0,0.21,5000,0,0.77,"C",0.0225943599417172,-3.7672014402584
2005,1,0.29,4000,1,0,"Missing",0.981906120838609,3.99392199062262
2005,0,0.1,6000,0,0.02,"AA",0.000724304069630967,-7.22957470156517
2005,1,0.26,3000,1,0,"Missing",0.967075681138633,3.38006519640288
2005,0,0.15,8500,0,0,"B",0.00234932749336276,-6.05127407332544
2005,0,0.19,5500,0,0.29,"B",0.00771987467105396,-4.85620732224061
2005,0,0.15,3800,0,0.2,"B",0.000293612909564644,-8.13295463626146
2005,0,0.17,6500,0,0.81,"C",0.204324105041299,-1.35948445247382
2005,0,0.09,1500,0,0.29,"A",0.00586289929276201,-5.13323088432963
2005,1,0.29,6000,1,0,"Missing",0.85506231979238,1.7748704965645
2005,0,0.2,15000,0,1.03,"D",0.0280070282430001,-3.54689308637525
2005,0,0.15,15000,0,0.65,"B",0.000204388321426279,-8.49528442793474
2005,0,0.11,1000,0,0.98,"D",0.0455915648069094,-3.04136899185599
2005,1,0.21,3000,1,0.65,"Missing",0.909023647184504,2.30177149476628
2005,1,0.15,3200,0,0.7,"C",0.0609580731777272,-2.73467382581248
2005,0,0.29,5000,0,0.75,"Missing",0.845198847097047,1.69743051286025
2005,0,0.18,8000,0,0.33,"C",0.015586046626021,-4.14567042596346
2005,1,0.24,3000,0,0.4,"Missing",0.815391982125665,1.48543420238257
2005,1,0.29,2975,0,0.96,"Missing",0.882682950050032,2.01808597769669
2005,0,0.23,21000,0,0,"B",0.00521712442347299,-5.25057812446825
2005,1,0.2,5000,0,0.08,"D",0.243269224869867,-1.13483879173609
2005,0,0.21,13500,0,0.84,"D",0.149956793194569,-1.7349399724946
2005,0,0.2,13000,0,1.01,"B",0.0111987369696931,-4.48069236266023
2005,0,0.15,14000,0,0.69,"B",0.000935553672758446,-6.97343604898088
2005,1,0.29,1500,0,0.51,"Missing",0.852564295809878,1.75485644966814
2005,0,0.18,2500,0,0.87,"D",0.267234275563241,-1.0087003286003
2005,0,0.24,15000,0,0.86,"B",0.00162246552241952,-6.4221845761312
2005,1,0.25,3000,0,0.62,"Missing",0.911337052147127,2.33007073151201
2005,0,0.11,1850,0,0.86,"C",0.00385331193621118,-5.55496150223853
2005,0,0.25,15000,1,0,"D",0.227853766314587,-1.22046990658724
2005,0,0.11,20000,0,0.01,"AA",0.000976682241289169,-6.93037203852979
2005,1,0.28,2000,1,0.97,"Missing",0.972193355376956,3.55427970260795
2005,1,0.2,1500,0,0.74,"Missing",0.937985421989963,2.71636492069622
2005,1,0.29,6500,1,0.85,"D",0.910219223146521,2.31631458888157
2005,0,0.1,2000,0,0,"A",0.0012108085970612,-6.71525533830905
2005,0,0.2,5300,0,1.26,"D",0.0648912636689394,-2.66794981560803
2005,0,0.29,2800,0,0.99,"C",0.0382889946010141,-3.2235514876829
2005,0,0.2,24900,0,0.87,"C",0.102391759206709,-2.17092748277572
2005,1,0.15,1100,0,0,"Missing",0.777958609412738,1.25380951291367
2005,0,0.1,3000,0,0,"A",0.000634770702170464,-7.36161175097327
2005,0,0.2,11000,0,0.44,"C",0.0267865109006132,-3.59270503517329
2005,0,0.17,8000,0,0.8,"C",0.00708300046373142,-4.9429494627465
2005,0,0.29,2501,1,0,"Missing",0.864031635055031,1.84918713480156
2005,0,0.07,1000,1,0.99,"D",0.019250415495524,-3.93078451675485
2005,1,0.29,2550,1,0.91,"Missing",0.838277707454345,1.64546881803687
2005,0,0.11,3500,0,0,"D",0.179322829583598,-1.52094211835641
2005,0,0.15,13000,0,0.26,"AA",0.0022403373281718,-6.09888598088101
2005,0,0.23,3500,1,0.96,"C",0.0550562846452014,-2.84276934610388
2005,0,0.16,9800,0,0,"C",0.00698409708783177,-4.95711095902852
2005,0,0.19,15000,1,0.94,"B",0.0703596280233971,-2.58117818146849
2005,1,0.25,10700,0,0,"Missing",0.711282243922569,0.90161973023832
2005,0,0.29,12000,0,0.6,"B",0.0632469971723746,-2.69537199230421
2005,0,0.2,25000,1,0.98,"B",0.00022191480158928,-8.41299508694963
2005,0,0.15,2000,0,0.54,"C",0.00955822319422937,-4.64074923134598
2005,1,0.29,7000,1,0.64,"Missing",0.974975658832141,3.6625635074898
2005,0,0.22,5000,0,0.93,"D",0.0400580196535624,-3.17654395098979
2005,0,0.17,3800,0,1.1,"D",0.0457154173018796,-3.03852633176858
2005,0,0.11,1850,0,0.86,"C",0.0849204277066997,-2.37729635234311
2005,0,0.1,15000,0,0.21,"AA",0.000621365725131549,-7.38296916117044
2005,1,0.24,4500,1,0.71,"D",0.256313357132502,-1.06521901993241
2005,0,0.16,10000,0,0.35,"AA",0.00148101227920244,-6.51354734251267
2005,0,0.17,1275,0,0.91,"A",0.0188484578245969,-3.95229582734958
2005,1,0.2,9900,0,0.96,"D",0.338697958464443,-0.669101949588132
2005,0,0.29,25000,0,0.61,"A",0.0226116215554948,-3.76642009226213
2005,0,0.14,1000,0,0.6,"A",0.023018778481589,-3.74815709277198
2005,0,0.18,14000,0,0.91,"C",0.0425146656717704,-3.11446131327331
2005,0,0.23,16000,1,0,"A",0.00211965354792687,-6.15438072124901
2005,1,0.29,20000,1,0.99,"Missing",0.93684819671468,2.69697985522797
2005,1,0.23,3500,0,0.92,"Missing",0.641947087864107,0.583825107894547
2005,0,0.29,7500,0,0.35,"Missing",0.392084170895666,-0.438559894995791
2005,0,0.15,19300,0,0.39,"A",0.00181021805908826,-6.31249610784271
2005,0,0.16,3400,0,0.49,"C",0.0517831516275534,-2.90751838090405
2005,0,0.18,5000,0,0,"B",0.000524418933650944,-7.55269514487685
2005,0,0.18,9999,0,0.92,"D",0.0319382384189441,-3.41149190008109
2005,0,0.14,1000,0,0,"B",0.000271858585750979,-8.2099566366472
2005,0,0.07,2550,1,0,"A",0.00114344426331665,-6.77256618937536
2005,0,0.18,9999,0,0.97,"C",0.00473937193099612,-5.34710001769838
2005,1,0.29,2000,0,0.98,"Missing",0.992401764650224,4.87221200046751
2005,0,0.15,4000,0,0,"C",0.0216782189360335,-3.80953061461281
2005,0,0.12,8000,0,0.72,"B",0.000188257415733165,-8.57751202391691
2005,0,0.24,10000,0,0.57,"D",0.0416058066477211,-3.13701942824929
2005,0,0.13,4000,0,0.01,"A",0.00800315569867842,-4.81988399989713
2005,0,0.11,5000,0,0,"AA",0.000557958854393803,-7.49066722137587
2005,0,0.17,25000,0,0.89,"B",0.00259960487905713,-5.9497928253774
2005,1,0.23,8800,1,0.61,"C",0.631774768096364,0.539838156870927
2005,1,0.17,1000,1,0.59,"D",0.235267377471026,-1.17880361585909
2005,0,0.17,9500,0,0.37,"C",0.0569545531305321,-2.8068608390836
2005,0,0.15,3200,0,0.7,"C",0.0164568202080344,-4.09042154747709
2005,0,0.19,25000,0,0.85,"A",0.000676049166681368,-7.298568474998
2005,0,0.11,1550,0,0.95,"D",0.0313770456556667,-3.4297988326577
2005,1,0.09,9000,0,0.99,"Missing",0.710870115392893,0.899613719486838
2005,0,0.21,10000,0,1.01,"D",0.702342960737483,0.858479884001889
2005,0,0.14,4000,0,0.18,"B",0.00955208317262965,-4.64139801808304
2005,0,0.16,25000,0,0.85,"A",0.00015298664609576,-8.78500692245112
2005,1,0.29,4000,1,1.14,"Missing",0.953289085691894,3.01594035199572
2005,0,0.29,1300,0,0.55,"Missing",0.760890670471771,1.15756878887216
2005,0,0.17,5000,0,0.15,"B",0.00163536167114355,-6.41425459316818
2005,0,0.24,2500,1,0.96,"D",0.684206316961218,0.773170406546984
2005,1,0.29,3600,0,0.3,"Missing",0.942256607838126,2.79226872353579
2005,0,0.07,1000,1,0.34,"AA",0.00115842256097129,-6.75953696649486
2005,0,0.17,1500,0,0.77,"Missing",0.238899051588666,-1.15872491696407
2005,0,0.26,2000,1,0,"Missing",0.943265263354269,2.81096087797578
2005,0,0.19,7000,0,0.62,"C",0.0260205630962784,-3.62250307765866
2005,0,0.11,1000,1,0.97,"C",0.414453907805372,-0.345583133843449
2005,0,0.19,13000,1,0.89,"C",0.216542427271849,-1.2859304122104
2005,1,0.29,2550,0,1.7,"Missing",0.901807515154049,2.21747141608813
2005,1,0.2,3000,1,0.07,"D",0.747022954359189,1.08279715746888
2005,0,0.25,2550,0,0.53,"D",0.0976013386694097,-2.22416518808803
2005,0,0.17,6500,1,0.33,"C",0.0849552713247053,-2.3768480496001
2005,0,0.29,5000,0,0,"Missing",0.82857054625091,1.57553014903181
2005,0,0.29,20000,0,1.03,"C",0.545884230541233,0.184054756944648
2005,0,0.14,24000,0,0.54,"A",0.100533860042764,-2.19130682289532
2005,1,0.26,1000,1,0,"Missing",0.947060275564825,2.88420874856388
2005,1,0.29,2550,1,1.51,"D",0.751947296012688,1.10902499673974
2005,0,0.2,3200,1,0,"D",0.57045403401288,0.283703836863475
2005,0,0.11,18800,0,0.63,"AA",0.00228876118012304,-6.07745319277393
2005,0,0.2,9000,0,0.65,"A",0.000968883511069251,-6.9383968157327
2005,0,0.18,7000,0,0.54,"B",0.00422179520876462,-5.4632641043244
2005,0,0.11,13000,1,0,"AA",0.00113211112539167,-6.78253838426484
2005,0,0.2,4100,1,0.8,"D",0.324076795652881,-0.735098955226172
2005,0,0.2,5000,0,0,"D",0.0947991733391877,-2.25639613782231
2005,0,0.19,18000,0,0.76,"C",0.138155756264232,-1.83069284534406
2005,0,0.12,4000,0,0.43,"B",0.000276823278776278,-8.19185437653024
2005,1,0.24,3200,1,0.73,"Missing",0.88687597719972,2.05922038600654
2005,1,0.23,6500,0,0.71,"Missing",0.985612050185931,4.22687178116187
2005,0,0.2,7500,0,0.38,"C",0.0175591043472504,-4.02446760321318
2005,1,0.29,6000,0,0.94,"Missing",0.891899093770645,2.11028789474524
2005,0,0.25,15000,0,0.65,"D",0.0565592541840195,-2.814244725088
2005,0,0.14,2400,1,0.22,"B",0.00488444017948721,-5.31680419191052
2005,1,0.22,5000,0,0.86,"Missing",0.88806125398644,2.07108890923591
2005,0,0.25,3001,0,1.02,"D",0.149036254668964,-1.74217992896075
2005,0,0.24,10000,0,0.57,"D",0.157389375665149,-1.6777821237009
2005,0,0.22,3000,0,0.3,"Missing",0.840635957610044,1.66296753786299
2005,0,0.13,2000,1,0.54,"A",0.000665788559932712,-7.31387240511351
2005,0,0.23,15000,0,0.96,"C",0.185712193514355,-1.47811574549344
2005,1,0.23,3500,1,0.95,"D",0.805490697113966,1.42097166168065
2005,0,0.17,5500,0,0.91,"C",0.0107719110367528,-4.51998301471426
2005,0,0.24,25000,0,0.89,"B",0.00581097893349405,-5.14217830281107
2005,0,0.16,24000,1,0.35,"A",0.00103613254785539,-6.87122353167911
2005,0,0.2,10000,0,0.03,"D",0.222676809722517,-1.25013477371195
2005,0,0.21,10000,0,0.21,"D",0.155119984009759,-1.69499571651291
2005,0,0.11,3500,0,0.1,"AA",0.0053130056564917,-5.23227039699973
2005,0,0.17,4000,0,0.73,"B",0.000847162642009601,-7.07277033879606
2005,0,0.17,3800,0,0.7,"C",0.00151754297875899,-6.48914401773661
2005,0,0.25,8000,1,0.85,"D",0.149735833887182,-1.73667445075856
2005,0,0.19,21200,1,0.47,"B",0.0180355720313423,-3.99720905193593
2005,1,0.24,2000,0,0,"Missing",0.944273610195275,2.82996214608047
2005,0,0.18,15000,0,0.26,"B",0.0273433605022092,-3.57155739244893
2005,1,0.2,2500,0,0,"Missing",0.764993856679437,1.1802561477178
2005,0,0.22,6001,0,0,"D",0.0121625068078171,-4.39716019639448
2005,0,0.13,9000,0,0.86,"B",0.000526517303674202,-7.54869970548965
2005,0,0.17,2500,1,0.59,"C",0.0320062236399437,-3.40929528523832
2005,1,0.27,10000,1,0.79,"D",0.40102209844631,-0.401208171070938
2005,0,0.14,8000,0,0.21,"B",6.53471355506443e-05,-9.63573160201479
2005,0,0.15,9990,0,0.2,"A",8.33087446915296e-05,-9.39287372379658
2005,0,0.16,15000,0,0.46,"AA",0.00309296217855485,-5.77552825816007
2005,1,0.25,5500,0,0.49,"Missing",0.954698333029442,3.04805157865605
2005,0,0.18,2500,0,0,"C",0.00544936331675978,-5.20679223448507
2005,0,0.21,7500,0,0.68,"C",0.00437149647307191,-5.42826880674228
2005,0,0.19,6000,0,0.49,"C",0.0125893609946982,-4.36223390875413
2005,0,0.1,5000,0,1.13,"A",0.00176903675974892,-6.33554948070745
2005,0,0.2,8000,0,0.92,"D",0.456490159200515,-0.174480670004971
2005,0,0.13,2600,1,0.1,"C",0.0510238682098789,-2.92309012002772
2005,1,0.25,7000,0,0.14,"D",0.373483646352262,-0.517300658436649
2005,1,0.29,5000,1,0,"Missing",0.919016524106894,2.42905897018219
2005,0,0.11,7000,0,0.83,"AA",0.0015477547068879,-6.46940102073661
2005,1,0.28,8423,0,0.92,"Missing",0.984565295208265,4.15558168722669
2005,0,0.2,4000,1,0.98,"B",0.0101636857656202,-4.5787184417303
2005,0,0.23,6001,1,0.85,"Missing",0.771466653528852,1.21661131186118
2005,0,0.24,2500,1,0.96,"D",0.0381734863329925,-3.22669289560077
2005,0,0.07,2550,1,0.63,"Missing",0.161258678684675,-1.64889256553945
2005,0,0.18,7500,1,0.96,"D",0.566729559712917,0.268520116497224
2005,0,0.08,2000,0,0.15,"AA",0.000118737019585839,-9.03848068570561
2005,0,0.19,25000,0,0.66,"A",0.000948389794758276,-6.95979612451264
2005,1,0.29,5000,0,0.75,"Missing",0.777363881716262,1.2503698748588
2005,0,0.15,10000,0,0.59,"B",0.00461478201226287,-5.37386518376381
2005,0,0.2,3000,1,0.07,"D",0.178480311078738,-1.52667761117149
2005,0,0.2,9999,0,0.9,"D",0.00952477639705775,-4.6442884064327
2005,0,0.17,10700,0,0.12,"C",0.00182883582236276,-6.3022451670251
2005,0,0.2,5000,0,0.22,"D",0.0111371149077842,-4.48627246604594
2005,0,0.2,6000,0,1,"C",0.0603031582362346,-2.74617283672976
2005,0,0.11,13000,0,0.82,"A",0.00179698015401578,-6.31984911853538
2005,0,0.29,23500,0,0.86,"C",0.0961437673602835,-2.24082566516642
2005,1,0.17,5000,0,0,"C",0.0505221646111928,-2.93350004334075
2005,0,0.2,5000,0,0,"B",0.00148468996110713,-6.51106351571901
2005,0,0.16,17000,0,0,"A",0.000679281226802501,-7.29379582619837
2005,0,0.12,7500,1,0,"B",6.80141836994719e-05,-9.59572627422621
2005,0,0.15,5000,0,0.7,"C",0.0571581610959911,-2.80307636598667
2005,0,0.2,4000,1,0.98,"B",0.00119304807584744,-6.73005007807456
2005,0,0.16,6000,0,0.16,"A",2.32190045394557e-05,-10.6705162341639
2005,0,0.17,3650,0,0.85,"D",0.0292562526595408,-3.50196921055918
2005,0,0.15,6088,0,0.69,"B",0.00883720230679686,-4.71990845158969
2005,0,0.17,4000,1,0,"C",0.0366787931080916,-3.26818816077976
2005,0,0.07,1000,0,0.02,"AA",9.90959657254024e-05,-9.21932272570904
2005,1,0.29,2550,0,1.16,"Missing",0.821144161783092,1.52411857868893
2005,0,0.17,9000,0,0.9,"C",0.0299543308255199,-3.47766923605093
2005,0,0.24,1000,0,0,"D",0.382537828217599,-0.478790260676741
2005,0,0.2,8000,0,0.91,"D",0.0728184215656262,-2.54418045719918
2005,0,0.21,13500,0,0.82,"C",0.0653319021631743,-2.66071102603758
2005,0,0.15,1000,0,0.16,"A",0.000800842862417386,-7.12904464319004
2005,0,0.11,1600,0,0.9,"B",4.87079320785085e-05,-9.92961995566488
2005,1,0.26,1500,0,0,"Missing",0.905173600300933,2.2560789005096
2005,0,0.18,4500,0,0.49,"B",0.00410782198378393,-5.49074603962851
2005,0,0.15,6000,0,0.39,"B",6.78495012093824e-05,-9.59815067127973
2005,0,0.15,8500,0,0.22,"B",0.00111719574878138,-6.79581570886737
2005,1,0.29,5500,1,0.72,"C",0.714779977793185,0.918713881804116
2005,0,0.25,4500,1,0.2,"D",0.342373164354301,-0.652736385310351
2005,0,0.2,3000,0,0.62,"C",0.387975743155227,-0.455829097066343
2005,0,0.19,25000,0,0.89,"B",0.00857987872397503,-4.74971860253546
2005,0,0.09,1000,1,0.05,"AA",7.5185287055082e-05,-9.49547980890027
2005,0,0.15,1500,1,0.64,"AA",0.00430086380702833,-5.44462925197604
2005,0,0.09,2500,0,0.09,"AA",2.33955623557979e-05,-10.6629408006637
2005,1,0.29,3600,0,0.3,"Missing",0.681555259311496,0.7609283713428
2005,1,0.17,1000,0,0.89,"Missing",0.753290720956685,1.11624060140826
2005,0,0.19,2500,0,0.82,"C",0.0373264792087077,-3.25001135810692
2005,0,0.13,9000,0,0,"A",0.000392766794678246,-7.84190167604267
2005,0,0.08,2500,1,0.24,"AA",0.00142169751343861,-6.55448098024562
2005,1,0.13,4000,0,0.01,"A",0.00313060519830058,-5.76339342323674
2005,0,0.1,4500,0,0.04,"AA",7.51941989542393e-05,-9.49536127452383
2005,1,0.29,5300,0,0.83,"Missing",0.888889435509072,2.07944707622111
2005,0,0.18,12000,0,0.57,"A",0.00610730992284221,-5.09214284141955
2005,0,0.2,13000,0,0.9,"C",0.0311998942920093,-3.4356435946181
2005,0,0.15,10000,0,0.64,"AA",0.00206635205619147,-6.17990202815545
2005,0,0.22,4000,1,1,"D",0.0715477691141042,-2.56315360573163
2005,0,0.07,2550,1,0.63,"Missing",0.536785579674026,0.147408664059448
2005,0,0.23,10000,0,0.88,"C",0.0215448554427857,-3.81583788326341
2005,0,0.2,1000,0,0.98,"Missing",0.37763178176076,-0.499612309792059
2005,1,0.29,5000,1,1.05,"Missing",0.990162679896229,4.61168592596334
2005,0,0.2,5000,0,0,"B",0.00375325206207132,-5.58137228507623
2005,0,0.1,8000,0,0.45,"AA",0.00388379142625018,-5.54705207782575
2005,1,0.2,4600,0,0.91,"Missing",0.841081001344495,1.66629334085346
2005,0,0.15,3000,0,0.96,"C",0.0243083861280464,-3.69232516813032
2005,0,0.25,4800,0,0.85,"Missing",0.69534856371162,0.825244959124951
2005,1,0.29,1000,1,1,"Missing",0.975422623395284,3.68104446738803
2005,0,0.15,9999,0,0.54,"C",0.00280872024928992,-5.87221365456844
2005,0,0.19,6001,1,0.24,"D",0.426158575418556,-0.297541574585518
2005,1,0.29,10000,1,0.9,"Missing",0.912343790680901,2.34259443144624
2005,1,0.24,4000,0,0.7,"Missing",0.966282182294056,3.355429492784
2005,1,0.29,7500,1,0.09,"D",0.28705599096365,-0.909725601432357
2005,1,0.2,8000,0,0.84,"D",0.374059116134675,-0.514842082466066
2005,0,0.21,3500,0,1.03,"D",0.683934508197169,0.771912720134964
2005,0,0.16,17000,0,0,"A",0.0129478454681444,-4.33379347832065
2005,0,0.24,4800,1,0,"C",0.121738092691032,-1.97607289317472
2005,0,0.29,25000,0,0.82,"B",0.00260719591822723,-5.94686939544678
2005,1,0.22,2500,1,1,"Missing",0.817197761240252,1.49747621740071
2005,0,0.09,4500,0,0.07,"AA",0.000707889634931136,-7.25251421898007
2005,0,0.13,9900,0,0.86,"B",0.00204577010677336,-6.18993311449388
2005,1,0.2,5000,0,0.72,"Missing",0.591800197470355,0.371412307026774
2005,0,0.29,25000,0,0.44,"AA",0.0138002954511339,-4.26916887276813
2005,0,0.09,9000,0,0.37,"AA",3.49161393842096e-05,-10.2625264723634
2005,1,0.2,2000,0,0.77,"Missing",0.737750040429516,1.03430697551179
2005,1,0.2,2500,0,0.78,"Missing",0.84172213359754,1.67109781564108
2005,0,0.11,3500,0,0.1,"AA",0.00303265916020755,-5.79527816671701
2005,1,0.28,1900,0,1.2,"Missing",0.906317259754699,2.26947545108954
2005,0,0.16,9000,0,0.97,"C",0.0116718973012617,-4.43883071791564
2005,0,0.21,3500,0,1.03,"D",0.108655690820863,-2.1045466999998
2005,0,0.15,2000,1,0,"C",0.0645447885476119,-2.6736738890732
2005,0,0.23,9500,0,0.53,"D",0.104019601628005,-2.15333917734452
2005,0,0.09,4900,0,0,"AA",0.0003977450934627,-7.82930140233918
2005,0,0.2,5000,0,0.43,"D",0.0728303643775017,-2.54400358168244
2005,1,0.15,2000,1,0,"Missing",0.614571939376007,0.466571429506124
2005,0,0.14,4000,0,0.16,"B",0.000281767520740209,-8.17414641433981
2005,1,0.23,1525,0,0.56,"D",0.625530407292525,0.513089336214953
2005,1,0.27,15000,1,0.75,"C",0.481452782123073,-0.0742229275209803
2005,0,0.2,5000,0,0.7,"D",0.00276498538655308,-5.88795111415487
2005,0,0.15,1000,1,0.55,"B",0.00687096524697855,-4.97355600185829
2005,0,0.11,5000,1,0.45,"B",0.000218470496180832,-8.42864108710219
2005,0,0.2,15000,0,0.61,"B",0.000843951011147799,-7.07657180137836
2005,0,0.29,25000,0,0.57,"B",0.112180429165433,-2.06865998659132
2005,1,0.29,3000,0,0,"Missing",0.991097258870327,4.71245345024769
2005,0,0.1,5000,0,0.43,"A",0.00122272589626196,-6.70544909743152
2005,0,0.13,13000,0,0.81,"B",0.000407160997911191,-7.80589463456594
2005,0,0.09,2500,1,0.24,"AA",0.0134091937357929,-4.298314798767
2005,1,0.24,1750,1,0.91,"Missing",0.908225362904027,2.29215656974108
2005,1,0.29,3000,1,0,"Missing",0.993659191166555,5.05438794526979
2005,0,0.13,9000,0,0.26,"AA",0.00188973076253328,-6.26942939518781
2005,0,0.15,4000,0,0,"C",0.0102089221313048,-4.5742318317002
2005,1,0.28,11000,0,0.84,"Missing",0.633167261768915,0.545828633813241
2005,0,0.13,20000,0,0.13,"AA",0.00471843324007861,-5.35154887496344
2005,0,0.11,3000,1,0,"C",0.0138380823279441,-4.26639617735695
2005,0,0.1,7000,0,0.17,"AA",0.00127569334511513,-6.66298894035259
2005,0,0.15,7700,0,0.38,"C",0.0115187551632207,-4.45219307839308
2005,1,0.28,3200,0,0.99,"Missing",0.910464805714731,2.31932346439726
2005,1,0.29,6000,0,0.43,"D",0.561726297106548,0.248171107775057
2005,0,0.18,9900,0,0.55,"C",0.00424943479425181,-5.4567108051751
2005,0,0.14,4000,0,0.18,"B",0.0181538086432179,-3.99055428684226
2005,0,0.2,4000,0,0.48,"D",0.155022998346554,-1.69573592766668
2005,0,0.2,20000,1,0.2,"C",0.00938075944789068,-4.65966951876047
2005,0,0.22,12000,1,0.92,"C",0.072789621982951,-2.5446070949585
2005,1,0.29,3550,0,0,"Missing",0.986056752087462,4.25871854035928
2005,0,0.2,3000,1,0.47,"D",0.135484912140185,-1.85330847307081
2005,0,0.11,5000,0,0.18,"A",0.000692825177843834,-7.27403979393095
2005,1,0.29,3000,0,0.91,"Missing",0.955768265048571,3.07307296630889
2005,0,0.18,20000,0,0.67,"B",0.00189133228079637,-6.26858066466092
2005,0,0.14,5000,0,0.29,"B",0.00381767911766935,-5.56428761676806
2005,0,0.24,5700,0,0.1,"A",0.0115050196556822,-4.45340013261166
2005,0,0.13,10000,0,0.51,"A",0.000298582609712772,-8.11616528676879
2005,1,0.29,8000,0,0.8,"Missing",0.927294388386307,2.54585251603099
2005,1,0.29,5300,0,0.96,"Missing",0.910843445172789,2.32397716563574
2005,0,0.16,25000,1,0.66,"AA",0.00450300716524637,-5.3984966702067
2005,0,0.15,12000,0,0.43,"A",0.000691148686660055,-7.27646419363988
2005,0,0.19,6000,0,0.5,"B",0.000923860061147543,-6.98602565968378
2005,1,0.29,2550,0,0.98,"Missing",0.971558600353452,3.53105576871864
2005,0,0.21,5000,1,0.94,"C",0.0294333284871455,-3.49575244406432
2005,1,0.29,6000,0,1.02,"Missing",0.671018249577424,0.712794054797017
2005,0,0.2,6500,0,0.9,"D",0.0666801147745748,-2.63884121954886
2005,0,0.17,1000,0,0.67,"D",0.218972851593592,-1.27166215351318
2005,1,0.29,5000,1,0.97,"Missing",0.915410482932737,2.38156223270483
2005,0,0.11,5000,0,0.05,"A",0.00175984534503385,-6.34076795024088
2005,0,0.17,5000,0,0.78,"C",0.00199828419441758,-6.21346608599453
2005,0,0.23,5000,0,0.78,"D",0.246692405944229,-1.11633139532317
2005,0,0.26,25000,1,0.38,"D",0.141751514768478,-1.80081803863794
2005,1,0.23,5000,0,0.78,"D",0.392745628040777,-0.435785622045472
2005,1,0.24,2550,0,0,"Missing",0.900763198492298,2.20573347386743
2005,0,0.29,25000,0,0.61,"A",0.0455728937696325,-3.04179816681406
2005,0,0.14,9999,0,0,"A",0.00237392158921722,-6.04083526850506
2005,1,0.29,3600,1,0.69,"D",0.941475779790259,2.77800793340224
2005,0,0.07,1000,0,0.07,"AA",0.00354484966735279,-5.63870837931525
2005,0,0.13,25000,0,0.27,"AA",0.000146999232430776,-8.82493618272064
2005,0,0.12,7000,0,0.2,"B",0.00155660413289704,-6.46369085146302
2005,0,0.14,3500,0,0.94,"C",0.000625764473620402,-7.37591053753736
2005,0,0.15,5000,0,0.64,"C",0.0238644423028976,-3.71121188649584
2005,0,0.2,6000,0,1,"C",0.0310951363723662,-3.43911500690509
2005,0,0.15,15000,0,0.65,"B",0.00401157329056992,-5.51455213158687
2005,0,0.2,7500,0,0.36,"C",0.0237086746336383,-3.71792003150926
2005,0,0.28,3500,0,0.93,"D",0.153506418429271,-1.70736023920534
2005,0,0.23,1300,0,0.43,"D",0.296729612148311,-0.862920110518732
2005,0,0.15,5000,0,0.85,"C",0.0724705623753104,-2.54934408945384
2005,0,0.29,15000,0,0.49,"C",0.0429477482620772,-3.10387376938348
2005,0,0.19,13000,1,0.89,"C",0.0543084137081638,-2.85723733365567
2005,0,0.19,25000,0,0.72,"A",0.00299552611183571,-5.80763537777737
2005,0,0.16,5000,0,0.94,"B",0.00211251227552785,-6.15776264107199
2005,0,0.17,1275,0,0.91,"A",0.00555685850541744,-5.18714999213394
2005,0,0.28,12839,0,0.45,"C",0.660689076398293,0.666366479727774
2005,1,0.29,6000,1,0,"Missing",0.802382898348091,1.40125459490488
2005,1,0.26,3000,1,0,"Missing",0.897337608613277,2.16798631541175
2005,0,0.17,7000,0,0.51,"B",6.22504492312172e-05,-9.68428255369289
2005,0,0.13,20000,0,0.46,"A",0.0125993722266847,-4.36142887217153
2005,1,0.29,5000,0,0.77,"Missing",0.997049572660382,5.82285046980362
2005,0,0.15,5000,0,0.41,"B",0.000145692630603667,-8.83386572204479
2005,0,0.18,9750,0,0.92,"C",0.0199650633026848,-3.89360430952723
2005,0,0.15,5600,0,0.07,"A",0.000456776257697097,-7.69085999563054
2005,1,0.29,7500,0,0.86,"Missing",0.978304836724065,3.80873197026749
2005,1,0.29,3000,1,0.61,"Missing",0.983810599108183,4.10707663576865
2005,0,0.12,15000,0,0.09,"A",0.00142368100842837,-6.55308480661655
2005,0,0.24,14900,0,0.93,"D",0.624694424140934,0.509522045698405
2005,0,0.17,9000,0,0.9,"C",0.177970990564165,-1.53015512306623
2005,1,0.17,1800,0,0.96,"Missing",0.6508896706072,0.622952148742725
2005,0,0.19,13000,0,0.82,"C",0.0795759962841547,-2.44812194432309
2005,1,0.24,3000,0,0.85,"Missing",0.94548345147445,2.8531920872889
2005,0,0.17,4000,1,0,"C",0.0971295693695055,-2.22953320159113
2005,0,0.24,17500,0,0.15,"D",0.0374588842773996,-3.24633287068373
2005,0,0.17,2000,0,0.79,"D",0.024022814923902,-3.70443520957084
2005,0,0.22,5000,0,0.93,"D",0.0816251755386348,-2.42046787465577
2005,0,0.15,9999,0,0.54,"C",0.0941391112030942,-2.26411215517596
2005,0,0.2,3000,0,0.76,"C",0.0436363500328994,-3.08724770836002
2005,0,0.14,5000,0,0.34,"B",0.000484367298836478,-7.63218257251679
2005,1,0.29,1000,0,0.92,"Missing",0.880567450262982,1.99781475483341
2005,0,0.18,4800,0,0.89,"C",0.0431358826983354,-3.09930619723997
2005,0,0.13,5000,0,0.32,"B",0.00323561271136297,-5.73029610960783
2005,0,0.18,3100,0,0.98,"C",0.04135246460421,-3.14339145066867
2005,0,0.17,7000,0,0.51,"B",0.00432385509968529,-5.43927466048305
2005,0,0.11,10000,0,0.17,"AA",3.31105733688544e-05,-10.3156247783434
2005,1,0.29,4000,0,1,"Missing",0.993186818261474,4.98205955486508
2005,0,0.17,15000,1,0.98,"B",0.00191280595596844,-6.25726939037606
2005,0,0.21,4000,1,0.91,"D",0.231452052645855,-1.20013021578992
2005,0,0.11,2500,0,0.33,"B",0.000773554850557105,-7.16374012410507
2005,0,0.12,19500,1,0,"AA",0.000692515948956156,-7.27448653333548
2005,1,0.21,5000,1,0.94,"C",0.336810839890263,-0.677538792061421
2005,0,0.15,1000,0,0,"D",0.0236046318697748,-3.72242463624113
2005,0,0.23,8000,1,0.74,"D",0.535352461806942,0.141646201300697
2005,0,0.2,5000,0,0.45,"D",0.118203956634008,-2.00954920744397
2005,0,0.17,25000,0,0.54,"A",0.00743460590007457,-4.89414732618788
2005,1,0.28,3500,1,0.94,"Missing",0.969698844587431,3.465799709578
2005,0,0.15,10000,1,0,"B",0.00068951303692207,-7.27883520225805
2005,0,0.14,9250,0,0.92,"B",0.000946819437631602,-6.96145488276298
2005,0,0.1,1500,1,0.79,"A",0.000654390415818718,-7.3311518139141
2005,0,0.23,15000,0,0.96,"C",0.0305141834593357,-3.45857423793822
2005,0,0.25,1000,1,0.95,"D",0.335266136572308,-0.68446210122454
2005,0,0.14,7500,0,0.67,"B",0.00167831089329225,-6.38828769116595
2005,0,0.18,3002,1,0.8,"D",0.0489857563458405,-2.96599947095411
2005,0,0.23,6001,0,0.24,"D",0.141749496296312,-1.80083463009748
2005,1,0.29,4669,1,0,"Missing",0.962001649608091,3.23147341738869
2005,0,0.15,2000,0,0,"B",0.000340697594709049,-7.98417453752712
2005,0,0.21,7500,1,1.02,"C",0.158900615330478,-1.66643088141619
2005,0,0.2,9000,0,0.94,"D",0.213298123700438,-1.30515853744789
2005,1,0.29,5500,0,0.99,"Missing",0.824983504739103,1.55048316376402
2005,0,0.15,9999,0,0.83,"C",0.022948824020285,-3.75127233716011
2005,0,0.19,4400,0,0.98,"D",0.0306676118355485,-3.45340046628337
2005,1,0.22,8500,0,0.93,"D",0.159580074420012,-1.66135584809876
2005,0,0.29,3000,0,0.98,"Missing",0.758989137007701,1.14714545791872
2005,1,0.2,1500,0,0.74,"Missing",0.859009402534008,1.80708666431493
2005,1,0.2,3000,1,1.03,"Missing",0.980242435290694,3.90426348275175
2005,0,0.16,23000,1,0.13,"A",0.00321951430929786,-5.7353000583283
2005,0,0.29,25000,0,0.95,"C",0.100670372624448,-2.18979808512852
2005,0,0.1,6000,0,0,"AA",0.000462119883538543,-7.67922398567127
2005,0,0.26,5000,0,0.61,"D",0.0345581998519783,-3.32994096559427
2005,0,0.23,13100,0,0.71,"D",0.0986970527540183,-2.2117863502061
2005,0,0.18,14000,0,0.28,"C",0.0355640070127698,-3.30020937980192
2005,0,0.12,25000,1,0,"AA",0.0125228227688071,-4.36760058381675
2005,1,0.29,25000,0,0.61,"A",0.230801572354616,-1.20379062233071
2005,0,0.18,10000,0,0.66,"B",0.0071695022982652,-4.9307237145619
2005,0,0.1,6000,0,0.51,"AA",0.00174103221153542,-6.35153456705419
2005,0,0.14,7500,0,0.14,"A",0.000818174200237212,-7.10761677622139
2005,0,0.13,13000,0,0.81,"B",0.000789621464487316,-7.1431669528336
2005,0,0.16,25000,0,0.78,"B",0.00103945369764215,-6.86802000026677
2005,0,0.15,10000,0,0.59,"B",0.0018517806501561,-6.28975409189768
2005,1,0.29,20000,0,0.95,"Missing",0.972860511539963,3.57925090671589
2005,0,0.24,5700,0,0.1,"A",0.00149021814999577,-6.50734143071901
2005,0,0.2,5000,0,0.7,"D",0.0370387331228118,-3.2580489834327
2005,0,0.2,2000,0,0,"D",0.303161912362662,-0.832286057811966
2005,0,0.13,17500,0,0.08,"AA",0.000389484656304227,-7.85029652621818
2005,0,0.05,2000,0,0.1,"AA",0.00374183199307182,-5.58443109960822
2005,0,0.1,6500,0,0.34,"A",0.000512541962858293,-7.57561529819831
2005,1,0.18,10000,0,0.97,"C",0.171549641449165,-1.57468423857621
2005,0,0.17,12000,0,0.91,"D",0.0373343834921503,-3.24979140897342
2005,0,0.24,5700,0,0.1,"A",0.0148103484371427,-4.19750800714002
2005,0,0.13,5500,0,0.34,"B",0.0056888985150285,-5.16353349024723
2005,1,0.29,2550,0,1.7,"Missing",0.898363341918706,2.17917032089469
2005,0,0.2,9900,0,0.96,"D",0.0243057860518396,-3.6924348008095
2005,0,0.14,4575,0,0.6,"C",0.0114512477336972,-4.45813926439588
2005,0,0.29,5500,0,1.02,"Missing",0.907023579715209,2.27782253157776
2005,0,0.17,10000,0,0.85,"C",0.166716362802363,-1.6090801429247
2005,0,0.12,11000,0,0.7,"A",0.000655859607151892,-7.32890773063516
2005,0,0.19,15000,0,0.37,"C",0.0544753917443077,-2.85399084239877
2005,0,0.19,6500,0,0.7,"C",0.0136430594969451,-4.28078736715892
2005,0,0.17,25000,1,0.02,"A",0.0122400155438973,-4.39072919051336
2005,1,0.24,1000,1,0,"Missing",0.925740269283641,2.52302488605265
2005,0,0.21,4500,0,0,"D",0.0584239855575792,-2.77982856531199
2005,1,0.28,5500,0,0.35,"D",0.298098415688737,-0.856369514936405
2005,0,0.13,20000,0,0.79,"A",0.000580938310273864,-7.45028487815974
2005,1,0.19,3000,1,0,"D",0.827456913398932,1.5677100548158
2005,1,0.29,2550,0,0,"Missing",0.907309893179773,2.28122231576156
2005,0,0.29,20000,1,0.9,"C",0.255741752097207,-1.06821992755408
2005,0,0.14,2400,0,0.94,"B",0.000593028996760101,-7.42967405683902
2005,0,0.15,3000,0,0.05,"AA",0.00121127452257069,-6.71487014058336
2005,0,0.06,6000,1,0.81,"Missing",0.46486843234534,-0.140758213153133
2005,0,0.17,1200,0,0.94,"D",0.00353252457712644,-5.64220370732347
2005,0,0.22,5000,0,0.47,"D",0.133632047036497,-1.86921960090644
2005,0,0.23,6500,0,0.75,"D",0.190168189502426,-1.44891769624248
2005,1,0.29,3000,0,0,"Missing",0.88817449767728,2.07222858872872
2005,0,0.18,9800,0,0.57,"C",0.00189612016343289,-6.26604757974468
2005,1,0.17,11000,0,0,"C",0.147823381222429,-1.75177561336829
2005,0,0.11,4999,0,0.28,"A",0.0025919948898028,-5.95273211209617
2005,0,0.2,3000,1,0.07,"D",0.025419471290257,-3.64649168488137
2005,0,0.18,2700,1,0.74,"C",0.0258444004410559,-3.62947708390173
2005,1,0.29,5000,1,0.97,"Missing",0.982972861999597,4.05577308823703
2005,1,0.29,3001,1,0,"Missing",0.998293125473571,6.37138301028919
2005,0,0.11,14000,0,0.56,"AA",0.000795497771380334,-7.13574669737593
2005,0,0.1,8300,0,0.05,"AA",0.000146808271410919,-8.82623627956134
2005,0,0.1,1000,0,0.65,"A",0.000429938865722495,-7.75143750080661
2005,0,0.18,4800,0,0.89,"C",0.00720936250227062,-4.92513927460483
2005,0,0.15,3000,0,0.27,"C",0.044994681258508,-3.05517262129859
2005,0,0.13,8500,0,0.21,"AA",0.000548049471366425,-7.50859679916944
2005,0,0.11,1000,1,0.97,"Missing",0.393100849676273,-0.434296438912393
2005,0,0.24,4000,0,0.63,"D",0.0136713464184302,-4.27868747884199
2005,0,0.2,5200,1,0.77,"D",0.310806793383502,-0.796350171705662
2005,0,0.24,5700,0,0.1,"A",0.00225726983647425,-6.09133941161074
2005,1,0.28,5000,0,1.19,"Missing",0.927499941190029,2.5489053580423
2005,0,0.07,1325,0,0.02,"AA",0.000139091017607115,-8.88024293550293
2005,0,0.14,7750,0,0.59,"C",0.103859368583421,-2.15505959646434
2005,0,0.29,25000,0,0.34,"C",0.00725419818171859,-4.91889428033792
2005,0,0.09,3001,0,0.21,"AA",0.00148221761413849,-6.51273260755245
2005,0,0.12,10000,0,0.58,"A",0.00102156657613403,-6.88539588222525
2005,0,0.08,3500,0,0.46,"AA",0.000294369740394064,-8.13037954730407
2005,0,0.2,3500,0,1,"D",0.115549842109327,-2.03526419111582
2005,1,0.29,4000,0,1.07,"Missing",0.936215984250173,2.6863435801378
2005,0,0.25,1000,1,0.98,"C",0.213879168573163,-1.3016992874437
2005,0,0.11,6000,0,0.1,"A",0.000157568703840983,-8.75549139883015
2005,0,0.19,5000,0,0.39,"C",0.0937068917091744,-2.2691910354755
2005,1,0.29,2550,1,0,"Missing",0.990461213806459,4.64280446319158
2005,0,0.11,1000,0,0.97,"Missing",0.272694916674622,-0.980992387492355
2005,1,0.24,5250,0,0.57,"Missing",0.723305749603091,0.960918915567405
2005,0,0.1,5000,0,0.52,"AA",0.00181140518550437,-6.31183934155847
2005,0,0.17,9500,0,0.95,"AA",0.00104197286366015,-6.86559686244795
2006,0,0.1,14000,0,0.26,"AA",5.35177907200103e-05,-9.83544290329496
2006,0,0.23,25000,0,0,"B",0.000336536628915583,-7.99646696888683
2006,0,0.2,3000,0,0.76,"C",0.00772869915500921,-4.85505599546197
2006,0,0.12,13000,0,0.36,"AA",0.0064373756385792,-5.03917614656397
2006,0,0.29,25000,0,0.34,"C",0.000271213762061795,-8.21233200757274
2006,0,0.14,4575,0,0.6,"C",0.00236882870400263,-6.04298802490396
2006,0,0.15,3000,0,0.08,"AA",0.000506451789015746,-7.58757484329595
2006,0,0.08,1000,0,0.33,"A",0.000124300693621066,-8.99268267082584
2006,0,0.15,3000,1,0,"C",0.0017509922087035,-6.34582014832769
2006,1,0.24,1000,0,0.81,"Missing",0.971372471555626,3.52434120266408
2006,1,0.29,5000,0,0,"Missing",0.929090766242628,2.57280577579843
2006,0,0.07,1500,1,0.91,"Missing",0.0528267095845637,-2.88646513911823
2006,0,0.24,4592,0,0.6,"C",0.00600599935523606,-5.10897230886188
2006,1,0.29,3000,0,0,"Missing",0.978833292796545,3.83393181252851
2006,0,0.08,3500,0,0,"AA",9.19016058527682e-05,-9.29470014901146
2006,0,0.11,4999,0,0.28,"A",0.00303782153534485,-5.79357217557895
2006,0,0.16,3000,0,0.81,"B",0.000294360485539642,-8.13041099661353
2006,0,0.2,6500,1,0.92,"D",0.128434701314931,-1.91487017472452
2006,0,0.11,1000,0,0.98,"D",0.011659590323397,-4.43989813752281
2006,0,0.18,9800,0,0.57,"C",0.00342930510184227,-5.67196243389807
2006,0,0.07,1000,0,0.02,"AA",0.000936861475030628,-6.97203782486575
2006,0,0.15,2000,0,0,"B",0.000526017968410874,-7.54964902896868
2006,0,0.15,8500,0,0,"B",0.00318089935960536,-5.74740533551554
2006,0,0.2,5950,0,0.74,"C",0.0314936979543265,-3.42596752896867
2006,0,0.25,15000,0,0.11,"D",0.00218572108899812,-6.12362137376666
2006,1,0.29,5000,0,0,"Missing",0.914287612267728,2.36714783341594
2006,0,0.1,6500,0,0.34,"A",0.00317044497492463,-5.75070784882157
2006,0,0.07,2000,0,0.39,"C",2.06587088333294e-06,-13.0899566193134
2006,0,0.2,8000,0,0.91,"D",0.392156959456984,-0.438254525209213
2006,1,0.29,3001,0,0,"Missing",0.822024008960097,1.53012094321387
2006,1,0.28,3500,1,0.94,"Missing",0.553589661777932,0.21518515969646
2006,0,0.16,10000,0,0.35,"AA",7.91211623025085e-05,-9.44445105608969
2006,0,0.15,4000,0,0,"C",0.000561267519884613,-7.48475147847551
2006,1,0.24,1000,1,0,"Missing",0.751503910710395,1.10664930490459
2006,0,0.28,12000,1,0.87,"D",0.0186358157849831,-3.96385831940101
2006,0,0.28,3500,0,0.93,"D",0.109390103218331,-2.0969860836014
2006,0,0.16,15000,0,0.46,"AA",0.000920193306415963,-6.99000617737869
2006,0,0.24,5000,0,0.95,"D",0.000140825144992178,-8.86785070853106
2006,0,0.22,15000,0,0.83,"D",0.0156883114797546,-4.13902666017444
2006,0,0.11,6001,0,0.01,"A",0.00360204853763066,-5.62264400559496
2006,0,0.1,4000,1,0.43,"A",0.00331978690984138,-5.7045293722677
2006,0,0.14,6000,0,0.03,"AA",1.66478476281013e-05,-11.0032129734934
2006,0,0.15,4500,1,0,"C",0.0139027028592368,-4.26167175683752
2006,0,0.2,3000,0,0,"D",0.0116839921432006,-4.43778278053257
2006,0,0.22,6001,0,0,"D",0.578969718219841,0.318545416752277
2006,0,0.23,3250,0,0.93,"D",0.00848461398852395,-4.76098006149915
2006,1,0.29,3000,0,1.51,"Missing",0.686379647625994,0.783247711317427
2006,0,0.2,2550,0,0,"AA",0.000488971267900222,-7.62271773621258
2006,0,0.12,1500,1,0.59,"D",0.00459198422330833,-5.37884049589102
2006,0,0.13,25000,0,0.05,"AA",0.000619834387816315,-7.38543820546782
2006,1,0.29,4000,1,0.98,"Missing",0.968200246631015,3.41598039817327
2006,0,0.15,10000,0,0.08,"B",0.0096299946664322,-4.63319594410471
2006,0,0.14,9999,0,0,"A",0.00143508060639647,-6.54509814832247
2006,0,0.21,9800,0,0.7,"D",0.103291809209964,-2.16117241059278
2006,1,0.26,9000,1,0.83,"Missing",0.879250523188894,1.98535190669787
2006,0,0.2,9000,1,1.01,"D",0.116676947396518,-2.02428200920779
2006,0,0.13,20000,0,0.46,"A",0.00472519844797763,-5.35010932185585
2006,0,0.12,5000,0,0.1,"AA",0.00613410240027008,-5.08773852624928
2006,0,0.07,1000,0,0.12,"C",0.0115207876741544,-4.4520145854531
2006,0,0.21,8000,0,0.76,"D",0.00690138817718659,-4.96910738961847
2006,0,0.1,2750,0,0.37,"AA",0.00226266658716554,-6.08894602512916
2006,1,0.29,2700,0,0,"Missing",0.95081532628352,2.9617377895706
2006,1,0.29,5000,0,0.89,"Missing",0.808300729832878,1.43900633677991
2006,1,0.25,10700,0,0,"Missing",0.999089768587013,7.0009010448712
2006,0,0.14,16500,0,0.2,"AA",0.000717924341339715,-7.23842818647454
2006,0,0.23,3890,0,0.97,"Missing",0.410835112866823,-0.36051413991243
2006,1,0.27,2550,0,0.98,"Missing",0.769032374808997,1.20285551848966
2006,0,0.13,24250,0,0,"AA",0.0029095862311889,-5.83683056919765
2006,0,0.09,5000,0,0,"AA",0.00122768204826314,-6.7013989648676
2006,0,0.09,5000,0,0.17,"AA",6.02245442177707e-05,-9.71737035112471
2006,1,0.29,2550,0,0.63,"D",0.705390521405545,0.873100902554797
2006,0,0.21,3500,0,1.03,"D",0.0651898966435819,-2.66303891317608
2006,1,0.2,5000,0,0.87,"Missing",0.639784466753538,0.574428793175
2006,0,0.11,6000,0,0.4,"AA",0.00103380284087384,-6.87347685963078
2006,0,0.2,19900,0,0.98,"A",0.00288570579849258,-5.84509588727616
2006,0,0.14,18500,0,0.45,"A",0.00274700434751839,-5.89449350494007
2006,0,0.12,12000,0,0,"AA",0.000362092175938376,-7.92324959113997
2006,0,0.17,10000,0,0.72,"B",0.00963390205926585,-4.63278632866904
2006,0,0.1,2000,0,0,"AA",0.000577616083399378,-7.45602334258496
2006,0,0.29,13531,0,0.82,"D",0.131631179156783,-1.88661261870473
2006,0,0.21,13500,0,0.82,"C",0.042486555065791,-3.1151520881754
2006,0,0.28,25000,0,0.73,"C",0.0169789458209319,-4.05865644282477
2006,1,0.29,2550,0,0.91,"Missing",0.87029351104828,1.90355640323443
2006,0,0.19,9900,0,0.36,"C",0.0131845409375069,-4.31543804821151
2006,0,0.21,7000,0,0.78,"D",0.154176247710724,-1.70221459360894
2006,1,0.29,5000,1,1.05,"Missing",0.678610301166993,0.74739263039719
2006,0,0.29,10000,1,0.9,"Missing",0.496043745197235,-0.0158253494800551
2006,0,0.16,8000,0,0.66,"B",0.00171837313153999,-6.36465743828635
2006,1,0.29,3025,1,0,"Missing",0.916580516029033,2.39676801222747
2006,0,0.07,3000,0,0.87,"C",0.000655161295616554,-7.32997372378701
2006,0,0.2,5000,0,0.22,"D",0.361547059724892,-0.568655757021876
2006,1,0.2,1500,0,0.6,"Missing",0.814239095878547,1.47779366736702
2006,0,0.11,7000,0,0,"AA",0.000832998760546757,-7.0896450578408
2006,0,0.12,8000,0,0.72,"B",0.00838466073328339,-4.77293133593974
2006,1,0.29,3000,1,1.01,"Missing",0.44261058937432,-0.230573764353011
2006,0,0.25,7000,0,0.14,"D",0.00782951246706419,-4.84199471162919
2006,1,0.24,1500,0,0.96,"Missing",0.851800174347177,1.74879042574038
2006,1,0.29,3800,0,0.96,"Missing",0.688997211254547,0.795435344313198
2006,1,0.29,5000,0,0.72,"Missing",0.979145911784712,3.84913066658848
2006,0,0.28,3500,0,0.93,"D",0.046307656898529,-3.02503380473154
2006,1,0.29,7000,1,0.64,"Missing",0.971122628576255,3.51539445863403
2006,0,0.26,17850,0,0.94,"C",0.00843590121299592,-4.76678704179099
2006,0,0.1,6001,0,0.41,"AA",0.00243631730362344,-6.01482839166019
2006,0,0.2,5200,1,0.77,"D",0.0859340166661992,-2.36432300697912
2006,0,0.29,5300,0,0.83,"Missing",0.279800425694099,-0.945451776483963
2006,0,0.08,1668,0,0.05,"AA",4.5617607213983e-05,-9.99517117420889
2006,0,0.2,5000,0,0.45,"D",0.00631403309358364,-5.05864659665051
2006,0,0.15,4000,0,0.84,"Missing",0.211476821332749,-1.31604640119779
2006,0,0.16,3500,0,0,"C",0.00147045829554172,-6.52070962062533
2006,0,0.14,7500,0,0.14,"A",0.00543569956853605,-5.20931652449153
2006,0,0.29,7000,1,0.91,"D",0.0462808131668199,-3.0256418019342
2006,0,0.1,5200,0,0,"A",0.00489607535306477,-5.3144132427538
2006,1,0.2,2018,0,0,"Missing",0.739138692391922,1.04149670149545
2006,0,0.24,1750,1,0.91,"Missing",0.0993041461475943,-2.20498031159708
2006,0,0.15,2300,0,0.46,"C",0.111235593282677,-2.07818177699788
2006,1,0.19,1000,1,0,"Missing",0.588140474002121,0.356283485835513
2006,0,0.12,9000,0,0.05,"AA",5.96360245376137e-06,-12.0298298573156
2006,0,0.25,3001,1,0.84,"D",0.0245590926007148,-3.68180742512626
2006,0,0.2,15000,0,0.84,"C",0.0050684686600235,-5.27963518953035
2006,1,0.23,15000,0,0.06,"D",0.377543064198711,-0.499989806979842
2006,0,0.17,1000,0,0.67,"D",0.0366535665052532,-3.26890235497321
2006,0,0.05,1000,0,0.42,"D",0.0026592342001894,-5.92705431605953
2006,0,0.14,7500,0,0.67,"B",0.000797138125788253,-7.1336851310436
2006,0,0.18,10000,0,0.87,"C",0.000955212606172511,-6.95262094888377
2006,0,0.29,3000,0,0.85,"D",0.0306138485974566,-3.45521056244369
2006,0,0.22,25000,0,0.73,"C",0.0154979906695787,-4.15142555774125
2006,0,0.25,2500,0,0.66,"D",0.0432061839101151,-3.0976042889856
2006,0,0.11,1000,1,0.97,"C",0.00151208137630973,-6.49275495663732
2006,0,0.08,2500,1,0.24,"AA",0.000259611648373723,-8.25606405831879
2006,0,0.15,1200,0,0.9,"D",0.0319002351023932,-3.41272176513209
2006,0,0.23,1500,0,0.84,"Missing",0.685669988372358,0.779953019016589
2006,0,0.12,10000,0,0.58,"A",0.000352324377283925,-7.95060589387804
2006,0,0.2,9000,0,0.88,"D",0.0578849628273133,-2.78966974578536
2006,0,0.11,25000,0,0.29,"AA",0.00674066992173459,-4.99283247323389
2006,0,0.25,3500,1,0.62,"Missing",0.720193559196891,0.945421926822048
2006,0,0.17,25000,0,0.34,"AA",7.05848332635907e-05,-9.55862467551381
2006,0,0.2,2850,0,0.7,"C",0.0138751163136593,-4.26368596090123
2006,0,0.11,1500,0,0,"AA",5.41075511005381e-05,-9.82448269611705
2006,0,0.24,7500,0,0,"C",0.00559088485591897,-5.18101113933981
2006,0,0.2,5000,0,0.7,"D",0.00652030508839208,-5.02629245630606
2006,0,0.29,25000,1,0.97,"D",0.750558230165882,1.10159173604512
2006,0,0.17,6550,0,0.77,"C",0.00455666956010154,-5.38659619910114
2006,0,0.18,7000,0,0.54,"B",0.000157302572563401,-8.75718207858436
2006,0,0.09,5000,0,0.01,"AA",0.00108503396520405,-6.82505836510345
2006,0,0.2,15000,0,0.84,"C",0.00229070991441157,-6.07660016556077
2006,0,0.15,25000,0,0.01,"A",0.000358451075236498,-7.93335986265236
2006,0,0.2,19000,0,0.95,"C",0.0057736718153602,-5.14865663381471
2006,1,0.2,2000,0,1.03,"Missing",0.93103310088002,2.60266816416433
2006,0,0.25,8000,1,0.48,"D",0.146804530097302,-1.75988670236798
2006,0,0.27,10000,1,0.79,"D",0.023787643960295,-3.7145138561216
2006,1,0.29,2600,0,0.98,"Missing",0.870431897475717,1.90478289121899
2006,0,0.2,9999,0,0.9,"D",0.0117612518352858,-4.43111393111175
2006,0,0.29,20000,0,1.05,"C",0.0244432735712898,-3.68665324099128
2006,0,0.15,2000,0,0.5,"D",0.000102392775254342,-9.18659200398699
2006,0,0.17,3650,0,0.85,"D",0.0550702156459509,-2.84250160334396
2006,0,0.1,4000,0,0.88,"A",0.00380723986871139,-5.56703629043307
2006,0,0.17,1800,0,0.96,"Missing",0.695131502545283,0.824220512214961
2006,1,0.24,2500,1,1,"D",0.122025621247167,-1.97338637892755
2006,0,0.25,10000,1,0,"A",0.0941524516643309,-2.2639557281926
2006,1,0.29,20000,0,0.95,"Missing",0.403137341932473,-0.392409730710179
2006,0,0.17,2500,1,0.59,"C",0.00169797429221587,-6.37661991376089
2006,0,0.27,3200,0,0.98,"Missing",0.635281698254952,0.554943240252802
2006,0,0.29,8500,1,0.93,"B",0.108949743992299,-2.10151411831372
2006,1,0.23,10000,0,0.44,"C",0.602927199413822,0.417676818114541
2006,0,0.17,3000,0,0.53,"C",0.462403320711346,-0.150671113469881
2006,0,0.12,25000,0,0.01,"AA",0.000250128281904861,-8.29328648451834
2006,0,0.29,7000,1,0,"Missing",0.276780460304414,-0.960488197231322
2006,0,0.12,25000,1,0.22,"AA",0.000376516946678972,-7.88417091279079
2006,0,0.15,5600,0,0.07,"A",0.000520938791093065,-7.55935693209238
2006,0,0.15,9990,0,0.2,"A",0.0115903999843796,-4.44592001883082
2006,0,0.19,12200,1,0,"C",0.253805814144469,-1.07841640569774
2006,0,0.15,5500,1,0,"C",0.00248780107339642,-5.99386516093185
2006,0,0.2,3000,1,0,"D",0.0998719869815186,-2.19864775416014
2006,0,0.29,3700,0,0.58,"D",0.0993477355511561,-2.20449306300737
2006,0,0.26,17850,0,0.94,"C",0.0331113993687691,-3.37420567291584
2006,0,0.16,5200,0,0.86,"C",0.00353367434309738,-5.64187712647433
2006,0,0.17,25000,0,0.34,"AA",0.00295134939695249,-5.82253707730371
2006,0,0.17,25000,0,0.06,"AA",0.00446051623628094,-5.4080202775828
2006,0,0.29,6500,0,0.89,"Missing",0.109685794039383,-2.09395458020535
2006,0,0.19,7500,0,0.98,"D",0.00196363688323303,-6.2309914051353
2006,0,0.29,20000,0,1.03,"C",0.00180437895582232,-6.31573280639063
2006,0,0.15,1000,0,0.87,"C",0.00524677371411723,-5.24488133555721
2006,0,0.1,6000,0,0.52,"A",0.000863429546867433,-7.05373445138339
2006,0,0.29,20000,1,0.9,"C",0.0388836061034701,-3.20752279424823
2006,0,0.29,25000,1,0.93,"C",0.0184684351988735,-3.97305110356438
2006,0,0.2,6000,0,1,"C",0.0120428052481228,-4.40717196488747
2006,0,0.11,15000,0,0.21,"A",0.0148858942117433,-4.19234341055045
2006,0,0.2,9500,0,0.72,"D",0.00932547280094811,-4.66563638496751
2006,0,0.15,20000,0,0.66,"A",0.000153918856031379,-8.77893107260031
2006,0,0.26,5050,1,0,"D",0.039868929620386,-3.18147249249709
2006,0,0.23,15000,0,0.06,"D",0.0176174109152097,-4.02109316480036
2006,0,0.15,19300,0,0.39,"A",0.0499765457026792,-2.94493286359735
2006,0,0.15,12000,0,0.33,"B",0.000127694981586668,-8.96573839102262
2006,0,0.2,25000,1,0.98,"B",0.00124848911713342,-6.68457189590684
2006,1,0.23,4000,0,1.01,"Missing",0.749123475070971,1.09394293762309
2006,1,0.29,9200,1,0.98,"Missing",0.70894292227129,0.890255627402047
2006,0,0.22,6001,0,0.98,"C",0.00882806488785882,-4.72095217726188
2006,0,0.17,3500,0,0.98,"Missing",0.431656207951435,-0.275097046823602
2006,0,0.16,7000,0,0.98,"C",0.013333884814795,-4.30402317401582
2006,0,0.1,7500,0,0.23,"AA",4.05265573143615e-05,-10.1135125352172
2006,1,0.29,3000,1,0.92,"Missing",0.924855294784475,2.51022162970096
2006,0,0.12,7500,1,0,"B",0.000436228516938224,-7.73690800680867
2006,0,0.07,1000,1,0.34,"AA",0.000544560640928977,-7.51498654289066
2006,1,0.29,4600,0,0.9,"Missing",0.982800649697434,4.04553469171526
2006,0,0.29,12500,0,0.96,"D",0.399631592432663,-0.40700037560865
2006,1,0.24,3000,0,0.56,"Missing",0.422049871381443,-0.314364096600479
2006,1,0.29,7100,1,1.12,"Missing",0.96822592730028,3.41681482269468
2006,0,0.26,17850,0,0.94,"C",0.00131572358190117,-6.63205192238327
2006,0,0.23,5300,0,0.45,"D",0.0379875105528279,-3.2317699973345
2006,1,0.27,7500,0,0.94,"Missing",0.874462222439458,1.94100236479133
2006,0,0.15,2000,0,0.87,"D",0.0760268276708187,-2.49759676327772
2006,0,0.18,5000,0,0,"B",0.000639276064364017,-7.35453469078571
2006,1,0.28,6000,0,0.98,"Missing",0.78454619276421,1.29235891723641
2006,1,0.2,2500,0,0.8,"Missing",0.679295929882593,0.750538066571537
2006,0,0.27,5000,0,0.83,"Missing",0.256821507395493,-1.06255492832522
2006,1,0.2,1000,0,0.9,"Missing",0.680593970736989,0.756502790837125
2006,0,0.2,5000,0,0.81,"C",0.000417167167912323,-7.78160628000722
2006,0,0.2,3000,0,0,"D",0.00576310142828832,-5.15049973459294
2006,0,0.29,3000,0,0.85,"Missing",0.279931040416474,-0.944803696013668
2006,0,0.14,25000,0,0,"AA",0.000557489423883902,-7.49150938054289
2006,0,0.25,10000,0,0.93,"B",0.00841729082431253,-4.76901434106359
2006,0,0.13,10000,0,0.15,"A",0.000792417767173304,-7.13962908951976
2006,0,0.24,5000,0,0.95,"D",0.00692543923130823,-4.96560427063392
2006,0,0.12,25000,1,0,"AA",0.0013959303736845,-6.5727972458778
2006,0,0.09,6000,0,0,"AA",4.07229939947883e-05,-10.1086769382071
2006,0,0.15,5000,0,0.85,"C",0.00183368603322271,-6.29959174286349
2006,0,0.14,2000,0,0.98,"B",0.000221778475700988,-8.41360972841351
2006,0,0.15,15000,1,0.45,"A",0.000614039591999497,-7.39483692162062
2006,0,0.15,20000,1,0.72,"B",0.00034505809080745,-7.97145265831802
2006,0,0.15,1000,0,0.27,"A",0.00214920861961451,-6.14050406701936
2006,0,0.25,9000,0,0.97,"D",0.079852146246778,-2.44435761495017
2006,0,0.08,3500,0,0,"AA",0.000528275545295067,-7.54536412916164
2006,0,0.2,9000,0,0.94,"D",0.0631155712235914,-2.69759242319289
2006,0,0.15,2000,0,0.5,"D",0.000256751425167992,-8.2671453739792
2006,0,0.2,6000,0,0.25,"A",0.00357224410079924,-5.63098264121231
2006,0,0.29,2500,0,0.08,"Missing",0.84115049793644,1.66681336905835
2006,0,0.2,9000,1,0.93,"D",0.0251267582406799,-3.65837411043471
2006,1,0.27,1800,1,0.1,"Missing",0.99890250821687,6.81362980547245
2006,0,0.15,2500,0,0.44,"D",0.000303507241210354,-8.09980153542779
2006,0,0.14,18500,0,0.45,"A",0.00539204012365516,-5.21742483442864
2006,0,0.23,14000,0,1.04,"D",0.111238599509552,-2.07815136911458
2006,1,0.23,8500,1,1.13,"Missing",0.686007980242448,0.78152168986428
2006,0,0.2,2000,0,0.01,"D",0.00321285757866978,-5.73737649653265
2006,0,0.22,12150,0,0,"D",0.166329273874434,-1.61186911037951
2006,0,0.1,7500,0,0.13,"AA",1.58270539241074e-05,-11.0537739813438
2006,1,0.28,6000,0,0.86,"Missing",0.921559098806112,2.46372141810062
2006,0,0.18,6000,0,0.75,"C",0.00186666105713192,-6.28173556958156
2006,0,0.13,15000,0,0.45,"A",6.10360540519707e-05,-9.7039847804431
2006,0,0.17,3000,0,0,"C",0.00535982866043352,-5.22344902667282
2006,1,0.29,2550,0,0.95,"Missing",0.896299461284199,2.15676726715203
2006,0,0.23,13100,0,0.71,"D",0.0616898651628876,-2.72196087101508
2006,1,0.2,2000,0,0.01,"D",0.274570889621027,-0.971553878555397
2006,0,0.17,6500,0,0.81,"C",0.00571959408125745,-5.15812142732562
2006,1,0.29,5500,0,0.99,"Missing",0.581010564101607,0.32692323235426
2006,1,0.23,6001,0,1.2,"Missing",0.994281614301277,5.15833393565998
2006,0,0.28,3500,0,0.93,"D",0.0405336254748719,-3.16424538176759
2006,0,0.16,6001,1,0.77,"C",0.000257827768024625,-8.26296090074863
2006,0,0.17,1000,1,0.14,"D",0.00523934737449812,-5.2463052143718
2006,1,0.29,5000,0,0,"Missing",0.996329351066784,5.60370940921061
2006,0,0.24,20000,1,0.88,"C",0.013751521999432,-4.27275882008563
2006,0,0.17,5000,1,0.08,"C",0.312981702677587,-0.786216194592419
2006,0,0.1,4999,0,0.06,"AA",9.36027132402632e-05,-9.27635758019696
2006,1,0.23,2000,0,0.9,"Missing",0.968282077762805,3.4186415560944
2006,1,0.29,4500,0,0.98,"Missing",0.980331618877566,3.90887857387951
2006,0,0.27,2000,1,0,"Missing",0.606950197048439,0.434510411089351
2006,1,0.27,1000,1,0.88,"Missing",0.998680585034743,6.62924656260867
2006,0,0.2,9000,1,0.93,"D",0.397323111454636,-0.416631380800598
2006,0,0.29,12000,1,0.18,"C",0.392117442647876,-0.438420307546855
2006,0,0.11,6001,0,0.01,"A",0.00995879157417595,-4.5992908305932
2006,0,0.11,20000,1,0.87,"AA",0.000170203743252855,-8.67834413057728
2006,0,0.1,3600,1,0.28,"A",0.0142804870476179,-4.2344777812053
2006,0,0.17,1275,0,0.91,"A",0.0165314981779312,-4.08581806909957
2006,0,0.23,8100,0,0.93,"C",0.00151686742076084,-6.48958995908124
2006,0,0.2,5000,0,0.22,"D",0.0107515453284233,-4.52189602241943
2006,0,0.29,3950,0,0.78,"Missing",0.637370503164018,0.563969480953362
2006,0,0.08,3001,0,0.14,"AA",2.72920861146575e-05,-10.5088864912498
2006,0,0.08,1000,0,0.05,"AA",4.30345087730108e-06,-12.3560890240544
2006,1,0.29,3000,0,0.79,"Missing",0.995424421142151,5.38243598309256
2006,0,0.09,5000,0,0,"AA",3.72331072144897e-06,-12.5008935832738
2006,0,0.17,6500,0,0.79,"C",0.000722698490281021,-7.23179548891297
2006,0,0.09,5000,0,0,"AA",7.93906434007946e-05,-9.44105064415983
2006,1,0.29,2000,1,0.83,"Missing",0.997930054906342,6.1781611064686
2006,0,0.06,9600,1,0.16,"C",0.001736516599696,-6.35413610044981
2006,1,0.18,3002,1,0.8,"D",0.00990801257639295,-4.60445407445834
2006,0,0.19,7500,0,0.8,"D",0.0560588128864736,-2.82366249267322
2006,1,0.23,5000,0,0.97,"Missing",0.760194181723671,1.15374439757692
2006,0,0.14,11500,1,0.36,"A",0.0723659989713609,-2.55090069793382
2006,1,0.28,4500,0,0.47,"Missing",0.992480553345504,4.88271486668725
2006,0,0.18,3000,1,0.93,"C",0.00822639500508218,-4.79214697271613
2006,1,0.2,1000,0,0.91,"Missing",0.703960692419649,0.86623027858102
2006,1,0.29,3500,0,0.98,"Missing",0.941067528620631,2.7706226641127
2006,0,0.14,8000,0,0.44,"A",4.49673504229519e-05,-10.0095289093251
2006,0,0.29,10500,0,0.76,"D",0.0140625170240103,-4.25008005734261
2006,1,0.28,2500,1,1.04,"Missing",0.967702444135605,3.39993309006743
2006,1,0.29,2400,0,0.87,"Missing",0.972357749882164,3.56037838856706
2006,1,0.29,2875,1,1,"Missing",0.965664352570422,3.33663221457502
2006,0,0.2,2850,0,0.7,"C",0.00626179963803588,-5.06700616613715
2006,1,0.29,3001,1,0,"Missing",0.673844782915236,0.725626397898749
2006,1,0.26,1000,0,0,"Missing",0.968475168110846,3.4249472937671
2006,0,0.15,15000,0,0.16,"AA",7.18741195768193e-05,-9.54052243158513
2006,0,0.15,8942,0,0,"B",0.0280326634476475,-3.54595181754163
2006,0,0.2,9000,0,1.01,"D",0.111275114752769,-2.07778207605071
2006,0,0.11,9000,0,0.33,"A",0.0265105662164151,-3.60334359223992
2006,1,0.25,5100,0,1.02,"Missing",0.918307092584562,2.41956467263558
2006,0,0.23,3000,0,0.89,"Missing",0.744534839131691,1.06967360270409
2006,1,0.29,2100,0,0,"Missing",0.923155445790465,2.48601302908546
2006,0,0.21,9000,0,0,"D",0.0402149549808493,-3.17247040705784
2006,0,0.15,1000,0,0,"D",0.0208270767002613,-3.85045435493462
2006,0,0.2,5000,0,0,"C",0.00319845393827467,-5.74188415029228
2006,0,0.1,3900,0,0.53,"A",8.90334318929856e-05,-9.32640958212426
2006,0,0.1,2000,1,0,"B",0.00533481126333625,-5.22815267974106
2006,0,0.24,3500,0,0,"C",0.0329587259051041,-3.37898512866145
2006,1,0.29,6000,1,0.79,"Missing",0.993951236369193,5.10183425486014
2006,0,0.24,3200,1,0.73,"Missing",0.445262667833727,-0.219830353516818
2006,0,0.2,6500,0,0.9,"D",0.000347507602763076,-7.96437644674634
2006,0,0.29,20000,0,0.89,"C",0.0223543080482328,-3.77812826990744
2006,0,0.25,15000,0,0.79,"D",0.0318714016843672,-3.41365581917984
2006,0,0.11,7000,0,0.83,"AA",9.25148983012853e-05,-9.28804834452044
2006,1,0.25,5500,0,0.49,"Missing",0.867563734995543,1.87958746799242
2006,0,0.09,5000,0,0,"AA",0.000271018474683165,-8.21305251193877
2006,0,0.29,4000,1,0,"Missing",0.466694779934732,-0.133418437954791
2006,0,0.13,10000,0,0.28,"AA",2.44210269624371e-05,-10.620041614687
2006,1,0.23,1600,1,1.46,"Missing",0.885379572727196,2.04439041194533
2006,0,0.15,12000,0,0.61,"B",0.000179941236976324,-8.62270026418844
2006,0,0.11,25000,0,0.29,"AA",0.000109010791372694,-9.12395466048295
2006,0,0.22,5000,0,0.93,"D",0.00737968434222854,-4.90161736441643
2006,0,0.12,3000,0,0.56,"B",0.000171167128203794,-8.672698939069
2006,0,0.29,4000,0,1.07,"Missing",0.630447251220121,0.534136002696896
2006,0,0.11,1000,0,0.98,"D",0.000209087183740282,-8.47255013685292
2006,0,0.15,3500,0,0.3,"C",0.00368058441759334,-5.60099635584715
2006,0,0.15,6000,0,0.72,"B",0.000549046272204762,-7.5067786384272
2006,0,0.18,15000,1,0.02,"C",0.00286246605825365,-5.8532051968016
2006,1,0.29,3000,0,0.92,"Missing",0.962273919808813,3.23894751251848
2006,0,0.12,15000,0,0.09,"A",0.0207634436435253,-3.85357932061774
2006,0,0.12,7000,0,0.2,"B",0.000624751390124298,-7.37753181653418
2006,1,0.2,1000,0,0.98,"Missing",0.937905298177079,2.71498831403903
2006,0,0.24,4592,0,0.6,"C",0.0010796143621234,-6.83007117615389
2006,0,0.12,4000,0,0.28,"AA",0.00270744268135041,-5.90903963520309
2006,0,0.14,7500,1,0.54,"B",0.000858266159337149,-7.05973766288291
2006,0,0.17,9000,0,0.99,"C",0.00495889327843337,-5.30160146310156
2006,0,0.2,11000,0,0.44,"C",0.00122942936175661,-6.69997496504944
2006,0,0.23,6001,0,0.24,"D",0.00791959287739236,-4.83046435943176
2006,1,0.29,3800,0,0.84,"Missing",0.750504171756617,1.10130301511008
2006,0,0.26,25000,1,0.09,"B",0.00629620285716645,-5.06149244084309
2006,0,0.2,3000,0,1,"C",0.056543707179032,-2.81453612173672
2006,1,0.24,3000,0,0.92,"Missing",0.936451753571741,2.69029859906895
2006,1,0.17,1200,0,1.36,"Missing",0.871584906567815,1.91504535155283
2006,0,0.28,15000,0,0.93,"B",0.00634625849399581,-5.05352337167749
2006,0,0.08,2000,0,0.23,"AA",0.00588704938730358,-5.12909591338298
2006,0,0.23,4000,0,0.51,"D",0.0158746435507723,-4.12703019267169
2006,1,0.2,2500,0,0.78,"Missing",0.925046273426225,2.51297281747675
2006,0,0.25,3000,0,0.73,"D",0.00111032593361765,-6.801990730068
2006,0,0.29,20000,0,0.03,"D",0.0360708518436216,-3.28553268310773
2006,1,0.28,4000,0,0,"Missing",0.971857025033231,3.54191093374352
2006,1,0.29,2550,0,1,"Missing",0.930712191911371,2.59768112956653
2006,1,0.29,5000,1,0,"Missing",0.95089341332064,2.96340880367773
2006,1,0.25,5500,0,0.49,"Missing",0.993960707265142,5.10341076774841
2006,0,0.2,2018,0,0,"Missing",0.743177631051024,1.06255041437005
2006,0,0.21,7000,0,0.52,"C",0.0031950235245854,-5.74296068973207
2006,0,0.23,19000,0,0.95,"C",0.00486407764361574,-5.32100222576135
2006,0,0.26,9500,0,0.86,"D",0.0401146761606127,-3.17507156659509
2006,0,0.19,9000,1,0.98,"C",0.331806480448471,-0.700025922754668
2006,0,0.29,10000,0,0.78,"D",0.00720328078108835,-4.92598934303219
2006,0,0.16,8000,0,0.9,"B",0.000224335095607404,-8.40214530115095
2006,0,0.26,17850,0,0.94,"C",0.00434167941444395,-5.43514291199267
2006,0,0.15,3000,0,0.96,"C",0.00503373358941763,-5.28654686041144
2006,0,0.15,6000,0,0.72,"B",0.00034401995721399,-7.97446680797109
2006,1,0.26,6500,0,0.53,"Missing",0.616709684413444,0.475605679296495
2006,0,0.21,4000,1,0.91,"D",0.058146817132047,-2.78487826361112
2006,0,0.2,5000,0,0.64,"D",0.0368205847750655,-3.26418264541554
2006,0,0.29,5000,0,0.77,"D",0.554365408030209,0.218324734907318
2006,0,0.16,25000,0,0.92,"A",0.000133580571843716,-8.92067213827324
2006,0,0.15,7500,0,0.72,"B",0.000433652760722678,-7.74283268779257
2006,0,0.2,10000,0,0.03,"D",0.00494821672518162,-5.30376752516346
2006,0,0.14,8000,0,0.53,"B",0.00168008919131713,-6.38722689478252
2006,0,0.22,6001,0,0.69,"D",0.00178073221180795,-6.32894832471294
2006,0,0.14,18500,0,0.45,"A",0.00143905287642908,-6.54233001718458
2006,0,0.24,1500,0,0.96,"Missing",0.234042084439808,-1.18562628048901
2006,0,0.24,2500,1,0.96,"D",0.0919170246281317,-2.29044949312334
2006,1,0.29,9000,1,0,"Missing",0.999666203108427,8.00464400641021
2006,0,0.28,5000,0,0.95,"C",0.0246569373701779,-3.67773097242847
2006,1,0.29,5000,0,0.83,"Missing",0.985677473012718,4.23149558305709
2006,1,0.29,5000,0,0.75,"Missing",0.759219678949374,1.14840618071565
2006,0,0.25,2550,0,0,"Missing",0.0775785341690327,-2.47571147301091
2006,0,0.11,3000,0,0.32,"AA",0.00480139172778668,-5.33403650436633
2006,0,0.2,9000,1,0.93,"D",0.00208577445766805,-6.17052709745779
2006,0,0.15,8500,0,0,"B",7.09840464071508e-05,-9.55298441809639
2006,1,0.28,5000,0,0.56,"Missing",0.541373832158897,0.165874613287842
2006,1,0.29,4500,1,1.32,"Missing",0.912848585515285,2.34892302173666
2006,0,0.2,3500,0,0.51,"D",0.000838018133235965,-7.08363244954317
2006,0,0.22,13000,0,0.82,"D",0.0182210739419483,-3.98678732367442
2006,0,0.18,3001,0,0.8,"D",0.000111119424272382,-9.10479391506719
2006,0,0.2,6000,0,0.02,"C",0.00860545499025899,-4.74671627989282
2006,0,0.2,5000,0,0.61,"C",0.139256532993564,-1.8214787190247
2006,0,0.29,1000,0,0.92,"Missing",0.578032649362935,0.314702410979817
2006,0,0.13,20000,0,0.13,"AA",0.0151022546299411,-4.17769377806032
2006,0,0.24,5600,0,0.62,"Missing",0.546526119876206,0.186644429609848
2006,0,0.14,2000,0,0.5,"C",0.000179641945426075,-8.6243652221386
2006,0,0.29,25000,0,0.82,"B",1.54543521715567e-05,-11.0776044458653
2006,0,0.09,1500,0,0.76,"A",0.00102400647800408,-6.88300789507814
2006,0,0.13,21000,0,0.24,"A",0.000397789002107378,-7.82919097057434
2006,0,0.11,6001,0,0.01,"A",0.000264146714921892,-8.23874168923501
2006,0,0.22,10000,0,0.8,"D",0.053167170569573,-2.87968143982134
2006,0,0.17,3500,0,0,"B",0.000734870078076225,-7.21508169867082
2006,1,0.29,2550,0,0,"Missing",0.933291116251579,2.63837904020045
2006,0,0.13,7500,0,0.92,"B",0.000205754143583652,-8.48862280437182
2006,0,0.2,10000,0,0.35,"C",0.00627476845134658,-5.06492415727695
2006,0,0.16,5000,0,0.94,"C",0.26742876243067,-1.00770736661765
2006,0,0.24,5000,0,0.7,"B",0.00277019689887154,-5.88606283768882
2006,0,0.15,3500,0,0.56,"C",0.0222931542188252,-3.78093023077779
2006,0,0.14,2690,1,0.69,"C",0.0275650734823003,-3.56325364182651
2006,0,0.15,5000,1,0.84,"B",0.00931987786775553,-4.66624217501683
2006,0,0.08,2000,0,0.05,"AA",0.000211024678272156,-8.46332442574441
2006,0,0.22,7500,0,0.92,"D",0.000528415781857124,-7.54509856306523
2006,1,0.29,3000,0,0.92,"Missing",0.998285716699345,6.36704443183611
2006,0,0.23,10000,0,0.44,"C",0.00706923855193173,-4.94490816215012
2006,1,0.29,3000,1,0,"Missing",0.720961400276541,0.949235476965727
2006,1,0.17,6500,1,0,"D",0.537988988181582,0.152249365985849
2006,0,0.09,1000,0,0.02,"AA",0.00205457528840474,-6.18562943587908
2006,0,0.11,3000,0,0,"B",0.00210691710070967,-6.16042034986455
2006,0,0.2,3000,0,0.27,"D",0.491987826421261,-0.0320514378890566
2006,0,0.29,5000,0,0.72,"Missing",0.615681830419563,0.471259544905991
2006,0,0.2,3500,0,1,"D",0.00263409105811606,-5.93657953959896
2006,0,0.13,4950,0,0,"B",0.000636577493617146,-7.35876761758771
2006,0,0.09,5000,0,0.08,"A",0.00197291820598081,-6.22626664250302
2006,0,0.15,5000,0,0.35,"B",7.62366481208473e-05,-9.48159202486726
2006,0,0.25,1000,1,0.95,"D",0.00182268099709197,-6.30562244237803
2006,0,0.12,3500,0,0.31,"A",0.000857087872422352,-7.06111265432537
2006,1,0.29,3000,0,0,"Missing",0.948699097349397,2.9173833273876
2006,0,0.23,14000,0,1.04,"D",0.0545084859387033,-2.85334851813194
2006,1,0.23,1000,1,0.93,"Missing",0.905958406646762,2.26525622932597
2006,0,0.29,3500,0,0.88,"Missing",0.173369146929173,-1.56193510819016
2006,0,0.21,4000,0,0,"D",0.113963482774361,-2.05088009504773
2006,1,0.14,12000,1,0.37,"A",0.00835115936471515,-4.77696867802188
2006,0,0.19,24000,1,0.18,"B",0.00902812807840239,-4.69834110474544
2006,0,0.17,9500,0,0.37,"C",0.00363997385569778,-5.61213216517951
2006,1,0.29,3999,0,0.94,"Missing",0.819222631910107,1.51108961711813
2006,0,0.08,1000,0,0.05,"AA",0.00283026864566509,-5.86454936260624
2006,0,0.19,6500,0,0.7,"C",0.00301851105990664,-5.79996851974103
2006,0,0.15,5500,0,0.28,"C",0.0109657367239817,-4.50195340708422
2006,1,0.29,3001,0,0.92,"Missing",0.703537817748788,0.864201968592666
2006,0,0.21,5000,0,0,"D",0.0120617060809691,-4.40558459287257
2006,0,0.17,1000,1,0.59,"D",0.00641385748690813,-5.04285988237816
2006,0,0.24,14900,0,0.93,"D",0.0696749341396041,-2.59169343014193
2006,0,0.11,3500,0,0,"D",0.243264877690524,-1.13486240639204
2006,0,0.15,5000,0,0.35,"B",0.00154271941388367,-6.4726646560403
2006,0,0.17,15000,0,0.52,"B",0.00217987850434765,-6.12630387778686
2006,0,0.21,6250,0,0,"C",0.00233737228284307,-6.05638782844856
2006,0,0.18,18000,0,0.15,"B",0.000609693976556297,-7.40194352454037
2006,0,0.25,9000,0,0.97,"D",0.829871652438302,1.58471791536782
2006,1,0.21,3000,1,0.65,"Missing",0.962565995663609,3.24702313253689
2006,0,0.29,2550,1,0,"Missing",0.852021010702046,1.75054088749043
2006,0,0.23,3000,0,0.89,"Missing",0.206959133633105,-1.34335340247432
2006,0,0.15,4000,0,0,"C",0.0097848738009519,-4.61708451514316
2006,1,0.29,2000,1,0,"Missing",0.643036766311369,0.588569112326784
2006,0,0.1,5000,0,0,"A",0.000829591853715252,-7.0937467844749
2006,0,0.22,8000,1,0.93,"D",0.0532809452018148,-2.87742361418243
2006,0,0.22,25000,1,0.69,"AA",0.0289824610652865,-3.51165367470827
2006,1,0.2,1800,0,0.61,"Missing",0.428692965306611,-0.287185815031041
2006,0,0.1,15000,0,0.21,"AA",0.000172844565179428,-8.66294497499646
2006,0,0.23,14000,0,1.04,"D",0.00608910984047934,-5.0951456512818
2006,0,0.2,6000,0,0.02,"C",0.00861763244589062,-4.74528991132721
2006,0,0.17,25000,0,0.54,"A",0.00335581889162186,-5.69369799510025
2006,0,0.24,5000,0,0.7,"B",0.000187200801727744,-8.58314149287029
2006,0,0.29,3000,0,0,"Missing",0.260319244131443,-1.04430994227186
2006,0,0.14,2500,1,0.71,"B",0.000648242962888754,-7.3405965359927
2006,0,0.2,24900,0,0.87,"C",0.0107936142913286,-4.5179483011136
2006,1,0.24,1000,0,0.97,"Missing",0.644774858638792,0.596149410015025
2006,0,0.15,25000,0,0.04,"A",0.000722929800574763,-7.23147524391988
2006,0,0.1,6000,0,0.51,"AA",0.000893274770705315,-7.01972265647857
2006,1,0.25,15000,1,0.82,"D",0.689643381021087,0.798452604786345
2006,0,0.12,2500,0,0,"B",0.000710947308241902,-7.24820104012056
2006,0,0.29,5000,0,0,"Missing",0.802373462957022,1.40119509094041
2006,0,0.14,3000,0,0.85,"C",0.00063637125993337,-7.35909184907159
2006,0,0.22,12150,0,0,"D",0.000791411013584717,-7.140901388181
2006,1,0.26,12000,0,0.59,"D",0.344723135894401,-0.64231624941839
2006,0,0.29,23250,0,0.92,"C",0.0965323495529935,-2.2363621239872
2006,1,0.15,6000,0,0.14,"C",0.00105735594672217,-6.85092596157453
2006,0,0.15,3500,1,0.89,"C",0.000265113630976163,-8.23508687896857
2006,0,0.13,5000,1,0.16,"A",0.00683141441704065,-4.97936868261483
2006,1,0.28,3500,0,0,"Missing",0.998297084760584,6.37370928302793
2006,0,0.11,6001,0,0.01,"A",0.000681891601836579,-7.2899577301463
2006,0,0.14,2400,0,0.94,"B",0.00461528689865345,-5.37375527618516
2006,0,0.19,6000,0,0.49,"C",0.00088846710276071,-7.02512407462434
2006,0,0.25,10000,0,0.93,"B",0.00469958355091443,-5.35557071906574
2006,0,0.1,6000,0,0.52,"A",0.000170451987632196,-8.67688643184562
2006,0,0.09,1500,0,0.03,"AA",0.00224473332764647,-6.09692129333799
2006,0,0.07,2500,1,0.06,"AA",0.000360636547952444,-7.92727919756982
2006,0,0.1,1500,0,0.16,"A",0.000860746603502885,-7.05684928446885
2006,0,0.2,5500,1,0.47,"D",0.0284290517415496,-3.53150272479523
2006,1,0.29,3500,0,0.99,"Missing",0.850762862167162,1.74059686200347
2006,0,0.17,4990,0,0.9,"C",0.000686268407820968,-7.28355523771968
2006,0,0.15,15000,0,0.04,"AA",1.1616373172356e-05,-11.3630833582379
2006,0,0.12,25000,0,0.17,"AA",0.0012766112992601,-6.66226870726227
2006,0,0.11,15000,0,0.01,"AA",8.34707558750423e-06,-11.693590962377
2006,1,0.28,3001,0,0,"Missing",0.72249773582295,0.95688519382283
2006,1,0.2,2500,0,0.78,"Missing",0.679649311413169,0.752160649066005
2006,0,0.11,6000,0,0,"A",0.0096271119387623,-4.63349824850602
2006,1,0.29,2550,0,0.9,"Missing",0.992043918033479,4.82583071509866
2006,1,0.29,4750,1,1.19,"Missing",0.989630987953552,4.55851038685236
2006,0,0.15,3500,0,0.3,"C",0.000237566620356499,-8.34482487221626
2006,0,0.23,5000,0,0.37,"D",0.421185129964207,-0.317910209916156
2006,0,0.19,3001,0,0.48,"D",0.153352710922832,-1.70854361575184
2006,0,0.27,8500,0,0.96,"C",0.0388823288472863,-3.20755697190927
2006,1,0.29,4531,0,0,"Missing",0.997875517738022,6.15210040553769
2006,0,0.11,6000,0,0,"A",0.00121306833217289,-6.71338851271069
2006,0,0.15,8000,0,0.54,"B",2.12101770348813e-05,-10.7610082322557
2006,0,0.2,8500,0,0.48,"B",0.000180055425515215,-8.62206576330514
2006,0,0.13,5000,1,0.16,"A",2.88013629692789e-05,-10.4550590448423
2006,0,0.28,5000,0,0.56,"Missing",0.200675733225817,-1.38207636639539
2006,1,0.29,3500,1,0,"Missing",0.947229063038135,2.88758034392694
2006,0,0.12,10000,0,0.58,"A",0.0262958570579302,-3.61169610235943
2006,0,0.07,3000,1,0.09,"AA",0.000164755441883931,-8.71088358494967
2006,1,0.29,4000,0,1.12,"Missing",0.684950374659194,0.77661622270305
2006,1,0.2,1500,0,0.88,"Missing",0.597775168453554,0.396203496036835
2006,0,0.29,3000,1,1.01,"Missing",0.873200976365688,1.92956240089323
2006,0,0.2,25000,1,0.19,"C",0.000853046360714053,-7.06584325134538
2006,1,0.22,3000,0,0.3,"Missing",0.770212073104869,1.20950906995394
2006,0,0.2,9000,0,0.94,"D",0.00186838954843149,-6.28080828604689
2006,1,0.29,4500,0,0.98,"Missing",0.897453311305749,2.16924290385387
2006,0,0.11,1200,0,0.87,"Missing",0.0495133829186489,-2.9547310869307
2006,1,0.29,1000,0,0.95,"Missing",0.946549052035542,2.8740584211102
2006,1,0.29,3500,0,0,"Missing",0.9870940077553,4.33707356224363
2006,0,0.25,25000,0,0.71,"A",0.0191475026652479,-3.93624979076737
2006,0,0.11,6475,0,0.1,"AA",0.000349602884211429,-7.95836300017469
2006,0,0.23,19000,0,0.95,"C",0.0415553001406939,-3.13828679264801
2006,0,0.14,1000,0,0,"B",0.000675517972641601,-7.29935504825301
2006,0,0.15,15000,0,0.01,"AA",0.000177229592164709,-8.63788728976466
2006,0,0.29,11000,0,0.98,"D",0.0250605243286009,-3.66108152065853
2006,0,0.09,5000,0,0,"AA",0.000557276593254268,-7.49189143260275
2006,1,0.27,7500,0,0.73,"C",0.629920737451674,0.531876792102254
2006,0,0.28,5500,0,0.35,"D",0.00401579686971896,-5.51349559628692
2006,0,0.21,9000,0,0,"D",0.230733953713208,-1.20417154237537
2006,0,0.13,20000,0,0.79,"A",0.0218689490124836,-3.80057588261642
2006,0,0.23,1600,1,1.46,"Missing",0.40720539329484,-0.375530265960992
2006,0,0.11,3000,0,0.27,"B",0.000173336986786752,-8.66009960565179
2006,1,0.29,1000,0,0.92,"Missing",0.916666242845956,2.3978897246128
2006,1,0.2,6000,0,0.85,"Missing",0.647316144724679,0.607262745353768
2006,1,0.29,25000,1,0.96,"Missing",0.802034543968834,1.3990591282345
2006,0,0.14,3210,0,0.08,"B",7.12564202615152e-05,-9.54915437498241
2006,0,0.15,6000,0,0.39,"B",0.00131488458869191,-6.63269063264934
2006,0,0.22,7000,0,0.07,"AA",0.00863554934962145,-4.74319489869383
2006,1,0.17,3000,0,0,"Missing",0.855711966598065,1.78012229816446
2006,0,0.28,12000,0,0.83,"D",0.0567468469969422,-2.81073460624742
2006,0,0.21,9000,0,0,"D",0.0121606312398288,-4.39731631594258
2006,0,0.17,1075,1,0.9,"Missing",0.340752629862951,-0.659942047638267
2006,1,0.29,2100,0,0,"Missing",0.826165451378024,1.55869108093226
2006,1,0.24,8000,1,0.93,"Missing",0.905343283441235,2.25805735330098
2006,1,0.29,2550,1,0.93,"Missing",0.830927519018926,1.59221506512975
2006,0,0.29,1890,1,0,"Missing",0.897313004272368,2.16771926183044
2006,1,0.29,3000,1,0.75,"Missing",0.865093296297456,1.85825390226185
2006,1,0.14,2000,0,0,"C",0.101501127828194,-2.1806555409604
2006,0,0.29,4300,1,0.95,"Missing",0.357866718539554,-0.584635263164662
2006,1,0.29,5000,1,0,"Missing",0.990179550957351,4.61341944260924
2006,0,0.09,5000,0,0,"AA",0.00283000022258232,-5.86464447643165
2006,0,0.1,2000,0,0,"B",0.0141760123029494,-4.24192656547007
2006,1,0.29,2501,0,1.22,"Missing",0.982434216208851,4.02408047894132
2006,0,0.27,6000,0,0.95,"Missing",0.405216039752595,-0.383777891220167
2006,1,0.29,1500,0,0.95,"Missing",0.567449180855892,0.271451375812706
2006,0,0.19,25000,0,0.72,"A",0.00361476910873891,-5.61910597757263
2006,0,0.18,20000,0,0.67,"B",0.00321922660572128,-5.73538971337002
2006,0,0.2,5200,1,0.77,"D",0.129607830152569,-1.90443068008497
2006,0,0.2,8000,0,0.84,"D",0.0440980819488435,-3.07623902332382
2006,1,0.29,5000,0,0.77,"Missing",0.231864627059487,-1.19781228715649
2006,0,0.23,4500,1,0,"D",0.144969582214116,-1.77461310208125
2006,1,0.2,1000,0,0,"Missing",0.677308682282205,0.74143093152355
2006,0,0.13,10000,0,0.28,"AA",0.000478281814150062,-7.64483203362158
2006,0,0.15,9800,0,0.94,"B",0.00648097305657486,-5.03238255109367
2006,0,0.25,15000,1,0,"D",0.00499663869076362,-5.29398069083562
2006,0,0.24,9500,0,0.86,"D",0.0064622469887485,-5.03529497289029
2006,0,0.2,25000,0,0,"B",0.000113540692343741,-9.08323571530586
2006,1,0.29,4300,1,0.95,"Missing",0.658180444887014,0.655196144886305
2006,0,0.11,7000,0,0,"AA",0.0040058493019586,-5.5159857663214
2006,0,0.2,4000,0,0,"D",0.19408177543761,-1.42370268587827
2006,0,0.26,7000,0,0.92,"C",0.00524953676369654,-5.24435207776388
2006,0,0.17,15000,0,0.52,"B",0.00805653631689368,-4.81318238660895
2006,1,0.29,4090,1,0.58,"Missing",0.9036987866008,2.2390151852816
2006,0,0.09,1500,0,0.29,"A",0.000389510645237354,-7.85022977598321
2006,0,0.22,12000,1,0.92,"C",0.0120435327813325,-4.40711081803977
2006,0,0.18,4100,0,0.5,"C",0.00674259987326846,-4.99254425666385
2006,1,0.29,3000,0,0,"Missing",0.701750975712242,0.855649816124628
2006,0,0.24,15000,0,0.86,"B",0.000566202458300714,-7.47599248073116
2006,0,0.08,3000,0,0.03,"AA",3.42815348573225e-05,-10.2808694089803
2006,1,0.29,4000,1,0.98,"Missing",0.969814007011279,3.46972629929478
2006,0,0.2,13000,0,1.01,"B",0.000112824288991574,-9.08956608348644
2006,0,0.29,3600,1,0.69,"D",0.200584876469538,-1.38264288349242
2006,0,0.15,3000,0,0.46,"B",0.000565150036970152,-7.47785400011656
2006,0,0.2,3000,0,0.89,"D",0.000631083149216128,-7.36744164802034
2006,1,0.29,1000,0,0,"Missing",0.961773695982515,3.22525531423971
2006,0,0.18,8000,0,0.35,"C",0.00110864340735917,-6.80350890822425
2006,0,0.19,24000,1,0.18,"B",0.00279569018077149,-5.87687666335041
2006,1,0.26,7225,0,1.01,"Missing",0.995016654621163,5.29665804700761
2006,0,0.29,12000,0,0.6,"B",0.00191075620823037,-6.2583436107084
2006,0,0.16,3000,0,0.81,"B",0.00034984362535916,-7.95767438317203
2006,0,0.17,9000,0,0.9,"C",0.000571820355829697,-7.46611369524002
2006,0,0.24,25000,0,0.89,"B",0.00429897117465695,-5.44507130829772
2006,0,0.11,1527,0,0.03,"AA",0.000283117644518538,-8.16936488396004
2006,0,0.29,4500,0,0.97,"D",0.0283660277719312,-3.53378693782871
2006,0,0.1,2000,0,0,"AA",0.00156169468211094,-6.46042079727039
2006,1,0.24,1500,0,0.99,"Missing",0.596161428599832,0.389496261379292
2006,0,0.28,6000,0,0,"D",0.113129189001313,-2.05916889339503
2006,0,0.17,10000,0,0.62,"B",0.00248097643047165,-5.9966190151767
2006,1,0.17,1675,0,0.95,"Missing",0.923181095107764,2.48637465066175
2006,0,0.28,9000,0,0.7,"D",0.0139989203420903,-4.25467724137042
2006,1,0.29,6000,0,1.02,"Missing",0.764910341096018,1.17979165714413
2006,0,0.13,25000,0,0.1,"AA",6.41319776719779e-05,-9.6545033127608
2006,0,0.15,1500,0,0.8,"C",0.00180733872192259,-6.31409086113533
2006,0,0.23,10000,0,0.67,"D",0.0107676677840662,-4.52038130005133
2006,0,0.08,2499,0,0.01,"AA",0.000165743855812491,-8.70490124099711
2006,0,0.09,2000,0,0,"A",0.00289441000947854,-5.84207537819249
2006,0,0.15,6000,0,0.14,"C",0.0012634830610804,-6.67261875564424
2006,1,0.29,3500,0,0.88,"Missing",0.98828654834194,4.43523478863146
2006,0,0.25,3000,0,0.73,"D",0.0135853769166492,-4.28508278888542
2006,1,0.29,5000,0,1.08,"Missing",0.980182819103036,3.9011898208552
2006,0,0.08,2750,0,0.01,"AA",0.000305772567981469,-8.09236315491776
2006,0,0.15,7500,1,0,"A",0.00473034434437112,-5.34901571121849
2006,0,0.16,24000,1,0.35,"A",0.129939717396707,-1.90149186902203
2006,0,0.29,1800,0,0.85,"Missing",0.529660483968167,0.118781396537202
2006,0,0.27,7500,0,0.73,"C",0.0294307388741621,-3.49584309841237
2006,0,0.21,5000,0,0.26,"D",0.0562407028860102,-2.82023040636386
2006,0,0.2,7000,0,0.28,"C",0.000430136985135263,-7.75097660040675
2006,0,0.17,10000,0,0.85,"C",0.0128754534008559,-4.3394735569729
2006,0,0.15,25000,0,0.44,"AA",0.0257674084375293,-3.63253962099308
2006,0,0.2,9000,0,0.92,"C",0.000154624536619863,-8.77435608756348
2006,0,0.17,1675,0,0.95,"Missing",0.324313108858089,-0.734020355451299
2006,0,0.13,7500,0,0.92,"B",0.0198493641208624,-3.89953429752658
2006,1,0.29,4850,0,0.89,"Missing",0.639802659605052,0.574507735413876
2006,0,0.07,3000,1,0.01,"AA",0.000461006783145696,-7.68163668801444
2006,0,0.2,5000,0,0.85,"D",0.00147176882724958,-6.51981746477119
2006,0,0.1,14000,0,0.26,"AA",0.00280334148104628,-5.87413590903037
2006,0,0.25,25000,0,0.57,"D",0.0154617190644876,-4.15380554963797
2006,0,0.15,4500,1,0.49,"C",0.0036792187847682,-5.60136883232751
2006,1,0.29,3001,0,0.83,"Missing",0.98510494798611,4.1917191034792
2006,0,0.15,9000,0,0.97,"C",0.00774516193224885,-4.85291158588392
2006,0,0.16,25000,0,0.85,"A",0.00131544407451265,-6.63226466108024
2006,0,0.29,1800,0,0.98,"Missing",0.677557587260243,0.742569993644572
2006,1,0.24,2550,0,0,"Missing",0.954961996197632,3.05416488283354
2006,0,0.22,10000,0,0.65,"C",0.223177233258111,-1.24724600114484
2006,0,0.12,1500,1,0.59,"D",0.0821050865173096,-2.41408294105443
2006,0,0.13,8000,0,0.57,"A",0.000202576078271362,-8.50419245020664
2006,0,0.15,17000,1,0.58,"A",0.000830950592749404,-7.092108924028
2006,1,0.2,1300,0,0,"Missing",0.141117319324527,-1.80604073966572
2006,0,0.15,4000,0,0.72,"C",0.0039204799786836,-5.53761300392793
2006,1,0.29,3500,0,1.01,"Missing",0.69832864985055,0.839351656739123
2006,1,0.17,1700,0,0.8,"Missing",0.343017827294677,-0.649874463290428
2006,0,0.11,6000,0,0,"A",8.13634651913968e-05,-9.41650284950751
2006,1,0.2,1500,0,0.6,"Missing",0.967319561012392,3.38775220445009
2006,0,0.1,3000,0,0,"A",0.000124045664183184,-8.99473674724985
2006,1,0.29,2975,0,0.96,"Missing",0.896233889441003,2.15606198668108
2006,0,0.17,11000,0,0.61,"C",0.00212631036182008,-6.1512384516248
2006,0,0.12,6000,0,0.03,"AA",0.000300088279814309,-8.11113372723283
2006,0,0.15,2200,1,0,"C",0.00521364044093143,-5.25124964727216
2006,0,0.22,10000,0,0.93,"D",0.00242398747306355,-6.0199144485796
2006,0,0.15,2500,0,0.7,"D",0.00050724274048258,-7.58601351944699
2006,1,0.29,2550,1,0,"Missing",0.913303680431399,2.35465701080969
2006,0,0.1,3500,0,0.07,"AA",0.000673242695674986,-7.3027312062563
2006,0,0.12,25000,0,0.01,"AA",0.00221565218511014,-6.10999036821967
2006,1,0.23,7200,0,1.12,"Missing",0.942379902757557,2.79453706976728
2006,0,0.16,17000,0,0,"A",0.00300015961154081,-5.80608511877024
2006,0,0.15,12000,0,0.43,"A",0.00287106893790449,-5.85019566796006
2006,0,0.07,2000,0,0.39,"C",0.00117119525853384,-6.74855858150474
2006,0,0.17,5000,0,0.34,"D",0.0130207015920593,-4.32810854390863
2006,0,0.19,6001,0,0.05,"D",0.000144509857162083,-8.8420183167841
2006,0,0.29,10500,0,0.76,"D",0.00260639942706433,-5.94717573793565
2006,0,0.17,6500,0,0.81,"C",0.0327769229283244,-3.38470446017406
2006,0,0.2,6000,0,0.25,"A",0.00236043483781996,-6.04654619854788
2006,0,0.11,15152,0,0.6,"A",2.39668879731232e-05,-10.6388133808456
2006,0,0.18,8000,1,0,"C",0.0332762694673961,-3.3690682428104
2006,1,0.24,2550,1,0.93,"Missing",0.969018805553957,3.44290362924142
2006,0,0.07,3000,0,0.87,"C",0.000200616374396672,-8.51391542216514
2006,0,0.11,11000,1,0.43,"AA",0.00389290798816742,-5.54469834075548
2006,0,0.07,2000,1,0.07,"AA",0.000435554327586827,-7.73845537262699
2006,1,0.24,10000,1,0,"C",0.0607107238840006,-2.73900314733789
2006,0,0.13,15000,0,0,"B",5.59181556306597e-05,-9.79156552314788
2006,0,0.15,5000,0,0.7,"C",0.00294762780683427,-5.82380258477809
2006,0,0.2,3300,0,0.55,"D",0.000179862986079783,-8.62313530620737
2006,0,0.15,6000,0,0.14,"C",0.000124666524430936,-8.98974351585088
2006,0,0.21,13500,0,0.84,"D",0.0458810402720201,-3.03473639364386
2006,0,0.09,1500,0,0.03,"AA",0.000161271134787389,-8.73226225828781
2006,0,0.13,10000,0,0.28,"AA",0.000244530498263164,-8.31592595915502
2006,1,0.24,10000,0,0,"C",0.206197999321563,-1.34799719180223
2006,0,0.15,3000,0,0,"C",0.00201688293941997,-6.20418313908327
2006,0,0.29,6000,0,1.12,"Missing",0.324029919184428,-0.735312961224162
2006,0,0.24,12000,0,0.9,"D",0.0021463871368395,-6.14182055784365
2006,1,0.29,3001,0,0.83,"Missing",0.713280422418247,0.911369985909167
2006,0,0.21,15500,0,0.66,"A",0.00330283882987385,-5.7096646235952
2006,1,0.29,2550,1,1.26,"Missing",0.977905933485844,3.79010439392598
2006,0,0.15,20000,1,0.79,"B",0.000452946438081474,-7.69928362865337
2006,0,0.23,3500,1,0.96,"C",0.00293937884230737,-5.8266132907803
2006,0,0.13,9000,0,0,"A",0.000397845779946192,-7.82904819040335
2006,0,0.09,1000,0,0.18,"AA",0.000257009032417749,-8.26614228602739
2006,0,0.2,3000,0,0.62,"C",0.0334806655901362,-3.36273317735628
2006,0,0.24,10000,0,0.54,"A",0.00979498730312532,-4.61604125008715
2006,0,0.16,8000,0,0.9,"B",0.0108721899576079,-4.51061540598054
2006,0,0.15,5000,1,0.92,"C",0.017425051950381,-4.03226768582353
2006,0,0.2,3000,0,0.39,"D",0.0033112089661671,-5.7071252065531
2006,0,0.1,7000,0,0.17,"AA",4.6187922686545e-05,-9.98274601877287
2006,1,0.29,2000,0,0.98,"Missing",0.98850005603066,4.45384653616712
2006,0,0.25,8500,0,0.87,"C",0.0167801295584303,-4.0706373460044
2006,0,0.22,12500,0,0.96,"C",0.00398764194402093,-5.52055960047033
2006,0,0.29,3001,0,0,"Missing",0.978685095643519,3.82680336852643
2006,1,0.29,2000,0,1.26,"Missing",0.909590028429169,2.30863941348532
2006,0,0.19,3000,0,0,"D",0.198477841195799,-1.3958351556946
2006,1,0.29,6000,1,0.77,"Missing",0.591503316607676,0.370183495239833
2006,0,0.07,1000,1,0.99,"D",0.000754110533882363,-7.18921720902134
2006,1,0.24,3500,0,0.83,"Missing",0.981099948926811,3.94950971476519
2006,0,0.2,5000,0,0.77,"D",0.0197703208029015,-3.90360504692912
2006,0,0.16,25000,0,0.78,"B",0.00338885619359335,-5.68386820917092
2006,1,0.29,3025,1,0,"Missing",0.802247721212311,1.40040230933014
2006,0,0.29,5000,1,0.42,"D",0.0839844177957105,-2.3894020964659
2006,0,0.18,5000,0,0.5,"D",0.0018408113586426,-6.29570634103565
2006,0,0.22,25000,0,0.63,"AA",0.000536954263195095,-7.52906053956675
2006,0,0.29,25000,0,1.31,"Missing",0.364719112165413,-0.554939742523147
2006,0,0.29,2550,0,0,"Missing",0.908546695081498,2.29601777125385
2006,0,0.19,2100,0,0.86,"D",0.00109304134485623,-6.81769760440306
2006,1,0.29,5000,0,0.51,"Missing",0.424661587525661,-0.303665824015387
2006,0,0.29,9000,1,0.95,"D",0.302645047899123,-0.834733878356819
2006,0,0.2,7000,0,0.86,"D",0.054538466634092,-2.85276694086142
2006,1,0.29,2700,0,0,"Missing",0.867307877161651,1.87736244114405
2006,0,0.15,5100,0,0.19,"C",0.000933091231687326,-6.97607405190611
2006,0,0.21,7000,0,0.52,"C",0.0307218125643924,-3.45157874853996
2006,0,0.11,1500,0,0.07,"B",0.00100617963983038,-6.9005879686478
2006,0,0.2,25000,1,0.87,"C",0.0194614548326714,-3.91966612248881
2006,0,0.17,10000,1,0.95,"D",0.00330017856974611,-5.71047306375971
2006,0,0.19,15000,0,0.37,"C",0.0188628064866684,-3.95152022803652
2006,0,0.1,6500,0,0.67,"A",0.000455157191745769,-7.69441246150499
2006,0,0.13,21000,0,0.24,"A",0.0136107022420691,-4.28319468915275
2006,0,0.26,2550,0,0.88,"Missing",0.80189844030597,1.39820213987323
2006,0,0.29,25000,1,0.42,"D",0.360804517938882,-0.571874016198818
2006,0,0.14,25000,0,0,"AA",0.00583094848959906,-5.13872758582504
2006,0,0.22,2500,1,0.74,"D",0.0012050478885426,-6.72003019675749
2006,0,0.23,18000,0,0.58,"C",0.0151379419214233,-4.17529728653409
2006,0,0.24,10000,0,0.54,"A",0.00181368099427163,-6.31058147267208
2006,0,0.17,6550,0,0.77,"C",0.0249323298442792,-3.66634152526214
2006,0,0.15,1500,1,0.42,"C",0.00688158793861946,-4.97200047337898
2006,0,0.12,15000,0,0.55,"A",0.000337291212164169,-7.99422652159962
2006,1,0.29,2200,0,1.06,"Missing",0.849332589924968,1.72937602746072
2006,0,0.14,5000,0,0,"B",0.000371623887722832,-7.89725657670303
2006,1,0.29,7500,1,0.09,"D",0.571755849734027,0.289018586643183
2006,0,0.14,3500,0,0.94,"C",0.00194296214239522,-6.241596740734
2006,0,0.13,1200,0,0.72,"D",0.000318732546399778,-8.05083943603126
2006,0,0.2,16950,0,0.55,"C",0.00077503958391445,-7.16182111381425
2006,1,0.29,2550,0,1,"Missing",0.72302276671903,0.959505398412807
2006,0,0.19,15000,1,0.41,"A",0.00272376691108504,-5.90301197986014
2006,0,0.14,8000,0,0.21,"B",0.000407226362777373,-7.80573404392693
2006,0,0.2,9900,0,0.96,"D",0.00201756960476625,-6.20384205027155
2006,0,0.24,5600,0,0.62,"Missing",0.515847356909542,0.0634106664940397
2006,1,0.29,2500,0,0,"Missing",0.974898885005146,3.65942149067596
2006,0,0.09,5000,1,0,"AA",0.00346267071694414,-5.66224642451503
2006,0,0.15,9999,0,0.31,"A",0.00223416600087188,-6.10165060905494
2006,1,0.2,1100,0,0,"Missing",0.960479298258707,3.19060779955438
2006,0,0.15,1500,0,0.77,"C",0.00998751123585599,-4.59638212187875
2006,0,0.2,5000,0,0.96,"C",0.00134376706963264,-6.61093369245232
2006,0,0.16,5000,0,0.94,"C",0.00143831163628071,-6.54284598108625
2006,0,0.06,6000,1,0.81,"Missing",0.00409683836505906,-5.49343447982074
2006,0,0.13,6001,0,0.94,"A",0.00279637859711018,-5.87662976131743
2006,1,0.29,3000,1,1.01,"Missing",0.707278935452073,0.882204964517907
2006,0,0.28,12000,0,0,"Missing",0.0856133348833079,-2.36841247680645
2006,0,0.12,8000,1,0.91,"A",0.000421058973846076,-7.77231650605369
2006,1,0.29,2500,1,0.89,"Missing",0.998489233690834,6.49362635870367
2006,0,0.07,5000,0,0.05,"AA",0.00018071258016767,-8.61842201479921
2006,0,0.17,7500,0,0.2,"C",0.00560736562496248,-5.17805110938773
2006,0,0.07,1000,0,0.07,"AA",0.000462415169061599,-7.67858491396424
2006,1,0.29,5000,1,1.02,"Missing",0.999831483832844,8.68831033489193
2006,1,0.29,1500,1,0.94,"Missing",0.845179929108892,1.69728592887645
2006,0,0.17,3000,1,0.59,"C",0.00220218971722618,-6.11609846951163
2006,0,0.2,1000,1,0.76,"C",0.314669549465888,-0.778378092605372
2006,0,0.17,20000,1,0.55,"B",0.00031985601512683,-8.04731970897829
2006,0,0.22,8000,1,0.93,"D",0.0547365385644409,-2.84893221631122
2006,0,0.15,8000,0,0.84,"A",7.48483765929932e-07,-14.1052155736423
2006,0,0.17,5000,1,0.28,"B",5.10244307639971e-05,-9.88315497961965
2006,0,0.1,3000,0,0.05,"AA",0.0113840280441066,-4.46409463262682
2006,0,0.09,2500,0,0.04,"A",5.36775631790409e-05,-9.83246178265076
2006,0,0.25,9000,0,0.43,"D",0.00736027860170555,-4.9042699943637
2006,0,0.22,5000,0,0.86,"Missing",0.775957672693396,1.24226297800304
2006,0,0.14,9999,0,0,"A",0.000171547903333727,-8.67047644801123
2006,0,0.29,7000,0,0.12,"D",0.00663130463027581,-5.00930032790959
2006,1,0.24,3000,0,0,"Missing",0.813209714248115,1.47100250641589
2006,0,0.08,2600,0,0,"A",0.00555991398835314,-5.18659721271932
2006,0,0.18,25000,0,0.6,"A",0.0109619860938593,-4.50229928954784
2006,1,0.24,4000,0,1,"Missing",0.980044444097015,3.89409032581364
2006,0,0.2,7500,0,0.99,"D",0.0412684874692219,-3.14551187615758
2006,0,0.15,5000,0,0.35,"B",0.000237284268843594,-8.34601437656787
2006,0,0.16,3400,0,0.49,"C",0.00580145504592776,-5.14382817404777
2006,0,0.17,4000,0,0.73,"B",0.00422422050121582,-5.46268736422204
2006,0,0.15,2550,0,0.98,"Missing",0.0110650842191023,-4.4928339365688
2006,1,0.23,4900,0,1,"D",0.558354346931793,0.23448592051701
2006,1,0.29,4850,0,0.89,"Missing",0.872971146317851,1.9274882491096
2006,0,0.1,4999,0,0.06,"AA",0.000245895031973654,-8.31035988711893
2006,0,0.15,4200,0,0.3,"C",0.000967241798169005,-6.94009433407702
2006,1,0.28,3500,0,1.01,"Missing",0.859810375879846,1.81371590761279
2006,0,0.22,12800,0,0,"A",0.00588274319915518,-5.12983198070008
2006,1,0.29,5000,0,0.46,"Missing",0.876708884703415,1.96162664283734
2006,1,0.17,1000,0,0.89,"Missing",0.0338803906807757,-3.35045124469144
2006,0,0.26,6000,1,0,"Missing",0.462575507571611,-0.149978467689321
2006,1,0.25,4000,1,0.99,"Missing",0.938971399796371,2.7334424105016
2006,0,0.26,25000,1,0.38,"D",0.428079478472542,-0.289691157639081
2006,0,0.15,3500,0,0.9,"C",0.00214720219747781,-6.1414400770306
2006,0,0.29,25000,0,0.44,"AA",5.08619644877572e-05,-9.88634431005995
2006,0,0.15,2500,0,0.44,"D",0.004700979842212,-5.35527225072824
2006,0,0.15,10000,0,0.68,"B",0.000393904984855575,-7.83900685035202
2006,0,0.11,10500,0,0.16,"AA",0.000461036832066022,-7.68157147899518
2006,0,0.17,20000,0,0.56,"B",0.00117209070934448,-6.74779341562584
2006,0,0.16,25000,0,0,"AA",0.000201982247877177,-8.50712874357201
2006,0,0.15,2500,0,1.01,"D",0.00260620225936237,-5.94725158601886
2006,0,0.11,15000,0,0.21,"A",0.012480225944408,-4.37105105363762
2006,0,0.25,9500,0,0.64,"D",0.0199840699144265,-3.89263337482462
2006,0,0.09,1400,1,0.9,"D",0.038749917570634,-3.21110597798447
2006,1,0.26,7300,0,0,"C",0.0876649346091098,-2.34248533285885
2006,0,0.2,3000,1,0,"D",0.00210371001546334,-6.16194689303391
2006,0,0.18,5500,0,1.02,"C",0.00296334339999192,-5.81846937826209
2006,1,0.15,3000,0,0.91,"Missing",0.776965304839073,1.2480683536144
2006,0,0.15,9999,0,0.83,"C",0.063106817194144,-2.69774047494651
2006,1,0.25,1250,0,0.99,"Missing",0.783025779816037,1.28338707437515
2006,0,0.07,3000,0,0.87,"C",0.00250199307145456,-5.98816250785733
2006,0,0.28,6000,0,0,"D",0.0287818937423238,-3.51880456338161
2006,0,0.21,10000,0,1.01,"D",0.0103460132893342,-4.56075411759272
2006,0,0.2,3500,0,0,"Missing",0.484831024779492,-0.060694526357906
2006,0,0.1,3900,0,0.41,"AA",0.000193317598472506,-8.55098279732849
2006,0,0.14,25000,0,0.58,"AA",1.1116474871296e-05,-11.4070712108398
2006,1,0.29,4000,0,0.77,"Missing",0.974200670886158,3.6312688217756
2006,0,0.14,3500,0,0.94,"C",0.00409403070753186,-5.49412285695755
2006,0,0.26,2200,0,0.97,"Missing",0.767799350601059,1.19592657079227
2006,0,0.25,2750,1,0,"Missing",0.529121365581351,0.116617445665307
2006,0,0.24,7500,1,0.94,"C",0.0125090139245934,-4.36871787031074
2006,0,0.21,1000,0,0.42,"D",0.00153322778843344,-6.47884569576973
2006,1,0.24,1000,1,0,"Missing",0.974820658742572,3.65622964739487
2006,0,0.24,9000,0,0.64,"D",0.117521875341125,-2.01610951120616
2006,0,0.12,12000,0,0,"AA",0.000331563830624687,-8.0113585971598
2006,1,0.29,1000,1,0.42,"Missing",0.991264194012779,4.73155088181982
2006,0,0.19,6000,0,0.5,"B",2.45347216356316e-05,-10.6153966990671
2006,0,0.15,9990,0,0.2,"A",9.38381370821784e-05,-9.2738453633414
2006,1,0.29,13500,0,0.78,"D",0.121569599076956,-1.97764974890193
2006,0,0.08,4000,0,0.13,"AA",0.0010374883875732,-6.86991447167141
2006,0,0.18,3100,0,0.86,"D",0.00615416383192729,-5.08445320166175
2006,0,0.14,2500,0,0,"C",0.00107110843347557,-6.83798956508617
2006,1,0.29,2000,0,1.23,"Missing",0.991972635490927,4.81683925322124
2006,0,0.13,8500,0,0.21,"AA",0.000964325471144507,-6.94311690393579
2006,0,0.11,6001,0,0.01,"A",0.000581587016615154,-7.44916819935423
2006,0,0.15,2000,0,0,"B",6.38914829711719e-05,-9.65826059877627
2006,0,0.11,8000,0,0,"A",9.22325494084935e-05,-9.29110522243834
2006,1,0.24,1500,1,0.88,"Missing",0.979429517457409,3.86311311517029
2006,0,0.22,25000,0,0.63,"AA",0.000894555959330412,-7.01828814131809
2006,0,0.18,2700,1,0.74,"C",0.0059007773562812,-5.12675292571329
2006,0,0.16,4500,0,0.88,"D",0.00801206900047545,-4.81876191097203
2006,0,0.2,5500,0,0.8,"D",0.00948870374666188,-4.64811925887854
2006,0,0.21,8000,0,0.76,"D",0.00490888646225835,-5.31178717803925
2006,0,0.16,25000,0,0.78,"B",0.00110522392531604,-6.80660148206212
2006,0,0.15,5000,0,0,"C",0.0002069492557147,-8.4828299655532
2006,1,0.24,3000,0,1.99,"Missing",0.87342325403026,1.93157145370188
2006,0,0.17,25000,0,0.89,"B",0.000990732724450624,-6.91607453906139
2006,0,0.09,2550,0,0.58,"AA",0.000238917394877308,-8.33915374796417
2006,0,0.18,1500,0,0.1,"C",0.107987112764361,-2.11146868630087
2006,0,0.12,7000,0,0.2,"B",2.73205403627661e-05,-10.5078444235259
2006,0,0.21,9500,0,0.73,"D",0.00745579676365819,-4.8912797299167
2006,0,0.1,2750,0,0.37,"AA",6.70411694161106e-06,-11.9127820472395
2006,0,0.27,3200,0,0.98,"Missing",0.490708464145555,-0.0371704225060676
2006,0,0.29,6000,1,0,"D",0.126544298470924,-1.93186498211851
2006,0,0.2,4000,0,0,"Missing",0.392366069218958,-0.437377359035359
2006,1,0.29,7500,0,0.35,"Missing",0.508160579377844,0.0326452163973197
2006,0,0.2,5000,1,0.43,"D",0.0715249948893649,-2.56349649330278
2006,0,0.13,6000,1,0.22,"A",0.00186705912746124,-6.28152194089882
2006,0,0.29,10000,0,0,"Missing",0.113481199246934,-2.05566515533338
2006,0,0.17,1700,0,0.28,"D",0.00404247550689075,-5.50684735703469
2006,0,0.26,7000,0,0.58,"D",0.00732228000990868,-4.90948430325591
2006,0,0.24,4500,0,0.6,"D",0.0642455076943112,-2.67864134535098
2006,0,0.12,4000,0,0.28,"AA",0.000491943766720503,-7.61665407847695
2006,0,0.05,2000,0,0.1,"AA",0.000331955751722716,-8.01017686501248
2006,0,0.21,2550,0,0.24,"Missing",0.636621454466861,0.560730099863984
2006,0,0.18,20000,1,0.43,"B",0.0521641356447793,-2.89978614625535
2006,0,0.15,3500,1,0.89,"C",0.000204635044452739,-8.49407778036869
2006,1,0.27,5000,0,0.83,"Missing",0.96813080177649,3.41372723355582
2006,0,0.17,6300,0,0.41,"C",0.0192225352339389,-3.93226228766203
2006,1,0.29,5000,1,0,"Missing",0.514052594669668,0.0562251859210217
2006,0,0.12,4800,0,0.66,"B",0.00372027941240981,-5.59022928579153
2006,0,0.13,5000,0,0.32,"B",1.36292495385595e-05,-11.2032787439627
2006,1,0.17,1200,0,1.36,"Missing",0.588502440047698,0.357777982449516
2006,0,0.2,5000,0,0,"C",0.00531943942847689,-5.23105371374636
2006,0,0.19,12500,0,0.02,"AA",0.00144667997769658,-6.537036290978
2006,1,0.29,5000,0,1.08,"Missing",0.796172651854196,1.36254275875549
2006,0,0.29,20000,1,0.9,"C",0.156117307333769,-1.68740580045408
2006,0,0.17,10000,0,0.05,"B",0.000371219898074165,-7.89834466494601
2006,0,0.2,5500,0,0.95,"Missing",0.558008527847973,0.233083657028326
2006,1,0.29,2500,0,0.85,"Missing",0.976932595791254,3.74599711084908
2006,0,0.09,1000,0,0.02,"AA",1.65462828539662e-05,-11.0093325359168
2006,0,0.15,9990,0,0.2,"A",0.00685594993026643,-4.97575884083713
2006,0,0.17,5000,0,0,"C",0.00184280219400734,-6.29462343207682
2006,0,0.13,20000,0,0.13,"AA",0.00305037793106383,-5.78943474439846
2006,0,0.11,5000,1,0,"A",6.78530468470637e-05,-9.59809841171165
2006,0,0.1,6500,0,0.34,"A",0.000363110603493239,-7.9204399007459
2006,0,0.2,1300,0,0,"Missing",0.0589689638954185,-2.76996485125719
2006,0,0.16,9800,0,0,"C",0.011465844156606,-4.45685065260904
2006,1,0.29,3550,0,0,"Missing",0.976279398355288,3.71740487599655
2006,0,0.24,7000,0,1.14,"D",0.00255846660092263,-5.96578543889816
2006,0,0.29,5500,0,0.41,"D",0.0497350291288968,-2.95003136612472
2006,0,0.07,2550,0,0.44,"AA",6.43212606619207e-05,-9.65155601011298
2006,1,0.07,1000,1,1.06,"Missing",0.670597450645814,0.710888475322155
2006,1,0.29,5000,1,0,"Missing",0.839519693571329,1.65465870127108
2006,0,0.13,1200,0,0.72,"D",0.000228033120627101,-8.38579161452743
2006,0,0.2,4000,0,0,"D",0.0141424769465507,-4.24432902606491
2006,0,0.12,10000,0,0.58,"A",5.68402826632055e-05,-9.77520843988681
2006,0,0.29,4500,0,0.97,"D",0.0822284961215349,-2.41244654305586
2006,1,0.29,2500,0,0.96,"Missing",0.732854531371466,1.00915388931203
2006,0,0.11,3000,0,0.89,"B",9.91740541107883e-05,-9.21853495021431
2006,0,0.16,17000,0,0,"A",0.00078930318431947,-7.14357043205108
2006,0,0.1,1000,0,0.65,"A",0.000371701522281723,-7.89704761459108
2006,0,0.29,7000,0,0,"C",0.00912281045394905,-4.6878126804408
2006,0,0.22,20000,1,0.77,"B",0.00617226473304285,-5.08149806090981
2006,0,0.09,1500,0,0.76,"A",3.84759158587521e-06,-12.4680593199215
2006,0,0.2,7000,0,0.28,"C",0.000275353818153174,-8.19717828407192
2006,0,0.1,6500,0,0.34,"A",0.000445407728804353,-7.71607494383735
2006,0,0.14,1000,0,0.6,"A",0.0448598628229361,-3.05831459902019
2006,0,0.14,22000,0,0.77,"B",0.000970953388163284,-6.93626066970773
2006,1,0.29,10000,0,0,"Missing",0.993728471207317,5.06544385003185
2006,0,0.15,1000,0,0,"D",0.00305861943883977,-5.78672832202554
2006,0,0.15,9000,0,0.3,"B",0.000149935399689532,-8.80515607872776
2006,0,0.11,18000,0,0.46,"AA",5.0358638120269e-05,-9.89629003213348
2006,1,0.29,3001,1,0,"Missing",0.767918055809778,1.19659251227104
2006,1,0.29,3000,0,0.79,"Missing",0.998479363968521,6.4871047965121
2006,0,0.16,6000,1,0.55,"C",9.97883721237859e-05,-9.21235909986928
2006,0,0.22,8000,1,0.93,"D",0.00724782276914998,-4.91977994707826
2006,0,0.28,1200,0,0.81,"Missing",0.622738650220498,0.501188745957398
2006,0,0.1,1500,0,0.16,"A",4.61444680314e-05,-9.98368732797637
2006,0,0.11,1000,1,0.97,"C",0.000986498919369661,-6.92036134209101
2006,0,0.15,3000,0,0,"C",0.00110363309607315,-6.8080434843305
2006,0,0.19,12500,0,0.02,"AA",0.000700556645080861,-7.26293452952272
2006,0,0.14,22000,0,0.77,"B",0.00223262777857183,-6.10234088740124
2006,0,0.13,5500,0,0.34,"B",7.22295819803966e-05,-9.53558864106809
2006,0,0.21,3001,1,0,"C",0.236141705213474,-1.17395022328528
2006,0,0.15,8575,0,0.9,"B",0.00213728628471519,-6.1460787723704
2006,0,0.29,1200,1,1,"Missing",0.780885963041485,1.27083681415106
2006,1,0.24,3000,0,0.92,"Missing",0.974759508707264,3.6537412805062
2006,0,0.08,3000,0,0,"AA",8.64428245484625e-05,-9.35594090389334
2006,0,0.15,8000,0,0.54,"B",1.48969147270758e-05,-11.1143415347251
2006,0,0.1,5000,0,0.43,"A",0.000977734841317175,-6.9292938349518
2006,0,0.25,15000,0,0.65,"D",0.0301182437103528,-3.47204307185224
2006,1,0.29,3000,1,0.61,"Missing",0.909482964411697,2.30733819552843
2006,0,0.1,2500,1,0,"B",6.92743172432368e-05,-9.57736704629239
2006,0,0.12,10000,0,0.81,"AA",0.000183619684389906,-8.60246023552764
2006,0,0.22,25000,0,0.73,"C",0.00030881620170987,-8.08245541061769
2006,0,0.17,5500,0,0.91,"C",0.0955500432942073,-2.24767685248821
2006,0,0.29,5000,0,0.83,"Missing",0.569125437688454,0.278283853686248
2006,1,0.28,4000,0,0,"Missing",0.998005861492264,6.21554701815071
2006,1,0.29,4000,0,1.12,"Missing",0.461463356278994,-0.154452892600644
2006,0,0.15,6500,0,1.05,"C",0.000530980537855583,-7.54025406770881
2006,0,0.29,7000,0,0.36,"Missing",0.308342153363252,-0.807881338127275
2006,0,0.2,1100,0,0,"Missing",0.442706987697309,-0.230183032126827
2006,0,0.1,1000,0,0.28,"A",0.0200595179924171,-3.88878808322415
2006,0,0.14,9250,0,0.92,"B",0.127482622845838,-1.92340250648255
2006,1,0.29,5300,0,0.83,"Missing",0.63263659642636,0.5435446014119
2006,0,0.2,3500,0,0.51,"D",0.0863814144551782,-2.35864063969391
2006,0,0.1,2550,0,0.58,"A",0.00024181935133245,-8.32707774406705
2006,0,0.11,18000,0,0.46,"AA",0.00171023859015306,-6.36941068907742
2006,0,0.2,4000,0,0,"D",0.011761986283066,-4.43105074347735
2006,1,0.29,5000,0,0.93,"Missing",0.8925055409043,2.11659341898715
2006,0,0.22,10000,0,0.8,"D",0.00361452716056454,-5.61917315586927
2006,1,0.29,6000,0,0.92,"Missing",0.960208625936481,3.18350042280721
2006,0,0.14,2400,0,0.94,"B",0.000516761873849358,-7.5674114862873
2006,0,0.28,3500,0,0.93,"D",0.0457426506684649,-3.03790225558833
2006,1,0.28,3500,1,0.94,"Missing",0.945127830837907,2.8463139060321
2006,0,0.29,9740,0,0.56,"D",0.0373994946439258,-3.2479812897249
2006,0,0.2,9000,1,1.01,"D",0.0101641657776348,-4.57867072976063
2006,0,0.1,15000,0,0.21,"AA",0.000177300494402221,-8.6374872401674
2006,0,0.23,6001,1,0.92,"D",0.0603624974841897,-2.74512615574474
2006,1,0.29,3442,0,0.26,"Missing",0.525771692109333,0.103178205143549
2006,0,0.15,7500,1,0,"A",0.00262697493565524,-5.93929187788753
2006,0,0.21,5500,1,0,"C",0.00501861523148119,-5.28956998286083
2006,0,0.29,25000,0,0.61,"A",0.0297508553141385,-3.48469500707524
2006,0,0.11,1600,0,0.69,"B",0.114156191192205,-2.04897303819356
2006,1,0.23,3150,0,0.88,"Missing",0.918782336724108,2.42591649480201
2006,0,0.09,5000,0,0,"AA",2.04220176944087e-05,-10.7988765181665
2006,0,0.1,2750,0,0.37,"AA",0.000586085354325576,-7.44145886597887
2006,0,0.2,24000,0,0.76,"C",0.0112089817813735,-4.47976760146476
2006,1,0.29,3025,1,0,"Missing",0.892411907910838,2.11561783287431
2006,1,0.29,3000,1,0.8,"Missing",0.986861786336496,4.31900493816689
2006,0,0.18,5000,0,0,"B",0.00281175145085845,-5.87113198583241
2006,0,0.07,3000,0,0.06,"AA",1.48921148391347e-06,-13.4172622943001
2006,0,0.29,23800,0,0.5,"C",0.0464517771228822,-3.02177527499452
2006,0,0.13,2550,0,0.53,"B",0.000252796445974186,-8.28267312603243
2006,1,0.29,3000,0,0,"Missing",0.905408039571352,2.25881322699361
2006,0,0.17,15000,1,0.41,"B",0.0159286749717874,-4.12357743691544
2006,1,0.29,12000,1,0,"Missing",0.985684111420057,4.23196591948936
2006,0,0.1,3500,1,0.21,"AA",0.0071781901165157,-4.92950392332683
2006,1,0.29,3500,0,1.01,"Missing",0.939921713455374,2.75014810075196
2006,0,0.19,5000,0,0.39,"C",0.000508628374414204,-7.58328415950946
2006,0,0.1,2100,0,0,"AA",0.000221899270779713,-8.41306509039342
2006,1,0.18,2800,0,0.99,"C",0.329334239651218,-0.711197730128637
2006,1,0.25,2000,1,1.4,"Missing",0.991116127830615,4.71459419286695
2006,0,0.2,12000,0,0.26,"C",0.0129094225613373,-4.33680432983333
2006,0,0.25,6500,0,0.64,"D",0.0158597142873305,-4.12798625229752
2006,0,0.18,3500,0,0.01,"C",4.03177153936835e-05,-10.1186792791413
2006,0,0.2,19900,0,0.98,"A",0.000352651036958198,-7.94967884060733
2006,1,0.24,1000,1,0,"Missing",0.916097135943608,2.39046265321977
2006,0,0.19,1500,0,0.86,"D",0.000780574792401485,-7.15469911673318
2006,0,0.2,7500,1,0.38,"C",0.156752671640743,-1.68259108234236
2006,0,0.2,20000,1,0.2,"C",0.0615735933411792,-2.72397133792777
2006,1,0.24,1500,0,0.96,"Missing",0.868242583721233,1.88550867356974
2006,0,0.18,5000,0,0.12,"C",0.000790219661343796,-7.14240906676919
2006,0,0.19,7000,0,0.62,"C",0.00151660368967885,-6.48976410394102
2006,0,0.12,1800,0,0.39,"B",0.0080890696051999,-4.80911959642619
2006,0,0.29,2800,0,0.99,"C",0.0278456815013957,-3.55283666418293
2006,1,0.28,4000,0,0,"Missing",0.967855425124403,3.40483902961646
2006,1,0.27,6000,0,0.95,"Missing",0.979918000065643,3.88764500657292
2006,0,0.1,3000,0,0.07,"AA",0.00047236234659638,-7.65729170948521
2006,0,0.22,9000,0,0.99,"C",0.00836147840405536,-4.77572339327278
2006,0,0.25,6000,0,0.11,"D",0.277281113320512,-0.957988490337906
2006,1,0.29,3950,0,0.78,"Missing",0.707065212482419,0.881172883903281
2006,0,0.19,20000,1,0.82,"B",0.00460134360218413,-5.37679496833507
2006,0,0.15,2000,0,0,"C",0.024633196669545,-3.6787186174436
2006,0,0.08,3500,0,0,"AA",0.000115500574754283,-9.06611954454179
2006,0,0.09,7000,0,0.17,"AA",0.000287071300095082,-8.15549282815887
2006,0,0.25,4800,0,0.85,"Missing",0.0390365081104942,-3.203439104886
2006,0,0.17,1850,0,0.68,"D",0.0113722262636255,-4.4651438043403
2006,0,0.29,25000,0,0.98,"D",0.00131873169670791,-6.62976523812128
2006,0,0.1,7000,0,0.07,"AA",2.66860605234758e-05,-10.531342520244
2006,0,0.15,10000,0,0.66,"B",0.00510779653942454,-5.27186628743133
2006,0,0.1,1425,0,0,"AA",0.000102925047142249,-9.18140660193887
2006,0,0.08,1000,0,0,"AA",0.00199057117063176,-6.21734110601976
2006,0,0.12,19500,1,0,"AA",0.0003448423314309,-7.97207835393597
2006,1,0.29,6000,1,0.72,"Missing",0.664323039187052,0.682619264626422
2006,0,0.15,5000,0,0.67,"C",0.0131002752923917,-4.32193519355864
2006,1,0.29,5000,0,0.6,"Missing",0.819905514390942,1.51570747404853
2006,0,0.11,6475,0,0.1,"AA",0.000149133572003001,-8.81051905250637
2006,0,0.07,6500,0,0.75,"Missing",0.000277724352958782,-8.18860370936474
2006,0,0.24,2800,0,0,"Missing",0.321924630112676,-0.744940996614406
2006,0,0.17,3000,1,0.59,"C",0.0238817872671711,-3.71046756927438
2006,0,0.1,10000,0,0.18,"AA",0.00169732164216088,-6.37700501121917
2006,0,0.09,2550,0,0.01,"AA",9.75257417166743e-05,-9.23529666670241
2006,0,0.11,4500,1,0.97,"AA",0.000121830381631356,-9.0127589573085
2006,0,0.25,14000,0,0.84,"B",0.000172110925553576,-8.66719924727228
2006,0,0.07,1325,0,0.02,"AA",4.47801047451121e-06,-12.3163272226652
2006,0,0.14,6001,0,0.54,"A",0.000257014102501765,-8.26612255389054
2006,0,0.2,7000,0,0.28,"C",0.0046269647054042,-5.37121649481088
2006,1,0.29,3000,1,0.82,"Missing",0.973729415349488,3.61268359850372
2006,0,0.17,3000,0,0.53,"C",0.00977318626357112,-4.61829148150101
2006,0,0.19,19900,0,0.75,"C",0.000408221166151893,-7.8032931520163
2006,0,0.19,19900,0,0.75,"C",0.00947506567591276,-4.64957135685461
2006,1,0.29,10000,1,0.9,"Missing",0.963761344698896,3.28071732111242
2006,0,0.16,8200,0,0.87,"C",0.00457014890693404,-5.38362886706798
2006,0,0.2,9000,0,0.88,"D",0.0508412939044853,-2.92686712319419
2006,0,0.28,6000,0,0,"D",0.0247880453875561,-3.67229334059075
2006,1,0.29,3975,0,0.97,"Missing",0.874056737194079,1.93731377989952
2006,0,0.18,12000,1,0.68,"C",0.21622104733583,-1.28782578076678
2006,0,0.23,8800,1,0.61,"C",0.0323923312061534,-3.39690500067279
2006,0,0.24,10000,0,0.89,"D",0.0367865492722628,-3.2651427696287
2006,1,0.24,1000,1,0.29,"Missing",0.856326372809379,1.78510733073607
2006,1,0.23,1500,1,1.11,"Missing",0.928904386999509,2.56998018008814
2006,0,0.15,4000,0,0.64,"B",0.000820161080116969,-7.10518930023436
2006,0,0.2,2000,1,0.88,"D",0.04729086697428,-3.0029924555027
2006,0,0.23,4000,0,0.51,"D",0.00835001129842092,-4.77710731908799
2006,0,0.17,15000,0,0.52,"B",0.00117415621757558,-6.74603065597503
2006,0,0.1,2550,0,0.58,"A",0.0014783260920953,-6.5153654302509
2006,0,0.18,10000,0,0.97,"C",0.00422339028409261,-5.46288475463147
2006,1,0.2,2000,1,0,"Missing",0.987543831321845,4.37300490557901
2006,0,0.18,6800,1,0.89,"D",0.0160817161670954,-4.11385986385324
2006,1,0.22,5000,0,0.86,"Missing",0.847322258801679,1.71375165971612
2006,1,0.29,5000,0,0.93,"Missing",0.995178822852261,5.32990432270223
2006,0,0.09,1500,0,0.29,"A",0.000160293899916668,-8.73834124649375
2006,0,0.2,5500,1,0.47,"D",0.00174859191589805,-6.34719431192631
2006,1,0.25,10000,0,0.87,"Missing",0.353580432625003,-0.603337786425714
2006,0,0.24,10000,1,0.03,"A",0.000287022659198117,-8.15566232955329
2006,1,0.24,3200,1,0.73,"Missing",0.991069563460431,4.70931944878
2006,1,0.2,6500,1,1.06,"Missing",0.992426466481659,4.87549318291434
2006,1,0.23,6500,0,0.71,"Missing",0.45202956871913,-0.192473732762797
2006,0,0.22,25000,0,0.73,"C",0.00254825025711019,-5.96979682644587
2006,0,0.22,5000,1,0,"D",0.00579244639196987,-5.14539126875582
2006,0,0.2,2850,0,0.7,"C",0.0164351764172595,-4.09175960547313
2006,0,0.29,1000,1,1,"Missing",0.922262297838058,2.47348930399304
2006,0,0.17,1000,1,0.71,"Missing",0.196511382694803,-1.40824266185506
2006,0,0.22,5000,0,0.47,"D",0.000301745126441509,-8.10562605843731
2006,0,0.2,3300,0,0.55,"D",0.207778203299124,-1.33837021847424
2006,1,0.29,3001,1,0,"Missing",0.924674135266688,2.50761782426573
2006,0,0.29,3000,1,0.53,"D",0.0155036429340693,-4.15105517346888
2006,0,0.12,12000,1,0,"AA",0.00367393394781398,-5.60281157120799
2006,1,0.26,3600,0,0.53,"Missing",0.937703987576726,2.71153690322655
2006,0,0.13,25000,0,0.05,"AA",0.00300304675862897,-5.80512035451177
2006,1,0.29,2000,1,0,"Missing",0.65602585666167,0.64563371397587
2006,0,0.2,1000,0,0.91,"Missing",0.397042586009674,-0.417803026188256
2006,1,0.29,1500,0,0.95,"Missing",0.942449950506907,2.79582781983257
2006,0,0.24,1000,1,0.98,"Missing",0.0228237142614054,-3.75686697691085
2006,0,0.22,10000,0,0.8,"D",0.0412441928315541,-3.1461260866545
2006,0,0.23,8500,0,0.86,"D",0.0258667083439382,-3.62859139427452
2006,0,0.26,1000,0,0,"Missing",0.404580930623102,-0.386413683718278
2006,0,0.29,4000,1,0,"Missing",0.788371400292536,1.31513644884063
2006,0,0.29,5000,0,1.01,"Missing",0.59233962518851,0.373645748505971
2006,1,0.29,1000,0,0,"Missing",0.988649260707655,4.46705675069135
2006,1,0.29,6000,0,0.92,"Missing",0.807518109260068,1.43396340594928
2006,0,0.22,12000,1,0.92,"C",0.0071893410784343,-4.92794044668945
2006,0,0.2,2500,0,1,"C",0.0148070297658629,-4.19773547867088
2006,0,0.28,6000,0,0.53,"D",0.0801003552276815,-2.44098429345702
2006,1,0.25,9000,0,0.97,"D",0.0301565125578998,-3.47073380024157
2006,0,0.08,1000,0,0.78,"A",0.00171416748798656,-6.36711210761465
2006,1,0.29,5000,0,0.71,"Missing",0.316097642338988,-0.771763994873433
2006,0,0.26,9500,0,0.86,"D",0.000321391061286596,-8.0425304741319
2006,1,0.29,2500,1,0.82,"Missing",0.967299413127135,3.38711505355137
2006,0,0.17,6000,0,0.82,"C",0.0295624210085235,-3.49124308790672
2006,0,0.21,25000,0,0.99,"C",0.0130021036427746,-4.3295567450356
2006,0,0.2,1500,0,0.53,"D",0.0913409803601405,-2.29737036711019
2006,0,0.1,3600,1,0.28,"A",0.000666892050832286,-7.31221525345452
2006,0,0.29,23800,0,0.5,"C",0.0746783435812013,-2.51695127552706
2006,0,0.26,7300,0,0,"C",0.00283173439574665,-5.86403014302088
2006,0,0.07,5000,0,0.05,"AA",0.00732945595343279,-4.9084975393538
2006,0,0.18,20000,0,0.67,"B",0.0132981102063487,-4.3067460217442
2006,0,0.17,6500,1,0,"D",0.00359650194442226,-5.62419060310789
2006,0,0.21,7500,0,0.68,"C",0.00442368487322014,-5.4163487501692
2006,0,0.15,14000,1,0.25,"A",0.00789079091601011,-4.83413681835372
2006,0,0.29,12000,0,0.91,"D",0.00751475358993691,-4.88334391380236
2006,0,0.09,2000,0,0.02,"AA",0.000167878896926478,-8.69209979713741
2006,1,0.29,3000,1,0.75,"Missing",0.96572526316599,3.33847083975602
2006,1,0.29,3000,0,0.94,"Missing",0.857505430873346,1.79472362480949
2006,1,0.29,9000,1,0,"Missing",0.979018119519028,3.84289091952199
2006,0,0.27,4700,0,0,"D",0.0559538885844561,-2.82564707838552
2006,0,0.11,2500,1,0,"B",4.97134757025677e-05,-9.90918480600555
2006,0,0.2,5000,0,0,"B",0.00476005786875202,-5.34272403048745
2006,1,0.29,2550,0,1.16,"Missing",0.83768915448703,1.64113379815052
2006,0,0.21,3000,0,0.04,"C",0.00347312995307132,-5.65921991254694
2006,0,0.12,2000,0,0.01,"AA",0.000434731026094963,-7.74034822338808
2006,0,0.2,6001,0,0.77,"C",0.00088240788016532,-7.03197336225594
2006,1,0.29,5000,0,0.89,"Missing",0.73800836614167,1.03564258935871
2006,0,0.19,15000,0,0.3,"AA",0.00394435099209056,-5.53151870180326
2006,0,0.29,10000,0,0.04,"B",0.110047602321739,-2.09025495497772
2006,0,0.26,25000,0,0.69,"B",0.00170389327652179,-6.37313413713188
2006,1,0.29,2400,0,0.87,"Missing",0.935697193965253,2.67768864339275
2006,0,0.29,10500,0,0.76,"D",0.246713939570221,-1.11621552391288
2006,0,0.2,5000,0,0.81,"C",0.00910480567320999,-4.6898064011603
2006,0,0.1,2000,0,0.29,"A",0.00062810805761434,-7.37217003463279
2006,0,0.28,10000,0,0.87,"D",0.0450316389453807,-3.05431287975109
2006,1,0.29,2560,0,1,"Missing",0.937995604585269,2.71653998673381
2006,0,0.24,23000,0,0.82,"B",0.0041338893617581,-5.48439412357697
2006,0,0.19,9750,0,0.78,"B",3.53491101495538e-05,-10.2502019887763
2006,0,0.07,1000,0,0.02,"AA",9.00263927794574e-05,-9.31531764707382
2006,0,0.1,8000,0,0.45,"AA",0.000653435863845881,-7.33261252281666
2006,0,0.18,5000,0,0.99,"D",0.0151870420787201,-4.17200916325455
2006,1,0.24,5000,0,0.9,"C",0.455298533800025,-0.179284554101596
2006,0,0.17,9000,0,1,"Missing",0.074206049975151,-2.52380601081121
2006,0,0.23,15900,0,0.74,"D",0.00993647491176197,-4.60155678669946
2006,1,0.28,12000,0,0.83,"D",0.0593355778024529,-2.76337736866119
2006,0,0.19,5000,0,0.28,"B",0.00126315852347654,-6.67287597306783
2006,1,0.2,1300,0,0,"Missing",0.150429761518588,-1.73123434546109
2006,0,0.2,1000,0,1,"Missing",0.00941955384980247,-4.65550335510922
2006,0,0.11,1500,0,0.07,"B",8.34351798354396e-06,-11.6940172664133
2006,1,0.23,15000,0,0.18,"D",0.0427879372475457,-3.10776873522537
2006,1,0.23,2000,0,1.13,"Missing",0.169531631056528,-1.58895031825209
2006,1,0.29,2000,0,0,"Missing",0.773354283793289,1.22734919000684
2006,0,0.13,7500,0,0.92,"B",0.000226030729874544,-8.39461353876058
2006,1,0.2,2000,0,1.44,"Missing",0.789455531376139,1.32164662388164
2006,0,0.29,2500,0,0.08,"Missing",0.602865542936585,0.417419285532227
2006,0,0.17,5000,1,0.28,"B",0.042516900053334,-3.11440642550981
2006,1,0.29,3000,0,0,"Missing",0.999697891881323,8.10442344203284
2006,1,0.29,4500,0,0.91,"Missing",0.993954005307102,5.10229491468954
2006,1,0.23,2600,0,0.5,"Missing",0.95616347046104,3.08246141510966
2006,0,0.18,20000,0,0.53,"A",0.000775555015478546,-7.16115578000483
2006,0,0.17,1700,0,0.8,"Missing",0.0691732714955143,-2.59945860869661
2006,0,0.24,7100,0,0.9,"D",0.206834696139021,-1.34411174884604
2006,0,0.19,9750,0,0.78,"B",0.000113821203994832,-9.08076789910275
2006,1,0.29,3000,1,0.92,"Missing",0.844702059681925,1.69363850562381
2006,0,0.15,15000,0,0.05,"AA",0.000106956223722777,-9.14298396935871
2006,1,0.09,5000,0,0,"AA",0.609736200388997,0.446203485530534
2006,0,0.2,24900,0,0.87,"C",0.00551354064538112,-5.19501948050666
2006,1,0.2,6500,0,0.74,"D",0.527873761250779,0.111610761776839
2006,0,0.13,9000,0,0.26,"AA",0.000574105578267401,-7.4621229738548
2006,0,0.2,15000,0,0.61,"B",0.000767644637612784,-7.17141570391463
2006,0,0.29,9740,0,0.56,"D",0.00320576035944231,-5.73959506529377
2006,0,0.23,6001,0,0.61,"D",0.00107220014320511,-6.83696975764793
2006,0,0.29,5000,0,0,"Missing",0.329485603654768,-0.710512512050235
2006,0,0.24,5700,0,0.1,"A",0.00397929661629777,-5.52266296979397
2006,1,0.24,3500,0,0.94,"Missing",0.94191832523511,2.78606836166088
2006,0,0.14,7500,1,0.54,"B",0.00502537761853134,-5.28821663260097
2006,1,0.29,8000,0,0.8,"Missing",0.817937637471535,1.50243681624607
2006,1,0.29,3005,1,0.76,"Missing",0.826055461649162,1.55792541282619
2006,0,0.18,3001,0,0.8,"D",0.00154234677050252,-6.47290660811746
2006,0,0.15,10000,0,0.68,"B",0.0128598094418905,-4.34070516558054
2006,0,0.17,6500,0,0.79,"C",0.00176656126037272,-6.33695228934229
2006,0,0.15,25000,0,0,"B",0.00566947917789127,-5.16697240953346
2006,0,0.2,2850,0,0.7,"C",0.000889954351406791,-7.02345003651177
2006,0,0.17,7500,0,0.62,"D",0.0730996227460892,-2.54002288593755
2006,0,0.15,4999,0,0.89,"C",0.00339029621271581,-5.68344192673529
2006,0,0.26,10000,0,0.46,"D",0.0273190475848596,-3.57247195487237
2006,0,0.14,3000,0,0.35,"C",0.000379131547648625,-7.87724811824678
2006,0,0.2,3000,1,0.07,"D",0.00718383643225053,-4.9287119521459
2006,0,0.12,3001,0,0.05,"AA",0.00148006852542181,-6.5141857264085
2006,0,0.25,2550,0,0.53,"D",6.78054227860691e-05,-9.59880057639923
2006,0,0.2,25000,0,0,"B",0.0228008811915368,-3.75789125366654
2006,0,0.29,3000,1,1.01,"Missing",0.732320033736746,1.00642551176901
2006,0,0.19,20000,1,0.82,"B",0.000854656686926967,-7.06395568330834
2006,0,0.24,3500,0,0,"C",0.0364869207890893,-3.27363220062349
2006,0,0.29,3000,0,0.92,"Missing",0.861609272980573,1.82872084866237
2006,0,0.2,9900,0,0.96,"D",0.023749286313792,-3.7161669521187
2006,0,0.23,9500,0,0.53,"D",0.000784265506001003,-7.14997836612813
2006,0,0.09,2000,0,0.02,"AA",0.00104567366544814,-6.86204772457192
2006,0,0.18,4500,1,0.71,"C",0.0154133244938515,-4.15698957213196
2006,0,0.2,9500,1,0.65,"AA",0.0262220365329546,-3.61458316777475
2006,0,0.15,8000,0,0.12,"B",0.214405083836007,-1.29857414490411
2006,1,0.29,5000,0,0,"Missing",0.994571752601897,5.21069592604866
2006,0,0.19,3000,1,0,"D",0.0595065145121905,-2.76031892791127
2006,0,0.2,10000,0,0.45,"A",0.000181326101309102,-8.61503214051547
2006,0,0.15,4000,0,1,"D",0.0289141428424652,-3.51408403863317
2006,0,0.13,20000,0,0.79,"A",3.85338679434818e-05,-10.1639344819142
2006,0,0.17,10000,1,0.6,"A",0.00849122323038795,-4.76019473102544
2006,1,0.29,25000,0,1.31,"Missing",0.992929352647819,4.94470747717707
2006,1,0.29,11700,0,0.56,"Missing",0.742601794680803,1.05953563569726
2006,1,0.29,5500,1,0.89,"Missing",0.966169440655159,3.35197470659117
2006,0,0.09,5000,0,0.17,"AA",0.00299246860407391,-5.80865965713399
2006,0,0.15,7700,0,0.38,"C",0.018892138064031,-3.94993654445055
2006,1,0.29,1800,0,0.98,"Missing",0.996645315445852,5.69403721146298
2006,0,0.29,6000,0,0.98,"Missing",0.963133985060238,3.26290241278165
2006,0,0.2,5000,0,0.87,"Missing",0.18113582541405,-1.50867106060696
2006,1,0.24,1750,1,0.91,"Missing",0.968597112353968,3.42894889677189
2006,1,0.26,3675,0,0.85,"Missing",0.516311059049926,0.0652673953508234
2006,1,0.29,3000,0,0,"Missing",0.992622677301362,4.90193981442657
2006,0,0.2,5000,0,0.22,"D",0.00480536613541333,-5.33320509159669
2006,0,0.29,2501,1,0,"Missing",0.478862107499196,-0.0846019954600541
2006,0,0.15,25000,0,0.01,"A",0.00740933646840401,-4.89757746716175
2006,0,0.24,4592,0,0.6,"C",0.0339190477514955,-3.34927089503515
2006,0,0.1,1000,0,0.56,"A",2.65396081431668e-05,-10.5368457539728
2006,1,0.17,3500,0,0.96,"Missing",0.885049360640471,2.04114060492748
2006,1,0.29,2000,1,0.09,"Missing",0.998780607393148,6.7081822707775
2006,0,0.18,3100,0,0.98,"C",0.0771229417021152,-2.48209523363499
2006,0,0.28,9000,0,0.7,"D",0.481665988301678,-0.0733689411798992
2006,0,0.22,4000,1,1,"D",0.117460150410786,-2.0167048125086
2006,0,0.11,15000,0,0.21,"A",0.000137427108630922,-8.89227946391567
2006,1,0.23,1750,1,0,"Missing",0.799922050116388,1.38580724553257
2006,1,0.29,3600,1,0,"Missing",0.997506920014911,5.99174019820113
2006,0,0.21,10000,0,1.01,"D",0.00754927381981648,-4.87872598933357
2006,0,0.18,9999,0,0.97,"C",0.0200803751516573,-3.88772757533983
2006,1,0.29,4000,1,0.98,"Missing",0.77244312390559,1.22215816809359
2006,1,0.29,3500,1,0.74,"Missing",0.721682952721461,0.952824997096223
2006,0,0.19,5000,0,0.42,"B",0.0432794402685732,-3.09583365105465
2006,0,0.28,5000,0,1.19,"Missing",0.654816236422674,0.640277717917464
2006,0,0.28,10000,0,0.24,"C",0.160217096890015,-1.65661365865541
2006,1,0.29,1000,1,1.09,"Missing",0.986032943312683,4.25698830213581
2006,0,0.26,10848,0,0.68,"B",0.00372081425319757,-5.59008499567931
2006,1,0.2,4600,0,0.91,"Missing",0.576142410972249,0.306957347529281
2006,0,0.29,10000,0,0.78,"D",0.000653964272534644,-7.33180365895078
2006,0,0.11,5000,1,0.45,"B",0.000390242898213274,-7.84835087771567
2006,0,0.17,15000,0,0.52,"B",0.000138108148250115,-8.88733537906832
2006,0,0.12,25000,0,0.07,"AA",0.00162161878727541,-6.42270744221844
2006,0,0.15,2700,0,0.51,"C",0.00412434861481547,-5.48671430602618
2006,0,0.14,6001,0,0.56,"B",0.00110116958834502,-6.81028062558777
2006,0,0.09,1000,0,0,"A",0.00074419337788305,-7.20246516996692
2006,1,0.29,3000,0,0,"Missing",0.834036290611473,1.61450776901996
2006,1,0.25,2500,0,0,"Missing",0.89391566214898,2.13137701522025
2006,1,0.29,3000,0,1.02,"Missing",0.952830124908973,3.00568118555108
2006,1,0.29,4090,1,0.58,"Missing",0.983570451487173,4.09210781646927
2006,1,0.26,4500,0,0.96,"Missing",0.768865435043689,1.20191589406023
2006,0,0.2,5000,0,0.85,"D",0.00539570707300726,-5.21674131158522
2006,1,0.29,4000,0,0.77,"Missing",0.698326004985725,0.839339101977459
2006,0,0.17,2400,0,0.77,"D",0.000350386318582044,-7.95612379708868
2006,0,0.11,20000,1,0.87,"AA",0.00116298919156327,-6.75559803308325
2006,1,0.29,1800,0,0.85,"Missing",0.216266179737741,-1.28755948512091
2006,0,0.15,9000,0,0.3,"B",0.0281573172476599,-3.5413866837836
2006,0,0.18,5000,0,0.12,"C",0.00537500454905233,-5.22060635677538
2006,1,0.29,3000,1,0.95,"Missing",0.99352938988805,5.03399324105835
2006,0,0.1,8000,0,0.21,"A",0.00490846675600096,-5.31187310275099
2006,1,0.2,10000,0,0.64,"D",0.00497606764476854,-5.29812683993728
2006,0,0.15,11000,0,0.42,"A",0.000810863671655824,-7.1165994244477
2006,0,0.29,5000,1,0.42,"D",0.211303655695911,-1.31708515985581
2006,0,0.26,4000,0,0.99,"Missing",0.942411567811293,2.79512037018857
2006,0,0.29,3442,0,0.26,"Missing",0.861264371217898,1.82583133773662
2006,0,0.14,5000,0,0.34,"B",0.00680456584570895,-4.98333362175726
2006,1,0.29,4300,1,0.95,"Missing",0.905044343161908,2.25457392796441
2006,0,0.29,6000,1,0,"D",0.00200438734730449,-6.21041042853905
2006,0,0.24,10000,0,0,"C",0.00146349581673867,-6.52546274245885
2006,0,0.09,2550,0,0.58,"AA",0.000205123638526313,-8.49169250118472
2006,1,0.29,3000,0,0.61,"Missing",0.959890885556834,3.17521601579125
2006,0,0.29,5000,1,0.7,"C",0.312124420682322,-0.790206085009697
2006,0,0.29,5000,0,0.89,"Missing",0.173273866707716,-1.56260009598106
2006,0,0.08,5000,0,0.13,"AA",0.000607167325362399,-7.40609879359019
2006,0,0.19,6001,0,0.52,"C",0.0136152108378441,-4.28285891946516
2006,1,0.2,2018,0,0,"Missing",0.926159183648297,2.52913447864264
2006,0,0.28,12839,0,0.45,"C",0.00389702640644243,-5.54363683695397
2006,1,0.28,12000,0,0,"Missing",0.834109909651413,1.61503971709496
2006,0,0.2,25000,1,0.98,"B",0.00968187254793564,-4.62777090475531
2006,0,0.2,1500,0,0.8,"D",0.00339060079817721,-5.68335178478044
2006,0,0.15,19300,0,0.39,"A",0.0135231351972033,-4.28973793637522
2006,0,0.29,2550,0,1,"Missing",0.400987454089629,-0.401352402397055
2006,1,0.2,3500,0,0,"Missing",0.916288052843062,2.39294907826254
2006,0,0.15,1200,0,0.9,"D",0.0776260946836877,-2.4750470362085
2006,0,0.17,6000,0,0.82,"C",0.00448127987937669,-5.40335523508251
2006,0,0.14,5000,0,0.68,"B",0.000187886716092116,-8.57948344636408
2006,0,0.1,1500,1,0.79,"A",0.000687049994537514,-7.28241621001558
2006,0,0.11,10500,0,0.16,"AA",0.00310359497221228,-5.77208574982026
2006,1,0.29,25000,0,0.98,"Missing",0.757629533688764,1.13972711621154
2006,1,0.29,3001,0,0.85,"Missing",0.985518017004247,4.22026208371859
2006,0,0.2,8500,0,0.48,"B",0.000601805887250864,-7.41497362403452
2006,0,0.23,8000,0,0.75,"C",0.00290083720711922,-5.83985083875336
2006,0,0.23,7500,0,0.89,"D",0.00111890202986611,-6.79428787652195
2006,1,0.27,1800,1,0.1,"Missing",0.843636503473056,1.68553831603226
2006,1,0.19,5000,0,0.97,"Missing",0.700236314677786,0.848423421816117
2006,0,0.24,1000,0,0,"D",0.0282711421230043,-3.53723524132425
2006,0,0.21,14000,0,0.85,"C",0.00252111093549979,-5.98053133289574
2006,0,0.14,1000,0,0.6,"A",3.66409791946847e-05,-10.2143066521192
2006,1,0.28,3500,0,0,"Missing",0.892163883851415,2.11303721042243
2006,1,0.24,3000,0,0.67,"Missing",0.697237193077804,0.834175975065636
2006,0,0.13,10000,0,0.78,"B",9.81288094483404e-05,-9.22913142658741
2006,0,0.15,4400,0,0.8,"Missing",0.15586629756761,-1.68931232437041
2006,0,0.19,12500,0,0.02,"AA",0.00204194609015863,-6.19180792639371
2006,0,0.11,5000,0,0.46,"A",0.00738782996772602,-4.90050597642332
2006,1,0.29,6700,0,0.39,"Missing",0.532399729745137,0.129780771345246
2006,0,0.15,18000,0,0.37,"B",0.000606023548241349,-7.40798550691112
2006,0,0.15,16000,0,0.77,"B",0.00130188399553659,-6.64264010411251
2006,0,0.08,6001,0,0.04,"AA",0.00175487587037215,-6.34360073622957
2006,0,0.25,8500,0,0.87,"C",0.0052853873067919,-5.23750997380536
2006,1,0.24,3200,1,0.73,"Missing",0.644256610486279,0.593887455260274
2006,0,0.25,9000,0,0.97,"D",0.00304197936099237,-5.7922002542669
2006,0,0.23,2500,0,0.79,"D",0.0245821183860405,-3.68084669195799
2006,1,0.17,5000,0,0.34,"D",0.222260161514846,-1.25254347597047
2006,1,0.29,2000,0,0.4,"Missing",0.999823047821824,8.63945407385869
2006,1,0.29,3000,1,1.01,"Missing",0.677104255137467,0.740495757030526
2006,0,0.24,17500,0,0.15,"D",0.0342946830979732,-3.3378684022715
2006,1,0.29,5000,0,0,"Missing",0.923972935742859,2.49759339534985
2006,0,0.24,5000,0,0.7,"B",0.0647283107791341,-2.67063838798317
2006,0,0.25,1500,1,0.97,"Missing",0.837351845478465,1.63865504059121
2006,0,0.16,8000,0,0.66,"B",0.0141796296250334,-4.24166775662806
2006,0,0.18,25000,0,0.69,"B",0.0010735909399753,-6.83567206305111
2006,0,0.12,25000,1,0,"AA",0.000699605337283828,-7.26429433562299
2006,0,0.07,5000,0,0.33,"AA",6.97346678743961e-05,-9.57074323974715
2006,0,0.15,3500,0,0.32,"C",0.00535479117382425,-5.22439439287231
2006,0,0.15,2000,0,0,"B",0.0187926656566894,-3.95531711815398
2006,0,0.25,2500,0,1.01,"D",0.00837543443140196,-4.77404162474957
2006,1,0.07,2550,1,0.63,"Missing",0.581017998460617,0.326953771543424
2006,0,0.18,4000,0,0.19,"D",0.075277551779145,-2.5083116632919
2006,0,0.29,20000,0,0.61,"D",0.0175658914693218,-4.02407423936134
2006,1,0.17,1000,1,0.71,"Missing",0.880716530534871,1.99923305864022
2006,0,0.17,5000,1,0.28,"B",0.131635261368111,-1.88657690566828
2006,0,0.23,14000,1,0.83,"C",0.000240339038296809,-8.33321960399271
2006,0,0.11,5000,0,0.18,"A",8.77445481298214e-05,-9.3409930787252
2006,0,0.18,1230,0,0,"C",0.00180743787023018,-6.31403590458184
2006,0,0.2,16950,0,0.55,"C",0.0429306932290425,-3.10428877969998
2006,0,0.24,4000,0,0.92,"D",0.0857226825240309,-2.36701647209646
2006,0,0.14,7500,0,0.14,"A",0.00976068754249544,-4.61958380080008
2006,0,0.29,16000,1,0,"D",0.261183061399787,-1.03982862910083
2006,0,0.29,25000,0,0.34,"C",0.179779941023653,-1.51783911576238
2006,0,0.09,3600,0,0.23,"AA",0.000926400268768495,-6.98327733138145
2006,0,0.12,3001,0,0.05,"AA",0.000248624761787964,-8.29931712323434
2006,0,0.24,2600,0,0.96,"Missing",0.384565187647788,-0.470215716624623
2006,0,0.29,20000,0,0.04,"C",0.150787229408751,-1.72844000172532
2006,1,0.29,1750,1,0.98,"Missing",0.998832238736028,6.75149836912397
2006,0,0.12,2000,0,0.01,"AA",0.0541130534122859,-2.86104761534699
2006,0,0.15,9500,0,0.94,"B",0.000100184613257165,-9.20839575178077
2006,0,0.07,1000,0,0,"AA",0.0127806881031631,-4.346956925566
2006,0,0.26,25000,1,0.38,"D",0.00283372713600851,-5.86332467489074
2006,0,0.12,13000,0,0.36,"AA",0.00941642438078059,-4.65583880066299
2006,0,0.25,3000,0,0.71,"D",0.00339133307773883,-5.68313509993432
2006,0,0.1,1000,0,0.53,"A",0.000869896236616701,-7.04626634686942
2006,1,0.2,4600,0,0.91,"Missing",0.799658748228013,1.3841629005463
2006,0,0.22,8000,1,0.93,"D",0.445934811082486,-0.21710957150601
2006,0,0.17,25000,0,0.91,"A",0.000539200752512108,-7.52488325658513
2006,0,0.14,2000,0,0.98,"B",7.67951488006702e-05,-9.47429228836599
2006,1,0.18,1600,0,0.94,"D",0.535199921448182,0.141032987504029
2006,0,0.16,7000,0,0.29,"C",0.0213194669401684,-3.82658467344508
2006,0,0.29,22000,0,0.83,"D",0.303992637379708,-0.828356756788663
2006,1,0.06,6000,1,0.81,"Missing",0.801252381405763,1.39414020879687
2006,0,0.25,15000,0,0,"D",0.102813919544369,-2.16634254011533
2006,1,0.29,2000,1,0,"Missing",0.944137395843899,2.82737652323321
2006,0,0.21,5000,0,0.73,"D",0.0690807255901757,-2.60089680819787
2006,1,0.23,4000,1,1.35,"Missing",0.407011104337725,-0.376335204670919
2006,0,0.15,12000,0,0.33,"B",0.000642369928537507,-7.34970363120935
2006,0,0.17,1000,0,1.02,"D",0.0228614776400186,-3.75517513042148
2006,0,0.1,1000,0,0.24,"AA",0.000356431261438389,-7.93901265694256
2006,1,0.29,3000,1,0,"Missing",0.99281642460288,4.92874855218233
2006,0,0.29,7000,0,0,"C",0.00666095566389748,-5.00480907281061
2006,0,0.21,7000,0,0.78,"D",0.00717300732188618,-4.93023142405539
2006,0,0.17,1600,0,0.98,"C",0.000382251088536736,-7.86905054128513
2006,0,0.15,9500,0,0.37,"C",0.150201884227799,-1.73301852637434
2006,1,0.29,7000,1,0.64,"Missing",0.989942365584089,4.58931473535595
2006,0,0.16,3500,1,0,"C",0.0844197708254536,-2.38375636888957
2006,0,0.22,25000,0,0.63,"AA",0.00575001979006302,-5.15278536762986
2006,0,0.14,1500,1,0.25,"AA",2.14826554992585e-05,-10.7482431864836
2006,0,0.29,3000,1,1.01,"Missing",0.310365236688884,-0.798412342079091
2006,1,0.29,3600,1,0.69,"D",0.520952654754139,0.0838597294558743
2006,0,0.17,25000,0,0.91,"A",0.000892916213243064,-7.02012449254492
2006,0,0.22,10001,1,0.81,"D",0.0382467500114987,-3.2246993312283
2006,0,0.15,17000,1,0.58,"A",0.0343069808279107,-3.33749714202828
2006,0,0.14,25000,0,0.58,"AA",0.000150057792441024,-8.80433998607804
2006,0,0.25,3000,0,0.71,"D",0.182140454855589,-1.50191249723519
2006,0,0.11,5000,0,0.18,"A",0.000192549564115748,-8.55496439334754
2006,0,0.23,8500,0,0.86,"D",0.0459050798836059,-3.03418737968799
2006,0,0.19,5000,0,0.97,"Missing",0.600650340080242,0.40817559457565
2006,1,0.23,3150,0,0.88,"Missing",0.99163596561121,4.7754151767026
2006,0,0.25,10000,1,0.71,"D",0.000307082849004271,-8.08808585031246
2006,0,0.2,24000,0,0.76,"C",0.000103523385721503,-9.17560949303681
2006,1,0.29,6000,0,1.02,"Missing",0.924941096257211,2.51145686724138
2006,1,0.23,6500,0,0.71,"Missing",0.966097755888656,3.34978381549443
2006,0,0.19,13000,0,0.82,"C",0.00878384794409991,-4.72601805157402
2006,0,0.15,3000,1,0.99,"C",0.0229043705420552,-3.75325678225229
2006,0,0.16,6000,0,0.16,"A",0.00486844536641558,-5.32010028460888
2006,0,0.29,6500,1,0.85,"D",0.54452109297403,0.178557271536769
2006,0,0.1,4000,0,0.34,"A",0.104990454898154,-2.14296494284277
2006,0,0.27,7500,0,0.73,"C",0.0051201858554894,-5.26943120176554
2006,0,0.1,4500,0,0.4,"A",0.000289907861978439,-8.14565745288893
2006,1,0.26,2550,1,0.51,"Missing",0.360620145908216,-0.572673551657561
2006,0,0.14,1500,0,0.04,"AA",0.0413679149597911,-3.14300177750223
2006,1,0.29,3600,0,0.3,"Missing",0.643139336082904,0.589015989182345
2006,0,0.07,1000,0,0.34,"AA",3.36971199575967e-05,-10.2980644877692
2006,0,0.17,3800,0,0.7,"C",0.00124175508626615,-6.68998698123542
2006,0,0.17,4000,0,0.73,"B",0.00090749948758635,-7.00390964495403
2006,0,0.2,5000,0,0.87,"D",0.00928176674625343,-4.67037825740732
2006,0,0.23,3000,0,0.86,"Missing",0.253756864115448,-1.07867488582845
2006,1,0.29,3999,0,0.94,"Missing",0.99937513562115,7.37735086592647
2006,0,0.12,25000,1,0,"AA",0.00160812176848127,-6.43107896824083
2006,0,0.12,10000,0,0.81,"AA",0.0052262923305166,-5.24881317856227
2006,1,0.29,5000,0,0.72,"Missing",0.964710711163681,3.30824878972267
2006,0,0.15,10500,0,0.84,"C",0.000435933707573524,-7.73758434427095
2006,0,0.1,3500,1,0.21,"AA",0.00025606225743482,-8.26983385489962
2006,0,0.2,9000,1,1.01,"D",0.305988378062616,-0.81894158563047
2006,0,0.14,7000,0,0.55,"C",0.00182499083852935,-6.30435365378101
2006,0,0.17,3000,0,0.88,"D",0.00830380311985343,-4.78270319016585
2006,0,0.19,24000,1,0.18,"B",0.000887123869628917,-7.02663841771901
2006,0,0.16,5000,0,0.94,"B",0.000898947277480637,-7.01338681937849
2006,0,0.17,25000,0,0.67,"A",0.000186639408604905,-8.58614544206888
2006,1,0.29,5000,1,0.65,"D",0.155061764987476,-1.69544000869006
2006,0,0.18,15000,0,0.29,"C",0.000109471536417908,-9.11973650635844
2006,0,0.2,7500,1,0.38,"C",0.0242760947742705,-3.69368755040628
2006,0,0.23,6001,0,0.88,"D",0.0106398738217789,-4.53244977198117
2006,0,0.12,5900,1,0.31,"A",5.06456404197368e-05,-9.89060675671177
2006,1,0.26,3600,0,0.53,"Missing",0.692529501298842,0.811971694846765
2006,0,0.1,5000,0,0.71,"AA",7.13201756444797e-05,-9.5482599794872
2006,0,0.29,1000,0,0,"Missing",0.10588957162722,-2.13343251523168
2006,0,0.21,10000,0,1.01,"D",0.00211769504725009,-6.15530708310343
2006,0,0.15,8000,0,0.64,"B",0.00247537393776673,-5.99888536566629
2006,1,0.29,2100,0,0,"Missing",0.9652067271045,3.32291824288131
2006,0,0.18,20000,1,0.43,"B",8.00231833396234e-05,-9.43311414714125
2006,1,0.25,2550,1,0.67,"Missing",0.0770875632866747,-2.48259240058046
2006,1,0.22,6500,1,0.97,"Missing",0.873249010016261,1.92999629704557
2006,0,0.2,6000,0,1,"C",0.0179714597758593,-4.00083543975175
2006,1,0.28,3001,0,0,"Missing",0.998595842811171,6.56691287784863
2006,0,0.15,2200,1,0,"C",0.0341690229793744,-3.34166937409245
2006,0,0.22,2500,1,0.63,"D",0.200987630877786,-1.38013305815608
2006,0,0.15,3200,0,0.7,"C",0.00373752477356136,-5.58558718513819
2006,0,0.15,20000,0,0.37,"A",0.000513020620101922,-7.57468136621065
2006,1,0.29,3000,0,1.01,"Missing",0.910299471847722,2.31729697828255
2006,0,0.12,1500,1,0.59,"D",0.00792322755701551,-4.83000185322801
2006,0,0.17,25000,0,0.91,"A",0.000171134822682357,-8.67288772590774
2006,0,0.19,18000,0,0.76,"C",0.111064784510714,-2.07991068409419
2006,1,0.29,4000,1,0,"Missing",0.586673247384114,0.350229567719557
2006,1,0.26,5500,0,0.99,"Missing",0.882715310089865,2.0183985101481
2006,0,0.2,6000,0,0.25,"A",0.00411874963249392,-5.4880783938968
2006,0,0.2,15000,0,0.93,"D",0.0151398333490669,-4.17517042768192
2006,0,0.2,7500,1,0.38,"C",0.0108696647493966,-4.51085024898852
2006,1,0.29,4300,1,0.95,"Missing",0.823122449092238,1.53764728305317
2006,1,0.24,1750,1,0.91,"Missing",0.989491452691558,4.54500217160113
2006,0,0.17,1000,1,0.76,"D",0.0310522020001354,-3.44054101466276
2006,0,0.18,5000,0,0.12,"C",0.00144631946747644,-6.5372858813856
2006,0,0.11,18000,0,0.46,"AA",0.0013795941152255,-6.58458539584509
2006,1,0.24,1750,1,0.91,"Missing",0.771665531149218,1.21773968368738
2006,0,0.17,1000,0,0.72,"C",0.068733603908432,-2.60630715658093
2006,0,0.16,5200,0,0.86,"C",0.000241313038889361,-8.329174208623
2006,0,0.25,9000,0,0.79,"D",0.000110209749680443,-9.11301497673641
2006,0,0.28,10000,0,0.24,"C",0.000967956672122482,-6.93935480644881
2006,1,0.29,3000,0,0,"Missing",0.969861977835229,3.47136620104323
2006,0,0.15,10200,0,0,"C",0.00145533603084416,-6.5310620599286
2006,0,0.24,5700,0,0.1,"A",0.00149850602817977,-6.50178701849508
2006,0,0.24,4592,0,0.6,"C",0.0166021486474256,-4.08148164648019
2006,0,0.17,2000,0,0.73,"C",0.00197459182030932,-6.22541703135315
2006,0,0.22,4000,1,1,"D",0.377070636406938,-0.502000596916692
2006,1,0.24,3000,0,1.99,"Missing",0.894540399404244,2.13798211932246
2006,1,0.24,2000,0,0,"Missing",0.33641077293988,-0.679330372314839
2006,0,0.2,5000,0,0.7,"D",0.00140572929220576,-6.5657923234241
2006,0,0.11,20000,1,0.87,"AA",0.0031432270932657,-5.75935709270538
2006,0,0.17,4000,1,0.31,"D",0.100373809494548,-2.19307802154309
2006,0,0.15,8500,0,0,"B",8.03473008917898e-05,-9.42907170770418
2006,0,0.17,1000,1,0.14,"D",0.0983818720219732,-2.21533450930916
2006,0,0.1,3000,0,0.04,"AA",0.000226824188151059,-8.39110849218468
2006,0,0.2,12000,0,0.66,"C",0.0378354077050193,-3.23594015393471
2006,0,0.12,15000,0,0.09,"A",0.0069677494989644,-4.95947085266579
2006,0,0.2,15000,0,1.03,"D",0.0630594751398228,-2.69854147532672
2006,0,0.17,2000,1,0.97,"Missing",0.954522364810992,3.04399040300225
2006,0,0.25,1000,1,0.95,"D",0.00323136340591793,-5.73161452817941
2006,1,0.29,8000,0,0.8,"D",0.0489395932570249,-2.96699083278493
2006,0,0.15,5000,0,0.35,"B",0.0204361757036977,-3.86980074615423
2006,0,0.21,10000,0,0.72,"A",0.079508866828013,-2.44903882013648
2006,0,0.15,7700,0,0.38,"C",0.000234185775138605,-8.35916163353744
2006,0,0.16,9000,0,0.97,"C",0.00200067677912148,-6.21226708529599
2006,0,0.15,4000,0,0.64,"B",0.0375707542816287,-3.24323461643332
2006,0,0.19,21200,1,0.47,"B",0.00193548166420476,-6.24546170427752
2006,0,0.14,3500,0,0.94,"C",0.000945202081541183,-6.96316616136423
2006,0,0.22,25000,0,0.73,"C",0.0917063804974376,-2.2929757388583
2006,1,0.2,1000,0,0,"Missing",0.30256580758853,-0.835109361888856
2006,1,0.28,1900,0,1.2,"Missing",0.916797144227869,2.39960455959856
2006,0,0.17,25000,0,0.89,"B",0.000270755026988032,-8.21402531366832
2006,0,0.29,2500,0,0.85,"Missing",0.116881605964539,-2.0222977655629
2006,0,0.17,5000,0,0.97,"D",0.00662601610682929,-5.01010347864904
2006,0,0.21,4900,0,0,"D",0.169511490531941,-1.58909337800627
2006,0,0.18,2275,0,1.03,"D",0.00691162243939687,-4.96761525456945
2006,0,0.14,8000,0,0.21,"B",0.00169264327568768,-6.3797698260592
2006,1,0.29,5000,0,0.92,"Missing",0.999205359925158,7.13682632590466
2006,0,0.17,2000,0,0.73,"C",0.000700029374940001,-7.26368798509143
2006,0,0.29,2100,0,0,"Missing",0.19435133657101,-1.42198021161244
2006,1,0.26,3675,0,0.85,"Missing",0.985041845220741,4.18742750142086
2006,0,0.11,5000,1,0,"Missing",0.0933413756934791,-2.27350252139913
2006,0,0.16,3000,0,0.81,"B",0.000127987310715857,-8.96345143848943
2006,0,0.18,1000,1,0.61,"D",0.172560871763706,-1.56758548948813
2006,0,0.15,7000,0,0.33,"A",0.000502700536644246,-7.59501309280953
2006,0,0.23,14000,1,0.83,"C",0.00757292215258069,-4.87557452618274
2006,0,0.2,8000,0,0.84,"D",0.0110395019726143,-4.49517446084265
2006,0,0.18,3000,1,0.93,"C",0.0332972708843495,-3.36841559438938
2006,0,0.29,20000,0,0.04,"C",0.0208418678838258,-3.84972931099886
2006,0,0.25,13000,0,0.74,"D",0.0121035100518564,-4.40208242753453
2006,1,0.24,2550,0,0,"Missing",0.717551012882741,0.932346085496332
2006,1,0.29,5000,0,0.82,"Missing",0.943747069852384,2.82000006452525
2006,0,0.1,1000,0,0.56,"A",0.00045015459003824,-7.70546924483566
2006,0,0.18,5000,0,0.92,"B",1.8997325241195e-05,-10.8711933679813
2006,0,0.09,6100,0,0.48,"A",0.000193713171164391,-8.54893826017597
2006,1,0.19,1100,1,1,"Missing",0.677082465174766,0.740396094718813
2006,0,0.09,6100,0,0.48,"A",5.9278469090944e-05,-9.73320512213534
2006,0,0.23,5000,0,0.78,"D",0.097277104306537,-2.2278519843621
2006,0,0.18,12000,1,0.68,"C",0.00111301593873489,-6.79956825047378
2006,0,0.19,16000,0,0,"A",0.00218480701654613,-6.12404057909264
2006,0,0.16,10999,0,0.97,"B",0.00176443054357018,-6.33816128987506
2006,1,0.25,3000,0,0.97,"Missing",0.30770483772463,-0.810871395341062
2006,1,0.23,3100,0,0.78,"Missing",0.942563014772812,2.79791433849913
2006,0,0.11,5000,0,0.05,"A",0.000762288317908839,-7.178423124875
2006,0,0.15,12000,0,0.94,"B",4.53749031459952e-05,-10.0005060239724
2006,0,0.19,6600,0,0.27,"C",0.00513690217725513,-5.26615492903738
2006,0,0.23,2500,0,0.79,"D",0.0727944772509763,-2.54453515799294
2006,0,0.15,2650,1,0.42,"D",0.0900032030536341,-2.31359582048375
2006,0,0.07,1000,1,0.08,"AA",0.00118704419211339,-6.73510118467342
2006,1,0.27,3000,0,0.98,"Missing",0.634522366930343,0.551667455916925
2006,0,0.29,13531,0,0.82,"D",0.240634644580937,-1.14920324015141
2006,0,0.1,7500,0,0.23,"AA",0.00413992289932753,-5.48292959856403
2006,0,0.1,4500,0,0.15,"AA",0.00106453145543529,-6.84415542610284
2006,0,0.24,4000,0,1,"Missing",0.739189652849827,1.04176101854036
2006,0,0.23,10000,0,0.88,"C",0.029218370884824,-3.50330389888391
2006,0,0.29,3500,0,0.99,"Missing",0.641759837724408,0.583010543331021
2006,0,0.25,7500,0,0.54,"D",0.00165032070562802,-6.40513395892424
2006,0,0.23,6001,1,0.52,"D",0.145507649378531,-1.77027889236105
2006,0,0.24,9950,0,0,"D",0.0112085650967449,-4.4798051977369
2006,0,0.11,10000,1,0.23,"AA",0.00346043968982646,-5.66289317914199
2006,1,0.29,5000,0,0,"Missing",0.907379909991572,2.28205515393924
2006,0,0.29,12000,0,0.92,"C",0.00162372880268725,-6.42140499612776
2006,0,0.1,7500,0,0.13,"AA",0.200647130343858,-1.3822546925807
2006,0,0.15,5000,0,0.74,"C",4.06333036981548e-05,-10.1108819053479
2006,0,0.29,4000,0,1.21,"Missing",0.837717972905813,1.64134576639471
2006,0,0.22,3200,0,0,"D",0.0570731165670111,-2.80465555089373
2006,1,0.29,2550,1,0,"Missing",0.977116687423861,3.7541981428689
2006,0,0.18,2550,0,0.28,"D",0.0034273270860624,-5.6725413829716
2006,0,0.29,25000,1,0.93,"C",0.078018525062264,-2.46957883180732
2006,0,0.29,7000,0,0,"Missing",0.571760159659923,0.289036188897673
2006,1,0.29,5000,0,0,"Missing",0.933677766243698,2.64460618293143
2006,1,0.23,5000,0,0.97,"Missing",0.889739915953725,2.08808721533681
2006,0,0.29,7000,0,0.7,"D",0.00510325045702173,-5.27276128124406
2006,0,0.17,7100,0,0.95,"D",0.00369169878741136,-5.59797002095308
2006,0,0.29,5500,0,1.02,"Missing",0.313118455694885,-0.785580281118952
2006,0,0.17,15000,1,0.89,"B",0.0283024003098934,-3.53609802696883
2006,0,0.08,4000,0,0.13,"AA",0.000196039126247911,-8.53700023659766
2006,0,0.29,3500,0,0.94,"Missing",0.0364090600996977,-3.27584922084233
2006,0,0.1,7500,0,0,"AA",3.81392828355919e-05,-10.1742276214303
2006,0,0.16,15000,0,0,"B",0.00200156194611138,-6.21182386241911
2006,0,0.09,1500,0,0.29,"A",0.000452772897982649,-7.69966701171466
2006,0,0.15,7500,0,0.98,"C",0.00406223977467239,-5.50195027575947
2006,0,0.11,14000,0,0.56,"AA",4.22034573625344e-05,-10.0729662079081
2006,0,0.16,11204,0,0.73,"B",0.00177635879520089,-6.33141169210012
2006,0,0.1,5000,0,0.11,"AA",0.00105452800999324,-6.85360691163695
2006,1,0.29,1500,1,1.29,"Missing",0.993596079618179,5.04442040305054
2006,0,0.09,4800,0,0.12,"AA",0.000237674358037757,-8.34437136212446
2006,0,0.24,2000,1,0.93,"Missing",0.494209780805589,-0.0231619122027453
2006,0,0.18,4500,0,0.49,"B",0.0022836409709739,-6.07969794018267
2006,1,0.25,10700,0,0,"Missing",0.991553532335989,4.76552461172072
2006,1,0.29,5000,0,0.89,"Missing",0.979766339177252,3.87996651892021
2006,1,0.25,15000,1,1.04,"D",0.803707869836629,1.40963184756386
2006,0,0.16,6000,0,0.16,"A",0.00104268987558756,-6.86490825216484
2006,0,0.05,1000,0,0.42,"D",0.00933783024309041,-4.66429966065014
2006,0,0.11,1527,0,0.03,"AA",0.00143599764235417,-6.54445842049701
2006,0,0.14,3210,0,0.08,"B",0.117922561099141,-2.01225170420009
2006,0,0.17,6500,0,0.45,"B",0.000946584816984964,-6.96170294703516
2006,0,0.29,3600,1,0.69,"D",0.0309591498652765,-3.44363817879134
2006,0,0.17,13000,1,0.88,"B",0.0401802365478479,-3.17337027385807
2006,1,0.29,7200,0,1.15,"Missing",0.907581292534198,2.28445372077104
2006,0,0.29,1000,0,0,"Missing",0.887941630224034,2.06988611484901
2006,1,0.17,3000,0,0,"Missing",0.754539569702055,1.12297196757129
2006,0,0.08,2600,0,0,"A",0.00273155926901829,-5.90014737523821
2006,0,0.29,25000,0,0.61,"A",0.00469512475007395,-5.35652441436882
2006,0,0.19,16000,0,0,"A",0.00304384748299279,-5.79158445497093
2006,1,0.29,2000,0,1.26,"Missing",0.944863652247287,2.84123146624141
2006,1,0.25,5000,1,0.96,"Missing",0.643870421740895,0.592202848882482
2006,0,0.15,5100,0,0.19,"C",0.0345576602447048,-3.32995713908836
2006,0,0.18,5600,0,0.33,"C",0.0083989922317809,-4.77120909022073
2006,1,0.29,5000,1,0,"Missing",0.981026799622465,3.94557230084926
2006,0,0.07,1000,1,0.08,"AA",0.00572293468842164,-5.15753417431531
2006,0,0.2,6500,1,0.92,"D",0.000488868444369822,-7.6229281466235
2006,0,0.17,5000,1,0.28,"B",0.00025195230499291,-8.28601877021674
2006,0,0.12,9000,0,0.43,"B",0.00158261463538941,-6.44709309885215
2006,0,0.27,7000,0,0.71,"C",0.0540746992529716,-2.86179719250581
2006,0,0.29,5500,0,0.72,"D",0.0535092238946093,-2.8729071770493
2006,0,0.11,6475,0,0.1,"AA",2.07817594641318e-05,-10.781414122866
2006,0,0.29,13200,0,0.98,"D",0.00715647083907763,-4.93255611788557
2006,0,0.1,4999,0,0.06,"AA",0.0102309067027636,-4.57205846904829
2006,0,0.19,10300,0,0.38,"B",0.0111865490523495,-4.48179361083468
2006,0,0.25,15000,1,0.82,"D",0.308397960673545,-0.807619673447474
2006,0,0.11,1500,0,0.39,"B",0.000161706745597658,-8.72956435568484
2006,0,0.2,7000,0,0.86,"D",9.91480282560646e-05,-9.21879743672685
2006,0,0.28,25000,1,0.75,"C",0.29934216566989,-0.850432371179976
2006,0,0.13,25000,1,0.11,"AA",0.000323172007379734,-8.03700262165959
2006,0,0.15,9999,0,0.31,"A",0.00571473859390078,-5.15897559293984
2006,0,0.29,2501,1,0,"Missing",0.787346526231738,1.30900450720205
2006,0,0.18,10000,0,0.66,"B",0.000690651112382163,-7.27718487446707
2006,0,0.09,3000,0,0.13,"A",0.00159072432830387,-6.44197382321654
2006,1,0.2,2000,0,0,"Missing",0.737715856809574,1.03413030049639
2006,1,0.29,2500,0,1.09,"Missing",0.99759530423831,6.02792429415629
2006,0,0.09,2550,0,0.58,"AA",4.13237600893611e-05,-10.0940315939806
2006,0,0.22,5000,0,0.55,"C",0.0123753455757579,-4.37959648775837
2006,1,0.25,3000,1,0.93,"Missing",0.924231225996836,2.5012760296133
2006,0,0.2,1500,0,0,"D",0.00271085134119202,-5.90777801303071
2006,0,0.15,20000,0,0.75,"B",0.00240438440617834,-6.0280540927758
2006,0,0.19,2500,0,0.82,"C",0.00455125113582405,-5.38779146929993
2006,0,0.14,8000,0,0.76,"AA",0.000110521712072168,-9.11018803914703
2006,0,0.24,1000,0,0,"D",0.0152409533788672,-4.16841088255711
2006,0,0.15,10000,0,0.16,"A",0.000482815924490487,-7.6353921531498
2006,0,0.29,3500,0,1.01,"Missing",0.728609887011599,0.987581137288035
2006,1,0.29,4600,0,0.9,"Missing",0.619972254361721,0.489430461115745
2006,0,0.2,1500,0,0.88,"Missing",0.67520055961676,0.731801886769659
2006,0,0.1,6000,1,0.75,"A",0.000317268071349175,-8.05544617209302
2006,0,0.1,7500,0,0.2,"AA",0.000955445270740404,-6.95237717206156
2006,0,0.1,1000,0,0.3,"AA",0.00323984190754488,-5.72898564277729
2006,0,0.12,7500,1,0,"B",0.00153354845646278,-6.47863625075741
2006,0,0.23,16000,1,0,"A",0.00293017566662155,-5.82975842623611
2006,0,0.15,5100,0,0.19,"C",0.00644257255514889,-5.0383639380502
2006,0,0.09,2500,1,0.24,"AA",0.000533170208009589,-7.53613653277745
2006,0,0.11,10000,0,0.43,"AA",0.000625991353672881,-7.37554781161565
2006,1,0.27,6000,0,0.85,"Missing",0.992313198963471,4.86053407529448
2006,0,0.18,6000,0,0.75,"C",0.000237473171259907,-8.34521840261409
2006,0,0.26,25000,0,0.92,"C",0.00374745714357625,-5.58292326760364
2006,0,0.2,4000,0,0.48,"D",0.0438824947927163,-3.0813653302108
2006,0,0.1,9000,0,0.22,"AA",7.94501991327378e-05,-9.44030070523857
2006,0,0.24,25000,0,0.97,"C",0.00621079981877685,-5.07523542896762
2006,1,0.18,20000,0,0.53,"A",0.587552043430188,0.35385479473317
2006,0,0.25,12000,0,0.43,"C",0.00336620239016461,-5.69059817642803
2006,0,0.1,2000,0,0,"AA",0.00539450780362459,-5.2169648056834
2006,0,0.15,5000,0,0,"C",0.00263173867588071,-5.93747534993976
2006,0,0.25,25000,0,0.18,"A",0.00640210580939357,-5.04470562283961
2006,0,0.16,5000,0,0,"C",0.00112979955488647,-6.78458460878918
2006,0,0.28,7500,1,0,"C",0.0946226479534228,-2.25845496543626
2006,0,0.17,25000,0,0.06,"AA",0.00014994763148645,-8.8050744893747
2006,0,0.17,3800,0,1.1,"D",0.0023765463172712,-6.03972759761481
2006,0,0.15,2000,0,0.36,"D",0.0078329435720966,-4.84155312227326
2006,0,0.15,1500,1,0.85,"D",0.0318118539059356,-3.41558744952528
2006,0,0.2,3000,0,0.27,"D",0.0177267495215766,-4.01479475762822
2006,1,0.2,5128,0,0,"Missing",0.947527893779629,2.89357465755433
2006,0,0.19,3001,0,0.48,"D",0.343833504997518,-0.646257016990151
2006,1,0.28,4000,0,0.53,"Missing",0.852018240263561,1.75051891421544
2006,0,0.12,25000,1,0.22,"AA",8.58637475102518e-05,-9.36266298193288
2006,0,0.13,16000,0,0.34,"A",0.000751248554721563,-7.19302246506491
2006,0,0.14,7500,1,0.54,"B",0.000321166880396663,-8.04322847483265
2006,0,0.24,4000,0,0.7,"Missing",0.422470232186649,-0.312640999112543
2006,0,0.2,5000,0,0.45,"D",0.0210990239202956,-3.83720370967542
2006,0,0.11,2400,0,0.25,"B",0.000306836700245755,-8.08888798913659
2006,0,0.11,5000,1,0.45,"B",0.000775913102930964,-7.16069381053113
2006,0,0.15,2500,0,1.01,"D",0.000502132872568913,-7.59614352792005
2006,0,0.16,3000,0,0.81,"B",0.000367916040946936,-7.90728781168748
2006,0,0.12,3000,0,0.98,"B",1.65300659597674e-05,-11.0103131256302
2006,0,0.23,6500,0,0.71,"Missing",0.707334874684812,0.882475171229109
2006,0,0.29,7500,1,0.09,"D",0.0341697198398287,-3.34164825827705
2006,0,0.27,3750,0,0.88,"Missing",0.160952200191021,-1.6511602495236
2006,0,0.19,10000,1,0.88,"D",0.0114060280983572,-4.46214170704022
2006,0,0.23,8000,1,0.74,"D",0.0605989487606402,-2.74096494690565
2006,0,0.18,7500,0,0.9,"B",0.0212937905303232,-3.8278159992056
2006,1,0.29,2000,0,0,"Missing",0.9931600182224,4.97810672977135
2006,1,0.28,4000,0,0,"Missing",0.336193071086376,-0.680305726223371
2006,0,0.07,3000,0,0.06,"AA",8.72850428644725e-05,-9.34624415124887
2006,0,0.29,10500,0,0.76,"D",0.110563212221826,-2.08500102598613
2006,0,0.08,5000,0,0.13,"AA",6.8030790360395e-06,-11.8981284457452
2006,0,0.21,3000,0,0.04,"C",0.0740623427455204,-2.52589969954062
2006,0,0.2,6001,0,0,"A",0.000760549994906323,-7.1807078695441
2006,0,0.15,3000,0,0.46,"B",3.42211429406308e-05,-10.2826326685448
2006,0,0.25,7000,0,0.14,"D",0.00962346313527117,-4.633881017918
2006,0,0.18,2750,1,0,"D",0.0523560522807069,-2.89591130664076
2006,1,0.29,25000,1,0.96,"Missing",0.930731336308741,2.59797803969497
2006,0,0.29,2800,0,0.97,"Missing",0.931730825988886,2.61358562715315
2006,0,0.23,1525,0,0.56,"D",0.00049476615888472,-7.61093042471204
2006,0,0.22,12800,0,0,"A",5.64579528999297e-05,-9.78195793377824
2006,1,0.29,7100,1,1.12,"Missing",0.921711662457656,2.46583379803919
2006,0,0.1,1000,0,0.24,"AA",0.000126269575449648,-8.97696517121365
2006,1,0.19,10000,1,1.02,"C",0.713622003342713,0.913040810249964
2006,0,0.29,4000,0,0.8,"D",0.24851389472861,-1.10655396132156
2006,0,0.17,5000,0,0.17,"C",0.00242361047445155,-6.02007036687392
2006,0,0.1,2000,0,0,"AA",0.000168669312963046,-8.68740180442454
2006,1,0.29,3800,0,0.96,"Missing",0.828557007479563,1.57543483634317
2006,1,0.29,6000,1,0,"Missing",0.977120413382153,3.75436479358995
2006,0,0.08,3500,0,0.46,"AA",6.18652636229972e-06,-11.9931306114936
2006,0,0.14,22000,0,0.77,"B",0.00244140323866367,-6.01273791884635
2006,1,0.17,3000,0,0,"Missing",0.774569299807633,1.2342943371964
2006,0,0.07,3000,1,0.09,"AA",0.000247832303977109,-8.30251037114254
2006,1,0.25,3000,0,0,"Missing",0.917920395279682,2.41442110585363
2006,0,0.1,2300,0,0.62,"A",0.00411808761202626,-5.48823980493407
2006,1,0.29,5000,0,0.75,"Missing",0.945910720090595,2.86151217540084
2006,0,0.29,23800,0,0.5,"C",0.00181807806090986,-6.30815561358372
2006,0,0.21,5500,1,0,"C",0.0186050921361084,-3.96553962098814
2006,0,0.16,6000,0,0.16,"A",0.0080292135633971,-4.81660707184254
2006,0,0.23,6500,0,0.75,"D",0.000931609846450742,-6.9776644065478
2006,0,0.29,4000,0,1.12,"Missing",0.519535691085349,0.0781825643445722
2006,0,0.17,7100,0,0.95,"D",0.00102577085216904,-6.88128460082858
2006,1,0.29,3000,1,0,"Missing",0.776585607232865,1.24587857352101
2006,0,0.29,20000,0,0.89,"C",0.193663273121897,-1.42638048512195
2006,1,0.29,2550,0,0.63,"D",0.434442620145021,-0.263747881400236
2006,0,0.2,5500,0,0.8,"D",0.0604939779285439,-2.74281040699013
2006,0,0.11,1500,0,0.07,"B",0.000110120209424695,-9.11382784963239
2006,0,0.14,4000,0,0.16,"B",0.00020530169780215,-8.49082464133902
2006,0,0.15,6000,0,0.14,"C",0.00660429524072733,-5.01340884747888
2006,0,0.2,3000,0,0.76,"C",0.00211863217780348,-6.15486371802416
2006,0,0.11,2400,0,0.25,"B",0.00112801119665111,-6.78617055196627
2006,0,0.11,1550,0,0.95,"D",0.00066060872096051,-7.32168801650058
2006,1,0.25,10000,0,0.87,"Missing",0.984030285590504,4.12096259548772
2006,0,0.25,4800,0,0.85,"Missing",0.766657826417691,1.18953464998419
2006,0,0.19,10000,1,0.88,"D",0.0385892291758278,-3.21542855803042
2006,0,0.27,2000,0,0,"Missing",0.315852045469624,-0.772900308621375
2006,0,0.18,5000,0,0.99,"D",0.00149506761837823,-6.50408765713072
2006,0,0.2,5000,0,0.08,"D",0.0496712235722906,-2.95138224232652
2006,0,0.12,25000,1,0,"AA",0.000643973643468726,-7.34720857790466
2006,0,0.18,2750,1,0,"D",0.00647722424045117,-5.03296492586202
2006,1,0.29,3800,0,1,"Missing",0.998565712035517,6.54565142737256
2006,0,0.15,5000,1,0.42,"B",0.000419717382051048,-7.77550916757601
2006,1,0.23,7200,0,1.12,"Missing",0.968387036467226,3.42206456357958
2006,0,0.12,19500,1,0,"AA",0.0361308634899256,-3.28380809048601
2006,0,0.21,3001,1,0,"C",0.0358266204125249,-3.29257992875765
2006,0,0.2,6000,0,0.02,"C",0.000998039966140839,-6.90871869788168
2006,0,0.12,3000,0,0.98,"B",0.000135322755329398,-8.90771252076388
2006,1,0.29,5108,0,0,"Missing",0.939144339091009,2.73646433749024
2006,1,0.19,16000,0,0.99,"C",0.071780304337578,-2.55965832020659
2006,1,0.29,5000,0,1,"Missing",0.951105473880142,2.96795951486099
2006,1,0.27,3000,0,0.98,"Missing",0.845794925072518,1.70199355294943
2006,0,0.16,6000,0,0.16,"A",0.0249853080078233,-3.6641645671645
2006,0,0.21,13500,0,0.82,"C",0.00995182007345054,-4.59999815213978
2006,0,0.24,18000,1,0.97,"C",0.1111138389322,-2.07941392278796
2006,0,0.16,25000,0,0.76,"AA",0.00023037829181316,-8.37555744830945
2006,0,0.15,9500,0,0.36,"A",0.0251159974655424,-3.65881349981884
2006,0,0.11,5000,1,0,"A",0.004194789820806,-5.46970842999548
2006,0,0.2,5000,0,0,"B",0.0135071513003473,-4.29093680513156
2006,0,0.22,15000,0,0.94,"C",0.00195720533168229,-6.23427855125449
2006,0,0.22,2500,1,0.74,"D",0.0404468193441963,-3.1664797306703
2006,0,0.1,2000,0,0,"AA",6.6851839201211e-06,-11.9156101502234
2006,0,0.13,16000,0,0.34,"A",5.67410488313455e-05,-9.77695590122889
2006,0,0.15,3500,0,0.3,"C",0.000238720851272152,-8.33997692561972
2006,0,0.18,2500,0,0.84,"A",0.00158445871684332,-6.44592671824833
2006,1,0.29,3300,0,0.91,"Missing",0.819278335551304,1.51146579195165
2006,0,0.18,2000,0,0,"D",0.0438596076239842,-3.08191095937109
2006,0,0.25,7000,0,0.14,"D",0.142125644395379,-1.79774616401067
2006,0,0.12,4000,0,0.43,"B",0.000146085785101888,-8.83117044315944
2006,1,0.26,2550,1,0.51,"Missing",0.985980219245435,4.25316704934818
2006,0,0.18,1600,0,0.94,"D",0.0096463950548189,-4.6314777799609
2006,0,0.18,1600,0,0.94,"D",0.00324636405439167,-5.72696801647971
2006,1,0.29,1000,1,0.42,"Missing",0.992352783721942,4.86573697642088
2006,0,0.14,1400,0,0.61,"C",0.00196429341466095,-6.23065645857245
2006,0,0.08,2000,0,0.15,"AA",0.000153686026397549,-8.7804451285004
2006,0,0.28,6000,0,0.86,"Missing",0.523004434304801,0.0920827480145949
2006,0,0.16,25000,1,0.66,"AA",0.00411088359622422,-5.48999793015757
2006,1,0.29,5000,0,1.01,"Missing",0.965792586650825,3.34050671237199
2006,0,0.18,5000,1,0,"D",0.0775369300596227,-2.47629300276886
2006,1,0.29,2500,0,1.21,"Missing",0.681337687698397,0.759926093617411
2006,1,0.29,5000,0,0.77,"Missing",0.551522028160097,0.20682221505411
2006,0,0.15,4000,0,0.95,"C",0.000854778458517399,-7.06381309145826
2006,0,0.15,2000,0,0.36,"D",0.00259402036602446,-5.95194895124768
2006,0,0.22,5000,0,0.93,"D",0.0308993357691476,-3.44563380362173
2006,0,0.15,5000,0,5.95,"B",2.32255033696943e-05,-10.6702363741118
2006,1,0.27,1000,1,0.88,"Missing",0.896811194765766,2.1622849839417
2006,0,0.2,6500,0,0.74,"D",0.000544915510865473,-7.51433473722243
2006,0,0.25,2500,0,1.01,"D",0.0201102521889595,-3.88621031892085
2006,0,0.11,14000,0,0.29,"AA",0.000488663317221877,-7.62334803570987
2006,0,0.29,4000,1,0.94,"D",0.0070728101981257,-4.94439945490654
2006,0,0.11,12000,0,0.02,"AA",8.75806915692825e-05,-9.34286241566587
2006,0,0.14,3500,0,0.94,"C",0.0650601087818658,-2.66517064668736
2006,0,0.17,1000,0,1.02,"D",0.30161687352248,-0.839610262716556
2006,0,0.17,3800,0,1.1,"D",0.00769079143420122,-4.86001106535582
2006,0,0.11,3500,0,0,"D",0.00409962252282297,-5.4927523281011
2006,1,0.25,1500,1,0.97,"Missing",0.771527894195737,1.21695869931687
2006,0,0.2,2850,0,0.7,"C",0.000161464496109598,-8.73106380026731
2006,1,0.22,2500,1,1,"Missing",0.553155551440725,0.21342870422917
2006,1,0.29,5000,0,0,"Missing",0.905473050868134,2.25957254543386
2006,0,0.08,2500,0,0.47,"AA",0.0197413032701279,-3.90510345946833
2006,0,0.24,4000,0,0.89,"D",0.0269499351148338,-3.58645464527016
2006,0,0.19,16000,0,0.99,"C",0.0452316747433406,-3.04967110962395
2006,0,0.28,23500,0,0.89,"D",0.160865655568886,-1.65180123893218
2006,1,0.28,5000,0,0.96,"Missing",0.736133579304194,1.02596860299947
2006,0,0.17,17000,1,0.59,"B",0.0143250990956455,-4.23131340487905
2006,0,0.2,9000,0,0.88,"D",0.172642825813508,-1.56701162356479
2006,0,0.15,6500,0,1.05,"C",0.0218052107758199,-3.80355985354224
2006,0,0.24,7500,0,0,"C",0.0117643647817313,-4.43084613797776
2006,1,0.24,3000,0,1.99,"Missing",0.986438131094704,4.28683851004094
2006,1,0.23,7200,0,1.12,"Missing",0.758713417070329,1.14563875866724
2006,1,0.29,4000,0,0.98,"Missing",0.908453681071326,2.2948988405792
2006,0,0.19,5000,0,0.42,"B",0.00272619145123104,-5.9021198023357
2006,0,0.12,2500,0,0,"C",0.0277408482377722,-3.5567163933985
2006,0,0.15,4500,0,0.96,"A",0.0507507794296539,-2.92874440198733
2006,0,0.13,2550,0,0.27,"A",4.49368226682724e-05,-10.0102080575148
2006,0,0.24,3000,0,0.67,"Missing",0.928675906727676,2.56652563103858
2006,0,0.17,9000,0,0.94,"C",0.00821850691047604,-4.79311426245106
2006,0,0.08,2500,1,0.24,"AA",0.00191325497755665,-6.25703422306614
2006,0,0.29,3100,0,1,"Missing",0.32505364635571,-0.730642977213838
2006,0,0.25,7000,0,0.96,"D",0.0381346181460738,-3.22775202281921
2006,1,0.29,2550,0,0.99,"Missing",0.655908613626761,0.645114190589685
2006,0,0.17,6750,1,0.73,"C",0.0297308077251632,-3.48538974547433
2006,0,0.08,2000,0,0.05,"AA",0.000427731403187962,-7.75658729912093
2006,0,0.23,14000,1,0.83,"C",0.141731838899714,-1.80097977896901
2006,0,0.2,15000,0,0.84,"C",0.0851571948916959,-2.37425335260883
2006,0,0.11,4000,0,0,"B",0.000131126277523399,-8.93921861362949
2006,1,0.2,3800,0,1,"Missing",0.97370626455241,3.61177896682288
2006,0,0.17,5000,0,0.61,"C",0.0167906591264088,-4.06999933128735
2006,1,0.24,1000,0,0.97,"Missing",0.922444578717155,2.47603450272396
2006,0,0.28,6000,0,0,"D",0.0561962242909378,-2.82106870861619
2006,1,0.26,3675,0,0.85,"Missing",0.940914397243829,2.76786487891392
2006,1,0.29,4000,0,0.98,"Missing",0.750955736073793,1.10371606260749
2006,0,0.16,25000,0,0.78,"B",0.000140471471056027,-8.87036566145244
2006,1,0.29,1800,0,0.85,"Missing",0.770526339004317,1.21128558246638
2006,0,0.15,7000,0,0,"A",0.0038369409913523,-5.55923552575255
2006,1,0.28,3001,0,0.75,"Missing",0.957769132701951,3.1214553538782
2006,0,0.18,15000,0,0.51,"B",0.0209573213347278,-3.84408718335236
2006,1,0.29,6000,0,0,"Missing",0.578990353451554,0.318630069892159
2006,0,0.2,6000,1,0.25,"C",0.0231668515563051,-3.74159341325537
2006,1,0.26,3672,0,0.94,"Missing",0.0564986265833064,-2.81538149087224
2006,0,0.17,4900,0,0.13,"D",0.0361628210521133,-3.28289083053612
2006,0,0.23,10000,0,0,"D",0.00098039305355726,-6.92657611769716
2006,0,0.13,6000,0,0.92,"C",0.00202555403075197,-6.19988441217124
2006,1,0.29,2600,1,0,"Missing",0.990717879332221,4.67033977006088
2006,0,0.12,6000,0,0.33,"AA",0.000305017393549632,-8.0948366910305
2006,1,0.29,2550,0,0.98,"Missing",0.99570637152645,5.4463202329313
2006,0,0.2,9000,1,1.01,"D",0.0180947218724166,-3.99387455909675
2006,0,0.11,3000,0,0.27,"B",0.000181443069957852,-8.61438715807358
2006,1,0.24,4100,1,0.91,"Missing",0.910149720807309,2.31546439379265
2006,1,0.29,3975,0,0.97,"Missing",0.989666200314721,4.56194766924214
2006,0,0.16,2000,0,0.89,"C",0.0117995207840032,-4.427826672228
2006,0,0.2,5000,0,0.87,"D",0.000528800568740542,-7.54437025346378
2006,1,0.2,10000,1,0.85,"Missing",0.986414446666068,4.28506962430097
2006,0,0.14,2000,0,0.98,"B",0.00139698876616423,-6.57203827467492
2006,0,0.13,2000,1,0.54,"A",0.000328090437333662,-8.02189311973587
2006,1,0.23,15000,0,0.77,"C",0.532324285797992,0.129477726039235
2006,0,0.29,3001,1,0,"Missing",0.175402750905486,-1.5478103207921
2006,0,0.17,5000,0,0.34,"D",0.00747098557515279,-4.88922931759832
2006,0,0.25,5000,0,0.76,"C",0.00117555520596761,-6.74483848055632
2006,1,0.23,6001,1,0.85,"Missing",0.995555743790177,5.41168859461674
2006,0,0.23,5000,0,0.97,"Missing",0.703972801420967,0.866288383872469
2006,0,0.23,8000,1,0.74,"D",0.0199872498655267,-3.89247101838477
2006,0,0.15,25000,0,0,"A",0.00380621229934124,-5.56730725713157
2006,0,0.15,2000,0,0,"B",0.000585140270721789,-7.4430736489311
2006,1,0.2,9000,0,1.01,"D",0.590845594081788,0.367462115759984
2006,1,0.23,4500,1,0,"D",0.0313415991277104,-3.43096576149829
2006,0,0.23,5300,0,0.45,"D",0.0817106064015662,-2.41932876975646
2006,0,0.13,9000,0,0.26,"AA",0.00029100060122097,-8.14189418179336
2006,1,0.29,7500,0,0.86,"Missing",0.921500410623223,2.46290982880724
2006,0,0.19,13000,1,0.89,"C",0.003391181420037,-5.68317997230792
2006,0,0.13,6000,1,0.22,"A",0.00362399515232843,-5.61654765072895
2006,0,0.15,2300,0,0.46,"C",0.151629951384915,-1.72187389649424
2006,0,0.12,25000,0,0.17,"AA",6.05751710623032e-05,-9.71156489028457
2006,0,0.16,25000,0,0,"AA",0.00764781090946279,-4.86565862233968
2006,1,0.29,6000,0,0.92,"Missing",0.433658350809182,-0.266940502605377
2006,0,0.1,2000,1,0,"B",0.00240584209647124,-6.02744655186296
2006,0,0.15,3000,0,0.08,"AA",0.0548911320595267,-2.84594831853016
2006,0,0.09,6000,0,0,"AA",0.0357217493886966,-3.29562016481795
2006,0,0.09,1000,0,0.18,"AA",0.000451856584102155,-7.70169376158708
2006,1,0.24,1800,0,1.18,"Missing",0.849477952040827,1.73051241520587
2006,0,0.1,3900,0,0.41,"AA",0.00182662877115596,-6.30345491353122
2006,0,0.25,4000,1,0.47,"C",0.223016789592972,-1.24817168362585
2006,1,0.27,1000,1,0,"Missing",0.996946917972636,5.7885459456098
2006,0,0.2,8000,0,0.79,"C",0.000215979717156198,-8.44011005369969
2006,0,0.14,1400,0,0.61,"C",0.000274503935182603,-8.20027041967911
2006,0,0.29,5000,0,1,"D",0.0469017201914993,-3.01166367246679
2006,0,0.25,7000,0,1.02,"C",0.210646350558549,-1.32103378171091
2006,0,0.12,7500,0,0.81,"A",0.000732524940276469,-7.21828037612591
2006,1,0.28,2000,0,0.77,"Missing",0.887670400463963,2.06716310086236
2006,0,0.21,5000,0,0.73,"D",0.0017801855219053,-6.32925592238461
2006,1,0.24,3200,1,0.73,"Missing",0.761073148573285,1.15857203077999
2006,0,0.11,5000,1,0,"A",0.0147910513031758,-4.19883139310897
2006,0,0.08,1500,1,0.22,"AA",0.0297510734074621,-3.48468745166407
2006,1,0.29,2550,0,0.43,"Missing",0.918788658901297,2.4260012212394
2006,1,0.29,1000,1,1,"Missing",0.930886473558315,2.6003868662123
2006,0,0.23,4000,0,0.51,"D",0.146922318062853,-1.75894661389053
2006,1,0.29,3001,0,0.85,"Missing",0.96510455744327,3.31988021023745
2006,0,0.13,12500,0,0,"AA",3.36859039866037e-05,-10.2983974009671
2006,0,0.23,3250,0,0.93,"D",0.0427740143339707,-3.10810872677537
2006,1,0.21,3000,1,0.65,"Missing",0.960846141932453,3.20031533073705
2006,0,0.13,5000,0,0.95,"B",0.000322545298844798,-8.03894437273022
2006,0,0.29,5000,0,0.93,"Missing",0.634183198117508,0.5502052019347
2006,0,0.12,1500,1,0.59,"D",0.120143186168189,-1.99107493314714
2006,0,0.08,2000,0,0.15,"AA",0.00231022403945857,-6.06809787564861
2006,0,0.18,15000,0,0.58,"C",0.0488696483466852,-2.96849460556968
2006,0,0.11,12000,0,0.02,"AA",0.0029507276163092,-5.82274839985125
2006,1,0.29,2500,0,0.95,"D",0.912604076616456,2.34585349715389
2006,0,0.09,2550,0,0.17,"A",0.000971074186537482,-6.93613614440559
2006,0,0.11,1527,0,0.03,"AA",0.000642769162597419,-7.34908192298164
2006,0,0.19,15000,1,0.94,"B",6.29228842688431e-05,-9.67353771570586
2006,0,0.29,1800,0,0.73,"Missing",0.43489484116824,-0.261907578231086
2006,0,0.25,2500,0,0,"Missing",0.450635448333637,-0.198103555589919
2006,1,0.17,1675,0,0.95,"Missing",0.682752626407958,0.766450779263572
2006,0,0.15,7000,1,0,"B",0.0203681110991546,-3.87320638113646
2006,1,0.17,1700,0,0.8,"Missing",0.817233488914381,1.49771539968876
2006,1,0.29,5000,0,1.01,"Missing",0.982387923983921,4.02140146091893
2006,1,0.29,3025,1,0,"Missing",0.996162503616463,5.55909023000545
2006,1,0.29,3000,0,1.02,"Missing",0.979665101507235,3.87487223250785
2006,1,0.28,2000,0,0.77,"Missing",0.978845490882432,3.83452072684879
2006,0,0.29,5000,0,1,"D",0.0337439561405128,-3.35462753088247
2006,1,0.29,2000,0,0,"Missing",0.977325092217381,3.76356041298176
2006,0,0.17,6500,0,0.79,"C",0.000478728514347399,-7.6438980539828
2006,0,0.13,20000,0,0.46,"A",0.00398969270113382,-5.5200433955486
2006,0,0.17,1500,1,0.56,"C",0.0716811651172393,-2.56114722289043
2006,1,0.28,4000,0,0,"Missing",0.932644823595059,2.62804468808377
2006,0,0.15,4999,0,0.89,"C",0.000126107507224945,-8.9782496674048
2006,0,0.15,1000,0,0.16,"A",0.170626106141909,-1.581196422579
2006,0,0.2,4000,1,0.98,"B",0.00286327523992545,-5.85292173833971
2006,1,0.29,7100,1,1.12,"Missing",0.95938394282134,3.16212786680901
2006,0,0.29,23800,0,0.5,"C",0.343986793252583,-0.645577656049544
2006,0,0.25,5000,0,0.2,"D",0.0287924830005737,-3.51842581403494
2006,1,0.25,2000,1,1.4,"Missing",0.813952355990741,1.47589904206599
2006,1,0.29,2100,0,0,"Missing",0.765150683715297,1.18112868542322
2006,1,0.23,6500,0,0.71,"Missing",0.919885969042963,2.44079870893148
2006,0,0.13,15000,0,0.45,"A",0.0001605530124844,-8.73672580817441
2006,0,0.23,6001,0,0.81,"D",0.01139273648615,-4.46332114612243
2006,0,0.18,2800,0,0.99,"C",0.10416404039212,-2.15179034746396
2006,0,0.17,10000,1,0.6,"A",0.0473445889657333,-3.00180071916725
2006,0,0.13,8500,0,0.21,"AA",0.000209822849427798,-8.46903711254373
2006,0,0.13,9000,0,0.86,"B",0.0020811597196157,-6.17274665479694
2006,0,0.11,10000,0,0.43,"AA",0.000601293189569553,-7.41582643212144
2006,0,0.17,3500,0,0.96,"Missing",0.090956973890544,-2.30200584619578
2006,0,0.2,25000,0,0,"B",4.37675541950237e-05,-10.03657401838
2006,0,0.17,25000,0,0.06,"AA",0.00740329517906145,-4.89839924783893
2006,0,0.15,2500,0,0.44,"D",0.0839078620578022,-2.39039763032308
2006,1,0.26,4500,0,0.96,"Missing",0.569510855118587,0.279855735085288
2006,0,0.15,9900,0,0.72,"B",0.00150102382639747,-6.50010570128303
2006,0,0.21,25000,0,0.07,"B",0.00580430887249978,-5.1433335088577
2006,1,0.29,3999,0,0.94,"Missing",0.895523432017697,2.14844557113851
2006,0,0.14,8000,0,0.44,"A",0.000664615911237174,-7.31563642439098
2006,1,0.29,3000,0,0.91,"Missing",0.996987714079154,5.80203921432442
2006,0,0.29,22000,0,0,"D",0.0879114502619267,-2.33940701852382
2006,1,0.29,3001,0,0.84,"Missing",0.989841524364306,4.57923645887843
2006,0,0.09,5000,0,0.01,"AA",2.73883693826202e-05,-10.5053647210277
2006,0,0.16,5200,0,0.86,"C",0.112998124085464,-2.0604758796444
2006,0,0.15,5000,0,0.7,"C",0.012048576632836,-4.40668699870333
2006,0,0.17,7100,0,0.95,"D",0.00168311755290405,-6.38542298338657
2006,0,0.14,8000,0,0.92,"B",0.000635100531888398,-7.3610919513744
2006,0,0.12,25000,0,0.07,"AA",0.0361108363106667,-3.28438331746826
2006,1,0.27,1000,1,0,"Missing",0.789593585392411,1.32247739613901
2006,1,0.29,10000,0,0.51,"D",0.548865912514592,0.196089565366422
2006,1,0.29,6000,0,0.92,"Missing",0.71025323459254,0.89661425611793
2006,1,0.24,2000,0,0,"Missing",0.235709261376818,-1.17634916247156
2006,0,0.1,15000,0,0.21,"AA",0.000836487960177546,-7.08546159272271
2006,1,0.23,2000,0,1.13,"Missing",0.826483364249151,1.5609063110277
2006,0,0.11,1500,0,0.39,"B",4.22497392263377e-05,-10.0718701257061
2006,0,0.24,2500,1,0.96,"D",0.0029393774753345,-5.82661375720642
2006,1,0.23,8000,0,0.87,"D",0.252040918349784,-1.08775682406796
2006,1,0.27,3000,1,0.65,"Missing",0.960603367952965,3.19388126370715
2006,0,0.14,5000,0,0.68,"B",0.000500839821854246,-7.59872325957352
2006,0,0.15,18000,0,0.37,"B",8.34371877767935e-05,-9.39133301070883
2006,0,0.25,2000,0,0,"D",0.11079677927332,-2.0826280981729
2006,0,0.1,1000,0,0.2,"A",0.000642198171226249,-7.34997121951424
2006,0,0.14,4000,0,0.16,"B",0.000656410106971283,-7.32806817564882
2006,0,0.1,6000,0,0.52,"A",0.0111385811550925,-4.48613933780743
2006,0,0.18,5000,0,0.66,"C",0.0931293697028091,-2.2760102066268
2006,0,0.18,25000,0,0,"A",0.000621653294625752,-7.38250617817004
2006,0,0.16,9000,0,0.69,"C",0.00608840543423024,-5.09526204965491
2006,1,0.29,1000,1,0.67,"Missing",0.241001229073533,-1.14719812469377
2006,0,0.11,1600,0,0.9,"B",0.00299714886882892,-5.80709216995158
2006,1,0.28,1500,1,1,"Missing",0.852480023977826,1.75418617933028
2006,0,0.19,9000,0,0.76,"C",0.000931233111723182,-6.97806925651865
2006,1,0.29,2000,0,0.28,"Missing",0.942515823469624,2.79704298885311
2006,0,0.17,3500,0,0.96,"Missing",0.365913670522213,-0.549787678847323
2006,1,0.16,20000,1,0.32,"A",0.248525167584111,-1.10649360042013
2006,0,0.1,2000,0,0,"B",0.00184636351860992,-6.29268916981547
2006,1,0.24,4000,0,1,"Missing",0.957222529330548,3.10802431468846
2006,0,0.25,4000,1,0.47,"C",0.0895232855432717,-2.31946955927409
2006,0,0.14,9700,0,0.23,"AA",0.000474647919038791,-7.65246249124749
2006,1,0.29,2500,1,0.87,"Missing",0.997736874897533,6.08874294232722
2006,1,0.29,15000,0,0,"AA",0.219885576109484,-1.26633330376446
2006,0,0.15,2500,0,0.24,"C",0.0159132166431022,-4.12456408827515
2006,1,0.24,18000,1,0.97,"C",0.249427233775442,-1.10166937890889
2006,0,0.12,9000,0,0.05,"AA",0.00790969501128466,-4.83172491271986
2006,0,0.25,9000,0,0.78,"D",0.00134025743770646,-6.61355240939416
2006,0,0.14,11500,1,0.36,"A",0.00168102480140068,-6.38666923139908
2006,1,0.29,4500,0,0.45,"Missing",0.987984266928908,4.40944989314143
2006,0,0.21,3001,1,0,"C",0.0805120787656214,-2.43540968777924
2006,0,0.29,3500,0,0.94,"Missing",0.164500609055411,-1.62511534640094
2006,0,0.16,5200,0,0.86,"C",0.00426792316196859,-5.45235089224937
2006,0,0.14,3000,0,0.98,"C",0.00816590848747338,-4.79958786053421
2006,0,0.15,2500,0,0.56,"C",0.000288442494442448,-8.15072633380492
2006,0,0.16,11204,0,0.73,"B",0.012357833926729,-4.38103026403185
2006,0,0.19,15000,1,0.94,"B",0.00731523489242297,-4.91045401153379
2006,0,0.12,25000,1,0,"AA",0.0054341791353681,-5.2095978048698
2006,0,0.19,1500,0,0.86,"D",0.00311249242697558,-5.76921410398857
2006,0,0.29,12000,1,0.18,"C",0.111921786873863,-2.07125952109358
2006,0,0.1,8000,0,0.45,"AA",0.000207755768075143,-8.47893958276056
2006,1,0.27,10095,0,0.9,"Missing",0.953754359628659,3.02643895635326
2006,1,0.26,6000,1,0,"Missing",0.523098508315708,0.0924598455731616
2006,0,0.16,25000,0,0.92,"A",0.0013914904915475,-6.57598735074751
2006,0,0.1,3885,0,0.38,"A",0.00519467515603885,-5.25491297211435
2006,0,0.2,1000,1,0.9,"D",0.00591684826413633,-5.12401693750322
2006,0,0.2,5000,1,0.72,"A",0.0538949624073718,-2.86531658456685
2006,0,0.29,25000,0,0.61,"A",0.00148427131215928,-6.51134595210819
2006,0,0.14,4500,0,0,"AA",0.00156262204079257,-6.45982622908862
2006,0,0.29,5000,0,0.32,"Missing",0.330579783285638,-0.705563957636615
2006,0,0.2,5000,0,0.7,"D",0.0504364452732906,-2.93528842870008
2006,0,0.2,20000,1,0.2,"C",0.00782747186302291,-4.84225743207496
2006,0,0.15,5000,0,0.33,"B",5.01765445777285e-05,-9.89991270214099
2006,0,0.2,15000,0,0.59,"A",0.00410691437654409,-5.49096792148949
2006,0,0.09,1000,1,0.05,"AA",0.00155404150812013,-6.46534106660828
2006,0,0.15,1000,1,0.55,"B",0.00217238280048437,-6.12975590327563
2006,1,0.24,2800,0,0,"Missing",0.992119650568594,4.83547146853029
2006,0,0.2,10000,0,0.87,"C",0.12238312175879,-1.97005367460486
2006,0,0.12,12000,1,0,"AA",0.0210312340959182,-3.84049106730713
2006,0,0.08,1000,0,0,"AA",0.000730783467477188,-7.22066230559618
2006,0,0.23,9500,0,0.53,"D",0.144026677747729,-1.78224066550885
2006,0,0.21,5000,0,0.97,"D",0.00909390691154497,-4.69101515099001
2006,0,0.29,3500,0,0,"Missing",0.945349108955136,2.85058876767626
2006,1,0.29,2000,0,1.26,"Missing",0.911720920046884,2.33483077510694
2006,0,0.1,15000,0,0.21,"AA",0.000236576868025129,-8.34900077462212
2006,0,0.25,2500,0,0,"Missing",0.654163140227224,0.637389609920388
2006,0,0.14,22000,0,0.77,"B",6.84013982384523e-05,-9.59004888772435
2006,0,0.2,5000,0,0.87,"D",0.00420075529530678,-5.46828133438952
2006,0,0.17,3800,0,0.7,"C",0.0106774114536016,-4.52889002402986
2006,1,0.29,3500,0,0.88,"Missing",0.949737315448676,2.93892249233817
2006,0,0.1,5000,0,0.52,"AA",0.000160918001115808,-8.73445470161202
2006,0,0.17,3000,0,0.88,"D",0.00198364635347954,-6.22083291887644
2006,0,0.11,9000,1,0.85,"A",0.00711393251214094,-4.93856073494573
2006,0,0.2,7000,0,0.86,"D",0.000265231539427228,-8.23464211305395
2006,0,0.12,3000,0,0.98,"B",0.0110042744974575,-4.49840622157896
2006,0,0.23,6001,1,0.92,"D",0.0293819279038341,-3.49755326811514
2006,0,0.2,6000,0,0.02,"C",0.00164699206148481,-6.40715629793923
2006,1,0.25,2000,1,1.4,"Missing",0.78736509709557,1.309115426612
2006,0,0.15,15000,0,0.16,"AA",0.000168947662671455,-8.68575261740319
2006,0,0.22,7500,0,0.92,"D",0.00242655865802618,-6.01885170796451
2006,0,0.21,6000,0,0.76,"D",0.00383526437864896,-5.5596742703051
2006,0,0.21,8000,0,0.76,"D",0.0611231706283086,-2.73179327950038
2006,0,0.17,5000,0,0.89,"D",0.00650003730449451,-5.02942610840519
2006,0,0.16,15000,0,0,"B",0.000401400108808679,-7.82015036983773
2006,0,0.1,7500,1,1.02,"D",0.00574376244405608,-5.15388048403932
2006,1,0.29,4750,1,1.19,"Missing",0.81394404959562,1.4758441913946
2006,0,0.09,5400,0,0.18,"AA",2.70151069218933e-05,-10.5190873173329
2006,1,0.29,3500,1,0.95,"Missing",0.997147993930113,5.85687656735242
2006,0,0.29,4669,1,0,"Missing",0.951545883874978,2.97747061737921
2006,0,0.16,9000,0,0.05,"B",0.000630934270922458,-7.36767773398048
2006,0,0.18,5500,0,1.02,"C",0.000944974587594859,-6.96340710090856
2006,0,0.08,2000,0,0.05,"AA",5.34879198504806e-05,-9.83600123739523
2006,0,0.15,5500,0,0.28,"C",0.117362761441194,-2.01764462461121
2006,1,0.24,3000,0,0.67,"Missing",0.857401115689082,1.79387017136693
2006,1,0.29,1800,0,0.73,"Missing",0.595977893745864,0.388733980432047
2006,0,0.2,7500,1,0.52,"D",0.00131724059461808,-6.63089808014642
2006,1,0.26,10000,0,0.97,"D",0.0057166134478954,-5.15864568766457
2006,1,0.29,5000,0,1,"D",0.892264944990938,2.11408809325761
2006,0,0.12,15000,0,0,"A",0.119931707005886,-1.99307703764204
2006,0,0.21,25000,1,0.01,"B",0.00052555337586633,-7.55053310969589
2006,0,0.12,17000,0,0.19,"AA",1.33118608860695e-05,-11.2268418122557
2006,1,0.29,4500,0,0.91,"Missing",0.913568214282692,2.3580025481728
2006,0,0.15,3500,0,0.9,"C",0.00107217954173483,-6.83698899265824
2006,0,0.17,5000,0,0.46,"A",0.000447937620870396,-7.71040853639764
2006,0,0.29,25000,0,1.31,"Missing",0.957187553361041,3.10717048314244
2006,1,0.29,3001,1,0,"Missing",0.982735957432583,4.0417146009583
2006,1,0.26,1000,1,0,"Missing",0.998239078736589,6.34015568825423
2006,0,0.1,3000,0,0.07,"AA",0.000265973175338097,-8.23184909030888
2006,0,0.24,9950,0,0,"D",0.026873192659222,-3.58938516554399
2006,0,0.21,13500,0,0.82,"C",0.0918690858339139,-2.29102396322029
2006,0,0.21,25000,1,0.01,"B",0.00100472259763969,-6.90203857015159
2006,0,0.23,10000,0,0,"D",0.0323122067062762,-3.39946443222514
2006,0,0.23,3000,1,0.7,"D",0.155015558865741,-1.69579272266828
2006,0,0.2,24900,0,0.87,"C",0.00377546868002059,-5.57544813658818
2006,0,0.26,2000,1,0,"Missing",0.801710570858641,1.39701993181727
2006,0,0.2,8000,1,0.92,"C",0.0172073238811172,-4.04506308833176
2006,1,0.29,3001,0,0,"Missing",0.995921140199578,5.49785058926481
2006,0,0.17,9000,0,0.94,"C",0.00120095113758538,-6.72343974862952
2006,1,0.17,1550,0,0.95,"Missing",0.841443358357015,1.66900681103224
2006,1,0.29,2500,1,0,"Missing",0.909179040588637,2.30365194963489
2006,0,0.18,3000,1,0.95,"D",0.0037703753219448,-5.57680322648109
2006,0,0.2,2000,0,0,"Missing",0.215619159495374,-1.29138096733358
2006,0,0.18,9800,1,0.72,"C",0.00350572562051425,-5.64984587044802
2006,0,0.29,25000,0,0.11,"C",0.081114493146542,-2.42729987783996
2006,0,0.24,4592,0,0.6,"C",0.0272510196170896,-3.57503512613397
2006,0,0.08,2500,0,0.47,"AA",1.23142652999461e-05,-11.3047398727872
2006,0,0.19,10000,1,0.88,"D",0.0766162162802522,-2.48923619330059
2006,0,0.29,3000,1,1.01,"Missing",0.183703274883292,-1.49145610317958
2006,0,0.2,15000,0,0.59,"A",0.000194545810394841,-8.54464832887918
2006,0,0.1,3000,1,0.32,"A",8.49721684484964e-05,-9.37310180932977
2006,1,0.2,6500,1,1.06,"Missing",0.93476664770821,2.66232604713695
2006,0,0.11,4000,0,0,"B",0.00334874996219119,-5.69581377882124
2006,0,0.15,20000,0,0.66,"A",0.000251072728756737,-8.28951680054793
2006,0,0.24,7500,1,0.82,"D",0.234615315703186,-1.18243134431138
2006,1,0.29,6000,0,1.02,"Missing",0.936661342797357,2.69382594874349
2006,0,0.28,23500,0,0.89,"D",0.0572631313353225,-2.80113022284878
2006,0,0.1,5200,0,0,"A",0.0058361648076986,-5.1378281471112
2006,0,0.23,6300,0,0.76,"D",0.0122979792005547,-4.38594609763377
2006,0,0.29,3001,0,0.85,"Missing",0.675027102575522,0.73101105571788
2006,1,0.26,6500,0,0.53,"Missing",0.710895611701726,0.899737771961483
2006,1,0.29,5000,1,0,"Missing",0.998794202381527,6.71940748179333
2006,1,0.29,12000,1,0,"Missing",0.991601417708958,4.77125831314933
2006,1,0.29,2550,0,0.95,"Missing",0.975528741605815,3.68548032095885
2006,1,0.25,2550,0,0.53,"D",0.23767932897315,-1.16544488736868
2006,0,0.07,1000,0,0.34,"AA",2.99085369543344e-05,-10.4173366924682
2006,1,0.23,2400,0,0.91,"Missing",0.966434656164451,3.36011958642508
2006,0,0.2,5000,0,0.7,"D",0.0101396622788729,-4.58110916839063
2006,1,0.19,1000,1,0,"Missing",0.728704557852077,0.988059959949046
2006,0,0.15,1500,1,0.2,"C",0.0358439392953721,-3.2920786747637
2006,1,0.29,4500,1,0.6,"Missing",0.957952093999638,3.12598818312915
2006,0,0.22,6000,0,0.71,"C",0.0106988946020346,-4.52685831177207
2006,0,0.24,1000,1,0.9,"D",0.0700610753778183,-2.58575154450632
2006,1,0.29,3000,0,0.29,"Missing",0.917158353973563,2.40434923806454
2006,0,0.15,10200,0,0,"C",0.0095253568814486,-4.64422687754921
2006,0,0.15,5000,0,0.7,"C",0.00262229625213317,-5.94107917244612
2006,0,0.15,10000,1,0,"B",8.2547588492027e-05,-9.40205304972411
2006,0,0.17,5000,0,0.34,"D",0.00250275702830291,-5.98785644927643
2006,1,0.29,3000,0,0,"Missing",0.947501869939392,2.89305135943538
2006,0,0.29,2610,0,1.39,"Missing",0.323525564143365,-0.737616523621172
2006,0,0.23,12500,1,0.41,"D",0.145335443455989,-1.77166458665903
2006,0,0.2,5000,1,0.72,"A",0.00820747923701367,-4.79446809232007
2006,1,0.29,2550,1,1.32,"Missing",0.972775468592095,3.5760348367349
2006,1,0.22,2000,0,0,"Missing",0.997078490180322,5.83272894903901
2006,1,0.29,3000,1,0,"Missing",0.953710025023105,3.02543425377471
2006,0,0.12,15000,0,0,"A",0.000181320102008417,-8.61506523276151
2006,1,0.24,1500,0,0,"Missing",0.989496682790661,4.54550528065864
2006,1,0.29,5000,0,0.92,"Missing",0.925490985235475,2.51940426992398
2006,0,0.1,4000,0,0.88,"A",0.00140799201200258,-6.56418171039184
2006,1,0.27,3000,1,0.65,"Missing",0.974385387579119,3.63864391418318
2006,0,0.15,4000,0,1,"D",0.00488925656259385,-5.31581377116299
2006,0,0.13,6000,1,0.22,"A",0.00145891763225128,-6.52860048308035
2006,1,0.29,5000,0,0,"Missing",0.789115999295775,1.31960510808592
2006,0,0.18,2700,1,0.74,"C",0.000390833554083227,-7.84683787154419
2006,0,0.12,22000,0,0.37,"AA",4.09177605208504e-05,-10.1039054280103
2006,0,0.15,5000,0,0.85,"C",0.00287818898190131,-5.8477116694242
2006,0,0.2,25000,1,0.98,"B",0.000788746775731343,-7.14427617393788
2006,0,0.1,4000,1,0.43,"A",0.000404080163436962,-7.81349311351189
2006,1,0.29,4000,1,0,"Missing",0.94407551830167,2.82620392161268
2006,0,0.27,15000,1,0.96,"Missing",0.144647583092929,-1.77721324490283
2006,0,0.21,7000,0,0.52,"C",0.0286229970874239,-3.52450416678144
2006,1,0.29,3000,1,0,"Missing",0.909069025185372,2.30232032641642
2006,0,0.29,25000,1,0.93,"C",0.20071249452046,-1.38184720410601
2006,0,0.15,2500,0,0.24,"C",6.22471158944663e-05,-9.68433610565203
2006,0,0.23,10000,0,0.69,"A",0.00113997622246009,-6.77560724779481
2006,0,0.09,4800,0,0.12,"AA",5.32932506882872e-06,-12.1422806272029
2006,0,0.2,5000,0,0.45,"D",0.00683846080476703,-4.97833065098646
2006,0,0.17,1000,0,0.72,"C",0.00367632949438394,-5.60215734075819
2006,1,0.29,20000,0,0.61,"D",0.312533097001302,-0.788303313316591
2006,1,0.29,4000,1,0.16,"Missing",0.884861783278672,2.03929816451326
2006,0,0.22,6500,1,0,"B",0.00167956261236444,-6.38754089458798
2006,1,0.25,2750,1,0,"Missing",0.730108734701366,0.995174317927673
2006,0,0.18,2700,1,0.74,"C",0.0324923432556038,-3.39371886937608
2006,0,0.14,2000,0,0.5,"C",0.00422820185257264,-5.46174130428143
2006,0,0.2,5000,1,0.95,"C",0.00507142786286405,-5.27904854007585
2006,0,0.16,6000,1,0.55,"C",0.0140514837708766,-4.25087614178976
2006,0,0.2,5300,0,1.26,"D",0.00732144495594129,-4.90959919386165
2006,0,0.19,6001,0,0.05,"D",0.00802188850012031,-4.81752717403188
2006,0,0.28,4000,0,0.53,"Missing",0.6721001058798,0.717698935563855
2006,0,0.29,12000,0,0.92,"C",0.202168533007721,-1.37279570953128
2006,0,0.17,25000,0,0.67,"A",0.00271105677728247,-5.90770202703915
2006,0,0.21,3000,1,0.97,"D",0.0120140737977123,-4.40958967385984
2006,0,0.17,2550,0,0.25,"C",0.00638186598730709,-5.04789243273668
2006,0,0.11,10000,1,0.23,"AA",0.00163191157571161,-6.4163699608635
2006,1,0.29,1550,0,0,"Missing",0.437390900850092,-0.251757764101779
2006,0,0.22,25000,1,0.69,"AA",0.000566368009699797,-7.47569996877297
2006,0,0.15,3010,0,0.34,"AA",0.00945869810478474,-4.65131681076129
2006,1,0.29,5000,0,0.75,"Missing",0.97757680309214,3.77498086044565
2006,0,0.14,12000,1,0.37,"A",0.000223365780235823,-8.40647646943206
2006,0,0.22,10001,1,0.81,"D",0.555974794934105,0.224841631383286
2006,1,0.29,3000,1,0.82,"Missing",0.984009577267773,4.11964566621672
2006,0,0.15,25000,0,0,"A",0.000162054002508994,-8.72741886232463
2006,0,0.15,5000,1,0.84,"B",0.0126441557607705,-4.35783539237699
2006,0,0.09,5000,0,0,"A",0.000335832207425111,-7.99856301678579
2007,0,0.25,3000,0,0,"D",0.00633837517931192,-5.05477427627794
2007,0,0.3125,15000,0,0.45,"C",2.55893874935825e-05,-10.5733072537458
2007,0,0.2125,3000,0,0.53,"C",1.87804014259159e-06,-13.1852799241829
2007,1,0.3625,3000,0,1.51,"Missing",0.998881150423536,6.79433480948541
2007,0,0.0875,3000,0,0.87,"C",0.000481538297728132,-7.63804313723839
2007,0,0.1875,4000,0,0.28,"B",0.0137371331711657,-4.27382030165194
2007,0,0.1875,3000,0,0.73,"D",0.209174844193411,-1.32990642405142
2007,0,0.175,10000,0,0.65,"C",0.0769865713125963,-2.48401277524734
2007,1,0.225,17000,0,0.23,"B",0.960017303765409,3.1785045426722
2007,0,0.3,15000,0,0.86,"B",7.10050483594105e-05,-9.5526885722277
2007,0,0.25,5950,0,0.74,"C",0.190207286006125,-1.44866384981173
2007,0,0.2,10999,0,0.97,"B",5.91524654123916e-05,-9.73533313351064
2007,1,0.3625,4500,1,1.32,"Missing",0.924936071574524,2.5113844938388
2007,0,0.2375,15000,1,0.94,"B",0.0912530360364626,-2.29843042440763
2007,1,0.3625,22000,0,0.83,"D",0.902016957237224,2.21983888881799
2007,0,0.1875,2200,1,0,"C",0.0326770822330756,-3.38785839436769
2007,0,0.1875,9999,0,0.83,"C",0.0178191749083749,-4.00950031147464
2007,0,0.0875,2000,1,0.07,"AA",7.54994263109976e-05,-9.49130999799146
2007,0,0.3,3200,1,0.73,"Missing",8.37077238697613e-05,-9.3880955930955
2007,1,0.2875,2400,0,0.91,"Missing",0.998737438171643,6.67334906552671
2007,0,0.25,5000,0,0.61,"C",0.307855629611601,-0.810163623531129
2007,1,0.3625,5000,0,0.92,"Missing",0.632148018531196,0.541442940275991
2007,0,0.3625,1750,1,0.98,"Missing",0.00512003054137337,-5.26946169202623
2007,1,0.2875,15000,0,0.06,"D",0.999863637030231,8.90005395977993
2007,0,0.1875,4000,0,0.64,"B",0.00386043000487148,-5.55310880078646
2007,0,0.2125,4000,0,0.75,"B",0.000104927191292859,-9.16213893189295
2007,0,0.1125,2500,0,0,"AA",0.00387098307413704,-5.55036828515399
2007,1,0.35,2500,1,1.04,"Missing",0.838180604813493,1.64475272732851
2007,0,0.1125,2000,0,0,"A",2.64738824770772e-05,-10.5393254036323
2007,0,0.35,1000,0,0,"Missing",0.165660835780477,-1.61669745110327
2007,0,0.25,1000,0,0.98,"Missing",0.142186391084173,-1.7972480267159
2007,0,0.0875,5000,0,0.33,"AA",4.47795017184154e-06,-12.3163406892138
2007,0,0.2375,7000,0,1,"C",0.0458631065390903,-3.03514614058972
2007,0,0.3625,25000,1,0.93,"C",1.51706890465787e-06,-13.3987289198996
2007,0,0.2125,25000,0,0.54,"A",0.00140371218277374,-6.56723029410823
2007,1,0.3625,7000,0,0,"Missing",0.999992616423204,11.8162449925065
2007,0,0.325,1000,0,0,"Missing",0.0858977135352288,-2.36478526510016
2007,1,0.3375,7500,0,0.69,"Missing",0.999999868342039,15.8430583477215
2007,0,0.3625,7400,0,0,"Missing",0.0063937230293659,-5.04602429613336
2007,1,0.25,3000,0,0.27,"D",0.68815055475817,0.791487119539765
2007,0,0.2,4500,0,0.88,"D",0.0168607271139527,-4.0657637133696
2007,0,0.25,2000,0,0.01,"D",0.0012053275414746,-6.71979787579144
2007,0,0.25,19000,0,0.95,"C",0.885428839032525,2.04487596841021
2007,0,0.3625,17000,1,0,"D",0.671687295397991,0.715826376085544
2007,1,0.3375,1700,0,0.95,"Missing",0.967956220468307,3.40808378131004
2007,1,0.225,10000,0,0.97,"C",0.993088795484303,4.96767614403099
2007,0,0.2125,4000,1,0.31,"D",0.24208134085655,-1.14130228112391
2007,0,0.3625,3500,0,0.98,"Missing",0.101684084254371,-2.17865101190624
2007,0,0.25,10000,0,0.35,"C",0.00181953387410559,-6.30735373258821
2007,0,0.325,10000,0,0.88,"D",0.531065861446832,0.124423717346087
2007,0,0.3,3000,0,0,"Missing",0.88341664609215,2.02519044083886
2007,0,0.3625,3500,0,1.24,"Missing",0.0135260154242959,-4.2895220541799
2007,0,0.35,3200,0,0.99,"Missing",0.00838969691922991,-4.7723257946891
2007,0,0.1875,6000,0,0.39,"B",4.97528537868379e-05,-9.90839297936383
2007,0,0.3125,4000,1,0.47,"C",0.000272449995783848,-8.2077829752931
2007,0,0.3625,4000,1,0,"Missing",0.0601489243660361,-2.74889787280165
2007,1,0.25,10000,0,0.85,"D",0.45426519940793,-0.183451977383472
2007,1,0.3625,3000,1,0,"Missing",0.959283841270441,3.15956197335068
2007,0,0.1875,9000,0,0.49,"B",0.00113288906191361,-6.78185068580993
2007,1,0.3625,5500,0,0.99,"Missing",0.790093704424235,1.32549033203082
2007,0,0.25,7500,0,0.99,"D",0.00110998359818038,-6.80229944009493
2007,0,0.2875,7100,0,0.27,"A",2.31527320888094e-05,-10.6733746146001
2007,1,0.1625,25000,0,0.27,"AA",0.997664157090856,6.05704388882932
2007,0,0.175,8000,0,0.76,"AA",0.000334507264510168,-8.00251739788808
2007,0,0.1125,3000,0,0,"AA",6.74607258920528e-07,-14.2091344794364
2007,1,0.3,4500,1,0.71,"D",0.468423277153642,-0.126475213387479
2007,1,0.2125,5000,0,0.61,"C",0.465407651790633,-0.138590798434903
2007,0,0.1875,5000,0,0.74,"C",3.37662522055062e-06,-12.5986304260855
2007,1,0.3625,4600,0,0.9,"Missing",0.953843172755123,3.02845438281493
2007,0,0.2625,5000,1,0.94,"C",4.76243006866066e-05,-9.95211978293625
2007,1,0.2875,10000,0,0.67,"D",0.857435166401627,1.79414869962659
2007,0,0.2125,1800,0,0.96,"Missing",0.00616296293348577,-5.08301558900287
2007,1,0.3625,2000,1,0.09,"Missing",0.973635864325621,3.60903278843665
2007,0,0.25,8000,0,0.91,"D",0.0254873370526862,-3.64375577050974
2007,1,0.25,10000,0,0.03,"D",0.967654742227237,3.3984079334593
2007,0,0.2,23000,1,0.13,"A",0.00578904704967406,-5.14598171795724
2007,0,0.1125,9000,0,0.37,"AA",0.000347067488041576,-7.96564417916489
2007,1,0.3625,5500,0,0.99,"Missing",0.992856281928037,4.93435254319575
2007,1,0.1375,3000,0,0.26,"A",0.953680634536623,3.02476871657171
2007,1,0.25,2500,0,0.8,"Missing",0.904988417993552,2.2539233457941
2007,0,0.25,12500,0,0.52,"A",0.0245209598556887,-3.68340041743378
2007,0,0.25,5000,0,0.87,"Missing",0.578087269512517,0.314926349733722
2007,0,0.2125,5000,1,0.98,"B",9.60349552479034e-05,-9.25070227603845
2007,0,0.1875,7500,1,0,"A",0.000616604599647999,-7.3906657880665
2007,1,0.3625,5000,0,0.77,"Missing",0.952617788319402,3.00096688436745
2007,0,0.25,4000,0,0.48,"D",0.000416663606928666,-7.78281460929887
2007,0,0.2625,6001,1,0,"D",0.0015924100463748,-6.44091297862739
2007,1,0.3625,6700,0,0.39,"Missing",0.999700675997557,8.11368458224499
2007,1,0.2,2000,1,0.41,"C",0.849742412397319,1.73258218732703
2007,0,0.3125,15000,0,0.83,"C",0.0118465078490825,-4.42380491423966
2007,0,0.1875,18000,0,0.12,"B",4.19904887881068e-06,-12.3806483166886
2007,0,0.275,5600,0,0.94,"D",0.0240498818939484,-3.70328139092394
2007,1,0.3625,2200,0,1.06,"Missing",0.991254735787676,4.73045922955641
2007,1,0.3625,3999,0,0.96,"Missing",0.998845223630954,6.76269312999189
2007,1,0.3625,1500,1,0.94,"Missing",0.884358766279045,2.03437023878596
2007,1,0.3625,4500,0,0.91,"Missing",0.660194697156444,0.66416197231475
2007,0,0.2375,8500,0,0.79,"C",0.0723709365903325,-2.5508271462376
2007,0,0.2,3000,1,0.96,"C",0.26767208779902,-1.00646570277149
2007,1,0.25,9000,1,0.93,"D",0.982840650666383,4.0479038261665
2007,0,0.25,19000,0,0.95,"C",0.149041151846554,-1.74214131565515
2007,1,0.1875,9999,0,0.83,"C",0.945113802514248,2.846043441195
2007,0,0.225,9200,0,0.71,"C",0.0155137237203595,-4.15039492469278
2007,1,0.1875,1000,0,0,"Missing",0.994715843802924,5.23774416564546
2007,0,0.25,2500,0,1,"C",0.168064290958761,-1.5994085745719
2007,1,0.25,12200,0,0.35,"C",0.726233012998508,0.975593585694313
2007,0,0.2625,25000,0,0.07,"B",0.00115043764147324,-6.76646175129509
2007,0,0.3125,9000,0,0.56,"B",0.032769803658788,-3.38492904798237
2007,1,0.3625,3800,0,1,"Missing",0.993715893923413,5.06342774412409
2007,1,0.3625,2501,1,0,"Missing",0.977739032849843,3.78240800405129
2007,0,0.1375,1253,0,0.73,"A",5.48568091682334e-05,-9.81072937900725
2007,1,0.3625,5000,0,0.92,"Missing",0.404792769130034,-0.385534377091491
2007,0,0.3125,2750,1,0,"Missing",0.293795604491698,-0.877020404902256
2007,0,0.2125,4000,0,0.73,"B",0.000190287951361388,-8.56678179352626
2007,1,0.3625,6000,1,0,"D",0.993678062955329,5.05738761826053
2007,0,0.225,1000,1,0,"C",0.000301224233546785,-8.10735433900169
2007,0,0.1125,5000,0,0,"AA",1.21146420502897e-08,-18.2288510169932
2007,0,0.2375,8750,0,0.73,"D",0.0339632522949784,-3.34792274933047
2007,0,0.2625,10001,0,0.69,"D",0.000381383042313135,-7.87132487168462
2007,0,0.225,12000,0,0.54,"B",1.64545214015655e-05,-11.0148938066244
2007,0,0.2375,3000,0,0,"D",0.517477376770076,0.0699380005945933
2007,0,0.275,18200,1,0.8,"C",0.154280872400398,-1.70141251602808
2007,0,0.3125,7000,0,1.02,"C",0.359990054957629,-0.575407309410813
2007,0,0.25,3000,1,0.47,"D",0.000551452004345216,-7.50240414642711
2007,0,0.1875,5000,0,0.85,"C",0.0130409021329804,-4.326537861628
2007,1,0.2875,2400,0,0.91,"Missing",0.991535444434598,4.76336718401976
2007,1,0.1875,2000,0,1.59,"Missing",0.998683664743761,6.6315865221556
2007,0,0.35,6000,0,0.86,"Missing",0.000983069014972556,-6.92384767922002
2007,0,0.225,4800,0,0.89,"C",0.018326898269796,-3.98088853115653
2007,1,0.3375,15000,1,0.96,"Missing",0.999996986381821,12.7123661346916
2007,0,0.1875,2500,0,0.44,"D",0.105885796972468,-2.13347238463239
2007,1,0.2875,10000,0,1.02,"D",0.915171797091756,2.37848373506588
2007,0,0.1125,5000,0,0,"AA",4.68586499460762e-05,-9.9683280759215
2007,0,0.35,11000,0,0.9,"Missing",0.0133998920812272,-4.29901814489948
2007,0,0.25,5000,0,0,"A",0.00187026130239543,-6.27980511155144
2007,0,0.125,1000,0,0.56,"A",5.85296559336062e-06,-12.048556233152
2007,1,0.35,5000,0,1.19,"Missing",0.998764822243334,6.69530444551858
2007,0,0.15,10000,0,0.12,"AA",0.00396064753278149,-5.52737923703545
2007,0,0.1875,5000,0,0.53,"A",9.1933388955642e-05,-9.29435433862954
2007,0,0.3625,3500,0,1.24,"Missing",0.0534067557226854,-2.87493223099231
2007,1,0.25,9000,1,0.93,"D",0.714845249779905,0.919034069259555
2007,0,0.3,14900,0,0.93,"D",0.00111950365053998,-6.79374973030151
2007,0,0.3625,3000,0,0,"Missing",0.0934040733903743,-2.27276188885586
2007,1,0.3375,6000,0,0.85,"Missing",0.991294976277875,4.73511184688263
2007,1,0.2,6001,1,0.77,"C",0.623961491681899,0.506397100531533
2007,1,0.3625,2550,1,0.75,"D",0.988521620211834,4.45574526661211
2007,0,0.25,6001,0,0,"A",0.00410099328288892,-5.49241664507668
2007,0,0.25,1500,0,0.41,"Missing",0.0141689668481897,-4.24243083410908
2007,0,0.25,2850,0,0.7,"C",2.13964774248862e-05,-10.752262859093
2007,0,0.225,2750,1,0,"D",0.813282335282098,1.47148066353763
2007,0,0.175,9000,1,0.54,"B",0.00942924014433061,-4.65446578725382
2007,0,0.1875,1200,1,0,"Missing",0.00131117238124854,-6.635521561758
2007,1,0.3625,3600,1,0,"Missing",0.996592729746944,5.67843073235042
2007,1,0.3625,3000,0,1.15,"Missing",0.96619738539202,3.35282999128049
2007,0,0.25,1000,0,1.07,"Missing",0.13520028692447,-1.85574064871462
2007,1,0.3,3000,0,1.99,"Missing",0.999347022230964,7.33331428257076
2007,1,0.3125,9000,0,0.97,"D",0.988932746711085,4.49263573412331
2007,1,0.3625,5500,0,1.02,"Missing",0.92080708628358,2.45336373162834
2007,1,0.25,3500,0,0,"Missing",0.999810778332083,8.57240214445439
2007,1,0.3625,2550,0,0,"Missing",0.999695017157648,8.09495000816473
2007,0,0.3625,3000,1,0,"Missing",0.267320462918953,-1.00826023833104
2007,1,0.3125,3500,1,0.62,"Missing",0.997799086472818,6.11667942608079
2007,0,0.1125,1000,0,0.02,"AA",1.20829411041674e-05,-11.3237038431892
2007,0,0.2375,3000,0,0.97,"C",0.422687746429693,-0.311749569154261
2007,1,0.2625,5000,0,0.77,"C",0.27164929440284,-0.986270795110956
2007,0,0.1875,4999,0,0.89,"C",0.0200950732613519,-3.88698087978171
2007,1,0.3,25000,1,0.46,"C",0.555903329926271,0.224552147970102
2007,1,0.2125,6500,0,0.79,"C",0.992030025256789,4.82407205040797
2007,0,0.2,25000,0,0,"A",9.12630081969423e-06,-11.6043409867304
2007,1,0.2875,6300,0,0.76,"D",0.994874476072489,5.26838382494186
2007,0,0.3625,2000,1,0,"Missing",0.450115681000533,-0.200203308394479
2007,0,0.1875,10000,0,0.41,"C",0.0223233455355638,-3.77954598034426
2007,0,0.225,2700,1,0.74,"C",0.618501469808112,0.483192570228273
2007,0,0.075,9600,1,0.16,"C",7.95904093752043e-06,-11.7411940915304
2007,0,0.1875,2000,0,0.62,"C",0.000769307680949863,-7.16924995946304
2007,0,0.225,10000,0,0.87,"C",0.596345280788185,0.390259972381239
2007,1,0.25,10000,0,0.87,"C",0.994710244675866,5.23667949109337
2007,0,0.275,2000,1,0.84,"D",0.261383121785852,-1.03879212321375
2007,0,0.125,1500,1,0.79,"A",0.141519019233913,-1.80273040646515
2007,1,0.3125,15000,1,0,"D",0.999924470136829,9.49090690850437
2007,0,0.3125,4000,0,0.45,"D",3.27449296894313e-06,-12.6293442450077
2007,0,0.35,8423,0,0.92,"Missing",0.43676275934046,-0.254310763112089
2007,0,0.25,2500,0,1,"C",0.00413188691586075,-5.48488064924598
2007,0,0.25,5128,0,0,"Missing",0.0707853172664182,-2.57468820629954
2007,0,0.225,6000,0,0.58,"C",0.157270942376977,-1.67867543817763
2007,0,0.1375,10000,0,0.43,"AA",9.65892318367887e-07,-13.8502125147234
2007,0,0.1125,5000,0,0.18,"AA",0.038102123186942,-3.22863828060028
2007,1,0.3625,7000,0,0.36,"Missing",0.999285613131164,7.24337126709448
2007,0,0.1875,5000,0,5.95,"B",0.0497754871108761,-2.94917564987213
2007,0,0.25,12000,0,0.34,"C",5.72367399908452e-06,-12.0708939275411
2007,1,0.1875,2500,0,0.24,"C",0.0979076503074825,-2.22069220748863
2007,0,0.2625,5500,1,0,"C",0.00270648532693866,-5.90939425867736
2007,0,0.3625,2400,0,0.87,"Missing",0.0179055342457776,-4.00457766023002
2007,0,0.35,5000,0,0.87,"Missing",0.00689239098364886,-4.97042097863578
2007,0,0.125,3000,0,0.14,"AA",2.38280161460205e-07,-15.2498184682989
2007,0,0.35,5500,0,0.35,"D",0.00195022730131275,-6.23785721695317
2007,0,0.25,10000,0,0.79,"C",0.00298467017563205,-5.8112768989818
2007,0,0.2125,10000,0,0.85,"C",0.00119601820902979,-6.7275606646187
2007,0,0.2125,3500,0,0.12,"D",0.31333940927058,-0.78455314692705
2007,0,0.3,4800,1,0,"C",0.197731498843352,-1.40053329735252
2007,0,0.2125,5000,0,0.15,"B",6.05994416536e-07,-14.3163944585619
2007,1,0.275,5000,1,0,"D",0.266973092199522,-1.01003453531123
2007,0,0.1375,9000,1,0.85,"A",0.136761301113426,-1.84245416625727
2007,0,0.2625,9800,0,0.7,"D",0.00915149954013024,-4.68464389719732
2007,0,0.3125,9000,0,0.42,"C",0.00243077675537432,-6.01711068440072
2007,0,0.2875,4500,1,0,"D",5.34981044164753e-06,-12.1384440793271
2007,0,0.25,11000,0,0.44,"C",0.00123359427722915,-6.69658883846643
2007,0,0.1375,14000,0,0.29,"AA",1.56584077222015e-06,-13.3670860777436
2007,1,0.25,2000,1,0.78,"D",0.970229663837906,3.48402034337693
2007,0,0.1625,10200,0,0.95,"A",0.0283950237674783,-3.53273540844393
2007,1,0.275,6500,1,0.97,"Missing",0.999976237614954,10.6473829251221
2007,0,0.1625,20000,0,0.13,"AA",1.42330318115842e-05,-11.1599308776869
2007,1,0.35,6215,1,0.91,"Missing",0.99713796337615,5.85335566125434
2007,0,0.3625,2800,0,0.99,"C",0.000157516642574192,-8.75582190909362
2007,0,0.25,5000,0,0.87,"Missing",0.481276465425581,-0.0749291753735485
2007,0,0.15,7000,0,0.2,"B",4.38040019513212e-07,-14.6409551239521
2007,0,0.3,4000,0,0.7,"Missing",0.00343310010888087,-5.67085259745455
2007,0,0.35,11000,0,0.84,"Missing",0.702976966652257,0.861514437755115
2007,0,0.3,10000,1,0.03,"A",4.13802836308615e-05,-10.0926646502323
2007,0,0.125,2000,0,0,"AA",0.00013277162049891,-8.92674726438626
2007,0,0.3125,9000,0,0.97,"D",0.00165687758753189,-6.40116216750085
2007,0,0.175,7000,0,0.32,"A",5.74624792071321e-05,-9.76432089455284
2007,0,0.1875,15000,0,0.62,"B",1.71890288811585e-08,-17.8789944952011
2007,1,0.25,2500,0,0,"Missing",0.996677895227114,5.70382909397474
2007,0,0.25,7000,0,0.28,"C",2.8236299862449e-05,-10.474873941926
2007,1,0.3625,6000,0,0.94,"Missing",0.994146047259813,5.13476700953968
2007,1,0.3625,4500,1,0.6,"Missing",0.978583619133547,3.82195014937099
2007,1,0.3125,9000,0,0.42,"C",0.971427671705913,3.52632810863343
2007,1,0.3,3500,0,1,"Missing",0.986219730382715,4.27064134882714
2007,0,0.175,3210,0,0.08,"B",6.54519984950927e-05,-9.63412807724959
2007,0,0.225,12000,1,0.68,"C",0.00032569671348152,-8.02921818659971
2007,1,0.3625,3000,0,0.61,"Missing",0.999956752529552,10.0485285646317
2007,0,0.1375,6000,0,0.1,"A",0.00978400320591462,-4.6171743718571
2007,0,0.1875,3010,0,0.34,"AA",4.64996526485855e-06,-12.2786461583397
2007,1,0.2375,7000,0,0.83,"C",0.752437340837736,1.11165400686691
2007,1,0.1875,1200,0,0.49,"C",0.808263635361272,1.43876695906958
2007,1,0.3625,5000,0,0.72,"Missing",0.994028141553002,5.11470734106128
2007,1,0.3,3000,0,0,"Missing",0.900242236767504,2.1999189994395
2007,1,0.3625,10500,0,0.76,"D",0.605560145357276,0.428687220832923
2007,1,0.3625,2000,1,0,"Missing",0.94646935982323,2.87248439449355
2007,0,0.0875,1500,1,0.07,"AA",0.0613041280933229,-2.72864435851942
2007,1,0.15,17500,0,0.13,"AA",0.44007097937714,-0.240873996139742
2007,0,0.2,9000,0,0.97,"C",0.000689763402026666,-7.27847191339039
2007,0,0.225,7500,1,0.96,"D",0.282548782724701,-0.93185373757218
2007,0,0.3375,10095,0,0.9,"Missing",0.0384851680213057,-3.21823706991723
2007,1,0.3625,5000,0,0.92,"Missing",0.999997300068707,12.8222815323891
2007,0,0.3,9950,0,0,"D",0.977477527288575,3.77046170368034
2007,0,0.1125,1500,0,0.03,"AA",6.19739250738905e-05,-9.68873484885955
2007,0,0.25,8000,0,0.91,"D",0.243604193686568,-1.1330200413483
2007,1,0.1875,11000,0,0.65,"B",0.81575285104421,1.48783337329643
2007,1,0.25,5500,1,0.47,"D",0.542118518531654,0.16887426987287
2007,0,0.2875,2500,0,0.79,"D",0.828784072065717,1.57703415687384
2007,0,0.1375,7500,0,0,"AA",3.25230965590431e-08,-17.2413153041341
2007,0,0.1875,3000,0,0.27,"C",0.00169290339576873,-6.37961590045851
2007,0,0.3,4000,0,0.92,"D",0.522492574612277,0.0900310621195326
2007,0,0.1375,3000,0,0,"B",0.0108100399525104,-4.51641105849922
2007,1,0.3125,6000,1,1,"Missing",0.990151104542726,4.61049824975412
2007,0,0.3625,3000,1,0.8,"Missing",0.00293583888815027,-5.82782188742719
2007,0,0.3125,25000,0,0.47,"AA",0.0392926997277151,-3.19663104024061
2007,0,0.1125,6100,0,0.48,"A",0.000849992774272217,-7.0694323551493
2007,1,0.25,8000,1,0.92,"C",0.664191488918665,0.682029404818444
2007,1,0.2625,10000,0,0.84,"D",0.890090446552632,2.09166529672373
2007,1,0.25,8500,0,0.48,"B",0.162909259036122,-1.63673912399079
2007,0,0.1875,11000,0,0.65,"B",1.91245628759915e-06,-13.1671202152061
2007,0,0.1,6001,0,0.04,"AA",1.15818745810813e-06,-13.6686531528043
2007,1,0.3625,12000,1,0.97,"D",0.879348865841416,1.98627851598275
2007,0,0.2875,9500,0,0.53,"D",0.000216557134225508,-8.43743956532597
2007,0,0.1875,1200,1,0,"Missing",0.00304358452616983,-5.79167111208091
2007,1,0.3625,3000,0,0.91,"Missing",0.956380450472052,3.08765036110125
2007,0,0.25,5000,0,0.7,"D",0.0118745356707403,-4.42141343012818
2007,1,0.3625,3500,0,0,"Missing",0.985529463214743,4.22106438648355
2007,0,0.3625,3500,0,0,"Missing",0.00216699357262571,-6.13224517755576
2007,1,0.3625,20000,0,0.95,"Missing",0.981170175193493,3.95330387699655
2007,0,0.2125,8000,0,0.8,"C",0.0669223913500881,-2.6349547692801
2007,1,0.3625,3500,0,0,"Missing",0.998616683158496,6.58188688077533
2007,0,0.1625,19000,0,0.08,"AA",1.96337284456106e-05,-10.8382419976919
2007,1,0.3625,1500,1,0.91,"Missing",0.999522535878235,7.64654396038717
2007,1,0.2125,1550,0,0.95,"Missing",0.999850530909152,8.80827145642639
2007,1,0.2875,4900,0,1,"D",0.933495335094612,2.64166387159405
2007,0,0.1875,9990,0,0.2,"A",0.063065951168926,-2.69843187152511
2007,0,0.1625,16000,0,0.34,"A",0.000195998652693637,-8.5372067549065
2007,1,0.35,6000,0,0.98,"Missing",0.986572460885003,4.29692901941426
2007,0,0.3,9000,0,1.03,"D",0.00758207806059032,-4.87435699828827
2007,1,0.3625,3000,0,0.91,"Missing",0.985624098548077,4.22772174870133
2007,1,0.3625,3001,0,0.84,"Missing",0.999633936816097,7.91233847564706
2007,1,0.25,8500,0,0.48,"B",0.999815032031525,8.5951429061762
2007,0,0.225,3002,1,0.8,"D",0.141550046294807,-1.80247504498078
2007,0,0.0875,2550,0,0.44,"AA",8.03778260895643e-09,-18.6391125786621
2007,0,0.2875,5000,0,1,"Missing",0.915111071053359,2.37770176332311
2007,0,0.1875,3200,0,0.7,"C",0.0667193389104764,-2.63821112177048
2007,1,0.3625,5000,0,0.92,"Missing",0.999635862487687,7.91761477676151
2007,1,0.3625,5000,0,0.93,"Missing",0.98207724928247,4.00359907488858
2007,0,0.1375,18800,0,0.63,"AA",1.31488237321718e-05,-11.2391651044562
2007,1,0.25,6500,0,0.74,"D",0.992337172012627,4.86368183610557
2007,0,0.2125,7100,0,0.95,"D",0.000248794299027652,-8.29863528598431
2007,1,0.2125,1100,0,0.29,"D",0.950381994106924,2.95251021294221
2007,0,0.2125,20000,0,0.56,"B",0.000577041367441867,-7.45701939209948
2007,0,0.1375,8000,0,0,"A",0.00766439599946899,-4.86347565114463
2007,1,0.3625,4500,0,0.97,"D",0.99582171731752,5.47366792227908
2007,0,0.2125,4000,0,0.75,"B",4.76438033725703e-07,-14.5569276905175
2007,1,0.3625,11700,0,0.56,"Missing",0.655393938866752,0.642834575396797
2007,1,0.3625,5000,1,0.94,"Missing",0.999983636891333,11.0204648653013
2007,1,0.3625,25000,1,0.42,"D",0.774449726097675,1.23360966809149
2007,0,0.2875,14000,0,1.04,"D",0.0941692575829408,-2.26375869437101
2007,0,0.2375,10300,0,0.38,"B",4.36211007224277e-06,-12.3425502940318
2007,0,0.25,1000,0,1.07,"Missing",0.00145855691009294,-6.52884812817373
2007,0,0.2125,15000,0,0.52,"B",7.53695885499333e-05,-9.4930313267643
2007,1,0.2125,4500,0,0.05,"D",0.677392923126149,0.741816390773617
2007,1,0.275,9000,0,0.95,"D",0.997845453670199,6.13801822669889
2007,1,0.2875,5000,0,0.78,"D",0.986065038639613,4.2593214264526
2007,1,0.3625,1000,1,1.09,"Missing",0.998620159902088,6.58440686465098
2007,0,0.0625,2000,0,0.1,"AA",0.00718378687888743,-4.92871889997851
2007,0,0.3625,3000,0,1.51,"Missing",0.0574624839831872,-2.79744344092509
2007,0,0.275,2500,1,1,"Missing",0.743940197012852,1.06654962862673
2007,0,0.3625,5000,1,0.94,"Missing",0.00914470577797001,-4.68539339537917
2007,0,0.2125,3500,0,0,"B",3.32833320721508e-05,-10.3104205407769
2007,0,0.3,4000,0,1,"Missing",0.0275990056756749,-3.56198851915758
2007,0,0.1375,5000,0,0.46,"A",6.9924477043964e-06,-11.8706728982396
2007,0,0.3125,8500,0,0.86,"Missing",0.571368968102497,0.287438696433367
2007,0,0.3625,2000,1,0,"Missing",0.000133007252328724,-8.92497388634318
2007,0,0.3125,7000,0,0.96,"D",0.000301188889257709,-8.1074717167178
2007,1,0.225,3000,1,0.93,"C",0.37181663189508,-0.524431303543933
2007,0,0.2125,3800,0,1.1,"D",0.288194468807943,-0.904169252575666
2007,0,0.35,5000,0,0.95,"C",0.0162085884981282,-4.10587263843856
2007,1,0.35,6000,0,0.86,"Missing",0.779730222249895,1.26409493333973
2007,0,0.3625,3000,1,0.75,"Missing",0.00703317370920989,-4.95005919974162
2007,1,0.325,5050,1,0,"D",0.847309809653408,1.713655431866
2007,0,0.25,11000,0,0.44,"C",0.167602534109572,-1.60271474225451
2007,1,0.3625,25000,0,0.98,"Missing",0.998309980977319,6.38132404537019
2007,0,0.175,5000,0,0.29,"B",0.000271171542214571,-8.21248773192513
2007,0,0.225,6000,0,0.75,"C",0.0309047946757789,-3.44545151880563
2007,0,0.3,4000,0,0.92,"D",0.000958201876271696,-6.94949341415085
2007,0,0.15,9000,0,0.12,"A",2.36957981637242e-05,-10.6501891221323
2007,0,0.1875,8500,0,0.55,"AA",6.71490316364893e-06,-11.9111744340685
2007,0,0.2625,5000,0,0.73,"D",0.00499608543019116,-5.29409197955673
2007,1,0.35,9900,0,0.33,"D",0.670038460888059,0.708359015525354
2007,0,0.1875,7500,0,0.72,"B",0.00131251357838883,-6.63449784243414
2007,1,0.3625,25000,0,0.47,"D",0.518682758111366,0.0747658409787404
2007,0,0.1875,5000,0,0.46,"C",0.000171998817317391,-8.66785094362533
2007,1,0.2875,2000,0,1.13,"Missing",0.997907267559884,6.16718975401273
2007,0,0.1375,15152,0,0.6,"A",0.000237243886244956,-8.34618461802527
2007,1,0.2875,7200,0,1.12,"Missing",0.999981697275805,10.9084423431894
2007,0,0.1625,1200,0,0.72,"D",0.00141460942050681,-6.55948620297502
2007,0,0.225,15000,0,0.16,"B",3.75515675846448e-05,-10.1897578817578
2007,0,0.1625,20000,0,0.13,"AA",0.000656290397129876,-7.32825068257184
2007,0,0.2875,8500,0,1,"D",0.089390897569564,-2.32109485883019
2007,0,0.2375,13000,0,0.82,"C",0.000643654206620281,-7.34770506086806
2007,0,0.175,2000,0,0.5,"C",0.560547778310967,0.243385480571891
2007,0,0.3625,20000,0,0.95,"Missing",0.0328932336588575,-3.38104192647022
2007,0,0.225,8000,1,0,"C",0.000184680533208793,-8.59669837553712
2007,0,0.1375,1550,0,0.95,"D",0.000107601635801215,-9.13696710031335
2007,0,0.25,7500,0,0.99,"D",0.0251266127695382,-3.65838004916307
2007,1,0.325,2500,0,0.65,"Missing",0.277563127353369,-0.956581649396261
2007,0,0.2625,10001,0,0.69,"D",0.00626667498035145,-5.06622297815458
2007,1,0.2125,3000,0,0.53,"C",0.520526010117055,0.0821502096090079
2007,1,0.25,5000,0,0.64,"D",0.71107315750476,0.900601802416088
2007,0,0.1875,17000,1,0.58,"A",1.7664759413423e-07,-15.5491089059794
2007,0,0.1375,1000,0,0.97,"Missing",0.346346265674097,-0.635138710559782
2007,0,0.2875,21000,0,0,"B",0.0332075795181201,-3.37120566039433
2007,0,0.3625,4850,0,0.89,"Missing",0.000716307113558466,-7.24068498963261
2007,1,0.3,3500,0,0,"C",0.672029594535565,0.717379001970042
2007,1,0.3,1000,0,0,"D",0.996450021215562,5.63725735681581
2007,0,0.1,1000,0,0.78,"A",1.88689124435159e-05,-10.8779759653082
2007,1,0.3,11520,0,0.6,"D",0.959019590555726,3.1528173687026
2007,0,0.2375,4000,0,0.85,"C",0.00470202916976133,-5.35504800670708
2007,0,0.25,2600,0,0,"Missing",0.197353124434538,-1.40292022683957
2007,0,0.1375,5000,1,0,"Missing",0.0101232358364792,-4.58274709529846
2007,1,0.3625,3500,0,0.98,"Missing",0.998955460377409,6.86313395764743
2007,0,0.25,7000,0,0.59,"C",3.91863794694334e-05,-10.1471421469141
2007,0,0.1375,3500,0,0.1,"AA",5.14639906941743e-06,-12.1772081512594
2007,1,0.3625,1000,1,0.67,"Missing",0.962692297047033,3.25053401653336
2007,0,0.2375,11500,0,0.38,"C",0.0535247667113568,-2.87260032771364
2007,0,0.125,4500,0,0.4,"A",0.000912260961047947,-6.99867178999635
2007,1,0.3625,1000,0,0,"Missing",0.993578956885568,5.04173294891004
2007,1,0.3625,2100,1,1.14,"Missing",0.610419092245095,0.449074191901474
2007,0,0.2375,13500,0,0.78,"B",0.000169442612705546,-8.68282679961004
2007,0,0.175,1500,0,0.04,"AA",0.218495939584299,-1.27445291429276
2007,0,0.15,3001,0,0.05,"AA",5.75630126706553e-06,-12.065209674334
2007,0,0.3625,25000,0,1.31,"Missing",0.00781001223898498,-4.84450807792574
2007,0,0.25,2000,1,0.87,"Missing",0.0976485873028559,-2.22362884670828
2007,0,0.25,2000,1,0.98,"C",0.000303060529299413,-8.10127489927946
2007,0,0.1875,20000,0,0.66,"A",2.94872725900288e-05,-10.4315223376333
2007,0,0.225,5600,0,0.48,"B",1.21648949205293e-07,-15.9221262839573
2007,0,0.25,5000,0,0.97,"C",0.00722977727615375,-4.92229101002826
2007,1,0.1375,4000,0,0.64,"D",0.999969505117904,10.3979211932177
2007,1,0.1125,4000,0,0.32,"A",0.465874653984333,-0.13671392670472
2007,1,0.3625,25000,1,0.96,"Missing",0.999999027951082,13.8438587350029
2007,0,0.2875,10000,0,0.69,"A",0.00193818429992614,-6.24406360702437
2007,1,0.25,5000,0,0.87,"Missing",0.948285906042921,2.90892569068787
2007,0,0.0875,1000,0,0,"AA",4.43388372195491e-09,-19.2339899458493
2007,1,0.2375,11000,0,0.93,"B",0.643518499370646,0.59066842780853
2007,0,0.1875,1000,0,0.16,"A",7.06640257168632e-05,-9.55750327806736
2007,1,0.25,4000,1,0.98,"B",0.356159712331304,-0.592071434440967
2007,0,0.3625,10000,1,0.9,"Missing",0.328938314726656,-0.712990823154735
2007,0,0.3,3500,0,0,"C",0.0762436699990948,-2.49451392910714
2007,0,0.3125,2500,0,0.66,"D",2.39889089378551e-05,-10.6378949728229
2007,1,0.3125,13000,0,0.93,"D",0.950434637578653,2.95362714170818
2007,0,0.225,15000,0,0.29,"C",0.0185990298100622,-3.9658716936234
2007,0,0.3375,6500,0,0.67,"D",0.156142347624557,-1.68721574608742
2007,0,0.3,15000,0,1.03,"D",0.0285691270872262,-3.52644344897983
2007,0,0.3125,4000,0,0.45,"D",0.001296931235681,-6.64645662005365
2007,0,0.2375,6600,0,0.27,"C",9.39480051345161e-06,-11.5753447637472
2007,0,0.2625,10001,0,0.69,"D",0.0950951596526553,-2.25295171857633
2007,0,0.175,7500,0,0.67,"B",0.00290348339145664,-5.83893638667262
2007,0,0.3125,2550,0,0.86,"D",0.00863933768233917,-4.7427524831372
2007,1,0.3125,2550,0,0.53,"D",0.957339989703839,3.11089664011194
2007,0,0.3625,5000,0,0.93,"Missing",0.000897997365281325,-7.01444502284508
2007,0,0.1875,14700,0,0.37,"AA",0.00313014332745391,-5.76354143148668
2007,0,0.3625,2500,0,0,"Missing",0.0322038619818053,-3.40293508119455
2007,1,0.3625,2550,0,0.99,"Missing",0.972838527005004,3.57841857946447
2007,0,0.1875,6000,0,0.14,"C",0.54278653403863,0.171565734727486
2007,1,0.3625,4000,0,1,"Missing",0.66904291480456,0.703859490766784
2007,0,0.1625,2500,0,0.57,"A",0.000437865744148884,-7.73316025314743
2007,0,0.1875,9000,0,0.49,"B",0.00490407668510597,-5.31277230208533
2007,0,0.1875,15000,0,0.62,"B",5.48046383370389e-08,-16.7194909505828
2007,1,0.25,3500,0,0,"Missing",0.403964432840703,-0.388973505163946
2007,0,0.2125,9200,0,0.06,"A",0.032835976245144,-3.38284335127919
2007,1,0.35,3200,0,0.93,"D",0.0629310429499123,-2.70071730239049
2007,0,0.15,12000,0,0,"AA",0.000131974118991681,-8.93277274001829
2007,1,0.3625,4000,0,0.77,"Missing",0.999801924605664,8.52666472525835
2007,1,0.3625,5000,1,0.97,"Missing",0.998804688787552,6.72815267251094
2007,1,0.3625,25000,0,0.58,"D",0.999799744219293,8.51571482914777
2007,0,0.2375,13000,0,0.82,"C",0.000233905440523989,-8.36035969180128
2007,0,0.1625,5500,0,0.34,"B",0.280580139769886,-0.94158575010216
2007,0,0.3625,5500,0,0.77,"Missing",0.287241874554027,-0.908817498551857
2007,0,0.1625,9000,0,0,"A",5.43159988055174e-07,-14.425861379947
2007,0,0.15,5250,1,0.39,"B",0.311331160173443,-0.79390334724595
2007,1,0.3125,4000,0,0.02,"Missing",0.96414393997827,3.29172800777096
2007,0,0.2875,2500,0,0.79,"D",0.0576138734693722,-2.79465169382232
2007,1,0.3625,3000,1,0.75,"Missing",0.977788656840771,3.78469043787807
2007,1,0.3125,15000,0,0,"C",0.783237234930079,1.2846321251491
2007,1,0.275,8000,1,0.93,"D",0.860912025849929,1.82288568201048
2007,0,0.3625,16900,0,0.04,"D",0.0940154385831444,-2.26556325648878
2007,0,0.1375,8000,0,0.06,"A",4.96787814996578e-06,-12.2125127727229
2007,0,0.1875,4000,0,0.64,"B",0.000233776143407741,-8.3609127491206
2007,0,0.2125,1500,0,0.77,"Missing",0.0285419714191241,-3.52742237987264
2007,0,0.2375,6500,0,0.7,"C",0.00128654263560229,-6.65450941507822
2007,0,0.225,10000,0,0.27,"C",0.447911502878595,-0.209112679614867
2007,0,0.1125,2000,0,0,"AA",6.58963281526155e-06,-11.9300063398209
2007,0,0.1375,25000,0,0.35,"AA",0.000847339729853791,-7.07256114698507
2007,0,0.3,1000,1,0.29,"Missing",0.143400559416708,-1.78732858286391
2007,0,0.2125,6001,0,0.56,"B",4.51128544121811e-06,-12.3089239135389
2007,0,0.1375,18800,0,0.63,"AA",0.0708773960581731,-2.57328913591544
2007,0,0.0875,1500,1,0.07,"AA",0.000686458480841927,-7.28327811985665
2007,1,0.35,4000,0,0,"Missing",0.990820776914661,4.68159109740818
2007,0,0.3625,12000,0,0.92,"C",0.120241043550379,-1.99014953252335
2007,0,0.2125,20000,1,0.55,"B",0.0101906753375028,-4.5760392036549
2007,0,0.1125,9000,0,0.99,"Missing",4.94261191865894e-05,-9.91498211768388
2007,0,0.175,11500,1,0.36,"A",0.0326922355844581,-3.38737910624272
2007,0,0.2125,15000,1,0.41,"B",0.00110146392752193,-6.81001306977823
2007,1,0.2875,10000,0,0.88,"C",0.957175487173341,3.10687607858368
2007,0,0.35,9900,0,0.33,"D",0.000375844836899545,-7.88595825208126
2007,0,0.3,23000,0,0.82,"B",0.243608935718139,-1.13299430613911
2007,1,0.225,9800,1,0.72,"C",0.990097345453247,4.60500040980116
2007,0,0.3,4100,1,0.91,"Missing",0.344313157778066,-0.644131714661666
2007,0,0.1375,6500,0,0.34,"A",7.248043109106e-06,-11.8347717934476
2007,1,0.3625,3000,1,0.8,"Missing",0.99999856108264,13.4516181213091
2007,1,0.3125,1500,1,0.97,"Missing",0.999870364731205,8.95065603163182
2007,1,0.3625,1000,1,0.67,"Missing",0.907750183536361,2.28646891911805
2007,1,0.3,3200,1,0.73,"Missing",0.893288166687455,2.12477716907389
2007,0,0.3125,4000,0,0.45,"D",0.000977473659843603,-6.92956126122061
2007,0,0.1875,3500,0,0.3,"C",0.00465817248388919,-5.36446302302353
2007,0,0.3375,7000,0,0.71,"C",0.00290221516189779,-5.83937454988915
2007,0,0.3125,2500,0,1.01,"D",0.0194790243808639,-3.91874582434357
2007,1,0.3625,3000,1,0.82,"Missing",0.371904633891592,-0.524054550898932
2007,1,0.3125,6000,1,1,"Missing",0.986385922217964,4.28294329147333
2007,0,0.2125,5000,0,0.61,"C",0.0201603922575297,-3.88366899246842
2007,1,0.1375,1000,1,0.97,"Missing",0.973955372271405,3.621553965867
2007,0,0.1875,1000,1,0.73,"C",0.000236900275625261,-8.34763435499259
2007,0,0.0875,2000,0,0.39,"C",3.69809316588405e-05,-10.2050711571204
2007,0,0.3,4000,0,0.89,"D",0.0173791223903862,-4.03495374363416
2007,1,0.2875,6001,0,0.61,"D",0.996601704884043,5.68107732716881
2007,1,0.3,9000,0,0.64,"D",0.42052921036353,-0.320601312572458
2007,0,0.125,1500,0,0.89,"A",0.00329858787045807,-5.71095677993103
2007,1,0.1875,2500,1,0.28,"B",0.32976811448877,-0.709234026189455
2007,0,0.1875,6500,0,0.9,"C",0.000239341148884891,-8.33738125281389
2007,0,0.25,4500,0,0.39,"D",0.46554613560528,-0.138034209702994
2007,1,0.3625,2500,0,1.09,"Missing",0.955442417772391,3.06539216254885
2007,0,0.125,5000,0,0,"A",5.29990505453691e-07,-14.4504062148084
2007,0,0.1875,10000,0,0.66,"B",0.000341793347254943,-7.98096239955359
2007,1,0.2125,6750,1,0.73,"C",0.958037365867213,3.12810722245415
2007,1,0.3625,5000,0,0.97,"Missing",0.69911384977757,0.843081649454375
2007,0,0.25,15000,0,0.65,"B",0.000218838548343822,-8.42695745970701
2007,1,0.325,1500,0,0,"Missing",0.919942223414269,2.44156228610507
2007,0,0.15,9000,0,0.43,"B",0.000178511446267323,-8.63067930667224
2007,1,0.3625,5000,0,0.51,"Missing",0.855884380037867,1.78151940315498
2007,0,0.25,2000,0,0.77,"Missing",0.0030177743607708,-5.80021334889743
2007,0,0.3125,9000,0,0.42,"C",0.0052974247711395,-5.23522296286895
2007,1,0.3625,4000,1,0,"Missing",0.99886983426379,6.78426018294536
2007,0,0.1875,2500,1,0.28,"B",4.07980421993431e-05,-10.1068356641412
2007,1,0.3625,9000,0,0.85,"Missing",0.943117669668437,2.80820630318916
2007,0,0.225,5500,0,1.02,"C",0.554513325880809,0.21892350447526
2007,0,0.2125,1200,0,0.94,"D",0.141823275529509,-1.8002283068594
2007,0,0.25,20000,1,0.05,"AA",0.00179880013080279,-6.31883501043654
2007,0,0.3,10000,1,0,"C",0.110932883570611,-2.08124736329091
2007,0,0.3625,2600,0,0.98,"Missing",0.0445738682385145,-3.06500967884994
2007,0,0.25,1000,0,0.98,"Missing",0.0285739071077485,-3.52627122816972
2007,1,0.3125,6500,0,0.64,"D",0.982305103375891,4.01662568431638
2007,1,0.3625,2100,0,1,"Missing",0.932264524970206,2.62200655341952
2007,0,0.3625,9000,0,0.85,"Missing",0.141541006917465,-1.80254943678635
2007,0,0.1375,2000,0,0.75,"B",0.000146762104053462,-8.82655084900959
2007,0,0.1625,9000,0,0.86,"B",1.27628300093682e-07,-15.8741435754306
2007,0,0.25,2550,0,0,"AA",6.68432036859437e-05,-9.61309407927851
2007,1,0.3625,3600,0,0.92,"Missing",0.991579056976783,4.76857685951344
2007,1,0.2875,5000,0,0.78,"D",0.135905095154903,-1.84972579394622
2007,1,0.3625,2500,1,0.89,"Missing",0.86084840491941,1.82235446937131
2007,0,0.3125,3000,0,0.73,"D",0.45200169054348,-0.192586282044218
2007,0,0.2625,13500,0,0.84,"D",0.0235795882134181,-3.72351181187509
2007,1,0.25,15000,0,0.93,"D",0.998619318290666,6.58379627378763
2007,0,0.175,8000,0,0.53,"B",0.00431568219541976,-5.4411748467199
2007,1,0.3625,2500,1,1.84,"Missing",0.999875249257301,8.98906811132527
2007,0,0.225,6000,0,0.75,"C",9.93498290777328e-06,-11.519438467335
2007,1,0.35,6000,0,0.68,"D",0.999923349018992,9.47617150027169
2007,0,0.25,8000,0,0.91,"D",0.000140099998377963,-8.87301400638572
2007,1,0.2375,6000,0,0.49,"C",0.980778722422873,3.9323289982752
2007,0,0.1875,2500,0,0.94,"D",0.134698057310527,-1.86004285174503
2007,1,0.3625,7000,0,0.7,"D",0.762721749560858,1.16765978033779
2007,1,0.3625,5000,1,0.75,"D",0.999902895985972,9.23963073568161
2007,1,0.3625,23800,0,0.5,"C",0.685424065449275,0.778812228054174
2007,1,0.25,5000,1,0.72,"A",0.993938843867242,5.09977511661129
2007,1,0.2375,6500,0,0.7,"C",0.940061382124413,2.75262417010713
2007,1,0.3625,6000,0,0.92,"Missing",0.998598899541527,6.56909522644577
2007,1,0.3625,7000,1,0,"Missing",0.727946820671008,0.984230437574765
2007,1,0.3375,1000,1,0,"Missing",0.980398297072202,3.91234246814638
2007,1,0.3125,4000,1,0.47,"C",0.989672189021531,4.56253341457056
2007,1,0.35,3001,0,0.75,"Missing",0.999994851298872,12.1767609345735
2007,1,0.25,6500,0,0,"C",0.433651637861465,-0.266967835639106
2007,1,0.3,9950,0,0,"D",0.820894462202452,1.52241932459268
2007,1,0.3625,3000,0,0.63,"Missing",0.999792736285659,8.48131130800575
2007,0,0.1,2500,0,0.06,"AA",3.1719095394329e-06,-12.6611736011475
2007,0,0.3625,7000,1,0.27,"Missing",0.111669961395835,-2.07379559127757
2007,1,0.3,22000,0,0.93,"D",0.99902459935906,6.93168638093013
2007,0,0.3,9500,0,0.86,"D",0.00056664698836499,-7.47520723601233
2007,0,0.2,9000,0,0.05,"B",4.86041197128147e-07,-14.5369719628438
2007,1,0.3625,25000,0,0.52,"D",0.986298280501382,4.27643748876915
2007,0,0.2875,4000,1,1.35,"Missing",0.0412825530114057,-3.14515643304029
2007,0,0.3625,18000,0,0.91,"C",0.000312947179228372,-8.06916314196656
2007,0,0.1375,9000,0,0.33,"A",0.0133906834042332,-4.29971493508388
2007,0,0.175,2400,1,0.22,"B",2.57592405869986e-05,-10.5666913779087
2007,0,0.35,6000,0,0.53,"D",0.266405533231091,-1.01293666950393
2007,0,0.25,4500,0,0.39,"D",0.302913469588341,-0.833462364179429
2007,0,0.3625,4750,0,1,"Missing",0.262906260644796,-1.03091752930254
2007,0,0.2875,3550,0,0.66,"D",0.322251004222552,-0.743446248578577
2007,0,0.125,4500,0,0.04,"AA",1.03178245221138e-05,-11.4816273043758
2007,1,0.3,1200,0,1.09,"Missing",0.954401654297306,3.04121316670713
2007,0,0.175,10000,0,0.65,"C",6.15646089519462e-07,-14.3005929528731
2007,0,0.2875,10000,0,0.88,"C",0.296295767726438,-0.864999972536774
2007,0,0.25,3000,1,0.62,"D",0.342658290871538,-0.651470274428757
2007,1,0.2,2000,1,0,"C",0.998645335253984,6.60284569204417
2007,0,0.2375,2500,0,0.82,"C",0.0166428837918291,-4.07898962117275
2007,0,0.175,5000,0,0.29,"B",0.00427470414155409,-5.45075651883189
2007,0,0.2875,1300,0,0.43,"D",0.0411488611300705,-3.14853958678586
2007,0,0.275,6001,0,0.25,"Missing",0.00327395279977039,-5.71847789291339
2007,1,0.3625,5000,0,0,"Missing",0.993837665482013,5.08311819297169
2007,0,0.15,4500,0,0.09,"AA",5.60452771789368e-05,-9.78929462600598
2007,1,0.175,2000,0,0.5,"C",0.631148448519935,0.537146830431883
2007,1,0.3625,4500,0,0.98,"Missing",0.99918493387,7.11142590843422
2007,1,0.3625,3001,0,0,"Missing",0.998953819775069,6.86156290115864
2007,0,0.3625,2100,1,1.14,"Missing",0.245331657356359,-1.12366737286049
2007,0,0.3375,2550,0,0.98,"Missing",0.132502598626432,-1.87901025877282
2007,0,0.2,25000,0,0.76,"AA",1.68603198827249e-07,-15.5957176500773
2007,1,0.275,2000,0,0,"Missing",0.970113419742234,3.48000343339532
2007,1,0.1375,6000,0,0.1,"A",0.742839187965054,1.0607779682034
2007,0,0.3625,2550,0,1.16,"Missing",0.0384194078745891,-3.22001563536329
2007,1,0.1875,2600,0,0.68,"C",0.871373523551507,1.91315805662199
2007,0,0.15,25000,1,0,"AA",5.82128538654327e-06,-12.0539836425095
2007,1,0.3375,15000,1,0.96,"Missing",0.9999692527507,10.3896792736456
2007,1,0.325,2000,1,0,"Missing",0.999892180655786,9.13494564503212
2007,1,0.3625,2975,0,0.96,"Missing",0.866375406374415,1.86928398110445
2007,1,0.3625,2550,0,0.43,"Missing",0.953922075942164,3.03024802216524
2007,0,0.1375,8000,0,0.62,"B",5.14805880211674e-05,-9.87425427106579
2007,1,0.3,2000,0,1.02,"Missing",0.94243018811324,2.79546351448572
2007,1,0.175,2100,0,0.92,"C",0.0175837133210533,-4.02304204158472
2007,0,0.175,2000,0,0.98,"B",0.0797115482526664,-2.44627268358942
2007,0,0.2875,5000,0,0.97,"Missing",0.667931179808177,0.69884290682068
2007,1,0.3625,25000,0,0.34,"C",0.999875360210541,8.98995801747971
2007,0,0.225,2500,0,0,"C",6.21870634977569e-05,-9.68530137320445
2007,0,0.2625,5000,0,0.97,"D",0.0628241383109378,-2.70253158289618
2007,1,0.35,12000,1,0.87,"D",0.985054919373565,4.18831520472879
2007,1,0.35,5000,0,0.95,"Missing",0.989124232175046,4.51028275858634
2007,0,0.175,22000,0,0.77,"B",1.658632347655e-07,-15.6121021092628
2007,0,0.175,7500,0,0.14,"A",0.00533635610564001,-5.2278615908449
2007,0,0.1875,3000,0,0.73,"D",0.00166110201974083,-6.39861154638295
2007,0,0.3625,25000,1,0.97,"D",0.898092010302526,2.17620218002256
2007,0,0.3625,1500,0,0.84,"Missing",0.00917995492744671,-4.68151063385399
2007,0,0.125,2550,0,0.02,"AA",2.01130533104017e-05,-10.8141214219966
2007,0,0.3625,5000,1,0.75,"D",0.122506105842363,-1.96890912473714
2007,0,0.3625,7000,0,0.12,"D",0.13411578481102,-1.86504770630325
2007,1,0.3625,5000,0,1,"Missing",0.997469240664334,5.97670192147885
2007,0,0.25,8000,1,0.92,"C",0.0777690729509713,-2.47305182313078
2007,0,0.25,2000,0,0.84,"Missing",0.00511366914839116,-5.27071131077598
2007,0,0.15,25000,1,0,"AA",0.0114169712330955,-4.46117168075361
2007,0,0.15,2500,0,0,"B",7.67011323685083e-05,-9.47551738202093
2007,0,0.25,19900,0,0.98,"A",1.14996120402149e-05,-11.3731857591195
2007,0,0.3625,8500,1,0,"B",0.0013542473526379,-6.60315427310865
2007,0,0.3375,1000,1,0.88,"Missing",0.750379911856521,1.10063951281878
2007,0,0.3625,3000,1,0.53,"D",0.241566472767364,-1.14411047303989
2007,1,0.2625,7500,1,1.02,"C",0.751234368282152,1.10520646288077
2007,1,0.3625,5000,1,1.05,"Missing",0.820213485858893,1.5177945405343
2007,1,0.25,6000,0,0.85,"Missing",0.718153108972034,0.935318806132775
2007,0,0.2625,7500,1,1.02,"C",0.0949905189975834,-2.25416833329607
2007,0,0.1625,6000,0,0.92,"C",0.000858144006764865,-7.05988012008447
2007,0,0.325,25000,1,0.38,"D",0.0534220677456023,-2.87462939029646
2007,0,0.175,6001,0,0.56,"B",5.55603820781999e-07,-14.4032097936284
2007,1,0.2125,3500,0,0.98,"Missing",0.999025920007659,6.93304257531753
2007,0,0.25,10000,0,0.87,"C",0.000332406268436165,-8.00882017552194
2007,0,0.3,5000,1,0.47,"C",0.135127028607139,-1.85636735360123
2007,0,0.1875,16000,0,0.77,"B",0.000132903033758962,-8.92575785325826
2007,1,0.3625,5000,0,0.77,"D",0.629549519897997,0.530284736977429
2007,0,0.1375,3000,0,0,"B",9.85937829699074e-06,-11.5270775849543
2007,0,0.3625,25000,0,0.47,"D",0.188488538060278,-1.45986131224846
2007,0,0.2,11204,0,0.73,"B",0.00870016799647103,-4.73567470815467
2007,1,0.3625,2550,0,0.94,"Missing",0.996671714885654,5.70196425213907
2007,1,0.3625,5000,1,0.97,"Missing",0.980065499566579,3.8951674849775
2007,0,0.1375,12000,0,0.47,"A",0.165851988528069,-1.61531510316118
2007,0,0.2125,3000,0,0,"C",0.289918358414682,-0.895780590935498
2007,0,0.15,6000,0,0.03,"AA",0.0012145253416461,-6.71218668035579
2007,0,0.1375,12000,0,0.02,"AA",6.11168331209443e-06,-12.0053022098611
2007,1,0.3375,7500,0,0.69,"Missing",0.438581595539367,-0.246920573272008
2007,0,0.1375,14000,0,0.29,"AA",5.13643030006246e-05,-9.87651575530501
2007,0,0.2125,7000,0,0.51,"B",1.47399370423884e-05,-11.1249352023749
2007,0,0.2375,11000,0,0.93,"B",0.078676270400885,-2.46046988215708
2007,0,0.15,9000,0,0.05,"AA",2.85052375565828e-06,-12.7680049561251
2007,0,0.25,8500,0,0.48,"B",9.25483744246385e-05,-9.28768653073521
2007,1,0.3,3000,0,1,"Missing",0.485423405105639,-0.0583229063680644
2007,0,0.25,7500,0,0.36,"C",0.487097590583112,-0.0516210976709659
2007,0,0.175,4000,0,0.16,"B",0.725281397499218,0.970812403890248
2007,0,0.25,1990,1,1,"D",0.968737539635312,3.43357568989282
2007,0,0.1875,4400,0,0.8,"Missing",0.0814711643767912,-2.42252415210428
2007,1,0.2625,5000,0,0.95,"D",0.803129846972386,1.40597201347153
2007,0,0.2875,15000,0,0.18,"D",0.565348724141312,0.262898706728696
2007,1,0.3625,5108,0,0,"Missing",0.999905207315459,9.26372352178985
2007,0,0.275,5600,0,0.94,"D",0.0034297639475934,-5.67182818104503
2007,0,0.3125,15000,0,0.9,"D",0.286600330887164,-0.911953139188072
2007,0,0.15,11000,0,0.7,"A",0.000190292816169546,-8.56675622347924
2007,0,0.175,7500,1,0.54,"B",1.61821287502172e-06,-13.3341865630054
2007,1,0.3625,3500,1,0,"Missing",0.602900206494905,0.417564069868291
2007,0,0.15,17000,0,0.19,"AA",0.00041844242204247,-7.7785527292449
2007,0,0.3125,10000,0,0.87,"Missing",0.324181303437289,-0.73462190192299
2007,0,0.2125,5000,0,0.89,"D",9.31366386197461e-05,-9.28134976963053
2007,0,0.1875,15000,0,0,"AA",0.000107503042719652,-9.13788389760668
2007,0,0.25,6500,1,1.06,"Missing",0.0057428429950442,-5.15404149944051
2007,0,0.1875,2000,0,0.87,"D",0.00722230254052823,-4.92333295586091
2007,1,0.25,2000,0,0.84,"Missing",0.995586281798231,5.41861432769245
2007,0,0.35,15000,0,0.93,"B",0.000744541882479505,-7.20199663238217
2007,1,0.2125,1600,0,0.98,"C",0.79960213643547,1.38380956620471
2007,0,0.2125,3000,0,0.88,"D",0.116005505151295,-2.03081318689046
2007,1,0.3625,2550,0,1.7,"Missing",0.968461554655063,3.42450149751426
2007,1,0.2875,7200,0,1.12,"Missing",0.954966280154339,3.05426449205203
2007,0,0.3,1000,0,0,"D",0.674230550081037,0.727382192518028
2007,0,0.3,1000,1,0.18,"C",0.000979094089833483,-6.92790323823265
2007,0,0.125,1000,0,0.3,"AA",0.168161381760924,-1.59871432950761
2007,0,0.275,12500,0,0.96,"C",0.681478588326787,0.760575132837591
2007,1,0.3625,5000,0,0.46,"Missing",0.926098548929511,2.52824818995681
2007,0,0.1625,9999,0,0.61,"B",1.17945831410828e-05,-11.3478583930788
2007,0,0.225,7500,0,0.58,"C",4.06918034408668e-06,-12.4120648992621
2007,0,0.1375,9000,1,0.85,"A",0.0180520480211837,-3.99627916277172
2007,1,0.3125,8500,0,0.78,"D",0.101522816414222,-2.18041774652848
2007,0,0.1875,1700,0,0.83,"D",0.000559182864984375,-7.48847467026462
2007,0,0.3375,25000,1,0,"C",1.42052583035625e-07,-15.76706840277
2007,0,0.3375,7000,0,0.71,"C",8.87609722873331e-06,-11.6321397227013
2007,0,0.125,2000,0,0,"AA",0.0658724132462991,-2.65189329293742
2007,0,0.15,25000,1,0,"AA",0.00142725604291506,-6.55057325362892
2007,1,0.1875,15000,1,0.72,"C",0.999653683027801,7.96780972069827
2007,0,0.1875,3600,0,0.28,"A",0.00546703467226967,-5.20353688339001
2007,0,0.3625,2500,0,1.21,"Missing",0.237932709886707,-1.16404695689617
2007,1,0.25,2400,1,0,"D",0.717873996772652,0.933940270588676
2007,1,0.225,12000,1,0.68,"C",0.976685484879334,3.73508854779117
2007,0,0.1875,9500,0,0.36,"A",0.323944361339497,-0.735703601581617
2007,0,0.1375,6500,0,0.34,"A",2.5601820289741e-07,-15.1780170339084
2007,1,0.25,8000,0,0.87,"D",0.988957122156306,4.49486529480999
2007,1,0.2875,4900,0,1,"D",0.988869863231286,4.4869062852638
2007,0,0.3125,9000,0,0.97,"D",0.0167966449256117,-4.06963681099243
2007,0,0.2375,25000,0,0.72,"A",0.617822198592012,0.480314762488194
2007,1,0.3625,3000,0,0.91,"Missing",0.99718464583162,5.86984788587267
2007,1,0.3625,2000,0,0.4,"Missing",0.999630353248468,7.90259301886815
2007,0,0.25,7500,0,0.74,"C",0.191332635477249,-1.44137420349341
2007,0,0.3625,10000,0,0.62,"C",0.697833214280113,0.837000990661741
2007,1,0.35,5000,0,0.81,"D",0.733731575352972,1.01363834539395
2007,0,0.0875,1000,0,0,"AA",5.80085945698535e-06,-12.0574986682747
2007,1,0.3625,4500,1,0.6,"Missing",0.612770437234546,0.458972672546676
2007,0,0.3,5700,0,0.1,"A",0.00452905785095569,-5.39270199593323
2007,1,0.3,3000,0,0.67,"Missing",0.962976003297551,3.25846223084747
2007,1,0.3625,3999,0,0.94,"Missing",0.904647669725676,2.24996678176465
2007,0,0.3125,7900,0,0.68,"C",0.0189199339026846,-3.94843800294971
2007,0,0.25,3000,0,0.27,"D",2.41382637095308e-06,-12.9342949499151
2007,0,0.3,5000,0,0.7,"B",0.000213747036789572,-8.45050354333231
2007,1,0.3625,5200,0,0,"Missing",0.453491967203391,-0.186571449623872
2007,1,0.2125,11000,0,0,"C",0.892559586969569,2.11715687903995
2007,0,0.2625,4000,0,0,"D",0.0193552126772575,-3.92524852935793
2007,0,0.25,15000,1,0.8,"B",0.0330788812092663,-3.37522187017996
2007,0,0.125,6001,0,0.41,"AA",0.00755792726891178,-4.87757166403068
2007,0,0.3625,2550,1,0,"Missing",0.632898466952207,0.544671542921103
2007,0,0.3625,4000,0,1.07,"Missing",5.62012024922546e-06,-12.0891518774922
2007,0,0.2875,4900,0,1,"D",0.00358952215279074,-5.62614021046778
2007,0,0.2125,4000,1,0.76,"D",0.0733019964140876,-2.53703988953386
2007,0,0.3625,12000,0,0.92,"C",0.0404856463448173,-3.16547977479652
2007,1,0.3625,20000,0,0.04,"C",0.919799501136884,2.43962597765378
2007,0,0.3625,3500,0,0.71,"Missing",0.115394220332578,-2.03678783001698
2007,0,0.3625,5000,1,0,"Missing",0.0226365543872162,-3.76529253414275
2007,0,0.275,10000,0,0.8,"D",0.00217939481153101,-6.12652627696262
2007,0,0.1125,3500,0,0.67,"A",0.00237225868471259,-6.04153766920868
2007,0,0.225,12000,0,0.57,"A",3.47249217656396e-05,-10.2680181967711
2007,0,0.2375,2750,0,0,"C",0.00860484026885578,-4.74678833642374
2007,0,0.25,6500,1,0.9,"C",0.0387871633074692,-3.21010650933654
2007,1,0.2875,10000,1,0.64,"C",0.747413545813195,1.08486505786958
2007,0,0.25,15000,0,0.59,"A",6.95017350508271e-05,-9.57408933679463
2007,1,0.3625,1500,1,1.29,"Missing",0.996052390495779,5.53068965019306
2007,0,0.125,1500,0,0.16,"A",1.92315094411782e-07,-15.464130501036
2007,1,0.275,15000,0,0.04,"D",0.992464652387939,4.88058643320274
2007,1,0.3625,5224,0,0.67,"Missing",0.397335116522976,-0.416581246606754
2007,0,0.325,3000,1,0,"Missing",0.0101596324916563,-4.57912141577117
2007,0,0.3625,3975,0,0.97,"Missing",0.00786175862254502,-4.83785212906232
2007,1,0.25,12200,0,0.35,"C",0.929994962290007,2.58661196249471
2007,0,0.3625,3000,1,0.53,"D",0.00149979720432353,-6.50092445410561
2007,0,0.175,22000,0,0.71,"A",2.07850263365731e-07,-15.3864476963031
2007,0,0.25,1000,0,0.33,"D",0.000718534320739731,-7.23757829378667
2007,1,0.3125,10500,0,0.81,"D",0.340912458894687,-0.659230639448482
2007,1,0.3625,2500,1,0.89,"Missing",0.999688462975269,8.07368078174943
2007,0,0.25,1800,0,0.61,"Missing",0.171182720490335,-1.57726819321875
2007,0,0.25,2500,0,0.78,"Missing",6.93837221629665e-06,-11.8784364235266
2007,0,0.3625,15000,0,0,"AA",0.000168962987709134,-8.68566189740157
2007,0,0.2125,15000,0,0.65,"B",0.000203720093228046,-8.49855985747265
2007,0,0.25,2300,0,0.86,"C",0.00258032074779007,-5.95725791141383
2007,1,0.3625,4000,0,1,"Missing",0.835864432057567,1.62777371717838
2007,1,0.3375,7500,0,0.94,"Missing",0.996552084737594,5.66653162933018
2007,0,0.2,2000,0,0.89,"C",0.0440561689121916,-3.07723377124647
2007,0,0.15,15000,0,0.09,"A",0.388085405721823,-0.455367287700374
2007,1,0.3,3200,1,0.73,"Missing",0.996804425512377,5.74278770774419
2007,1,0.35,5000,0,0.95,"Missing",0.95737461051598,3.11174468438779
2007,0,0.2625,15000,0,0.82,"C",0.000149409782934395,-8.8086683849751
2007,0,0.1875,2700,0,0.51,"C",9.64699534626783e-05,-9.24618248657695
2007,1,0.25,15000,0,0.93,"D",0.56350514480994,0.255399874831618
2007,1,0.0875,2000,1,0.81,"Missing",0.989654025813992,4.56075793666697
2007,0,0.2875,1500,0,0.84,"Missing",0.0190910523039432,-3.9392598799274
2007,0,0.2375,8500,0,0.79,"C",0.000142249690050437,-8.85778440405901
2007,0,0.15,5250,1,0.39,"B",0.000590326163749362,-7.43424485342413
2007,0,0.35,6000,0,0.68,"D",0.00136979544360209,-6.59172312705849
2007,1,0.275,10000,0,0.93,"D",0.813625787523597,1.47374399221444
2007,1,0.3625,3500,0,0.94,"Missing",0.99989336790221,9.14601934879652
2007,0,0.1625,10200,0,0.95,"A",0.00196219313984256,-6.23172836163437
2007,1,0.25,10000,1,0.89,"D",0.997718514097508,6.08064424421163
2007,1,0.325,1200,1,0,"Missing",0.984693016053692,4.16402074243967
2007,1,0.3625,3025,1,0,"Missing",0.99986267551807,8.89302661741252
2007,0,0.2125,6500,1,0.33,"C",0.00241054351408361,-6.02548957883883
2007,0,0.275,6000,0,0.71,"C",0.000426436549492334,-7.75962044484123
2007,0,0.3625,5000,1,0.97,"Missing",0.0103142561411467,-4.56386043265382
2007,0,0.2125,1850,0,0.68,"D",0.714843387312417,0.919024932436773
2007,0,0.1375,3000,1,0,"C",0.000206625962682072,-8.48439369544278
2007,0,0.175,3000,0,0.98,"C",0.00291758054788808,-5.83407874067147
2007,1,0.3375,1000,1,0,"Missing",0.959016444615775,3.15273732434939
2007,1,0.3,9000,0,0.64,"D",0.980880669547639,3.93775092169468
2007,1,0.3625,7100,1,1.12,"Missing",0.802418791043946,1.40148097050723
2007,1,0.3625,15000,0,0.97,"D",0.530147990421438,0.120738422895748
2007,0,0.2375,21200,1,0.47,"B",0.034043708341741,-3.34547334797751
2007,0,0.2375,6001,0,0.05,"D",0.00310210950280673,-5.77256598312114
2007,1,0.3625,5000,0,0,"Missing",0.987314238163241,4.35450811649836
2007,1,0.3375,3500,1,1.09,"Missing",0.997205759557459,5.87739681348677
2007,1,0.3625,5000,0,0.51,"Missing",0.987944349211938,4.40609287436922
2007,1,0.35,4750,1,0.14,"Missing",0.999965664388884,10.2792931812072
2007,0,0.1,4000,0,0.13,"AA",0.00230865157756158,-6.06878033692166
2007,0,0.275,2500,1,0.63,"D",0.265764109255449,-1.01622124599502
2007,1,0.2625,3500,0,1.03,"D",0.80629663703597,1.42612377884637
2007,0,0.1,2750,0,0.01,"AA",4.45803085638955e-06,-12.3207989434069
2007,0,0.2125,2400,0,0.86,"D",0.00574731070099668,-5.15325934770899
2007,0,0.175,8000,0,0.74,"B",4.73387416421755e-08,-16.8659367671557
2007,1,0.15,12000,1,0,"AA",0.985918939138582,4.24874344623332
2007,0,0.325,6000,1,1.06,"Missing",0.0455659485859896,-3.04195785245918
2007,0,0.2875,25000,0,0,"B",9.7580492496642e-05,-9.23473537122914
2007,0,0.25,7000,0,0.28,"C",0.0150015201775194,-4.18448855670837
2007,1,0.35,1250,0,0,"Missing",0.992508716844428,4.88649569655061
2007,0,0.3625,5500,0,1.02,"Missing",0.000813775387720082,-7.11301205981836
2007,1,0.25,12200,0,0.35,"C",0.932415906616361,2.62440631649459
2007,1,0.3,5000,0,0.7,"B",0.365991330103159,-0.549452984381819
2007,0,0.1375,6001,0,0.28,"A",0.000118653576163324,-9.03918377447967
2007,1,0.25,10000,0,0.03,"D",0.995632152109178,5.42910744986912
2007,0,0.1625,2600,1,0.1,"C",0.658477683885104,0.656517607081827
2007,0,0.0625,1000,0,0.64,"D",6.87208107155612e-06,-11.8880367038729
2007,1,0.2875,3500,0,0.92,"Missing",0.997744302857443,6.09203795461883
2007,0,0.25,4600,0,0.91,"Missing",0.712398383503787,0.907061035856234
2007,1,0.3625,3000,1,0,"Missing",0.874969707173089,1.94563321482734
2007,0,0.25,2000,1,0,"D",0.8727083975733,1.92512094005295
2007,1,0.1875,4000,0,0.84,"Missing",0.995946258544842,5.5040530280931
2007,0,0.1375,4000,0,0.64,"D",0.000127371501895968,-8.96827515021877
2007,1,0.0625,1000,1,0.48,"D",0.98866653291311,4.46859706108013
2007,0,0.0875,3000,1,0.01,"AA",5.51567544601979e-06,-12.1079109227212
2007,0,0.1875,2000,0,0.54,"C",0.000115866194057457,-9.06295865924812
2007,0,0.3625,2975,0,0.96,"Missing",0.0423701672909531,-3.11801679441549
2007,1,0.3375,3000,0,0.98,"Missing",0.997027510473141,5.81537853660175
2007,0,0.0875,1500,0,0.01,"AA",6.00951218292311e-07,-14.3247514723209
2007,0,0.175,20200,0,0.86,"A",0.00310968294072785,-5.77011997825526
2007,0,0.2875,19000,0,0.95,"C",0.0190840228435235,-3.93963532104804
2007,0,0.3625,4750,0,1,"Missing",0.75750002809697,1.13902197996149
2007,1,0.3,10000,0,0.97,"B",0.80282740508038,1.40406029169563
2007,0,0.1875,5000,0,0.92,"B",0.00386089474405757,-5.55298795614994
2007,1,0.35,4500,0,0.47,"Missing",0.949371825778053,2.93129230571699
2007,0,0.3625,20000,0,1.05,"C",1.91118731351124e-05,-10.8651816738773
2007,0,0.3,10000,1,0.03,"A",0.00128438732915328,-6.65618824812349
2007,0,0.3625,2550,1,1.32,"Missing",0.928629531298485,2.56582569687073
2007,0,0.0875,1500,0,0.01,"AA",0.00265783747103756,-5.92758109185763
2007,0,0.2,3500,0,0,"C",0.000346170625811948,-7.96823253571771
2007,1,0.275,3000,0,0.3,"Missing",0.575502932885675,0.304339227696394
2007,1,0.3625,3700,0,0.58,"D",0.99808326151693,6.25521166633818
2007,0,0.2875,6001,0,0.61,"D",0.277883838893034,-0.954982833251251
2007,0,0.2125,10000,0,0.79,"A",0.095575569951585,-2.24738150951559
2007,1,0.2875,1525,0,0.56,"D",0.819524979765404,1.51313250329051
2007,1,0.35,10500,0,0.94,"C",0.820507429471558,1.51978914804104
2007,0,0.25,8000,1,0.92,"C",0.022751673242228,-3.76010210067566
2007,1,0.25,1000,1,0.9,"D",0.982363219267754,4.01997458126973
2007,1,0.2625,9500,0,0.73,"D",0.582561974743459,0.333299483416813
2007,0,0.175,1000,0,0,"B",0.000201892684596218,-8.50757235304148
2007,1,0.2125,9000,0,1,"Missing",0.886633480707042,2.0568055812629
2007,0,0.1625,7500,0,0.92,"B",0.000390997924434409,-7.84641723196084
2007,1,0.2,3500,1,0,"C",0.968782404206374,3.43505812602168
2007,1,0.2625,7500,0,0.68,"C",0.871296923618305,1.91247480060993
2007,1,0.25,4500,0,0.39,"D",0.0659974705327225,-2.64986273040404
2007,0,0.1875,20000,1,0.72,"B",2.66752903766995e-06,-12.8343553005727
2007,0,0.25,5000,1,0.43,"D",0.00445652746907108,-5.40891892320114
2007,0,0.3625,2700,0,0,"Missing",0.42259687106903,-0.312121985061595
2007,1,0.325,3000,1,0,"Missing",0.899676216877585,2.19363215284663
2007,0,0.1,1000,0,0.01,"AA",6.79915246724225e-07,-14.2012970037989
2007,1,0.3,3000,0,0.91,"Missing",0.96443811993892,3.30027139327242
2007,1,0.3625,5000,0,0.82,"Missing",0.99734479125577,5.92857326425337
2007,0,0.25,3000,0,1,"C",8.69054416373804e-05,-9.35060299890274
2007,0,0.125,3000,0,0.07,"AA",0.0121376733364115,-4.39922922797695
2007,0,0.2875,9600,0,0.94,"D",0.0061539406645228,-5.0844896896998
2007,0,0.3625,3500,0,0,"Missing",0.00599773060215376,-5.11035832504484
2007,1,0.2625,4900,0,0,"D",0.968091248420416,3.41244603137813
2007,1,0.3625,3600,0,0.3,"Missing",0.999852796815049,8.8235495009866
2007,0,0.2,3500,0,0.83,"C",0.0434240175553917,-3.09234753579185
2007,1,0.2625,3000,1,0.65,"Missing",0.999023239333911,6.93029166610211
2007,0,0.1875,14000,1,0.25,"A",0.0463842042265825,-3.02330188541077
2007,0,0.2,3500,0,0.53,"B",0.046131997707043,-3.02901849683955
2007,0,0.1,1668,0,0.05,"AA",0.000705107436132305,-7.25645501894411
2007,0,0.225,19200,0,0,"AA",0.00137701011787197,-6.58646275243039
2007,1,0.3,2500,1,1,"D",0.94425644218798,2.82963593539225
2007,0,0.3125,15000,0,0,"C",0.00210878334049673,-6.15953310372442
2007,1,0.3625,5200,0,0,"Missing",0.99402677908947,5.11447784910772
2007,0,0.25,18000,0,0.71,"B",0.000454056606865592,-7.69683452324767
2007,0,0.1375,5000,0,0.18,"A",1.14307525126029e-07,-15.9843733173821
2007,1,0.325,3000,1,0,"Missing",0.942186809887679,2.79098661461844
2007,0,0.1875,1100,0,0,"Missing",0.0197072794213082,-3.90686314026983
2007,0,0.125,2550,0,0.02,"AA",3.95128974414282e-05,-10.1388439081698
2007,0,0.275,5000,0,0.55,"C",0.00523368157936719,-5.24739288841664
2007,0,0.3625,5500,0,0.99,"Missing",0.00462651761577133,-5.37131357562886
2007,0,0.275,15000,0,0.04,"D",0.225016478460306,-1.23666812947383
2007,0,0.25,5000,0,0.64,"D",0.397528455408369,-0.415773917890693
2007,0,0.1875,3000,0,0.46,"B",0.00194178015891643,-6.24220645110452
2007,0,0.2125,20000,0,0.56,"B",8.10465306299765e-07,-14.0256564915269
2007,1,0.35,3200,0,0.99,"Missing",0.99976856284876,8.37097074228328
2007,0,0.1625,9999,0,0.61,"B",5.86867129532699e-07,-14.3484668110134
2007,0,0.2,8500,0,0.56,"C",0.00226550980738298,-6.08768738489441
2007,0,0.35,6000,0,0.53,"D",0.205205735356118,-1.35407023156726
2007,0,0.1,2500,0,0.47,"AA",0.00901265210028438,-4.70007238818463
2007,1,0.25,5000,0,0,"D",0.999987109870762,11.2590358246386
2007,0,0.3625,25000,0,0.38,"B",0.000148007314445916,-8.81810084522091
2007,0,0.0875,2000,0,0.39,"C",1.76831931616245e-06,-13.2454792330466
2007,1,0.3625,5900,0,0.88,"Missing",0.430445155889404,-0.280035161019809
2007,0,0.25,19000,0,0.95,"C",0.000230585398523406,-8.3746586596462
2007,1,0.3125,15000,0,0.9,"D",0.990525847814308,4.64966869363942
2007,1,0.3125,2550,0,0,"Missing",0.978081064578871,3.79824166037115
2007,1,0.3,3000,0,0.92,"Missing",0.94012103089747,2.75368327990296
2007,0,0.225,5500,0,1.02,"C",0.000106430179797226,-9.14791494072163
2007,1,0.25,2000,0,0.77,"Missing",0.981991093559723,3.99871580085905
2007,1,0.35,4500,0,0.47,"Missing",0.985239446690706,4.20092639916751
2007,0,0.175,5000,1,0.39,"B",5.76490744340359e-06,-12.0637156943651
2007,1,0.3625,10000,0,0.78,"D",0.980085453598388,3.89618932575874
2007,1,0.2125,1000,0,0.89,"Missing",0.0650591810187102,-2.66518589920468
2007,0,0.3125,15000,0,0.79,"D",0.000872907663960806,-7.04280748750773
2007,0,0.2125,25000,0,0.06,"AA",0.00722082998457703,-4.9235383500118
2007,0,0.1875,15000,0,0,"AA",0.00750244736465664,-4.88499526409915
2007,0,0.15,1800,0,0.39,"B",2.53585142833206e-05,-10.5823706563182
2007,0,0.3375,6000,0,0.85,"Missing",0.288050481063529,-0.904871262281772
2007,0,0.1875,8000,0,0.54,"B",0.120425660250521,-1.98840545044805
2007,1,0.175,8000,0,0.21,"B",0.970748793147292,3.50214689264586
2007,0,0.3625,3000,0,1.34,"Missing",0.135647094202547,-1.85192452360334
2007,1,0.3625,10000,0,0.04,"B",0.194821701438184,-1.41897895309991
2007,0,0.325,25000,0,0.92,"C",0.201046714776119,-1.37976518462658
2007,0,0.2375,25000,0,0.72,"C",7.06883848351497e-05,-9.5571585957211
2007,0,0.3625,10500,0,0.76,"D",0.0658571810243482,-2.65214086416138
2007,0,0.2875,5000,0,0.97,"Missing",0.0152938462024716,-4.16489273714591
2007,0,0.2125,18000,0,0.22,"B",1.41651341197009e-05,-11.1647127911052
2007,0,0.3125,25000,0,0.57,"D",0.00626019096603283,-5.06726472045304
2007,0,0.2375,6000,0,0.49,"C",0.016767763940783,-4.07138711451262
2007,1,0.2625,25000,1,0.01,"B",0.994048283503034,5.11810611559131
2007,0,0.2125,5000,0,0.97,"D",0.00342920395006874,-5.67199203212169
2007,1,0.3375,2550,0,0.98,"Missing",0.925984205732213,2.52657867157491
2007,0,0.3125,14000,0,0.8,"D",0.01153902274676,-4.45041459159784
2007,0,0.1,3500,0,0.46,"AA",1.83589195365965e-06,-13.2079782803732
2007,1,0.3625,3500,0,0,"Missing",0.431419966935189,-0.27606006571498
2007,1,0.3625,3000,1,0.95,"Missing",0.999008026764977,6.91482196630075
2007,0,0.1875,11000,0,0.54,"B",3.92984614422598e-05,-10.1442858896737
2007,0,0.3125,7000,0,0.62,"D",8.38226885899904e-05,-9.3867230140224
2007,0,0.3125,8000,1,0.48,"D",0.000151441177386723,-8.79516182383909
2007,1,0.3125,15000,1,0.82,"D",0.88007503912228,1.9931409544015
2007,1,0.2875,1750,1,0,"Missing",0.99822946533168,6.33470160159656
2007,1,0.3625,2550,0,0.43,"Missing",0.72007698600871,0.944843515973672
2007,1,0.3625,3001,0,0,"Missing",0.987426269734775,4.36349209248474
2007,0,0.2875,5000,0,0.78,"D",0.0125556887484996,-4.3649462519083
2007,0,0.1625,1000,1,0.7,"C",0.229759422689749,-1.20967013092416
2007,1,0.3625,5000,1,1.02,"Missing",0.999770205195863,8.37809398196417
2007,0,0.3125,7900,0,0.68,"C",0.542215419700513,0.169264651023509
2007,0,0.2875,3000,1,0.7,"D",0.018060121842681,-3.9958237880924
2007,1,0.35,6000,0,0.68,"D",0.999003116237704,6.90987900128399
2007,0,0.25,25000,1,0.87,"C",0.000697535957509037,-7.26725871426433
2007,1,0.3375,3200,0,0.98,"Missing",0.927661351193734,2.55130819492957
2007,1,0.3625,5000,1,0,"Missing",0.801316436555888,1.39454249526212
2007,0,0.225,9999,0,0.92,"D",0.0145539215871545,-4.21523392794933
2007,0,0.225,9500,1,0.36,"A",1.77057084288336e-05,-10.9416057544109
2007,1,0.3625,3700,0,0.58,"D",0.873216569905597,1.92970324459206
2007,0,0.325,10000,0,0.97,"D",0.122002426558135,-1.97360289554142
2007,0,0.2375,13500,0,0.78,"B",0.00169062179315509,-6.38096684026417
2007,1,0.225,3001,0,1,"Missing",0.999913927225798,9.3602313314193
2007,0,0.0875,1850,1,0.31,"AA",5.89410022696526e-07,-14.3441431724628
2007,0,0.225,15000,0,0.65,"B",6.19996888839297e-06,-11.9909600839388
2007,0,0.1375,12000,0,0.41,"A",8.18698184340664e-08,-16.3181353494253
2007,1,0.25,5000,0,0.43,"D",0.99124275433497,4.72907802959094
2007,0,0.2375,6001,0,0.2,"C",0.873986794538753,1.93667855961021
2007,0,0.1625,25000,0,0.27,"AA",3.05324132940322e-05,-10.3966911748184
2007,0,0.1875,1800,1,1.02,"D",0.188339986621839,-1.46083278069501
2007,0,0.1875,5000,0,0,"C",0.000123854556915029,-8.99627874665485
2007,0,0.3625,3442,0,0.26,"Missing",0.317222504058496,-0.766565598680814
2007,1,0.3,5500,0,0,"D",0.957150273549065,3.1062611436299
2007,0,0.3625,2800,0,0.99,"C",4.23778748424023e-05,-10.0688417729035
2007,0,0.3625,2000,1,0.83,"Missing",0.116822098745238,-2.02287439990186
2007,0,0.1875,4400,0,0.8,"Missing",0.830886404208202,1.5919224342375
2007,1,0.25,2200,0,0.92,"Missing",0.997053954213669,5.82434102527754
2007,0,0.1375,15200,0,0.83,"A",0.000841879940177894,-7.07903090823095
2007,1,0.1375,13000,0,0.82,"A",0.303910360591911,-0.828745652843832
2007,0,0.2875,6001,1,0.92,"D",0.279270215722968,-0.948084459699718
2007,1,0.3625,2975,0,0.96,"Missing",0.994765508950151,5.24723742105029
2007,0,0.3125,10000,1,0.71,"D",0.203627201017789,-1.36377654060067
2007,0,0.275,12150,0,0,"D",0.00485820205302484,-5.3222168159769
2007,0,0.175,9000,0,0.14,"B",2.18045972310789e-05,-10.7333679234072
2007,0,0.125,10000,0,0.18,"AA",1.64352506622054e-06,-13.3186655487006
2007,1,0.3625,3999,0,0.94,"Missing",0.146157014213299,-1.76506583583778
2007,0,0.3625,2975,0,0.96,"Missing",0.067250210820891,-2.62971683272028
2007,1,0.3625,6000,0,0,"Missing",0.969940529815156,3.47405700123419
2007,0,0.3625,2000,0,0.28,"Missing",0.0180739217414213,-3.99504591722634
2007,0,0.3625,5900,0,0.88,"Missing",0.30773813918938,-0.810715071700433
2007,0,0.2375,6000,0,0.5,"B",5.72885559392714e-06,-12.0699890401404
2007,1,0.3625,4090,1,0.58,"Missing",0.97012335627229,3.48034620591404
2007,0,0.125,8300,0,0.05,"AA",1.07447520540593e-07,-16.0462631821481
2007,0,0.3625,12500,0,0.96,"D",0.200272638757183,-1.38459123910761
2007,0,0.3,2600,0,0.96,"Missing",0.000123065597757716,-9.00266995647948
2007,1,0.25,3000,1,1.03,"Missing",0.991553952746031,4.76557481042507
2007,0,0.225,15000,0,0.26,"B",0.0555393181959128,-2.83352285160036
2007,0,0.1375,8000,0,0.32,"A",3.40850251404678e-05,-10.2866183299622
2007,1,0.3375,1000,1,0,"Missing",0.98492077950467,4.17924354108619
2007,0,0.35,3500,0,0,"Missing",0.249301902897789,-1.1023389462807
2007,1,0.2375,4700,0,0.74,"D",0.30603841745328,-0.818705961108723
2007,0,0.3625,11700,0,0.56,"Missing",0.782069332736694,1.27776642527675
2007,1,0.3625,1500,1,1.29,"Missing",0.999907103655856,9.28393336485657
2007,0,0.2125,15000,1,0.41,"B",8.41338124296586e-07,-13.9882713661423
2007,1,0.3,3000,0,1.62,"Missing",0.999907129645229,9.28421319743669
2007,0,0.2125,6500,0,0.45,"B",0.000858668369006211,-7.05926873963595
2007,0,0.2625,13500,0,0.82,"C",0.0750938340470376,-2.51095383798955
2007,0,0.275,6001,0,0.69,"D",0.00245022858555381,-6.00912072324359
2007,0,0.1,1668,0,0.05,"AA",1.63834469753309e-08,-17.9269943262226
2007,0,0.2375,12500,0,0.02,"AA",0.000488098174154527,-7.62450577846541
2007,0,0.3625,5000,0,1.01,"Missing",0.0631803491381874,-2.69649746719944
2007,0,0.225,10000,0,0.66,"B",9.3990392155695e-07,-13.8774872381115
2007,0,0.175,25000,0,0.58,"AA",8.44360366365441e-12,-25.4976119240732
2007,0,0.1625,2000,1,0.54,"A",0.148597568109788,-1.7456431429276
2007,1,0.25,4000,0,0,"Missing",0.99971336323792,8.15700810330048
2007,0,0.15,18950,0,0,"AA",0.000509397502470782,-7.58177237102569
2007,1,0.3625,2800,0,0.97,"Missing",0.955797412600478,3.07376265326813
2007,1,0.2875,9500,0,0.53,"D",0.999012116750943,6.91895766464184
2007,1,0.3125,3000,0,0.62,"Missing",0.759979230322905,1.15256564446563
2007,0,0.25,1000,0,0.98,"Missing",0.197105143002724,-1.40448646045108
2007,0,0.3,9950,0,0,"D",0.0143529422704867,-4.22934337944135
2007,0,0.1125,1000,0,0,"A",1.0242777716603e-06,-13.7915217824664
2007,0,0.2,6000,1,0.55,"C",4.31372900774346e-05,-10.0510795976906
2007,1,0.2375,10000,1,0.81,"C",0.995958136027744,5.50699925975884
2007,1,0.3625,2550,0,1.7,"Missing",0.858620201993361,1.8038768124914
2007,0,0.1875,9999,0,0.83,"C",0.00288331441555668,-5.84592732863256
2007,0,0.2875,18000,0,0.58,"C",0.381519572867836,-0.483103391192402
2007,0,0.2625,5000,1,0.94,"C",6.81082845212438e-06,-11.8969899820559
2007,0,0.1125,2500,1,0.24,"AA",8.04010155414554e-07,-14.0336531327241
2007,0,0.1875,7500,1,0,"A",5.62661622077549e-05,-9.7853609622675
2007,0,0.0875,2500,1,0.06,"AA",8.59680497245902e-07,-13.9667041718771
2007,0,0.15,4000,0,0.43,"B",3.21995701624039e-10,-21.8564829191449
2007,0,0.2125,1000,1,0.76,"D",0.00205097513289378,-6.18738684308415
2007,0,0.1875,5000,0,0,"C",0.201251999310815,-1.37848765192607
2007,1,0.25,5000,0,0.7,"D",0.999709778981607,8.14457752972983
2007,1,0.225,3000,1,0.95,"D",0.956310573977553,3.08597662309753
2007,1,0.3625,4000,0,1,"Missing",0.849408701148812,1.72997092455921
2007,0,0.2875,15000,1,0.76,"B",0.00352317010734384,-5.64486470490341
2007,0,0.25,16950,0,0.55,"C",0.15093756395268,-1.72726645674929
2007,0,0.175,1000,0,0,"B",0.117502015200937,-2.01630102120762
2007,0,0.275,7300,0,0.74,"D",0.0563253957666535,-2.81863589504123
2007,0,0.2875,6001,0,0.88,"D",0.443571730735591,-0.226678739687762
2007,0,0.125,1000,0,0.53,"A",1.47296340207483e-08,-18.0334044378928
2007,0,0.1875,5000,0,5.95,"B",0.000844863039564068,-7.07549080696267
2007,1,0.3625,4000,0,0.77,"Missing",0.999642066864255,7.93480636346052
2007,1,0.3,4000,0,0.92,"D",0.999804383563583,8.53915913756135
2007,1,0.3625,6000,0,0.59,"Missing",0.998516572488893,6.5119154539743
2007,0,0.3625,10000,0,0.51,"D",0.441608123944022,-0.234638111325939
2007,0,0.2375,25000,0,0.66,"A",1.78005227450322e-06,-13.2388660463392
2007,1,0.3625,3950,0,0.78,"Missing",0.799124796752245,1.38083328887972
2007,1,0.3625,3000,0,0.61,"Missing",0.913524609657486,2.35745044667172
2007,0,0.3625,2100,0,0,"Missing",0.705142059430181,0.871905602287786
2007,0,0.225,4000,0,0.19,"D",0.303029086497604,-0.832914882959506
2007,1,0.3625,2610,0,1.39,"Missing",0.576371224623953,0.30789439833914
2007,1,0.3625,3000,0,0,"Missing",0.326313325298688,-0.724907088160129
2007,1,0.25,1500,0,0.41,"Missing",0.99950748050608,7.61548387575086
2007,0,0.3125,7500,0,0.54,"D",2.80214681477579e-05,-10.4825116001448
2007,0,0.35,2500,1,1.04,"Missing",0.263728221398149,-1.02668020648931
2007,1,0.3,2600,0,0.96,"Missing",0.859608519532269,1.81204226644059
2007,0,0.275,6001,0,0,"D",0.00525636810611765,-5.24304473343097
2007,1,0.3625,5000,0,0.32,"Missing",0.999544422057324,7.69348805960625
2007,0,0.2,20000,1,0.32,"A",0.000230004791049059,-8.37718038736374
2007,1,0.2875,15000,0,0.18,"D",0.840120605016576,1.65912570928758
2007,0,0.3125,10000,1,0.71,"D",0.388044191415585,-0.455540843171112
2007,0,0.3375,6000,0,0.95,"Missing",0.00176848228111642,-6.33586352063642
2007,0,0.1375,7500,0,0,"AA",0.0103309273103278,-4.56222856946818
2007,0,0.1875,8000,0,0.12,"B",0.00171685701625657,-6.36554164336114
2007,0,0.2875,8000,0,0.87,"D",0.00165236277216764,-6.40389530281863
2007,0,0.25,5000,0,0.95,"Missing",0.00249055409087146,-5.99275640612659
2007,0,0.1375,5000,0,0.18,"A",1.01725503632378e-06,-13.7984016819009
2007,0,0.25,5000,1,0,"C",0.227451989043367,-1.22275497799882
2007,0,0.3,1550,0,1.09,"Missing",0.000990208694454405,-6.9166041352972
2007,1,0.275,7000,0,0.07,"AA",0.315316827499952,-0.775378274434961
2007,0,0.3375,2000,1,0,"Missing",0.0734487350745579,-2.53488169512215
2007,1,0.3375,10000,1,0.79,"D",0.999887112427051,9.08900527023268
2007,1,0.3625,3000,0,0,"Missing",0.695314146998132,0.825082497863044
2007,0,0.3625,20000,0,0.61,"D",0.0414495448823864,-3.14094529916121
2007,0,0.35,10000,0,0.24,"C",0.0401622648097721,-3.1738363758729
2007,1,0.3625,7000,1,0.64,"Missing",0.98328763255603,4.07475267337246
2007,0,0.0875,2550,1,0,"A",0.00115016693456927,-6.76669735776255
2007,1,0.325,2600,0,0.36,"Missing",0.9961438364856,5.55421888026412
2007,0,0.225,7500,1,0.96,"D",0.0172467039112886,-4.04273707062733
2007,0,0.2375,15000,0,0.3,"AA",0.00150690825344814,-6.49618719666949
2007,0,0.325,3672,0,0.94,"Missing",0.00212866756124976,-6.15012811670827
2007,0,0.225,9900,0,0.55,"C",0.281630146881667,-0.936389877943763
2007,1,0.3625,3500,0,0.71,"Missing",0.999817162029136,8.60672734775241
2007,1,0.35,3500,0,0,"Missing",0.805930582845913,1.42378169785349
2007,1,0.3625,2000,0,1.23,"Missing",0.931797152629067,2.61462882931843
2007,0,0.2625,13500,0,0.82,"C",0.726801473803312,0.978454631230346
2007,1,0.3625,2550,0,1,"Missing",0.906601760557478,2.27283078503364
2007,0,0.1875,5000,0,0.74,"C",0.000166846931973026,-8.69826688001859
2007,0,0.175,8000,0,0.44,"A",4.40086448057838e-05,-10.0310804608723
2007,1,0.325,2864,0,0.71,"Missing",0.981582915948695,3.97588777406279
2007,1,0.25,13000,0,0.9,"C",0.264109519331193,-1.02471744114441
2007,1,0.325,2864,0,0.71,"Missing",0.999741936007156,8.262044872223
2007,1,0.3625,4500,1,1.52,"Missing",0.058568357851055,-2.77720715786714
2007,0,0.1625,25000,0,0.27,"AA",3.39963507639067e-05,-10.2892233726531
2007,1,0.3375,2550,0,0.98,"Missing",0.999867044339218,8.92536189840751
2007,0,0.175,25000,1,0.63,"AA",4.08914043537535e-08,-17.0123459175934
2007,1,0.1875,3500,0,0.56,"C",0.276847834542259,-0.960151642528809
2007,0,0.2,10000,0,0.11,"B",2.09860247416078e-06,-13.0742368246608
2007,1,0.2875,2400,0,0.91,"Missing",0.999131747323122,7.04815915344506
2007,0,0.3375,7000,0,0.71,"C",0.185297670023933,-1.48085924809416
2007,0,0.125,5000,0,0,"AA",4.42718857816816e-05,-10.0251164419795
2007,0,0.2125,2500,1,0.59,"C",4.95261688813806e-06,-12.2155895041779
2007,1,0.25,1000,0,0,"Missing",0.818429728579538,1.50574479008701
2007,1,0.3,1000,1,0,"Missing",0.767569611647459,1.19463839930186
2007,1,0.3625,3600,1,0,"Missing",0.998095074068086,6.26140540943346
2007,0,0.2125,5000,0,0.15,"B",1.98688946563409e-06,-13.1289382378204
2007,1,0.25,5000,0,0.72,"Missing",0.999951992686662,9.94410918898535
2007,0,0.1375,5000,1,0,"A",6.50340328703941e-06,-11.9431784320384
2007,0,0.3125,25000,0,0.57,"D",0.0168722814534807,-4.0650669142904
2007,0,0.25,17850,0,0.43,"C",0.0444286627495461,-3.06842460191838
2007,0,0.1875,2000,0,1.59,"Missing",0.25608905470709,-1.06639607654545
2007,1,0.175,9999,0,0,"A",0.353056962850769,-0.605628837360496
2007,0,0.3625,2500,0,1.09,"Missing",0.0669694070697625,-2.63420208594657
2007,0,0.1875,25000,0,0.01,"A",0.0212645378895903,-3.82922059623085
2007,1,0.3625,4000,1,0.16,"Missing",0.999969589813785,10.4007025221811
2007,0,0.2125,1500,0,0.77,"Missing",0.120684576545654,-1.98596334028119
2007,1,0.3625,5300,0,0.83,"Missing",0.999980027511346,10.8211348259864
2007,1,0.3625,3700,0,0.58,"D",0.947916423935171,2.90141667758047
2007,1,0.3375,1000,1,0.88,"Missing",0.880666763210072,1.99875941733021
2007,0,0.125,6500,0,0.67,"A",1.08533626728767e-05,-11.4310247488052
2007,1,0.325,1000,1,0,"Missing",0.999978440882932,10.7446902057361
2007,1,0.3625,6000,0,1.02,"Missing",0.998250684151908,6.34677966374486
2007,1,0.1875,4500,1,0,"C",0.574604661658679,0.300663314977379
2007,0,0.2125,10000,0,0.05,"B",0.00543851117892821,-5.20879658219614
2007,1,0.3,1550,0,1.09,"Missing",0.704254546852268,0.86764073427174
2007,1,0.3625,7000,0,0.12,"D",0.611702851315188,0.454475733896541
2007,0,0.25,4000,1,0.98,"B",1.8631883795118e-05,-10.8906176301886
2007,1,0.3625,6000,0,0.92,"Missing",0.769113095670722,1.2033100282001
2007,0,0.125,2000,0,0,"A",9.26053291944202e-05,-9.2870712576551
2007,1,0.3625,3999,0,0.96,"Missing",0.998935525090688,6.84420860244036
2007,1,0.3625,3500,0,0.71,"Missing",0.990523796062129,4.64945008256358
2007,1,0.25,5000,0,0.95,"Missing",0.99861151677661,6.57815388577352
2007,0,0.15,25000,0,0.06,"AA",0.000390861744062588,-7.84676571810606
2007,0,0.2125,3800,0,1.1,"D",0.0917625281086105,-2.29230185357156
2007,1,0.3625,3001,0,0,"Missing",0.999652133217263,7.96334303240284
2007,1,0.3625,2560,0,1,"Missing",0.278913909697064,-0.949855367372503
2007,0,0.225,13000,0,0.73,"C",0.000249324413554025,-8.29650628831372
2007,0,0.2625,1000,0,0.42,"D",0.000642188507087124,-7.34998627782887
2007,1,0.1875,2890,1,0,"D",0.911384386822759,2.33065668465275
2007,0,0.3625,3000,0,0.79,"Missing",0.0115132364938822,-4.45267787909139
2007,0,0.25,2000,0,0,"D",0.0309882289797701,-3.44266933736575
2007,1,0.2875,7000,0,0.52,"D",0.993349049232801,5.00632229512212
2007,0,0.1875,2000,0,0.62,"C",2.00000277292795e-06,-13.1223599909365
2007,0,0.2125,5600,0,1.09,"B",0.000663206757708017,-7.31776033787083
2007,1,0.3625,10000,0,0,"Missing",0.997106188016505,5.84228261342404
2007,1,0.1625,2500,1,0.9,"C",0.890776645778985,2.09869881097029
2007,0,0.275,5000,1,0,"D",0.110986427588715,-2.08070458259095
2007,0,0.1625,10000,0,0.28,"AA",0.0747448399584413,-2.51598936893498
2007,0,0.1875,12000,0,0.94,"B",0.00966840886712852,-4.62917607487353
2007,1,0.3625,2500,1,0.89,"Missing",0.993750445945856,5.06897600485329
2007,1,0.25,3000,0,0,"D",0.920800306135313,2.45327075640625
2007,0,0.2625,7000,0,0.78,"D",0.0255202462208859,-3.64243163613879
2007,1,0.1875,15000,1,0.72,"C",0.487545165978155,-0.0498296440844919
2007,1,0.3375,2800,0,0,"Missing",0.99996926990729,10.3902374343272
2007,1,0.2,25000,0,0.63,"A",0.998166344232164,6.29960827853796
2007,0,0.175,2000,0,0.5,"C",0.04975878903788,-2.94952874656243
2007,0,0.2125,15000,1,0.41,"B",7.69030222994964e-07,-14.0781347974986
2007,0,0.35,7500,1,0,"C",0.23227469292084,-1.19551130361687
2007,1,0.25,3000,1,0.47,"D",0.690586731150832,0.802863748299208
2007,1,0.25,5000,0,0.95,"Missing",0.99989372018655,9.14932890688308
2007,0,0.1625,9999,0,0.61,"B",1.88118301714429e-08,-17.7887798817641
2007,0,0.2125,6001,0,0.56,"B",0.0702060171661891,-2.5835290157961
2007,0,0.1125,5000,0,0.08,"A",2.0551643133406e-05,-10.7925491105342
2007,1,0.3625,4500,0,0.98,"Missing",0.999337411241926,7.31869322626004
2007,0,0.3625,5500,0,0.72,"D",0.0186953338075126,-3.96060901460127
2007,0,0.3125,3000,0,0,"Missing",0.106464094482809,-2.12737873173977
2007,0,0.35,5000,0,0.95,"C",0.000612682704741068,-7.39705049609975
2007,0,0.3,10000,0,0.97,"B",0.000927436425235806,-6.98215844329161
2007,1,0.3,18000,1,0.97,"C",0.989364310361102,4.53284733343237
2007,1,0.2625,5000,0,0,"D",0.64067449288104,0.578292833776468
2007,0,0.3625,3000,0,1.15,"Missing",0.000216176437969975,-8.43919944145329
2007,1,0.3125,7000,0,0.14,"D",0.999875673869974,8.99247803025147
2007,0,0.3625,9740,0,0.56,"D",0.216124000127894,-1.2883985267803
2007,0,0.175,9000,1,0.54,"B",0.000180952498011061,-8.61709503419831
2007,1,0.3625,2550,1,0.91,"Missing",0.998819899262683,6.7409746759364
2007,0,0.15,15000,0,0.09,"AA",1.02089629648858e-06,-13.7948285735739
2007,1,0.3125,4800,0,0.85,"Missing",0.463066512146266,-0.14800352957993
2007,1,0.2875,7200,0,1.12,"Missing",0.999610897875994,7.85127954137945
2007,1,0.3,3000,0,0.91,"Missing",0.999408034555681,7.43147015514187
2007,0,0.25,15000,1,0.8,"B",0.00395427491374337,-5.52899591491257
2007,1,0.2375,4041,0,0.91,"D",0.569079890298041,0.278098116410114
2007,0,0.1875,2500,0,0.56,"C",6.19532306785449e-07,-14.2943003679297
2007,0,0.275,25000,0,0.7,"C",0.00142594284930737,-6.55149507494442
2007,0,0.25,8500,0,0.48,"B",0.0438845985248705,-3.08131519094926
2007,0,0.1875,7000,0,0.95,"C",0.0440069039573969,-3.07840416158044
2007,1,0.3625,2500,1,1.04,"Missing",0.999262326464636,7.21127124949115
2007,0,0.2125,5600,0,0.84,"C",0.00879777929552913,-4.72441923387553
2007,0,0.125,9000,0,0.22,"AA",0.00112633271917397,-6.78766133768285
2007,0,0.25,15000,0,0.61,"B",0.00933059279947819,-4.66508233375643
2007,0,0.1125,2500,1,0.24,"AA",0.00108737699047746,-6.82289894498999
2007,0,0.1375,6000,0,0.1,"A",1.04926387966963e-06,-13.7674206573741
2007,0,0.125,3500,0,0.07,"AA",3.74488972716861e-05,-10.1924958441849
2007,0,0.3,25000,0,0,"A",0.0491842632020954,-2.96174656774348
2007,1,0.35,5000,0,0.56,"Missing",0.950415146600162,2.95321347346951
2007,1,0.35,6000,0,0.86,"Missing",0.978799070930538,3.83228137762675
2007,1,0.3625,5000,1,0.94,"Missing",0.985033399877301,4.18685448917667
2007,0,0.125,2000,1,0,"B",2.81168395674191e-05,-10.4791137710201
2007,0,0.3,4500,0,1.46,"Missing",0.418107133271206,-0.330548653623983
2007,0,0.1,1000,0,0.78,"A",2.46888951439722e-06,-12.9117396288403
2007,0,0.1875,2000,0,0.62,"C",0.0105446215709115,-4.54153874273376
2007,0,0.1875,3000,0,0.08,"AA",0.0180726455015981,-3.99511783167441
2007,0,0.2125,5000,0,0.46,"A",0.00190615721755615,-6.26075801530337
2007,1,0.2375,8500,0,0.79,"C",0.801091906882407,1.39313280625231
2007,0,0.3625,1300,0,0.55,"Missing",0.000695600921261208,-7.27003860810887
2007,0,0.35,23500,0,0.89,"D",0.206816873885328,-1.34422038874494
2007,1,0.3625,4000,1,0.92,"Missing",0.930499587196239,2.59438894027015
2007,1,0.25,1000,0,0.98,"Missing",0.156095210820946,-1.68757353235118
2007,0,0.3,3000,0,0,"Missing",0.000675244289574216,-7.29976054971555
2007,0,0.3125,10700,0,0,"Missing",0.280246307507868,-0.943240173564158
2007,0,0.25,5000,0,0.97,"C",0.000133684799417402,-8.91989207830101
2007,0,0.3625,10000,0,0.49,"D",0.778260594822552,1.25555858106028
2007,0,0.2875,13100,0,0.71,"D",0.877059450851037,1.96487388068482
2007,0,0.15,12000,1,0,"AA",0.000440150569431305,-7.72795343887305
2007,1,0.1625,20000,0,0.52,"A",0.852288054955698,1.75266050240069
2007,0,0.3625,5000,0,0,"Missing",0.794335023924592,1.35125680159425
2007,0,0.175,8000,0,0.92,"B",0.00183590588081709,-6.29837965804782
2007,1,0.3375,3000,0,0.98,"Missing",0.999707635606414,8.13721720332645
2007,1,0.2,2000,0,0.89,"C",0.969392220732161,3.45541509746355
2007,1,0.25,1990,1,1,"D",0.989910897407004,4.58615904628709
2007,0,0.2125,9000,0,0.94,"C",0.174686848144909,-1.55276796052661
2007,0,0.1875,15000,0,0.01,"AA",7.60313399112095e-05,-9.48428890119476
2007,0,0.225,9800,0,0.57,"C",0.000159145859654656,-8.7455302614149
2007,1,0.275,2500,1,0.74,"D",0.894868965268045,2.14146977809097
2007,1,0.3625,3600,1,0.69,"D",0.913125805763904,2.35241263606736
2007,0,0.3625,8000,0,0.8,"Missing",0.0134561462428248,-4.29477180696351
2007,1,0.3625,11700,0,0.56,"Missing",0.149562830737414,-1.73803395701628
2007,0,0.3625,3000,0,0.82,"Missing",0.00466306286101366,-5.36340881158214
2007,0,0.175,2690,1,0.69,"C",0.0327098515491466,-3.38682219740513
2007,0,0.1625,20000,0,0.52,"A",8.76228635752779e-05,-9.34238096765596
2007,0,0.1625,18000,0,0.53,"AA",0.0155513715262737,-4.14793288061419
2007,0,0.2375,6500,0,0.7,"C",0.000480581191102815,-7.64003367500261
2007,0,0.3,2600,0,0.96,"Missing",0.659578065301504,0.661414502953705
2007,0,0.175,9000,0,0.14,"B",1.04706690454749e-05,-11.4669221632081
2007,1,0.2625,15500,0,0.66,"A",0.516236940538161,0.0649706068937537
2007,0,0.225,15000,0,0.61,"A",0.00055175828549432,-7.50184858562552
2007,0,0.1875,4000,0,0.84,"Missing",0.437582070476777,-0.250980942497729
2007,1,0.2375,6000,1,0.61,"D",0.961296496743781,3.21235277141962
2007,0,0.1625,19000,0,0.08,"AA",0.000273846480689668,-8.20266901406728
2007,0,0.3125,12000,0,0.43,"C",0.000174325886047505,-8.65440976105412
2007,0,0.2875,1500,1,1.11,"Missing",0.439379524621234,-0.243680601737544
2007,1,0.35,5000,0,0.87,"Missing",0.704950813764691,0.870985957226265
2007,0,0.2875,25000,0,0.04,"AA",1.54363617463567e-08,-17.9865399428698
2007,0,0.325,1500,0,0,"Missing",0.447220629789197,-0.21190690124539
2007,1,0.3625,5000,0,0.89,"Missing",0.99368091341547,5.05784147251116
2007,1,0.2875,2000,0,0.9,"Missing",0.999938730318121,9.70016415179558
2007,0,0.325,3000,0,1.17,"Missing",0.697110028912949,0.833573651173906
2007,1,0.3625,2501,1,0,"Missing",0.999668694321952,8.01213774954462
2007,0,0.25,3000,1,0.62,"D",0.349223783376129,-0.622452900020674
2007,0,0.2125,4000,0,0.02,"AA",0.0184311348555679,-3.97511082809565
2007,0,0.2625,9975,0,0.62,"C",0.0312524948475015,-3.43390479722198
2007,0,0.2875,1000,0,0.92,"Missing",0.000234109645672902,-8.35948684404647
2007,1,0.3625,3500,1,0.95,"Missing",0.998081573324322,6.25432959940456
2007,1,0.325,17850,0,0.94,"C",0.326288470548238,-0.725020152374606
2007,0,0.1375,2593,0,1.01,"Missing",3.68589821492324e-05,-10.2083743604079
2007,0,0.125,3000,0,0.07,"AA",0.0678320847740368,-2.62047765524342
2007,0,0.25,4000,0,0,"Missing",0.00416224242959804,-5.47753037569356
2007,1,0.2125,1075,1,0.9,"Missing",0.842311050307849,1.67552494463297
2007,1,0.2875,6001,1,0.85,"Missing",0.801175583578825,1.39365802281222
2007,0,0.275,7000,0,0.75,"C",0.048640613559418,-2.97343304300517
2007,0,0.175,7500,0,0.67,"B",5.88808721351931e-05,-9.73993538896898
2007,0,0.225,13000,0,0.73,"C",0.0227531709072356,-3.76003474372085
2007,0,0.25,5000,0,0.77,"D",0.00262948615399835,-5.93833388126427
2007,0,0.2625,25000,0,0.07,"B",0.000508142933976571,-7.58423951178385
2007,0,0.125,3900,0,0.53,"A",2.12054455733644e-07,-15.3664225165364
2007,0,0.25,5000,1,0.72,"A",0.142898905088552,-1.79141845253962
2007,1,0.3125,2750,1,0,"Missing",0.901580568983462,2.21491115654518
2007,0,0.3625,25000,0,0.61,"A",0.0169131241904653,-4.06260759461684
2007,0,0.2875,7000,0,0.52,"D",0.0477515593072036,-2.99281424581786
2007,1,0.3625,10000,1,0.72,"Missing",0.879445054757376,1.98718546283225
2007,1,0.35,4000,0,0.53,"Missing",0.998710963131362,6.65257008453089
2007,1,0.325,2000,1,0,"Missing",0.922604696043314,2.47827475476007
2007,1,0.3625,5500,0,0.99,"Missing",0.786128713047643,1.30174616484949
2007,0,0.0875,1000,0,0,"AA",2.56047754021435e-07,-15.1779016146691
2007,1,0.25,7500,0,0,"D",0.996619426875893,5.68632372034388
2007,0,0.3625,3001,0,0.83,"Missing",0.0305022381150753,-3.45897810441169
2007,0,0.2125,11000,0,0.61,"C",0.00177718350634296,-6.33094670307344
2007,1,0.3625,23250,0,0.92,"C",0.999550549997043,7.70703638733056
2007,0,0.3625,8000,0,0.8,"D",0.000120890790360349,-9.0205020808263
2007,1,0.275,1100,1,0,"Missing",0.666497990995012,0.692388236012675
2007,1,0.1875,15000,0,0.16,"AA",0.201757863066751,-1.3753437004661
2007,1,0.3625,3000,1,0.75,"Missing",0.947507035885784,2.89315521892154
2007,0,0.3125,25000,0,0.47,"AA",0.0423303980334029,-3.11899737776749
2007,0,0.3625,5500,1,0.72,"C",0.00203055495274383,-6.19741352822843
2007,0,0.1875,14000,1,0.25,"A",0.0407276400054354,-3.15926806116068
2007,1,0.3625,2550,0,0.98,"Missing",0.99945750752293,7.51879370011942
2007,0,0.275,19000,0,0.75,"C",0.572020433228364,0.290099259914594
2007,1,0.3625,2500,0,0.89,"Missing",0.87201315418074,1.91887701726317
2007,0,0.25,7500,0,0.38,"C",0.0354016349621221,-3.3049538082257
2007,1,0.35,5000,0,0.56,"Missing",0.996117745547467,5.54744943965702
2007,1,0.3375,10000,0,0.45,"Missing",0.746005837276833,1.07742213959141
2007,0,0.2375,13000,0,0.82,"C",0.00359674080625266,-5.62412395054649
2007,1,0.3625,5000,0,0.83,"Missing",0.963080575264743,3.26139925126515
2007,1,0.2,4000,0,0.8,"C",0.63035624392664,0.533745405715199
2007,0,0.1625,2000,1,0.54,"A",0.0732534512574775,-2.53775475504995
2007,1,0.3625,5900,0,0.88,"Missing",0.999630150854124,7.90204543175494
2007,0,0.125,1500,1,0.79,"A",0.00136998343725282,-6.59158570608914
2007,0,0.1125,1000,1,0.05,"AA",5.83074421288356e-06,-12.0523600826919
2007,0,0.3625,2500,0,1.21,"Missing",0.0139898023475648,-4.25533803654086
2007,0,0.3125,10700,0,0,"Missing",0.0044459475311647,-5.41130640471979
2007,0,0.2125,1000,1,0.59,"D",0.88541957700233,2.04478467026951
2007,0,0.3625,6000,0,0.92,"Missing",0.222764987336558,-1.24962541893129
2007,0,0.25,7000,0,0.28,"C",2.27409244425732e-05,-10.6913216765775
2007,1,0.3625,5000,0,0.73,"Missing",0.98865965589935,4.46798350105926
2007,0,0.1625,5000,0,0.32,"B",1.63000235264167e-05,-11.0243277066578
2007,0,0.25,2000,0,0.77,"Missing",0.00169073244925217,-6.38090127866385
2007,0,0.1125,3000,0,0.71,"AA",7.37416607064734e-05,-9.51486889992453
2007,0,0.1875,7700,0,0.38,"C",4.81324476974411e-06,-12.2441342997183
2007,0,0.275,6500,1,0,"B",0.0793696274688681,-2.45094285345261
2007,1,0.3625,3000,0,0.36,"Missing",0.995624218967114,5.42728487052
2007,0,0.125,2000,0,0,"AA",0.00646949064858447,-5.03416739016905
2007,1,0.3625,4500,0,0.97,"D",0.938346715929619,2.7225930161118
2007,0,0.1375,23500,0,0.02,"AA",3.4734822587871e-05,-10.2677331059963
2007,0,0.25,5000,1,0,"C",0.000672621235884243,-7.30365533878129
2007,0,0.2875,5000,0,0.78,"D",0.00581435022366441,-5.14159492130506
2007,1,0.3625,20000,0,1.05,"C",0.973197545254802,3.59209361026984
2007,0,0.3625,3975,0,0.97,"Missing",0.655124553269411,0.641642047343588
2007,0,0.3625,10000,0,0.93,"D",0.00403364265507453,-5.50904362691323
2007,0,0.2125,10000,0,0.62,"B",0.000144490966625061,-8.84214906566492
2007,1,0.3125,6000,1,1,"Missing",0.999688701403992,8.0744466435611
2007,0,0.2625,12000,1,0.98,"C",0.817219558953608,1.49762213993414
2007,0,0.3,2500,1,0.83,"D",0.00313228293007405,-5.76285597086469
2007,1,0.3625,1500,0,0.51,"Missing",0.993770303200061,5.07217843278448
2007,1,0.1875,1000,1,1.75,"Missing",0.875455798436454,1.95008397769409
2007,1,0.3625,5108,0,0,"Missing",0.984710162612156,4.16515896202871
2007,0,0.3,1000,1,0.9,"D",0.000381217131664111,-7.8717601559743
2007,0,0.3,5000,0,0.67,"D",0.101092736317469,-2.18514159724972
2007,0,0.275,6500,1,0,"B",0.023732873020169,-3.71687511029719
2007,1,0.3,5000,0,0.9,"C",0.903336735334826,2.23486195067763
2007,1,0.1375,8000,0,0,"A",0.437323355195194,-0.252032255277393
2007,1,0.2375,25000,0,0.72,"C",0.671085172621729,0.713097228878175
2007,0,0.3625,3600,1,0.69,"D",0.047087070461876,-3.00752508403201
2007,0,0.1125,8000,0,0,"AA",0.0288373292365507,-3.51682328146117
2007,0,0.3625,2200,0,1.06,"Missing",0.000266272437291638,-8.2307242650793
2007,0,0.225,12000,1,0.68,"C",0.0520593836119309,-2.90190679981104
2007,0,0.2625,25000,0,0.07,"B",0.333748544550241,-0.691279311210849
2007,0,0.3,4500,0,1.46,"Missing",0.47412571559671,-0.103589671828762
2007,0,0.1875,2000,0,0,"B",4.44067872125948e-06,-12.3246988873657
2007,1,0.35,5200,1,0.92,"Missing",0.983468420769861,4.08581308380144
2007,0,0.1875,3800,0,0.2,"B",1.74362519377957e-08,-17.8647143359498
2007,0,0.175,7000,0,0.32,"A",1.40254304407848e-06,-13.4772221065114
2007,0,0.2125,3000,0,0.88,"D",0.00025942833096746,-8.256770612758
2007,1,0.2125,2400,0,0.77,"D",0.914056824013432,2.36420640669114
2007,0,0.15,3001,0,0.05,"AA",0.00158998797234574,-6.44243757399635
2007,1,0.1875,2000,1,0,"Missing",0.941907300644544,2.78586686334517
2007,0,0.3625,3442,0,0.26,"Missing",0.00376244431212294,-5.57891690967166
2007,1,0.25,6000,1,0.25,"C",0.429393014772101,-0.284328062706443
2007,0,0.15,4500,0,0.09,"AA",0.0481996499551354,-2.9830035377698
2007,1,0.2125,1000,1,0.71,"Missing",0.696980766728562,0.832961536377975
2007,0,0.3125,15000,0,0,"C",0.000239926177448503,-8.33493932093924
2007,1,0.2,6000,1,0.55,"C",0.881650694962377,2.00815547625731
2007,1,0.3625,2500,0,1.09,"Missing",0.957281269749104,3.1094597844355
2007,0,0.3625,13500,0,0.78,"D",0.00199081642023865,-6.21721766222421
2007,0,0.2125,1000,0,0.67,"D",0.390241481153605,-0.446297278091758
2007,1,0.3,1000,0,0,"Missing",0.48382809260447,-0.0647102008096462
2007,0,0.1875,6000,0,0.72,"B",5.4925344244931e-07,-14.4147053089023
2007,1,0.3,10000,0,0.68,"D",0.788690420354763,1.31704961391285
2007,0,0.25,5000,0,0.45,"D",0.00887724980338325,-4.715346589432
2007,0,0.1875,5000,0,0.53,"A",0.000940880890076311,-6.96775268062153
2007,0,0.0875,1000,0,0.12,"C",2.84667459627935e-05,-10.4667454931124
2007,1,0.3625,6000,0,0.59,"Missing",0.995739168613454,5.4540210419853
2007,0,0.1875,1500,1,0.64,"AA",0.070720166175507,-2.57567914584111
2007,0,0.125,3000,0,0.14,"AA",0.00195311325537114,-6.23637561523937
2007,0,0.3125,25000,0,0.18,"A",0.011573809655411,-4.44736921434285
2007,1,0.225,8000,0,0.35,"C",0.724497130195626,0.966879755418745
2007,0,0.2875,5000,0,0,"D",0.402542764369799,-0.394881370980923
2007,1,0.3,15000,0,0.86,"B",0.421329883294738,-0.31731647096025
2007,0,0.3625,5000,0,0,"Missing",0.372154795283564,-0.522983762705264
2007,1,0.3625,1200,1,1,"Missing",0.99999998294717,17.886949653278
2007,1,0.2875,7100,0,0.27,"A",0.91389653922808,2.36216776403241
2007,0,0.0875,5000,0,0.05,"AA",1.77829800125964e-05,-10.9372509540265
2007,0,0.225,15000,0,0.16,"B",0.00311283493787628,-5.76910372253198
2007,0,0.1125,5000,1,0,"AA",3.37015298303939e-05,-10.2979336239779
2007,1,0.3625,5000,0,0.82,"Missing",0.971615977958447,3.53313425931375
2007,0,0.275,5400,0,0.63,"D",0.00425272705895225,-5.45593304526967
2007,0,0.1125,2550,0,0.05,"A",7.63719664169779e-05,-9.47981848595976
2007,0,0.1125,4500,0,0.07,"AA",8.99613296243509e-07,-13.9212999371839
2007,0,0.1875,9800,0,0.94,"B",0.000131059110549667,-8.93973104326524
2007,1,0.3375,6000,0,0.95,"Missing",0.995337941781283,5.36362529101237
2007,1,0.3625,7500,0,0.86,"Missing",0.765792741593408,1.18470511777115
2007,1,0.3625,20000,0,0.61,"D",0.0403312773394056,-3.1694608637727
2007,0,0.1875,17000,1,0.58,"A",0.000188644738489146,-8.57545633973928
2007,0,0.15,9000,0,0.05,"AA",0.159301688511158,-1.66343305325295
2007,0,0.15,9000,0,0.43,"B",0.0221324536327266,-3.78832920618556
2007,1,0.225,8000,0,0.33,"C",0.241571214711012,-1.1440845909523
2007,1,0.2125,1500,0,0.77,"Missing",0.955794581343211,3.07369564127629
2007,0,0.1,1000,0,0.05,"AA",0.00330280121261822,-5.70967605077262
2007,0,0.25,5000,0,0.7,"D",3.74953603870958e-07,-14.7964631666874
2007,1,0.1875,9999,0,0.31,"B",0.312244700347313,-0.789645929163535
2007,0,0.25,8000,0,0.91,"D",0.0637179836945232,-2.68744988923862
2007,1,0.25,6500,0,0.9,"D",0.454530355394144,-0.182382456872843
2007,0,0.3625,16000,1,0,"D",0.580254391550741,0.323817779900717
2007,1,0.325,3000,1,0,"Missing",0.649581801563654,0.617201479730382
2007,0,0.225,14500,1,0.66,"B",0.00123043463790654,-6.69915661562043
2007,1,0.3,3000,0,0,"Missing",0.998204990587735,6.32094839108179
2007,0,0.25,21000,0,0.34,"AA",0.0539647007916904,-2.86394973875574
2007,1,0.3625,1000,1,0.67,"Missing",0.998625071001315,6.58797731143624
2007,0,0.3625,5500,0,1.13,"Missing",0.251753451830174,-1.08928229067181
2007,1,0.25,2000,0,1.44,"Missing",0.998704480526751,6.64754716723664
2007,1,0.3625,2550,1,1.32,"Missing",0.868713894743648,1.88963488469855
2007,0,0.1375,15200,0,0.83,"A",0.000500766503844721,-7.59886973378013
2007,1,0.1875,2000,1,0.49,"D",0.878903318983076,1.98208565863386
2007,1,0.25,25000,1,0.87,"C",0.885312790072611,2.04373250867253
2007,0,0.2625,20000,0,0.01,"B",0.628760682160472,0.526903794582542
2007,0,0.0875,3000,0,0.87,"C",2.12934260305527e-05,-10.7570908762976
2007,0,0.125,3000,0,0.14,"AA",0.00498932712531662,-5.29545240756314
2007,0,0.3,14900,0,0.93,"D",0.00178316396064314,-6.32758123090308
2007,0,0.25,2500,0,1,"C",0.00515219964372331,-5.26316602221833
2007,0,0.2125,15000,0,0.96,"B",0.006451245563113,-5.0370099114775
2007,0,0.2125,10000,0,0.05,"B",1.86263341919518e-05,-10.8909155352894
2007,0,0.1125,4000,0,0.32,"A",2.09592391129834e-06,-13.0755139980998
2007,0,0.1625,10000,0,0.28,"AA",3.30334415696814e-05,-10.317957094735
2007,0,0.2875,15000,0,0.77,"C",0.319984567425348,-0.753842725040315
2007,0,0.1125,3000,0,0.13,"A",1.05208702565539e-08,-18.3699048985304
2007,0,0.175,5000,0,0.29,"B",9.14218510664128e-05,-9.29993461129823
2007,0,0.1,1000,0,0,"AA",3.70959941702305e-08,-17.1097568099149
2007,0,0.3625,2100,0,0,"Missing",0.00879840359175806,-4.72434764589512
2007,0,0.3625,5100,0,0.81,"Missing",0.0622738248759984,-2.71191679115875
2007,0,0.3625,5000,0,0.9,"Missing",0.0157451515664215,-4.1353523750026
2007,0,0.1375,8000,1,0.17,"AA",0.043021880591303,-3.10207169022646
2007,1,0.3375,3000,0,0.98,"Missing",0.342547298869767,-0.65196307696245
2007,0,0.3125,15000,0,0,"C",0.00274342812449747,-5.89579980205812
2007,1,0.3625,8500,1,0.87,"Missing",0.998763371258306,6.69412896459691
2007,1,0.3625,12000,0,0.63,"D",0.986205187572581,4.26957182350475
2007,0,0.3625,5300,0,0.96,"Missing",0.00249001602434421,-5.99297301177657
2007,0,0.1375,14000,0,0.29,"AA",4.19866507862969e-06,-12.3807397229439
2007,0,0.125,10000,0,0.15,"AA",1.40951497127838e-06,-13.4722634952382
2007,1,0.2,20000,0,0.15,"AA",0.161309096700486,-1.64851984804023
2007,0,0.25,3300,0,0.55,"D",2.13180095301344e-07,-15.361128297459
2007,0,0.1375,6001,0,0.01,"A",2.13269364907645e-05,-10.7555183330688
2007,0,0.2875,4000,1,1,"Missing",0.0908965678281323,-2.3027366316677
2007,1,0.325,2550,1,0.51,"Missing",0.999465115456625,7.53292461348805
2007,1,0.25,10000,1,0.89,"D",0.994953585561269,5.28401810941656
2007,0,0.15,17000,0,0.19,"AA",3.77417663072299e-06,-12.487324535936
2007,1,0.3375,10000,1,0.79,"D",0.573068652751766,0.294382301343952
2007,1,0.3625,3500,0,0.83,"Missing",0.985938415120464,4.25014729072796
2007,1,0.3,4000,0,1,"Missing",0.928909018161586,2.57005030772847
2007,0,0.1375,8000,0,0,"A",0.000654179277935649,-7.33147472544212
2007,0,0.2125,25000,0,0.67,"A",0.0151074063667193,-4.17734748179668
2007,0,0.1875,2000,0,0,"C",0.000140476538027898,-8.87032958585421
2007,1,0.2875,15000,0,0.06,"D",0.952861457987373,3.00637855031622
2007,0,0.1875,5000,0,0.53,"A",0.00154019846066888,-6.47430261450987
2007,1,0.2,5000,1,0.69,"C",0.890652268120078,2.0974210747561
2007,1,0.2875,4900,0,1,"D",0.795114359905023,1.35603398296101
2007,1,0.2125,6500,1,0.33,"C",0.890587871758345,2.09676002945348
2007,0,0.1875,3800,0,0.2,"B",9.21589053686519e-07,-13.8971655029961
2007,0,0.3625,10000,0,0.04,"B",0.00380651814365338,-5.56722659936551
2007,1,0.3125,15000,0,0.79,"D",0.998063924467,6.24515432375959
2007,1,0.25,7000,0,0.59,"C",0.619872134569441,0.489005538108243
2007,1,0.225,2000,0,0,"D",0.995435127140751,5.38478929282016
2007,1,0.3625,2500,0,0,"Missing",0.53618632988588,0.144998832501166
2007,0,0.3,3000,0,0.67,"Missing",0.0057863809321823,-5.14644505082012
2007,0,0.1625,10000,0,0.53,"A",0.00206533370636642,-6.18039599503002
2007,0,0.2875,10000,0,0.88,"C",0.357615996139666,-0.58572648749841
2007,0,0.15,18950,0,0,"AA",0.0105669029807801,-4.53940539376363
2007,0,0.1875,7500,0,0.65,"B",0.000981257783608559,-6.92569361702698
2007,1,0.3375,1000,0,0,"Missing",0.983015831238021,4.05834356416208
2007,1,0.1875,4000,0,0.72,"C",0.999434432658426,7.47711545892015
2007,0,0.25,9999,0,0.9,"D",0.172650565078983,-1.56695744213413
2007,1,0.3625,6700,0,0.39,"Missing",0.317072761767927,-0.767257041362987
2007,0,0.225,8000,0,0.33,"C",2.3780192828642e-08,-17.5544128130785
2007,1,0.1875,15000,0,0.04,"AA",0.244911647090523,-1.12593724473955
2007,1,0.275,1500,1,1,"Missing",0.713056831278786,0.91027694674281
2007,0,0.0875,5000,0,0.33,"AA",7.19950162656063e-07,-14.1440831259148
2007,0,0.3625,4750,0,1,"Missing",0.0540545099676106,-2.86219196459837
2007,0,0.25,8000,0,0.92,"D",2.59205465098299e-05,-10.5604486813358
2007,1,0.3625,2500,1,1.01,"Missing",0.343613347066975,-0.647232991131829
2007,0,0.15,10000,0,0.81,"AA",0.0777452939666292,-2.47338341777075
2007,0,0.3625,5500,0,0.72,"D",0.00385118044274296,-5.55551695383954
2007,1,0.3,1000,0,0,"D",0.999976474127645,10.6573862650023
2007,0,0.2125,10000,0,0.05,"B",0.000211585922752299,-8.46066777951862
2007,0,0.2125,9000,0,0.99,"C",0.000852100035252445,-7.06695416248026
2007,0,0.0875,1000,0,0,"AA",0.000425067132003873,-7.76283828635904
2007,1,0.275,6001,1,0.22,"C",0.517358650720859,0.0694625193758118
2007,0,0.1,5000,0,0.13,"AA",4.63032653998348e-05,-9.9802517680273
2007,1,0.225,8000,0,0.35,"C",0.446492752159832,-0.214851679005102
2007,0,0.3125,4000,0,0.02,"Missing",0.00168132363012211,-6.38649118206394
2007,0,0.25,15000,0,0.65,"B",0.000486129625744109,-7.628549002164
2007,0,0.125,2300,0,0.62,"A",0.000125199927633934,-8.98547346953637
2007,0,0.1375,2500,1,0,"B",0.0125425553873874,-4.36600610844033
2007,0,0.1875,1000,0,0.87,"C",0.0185124630804404,-3.97062513035502
2007,0,0.175,14100,0,0.73,"B",0.000580936447624462,-7.45028808630606
2007,1,0.3625,4000,1,1.14,"Missing",0.993987181890486,5.10783076903138
2007,0,0.3,4000,0,0.99,"Missing",0.455105809590605,-0.180061689310147
2007,0,0.1125,4000,0,0.32,"A",4.60796577914093e-05,-9.98509288728643
2007,0,0.2375,6200,0,0,"C",0.182611236926824,-1.49875531912833
2007,0,0.1875,9900,0,0.72,"B",6.13604259888257e-07,-14.3039150308615
2007,0,0.2125,5000,0,0,"C",0.00112798319274283,-6.78619540622338
2007,1,0.3625,3000,0,1.15,"Missing",0.998408282840898,6.44134888593824
2007,0,0.1875,5000,0,0.7,"C",8.57138308026924e-05,-9.364410641615
2007,1,0.2875,5000,0,0,"D",0.459475319319088,-0.162455070404749
2007,0,0.3,5000,0,0.7,"B",0.023058861980331,-3.74637623930371
2007,0,0.2125,10000,0,0.05,"B",2.4861076356709e-06,-12.9047897829723
2007,1,0.1125,1025,1,0.76,"D",0.994787215052251,5.2514146082041
2007,1,0.2125,3500,0,0.76,"Missing",0.981900382801195,3.99359907122192
2007,0,0.225,3100,0,0.98,"C",4.84927761933897e-05,-9.93404722162835
2007,0,0.3625,3005,1,0.76,"Missing",0.491985368125538,-0.0320612735983317
2007,0,0.325,2500,1,0.91,"Missing",0.289670202405911,-0.89698632308335
2007,0,0.2125,3500,0,0,"B",8.71069469093829e-07,-13.9535432343471
2007,1,0.3625,3000,0,1.01,"Missing",0.999738813334725,8.25001399286374
2007,0,0.2125,6000,0,0.6,"C",1.40058616518913e-05,-11.1760206205944
2007,0,0.2125,15000,1,0.41,"B",3.4816646869601e-05,-10.2653801099859
2007,0,0.1375,6000,0,0,"A",0.00324059676460159,-5.72875192066313
2007,0,0.25,9000,0,0.65,"A",0.0902624731092463,-2.31043433205818
2007,0,0.3625,5000,0,0.46,"Missing",0.0489397534109392,-2.96698739191365
2007,1,0.3,18000,1,0.97,"C",0.311710868549969,-0.792132944065036
2007,1,0.35,2000,1,0.97,"Missing",0.831537127859734,1.59656056716944
2007,1,0.2875,10000,0,0.69,"A",0.731048933572016,0.999950944235645
2007,1,0.3625,2501,0,1.22,"Missing",0.999785777035616,8.44827894977315
2007,0,0.1625,7500,0,0.92,"B",0.298964858708606,-0.852231978927438
2007,0,0.3,14900,0,0.93,"D",0.0844201452336303,-2.38375152489246
2007,0,0.2,25000,1,0.66,"AA",0.00272813098195659,-5.90140666712646
2007,1,0.3375,7500,0,0.91,"Missing",0.729930605763341,0.994270527358899
2007,1,0.3,15000,1,0.81,"D",0.880105305391771,1.99342775294821
2007,0,0.1375,12000,0,0.02,"AA",0.178137961325168,-1.52901423109819
2007,0,0.1625,25000,0,0.1,"AA",1.22506330438261e-05,-11.3099206945536
2007,0,0.3625,5000,0,0,"Missing",0.333753381645993,-0.691257557890143
2007,1,0.35,6500,1,0,"Missing",0.999303454064937,7.26868002700826
2007,0,0.1875,7000,0,0.33,"A",3.14267498964584e-05,-10.3678196929431
2007,1,0.3625,1000,1,1,"Missing",0.999211441901797,7.14451560317076
2007,1,0.3625,4000,1,0,"Missing",0.999997131654792,12.7617724085498
2007,0,0.3125,9000,0,0.79,"D",0.0221883564436846,-3.7857493912162
2007,0,0.25,9999,0,0.9,"D",9.48322744780271e-05,-9.2633059217908
2007,1,0.3625,4200,0,1,"Missing",0.998979583612807,6.8865235748813
2007,0,0.2625,3500,0,1.03,"D",0.256186224748561,-1.06588608097381
2007,0,0.2125,1700,0,0.56,"Missing",0.0432723870834726,-3.09600400505199
2007,1,0.2125,1000,1,0.14,"D",0.42100711458683,-0.318640456987049
2007,0,0.1875,13000,0,0.26,"AA",0.00608335124061639,-5.09609761375476
2007,0,0.3125,4000,1,0.47,"C",0.0571994450879944,-2.80231056256065
2007,0,0.1375,10121,0,0,"AA",0.0141241148473915,-4.24564686015474
2007,0,0.2125,1500,1,0.56,"C",0.000129437951990891,-8.9521794805223
2007,0,0.3125,9000,0,0.56,"B",0.0321412974207169,-3.40494438092938
2007,0,0.1875,1500,1,0.64,"AA",3.31518876378793e-07,-14.9195807551036
2007,1,0.0625,1000,0,0.42,"D",0.797686247220148,1.37189562225902
2007,1,0.3625,25000,1,0.42,"D",0.719238966524194,0.940689769213414
2007,0,0.1875,25000,0,0.9,"B",0.00636760082701059,-5.05014455613416
2007,0,0.35,6000,0,0.86,"Missing",0.000276335789480996,-8.19361742920833
2007,1,0.3375,2000,1,0,"Missing",0.999205021511284,7.13640020724259
2007,0,0.0875,1000,0,0.12,"C",0.00192788457674175,-6.24940220608291
2007,0,0.25,9999,0,0.94,"D",0.00356816417570298,-5.63212950669611
2007,0,0.325,25000,0,0.69,"B",0.00125686318565398,-6.67787854355894
2007,0,0.225,4000,0,0.19,"D",9.52028294685414e-06,-11.5620764679662
2007,1,0.1875,10000,0,0.59,"B",0.929530458791178,2.57949899875967
2007,0,0.1625,2600,1,0.1,"C",0.0929035182182894,-2.27868730295084
2007,0,0.2125,11000,0,0.61,"C",0.234335760888679,-1.18398878100393
2007,0,0.3625,10000,0,0.04,"B",2.10956590492941e-06,-13.0690262543349
2007,0,0.1375,15152,0,0.6,"A",0.00387954912272803,-5.548149243488
2007,0,0.35,3500,0,0.93,"D",0.103181247715431,-2.1623666534058
2007,0,0.1875,1000,0,0.27,"A",0.000128869810395122,-8.95657900683818
2007,0,0.1375,14000,0,0.29,"AA",0.000223343960901784,-8.40657418034629
2007,0,0.1875,15000,0,0.16,"AA",6.64409455843884e-06,-11.9217754900427
2007,0,0.3125,9000,0,0.42,"C",0.0332560478599107,-3.36969703351491
2007,0,0.125,7500,1,1.02,"D",0.011742893763994,-4.43269462128773
2007,1,0.325,5000,0,0,"Missing",0.989369501593773,4.53334079515399
2007,0,0.25,15000,0,0.93,"D",0.429538428390217,-0.283734598083019
2007,1,0.325,2864,0,0.71,"Missing",0.532841249515962,0.131554399791948
2007,0,0.25,15000,0,0.61,"B",0.00173999761579336,-6.3521300228204
2007,0,0.2875,7500,1,0.81,"Missing",0.970176330142747,3.48217546988765
2007,1,0.2875,1600,1,1.46,"Missing",0.999968043212381,10.3510939973517
2007,1,0.225,19200,0,0,"AA",0.277479543058682,-0.956998521929701
2007,0,0.2375,2100,0,0.86,"D",0.00927195664846561,-4.67144563968696
2007,0,0.3625,5000,0,1.08,"Missing",0.00762742453048463,-4.86834837372027
2007,0,0.3625,1000,0,0,"Missing",0.0978518008656518,-2.22132470913639
2007,0,0.3625,15000,0,0.97,"D",0.01898841132216,-3.94475540995226
2007,0,0.25,25000,0,0,"B",0.00394337363672427,-5.53176749983678
2007,0,0.3125,4500,0,0.87,"D",0.036848214257046,-3.26340385929223
2007,1,0.3,15000,1,0.81,"D",0.999999543997029,14.6007660554258
2007,0,0.25,20000,1,0.2,"C",0.263610099188485,-1.0272886205492
2007,1,0.2875,8500,0,0.86,"D",0.973282517727632,3.59535627952195
2007,1,0.25,1000,0,0,"Missing",0.937350883559846,2.70550810952485
2007,0,0.25,3500,0,1,"D",0.00313540994106412,-5.76185501510851
2007,1,0.2875,8800,1,0.61,"C",0.777607203685738,1.25177634592391
2007,1,0.3625,9000,0,0.85,"Missing",0.998856634641581,6.77263527708679
2007,0,0.25,2000,0,1.03,"Missing",0.0916778374086114,-2.29331845607588
2007,0,0.3125,6500,0,0.64,"D",0.129741827725233,-1.90324338208249
2007,1,0.2125,2000,1,0.97,"Missing",0.999005500648999,6.91227611806477
2007,0,0.275,4000,0,0.47,"B",0.00117358248190155,-6.74651998638291
2007,0,0.3625,10000,0,0.49,"D",0.553093902030189,0.213179290973833
2007,0,0.1,2500,0,0.47,"AA",1.58595460500421e-05,-11.051723104813
2007,1,0.3625,5000,0,0.72,"Missing",0.973799413031599,3.6154235270975
2007,0,0.125,2000,0,0,"AA",1.03652449462221e-05,-11.4770418150048
2007,1,0.1125,2500,0,0,"AA",0.609366842987267,0.444651553570232
2007,1,0.3625,2550,0,0,"Missing",0.929111406515076,2.57311911366348
2007,0,0.2125,3500,0,0,"B",0.000292080717815335,-8.13818823963983
2007,1,0.25,1000,0,1,"Missing",0.976974794578688,3.74787134915091
2007,0,0.1125,2000,1,0.01,"AA",1.33316988143148e-05,-11.2253526571718
2007,1,0.3625,5000,1,0.42,"D",0.999884271230922,9.06414556684791
2007,0,0.275,5000,0,0.93,"D",0.000129821119782357,-8.94922322719523
2007,0,0.225,8000,0,0.33,"C",0.169412044003375,-1.58979995302283
2007,0,0.2125,1000,0,1.02,"D",0.0470387336672659,-3.00860287600687
2007,0,0.3,18000,1,0.97,"C",0.508008265981132,0.0320358034859869
2007,1,0.3625,5824,0,0,"Missing",0.999767906926546,8.36813996805807
2007,1,0.3625,10000,0,0.47,"Missing",0.999888689897633,9.10307922050083
2007,0,0.2125,5000,0,0.78,"C",0.000788743747600377,-7.14428001614324
2007,1,0.325,2200,0,0.98,"Missing",0.985687203105565,4.23218504122703
2007,0,0.3,14900,0,0.93,"D",0.0151347449706606,-4.17551174286153
2007,1,0.35,10000,0,0.87,"D",0.98456545212187,4.15559201293673
2007,1,0.25,20000,1,1,"C",0.295412733967705,-0.869238716414827
2007,0,0.2125,6500,1,0,"D",0.239119637028759,-1.15751213518683
2007,0,0.35,4000,0,0.53,"Missing",0.730210194618923,0.995689273308055
2007,1,0.35,3900,0,1.08,"Missing",0.999983522813205,11.0135172749445
2007,1,0.3625,3005,1,0.76,"Missing",0.999333562579329,7.31289765563226
2007,0,0.1125,3000,0,0.13,"A",0.000384325315350162,-7.86363678944877
2007,1,0.3625,2550,1,1.26,"Missing",0.233926560765518,-1.18627081560295
2007,0,0.2125,6500,1,0.33,"C",0.0251363779128453,-3.6579814703069
2007,1,0.35,3200,0,0.99,"Missing",0.998839347149212,6.75761130284429
2007,1,0.2375,6200,0,0,"C",0.997201381003835,5.87582665667506
2007,0,0.0875,3000,0,0.06,"AA",3.07549862639655e-07,-14.9946283003699
2007,0,0.1875,7500,0,0.98,"C",0.00156641385030548,-6.45739880214243
2007,0,0.25,19000,0,0.95,"C",0.00112134613111471,-6.79210343729098
2007,1,0.325,3000,1,0,"Missing",0.98783625995794,4.3970575567292
2007,0,0.3125,4500,0,0.87,"D",0.362178113823115,-0.565922951140993
2007,0,0.1875,9999,0,0.54,"C",0.000881429731264343,-7.03308345584309
2007,0,0.25,1500,0,0.74,"Missing",0.451943694903597,-0.192820424920695
2007,1,0.3625,6000,1,0,"D",0.2442212466194,-1.12967411620412
2007,0,0.2625,6000,0,0.76,"D",0.000666892503552475,-7.31221457415095
2007,0,0.0875,2000,0,0.39,"C",1.11927588817413e-06,-13.7028274908863
2007,0,0.3,15000,0,1.03,"D",0.223225519764167,-1.24696750417964
2007,0,0.125,6000,1,0.75,"A",4.5649824649838e-07,-14.5996805216069
2007,0,0.275,8500,0,0.93,"D",0.00911978938602331,-4.6881469395604
2007,1,0.25,3000,0,0,"D",0.985490518469075,4.21833717109813
2007,0,0.1375,5000,0,0,"AA",0.0370428523230627,-3.25793349865489
2007,0,0.1625,4250,1,0.99,"B",0.323330037276329,-0.73851006558944
2007,0,0.2375,21200,1,0.47,"B",0.000527915911463726,-7.54604549022431
2007,1,0.3625,2000,0,0.77,"Missing",0.934083231004845,2.65117267631327
2007,0,0.3625,2501,0,1.07,"Missing",0.352629933324247,-0.607498944701
2007,1,0.3625,2550,1,1.32,"Missing",0.999978862055432,10.7644196735768
2007,1,0.3,1000,1,0.9,"D",0.855146889514825,1.77555305696185
2007,0,0.1875,9990,0,0.2,"A",0.0040329139675039,-5.50922502735667
2007,0,0.35,2000,0,0.77,"Missing",0.023059180062931,-3.74636211943299
2007,0,0.2875,16000,1,0,"A",0.860549157911044,1.8198585884685
2007,1,0.175,22000,0,0.71,"A",0.998822614072065,6.74328053366328
2007,0,0.1875,6010,0,0.63,"B",0.0116331592164013,-4.44219435181737
2007,0,0.3125,9000,0,0.97,"D",0.000221568050098254,-8.41455919914288
2007,0,0.25,9500,1,0.65,"AA",0.0303744194581652,-3.46330920854938
2007,0,0.2875,14000,1,0.83,"C",0.16675150410017,-1.60882720723948
2007,0,0.2625,12000,1,0.98,"C",0.00948707621630523,-4.64829243964967
2007,0,0.3625,25000,0,0.44,"AA",0.000202558936882358,-8.5042770879761
2007,1,0.2125,7100,0,0.95,"D",0.264583891770011,-1.02227810050251
2007,1,0.3125,4500,1,0.2,"D",0.999830268755801,8.68112454270651
2007,0,0.1875,11000,0,0.54,"B",0.00111785039373567,-6.79522925352772
2007,0,0.1125,2000,0,0.02,"AA",2.22101927601515e-08,-17.6227144978873
2007,0,0.3625,2000,0,0.98,"Missing",0.0133355234861729,-4.30389862547868
2007,1,0.25,10000,1,0.89,"D",0.96012743143079,3.18137743380117
2007,1,0.35,9900,0,0.33,"D",0.763998524746877,1.17472780212644
2007,0,0.1,1000,0,0,"AA",0.00127505628155962,-6.66348908908883
2007,1,0.3625,2000,1,0.98,"Missing",0.999973163391421,10.5257167738236
2007,0,0.1125,3030,0,0.04,"AA",0.00137673882533664,-6.58666005915122
2007,0,0.3625,13200,0,0.98,"D",0.404343698343341,-0.387398570889703
2007,0,0.25,1000,1,0.42,"C",0.000730053126735382,-7.22166293037478
2007,0,0.3625,5001,1,0.3,"D",0.140545894015185,-1.81076334398811
2007,0,0.1875,2200,1,0,"C",0.0349193094591263,-3.3191717591473
2007,0,0.3,6001,0,0.74,"D",0.0602894900588258,-2.74641406535746
2007,1,0.3625,2500,1,1.01,"Missing",0.863706226253895,1.8464200379294
2007,1,0.3625,7000,0,0.12,"D",0.995621791664001,5.42672787323067
2007,1,0.3625,20000,0,0.04,"C",0.74791612110125,1.08752894922037
2007,1,0.3625,2550,1,0.76,"Missing",0.988516985700006,4.45533689965915
2007,1,0.1625,15000,0,0.45,"A",0.28295314191806,-0.929859883764924
2007,1,0.3625,4000,1,0.98,"Missing",0.994511017665767,5.19950830566254
2007,0,0.1875,15152,0,0.85,"B",0.00867963998689201,-4.73805769988015
2007,1,0.3625,3600,1,0.69,"D",0.854681403321611,1.771800221262
2007,0,0.325,5000,0,0,"Missing",0.000633310885657664,-7.36391561429271
2007,1,0.2875,10000,0,0.67,"D",0.828888325476351,1.57776902540443
2007,0,0.1375,12000,0,0.41,"A",0.251162696751022,-1.09242081792382
2007,1,0.15,25000,0,0.07,"AA",0.34934656263895,-0.62191270052813
2007,1,0.3625,4000,1,0.94,"D",0.593377648815491,0.37794617021966
2007,0,0.3625,12000,0,0.6,"B",0.0233449668997742,-3.73375209122086
2007,1,0.2875,3150,0,0.88,"Missing",0.769964022683606,1.20810807016348
2007,0,0.2125,9000,0,0.99,"C",3.10150775290478e-05,-10.3810060842563
2007,0,0.2125,6500,0,0.81,"C",0.0405033256904153,-3.16502476282176
2007,1,0.2125,1500,0,0.61,"D",0.965986553290133,3.34639397622944
2007,0,0.125,2550,0,0.02,"AA",2.86427595092434e-05,-10.4605812257639
2007,1,0.3125,5000,1,1.1,"Missing",0.99837391317323,6.41995145994367
2007,0,0.1125,2550,0,0.05,"A",2.05232184122621e-07,-15.3991236880133
2007,0,0.3625,3700,0,0.58,"D",0.0677923762466179,-2.6211058182593
2007,1,0.3625,1000,0,0.95,"Missing",0.969788935947664,3.46887023937785
2007,0,0.175,5000,0,0.68,"B",7.33364511815485e-05,-9.52037944593135
2007,0,0.2875,9600,0,0.94,"D",0.0019098973546345,-6.25879405586259
2007,0,0.3,2600,0,0.96,"Missing",0.00287619949410747,-5.84840513269705
2007,1,0.2625,10000,0,1.01,"D",0.981303088024508,3.96052299485465
2007,1,0.2125,7100,0,0.95,"D",0.715074021807492,0.92015664344516
2007,0,0.125,4000,1,0.43,"A",0.000262707408378712,-8.24420691883972
2007,0,0.2875,6001,0,1.2,"Missing",0.00304983651983773,-5.78961279310361
2007,0,0.2875,8000,0,0.75,"C",0.00993710853190209,-4.60149238165797
2007,1,0.2375,3001,0,0.48,"D",0.810939596259246,1.45612701026199
2007,0,0.25,1500,0,0.6,"Missing",0.23181854800214,-1.19807102589363
2007,0,0.1875,4200,0,0.3,"C",0.540000603948077,0.160345081428382
2007,0,0.275,12800,0,0,"A",3.03788141636986e-06,-12.7043471501195
2007,1,0.25,1500,0,0.41,"Missing",0.991234632824384,4.72814286139361
2007,0,0.1,1000,0,0.31,"AA",9.48686648125095e-07,-13.8681863358237
2007,0,0.125,4000,0,0.34,"A",0.0484453347547876,-2.97766109292643
2007,0,0.1,2500,0,0.06,"AA",0.640617146774931,0.578043739793626
2007,1,0.3625,3500,0,0,"Missing",0.998611309498051,6.57800440518332
2007,0,0.25,1990,1,1,"D",0.352717247345073,-0.607116483200265
2007,0,0.2125,4000,1,0.31,"D",0.00895697976968666,-4.70632485342963
2007,0,0.1125,1500,0,0.76,"A",0.00148986541131523,-6.50757851471657
2007,0,0.2875,5000,0,0.37,"D",0.00177466317484575,-6.33236839495679
2007,1,0.3625,2550,0,0,"Missing",0.998830521719183,6.75002738079898
2007,1,0.275,12150,0,0,"D",0.935970076977995,2.68223298561361
2007,1,0.3625,7400,0,0,"Missing",0.972751016917366,3.57511195492433
2007,1,0.2375,6001,0,0.05,"D",0.741894367411821,1.05583794128934
2007,0,0.2375,7400,1,0.87,"C",0.215079596648081,-1.29457413905537
2007,0,0.1375,4999,0,0.28,"A",0.187828186443967,-1.46418426775512
2007,0,0.2875,10000,0,1.02,"D",0.00145015514725854,-6.53463352252433
2007,1,0.1875,5000,0,0.64,"C",0.608269256597168,0.44004291547308
2007,1,0.3625,2400,0,0.87,"Missing",0.944873793389915,2.84142614446076
2007,0,0.175,8000,0,0.74,"B",0.000441129738497327,-7.72573030711453
2007,0,0.225,9200,0,0.71,"C",5.35791760217507e-06,-12.1369298074949
2007,1,0.3125,7000,0,1.02,"C",0.193510341264169,-1.42736012081735
2007,1,0.3625,5200,0,0,"Missing",0.989475035450784,4.5434245239486
2007,1,0.2,9800,0,0,"C",0.837556892327938,1.64016135869515
2007,0,0.2125,9000,0,1,"Missing",6.66174948495674e-06,-11.9191217607071
2007,1,0.3,1000,0,0.97,"Missing",0.991068667806877,4.70921825783659
2007,0,0.3625,2550,0,0,"Missing",0.222182099395569,-1.25299512267778
2007,0,0.1625,2500,1,0.77,"B",3.67333239301175e-06,-12.5144076255544
2007,0,0.3625,3800,0,0.73,"Missing",0.0610738131046039,-2.73265368436643
2007,0,0.1875,4000,0,0.72,"C",0.0127686806162525,-4.34790903242017
2007,1,0.3625,4200,0,1,"Missing",0.998166141659538,6.29949760696493
2007,0,0.125,2550,0,0.02,"AA",1.42253207622782e-05,-11.1604728035906
2007,1,0.3625,3001,0,0.83,"Missing",0.864628176809986,1.85427432281419
2007,0,0.3625,4500,1,1.32,"Missing",0.0158783819227513,-4.12679092842776
2007,0,0.15,7500,1,0,"B",0.000313683725914617,-8.06681158904063
2007,1,0.3625,5500,0,0.72,"D",0.837116850692166,1.63693059899046
2007,0,0.2875,10000,0,0.67,"D",0.00108801212852002,-6.82231437863035
2007,1,0.2875,19000,0,0.95,"C",0.802295146443626,1.40070127320497
2007,1,0.325,2200,0,0.97,"Missing",0.496745304558138,-0.0130189656501334
2007,0,0.25,12200,0,0.35,"C",0.000217230409053984,-8.43433472084466
2007,0,0.175,1000,0,0.6,"A",0.000728243428676879,-7.22414667688275
2007,1,0.25,5000,0,0.81,"C",0.228701257418187,-1.21565917355488
2007,1,0.25,3800,0,1,"Missing",0.994105576897725,5.127836748208
2007,1,0.2875,8000,0,0.87,"D",0.507148250815321,0.0285949515411338
2007,0,0.35,6500,1,0,"Missing",9.03296399571646e-05,-9.31195457895167
2007,1,0.3625,3000,1,0.61,"Missing",0.978646148673736,3.82493802219963
2007,0,0.1625,13000,0,0.81,"B",1.55271745331033e-09,-20.2832592438321
2007,1,0.3625,3500,1,0.95,"Missing",0.999996148325166,12.4669986308391
2007,0,0.25,7000,0,0.86,"D",0.0423180078902074,-3.11930305917786
2007,1,0.2625,12000,1,0.98,"C",0.39377835955496,-0.431457450697396
2007,1,0.2375,13500,0,0.78,"B",0.565369787346857,0.262984424234126
2007,0,0.1875,10200,0,0,"C",2.30188782988744e-06,-12.981778674204
2007,0,0.25,2000,0,0,"Missing",0.000141061620789725,-8.86617266460614
2007,0,0.1875,2000,0,0.5,"D",0.000699916079909854,-7.2638499548153
2007,0,0.325,2600,0,0.36,"Missing",0.111228281622012,-2.07825573719939
2007,0,0.1875,8575,0,0.9,"B",0.000637816866771354,-7.35682133814377
2007,1,0.2875,9500,0,0.53,"D",0.999469952542198,7.54201382442095
2007,0,0.1,3001,0,0.32,"AA",3.8318290674124e-09,-19.379923580626
2007,1,0.25,13000,0,0.8,"D",0.99982220188925,8.63468404672708
2007,0,0.1625,24250,0,0,"AA",5.10433892050796e-08,-16.7905897461502
2007,1,0.3625,1800,0,0.85,"Missing",0.729350003648154,0.991327271770392
2007,0,0.1125,5500,1,0.48,"A",0.0141424882739453,-4.24432821362692
2007,0,0.2625,3500,0,1.03,"D",1.50780590447254e-07,-15.7074399494378
2007,0,0.2125,10000,0,0.39,"A",0.000816572949635463,-7.10957739870001
2007,1,0.3625,25000,1,0.97,"D",0.999702492028647,8.11977198663741
2007,1,0.2125,4000,0,0.75,"B",0.826695964994571,1.56238951158303
2007,0,0.3625,4500,0,0.94,"Missing",0.00541226480222108,-5.21366067698343
2007,1,0.3625,5000,0,0.75,"Missing",0.999718084820593,8.17362235959133
2007,0,0.25,3000,1,0,"D",0.00772403990556785,-4.85566372318649
2007,0,0.15,6250,0,0.21,"AA",6.80887963261504e-08,-16.5024530872081
2007,1,0.3625,9000,1,0,"Missing",0.994797113353859,5.25332521436906
2007,1,0.3625,3000,0,0.65,"Missing",0.988902291124126,4.48985685167995
2007,1,0.3625,3500,0,0.9,"Missing",0.987947107942408,4.40632452592406
2007,0,0.2125,1100,0,0.29,"D",0.000196646997677958,-8.53390366020589
2007,0,0.3125,5000,0,1,"Missing",0.939413836580023,2.74118956205019
2007,1,0.275,2000,0,0,"Missing",0.999933113018527,9.61243931736104
2007,1,0.3625,7000,1,0.64,"Missing",0.990710168349894,4.66950159669282
2007,1,0.2375,3000,0,0.97,"C",0.844002132792045,1.68831268618536
2007,0,0.3625,6500,0,0.95,"Missing",0.0525345501466337,-2.89231942057988
2007,0,0.1875,5000,0,0.64,"C",0.000132822004451711,-8.92636780764943
2007,1,0.3625,20000,0,1.03,"C",0.406787414490599,-0.377262100473686
2007,0,0.25,5000,0,0.96,"C",0.000310083799100228,-8.07835784545169
2007,0,0.325,2864,0,0.71,"Missing",0.0146562348924746,-4.20812474553951
2007,0,0.1375,2500,1,0,"B",0.0967965345786143,-2.23333665582025
2007,0,0.2375,6001,0,0.05,"D",0.00021024662114745,-8.46701906115662
2007,0,0.1875,15000,0,0.63,"B",5.07217907866401e-05,-9.88910421807384
2007,0,0.1875,3500,0,0.32,"C",0.00948680134366972,-4.64832169095168
2007,0,0.2875,8100,0,0.93,"C",0.00206188720105664,-6.18206958272499
2007,1,0.2125,2400,0,0.77,"D",0.877910565490423,1.97279088089915
2007,1,0.35,4000,0,0,"Missing",0.884729920524733,2.03800453180118
2007,1,0.3,2550,0,0,"Missing",0.900573499558693,2.20361309994935
2007,0,0.1125,1500,0,0.29,"A",0.000101782211006054,-9.19257342626407
2007,0,0.3625,5500,1,0.89,"Missing",0.417137131276596,-0.334536922363708
2007,0,0.1625,24250,0,0,"AA",0.0213522725271357,-3.82501357327962
2007,0,0.125,2550,0,0.58,"A",0.0011583329733924,-6.75961439501437
2007,0,0.2125,4500,0,0.89,"D",0.420010693153964,-0.322729496054451
2007,0,0.3625,5300,0,0.83,"Missing",0.169615039908005,-1.58835800247608
2007,1,0.3625,2500,1,0.87,"Missing",0.999954981053315,10.0083820993931
2007,0,0.2875,8200,0,0.44,"C",0.000224527549316499,-8.40128759144665
2007,0,0.375,3000,0,1.03,"D",0.00544967708670245,-5.20673434146038
2007,0,0.175,1500,0,0.04,"AA",0.00337534201068091,-5.68787757196538
2007,0,0.3125,7000,0,1.02,"C",1.54649470884918e-05,-11.0769191081378
2007,1,0.25,5000,0,0.7,"D",0.967832920033944,3.40411590082822
2007,1,0.2,25000,0,0.92,"A",0.543344580641952,0.173814604778657
2007,0,0.225,14000,0,0.91,"C",0.000517931076012483,-7.56515031720009
2007,1,0.3375,6000,0,0.95,"Missing",0.99999997605466,17.5474920647068
2007,0,0.25,2500,0,1,"C",0.0190645491904337,-3.94067611091723
2007,0,0.1875,2000,1,0,"C",0.122648436235911,-1.96758576211347
2007,1,0.2875,1500,1,1.11,"Missing",0.997016868748488,5.8117941849246
2007,1,0.2875,1600,0,0.74,"Missing",0.995772562236391,5.4619228004535
2007,1,0.3625,5000,0,0.75,"Missing",0.941995641614475,2.78748249552821
2007,0,0.3,5000,1,0.47,"C",0.00533275995893682,-5.22853932901121
2007,1,0.3,1550,0,1.09,"Missing",0.999998475216319,13.3936564818154
2007,0,0.1375,4999,0,0.28,"A",0.000435810015621813,-7.7378682485575
2007,0,0.3625,8500,1,0,"B",0.000512525011428548,-7.57564838895785
2007,0,0.3,7000,0,1.14,"D",0.0444872760079425,-3.06704486429158
2007,1,0.1875,1500,1,0.42,"C",0.21158347199571,-1.31540695176962
2007,1,0.3625,7000,0,0,"C",0.485056467390005,-0.0597919374661804
2007,1,0.275,5000,0,0.86,"Missing",0.9858361638068,4.2427982091555
2007,0,0.15,7500,1,0,"B",0.000139960160967137,-8.87401277041528
2007,1,0.3625,7000,0,0.36,"Missing",0.999530560946603,7.66350253018846
2007,1,0.3,4500,1,0.71,"D",0.809645229960426,1.44770662219459
2007,0,0.1125,4800,0,0.12,"AA",0.00070192309155243,-7.2609845465784
2007,1,0.25,3000,1,0.47,"D",0.996217296906972,5.57352654533232
2007,0,0.2125,5000,1,0.28,"B",0.000988162937043818,-6.91867430628539
2007,1,0.225,2800,0,0.99,"C",0.96517544984601,3.32198729587223
2007,1,0.2875,25000,0,0,"B",0.418234328120845,-0.330025871977376
2007,0,0.2125,11300,0,0.27,"C",0.00622701310739391,-5.07261201634801
2007,1,0.2625,2550,0,0.24,"Missing",0.987450920337377,4.36547946538277
2007,0,0.2375,25000,0,0.85,"A",9.3144217502646e-08,-16.1891167259477
2007,0,0.1375,5000,1,0,"A",0.00180570236012604,-6.3149983090953
2007,0,0.2875,5300,0,0.45,"D",0.0028888367149506,-5.84400836121204
2007,0,0.125,4500,0,0.69,"A",1.28018231018009e-07,-15.8710930253225
2007,1,0.3625,7500,0,0.86,"Missing",0.969471074347805,3.45807602237599
2007,0,0.3125,4800,0,0.85,"Missing",0.000367175929412499,-7.90930220972043
2007,1,0.3625,1000,0,0,"Missing",0.993236109953185,4.98937023489632
2007,1,0.3625,3000,0,0,"Missing",0.975570608417683,3.68723555878591
2007,1,0.2875,9600,0,0.94,"D",0.992807620853272,4.92751489635933
2007,1,0.275,25000,0,0.73,"C",0.999989891530123,11.5021267753683
2007,1,0.3625,10000,0,0.78,"D",0.996960582326348,5.79304529054828
2007,1,0.325,2000,1,0,"Missing",0.994088419514042,5.12491293455579
2007,0,0.1,1000,0,0.33,"A",0.000900316293540106,-7.01186369729112
2007,0,0.225,9999,0,0.97,"C",0.000608478384045299,-7.40394050592931
2007,0,0.2375,3900,1,0,"C",0.0485770588433915,-2.97480731755741
2007,0,0.2375,6600,0,0.27,"C",0.00227145352473815,-6.08506129594934
2007,0,0.2625,2550,0,0.24,"Missing",0.000618094568547619,-7.38825080300591
2007,0,0.0625,1000,1,0.48,"D",0.0405573318285454,-3.16363598808787
2007,1,0.2375,6001,0,0.52,"C",0.831362809973555,1.59531669135099
2007,0,0.3625,3000,1,0,"Missing",3.13653248786634e-07,-14.9749774508042
2007,0,0.2375,5000,0,0.28,"B",5.12807371799314e-07,-14.4833650430521
2007,0,0.1875,2000,0,0.54,"C",4.95781874806213e-05,-9.91191001007927
2007,1,0.3625,6000,1,0,"Missing",0.98328143346185,4.07437550912557
2007,0,0.1125,3500,0,0.1,"AA",1.17450343205372e-06,-13.6546639362073
2007,0,0.25,12000,0,0.95,"C",0.114477315288057,-2.04580139125317
2007,0,0.125,3000,0,0.07,"AA",8.07181853836213e-06,-11.7271236836958
2007,0,0.1875,7000,0,0,"A",2.8369169153812e-07,-15.0753774979522
2007,0,0.1125,2500,0,0,"AA",0.000389698779797262,-7.84974670202595
2007,1,0.3625,20000,0,0.03,"D",0.5048990916022,0.0195969935573538
2007,1,0.3,25000,0,0,"A",0.989337153268636,4.53026974567521
2007,1,0.25,2500,0,0.8,"Missing",0.975010702545734,3.6640008165305
2007,0,0.3625,15000,0,0,"AA",0.0634836709520172,-2.69138423551409
2007,1,0.25,3000,0,0,"D",0.902008939842398,2.21974817951909
2007,0,0.2125,1500,1,0.56,"C",0.000430890993917589,-7.74922443033898
2007,1,0.3,1550,0,1.09,"Missing",0.987732318654785,4.38844345705766
2007,0,0.1875,12000,0,0.43,"A",0.000386301570368654,-7.85850584694313
2007,0,0.1625,25000,0,0.11,"AA",0.00052079535670172,-7.55963245179526
2007,0,0.2875,1525,0,0.56,"D",0.028461726062979,-3.53032042522872
2007,1,0.3625,2600,1,0,"Missing",0.999993767000902,11.9856467118136
2007,1,0.3625,2500,1,0.87,"Missing",0.899213468473822,2.18851572641405
2007,0,0.1875,2000,1,0,"C",0.000697177192624964,-7.26777353733542
2007,0,0.1625,25000,1,0.11,"AA",0.00226756858035939,-6.08677698810377
2007,0,0.2,5000,0,0.94,"B",0.335172541983558,-0.684882095431281
2007,0,0.1875,3500,0,0.3,"C",8.32858045874421e-07,-13.9984017895591
2007,1,0.3625,5000,0,0.71,"Missing",0.943276891428505,2.81117818148678
2007,0,0.1875,11000,0,0.54,"B",0.000251969512059767,-8.2859504604001
2007,1,0.2375,13000,0,0.82,"C",0.998660058347683,6.61378836883751
2007,0,0.2875,3150,0,0.88,"Missing",0.421267135341524,-0.317573839252706
2007,0,0.1625,24250,0,0,"AA",8.88140493177724e-10,-20.8418911715246
2007,0,0.2875,3500,1,0.96,"C",0.00711169146332595,-4.93887806418034
2007,1,0.2875,6001,1,0.92,"D",0.999522653610799,7.64679068745254
2007,1,0.3625,6000,0,0,"Missing",0.687188591342293,0.787008288179743
2007,0,0.2125,5000,0,0.78,"C",0.00490169915836413,-5.31325961507454
2007,1,0.1875,1500,1,0.85,"D",0.945850726151421,2.86034019847649
2007,0,0.1375,20000,0,0.01,"AA",0.0115792298795357,-4.4468955221997
2007,0,0.1875,8400,0,0.48,"B",5.66809239347956e-08,-16.6858280646797
2007,1,0.3625,25000,0,0.95,"C",0.998291741898706,6.37057136302471
2007,0,0.1875,2000,0,0.62,"C",0.0927788280576436,-2.28016780254778
2007,0,0.3,10000,0,0.57,"D",0.000942023163766803,-6.96653822655781
2007,0,0.2875,3890,0,0.97,"Missing",0.00817135713486312,-4.79891534626133
2007,0,0.3,7500,1,0.94,"C",0.000232932967055562,-8.36452688073108
2007,0,0.2125,6300,0,0.41,"C",9.22011620199404e-07,-13.896707088204
2007,0,0.1125,3600,0,0.23,"AA",6.91296458657154e-05,-9.57945775871421
2007,0,0.2875,3500,0,0.92,"Missing",0.133039043906812,-1.8743512940757
2007,1,0.3625,2100,1,1.14,"Missing",0.999861818771616,8.88680629442614
2007,1,0.3625,2000,0,1.26,"Missing",0.981956050430117,3.99673612748919
2007,1,0.325,3600,0,0.53,"Missing",0.999150755206321,7.07031347582857
2007,0,0.1875,2000,0,1.59,"Missing",0.0207849027595047,-3.85252443527672
2007,0,0.35,12839,0,0.45,"C",0.00157854646732414,-6.44967101906905
2007,0,0.2125,7000,0,0.67,"B",8.51925593404565e-05,-9.37051126343899
2007,0,0.25,5000,0,0,"C",3.96446094374801e-06,-12.4381367013087
2007,0,0.125,3000,1,0.32,"A",5.98996472674698e-05,-9.72278004010887
2007,0,0.1,2500,1,0.24,"AA",2.79663526298218e-05,-10.484480495448
2007,0,0.2875,8200,0,0.44,"C",0.885645403856397,2.04701253580544
2007,0,0.15,2000,0,0.01,"AA",9.78468030438647e-05,-9.23200968507513
2007,0,0.25,1750,0,0.96,"Missing",0.136075028798776,-1.84827951018664
2007,1,0.3625,7500,0,0.86,"Missing",0.999967091556762,10.3217483907622
2007,0,0.3625,7000,0,0,"C",0.0188812318832875,-3.95052511400953
2007,0,0.125,3000,0,0,"A",0.0168975841272121,-4.06354264111474
2007,0,0.3625,1500,1,0.94,"Missing",0.0173190991287668,-4.0384745613881
2007,0,0.15,7500,0,0.81,"A",0.00560329724853119,-5.17878100552362
2007,0,0.275,15000,0,0.04,"D",0.545778175601801,0.183626942691319
2007,0,0.2125,1000,0,1.02,"D",0.130445551076718,-1.89702504622389
2007,0,0.275,4500,1,0.68,"D",0.00551570957083423,-5.19462399530609
2007,0,0.25,24000,0,0.76,"C",0.357265042942136,-0.58725451831006
2007,1,0.2125,2000,1,0.97,"Missing",0.999847340454947,8.78714764053539
2007,0,0.3625,3000,1,0.98,"Missing",0.169311667689163,-1.59051346912831
2007,0,0.1875,15000,0,0.62,"B",0.0729639392677433,-2.54202712881043
2007,0,0.1875,1700,0,0.83,"D",0.00193591502069305,-6.24523739403511
2007,1,0.35,3200,0,0.99,"Missing",0.881567612725006,2.00735947457839
2007,1,0.35,6215,1,0.91,"Missing",0.613113818148071,0.460420046647201
2007,0,0.0875,3000,1,0.01,"AA",3.48762555544229e-07,-14.8688741541357
2007,0,0.175,5000,0,0.68,"B",6.82352950728648e-06,-11.8951268733625
2007,1,0.225,5000,1,0,"D",0.517274687260786,0.0691262622049778
2007,0,0.2125,5000,1,0.28,"B",0.439081691931097,-0.24488979433715
2007,1,0.3625,2000,0,0,"Missing",0.992493137387367,4.88440248087737
2007,1,0.3375,2800,0,0,"Missing",0.62003782359862,0.48970877000201
2007,0,0.175,3500,0,0.65,"B",1.14655704030212e-06,-13.6787458376475
2007,0,0.1375,6100,0,0.76,"B",8.6965224750675e-05,-9.34991526572027
2007,0,0.25,9000,0,0,"C",0.0158532938713072,-4.12839768357628
2007,1,0.1875,8500,0,0.22,"B",0.461420591387912,-0.154624975522515
2007,0,0.1875,9500,0,0.94,"B",2.5557742125074e-08,-17.4823255220459
2007,0,0.1875,5000,0,0.74,"C",0.00778412577767255,-4.8478541955122
2007,0,0.1375,20000,1,0.87,"AA",0.000583628282935184,-7.44566248095243
2007,0,0.3625,6000,1,0,"Missing",0.00622169892856202,-5.07347113553317
2007,0,0.1875,15000,0,0.63,"B",0.0142824948099689,-4.23433515942704
2007,0,0.3625,3000,1,0.95,"Missing",0.890931613046884,2.10029258275773
2007,0,0.2125,3500,0,0.76,"Missing",0.212847231051261,-1.30784766187426
2007,1,0.3375,3500,1,1.09,"Missing",0.999958866912648,10.0986565813422
2007,0,0.2125,8000,0,0.8,"C",0.00234977283040379,-6.05108408553308
2007,0,0.125,3000,0,0.2,"AA",5.37752048912687e-05,-9.8306442960085
2007,1,0.35,5000,0,0.96,"Missing",0.998000271045498,6.21274189927304
2007,0,0.25,3000,0,0.98,"D",0.0810248278293146,-2.42850348173721
2007,1,0.2875,7500,1,0.81,"Missing",0.401826785610474,-0.397859253981259
2007,0,0.175,8000,0,0.74,"B",0.00157354319929183,-6.45285060504931
2007,1,0.275,5000,0,0.47,"D",0.489285293827495,-0.0428653870373144
2007,0,0.2,9000,0,0.97,"C",0.024540232959504,-3.68259498349923
2007,1,0.275,9000,0,0.99,"C",0.998326358140158,6.39107822858758
2007,0,0.3625,4500,0,0.94,"Missing",0.0130516270304305,-4.32570492838515
2007,0,0.325,10000,0,0.97,"D",0.00151671725644887,-6.4896891107069
2007,0,0.15,15000,0,0.55,"A",2.63440958902161e-08,-17.4520216256087
2007,1,0.2875,7500,1,0.81,"Missing",0.998744419441026,6.67890084711069
2007,0,0.1625,9999,0,0.61,"B",3.73674821377928e-06,-12.4972910495399
2007,1,0.3625,6000,0,0.84,"Missing",0.999638133106312,7.92387217836642
2007,0,0.25,5000,0,0,"B",0.000285287692037145,-8.16172711270469
2007,1,0.3625,4669,1,0,"Missing",0.997486169712318,5.98343068271697
2007,1,0.3625,18000,0,0.93,"D",0.956650840050081,3.09415115172617
2007,0,0.0875,1000,0,0,"AA",9.4961605837426e-05,-9.26194293101873
2007,0,0.225,15000,0,0.61,"A",0.0162894106163939,-4.10081649605222
2007,1,0.2875,5000,0,0,"D",0.270354408455517,-0.992825203048486
2007,0,0.3625,2000,0,0.77,"Missing",0.0422626018865857,-3.12067104685573
2007,0,0.35,9900,0,0.33,"D",0.0313839047958842,-3.42957317142957
2007,1,0.25,5000,0,0.97,"C",0.938618747332544,2.72730491949859
2007,0,0.1875,7000,0,0,"A",5.63903498300933e-05,-9.78315612446341
2007,0,0.3625,13500,0,0.78,"D",0.725614838373112,0.972486529703568
2007,1,0.2125,6500,0,0.79,"C",0.683296030736467,0.768960706144964
2007,1,0.2875,1300,0,0.43,"D",0.968262619539281,3.41800817113392
2007,0,0.25,3000,1,1.03,"Missing",1.22746786785002e-05,-11.3079597867766
2007,1,0.225,5000,0,0.66,"C",0.787185578997549,1.30804350316736
2007,0,0.175,8000,0,0.74,"B",0.00088111048672078,-7.03344603041884
2007,1,0.3625,2975,0,0.96,"Missing",0.999874115882126,8.98002288156568
2007,1,0.3625,6000,1,0,"Missing",0.96865372901882,3.43081188719736
2007,0,0.125,3500,1,0.21,"AA",2.12218973986443e-05,-10.7604557910715
2007,0,0.225,10000,0,0.97,"C",0.000286607352910082,-8.15711073881389
2007,0,0.1875,15152,0,0.85,"B",0.000121751080986494,-9.01341015880857
2007,0,0.1875,4000,0,0.84,"Missing",0.0094176136693822,-4.65571130865916
2007,0,0.2375,25000,0,0.72,"C",0.104427544226314,-2.14896965496175
2007,0,0.2125,25000,0,0.34,"AA",0.000276497632091005,-8.19303176504011
2007,1,0.3,2000,0,1.02,"Missing",0.999281653880488,7.23784044021504
2007,0,0.225,7500,0,0.9,"B",3.69060357469424e-07,-14.8123052668438
2007,0,0.1625,3500,1,0.71,"C",0.243338430463234,-1.13446289312551
2007,1,0.3625,5000,0,0.6,"Missing",0.664829565676494,0.684891553965953
2007,0,0.1875,5000,1,0.6,"D",0.0107506723161035,-4.52197810699232
2007,0,0.2375,12500,0,0.88,"C",0.0126288556575082,-4.35906167436809
2007,1,0.3625,2000,1,0,"Missing",0.997701595720452,6.07323913866766
2007,1,0.3625,23800,0,0.5,"C",0.941915758003642,2.78602143672967
2007,1,0.3,5500,0,0,"D",0.707946476171895,0.885431405956806
2007,0,0.1875,19300,0,0.39,"A",5.57136950864056e-06,-12.0978640905743
2007,0,0.125,1000,0,0.53,"A",0.000874894826084257,-7.04053159982202
2007,1,0.3625,5000,0,0.97,"Missing",0.872390912967601,1.92226603478008
2007,1,0.2875,1000,1,0.93,"Missing",0.999385765158205,7.39451880088837
2007,0,0.225,15000,0,0.16,"B",0.000137853654807118,-8.88918004476049
2007,1,0.3625,2600,0,0.98,"Missing",0.999437566276614,7.48267466397123
2007,0,0.125,3000,0,0.2,"AA",3.25523185607327e-05,-10.3326294082536
2007,1,0.25,2018,0,0,"Missing",0.963954608564505,3.28626518951937
2007,0,0.3,4000,0,0.63,"D",0.000583171353131051,-7.44644615715824
2007,0,0.125,6000,1,0.75,"A",2.87416691808854e-05,-10.4571338582508
2007,1,0.3625,5000,0,0.83,"Missing",0.997333233118214,5.92421811696778
2007,0,0.125,2750,0,0.37,"AA",7.92872937873625e-05,-9.44235338139199
2007,1,0.2875,3500,0,0.92,"Missing",0.996917243943732,5.77884374111205
2007,0,0.1875,5000,0,0.83,"C",0.0542588910357514,-2.85820199337466
2007,0,0.3625,1000,1,0.67,"Missing",0.87134678196883,1.91291948768419
2007,1,0.15,4500,0,0.09,"AA",0.278452478811384,-0.952150828304477
2007,0,0.2875,7100,0,0.27,"A",0.105947744261851,-2.1328182311776
2007,0,0.1875,2000,1,0,"C",0.0138120157694888,-4.26830806855752
2007,1,0.1875,2550,0,0.98,"Missing",0.998628898307846,6.5907686649324
2007,1,0.3125,8500,0,0.87,"C",0.99865798475682,6.61223996539059
2007,0,0.3625,12000,0,0.6,"B",8.5822258389941e-05,-9.36314633737886
2007,1,0.3625,2000,0,1.23,"Missing",0.727671535728312,0.982840832214004
2007,0,0.2875,6001,0,0.24,"D",0.00678054536360718,-4.98689410544822
2007,1,0.2125,3600,1,0.76,"D",0.947205875258007,2.88711655617951
2007,1,0.2125,12000,0,0.91,"D",0.99962547361203,7.88947369908048
2007,1,0.1875,2500,1,0.9,"C",0.964023225944321,3.28824182249604
2007,1,0.2625,5000,0,0,"D",0.969213809192032,3.44941899782247
2007,1,0.1125,1000,1,0.05,"AA",0.989062638029975,4.50457303260828
2007,1,0.3625,5000,0,0.32,"Missing",0.999998318165211,13.2956235421037
2007,1,0.3,7000,0,1.14,"D",0.999357177082933,7.34899824318068
2007,0,0.1875,25000,0,0.31,"B",0.000903544938898669,-7.00828075710581
2007,0,0.1375,8000,0,0,"A",8.76360429048602e-05,-9.34223055607494
2007,1,0.2875,1400,0,0,"Missing",0.99987011636019,8.94874169463733
2007,0,0.2125,5000,0,0.03,"C",0.000395197517779055,-7.83572959740483
2007,0,0.2375,7000,0,0.83,"C",0.031694611803204,-3.41940082942287
2007,0,0.0875,1850,1,0.31,"AA",7.28083357659081e-07,-14.132849564942
2007,1,0.3375,2550,0,0.98,"Missing",0.967517811621505,3.39404194547018
2007,1,0.2125,1700,0,0.8,"Missing",0.997758045267557,6.09816267356376
2007,0,0.2125,2000,0,0.53,"A",0.0234043190906637,-3.73115214718317
2007,0,0.125,1000,0,0.2,"A",1.30082385173266e-08,-18.157682935098
2007,1,0.0625,1000,1,0.48,"D",0.447970856204447,-0.208872664430604
2007,0,0.3625,5001,1,0.3,"D",0.03788342460132,-3.23462195275879
2007,1,0.3625,2000,0,0.77,"Missing",0.979680534837129,3.8756472320209
2007,0,0.275,20000,1,0.77,"B",0.00725599074460187,-4.91864539823745
2007,0,0.125,5000,1,0.06,"AA",0.0951737696210288,-2.25203853999125
2007,0,0.2625,25000,0,0.07,"A",6.86032919912288e-05,-9.58710143052819
2007,1,0.1875,1500,1,0.85,"D",0.85882362273914,1.80555356109837
2007,0,0.1875,5000,0,0.41,"B",2.38486694112522e-05,-10.643758283117
2007,1,0.25,8000,0,0.84,"D",0.997422333807433,5.95828987185511
2007,0,0.25,25000,1,0.87,"C",0.00242350168981182,-6.0201153622948
2007,1,0.3125,9000,0,0.86,"Missing",0.946966123403709,2.88233242958026
2007,0,0.2125,3000,0,0,"Missing",1.66084258402491e-07,-15.6107704305432
2007,0,0.1875,17500,0,0.55,"B",2.58743457149015e-05,-10.5622327183986
2007,0,0.1875,15000,0,0,"AA",0.0749323423124525,-2.51328127438723
2007,0,0.1375,6001,0,0.01,"A",0.0478775792437449,-2.99004629916272
2007,1,0.3,1000,0,0,"D",0.985043657971125,4.1875505371424
2007,0,0.1125,2000,1,0.01,"AA",0.0147850396781867,-4.19924401421246
2007,0,0.2125,20000,0,0.56,"B",0.0205484166030817,-3.86420891921779
2007,0,0.1125,5000,0,0.02,"AA",0.000111385885313262,-9.10239854916286
2007,0,0.2875,3500,0,0.92,"Missing",0.0241948326776782,-3.69712385819348
2007,0,0.1875,5000,0,0.64,"C",0.00468326319977074,-5.35906588308369
2007,0,0.1875,13000,0,0.26,"AA",0.00314211712319247,-5.75971139926854
2007,0,0.2625,10000,0,0.72,"A",4.87139419847942e-07,-14.5347149846401
2007,0,0.3,3500,0,0,"C",0.730388097928442,0.996592508655905
2007,0,0.3625,8500,1,0,"B",0.00437194452893347,-5.42816586712442
2007,0,0.2125,25000,0,0.89,"B",3.53967897431026e-06,-12.5514709804686
2007,0,0.25,5000,0,0,"C",0.00254731611800744,-5.97016441077599
2007,1,0.2625,6250,0,0,"C",0.752279564917897,1.11080718430782
2007,0,0.3625,7100,1,1.12,"Missing",0.0128858227378367,-4.33865801941994
2007,0,0.125,10000,0,0.12,"A",0.0232948967859583,-3.73595045287434
2007,0,0.1875,7500,0,0.65,"B",3.44355516495011e-09,-19.4867614176053
2007,0,0.1625,10000,0,0.78,"B",0.230388560303584,-1.20611848758249
2007,1,0.3625,3001,0,0.92,"Missing",0.98998821063041,4.59392969905097
2007,0,0.1875,1000,1,0.73,"C",0.0924387888048414,-2.28421433139742
2007,0,0.2,3400,0,0.49,"C",0.00806518358198533,-4.81210092175137
2007,0,0.1875,9000,0,0.3,"B",1.75396857518344e-05,-10.9510269474281
2007,1,0.2125,5000,0,0.93,"C",0.999089610331895,7.00072703907469
2007,0,0.2375,13000,0,0.82,"C",2.04378121591051e-05,-10.7981033975624
2007,0,0.3375,3500,1,1.09,"Missing",0.0048927539057474,-5.31509520049451
2007,0,0.1375,1600,0,0.9,"B",0.0307999795156937,-3.44895698517322
2007,1,0.3625,7000,1,0.91,"D",0.955184488001836,3.05935017352814
2007,1,0.25,4000,0,0.48,"D",0.971949444900458,3.54529537027062
2007,0,0.3125,3001,0,1.02,"D",0.0293384695455022,-3.49907822058277
2007,0,0.1125,5000,0,0,"A",1.01924247476989e-05,-11.4938555929089
2007,1,0.3625,2100,0,1,"Missing",0.971353955349379,3.52367555242905
2007,1,0.3625,5000,1,1.02,"Missing",0.898796305842046,2.18392117047842
2007,1,0.3375,15000,1,0.75,"C",0.984590989447489,4.15727387666957
2007,0,0.125,10000,0,0.18,"AA",0.524113020276748,0.0965269601324046
2007,1,0.3625,10000,0,1.13,"Missing",0.988659814333931,4.46799763228822
2007,0,0.1875,9500,0,0.94,"B",0.00030979949204858,-8.07927542210381
2007,1,0.3125,4000,0,0.45,"D",0.999335716015444,7.31613630761674
2007,0,0.1875,3000,0,0,"C",0.628097167091418,0.524062260872085
2007,0,0.3625,5000,0,1,"Missing",0.0374463445698178,-3.24668071359302
2007,0,0.1875,11000,0,0.65,"B",7.2094501615929e-05,-9.53746068000883
2007,0,0.1875,1500,0,0.8,"C",5.88711556586338e-05,-9.74010043153962
2007,1,0.25,2550,0,0,"AA",0.675404891909413,0.732733766516743
2007,0,0.1125,5000,0,0.02,"AA",0.00490777219433749,-5.31201531352521
2007,0,0.2375,7000,0,1,"C",0.00356675831530267,-5.63252499626979
2007,1,0.2875,10000,1,0.64,"C",0.944622765589878,2.83661707987166
2007,0,0.3625,5000,1,0.97,"Missing",0.271274223387539,-0.988167293793791
2007,0,0.1125,1500,0,0.03,"AA",1.44218313905871e-05,-11.1467530087282
2007,0,0.2625,13500,0,0.82,"C",0.833833662573954,1.61304461776797
2007,1,0.1875,3000,0,0,"C",0.742463779996561,1.058813717918
2007,0,0.1875,5000,0,0.73,"B",0.161530890976507,-1.64688134005729
2007,0,0.1,3000,0,0.03,"AA",1.60652257476761e-06,-13.3414369998224
2007,0,0.2625,2500,1,0.38,"A",0.00395896626169783,-5.52780550910599
2007,0,0.1875,7500,0,0.98,"C",0.00569898565029034,-5.16175178923513
2007,1,0.3625,4000,0,1,"Missing",0.859530425915268,1.81139531298332
2007,1,0.175,4575,0,0.6,"C",0.180319241484245,-1.51418610178638
2007,1,0.25,1500,0,0.74,"Missing",0.977934750123196,3.79143898290868
2007,1,0.2375,1100,1,1,"Missing",0.999957572884047,10.0676804449266
2007,0,0.1875,2000,0,0.87,"D",0.00818850744456777,-4.79680142150492
2007,0,0.1875,6500,0,1.05,"C",0.0001615014588978,-8.73083486741779
2007,0,0.35,3200,0,0.99,"Missing",0.0122123500085837,-4.3930200099899
2007,1,0.2125,12000,0,0.91,"D",0.201158702899472,-1.37906813595003
2007,1,0.3625,7000,1,1.02,"Missing",0.998943706929474,6.85193275195363
2007,1,0.35,1000,0,0,"Missing",0.999838373093359,8.73005828427797
2007,0,0.0875,3000,0,0.06,"AA",0.00045905478874722,-7.68588182937821
2007,0,0.1,2750,0,0.01,"AA",0.00740516215582985,-4.89814521686532
2007,0,0.3625,5000,0,0.93,"Missing",0.640407189102163,0.57713189655933
2007,0,0.1875,5000,0,0.53,"A",6.3561723252381e-06,-11.9660778412499
2007,0,0.2125,4600,0,0.88,"B",6.87672677385754e-06,-11.8873609020918
2007,0,0.35,3001,0,0,"Missing",0.276106742131182,-0.963856409831455
2007,1,0.25,1000,1,0.9,"D",0.740964240107339,1.05098624391462
2007,0,0.1875,4000,0,0.64,"B",1.91362602491864e-06,-13.1665087596763
2007,1,0.35,4000,0,0,"Missing",0.999563685540398,7.73671092729089
2007,0,0.1875,9999,0,0.54,"C",0.00334545104460088,-5.69680269347884
2007,0,0.25,5000,0,0.97,"C",0.271167504275909,-0.988707206042062
2007,1,0.3625,5000,0,0.72,"Missing",0.764939079892071,1.17995148147703
2007,0,0.2125,3800,0,0.7,"C",0.155092313857633,-1.69520686130955
2007,0,0.3,7100,0,0.9,"D",0.00682304110067668,-4.9806035728545
2007,1,0.3625,3001,0,0.84,"Missing",0.994412600460187,5.18163823121014
2007,0,0.175,8000,0,0.21,"B",4.44280474713915e-05,-10.0215951591239
2007,1,0.3625,12000,0,0.92,"C",0.502506126547621,0.0100245901392393
2007,0,0.3375,1700,1,0,"Missing",0.219181375015973,-1.27044330506263
2007,1,0.3375,14000,1,0.65,"D",0.95225374238925,2.99293084618877
2007,0,0.2875,6001,0,0.61,"D",0.926307423081829,2.53130409603796
2007,0,0.275,25000,1,0.69,"AA",9.45027407558041e-05,-9.2667872139718
2007,0,0.3625,2700,0,0.47,"Missing",3.24828464854754e-05,-10.3347659250371
2007,1,0.3625,15000,0,0.98,"Missing",0.815887156038561,1.48872720420553
2007,1,0.3625,7400,0,0,"Missing",0.993995372897494,5.10920219584343
2007,0,0.2875,16000,1,0,"A",0.000872404116512843,-7.04338502015837
2007,0,0.0875,1000,0,0.02,"AA",7.27208896505655e-08,-16.4366370805125
2007,0,0.2,15000,0,0,"B",0.0122988209668159,-4.38587680020184
2007,0,0.2125,3000,0,0.91,"D",0.0153995516622249,-4.15789752652091
2007,0,0.3625,4000,0,1,"Missing",0.0023426937489119,-6.05410839480823
2007,0,0.1,2500,1,0.24,"AA",0.310930809248189,-0.795771278837105
2007,1,0.25,2850,0,0.7,"C",0.291345473436038,-0.888858382227824
2007,1,0.2125,2000,1,0.97,"Missing",0.99978413550131,8.44064378020603
2007,1,0.1375,2593,0,1.01,"Missing",0.12309867594435,-1.96340819351479
2007,1,0.3125,7000,0,0.14,"D",0.990848584818067,4.6846532003416
2007,0,0.2,2000,1,0,"C",0.00133638689154377,-6.61644837565889
2007,1,0.1875,1700,0,0.83,"D",0.731414039665802,1.00180868820421
2007,0,0.3,12000,0,0.9,"D",0.0212533937792788,-3.82975618995738
2007,1,0.3625,3001,1,0,"Missing",0.999340758232614,7.32376076149392
2007,1,0.25,5000,0,0.95,"Missing",0.998606614155835,6.57462427711506
2007,0,0.2125,8000,0,0.8,"C",0.000639388457406739,-7.35435878077403
2007,0,0.3625,3442,0,0.26,"Missing",0.0130633803227243,-4.32479290167089
2007,1,0.3625,20000,1,0.87,"D",0.680002547391918,0.75378350916538
2007,0,0.1,3000,0,0,"AA",0.000120768062182388,-9.02151791797182
2007,0,0.1875,25000,1,0.37,"AA",0.00911529397279037,-4.68864452736876
2007,1,0.2125,1600,0,0.98,"C",0.13631077204264,-1.84627564679545
2007,1,0.3125,9000,0,0.86,"Missing",0.930222016566374,2.59010474872233
2007,0,0.125,5000,0,0.09,"AA",0.0144901995285,-4.21968654489193
2007,1,0.3625,3000,0,0.94,"Missing",0.999920860481621,9.44421906505352
2007,0,0.3625,1800,0,0.73,"Missing",0.00420380503517717,-5.46755253720602
2007,1,0.2375,2750,0,0,"C",0.931127776387133,2.60414355810795
2007,1,0.3625,3700,0,0.58,"D",0.977933111729259,3.79136305807593
2007,0,0.225,3002,1,0.8,"D",0.00194122630651963,-6.24249227591758
2007,0,0.1875,6088,0,0.69,"B",4.71519853090115e-07,-14.5673041580037
2007,0,0.25,9999,0,0.94,"D",0.0188396862378166,-3.95277024996597
2007,1,0.2375,21200,1,0.47,"B",0.0424800694977928,-3.11531152303966
2007,0,0.1625,5000,0,0.69,"A",0.000849119001313417,-7.07046173532137
2007,0,0.125,3500,0,0.07,"AA",2.3630019422676e-05,-10.6529690145173
2007,0,0.1875,25000,0,0,"A",4.28499533223823e-05,-10.0577631513756
2007,0,0.1875,1250,0,0.74,"C",0.00362825007102077,-5.61536997290465
2007,1,0.25,25000,1,0.87,"C",0.724116508143678,0.964973656649966
2007,0,0.2125,18000,0,0.22,"B",0.00314573887294348,-5.7585557835593
2007,1,0.3125,3000,0,0,"Missing",0.835816148844162,1.62742182769158
2007,0,0.2125,2400,0,0.86,"D",4.86856029226719e-06,-12.2327074238754
2007,0,0.1375,1253,0,0.73,"A",1.31946383396565e-05,-11.2356868025523
2007,1,0.3625,4000,0,1,"Missing",0.927926441710177,2.55526522383771
2007,0,0.1875,14500,1,0,"A",0.00238502925293006,-6.03615601137196
2007,0,0.175,25000,0,0,"AA",0.230605575915105,-1.20489495562322
2007,0,0.3375,1700,0,0.95,"Missing",0.662668350039089,0.675208067913221
2007,1,0.3625,10000,0,0.47,"Missing",0.936064697858215,2.68381292771523
2007,0,0.3625,3500,0,0,"Missing",0.0202333913687036,-3.87998011114529
2007,1,0.225,7500,0,0.58,"C",0.146196268824472,-1.76475131844218
2007,1,0.3625,3500,0,0.83,"Missing",0.950404352177692,2.9529844435464
2007,0,0.175,2690,1,0.69,"C",0.0498680887410312,-2.94721953491238
2007,0,0.25,3000,0,0.62,"C",0.000859424971769955,-7.05838723534211
2007,0,0.275,15000,0,0,"C",0.167875256138987,-1.60076118149339
2007,0,0.3625,3500,0,1.01,"Missing",0.0738996622108424,-2.5282743278714
2007,0,0.1875,3500,1,0.89,"C",0.00102979605966862,-6.87736417000303
2007,0,0.175,22000,0,0.77,"B",3.76386851897417e-05,-10.1874405356607
2007,0,0.1875,5000,0,0.67,"C",0.00157683632357213,-6.45075668529436
2007,0,0.1875,10000,0,0.08,"B",1.63311910070531e-06,-13.3250171798315
2007,0,0.175,2000,0,0.98,"B",2.62646220303127e-06,-12.8498701608123
2007,0,0.3625,22000,0,0.83,"D",0.00475620126158578,-5.34353843566308
2007,0,0.1,3500,0,0.46,"AA",0.00310417215507626,-5.77189921577666
2007,1,0.35,3500,0,0,"Missing",0.984836927203672,4.17361302060193
2007,1,0.25,1990,1,1,"D",0.997122744960086,5.84803714817913
2007,0,0.1375,3000,0,0.26,"A",0.000461851910296463,-7.67980430015372
2007,0,0.1375,3000,0,0.89,"B",0.00128964673789509,-6.65209646565642
2007,0,0.1125,5500,1,0.48,"A",0.0477745898476921,-2.99230787712741
2007,0,0.2125,9000,0,0.99,"C",4.7205394838645e-05,-9.96095516796625
2007,1,0.3625,2501,0,1.22,"Missing",0.932226803991826,2.62140935933612
2007,0,0.1375,25000,1,0.09,"AA",0.00885688034101085,-4.71766434670399
2007,0,0.225,10000,0,0.27,"C",0.00482513464301385,-5.32907982610534
2007,1,0.3,25000,0,0.97,"C",0.232491779681129,-1.19429432172501
2007,0,0.1875,15000,0,0.04,"AA",0.0883607499714953,-2.33381648644397
2007,0,0.3625,10000,0,0.51,"D",0.243687249629322,-1.13256934228244
2007,0,0.2875,9600,0,0.94,"D",0.384505423403608,-0.470468240279832
2007,0,0.3625,8500,1,0,"B",1.27885152589453e-05,-11.2669502466022
2007,0,0.3625,5000,0,0.9,"Missing",0.213289763039955,-1.30520836270752
2007,0,0.3625,12000,0,0.91,"D",0.17465388809622,-1.55299659471493
2007,0,0.2,5000,0,0.94,"B",8.81673923224156e-06,-11.6388496410839
2007,0,0.225,15000,0,0.26,"B",5.74134508484019e-05,-9.76517453165391
2007,0,0.3,5700,0,0.1,"A",0.254496292732747,-1.07477383803355
2007,1,0.225,15000,0,0.16,"B",0.998268894197333,6.35726227647809
2007,0,0.1875,8000,0,0.64,"B",4.62758448169232e-07,-14.5860601664574
2007,1,0.3625,10000,0,1.13,"Missing",0.992926172635581,4.9442546272349
2007,0,0.25,7000,0,0.86,"D",0.0806750628611564,-2.43321011959926
2007,0,0.2125,5000,1,0.28,"B",0.00148305625254015,-6.51216612789202
2007,0,0.325,3672,0,0.94,"Missing",9.43772354678088e-05,-9.26811628191022
2007,1,0.3625,2500,1,0.82,"Missing",0.878861336981307,1.98169126953739
2007,0,0.3,15000,0,0.85,"C",0.0301404592234813,-3.47128282826053
2007,0,0.3625,6500,0,0.95,"Missing",0.323300827742629,-0.738643575011912
2007,1,0.175,7500,0,0.67,"B",0.442053985028039,-0.23283019764697
2007,0,0.225,12000,1,0.68,"C",0.00097018979905237,-6.9370481757436
2007,0,0.1375,10500,0,0.16,"AA",2.85186904635033e-05,-10.4649223608022
2007,0,0.275,15000,0,0.04,"D",0.000543048082416045,-7.51776949679505
2007,0,0.35,12000,0,0,"Missing",0.334691506318089,-0.687041602465694
2007,0,0.225,9995,0,0.53,"C",8.00359842401474e-06,-11.7356113107832
2007,1,0.3625,2100,0,0,"Missing",0.975085641579805,3.66708102400101
2007,0,0.1875,4000,0,0.46,"B",3.58601957896369e-07,-14.8410524573546
2007,1,0.3375,3500,1,1.09,"Missing",0.999967491414261,10.3339738178336
2007,0,0.15,17000,0,0.19,"AA",0.000188569440697268,-8.5758556460295
2007,0,0.2125,9500,0,0.37,"C",0.0129514533793925,-4.33351121234586
2007,0,0.2,25000,0,0,"A",0.0117623422304453,-4.43102012122843
2007,1,0.2125,6000,0,0.6,"C",0.485468285080093,-0.0581432342350614
2007,0,0.1,3000,0,0.03,"AA",4.17765101461258e-05,-10.0831345572351
2007,0,0.1375,13000,1,0,"AA",0.00704627740586308,-4.94818460949651
2007,0,0.2875,1000,0,0.92,"Missing",0.0240538844542383,-3.70311087612894
2007,1,0.3625,2100,1,1.14,"Missing",0.999447790179803,7.50103011251413
2007,0,0.2375,16000,0,0.99,"C",0.0235386235053594,-3.7252925711198
2007,0,0.3625,6000,0,0.59,"Missing",0.0102976343674629,-4.56549006135709
2007,0,0.25,3000,0,0,"D",6.92280221378863e-06,-11.8806830032872
2007,0,0.35,6000,0,0.68,"D",0.14190394884818,-1.79956562878543
2007,0,0.1125,4000,0,0.32,"A",0.00346084929782832,-5.66277440634309
2007,0,0.3375,3200,1,0,"Missing",0.74642359105492,1.07962806191302
2007,1,0.3625,4000,0,0.98,"Missing",0.98430911693806,4.13886014395641
2007,0,0.15,5250,1,0.39,"B",0.000446673159780798,-7.71323664402245
2007,0,0.3625,5000,0,0.77,"Missing",0.0309234912759954,-3.4448274346052
2007,0,0.3125,4449,0,0.94,"D",0.410766816363193,-0.360796306112722
2007,0,0.3375,10095,0,0.9,"Missing",0.000205722246680262,-8.48877787264777
2007,0,0.25,3000,0,0.76,"C",2.22329028667993e-05,-10.7139150220616
2007,0,0.2125,17000,1,0.59,"B",0.00204803884780359,-6.18882246438344
2007,1,0.3,22000,0,0.93,"D",0.0855364875605902,-2.36939452811357
2007,0,0.175,9000,1,0.54,"B",0.000185699593948391,-8.59119455936969
2007,0,0.25,5500,0,0.95,"Missing",0.391978816500166,-0.439001923851965
2007,0,0.225,4500,0,0.49,"B",0.000844044351542942,-7.07646111476994
2007,0,0.2875,8000,0,0.87,"D",0.0147393270830395,-4.20238701543628
2007,1,0.3625,5000,0,1,"Missing",0.995321301394067,5.36004560540245
2007,1,0.3625,5000,0,0.6,"Missing",0.878073130012908,1.97430844308287
2007,1,0.3625,3500,0,0.94,"Missing",0.150943626820539,-1.72721914881691
2007,0,0.3,6001,0,0.74,"D",0.00702072470504977,-4.95184334597972
2007,1,0.3,1000,0,0.97,"Missing",0.973264097315829,3.59464813920295
2007,1,0.2875,2000,0,0.9,"Missing",0.930135563083479,2.58877359337406
2007,0,0.3625,3001,0,0.92,"Missing",0.0406818527447107,-3.16044065432285
2007,0,0.3,25000,1,0.46,"C",0.498586765551017,-0.00565295284963763
2007,1,0.2875,15000,0,0.77,"C",0.998030139268954,6.22782063017351
2007,1,0.3125,25000,0,0.87,"A",0.019659042019073,-3.9093630413434
2007,0,0.1875,25000,0,0.09,"C",0.00761240161554289,-4.87033504626405
2007,0,0.1125,5000,0,0.28,"AA",8.27799406671785e-05,-9.39924200502993
2007,0,0.325,7225,0,1.01,"Missing",0.00377981007680528,-5.57429454323356
2007,0,0.1875,9500,0,0.36,"A",0.00043344729791073,-7.74330680131797
2007,0,0.1,1000,0,0.33,"A",0.00727758005689797,-4.91565269097141
2007,0,0.1375,5000,0,0.05,"A",0.00209339863865557,-6.16687079798639
2007,1,0.3625,3300,0,0.91,"Missing",0.999516835658016,7.63467042852705
2007,0,0.225,2700,1,0.74,"C",0.00474367106150945,-5.3461889995063
2007,0,0.1375,2500,1,0,"B",0.000425220094735978,-7.76247834259479
2007,0,0.125,6500,0,0.69,"AA",0.000247038237966657,-8.30572035497952
2007,0,0.3625,5000,0,0.6,"Missing",0.541762118415724,0.167438567802497
2007,0,0.1375,7000,0,0,"AA",0.000141875467526242,-8.86041898886208
2007,0,0.2875,1500,1,1.11,"Missing",0.208976597774919,-1.33110527962295
2007,1,0.2,6500,1,0.93,"A",0.998496398329035,6.49838720175131
2007,0,0.325,12000,0,0.59,"D",0.100968518539666,-2.18650928154171
2007,0,0.2875,1525,0,0.56,"D",0.0724297121849534,-2.54995196912116
2007,0,0.3,15000,0,0.85,"C",0.00673781546895085,-4.99325890396622
2007,0,0.1875,5500,1,0,"C",0.314008441962549,-0.781445450804408
2007,0,0.175,2000,0,0,"C",1.10711463183973e-06,-13.7137522506862
2007,0,0.225,9995,0,0.53,"C",4.10362021349895e-05,-10.1010148649102
2007,1,0.35,6000,0,0.98,"Missing",0.999817616412328,8.6092160640218
2007,0,0.15,8000,0,0.72,"B",0.000116311305783629,-9.05912397285298
2007,1,0.3625,3600,1,0.69,"D",0.999849667379321,8.80250990371657
2007,0,0.25,8000,0,0.84,"D",0.043741826044765,-3.08472317094565
2007,0,0.25,15000,1,0.8,"B",0.00201165238231079,-6.20678513541021
2007,1,0.125,2000,1,0,"B",0.288578758722297,-0.902296674955154
2007,1,0.2375,7500,0,0.8,"D",0.999990542246166,11.5686661835271
2007,1,0.3625,2875,1,1,"Missing",0.999743462278153,8.26797826980349
2007,0,0.1375,15000,0,0.21,"A",1.22639222870932e-05,-11.3088364890862
2007,0,0.2125,3500,0,0.98,"Missing",0.00344672291840975,-5.66687870152922
2007,1,0.3625,4500,1,1.52,"Missing",0.989078850062295,4.50607278508148
2007,0,0.2125,5000,0,0.93,"C",0.215735114722055,-1.29069549275583
2007,0,0.1875,14700,0,0.37,"AA",0.000358574986856717,-7.93301411214797
2007,0,0.1875,6000,0,0.14,"C",0.00623013569350141,-5.0721075417875
2007,0,0.225,2550,0,0.28,"D",0.376373527907718,-0.50496951116322
2007,0,0.3125,25000,0,0.47,"AA",5.80087328163521e-05,-9.75485898253718
2007,1,0.3625,5000,0,0,"Missing",0.999189840752629,7.11746924032472
2007,0,0.1375,9000,1,0.85,"A",4.36600733443672e-05,-10.0390328659189
2007,0,0.2125,2000,0,0.73,"C",0.024492271565021,-3.68460046110757
2007,0,0.15,25000,0,0.01,"AA",0.000897921105160704,-7.01453002521234
2007,0,0.275,4500,1,0.68,"D",1.36551586072024e-05,-11.2013795325337
2007,1,0.3625,5000,1,0.94,"Missing",0.999803692676858,8.53563282491362
2007,0,0.1375,12000,0,0.47,"A",0.0737903645449483,-2.52987243584371
2007,1,0.275,2000,1,0.84,"D",0.923662905483935,2.49318819736504
2007,0,0.35,5000,0,0.87,"Missing",0.0784413723632406,-2.46371490016487
2007,0,0.2875,25000,0,0.04,"AA",2.49670150123392e-05,-10.5979300364497
2007,1,0.3625,10000,0,0.47,"Missing",0.99596555278439,5.50884337646225
2007,1,0.3625,4500,0,0.91,"Missing",0.988127201499246,4.42156149259369
2007,0,0.1,6001,0,0.04,"AA",0.00683064439904396,-4.97948218149549
2007,0,0.2375,11000,0,0.93,"B",0.010467738337562,-4.54893438057185
2007,1,0.275,15000,0,0.83,"D",0.995433423854599,5.38441452238112
2007,1,0.3625,7500,1,0.09,"D",0.988126291539839,4.4214839322679
2007,0,0.3,7100,0,0.9,"D",0.0686788147473647,-2.60716342904144
2007,1,0.2125,1000,0,0.72,"C",0.536314257651372,0.145513247503681
2007,0,0.1875,3600,0,0.28,"A",0.000251043737164671,-8.28963230710655
2007,0,0.225,15000,0,0.58,"C",0.0825382085968678,-2.40834961417987
2007,0,0.125,10000,0,0.12,"A",2.52049584057432e-05,-10.5884446153933
2007,0,0.2375,25000,0,0.89,"B",0.0100264038273585,-4.5924562761971
2007,0,0.1875,4000,0,0.84,"Missing",0.372109975939696,-0.523175585381211
2007,0,0.3625,5000,0,0.97,"Missing",0.00681208028643346,-4.98222234180468
2007,0,0.2875,25000,0,0,"B",0.00767883204441212,-4.86157935486219
2007,0,0.1,2000,0,0.06,"AA",0.00110776984715614,-6.80429804752913
2007,1,0.25,6500,1,1.06,"Missing",0.999981275709772,10.8856702098407
2007,1,0.3625,5000,0,0.51,"Missing",0.899275817722593,2.18920387977058
2007,0,0.3,15000,0,1.03,"D",4.35846880018836e-05,-10.0407610762714
2007,1,0.1375,12000,0,0.02,"AA",0.896768262500016,2.16182114172956
2007,0,0.2875,15000,1,0.76,"B",0.00113739817646448,-6.77787388083729
2007,0,0.3625,5000,0,0.32,"Missing",0.206397053062585,-1.34678151363464
2007,1,0.3625,3500,0,1.01,"Missing",0.999122911026899,7.03802464524258
2007,0,0.1375,6100,0,0.76,"B",0.00162513648618612,-6.42053701677545
2007,0,0.225,25000,0,0.6,"A",0.00135885089501144,-6.59975609155738
2007,1,0.2125,1500,0,0.61,"D",0.973361462990827,3.59839657941857
2007,1,0.2875,6001,0,0.61,"D",0.421568648420725,-0.316337242217195
2007,0,0.3375,10000,1,0.79,"D",0.53928170849462,0.157451309766108
2007,1,0.2875,7500,1,0.81,"Missing",0.969755209262518,3.46771971544173
2007,0,0.175,2400,1,0.22,"B",0.00493403843230016,-5.30665122063883
2007,0,0.175,16500,0,0.2,"AA",0.0249562391640686,-3.66535849526709
2007,0,0.225,12000,0,0.57,"A",3.54903413898642e-05,-10.2462144810554
2007,0,0.3625,7000,1,0.64,"Missing",0.00243291147082814,-6.01623072686982
2007,0,0.25,6000,0,0.85,"Missing",0.0298289823496759,-3.48199187986426
2007,0,0.225,3002,1,0.8,"D",0.0161477764972859,-4.10969334440352
2007,0,0.3,3000,0,0,"Missing",0.00012812366352973,-8.96238650724141
2007,1,0.3625,3000,0,0,"Missing",0.982164386193908,4.00856145969212
2007,1,0.2375,7000,0,0.83,"C",0.646170499171837,0.602248238534377
2007,1,0.3625,2000,0,0,"Missing",0.975800964405054,3.69694585478367
2008,0,0.182,25000,0,0.58,"AA",1.11736956418754e-05,-11.401936971604
2008,0,0.286,10000,0,0.93,"D",0.528681039208614,0.114850235601256
2008,0,0.195,1000,0,0.16,"A",0.00762336778658032,-4.86888446599575
2008,0,0.351,15000,1,0.75,"C",0.0363173650338112,-3.27846602109396
2008,1,0.377,3000,0,0,"Missing",0.984154199328475,4.12887806804934
2008,0,0.299,5000,0,0.97,"Missing",0.0775105411916415,-2.47666200659732
2008,0,0.234,15000,0,0.61,"A",8.01655580258317e-07,-14.036585970714
2008,0,0.195,15000,1,0.72,"C",0.0507734430414331,-2.92827405930896
2008,0,0.169,4250,1,0.99,"B",0.0275464174006598,-3.56394985713897
2008,1,0.26,2300,0,0.86,"C",0.937929841541197,2.71540981708344
2008,0,0.286,19000,0,0.75,"C",0.00248110640947813,-5.99656649598422
2008,0,0.338,5000,0,0,"Missing",0.125553381606168,-1.94086023058507
2008,1,0.312,1500,0,0.99,"Missing",0.995310723745391,5.35777671974334
2008,0,0.143,8000,1,0.17,"AA",0.00174760403203493,-6.34776042083213
2008,0,0.117,2500,0,0.28,"AA",1.28642643587399e-06,-13.5636411020304
2008,1,0.312,1000,0,0.92,"Missing",0.986554114717217,4.29554504690939
2008,1,0.312,2350,0,1.37,"Missing",0.998888716092997,6.80112735727215
2008,0,0.26,3000,0,0,"D",0.0428337564027045,-3.10665059691003
2008,0,0.143,20000,0,0.01,"AA",0.0486281199586582,-2.97370306360729
2008,0,0.195,10000,1,0,"B",0.0406620526276284,-3.1609481187466
2008,0,0.377,2000,0,1.26,"Missing",0.732626415122168,1.00798903163347
2008,1,0.377,4500,0,0.91,"Missing",0.972909204545771,3.58109674381811
2008,0,0.195,19300,0,0.39,"A",2.00326616103356e-05,-10.8181265030572
2008,0,0.143,1850,0,0.86,"C",0.0506447004386826,-2.93094852798148
2008,1,0.312,1750,1,0.91,"Missing",0.95450413243698,3.04357047354078
2008,0,0.195,1500,1,0.42,"C",0.00103572938414584,-6.87161311535867
2008,0,0.156,9000,0,0.12,"A",0.00302708048343284,-5.79712498942317
2008,0,0.13,1000,0,0.53,"A",0.000684940673071469,-7.28549315675548
2008,0,0.26,7500,1,0.62,"C",0.000732403668809927,-7.21844606387096
2008,0,0.286,7300,0,0.74,"D",1.68141863336015e-06,-13.2958710148358
2008,1,0.364,3500,0,1.01,"Missing",0.826348252492022,1.55996445532238
2008,0,0.182,9900,0,0.02,"AA",0.000445461144328966,-7.71595497258231
2008,0,0.26,5000,0,0.85,"D",0.0539540844025562,-2.86415770842425
2008,1,0.377,1000,1,1.09,"Missing",0.975061342590262,3.66608127850232
2008,1,0.364,2250,0,0.57,"Missing",0.980897348202871,3.93864065117236
2008,1,0.234,6800,1,0.89,"D",0.891986093649181,2.11119056103647
2008,0,0.377,25000,0,0.61,"A",0.000789328583823067,-7.14353822749498
2008,1,0.377,6000,0,0.59,"Missing",0.915313297939015,2.38030781991691
2008,0,0.117,1400,1,0.9,"D",0.0342992719982627,-3.33772985142549
2008,0,0.195,3600,0,0.28,"A",0.00729004193001212,-4.91392923712346
2008,1,0.377,4000,1,1.14,"Missing",0.968658441864919,3.43096711174848
2008,1,0.351,7500,0,0.91,"Missing",0.987315212808354,4.35458593646238
2008,0,0.26,2600,0,0,"Missing",0.607026126444438,0.434828701894557
2008,0,0.143,12000,0,0.02,"AA",5.46586674437759e-08,-16.7221579810865
2008,0,0.299,19000,0,0.95,"C",0.00699461013328427,-4.95559622038386
2008,1,0.377,3001,0,0,"Missing",0.963917713661566,3.28520386992641
2008,0,0.234,3500,0,0.01,"C",0.0620370548296116,-2.7159785790827
2008,1,0.221,11000,0,0.61,"C",0.503043170050979,0.0121728305136286
2008,0,0.26,3000,1,0,"D",0.0159305225550695,-4.12345957512935
2008,0,0.195,2000,0,0,"C",0.00258267337591065,-5.95634421008151
2008,1,0.377,5000,0,0.77,"Missing",0.844498143313592,1.69208486602897
2008,1,0.325,2750,1,0,"Missing",0.998195726935459,6.31579159991732
2008,0,0.299,16000,1,0,"A",0.00236770275231159,-6.04346458654217
2008,0,0.195,6000,0,0.72,"B",4.53219979053971e-05,-10.0016727153426
2008,1,0.247,13000,1,0.89,"C",0.987827707070903,4.3963459994253
2008,0,0.182,22000,0,0.71,"A",0.00121911693599797,-6.7084086446122
2008,0,0.117,2000,0,0.13,"AA",3.25194859743801e-06,-12.6362529208956
2008,1,0.338,1200,1,0,"Missing",0.996696178603569,5.70936619048989
2008,0,0.195,8500,0,0.22,"B",5.94576925510694e-05,-9.73018608842996
2008,0,0.234,15000,1,0.02,"C",0.00017017729183769,-8.67849957941277
2008,0,0.325,1500,1,0,"Missing",0.107910237034273,-2.11226701567902
2008,1,0.377,11700,0,0.56,"Missing",0.99985979878549,8.8722917096649
2008,0,0.13,3000,0,0.14,"AA",0.00568180731718597,-5.16478789702733
2008,1,0.377,5000,0,0.75,"Missing",0.998044390198377,6.23509569068973
2008,0,0.377,7000,0,0.36,"Missing",0.0158500670152097,-4.1286045279612
2008,0,0.377,3000,0,0.85,"D",0.0239434773272776,-3.70782455596294
2008,1,0.377,25000,1,0.97,"D",0.753594463324643,1.11787567458653
2008,1,0.338,1200,1,0,"Missing",0.997707622206629,6.0758706530855
2008,0,0.117,1500,0,0.29,"A",0.000598955786296479,-7.41972363986788
2008,1,0.312,1000,1,0,"Missing",0.999969763540019,10.4064318407136
2008,0,0.182,2000,0,0.98,"B",2.71269511691933e-07,-15.1201527309044
2008,1,0.377,1750,1,0.98,"Missing",0.999944792799219,9.80436195552914
2008,0,0.182,16500,0,0.2,"AA",2.27958187592297e-06,-12.9915162399841
2008,0,0.143,1000,0,0.03,"AA",0.000937838472877329,-6.9709945490238
2008,1,0.377,2700,0,0,"Missing",0.268758738726314,-1.00092935297553
2008,1,0.351,10000,1,0.79,"D",0.934083915157216,2.65118378783255
2008,1,0.377,3000,1,0.4,"Missing",0.982186684583386,4.00983516203101
2008,0,0.377,2550,1,0.75,"D",0.694380071517942,0.820677197915713
2008,0,0.26,12500,0,0.52,"A",0.0237512318143003,-3.71608304437055
2008,1,0.377,4500,0,0.98,"Missing",0.995668919785817,5.43759780947137
2008,0,0.221,3000,0,0.91,"D",0.76281550293383,1.1681778903208
2008,1,0.377,4000,0,1.07,"Missing",0.841645173365612,1.6705202628017
2008,0,0.377,12000,0,0.6,"B",9.63259300284776e-06,-11.5503484727432
2008,1,0.377,8500,1,0.87,"Missing",0.687938907484933,0.790501058745864
2008,1,0.221,25000,0,0.11,"A",0.686958000302187,0.785935789545917
2008,1,0.338,3000,1,0,"Missing",0.999988777137664,11.3975463573498
2008,0,0.091,1500,0,0.01,"AA",0.00114808653059414,-6.76850986275652
2008,0,0.195,1500,0,0.77,"C",0.852005492710154,1.75041781348247
2008,0,0.182,5000,0,0.34,"B",0.00209119934580929,-6.16792413896836
2008,0,0.195,15000,0,0,"AA",2.73240492565237e-06,-12.8103256789982
2008,0,0.377,5108,0,0,"Missing",0.0204010120437729,-3.87155878234957
2008,1,0.312,10000,1,0.03,"A",0.988492459174343,4.4531784695812
2008,1,0.26,7400,1,0.27,"D",0.99951471519676,7.63028921360726
2008,1,0.312,4000,0,0.92,"D",0.999762707764444,8.34598079461145
2008,0,0.377,5500,1,0.72,"C",0.132488460445901,-1.87913326315289
2008,1,0.377,3000,0,0,"Missing",0.226249203966778,-1.22961278860231
2008,0,0.286,6001,0,0.69,"D",0.490227342536394,-0.0390956087878496
2008,0,0.247,4041,0,0.91,"D",0.0170263068341407,-4.05582274920031
2008,0,0.377,7500,0,0.86,"Missing",0.181344626991036,-1.50726396787028
2008,0,0.195,25000,0,0,"B",0.000231044521198848,-8.37266906233435
2008,0,0.221,6500,0,0.45,"B",0.00243106351203675,-6.01699243475524
2008,1,0.182,8000,0,0.92,"B",0.437922904087964,-0.249596145003893
2008,1,0.195,2500,0,1.01,"D",0.9519324679482,2.98588715537375
2008,0,0.273,2550,0,0.24,"Missing",0.129665233491855,-1.90392192459891
2008,1,0.26,7500,1,0.9,"D",0.991352237970864,4.74176934556696
2008,0,0.377,1500,0,0.51,"Missing",0.971741202063486,3.5376846754989
2008,1,0.273,2500,1,0.38,"A",0.58624421194075,0.348460530829081
2008,0,0.156,7500,1,0,"B",0.0383807607680638,-3.22106225872614
2008,1,0.377,3442,0,0.26,"Missing",0.999199171759853,7.12906291659156
2008,0,0.195,9990,0,0.2,"A",1.59660580628892e-06,-13.3476289564758
2008,0,0.26,5000,0,0.65,"B",0.36279054383007,-0.563272764631296
2008,0,0.182,7000,0,0.55,"C",0.000139751064899226,-8.87550806509687
2008,1,0.26,10000,0,0.87,"C",0.997267234250053,5.89970458083023
2008,0,0.299,10000,0,0.44,"C",0.00701833970433159,-4.95218551417688
2008,1,0.351,10000,1,0.79,"D",0.994870026984113,5.26751170337177
2008,0,0.143,2000,0,0.75,"B",0.0566803720865555,-2.81197719366034
2008,0,0.247,12200,1,0,"C",0.513152676311464,0.0526228453241613
2008,1,0.377,23800,0,0.5,"C",0.754456468764442,1.12252333291127
2008,0,0.221,5600,0,1.09,"B",5.67439598422705e-10,-21.2898868061675
2008,0,0.117,2000,0,0.13,"AA",0.000228407658668679,-8.38415011517259
2008,0,0.377,8500,1,0.87,"Missing",0.0570343473365389,-2.80537618729076
2008,1,0.377,6500,0,0.95,"Missing",0.969121263887708,3.44632195207909
2008,1,0.377,2500,1,0.89,"Missing",0.0037272949792643,-5.58833825639515
2008,1,0.377,5000,1,1.05,"Missing",0.990132408897248,4.60858291942674
2008,0,0.338,3672,0,0.94,"Missing",0.619597457301736,0.487839989836426
2008,0,0.299,15000,0,0.77,"C",0.00653944783947882,-5.02334162158496
2008,1,0.377,3500,0,0,"Missing",0.564159818453102,0.258061957343249
2008,0,0.377,20000,0,1.05,"C",0.000103542088082543,-9.17542883232835
2008,0,0.26,25000,1,0.19,"C",0.0879269855155678,-2.33921328658348
2008,1,0.338,6500,0,0.53,"Missing",0.996975032962042,5.79782553260334
2008,1,0.364,2550,0,0.94,"Missing",0.996680167864929,5.70451570405298
2008,1,0.377,2550,1,0.76,"Missing",0.677724519533695,0.74333418281443
2008,0,0.195,2500,1,0.28,"B",0.000688916557264677,-7.27970124733323
2008,0,0.26,1750,0,0.96,"Missing",0.227115270151784,-1.22467223033992
2008,0,0.208,25000,0,0.78,"B",0.181265883266325,-1.50779446564249
2008,0,0.169,10000,0,0.12,"AA",0.00300176330311912,-5.80554911764463
2008,1,0.377,5000,0,0.82,"Missing",0.999851811756951,8.81687898067854
2008,0,0.221,10000,0,0.39,"A",0.706541833559492,0.878647317083189
2008,0,0.195,6010,0,0.63,"B",0.0038150524336663,-5.56497852195167
2008,0,0.364,2000,1,0.97,"Missing",0.45032793615329,-0.199345788484307
2008,0,0.377,2400,0,0.87,"Missing",0.320966527838593,-0.749333579558043
2008,0,0.299,2000,0,0.9,"Missing",0.0550784878807894,-2.842342647747
2008,1,0.338,3675,0,0.85,"Missing",0.999909474119364,9.30978424427974
2008,0,0.325,3000,0,0.97,"Missing",0.608457945242011,0.440834868642618
2008,0,0.234,10000,0,0.96,"C",0.000227324481287686,-8.38890477784085
2008,1,0.325,3500,1,0,"D",0.399144646570182,-0.409030355151827
2008,0,0.26,1500,0,0.53,"D",0.0391698131213195,-3.19989131205361
2008,1,0.364,3001,0,0.75,"Missing",0.999984703939944,11.0878999792435
2008,0,0.377,3800,0,0.73,"Missing",0.464703762333495,-0.141420176595443
2008,1,0.377,5000,0,0.93,"Missing",0.959304309807835,3.16008614971567
2008,0,0.117,2500,0,0.28,"AA",0.000167621929019623,-8.69363190109027
2008,1,0.26,3000,0,0.76,"C",0.958623291061012,3.1427800468797
2008,1,0.364,4000,0,0,"Missing",0.997388009047269,5.94502712315345
2008,1,0.377,6000,1,0.72,"Missing",0.884921625349661,2.03988566722598
2008,0,0.091,1000,1,0.99,"D",0.00650650218189434,-5.02842550467253
2008,0,0.117,3500,0,0,"AA",0.000123543361474495,-8.99879480746898
2008,0,0.221,5233,0,0.38,"B",0.00230210882944992,-6.07162493100154
2008,1,0.364,8423,0,0.92,"Missing",0.800284762283855,1.38807507664044
2008,0,0.377,2500,0,0.95,"D",0.0171128394188187,-4.05066529772205
2008,0,0.221,9000,0,1,"Missing",0.0614088052090268,-2.72682678991625
2008,1,0.312,4000,0,0.7,"Missing",0.314206492889728,-0.780526181931473
2008,0,0.182,12000,1,0.37,"A",0.341328305552174,-0.657380435886318
2008,0,0.195,4400,0,0.8,"Missing",0.0308684781855584,-3.4466647923281
2008,0,0.299,6001,0,1.2,"Missing",0.0528998347710053,-2.88500464325193
2008,0,0.221,4000,0,0.02,"AA",0.0864031830934596,-2.35836483828324
2008,0,0.338,2550,0,0.88,"Missing",0.0299100387574992,-3.47919464230091
2008,1,0.364,3001,0,0,"Missing",0.997480175403645,5.98104297980475
2008,0,0.169,25000,1,0.11,"AA",0.0408891589538424,-3.15514168236302
2008,1,0.377,3000,0,0.91,"Missing",0.996674569938694,5.70282529989938
2008,1,0.299,6001,0,1.2,"Missing",0.99977698957317,8.4080689952166
2008,0,0.26,21000,0,0.34,"AA",1.63975245957326e-06,-13.3209636270514
2008,0,0.351,6000,0,0.85,"Missing",0.0281025739423451,-3.54338909862818
2008,0,0.13,10000,0,0.12,"A",0.00109306436321074,-6.81767652258416
2008,0,0.143,13000,0,0.82,"A",0.0069249402784028,-4.96567682205312
2008,1,0.299,1300,0,0.43,"D",0.985983827922144,4.25342814140348
2008,1,0.26,1000,0,0.91,"Missing",0.999889623503452,9.11150295778306
2008,0,0.377,4000,0,1,"Missing",0.00339859912140934,-5.68098756790177
2008,1,0.325,9000,0,0.97,"D",0.95145827570789,2.97557211192101
2008,0,0.117,1500,0,0.76,"A",0.000382040141875711,-7.8696027582965
2008,0,0.182,2500,1,0.71,"B",0.00248737906679142,-5.99403522874506
2008,0,0.325,4000,0,0.02,"Missing",0.0566839982347713,-2.8119093762923
2008,0,0.182,2400,1,0.22,"B",4.0188531806829e-06,-12.4245099556088
2008,1,0.377,5000,0,0.71,"Missing",0.983710554294399,4.10081430627278
2008,0,0.195,20000,1,0.72,"B",0.389044710769624,-0.451329505386981
2008,0,0.195,6000,0,0.39,"B",0.00929293881285982,-4.66916404709094
2008,0,0.143,12000,0,0.47,"A",0.000678038137406729,-7.29562875363419
2008,1,0.377,2550,1,0.76,"Missing",0.99999756698792,12.9263780959957
2008,0,0.377,3000,1,0.61,"Missing",0.00323694608673015,-5.72988276316681
2008,0,0.312,6001,0,0.74,"D",0.0186419713362518,-3.96352179389454
2008,0,0.299,8000,0,0.87,"D",0.00244162798063773,-6.01264564336495
2008,1,0.312,4000,0,0.89,"D",0.0370796371393336,-3.25690275668956
2008,0,0.299,15000,1,0.76,"B",0.537645674007406,0.15086820817935
2008,0,0.143,6000,0,0,"A",0.0214475356594918,-3.82046465140257
2008,0,0.221,6000,0,0.6,"C",0.000718707587464268,-7.23733701035759
2008,1,0.312,3500,0,0.94,"Missing",0.807906344861161,1.436463101698
2008,1,0.26,5000,0,0.95,"Missing",0.995181396171915,5.33044080437376
2008,1,0.377,25000,0,0.95,"C",0.756238820256129,1.13216825166135
2008,0,0.234,2275,0,1.03,"D",0.00344131119103694,-5.66845547391249
2008,0,0.195,9500,0,0.39,"B",0.0334585473791907,-3.36341690618104
2008,1,0.299,4500,1,0,"D",0.996006010323234,5.51896264172281
2008,0,0.26,2000,0,0.01,"D",0.105403108715569,-2.13858108588701
2008,1,0.234,5000,1,0,"D",0.999479329965591,7.55987324248885
2008,1,0.065,1000,1,0.48,"D",0.807455389985365,1.43355994175464
2008,0,0.195,1000,0,0.27,"A",2.37647999426426e-07,-15.2524750144247
2008,0,0.13,2000,0,0,"AA",5.67127625896089e-05,-9.77745456842482
2008,0,0.364,25000,1,0.75,"C",0.393360058243701,-0.433210067211515
2008,1,0.195,2200,1,0,"C",0.815636393727727,1.48705873103961
2008,1,0.299,10000,0,1.02,"D",0.856351048663596,1.78530791038202
2008,0,0.338,3000,1,0,"Missing",0.583061143491628,0.335352474225624
2008,1,0.312,2550,1,0.93,"Missing",0.995042001577731,5.3017828335149
2008,0,0.143,2700,1,0.12,"AA",4.41156863803636e-05,-10.0286510218633
2008,0,0.221,15000,1,0,"A",2.33818885545044e-06,-12.9661315834879
2008,0,0.377,4000,0,2.68,"Missing",0.0198074273221677,-3.90169207045018
2008,0,0.143,2500,1,0,"B",0.00177224231761172,-6.33373587346359
2008,0,0.364,15000,0,0.93,"B",0.0307253679018044,-3.45145936039174
2008,0,0.195,3000,0,0.46,"B",0.0108517304944402,-4.5125196791523
2008,0,0.221,7100,0,0.95,"D",0.000657811851303215,-7.32593357949189
2008,0,0.195,3000,0,0.91,"Missing",0.0793605473661343,-2.45106712560587
2008,0,0.195,20000,0,0.37,"A",2.19102842342644e-05,-10.7285325211069
2008,0,0.221,1700,0,0.28,"D",0.0102116875060864,-4.57395819624732
2008,0,0.195,9500,0,0.36,"A",4.15031370081317e-06,-12.3923224856988
2008,0,0.156,10000,0,0.12,"AA",9.62316733699892e-06,-11.551327479252
2008,1,0.351,7500,0,0.69,"Missing",0.99474017217462,5.24238327616814
2008,1,0.325,4500,1,0.93,"Missing",0.989638702581809,4.55926246722586
2008,0,0.299,6001,0,0.42,"C",7.71176035959121e-06,-11.7727563630532
2008,0,0.299,7000,0,0.52,"D",0.38214997548299,-0.48043261169794
2008,1,0.377,3000,0,0.79,"Missing",0.96877486802592,3.43480896800387
2008,0,0.13,7000,0,0.17,"AA",5.98094027073684e-06,-12.0269267854947
2008,0,0.182,25000,0,0.58,"AA",0.000602027099678698,-7.41460588920032
2008,0,0.221,4990,0,0.9,"C",0.00077471574998302,-7.16223935410719
2008,1,0.325,5000,1,0.96,"Missing",0.950396598389115,2.952819957222
2008,1,0.351,6500,0,0.67,"D",0.269805418818327,-0.995610020041414
2008,0,0.247,3900,1,0,"C",0.000142500190679148,-8.85602470981238
2008,0,0.26,19000,0,0.95,"C",0.00219296790437028,-6.12030406916387
2008,0,0.273,13500,0,0.82,"C",0.000136260364858583,-8.90080678530856
2008,1,0.377,3000,0,0.63,"Missing",0.987027843532956,4.3318929990237
2008,0,0.195,10000,1,0,"B",0.0452934910758243,-3.04824063544492
2008,1,0.377,5000,0,1.08,"Missing",0.999923076330337,9.47262000422258
2008,0,0.195,9999,0,0.57,"B",0.000324536150030819,-8.03278903694948
2008,0,0.377,18000,0,0.91,"C",0.0992829348550998,-2.20521748329368
2008,0,0.377,5000,0,0.97,"Missing",0.125122952848476,-1.94478648229278
2008,1,0.338,5000,0,0,"Missing",0.999522319955067,7.64609161749092
2008,0,0.156,5250,1,0.39,"B",0.0252124087687374,-3.65488330733607
2008,0,0.234,7500,0,0.9,"B",1.22433475262579e-05,-11.310515584142
2008,0,0.26,21000,0,0.34,"AA",0.000165956650494666,-8.70361797488671
2008,0,0.182,4000,0,0.16,"B",2.74423899802728e-05,-10.5033942177265
2008,0,0.182,15000,0,0.59,"AA",7.56100217691987e-05,-9.48984610759951
2008,0,0.104,3001,0,0.32,"AA",4.96977211703928e-06,-12.2121316008249
2008,1,0.26,4000,1,0.98,"B",0.932674835613514,2.62852254483789
2008,1,0.377,5000,1,0,"Missing",0.776349201977367,1.24451652346178
2008,0,0.299,8100,0,0.93,"C",1.44471205954995e-06,-13.4475990782905
2008,1,0.325,3001,1,0.89,"D",0.999644563067179,7.94180722850299
2008,0,0.143,12000,0,0.41,"A",0.000234673920583045,-8.3570788779158
2008,0,0.169,16000,0,0.34,"A",0.000440641173932971,-7.7268389399884
2008,1,0.377,25000,1,0.97,"D",0.493778179267184,-0.0248885676011987
2008,0,0.208,6000,0,0.16,"A",3.84272829062341e-05,-10.1667044302797
2008,0,0.091,5000,0,0.05,"AA",0.0027993521681335,-5.8755639794125
2008,0,0.26,1000,1,0.42,"C",0.0983064137099597,-2.21618548626052
2008,0,0.143,15200,0,0.83,"A",0.176705533974631,-1.53882923527218
2008,0,0.312,10000,0,0.54,"A",0.0248587543159334,-3.66937235101402
2008,0,0.13,5000,0,0.52,"AA",9.75788148224191e-07,-13.8400193595516
2008,0,0.117,1000,0,0.02,"AA",4.40045600973253e-05,-10.0311732853122
2008,0,0.13,14000,0,0.26,"AA",7.30208155634934e-06,-11.8273438036423
2008,0,0.286,15000,0,0.95,"C",4.88527436450894e-07,-14.5318697138235
2008,0,0.221,10000,0,0.84,"C",0.00052297744020127,-7.55544911595953
2008,1,0.377,3000,0,0,"Missing",0.980577234878906,3.92169557549219
2008,0,0.26,12000,0,0.66,"C",0.218117777472255,-1.27666893809063
2008,0,0.286,7500,0,0.92,"D",2.82282529501702e-05,-10.4751589752477
2008,1,0.156,17000,0,0.19,"AA",0.945792661205157,2.85920706942953
2008,1,0.338,2000,1,0,"Missing",0.968742785053006,3.43374890511467
2008,1,0.195,2500,1,0.9,"C",0.998339479727613,6.3989624081536
2008,0,0.13,4500,0,0.4,"A",4.8321948119208e-05,-9.93757636499817
2008,1,0.325,3500,1,0,"D",0.237219870832874,-1.16798238742994
2008,1,0.377,7600,0,0.94,"Missing",0.999837795991172,8.72649348408161
2008,0,0.312,3000,0,0.56,"Missing",0.163461111852561,-1.63269789441415
2008,0,0.156,17000,0,0.19,"AA",3.30989443803382e-06,-12.6185909510166
2008,1,0.377,2500,0,0.96,"Missing",0.77922867887709,1.26117713744314
2008,1,0.26,13000,0,0.9,"C",0.429426502498518,-0.284191387602287
2008,1,0.377,5000,1,0,"Missing",0.834834983288664,1.6202890051032
2008,1,0.377,3000,0,0.91,"Missing",0.781817302343191,1.27628831007614
2008,0,0.156,22000,0,0.37,"AA",7.75824146151134e-05,-9.46409218681667
2008,0,0.208,8000,0,0.8,"C",0.0172170132722555,-4.04449029080047
2008,1,0.351,1700,1,0,"Missing",0.999590200898789,7.79943363230895
2008,0,0.156,3000,0,0.56,"B",0.0683697368584081,-2.6120057394757
2008,1,0.377,2500,0,0.89,"Missing",0.99554475576201,5.40920819780464
2008,1,0.377,3000,1,0,"Missing",0.998165644822828,6.29922622165115
2008,0,0.156,3500,0,0.31,"A",0.0382662957221301,-3.22416809616767
2008,1,0.338,5500,0,0.99,"Missing",0.355851231012342,-0.593416954074254
2008,0,0.195,6088,0,0.69,"B",0.0107492997407962,-4.52210717607318
2008,1,0.377,5000,1,1.05,"Missing",0.958822431037495,3.14781223175916
2008,0,0.273,4500,0,0,"D",0.00307295391239039,-5.78203830841102
2008,0,0.364,3200,0,0.93,"D",0.295615968332601,-0.868262499270107
2008,0,0.26,5000,0,0.81,"C",0.0230413716032402,-3.74715294014887
2008,1,0.377,7000,1,0.91,"D",0.990151133496286,4.61050121877738
2008,0,0.299,6001,0,1.2,"Missing",0.0195752126016552,-3.91372183158412
2008,0,0.377,25000,0,0.11,"C",0.305847790879538,-0.819603695184642
2008,0,0.117,1000,0,0,"A",0.00915733652614458,-4.68400039216191
2008,0,0.143,15000,0,0.21,"A",1.12844680065516e-06,-13.6946672549962
2008,0,0.312,3500,0,0.83,"Missing",0.0169395727657431,-4.06101812205487
2008,1,0.377,4000,1,0.98,"Missing",0.905563573198772,2.26063060684695
2008,1,0.234,2000,0,0,"D",0.993253872822625,4.99201770510284
2008,0,0.377,7000,0,0,"C",0.761156808204834,1.15903215676746
2008,0,0.169,25000,1,0.11,"AA",6.7195355069268e-06,-11.9104848072531
2008,0,0.156,8000,0,0.72,"B",0.00905823239921035,-4.6949817697574
2008,1,0.26,9000,1,1.01,"D",0.973182656276716,3.59152295735855
2008,1,0.221,1500,0,0.77,"Missing",0.929057459209821,2.57230032275543
2008,1,0.286,6001,0,0,"D",0.987750288901535,4.38992756886208
2008,0,0.325,4000,0,0.45,"D",0.00202612526336023,-6.19960186651781
2008,0,0.377,7000,0,0.36,"Missing",0.0396775520883722,-3.1864835221146
2008,1,0.364,6215,1,0.91,"Missing",0.999870093259393,8.94856382971608
2008,1,0.325,1000,1,0.98,"C",0.530205571356717,0.120969588670576
2008,1,0.221,25000,0,0.54,"A",0.0862548513137417,-2.3602454003691
2008,1,0.377,1500,0,0.95,"Missing",0.940050280129839,2.75242715459534
2008,0,0.377,2700,0,0,"Missing",0.22264698601392,-1.25030708184846
2008,0,0.273,9500,0,0.73,"D",0.0130477567873706,-4.32600542715483
2008,0,0.182,3500,0,0.65,"B",0.0171001534523839,-4.05141979215853
2008,0,0.195,5000,0,0.7,"C",3.74634295870367e-06,-12.494726658472
2008,1,0.26,15000,0,0.93,"D",0.999136161144244,7.05326010391736
2008,0,0.182,5000,0,0.84,"C",0.000795846132356295,-7.13530852887887
2008,1,0.377,2800,0,0.99,"C",0.580882569649278,0.326397474757573
2008,1,0.247,13000,0,0.82,"C",0.495180797042028,-0.0192774087964986
2008,0,0.377,23800,0,0.5,"C",0.013752531023196,-4.27268442425961
2008,1,0.377,25000,0,0.98,"Missing",0.94366279522783,2.81841374622635
2008,0,0.221,11300,0,0.27,"C",0.249115956764121,-1.10333275881417
2008,1,0.299,15000,0,0.18,"D",0.920424593887932,2.44813000200493
2008,0,0.338,2200,0,0.97,"Missing",0.199642876193095,-1.38852788142207
2008,0,0.195,5000,0,0,"C",0.423919319268965,-0.306704569217997
2008,0,0.195,5000,1,0.6,"D",0.0563360692476499,-2.81843510559955
2008,1,0.377,5001,1,0.3,"D",0.551376677669082,0.206234591240377
2008,0,0.26,13000,0,0.9,"C",0.0211396951044281,-3.8352363830679
2008,0,0.325,15000,0,0.79,"D",0.138546017804494,-1.82741910967563
2008,0,0.299,6001,0,0.88,"D",0.15675789191132,-1.68255158960824
2008,1,0.364,6000,0,0.68,"D",0.813072340346048,1.47009838986504
2008,1,0.247,11500,0,0.38,"C",0.986019630053849,4.25602206419695
2008,0,0.143,3000,0,0,"B",0.00969566805038076,-4.62633310888596
2008,1,0.377,3600,0,0.3,"Missing",0.800849534687638,1.39161243647419
2008,0,0.377,1890,1,0,"Missing",0.785737601642335,1.2994214720917
2008,0,0.26,12000,0,0.66,"C",0.144071409831329,-1.78187787169784
2008,1,0.325,4500,1,0.93,"Missing",0.913014907751767,2.35101545827353
2008,0,0.377,3000,1,1.01,"Missing",0.811736933323342,1.46133603836298
2008,1,0.312,2500,1,0.83,"D",0.671837669696979,0.716508352973916
2008,0,0.286,24000,0,0.72,"B",0.149329731582101,-1.73986776523503
2008,1,0.195,2500,0,0.44,"D",0.998577118354582,6.55364724101118
2008,0,0.377,5000,0,0.32,"Missing",0.00303805370890741,-5.79349551796786
2008,1,0.26,15000,0,0.59,"A",0.567320290996883,0.270926279142204
2008,0,0.377,25000,0,0.57,"B",2.73462247457259e-06,-12.809514431883
2008,0,0.195,2500,0,1.01,"D",0.231658043103278,-1.19897255823718
2008,0,0.195,25000,0,0.9,"B",0.0118327105999926,-4.42498422359395
2008,1,0.377,2550,0,1.16,"Missing",0.982901418102925,4.05151329827178
2008,1,0.338,25000,0,0.69,"B",0.13631479478539,-1.8462414780382
2008,0,0.377,6000,0,0.98,"Missing",0.00156454437107562,-6.45859486452274
2008,1,0.26,4000,0,0.48,"D",0.555101591880051,0.221305185684643
2008,0,0.221,3000,1,0.14,"AA",0.00605663783609057,-5.1005253917293
2008,0,0.195,2500,0,0.56,"C",0.0011765893319853,-6.74395814033353
2008,1,0.299,1500,1,1.11,"Missing",0.858921013340814,1.80635704328001
2008,0,0.195,12000,0,0.43,"A",1.29794318094689e-05,-11.2521316424394
2008,0,0.182,24000,0,0.54,"A",0.000849630439965987,-7.06985908795275
2008,1,0.195,4500,1,0,"C",0.999352517968357,7.34177182339452
2008,1,0.377,1500,1,0.91,"Missing",0.999822210596903,8.63473303158024
2008,1,0.377,5000,0,0.89,"Missing",0.942521143839861,2.79714119162887
2008,1,0.234,20000,1,0.43,"B",0.999911223539243,9.32930024426605
2008,0,0.091,3000,0,0.87,"C",1.34071720807523e-06,-13.5223045165609
2008,1,0.377,3500,0,0.88,"Missing",0.860487607723613,1.81934578345856
2008,0,0.26,10000,0,0.64,"D",0.000107651669901477,-9.13650216448733
2008,0,0.195,8000,0,0.12,"B",0.0102405637484639,-4.57110524825867
2008,0,0.13,1000,0,0.65,"A",0.00132503326577408,-6.62499180171594
2008,0,0.221,13000,1,0.88,"B",0.000114921119980076,-9.07114965043993
2008,0,0.169,5000,0,0.95,"B",0.459894979007512,-0.160765447056479
2008,1,0.195,4999,0,0.89,"C",0.982612465990949,4.03446129319834
2008,0,0.234,12000,0,0.54,"B",3.26632269268924e-07,-14.9344305310182
2008,0,0.169,3500,1,0.71,"C",0.00693689649121599,-4.96393972734192
2008,1,0.312,3000,0,1,"Missing",0.923242750691154,2.48724436621386
2008,0,0.182,14500,0,0.48,"A",3.23254946013387e-05,-10.3396220065142
2008,1,0.195,1500,1,0.85,"D",0.743799981991483,1.06581369752598
2008,0,0.338,3001,1,1.01,"Missing",0.193357375971218,-1.42834055950315
2008,1,0.338,10000,0,0.97,"D",0.716796951579686,0.928628482875505
2008,1,0.364,4000,0,0.53,"Missing",0.930601378122187,2.59596401065865
2008,0,0.182,11500,1,0.36,"A",0.851485232695017,1.74629776082732
2008,0,0.364,15000,0,0.93,"B",0.0593962081226577,-2.76229161282961
2008,0,0.182,24000,0,0.54,"A",2.80022902194443e-05,-10.4831962549001
2008,1,0.325,8500,0,0.86,"Missing",0.950055376553341,2.94560541340893
2008,0,0.169,9000,0,0.86,"B",3.80636760687075e-05,-10.1762120502141
2008,0,0.143,1500,0,0,"AA",1.15976910248851e-05,-11.3646929314855
2008,1,0.286,5400,0,0.63,"D",0.182638443808516,-1.49857305656064
2008,1,0.221,5000,0,0,"C",0.98491004511294,4.17852102905976
2008,0,0.221,25000,0,0.34,"AA",0.0269084329692727,-3.58803845494282
2008,1,0.221,5500,0,0.07,"C",0.601964483030392,0.413657205359952
2008,0,0.221,3000,0,0.53,"C",5.26382369420442e-05,-9.85201512462805
2008,1,0.377,2000,1,1.08,"Missing",0.99842829100804,6.45401877630809
2008,0,0.325,5000,1,0.96,"Missing",0.0251876672124186,-3.65589049488781
2008,1,0.377,15000,0,0.49,"C",0.985197576006907,4.19805125516007
2008,0,0.377,23800,0,0.5,"C",0.00817986492762289,-4.79786613743122
2008,1,0.312,3000,0,0.56,"Missing",0.977396697072325,3.76679656268848
2008,1,0.377,3000,0,1.51,"Missing",0.998838844049197,6.75717743012238
2008,1,0.299,8500,1,1.13,"Missing",0.997182560428969,5.86910534398216
2008,0,0.26,5000,0,0.87,"D",0.506127935617326,0.0245129698532893
2008,0,0.377,4000,0,0,"Missing",0.231858267583185,-1.19784799414699
2008,0,0.377,7600,0,0.94,"Missing",0.617403757702044,0.478542962914618
2008,0,0.195,5500,0,0.28,"C",0.0531289816068238,-2.88044031136231
2008,1,0.26,19900,0,0.98,"A",0.56141531403489,0.246908022196876
2008,1,0.221,3000,0,0.88,"D",0.99907671079211,6.98664432217974
2008,0,0.299,1400,0,0,"Missing",0.392693667955983,-0.436003492325518
2008,1,0.195,2000,0,1.59,"Missing",0.870780676977481,1.90787899998455
2008,1,0.377,6000,0,0.59,"Missing",0.992333120810581,4.86314921094714
2008,0,0.234,4500,0,0.49,"B",0.0600859186701797,-2.75001295249004
2008,0,0.195,3000,0,0,"C",0.592095910374973,0.372636560208846
2008,0,0.26,5000,0,0.77,"D",0.106228460539987,-2.1298581308893
2008,0,0.156,9000,0,0.12,"A",3.2209029059826e-06,-12.6458456112215
2008,1,0.208,15000,0,0.59,"A",0.927267545710835,2.54545443969181
2008,0,0.221,5000,0,0.15,"B",0.000178176803359621,-8.6325560306657
2008,0,0.247,8750,0,0.73,"D",0.0011749000073037,-6.7453966444309
2008,0,0.234,15000,0,0.65,"B",3.1608192228108e-07,-14.9672640931515
2008,0,0.195,9999,0,0.57,"B",0.00639860239164586,-5.04525652757617
2008,0,0.182,14100,0,0.73,"B",0.00381532746590614,-5.56490615712516
2008,1,0.377,3000,1,1.01,"Missing",0.966041587736024,3.34807027754423
2008,0,0.299,15000,0,0.18,"D",0.0258096011857517,-3.63086020418369
2008,0,0.377,25000,0,0.38,"B",1.5726637511607e-05,-11.0601388997548
2008,1,0.377,1800,0,0.98,"Missing",0.98758493701411,4.37635201292523
2008,1,0.377,3000,1,0,"Missing",0.96519762654514,3.32264728753818
2008,1,0.26,10000,0,0.03,"D",0.999451432524402,7.50765154941049
2008,0,0.351,7000,0,0.71,"C",0.0885186403089124,-2.33185798896767
2008,1,0.325,8500,0,0.86,"Missing",0.999242397231378,7.18459347174043
2008,0,0.078,6000,1,0.81,"Missing",4.80035015878586e-07,-14.549406305923
2008,0,0.195,4000,0,0.46,"B",0.00406028806557026,-5.5024328023587
2008,1,0.351,2000,1,0,"Missing",0.999048652593316,6.95667945518951
2008,0,0.169,1200,0,0.72,"D",0.385402427310698,-0.466679646153194
2008,1,0.351,6000,0,0.95,"Missing",0.99980262251221,8.53019508411656
2008,1,0.312,3000,0,0.92,"Missing",0.872203791882741,1.92058623183219
2008,0,0.351,7000,0,0,"D",0.0159641313530454,-4.12131793303374
2008,0,0.26,5950,0,0.74,"C",0.0009480126386953,-6.96019426155417
2008,0,0.117,1500,0,0.29,"A",3.78826815338672e-06,-12.4835978066418
2008,1,0.338,5000,0,0,"Missing",0.999892469537839,9.13762884535802
2008,1,0.299,15900,0,0.74,"D",0.986962637822399,4.3268129353918
2008,1,0.195,5000,1,0.6,"D",0.384003288012481,-0.472590510753104
2008,1,0.221,2000,0,0.25,"Missing",0.0670503942359578,-2.63290669683263
2008,0,0.234,4500,0,0.49,"B",0.0029884595265337,-5.81000429897398
2008,1,0.364,3200,0,0.99,"Missing",0.998417990429076,6.44747609749672
2008,1,0.299,6001,0,0.88,"D",0.998543118773849,6.52999933103976
2008,1,0.377,7000,1,0.91,"D",0.998293464639007,6.37158207532534
2008,1,0.325,15000,0,0,"C",0.877940350811916,1.97306880073721
2008,1,0.299,6001,1,0.92,"D",0.99371030082937,5.06253247335995
2008,0,0.143,5000,0,0.12,"A",0.270240903819381,-0.993400676886508
2008,0,0.195,15000,0,0.05,"AA",5.82834777849067e-05,-9.75013361951268
2008,0,0.195,3800,0,0.2,"B",0.00177783955190122,-6.33057696495361
2008,0,0.195,10200,0,0,"C",9.58234720697263e-05,-9.25290706376812
2008,0,0.13,7500,1,1.02,"D",0.00255152918377671,-5.96850762975346
2008,1,0.195,15000,0,0.01,"AA",0.70382052758815,0.865557794955457
2008,0,0.364,5000,0,0.81,"D",0.0102568734069415,-4.56949738423757
2008,0,0.143,1500,0,0,"AA",2.47530426468333e-05,-10.6065373879309
2008,0,0.377,2550,1,1.51,"D",4.58666378356358e-05,-9.98972668202712
2008,0,0.195,1000,0,0.87,"C",0.0305302072753635,-3.45803272065634
2008,0,0.221,5000,0,0,"C",6.18130094905576e-06,-11.9939756177727
2008,0,0.221,5000,0,0.93,"C",0.0466467353535222,-3.01738257875826
2008,1,0.26,5500,0,0.8,"D",0.913437438996685,2.35634748740839
2008,1,0.338,6000,1,1.06,"Missing",0.985718507813322,4.23440637849212
2008,1,0.377,1500,0,0.95,"Missing",0.949656218284114,2.93722493324784
2008,0,0.221,1000,0,1.02,"D",2.05037810366571e-05,-10.7948807440232
2008,1,0.351,1000,1,0,"Missing",0.971025188272068,3.51192551703991
2008,1,0.377,1800,0,0.98,"Missing",0.858604421310245,1.80374682035122
2008,1,0.364,6000,0,0,"D",0.979610458346313,3.87213289580251
2008,0,0.377,25000,0,0.95,"C",0.494813703056609,-0.0207459318180477
2008,0,0.377,3700,0,0.58,"D",0.00522845045402237,-5.24839815847508
2008,1,0.377,5000,1,0.65,"D",0.998929992133941,6.83901869834507
2008,1,0.377,6500,1,0.85,"D",0.999925833061004,9.50911790349304
2008,0,0.221,6500,0,0.79,"C",0.000278339272834387,-8.18639140446807
2008,0,0.273,7000,0,0.78,"D",0.00298796723477092,-5.81016953725615
2008,1,0.377,2550,1,1.51,"D",0.617862295958585,0.480484585123241
2008,1,0.26,2850,0,0.7,"C",0.951182659267422,2.96962052221505
2008,0,0.182,25000,1,0.63,"AA",0.00238926812760421,-6.03437605571091
2008,1,0.377,3800,0,0.96,"Missing",0.752491964189461,1.11194726834498
2008,0,0.143,8000,0,0.62,"B",0.000979329177069714,-6.92766292484674
2008,1,0.377,3000,0,0,"Missing",0.956534439043585,3.0913478711235
2008,0,0.325,4000,0,0.46,"C",0.0364638273068851,-3.27428929366001
2008,1,0.312,3000,0,1,"Missing",0.809644909236086,1.44770454118964
2008,0,0.26,2000,0,0,"Missing",0.297886891084469,-0.857380660523064
2008,0,0.299,3000,0,0.86,"Missing",0.0177955495195053,-4.01085108568757
2008,1,0.364,2550,0,0.94,"Missing",0.999982431273296,10.9493725593783
2008,1,0.338,2200,0,0.97,"Missing",0.75485808570934,1.12469248078179
2008,0,0.377,8000,0,0.8,"Missing",0.877252378535795,1.96666433640101
2008,0,0.325,8000,1,0.85,"D",0.0420189182369229,-3.12670807905739
2008,0,0.26,5000,0,0.22,"D",0.00405444200916402,-5.50387952297159
2008,0,0.221,3000,1,0.59,"C",0.0105636451926291,-4.53971703500533
2008,0,0.312,3000,0,0.56,"Missing",0.0143271797378743,-4.23116606001692
2008,0,0.338,3000,1,0,"Missing",0.212076611559934,-1.31245327766524
2008,0,0.221,3500,0,0,"B",0.000518409989447603,-7.56422559893375
2008,0,0.299,1800,0,0,"Missing",0.0152339866886536,-4.16887516485664
2008,1,0.377,3600,1,0.69,"D",0.195903622179393,-1.41209632018568
2008,0,0.182,9500,0,0.77,"A",0.551892550844854,0.208320327541236
2008,1,0.26,2500,0,1,"C",0.982970153999181,4.05561130571247
2008,0,0.247,9900,0,0.36,"C",0.0138936023595442,-4.26233578485808
2008,0,0.247,11500,0,0.38,"C",0.233741032055557,-1.18730638896637
2008,1,0.377,6000,1,0.72,"Missing",0.9998760286387,8.99533599724658
2008,0,0.208,5000,0,0.94,"B",0.364473986496865,-0.555997842440543
2008,0,0.195,9999,0,0.31,"A",0.0105988833267965,-4.53635117838967
2008,0,0.143,14000,0,0.29,"AA",0.00144973084321078,-6.53492658243234
2008,0,0.351,10000,0,0.45,"Missing",0.435553591612729,-0.259227596270807
2008,1,0.312,3000,0,0.91,"Missing",0.984526319971968,4.1530201142013
2008,0,0.234,6000,0,0.58,"C",0.00256231982814273,-5.96427663977022
2008,1,0.377,4000,1,0,"Missing",0.721175855509245,0.950301735940871
2008,0,0.182,5000,0,0.34,"B",0.000546617512056554,-7.51121447986476
2008,0,0.312,25000,0,0.89,"B",0.0290996377417675,-3.50749812412849
2008,1,0.338,2600,0,0.73,"D",0.947359527312062,2.89019340321971
2008,0,0.26,5000,0,0.7,"D",0.499427601366138,-0.00228959553566499
2008,0,0.377,7500,1,0.09,"D",0.000307573938183544,-8.08648742899489
2008,1,0.377,5000,1,1.02,"Missing",0.967089472761853,3.38049843386392
2008,1,0.26,6500,0,0.9,"D",0.983567452921779,4.09192227394719
2008,0,0.273,10000,0,0.72,"A",0.036776688505607,-3.26542109646466
2008,0,0.377,5000,0,0.6,"Missing",0.457103696755256,-0.172008058898168
2008,0,0.286,5000,0,0.55,"C",0.000791957993583053,-7.14020993420369
2008,1,0.377,5000,0,0.89,"Missing",0.971589033638792,3.53215770004123
2008,1,0.377,2400,0,1.05,"Missing",0.996932108384859,5.78369211638841
2008,1,0.377,5000,0,0.72,"Missing",0.250175104570666,-1.09767861554396
2008,0,0.182,8000,0,0.74,"B",3.70956402205395e-06,-12.5045924929505
2008,1,0.247,4000,0,0.9,"D",0.512054864930295,0.0482288059686929
2008,1,0.26,3200,1,0,"D",0.939019954027669,2.73429003382641
2008,1,0.377,22000,0,0.83,"D",0.999006722526044,6.91350673188578
2008,1,0.234,1000,1,0.61,"D",0.903402233217561,2.23561227247455
2008,0,0.247,10000,1,1.02,"C",0.51165589380796,0.0466320236833089
2008,1,0.26,1000,0,0,"Missing",0.956094011931463,3.08080553380538
2008,1,0.26,6001,0,0.77,"C",0.975406554555441,3.68037440102515
2008,1,0.312,2800,0,0,"Missing",0.999962267092053,10.1849402208006
2008,1,0.377,2500,0,1.21,"Missing",0.825779934938308,1.55600907359505
2008,1,0.377,3001,1,0,"Missing",0.998905218963716,6.81610552182677
2008,0,0.247,15000,1,0.41,"A",0.24520287760392,-1.12436306134618
2008,1,0.312,5600,0,0.62,"Missing",0.990439991381447,4.64056065154997
2008,1,0.377,2550,0,1.16,"Missing",0.999801117510404,8.52259750992756
2008,1,0.377,3000,1,0.92,"Missing",0.971830675071401,3.54094796927882
2008,0,0.286,10000,0,0.65,"C",0.146529985911616,-1.76208031923586
2008,1,0.338,1000,1,0.33,"Missing",0.982740949337693,4.04200887277414
2008,0,0.26,8500,0,0.48,"B",0.0116172054110865,-4.44358284231265
2008,0,0.247,6001,0,0.52,"C",0.0295949167131764,-3.49011098203855
2008,1,0.299,1600,0,0.74,"Missing",0.954346917669158,3.03995612500083
2008,0,0.221,3800,0,0.7,"C",0.0498466106968448,-2.94767292992209
2008,0,0.312,6001,0,0.74,"D",0.0335507664580847,-3.36056906278185
2008,1,0.325,15000,1,0,"D",0.999859392120863,8.8693949230103
2008,0,0.377,3800,0,0.96,"Missing",0.280882323505711,-0.940089207157424
2008,0,0.221,9500,0,0.37,"C",0.000644907587727957,-7.34575841064362
2008,0,0.195,18000,0,0.12,"B",6.63131681785073e-06,-11.9237005270886
2008,1,0.377,25000,1,0.93,"C",0.727798654749558,0.983482404452157
2008,1,0.26,4500,0,0.39,"D",0.999927718933526,9.53487605390878
2008,0,0.247,1500,0,0.86,"D",0.00357993825524162,-5.62882336428865
2008,0,0.338,3000,1,0,"Missing",0.0813782543854197,-2.42376635199594
2008,0,0.377,25000,0,0.95,"C",0.623834025203751,0.505853879416507
2008,0,0.156,2500,0,0,"C",1.8959423229263e-06,-13.1757926790476
2008,1,0.273,5000,0,0.95,"D",0.520523255437076,0.0821391722907455
2008,0,0.143,1000,0,0.05,"C",0.113192858634605,-2.05853445315794
2008,1,0.377,4000,1,0,"Missing",0.771073663085143,1.2143836323174
2008,1,0.195,1500,1,0.2,"C",0.947790988217432,2.8988788818817
2008,0,0.26,2400,1,0,"D",0.218006857690325,-1.27731945149251
2008,1,0.312,3500,0,0,"C",0.920901316137159,2.45465664617901
2008,0,0.143,8000,0,0.32,"A",0.00506901965987083,-5.27952593032607
2008,1,0.247,6000,1,0.61,"D",0.999662878381037,7.9947296271294
2008,0,0.364,5200,1,0.92,"Missing",0.384563021775619,-0.470224867892181
2008,0,0.13,2550,0,0.58,"A",0.000228046829899923,-8.38573148296591
2008,0,0.273,5000,1,0.94,"C",0.00249633158704289,-5.99043353730753
2008,0,0.117,6100,0,0.48,"A",0.0264781808542137,-3.6045992078039
2008,0,0.338,2600,0,0.73,"D",0.0370457620243745,-3.2578519305019
2008,0,0.377,3000,0,0.98,"Missing",0.062339869441268,-2.71078636915233
2008,1,0.299,6001,0,1.2,"Missing",0.993565524882518,5.03962974250136
2008,1,0.377,4000,1,0,"Missing",0.996098899039288,5.54258773796355
2008,0,0.195,7500,0,0.98,"C",0.000426288616415578,-7.75996755827048
2008,1,0.377,5500,0,0.77,"Missing",0.999994401303009,12.0929710688479
2008,0,0.182,4575,0,0.6,"C",0.000441601411877431,-7.72466116687379
2008,0,0.208,25000,0,0,"AA",0.015457066497562,-4.15411122931613
2008,1,0.377,2550,1,1.26,"Missing",0.99995473479955,10.0029267564617
2008,0,0.299,7100,0,0.27,"A",8.97815192219651e-06,-11.6207075179475
2008,1,0.286,3600,0,0.57,"D",0.999933296419288,9.6151852168334
2008,0,0.325,25000,0,0.71,"A",0.0253474118056007,-3.64940446127385
2008,0,0.377,4000,0,0.77,"Missing",0.649837816204964,0.618326388798597
2008,1,0.325,15000,0,0.11,"D",0.987747757886553,4.38971840945696
2008,1,0.26,1000,0,1.07,"Missing",0.915754340732314,2.38601109587222
2008,0,0.195,13000,0,0.26,"AA",0.000169873430695449,-8.6802870356707
2008,0,0.208,5000,0,0.35,"B",0.01157859237796,-4.44695122429593
2008,1,0.26,3500,0,0.8,"D",0.603060952403785,0.41823553715211
2008,0,0.169,10800,1,0.68,"A",0.0476339817405826,-2.99540302521859
2008,0,0.377,2000,1,0.98,"Missing",0.0125539023026647,-4.36509035297799
2008,1,0.325,8500,0,0.86,"Missing",0.988857526200955,4.48578598841073
2008,1,0.377,13200,0,0.98,"D",0.744080931706019,1.06728855307152
2008,0,0.26,7500,1,0.38,"C",0.042094528537429,-3.12483133154671
2008,0,0.286,10001,1,0.81,"D",0.874504413936796,1.94138675468713
2008,0,0.195,20000,1,0.72,"B",0.000434759969012532,-7.74028162003964
2008,0,0.26,7500,1,0.38,"C",2.91745146670167e-05,-10.4421858402248
2008,1,0.377,15000,0,0,"Missing",0.990466359485929,4.64334925200347
2008,1,0.377,4000,1,0.94,"D",0.98682131957266,4.3158885844369
2008,0,0.208,3000,1,0.96,"C",0.00396170095198757,-5.5271122433312
2008,0,0.169,1200,0,0.72,"D",0.0989107720307735,-2.20938613374955
2008,1,0.364,1250,0,0,"Missing",0.988590985961727,4.46187693477849
2008,0,0.143,14000,0,0.56,"AA",1.65895632828578e-07,-15.6119067983203
2008,1,0.325,10000,1,0,"A",0.228108953522779,-1.21902002741793
2008,0,0.221,11000,0,0,"C",0.0292494720960726,-3.50220798690453
2008,1,0.377,25000,0,1.31,"Missing",0.832333737668704,1.60225801751118
2008,1,0.377,5000,0,0,"Missing",0.627353385322778,0.520879437988011
2008,0,0.234,7000,0,0.95,"C",0.0242694643053368,-3.69396751061902
2008,1,0.377,3500,0,1.24,"Missing",0.324306877236022,-0.73404879307346
2008,0,0.221,1000,1,0.14,"D",0.000992839187284521,-6.91394852099511
2008,0,0.234,15000,0,0.16,"B",0.209479200552276,-1.32806751500512
2008,1,0.26,6000,0,0.85,"Missing",0.996653424544137,5.6964655202178
2008,0,0.13,1000,0,0.24,"AA",4.2509735309703e-05,-10.065734931516
2008,0,0.26,2700,1,0.8,"D",0.628500771772369,0.525790469282287
2008,1,0.377,3000,1,0.92,"Missing",0.959744987000747,3.17143306795825
2008,0,0.247,6000,0,0.5,"B",0.0760209724387528,-2.49768011857981
2008,1,0.377,3000,0,0,"Missing",0.912497943045549,2.34452353011932
2008,0,0.117,5000,0,0.17,"AA",0.0255467120275278,-3.64136796284444
2008,1,0.312,2000,0,1.02,"Missing",0.986983113559996,4.32840545896174
2008,1,0.377,5000,1,0,"Missing",0.989718236691304,4.5670485198159
2008,0,0.156,9000,0,0.05,"AA",0.0215593445024209,-3.81515079438713
2008,0,0.195,20000,0,0.75,"B",1.29710418200668e-06,-13.5553750333795
2008,1,0.364,12000,0,0,"Missing",0.999902872708731,9.23939102661912
2008,1,0.286,8000,1,0.93,"D",0.991562308539455,4.76657304112643
2008,0,0.286,6500,1,0.97,"Missing",0.0121370005446596,-4.39928534061398
2008,0,0.338,1200,1,0,"Missing",0.996380615811618,5.61782543131516
2008,0,0.377,3500,0,0,"Missing",0.0164923014761954,-4.08823177065376
2008,0,0.195,2000,0,0,"C",5.27057376827127e-07,-14.4559558928391
2008,1,0.234,2750,1,0,"D",0.998392262898076,6.43131858452236
2008,1,0.312,2000,0,0,"Missing",0.434468331050952,-0.263643239575934
2008,1,0.299,10000,0,0,"D",0.197889840566837,-1.39953543924086
2008,1,0.338,2864,0,0.71,"Missing",0.99599480456837,5.5161496650331
2008,1,0.338,7000,0,0.58,"D",0.926654977261668,2.53640665751266
2008,0,0.377,2000,0,1.23,"Missing",0.0102577479171768,-4.56941124340095
2008,0,0.117,1025,1,0.76,"D",5.70967436718859e-05,-9.77070637306813
2008,0,0.234,10000,0,0.87,"C",0.0158989030363146,-4.12547851717212
2008,1,0.377,3800,0,0.73,"Missing",0.999968878226213,10.3775717397116
2008,1,0.377,2000,0,0.77,"Missing",0.027804129252448,-3.55437275334697
2008,0,0.195,19300,0,0.39,"A",0.0789640396778964,-2.45650652547551
2008,0,0.273,4000,0,0,"D",0.0193915664238382,-3.92333497847429
2008,0,0.208,3500,0,0,"C",0.175675369427062,-1.54592662148928
2008,0,0.325,10000,1,0,"A",0.000110441656919637,-9.1109127203646
2008,1,0.247,10000,1,0.81,"C",0.987653879623531,4.38199043793766
2008,0,0.195,9900,0,0.72,"B",8.00171683760937e-05,-9.4331893212436
2008,1,0.221,9500,0,0.37,"C",0.36185847506816,-0.567306902123642
2008,0,0.377,1500,0,0.51,"Missing",0.040545087067135,-3.16395070836071
2008,1,0.312,3000,0,0,"Missing",0.90827651518341,2.29277041303783
2008,0,0.195,3500,0,0.3,"C",3.37543129673708e-05,-10.2963686023019
2008,0,0.221,15000,1,0,"A",7.3678421152342e-05,-9.51572691355397
2008,0,0.195,15000,0,0.01,"AA",0.00485644831548158,-5.32257962833719
2008,0,0.325,4000,0,0.46,"C",0.00131577285501092,-6.63201442430766
2008,0,0.221,9000,0,0.94,"C",7.76937882300553e-05,-9.46265755253907
2008,0,0.26,12000,0,0.34,"C",0.144109230286022,-1.78157120684505
2008,1,0.325,25000,0,0.87,"A",0.888245527140796,2.07294394102414
2008,0,0.247,25000,0,0.72,"C",0.00561100760864355,-5.17739815774619
2008,1,0.377,7500,1,0.09,"D",0.999514620942545,7.63009491363164
2008,0,0.104,3000,0,0.46,"AA",0.00807091300627697,-4.8113850081159
2008,0,0.247,12500,0,0.02,"AA",1.05972576291792e-07,-16.0600853845624
2008,1,0.377,20000,1,0.87,"D",0.937541329681588,2.70875577876829
2008,0,0.195,1200,1,0,"Missing",0.993351421080521,5.00668136429449
2008,1,0.156,17000,0,0.19,"AA",0.40635834255234,-0.379040479583506
2008,1,0.377,1550,0,0,"Missing",0.999967955558557,10.3483547785859
2008,1,0.377,2500,0,1.09,"Missing",0.930099447163394,2.58821795469138
2008,1,0.312,1000,1,0.29,"Missing",0.790716173804738,1.32924773315095
2008,1,0.377,3500,0,0,"Missing",0.999999521223462,14.5520313881121
2008,1,0.273,4500,0,0,"D",0.965148706064331,3.32119192378451
2008,1,0.325,7500,0,0.54,"D",0.97795380112349,3.79232223032428
2008,1,0.377,5001,1,0.3,"D",0.849872873995716,1.73360433643364
2008,1,0.247,13500,0,0.78,"B",0.915555800363019,2.38344035604985
2008,1,0.338,5050,1,0,"D",0.26292205870884,-1.03083600786574
2008,0,0.377,5000,1,0,"Missing",0.0057324393742789,-5.15586518621196
2008,1,0.377,3800,0,0.96,"Missing",0.999882875304125,9.05215428243965
2008,0,0.325,15000,0,0,"D",0.244113175757603,-1.13025970876268
2008,0,0.234,4800,0,0.89,"C",0.000438170462368048,-7.73246427332429
2008,1,0.299,10000,0,0,"D",0.667082960212078,0.695021087133891
2008,1,0.377,3000,1,0.61,"Missing",0.9999895638523,11.4702246016997
2008,0,0.208,5300,0,0.92,"C",0.00230570396372532,-6.07006087571262
2008,0,0.26,4000,0,0,"D",2.13471287907009e-05,-10.7545719628478
2008,0,0.26,7500,0,0.36,"C",0.00562305066996991,-5.17524201897907
2008,0,0.182,14500,0,0.48,"A",0.141935688054689,-1.79930499833885
2008,0,0.104,3500,0,0,"AA",1.21979195499643e-06,-13.6168290226595
2008,0,0.195,25000,0,0.04,"A",0.00383256340453171,-5.56038147695135
2008,1,0.156,19500,1,0,"AA",0.80600077842796,1.42423056175765
2008,0,0.377,25000,1,0.97,"D",0.326154792873266,-0.725628328081281
2008,0,0.234,18000,0,0.15,"B",0.211518061210365,-1.31579910972315
2008,1,0.325,5000,0,0.52,"C",0.677343566862677,0.741590545851214
2008,0,0.117,1025,1,0.76,"D",0.00142421947514517,-6.55270611742463
2008,1,0.377,2550,1,0.75,"D",0.743789282718352,1.06575755227724
2008,1,0.091,1500,1,0.91,"Missing",0.996616055561774,5.68532357340914
2008,0,0.377,3000,0,0.79,"Missing",0.000249749793483126,-8.29480118634419
2008,0,0.286,24000,0,0.72,"B",7.27487228988901e-05,-9.52842645535197
2008,0,0.299,25000,0,0,"B",0.0857492849847266,-2.36667709146694
2008,0,0.26,7500,0,0,"D",0.0429522245149546,-3.10376487212428
2008,1,0.312,1000,1,0.29,"Missing",0.833320132726508,1.60934287107594
2008,0,0.247,13500,0,0.78,"B",0.848568592232213,1.72341815239113
2008,0,0.26,10000,0,0.87,"C",9.78682742611087e-07,-13.8370573309581
2008,0,0.377,6500,0,0.89,"Missing",0.491092522055659,-0.0356336818151721
2008,0,0.221,4000,0,0.73,"B",1.18038671809137e-05,-11.3470715490506
2008,1,0.26,15000,0,0.84,"C",0.999613316959739,7.85751846010467
2008,1,0.299,10000,0,0,"D",0.249440089540559,-1.10160071100608
2008,1,0.377,2550,0,0,"Missing",0.838328670954088,1.64584479105132
2008,1,0.195,3000,0,0,"C",0.429353713232544,-0.284488469376742
2008,1,0.377,3975,0,0.97,"Missing",0.703544053226189,0.86423186476607
2008,1,0.299,6500,0,0.75,"D",0.696852081923743,0.832352302323606
2008,0,0.195,3000,0,0.27,"C",0.0513360194458838,-2.91666201927242
2008,0,0.286,2500,1,1,"Missing",0.967332618125529,3.38816532153626
2008,0,0.208,3400,0,0.49,"C",0.171661399565337,-1.57389807913479
2008,1,0.299,3500,1,0.95,"D",0.994175362579806,5.13981686014844
2008,1,0.299,3250,0,0.93,"D",0.929214000696003,2.57467783705481
2008,0,0.182,1000,0,0,"B",0.55451004978712,0.218910242466994
2008,0,0.234,15000,0,0.51,"B",0.00344857992363756,-5.66633820903125
2008,0,0.273,4500,0,0,"D",0.0100349304936178,-4.5915976033508
2008,0,0.312,25000,0,0.85,"B",0.0573827271054765,-2.79891700252383
2008,0,0.26,2500,0,1,"C",0.123862189876725,-1.95635382044424
2008,0,0.221,5000,0,0,"C",0.000267350556873611,-8.22668242733179
2008,0,0.286,17500,0,0,"AA",0.062163203444736,-2.7138127027886
2008,1,0.325,3001,1,0.84,"D",0.984127550538435,4.12717064515013
2008,0,0.26,10000,0,0.03,"D",2.4060319351307e-05,-10.6349225137754
2008,1,0.377,4000,0,1.21,"Missing",0.999933510416654,9.61839877219791
2008,0,0.377,3600,0,0.92,"Missing",0.0984992883575232,-2.21401150868603
2008,0,0.351,15000,0,0.94,"D",0.00293917646868858,-5.82668234523124
2008,1,0.286,5000,1,0,"D",0.845724893857362,1.70145670994028
2008,0,0.221,5000,0,0,"C",2.64460018625892e-05,-10.5403791230482
2008,0,0.26,7500,0,0.36,"C",0.0972766203852204,-2.22785749511103
2008,0,0.234,5000,0,0,"B",5.52224185305872e-05,-9.80408633038699
2008,0,0.195,5000,0,0,"C",0.0401787882754409,-3.17340782780416
2008,0,0.143,6000,0,0.4,"AA",7.60379523565426e-06,-11.7868554583807
2008,1,0.351,15000,1,0.96,"Missing",0.992836357792943,4.93154731491632
2008,1,0.338,3000,1,0,"Missing",0.998265830878438,6.35549119822709
2008,0,0.195,1500,0,0.77,"C",7.77651261199622e-06,-11.7643947941115
2008,1,0.377,3500,0,0,"Missing",0.875538883535409,1.95084621411705
2008,1,0.299,4500,1,0,"D",0.589920795615095,0.363637960700136
2008,0,0.221,5000,0,0.46,"A",0.119982541120793,-1.99259550537372
2008,0,0.221,6500,0,0.81,"C",0.0055461675498072,-5.18908651667549
2008,0,0.156,1500,1,0.59,"D",0.0711423478606021,-2.56927273073969
2008,1,0.377,5000,0,0.51,"Missing",0.952403148699578,2.99622181077705
2008,0,0.286,25000,0,0.63,"AA",1.57825564444574e-05,-11.0565894676348
2008,1,0.247,5000,0,0.39,"C",0.561067777987949,0.245496705219352
2008,1,0.377,1000,1,1,"Missing",0.982178804212702,4.00938485000697
2008,0,0.26,24900,0,0.87,"C",0.0172380315020666,-4.04324886610464
2008,0,0.286,6001,0,0.69,"D",0.0499534753151132,-2.94541887819553
2008,0,0.247,19250,0,0.88,"B",0.44724812749418,-0.21179567167919
2008,0,0.338,3675,0,0.85,"Missing",0.146551687497342,-1.76190679902895
2008,0,0.208,3500,0,0.83,"C",0.00521195922626551,-5.25157385393527
2008,0,0.26,18000,1,0.75,"B",0.00801893812683825,-4.81789800627399
2008,1,0.195,1200,0,0.9,"D",0.512115600513492,0.0484718903144297
2008,0,0.195,5000,0,0.7,"C",1.60374537014983e-05,-11.0405676773346
2008,1,0.195,1200,1,0,"Missing",0.9963508891767,5.60961596605042
2008,1,0.377,5000,1,0.96,"Missing",0.999896045768845,9.17145588110466
2008,1,0.143,1000,0,0.05,"C",0.886778721911258,2.05825136613105
2008,0,0.312,5600,0,0.62,"Missing",0.000176070583376151,-8.64444951532636
2008,0,0.377,10000,0,0.98,"C",0.565021937841452,0.261568960433092
2008,1,0.312,2350,0,1.37,"Missing",0.997664920363331,6.05737147261655
2008,0,0.286,7300,0,0.74,"D",0.00193683133128472,-6.24476326622658
2008,1,0.377,1500,0,0.84,"Missing",0.996980378008564,5.7995994335796
2008,1,0.338,2864,0,0.71,"Missing",0.663353983084906,0.67827677545433
2008,1,0.377,5000,0,0.73,"Missing",0.93979533267223,2.74791224068634
2008,0,0.377,10000,0,0.49,"D",0.00190725863408094,-6.26017925825727
2008,0,0.312,6500,0,0.98,"C",0.00191088439332326,-6.25827639847473
2008,1,0.234,13000,0,0.95,"B",0.926032753816529,2.52728722923566
2008,0,0.26,4000,1,0.98,"B",0.742573783346817,1.05938909547574
2008,0,0.143,1000,0,0.05,"C",0.184813927597918,-1.48406687472065
2008,0,0.299,5000,0,0,"D",0.080335773512234,-2.43779361218376
2008,1,0.325,5000,0,0.9,"D",0.980772130897627,3.93197940776269
2008,0,0.195,19500,0,0.59,"AA",1.0027431669008e-05,-11.5101760262032
2008,1,0.325,7500,1,0.76,"Missing",0.960564643234641,3.19285848786299
2008,1,0.377,2975,0,0.96,"Missing",0.99977595246873,8.403428262815
2008,1,0.377,15000,0,0.98,"Missing",0.999975503315548,10.6169482810602
2008,1,0.26,13000,0,1.01,"B",0.633384979330332,0.546766111994164
2008,0,0.286,2500,1,0.63,"D",0.403519026149757,-0.390823705332014
2008,0,0.195,6000,0,0.72,"B",1.10183691325471e-06,-13.7185307479498
2008,1,0.377,12000,1,0,"Missing",0.998457584219137,6.47286179626313
2008,0,0.377,5000,1,0.96,"Missing",0.134112935966411,-1.86507223830243
2008,0,0.143,1850,0,0.86,"C",0.549110905682434,0.197079036443317
2008,1,0.338,10848,0,0.68,"B",0.670598747076827,0.710894344280029
2008,0,0.169,18000,0,0.53,"AA",0.0258199821380581,-3.6304474162005
2008,0,0.377,15000,0,0,"Missing",0.260492481094293,-1.0434104522373
2008,1,0.377,5500,1,0.72,"C",0.962115048357649,3.23458005745248
2008,1,0.364,9900,0,0.33,"D",0.994918520951958,5.27705847491164
2008,0,0.299,8200,0,0.44,"C",0.000112899700955039,-9.08889782949718
2008,1,0.377,25000,1,0.97,"D",0.968384276314757,3.42197440635043
2008,1,0.299,3890,0,0.97,"Missing",0.999936007707425,9.65668391603791
2008,1,0.377,12000,0,0.63,"D",0.999070343822005,6.97976565267784
2008,0,0.13,2750,0,0.37,"AA",4.16141739338287e-06,-12.3896506607336
2008,0,0.377,5000,1,0.94,"Missing",0.198593978151053,-1.39510528267905
2008,0,0.195,8500,0,0,"B",4.05408161410578e-05,-10.1131607437573
2008,0,0.195,1000,0,0.27,"A",8.34890874983358e-05,-9.39071113071775
2008,1,0.26,2850,0,0.7,"C",0.99363437875935,5.05045748091893
2008,1,0.26,8000,0,0.87,"D",0.671396790996923,0.714509333727444
2008,0,0.377,3500,0,0.98,"Missing",0.132201242295116,-1.88163451735574
2008,0,0.234,19200,0,0,"AA",6.54670484823427e-07,-14.2391331498314
2008,0,0.234,4500,1,0.71,"C",0.000201695484884147,-8.50854978273069
2008,0,0.377,6000,1,0,"D",0.163917687893397,-1.62936266895591
2008,1,0.221,2800,0,0,"C",0.999311602325613,7.28045523719133
2008,0,0.156,17000,0,0.19,"AA",9.86239890053188e-09,-18.4345363918612
2008,1,0.377,25000,0,0.52,"D",0.965665950227956,3.33668040069925
2008,0,0.13,6000,1,0.75,"A",0.0189168591492112,-3.94860366416597
2008,0,0.325,15000,0,0,"C",4.69435542712413e-06,-12.2691450495801
2008,0,0.377,15000,0,0.49,"C",0.260572781206213,-1.04299364522821
2008,1,0.377,2000,1,0.09,"Missing",0.999953959004457,9.98593230884317
2008,0,0.299,15000,0,0.06,"D",0.00081746157774638,-7.10848886011434
2008,0,0.247,21200,1,0.47,"B",0.000215582327496725,-8.44195208565948
2008,1,0.325,25000,0,0.87,"A",0.999459459584221,7.52240046232007
2008,0,0.195,5000,0,0.67,"C",0.00897515077357525,-4.70427987539876
2008,0,0.169,15000,1,0.07,"AA",0.526284316756802,0.10523427551266
2008,0,0.26,7500,0,0.74,"C",0.00412801503958145,-5.48582204868573
2008,0,0.26,1000,1,0.76,"C",0.311409900769698,-0.793536119412763
2008,0,0.208,25000,0,0.78,"B",0.00120684730733164,-6.71853627467429
2008,0,0.247,10000,0,0.64,"C",0.232898843023546,-1.19201447002963
2008,1,0.377,1000,1,1,"Missing",0.930450298682256,2.5936270372322
2008,0,0.104,1000,0,0.33,"A",0.0275575098212612,-3.56353585043414
2008,0,0.221,1500,0,0.61,"D",0.00037498733583812,-7.8882432460013
2008,0,0.143,4000,0,0.64,"D",0.793935199025058,1.348811157435
2008,0,0.182,2000,0,0.98,"B",0.000853541103630315,-7.0652629524014
2008,0,0.195,15000,0,0.04,"AA",0.0027826747739402,-5.88155611133806
2008,0,0.312,3000,0,0.92,"Missing",0.0346285010797309,-3.32783592661842
2008,0,0.377,15000,0,0,"Missing",0.582013767015001,0.331045605576832
2008,0,0.26,1000,0,1.07,"Missing",0.00696503749393908,-4.95986288198394
2008,0,0.091,1000,0,0.07,"AA",0.0462250243924739,-3.02690646403713
2008,0,0.221,1675,0,0.95,"Missing",0.0414800231040119,-3.14017846374775
2008,0,0.312,4000,0,0.7,"Missing",0.0032530806807855,-5.72489444638444
2008,0,0.234,15000,0,0.16,"B",0.000727856615487645,-7.22467836428214
2008,1,0.182,2100,0,0.92,"C",0.392715324554504,-0.435912684284657
2008,0,0.104,5000,0,0.13,"AA",3.3261164735654e-06,-12.613701832573
2008,0,0.195,8000,0,0.54,"B",1.31192670638983e-06,-13.5440124211074
2008,1,0.325,3000,0,0.97,"Missing",0.993771452827952,5.0723641465908
2008,1,0.325,2000,0,0,"D",0.943563399854751,2.81654567222559
2008,1,0.26,5000,0,0.97,"C",0.991643645194141,4.77634151011043
2008,0,0.26,5000,0,0.45,"D",0.0084102238907893,-4.76986139400583
2008,0,0.221,20000,1,0.01,"AA",0.0339097426051529,-3.34955489842449
2008,1,0.26,3000,0,0,"D",0.980098757953385,3.89687119582361
2008,0,0.195,8000,0,0.54,"B",9.2860332913832e-05,-9.28432112561865
2008,0,0.234,9900,0,0.55,"C",0.365273709097391,-0.552546907525412
2008,0,0.364,3900,0,1.08,"Missing",0.00986374248719148,-4.60897690831492
2008,0,0.208,20000,0,0.15,"AA",0.0476397408185332,-2.99527608266191
2008,1,0.221,1775,0,0.9,"D",0.449657708730022,-0.202053786353221
2008,1,0.377,3500,0,0.98,"Missing",0.998953846367322,6.86158834652637
2008,0,0.26,6000,1,0.25,"C",0.00857696958960979,-4.75006065907892
2008,0,0.377,25000,1,0.93,"C",0.287764883232848,-0.906264308025372
2008,0,0.299,3100,0,0.78,"Missing",0.0836988065516705,-2.39312040568309
2008,0,0.13,15000,0,0.21,"AA",0.000471823617386644,-7.65843339923524
2008,1,0.377,5000,0,1,"D",0.896233852408314,2.15606158847464
2008,0,0.195,3500,0,0.3,"C",2.6501590112134e-05,-10.5382793205995
2008,0,0.156,5000,0,0,"AA",5.69975313129807e-06,-12.0750819945909
2008,1,0.273,5000,0,0.26,"D",0.937987791163679,2.71640565073014
2008,0,0.299,4000,0,1.01,"Missing",0.0331468634714986,-3.37309851264965
2008,0,0.26,1100,0,0,"Missing",0.133839042547583,-1.86743285145711
2008,1,0.377,5000,0,0.93,"Missing",0.974000304041942,3.62332677176827
2008,0,0.195,4000,0,0.64,"B",4.22206629138176e-05,-10.0725585926963
2008,1,0.325,2500,0,0,"Missing",0.999804123927364,8.53783248591745
2008,0,0.234,14000,0,0.28,"C",9.53526619471739e-07,-13.8630975411265
2008,1,0.299,6001,1,0.52,"D",0.99925354187542,7.19942430136872
2008,0,0.143,14000,0,0.29,"AA",0.000224745379123105,-8.40031767426093
2008,1,0.377,6500,0,0.95,"Missing",0.965928880798807,3.34464012795776
2008,0,0.377,5000,0,0,"Missing",0.000576242547378734,-7.45840548806344
2008,1,0.234,15000,0,0.58,"C",0.40893264530205,-0.368379517184084
2008,0,0.117,4000,0,0.32,"A",0.000288803456270527,-8.14947533815346
2008,0,0.26,1000,0,0,"Missing",0.0148331427801499,-4.19594697087903
2008,0,0.143,5000,1,0,"A",0.0269808761312341,-3.58527541292257
2008,1,0.182,3500,0,0.94,"C",0.988860516455377,4.48605741376982
2008,0,0.26,24900,0,0.87,"C",3.3812730114103e-05,-10.2946393824863
2008,0,0.312,2500,1,1,"D",0.0182143184169203,-3.98716502669443
2008,1,0.221,8000,0,0.8,"C",0.850849021816546,1.7412756308359
2008,1,0.299,5300,0,0.45,"D",0.947781260590602,2.89868231487393
2008,1,0.377,1000,0,0.95,"Missing",0.918215013142663,2.41833789029238
2008,0,0.234,14000,0,0.28,"C",0.0182193064513758,-3.98688613121822
2008,1,0.325,4000,0,0.45,"D",0.850307555984996,1.73701529864001
2008,0,0.377,2550,0,0.94,"Missing",0.714855865361166,0.919086147462806
2008,1,0.377,15000,0,0.97,"D",0.960252941453457,3.18466089090444
2008,0,0.195,14700,0,0.37,"AA",0.092581880138846,-2.2825098923617
2008,0,0.156,25000,1,0,"AA",1.80235992855083e-06,-13.2264118779871
2008,0,0.26,3200,1,0,"D",0.000402400825115423,-7.81765940688515
2008,0,0.169,9999,0,0.61,"B",0.0661690444906893,-2.64708268432907
2008,1,0.273,9500,0,0.73,"D",0.448522023043813,-0.206644120836609
2008,0,0.299,8800,1,0.61,"C",0.24650909669016,-1.11731804920199
2008,0,0.13,2100,0,0,"AA",1.24380145826048e-05,-11.2947406447677
2008,0,0.325,1500,1,0,"Missing",0.541918298238413,0.168067692488851
2008,1,0.195,17000,1,0.58,"A",0.993795280995769,5.07622109845904
2008,0,0.377,5000,0,0.6,"Missing",0.199077457716829,-1.39207025737281
2008,0,0.195,2500,0,0.44,"D",0.542526263225164,0.170517018606625
2008,0,0.195,15000,0,0.04,"AA",3.05854428502942e-06,-12.6975684204901
2008,0,0.156,15000,0,0.09,"A",4.74307480804604e-05,-9.95619241402049
2008,1,0.377,25000,0,0.52,"D",0.766487824700441,1.18858459554699
2008,0,0.273,2500,1,0.38,"A",0.00487691436631146,-5.31835371576983
2008,0,0.377,3600,0,0.92,"Missing",0.189622256193425,-1.45246652141917
2008,1,0.338,1000,0,0,"Missing",0.768090280648081,1.19755912395914
2008,0,0.169,4250,1,0.99,"B",1.87472419232504e-07,-15.48963391231
2008,0,0.273,15000,0,0.82,"C",0.57870468004049,0.317458235355426
2008,1,0.364,8000,0,0.92,"D",0.95232643953049,2.99453091831247
2008,0,0.364,3001,0,0.75,"Missing",0.00328330699151398,-5.7156154265164
2008,0,0.104,3500,0,0.46,"AA",0.0340971520897661,-3.34384939326073
2008,0,0.221,15000,1,0.89,"B",0.0151323869207303,-4.17566995302813
2008,0,0.351,7500,0,0.73,"C",0.11746071922812,-2.01669932535605
2008,1,0.377,3000,1,0.67,"Missing",0.956299627439722,3.08571465429825
2008,0,0.195,10000,0,0.64,"AA",0.0387554740813367,-3.21095681361331
2008,0,0.143,8000,1,0.17,"AA",0.000418693569881111,-7.7779524611521
2008,1,0.377,2500,0,0,"Missing",0.996241828163384,5.58005740197876
2008,0,0.377,2000,0,0.98,"Missing",0.0704497835671922,-2.57980066472007
2008,1,0.377,2550,0,1.16,"Missing",0.908264113777284,2.29262156404305
2008,1,0.312,1800,0,1.18,"Missing",0.999929435734518,9.55891612949993
2008,1,0.377,5000,0,0.78,"Missing",0.996571328827081,5.67214794347519
2008,0,0.26,5000,0,0,"C",1.65242157010152e-05,-11.0106671103613
2008,1,0.377,3000,1,0,"Missing",0.410604005841724,-0.361469013200846
2008,1,0.377,5000,0,0,"Missing",0.999976119461718,10.6424228477354
2008,1,0.351,1700,0,0.95,"Missing",0.999978487920883,10.7468744488915
2008,0,0.117,5500,1,0.48,"A",0.000567511297754976,-7.47368222847535
2008,0,0.247,12500,0,0.02,"AA",2.085272251075e-06,-13.0806090499082
2008,0,0.143,25000,0,0.29,"AA",0.00523726406429285,-5.24670501553413
2008,1,0.221,1850,0,0.68,"D",0.997435726909229,5.96351266946419
2008,0,0.26,1500,0,0.53,"D",0.0338857047928441,-3.35028890730883
2008,1,0.247,7000,0,0.83,"C",0.465778141664845,-0.137101787815153
2008,0,0.351,3001,1,1.02,"Missing",0.237459159223077,-1.16666042120016
2008,0,0.338,3000,1,0,"Missing",0.00271158536393607,-5.90750654162597
2008,1,0.299,7500,0,0.89,"D",0.771150390368933,1.21481835207306
2008,0,0.377,5200,0,0,"Missing",0.0237779083951626,-3.71493318247563
2008,1,0.299,9500,0,0.53,"D",0.964853914853826,3.31246346989651
2008,1,0.377,2000,0,0.4,"Missing",0.996176762084147,5.56282702826951
2008,1,0.299,12000,0,0.79,"D",0.597717549048843,0.395963860156778
2008,1,0.312,3500,0,1,"Missing",0.0393387701046065,-3.19541127925795
2008,1,0.26,5500,1,0.47,"D",0.999782755239406,8.43426864269149
2008,1,0.377,4500,0,0.97,"D",0.997391105243225,5.9462163083178
2008,0,0.377,2200,0,1.06,"Missing",0.115629671109742,-2.03448330519391
2008,0,0.195,3000,1,0,"C",0.011709800166086,-4.43555026691954
2008,0,0.26,6000,0,0.25,"A",0.00300447739636267,-5.80464263758012
2008,0,0.26,7000,0,0.28,"C",0.0253068530966846,-3.65104746789731
2008,1,0.364,4000,0,0,"Missing",0.901998433806336,2.21962932359363
2008,1,0.26,5000,0,0.97,"C",0.949631298231518,2.93670381661487
2008,0,0.377,2100,0,0,"Missing",0.253304774756409,-1.08106369651071
2008,0,0.143,1500,0,0,"AA",0.0122528733984948,-4.38966624762557
2008,1,0.364,6000,0,0.53,"D",0.966736231003296,3.36945690127607
2008,0,0.234,9750,0,0.92,"C",0.00276113823199924,-5.88934732416391
2008,1,0.26,16950,0,0.55,"C",0.890701853166289,2.09793031083064
2008,1,0.377,25000,0,0.52,"D",0.99965293520379,7.9656519378195
2008,0,0.299,8100,0,0.93,"C",0.0115953772449725,-4.44548564579151
2008,0,0.234,15000,0,0.26,"B",1.43700568548435e-05,-11.1503495312253
2008,0,0.325,2000,1,1.4,"Missing",0.108222206956238,-2.10903040536439
2008,0,0.26,6000,0,1,"C",0.959272229739578,3.1592647271843
2008,1,0.195,1200,1,0,"Missing",0.418254513535016,-0.329942912319657
2008,1,0.377,10000,0,0.47,"Missing",0.999883808465128,9.06015436754934
2008,1,0.364,4000,0,0.53,"Missing",0.990352312548563,4.63134250678869
2008,1,0.377,2000,1,0,"Missing",0.65271314316346,0.630986626845353
2008,0,0.234,4500,0,0.49,"B",2.0202542907482e-05,-10.8096818722242
2008,0,0.273,5500,1,0,"C",0.0232414575828479,-3.73830183092476
2008,0,0.26,5000,0,0.16,"A",2.37541752578182e-05,-10.6477284881481
2008,1,0.364,3200,0,0.99,"Missing",0.997667327431811,6.05840524627398
2008,0,0.195,9800,0,0.94,"B",5.01458751695219e-06,-12.203154375193
2008,1,0.273,8000,0,0.76,"D",0.984245071537411,4.13472168790073
2008,0,0.351,6000,0,0.95,"Missing",0.00518284749167186,-5.2572043398944
2008,0,0.26,8000,1,0.52,"D",0.0131403190513844,-4.31884256841249
2008,1,0.338,5000,1,0,"Missing",0.997608693201404,6.03352111427301
2008,0,0.377,1000,0,0.92,"Missing",0.594826239914493,0.383953316793774
2008,0,0.117,2000,0,0.06,"AA",3.53499578358561e-07,-14.8553831908731
2008,1,0.325,12000,0,0.43,"C",0.766768188388889,1.19015166552052
2008,0,0.377,4600,0,0.9,"Missing",0.00317600375523095,-5.748950495261
2008,0,0.195,9000,0,0.97,"C",0.0875429794397903,-2.34401111722635
2008,0,0.273,4000,0,0,"D",0.000738080364990826,-7.21071949076057
2008,0,0.338,2550,1,0.51,"Missing",0.742149777692352,1.05717219686989
2008,1,0.312,22000,0,0.93,"D",0.945507153846176,2.85365202445336
2008,0,0.143,5000,0,0.12,"A",0.000386298082416212,-7.85851487956525
2008,0,0.377,4750,0,1,"Missing",0.00132309616587967,-6.62645673652077
2008,1,0.26,12200,0,0.35,"C",0.852553211537582,1.75476827093093
2008,1,0.26,1000,0,0.9,"Missing",0.999978981519757,10.7700874769275
2008,0,0.234,14000,0,0.28,"C",0.0387017782180087,-3.2123991374987
2008,1,0.377,3975,0,0.97,"Missing",0.193801734781331,-1.42549404806388
2008,1,0.182,2400,1,0.22,"B",0.616297248264353,0.47386122422115
2008,1,0.377,3000,1,0.53,"D",0.714999217704141,0.919789523410692
2008,1,0.377,6000,0,1.02,"Missing",0.781033452967016,1.27169901755237
2008,1,0.377,3800,0,1,"Missing",0.998893981892332,6.80588237360603
2008,0,0.195,2500,1,0.28,"B",0.00628873007079758,-5.06268753775897
2008,1,0.377,3500,0,0.83,"Missing",0.988953134718351,4.49450024116749
2008,1,0.26,5000,0,0.64,"D",0.894902592660075,2.14182726826348
2008,0,0.247,6000,0,0.5,"B",0.000358427053601711,-7.93342690402859
2008,0,0.312,5000,0,0.95,"D",0.365687426452681,-0.550762908729361
2008,0,0.208,5000,0,0.89,"C",0.0220082245779946,-3.79408503246032
2008,1,0.299,18000,0,0.58,"C",0.982279729637495,4.01516692231681
2008,1,0.312,1000,1,0.9,"D",0.999712207176123,8.15298186398704
2008,0,0.377,4200,0,1,"Missing",0.230005206159929,-1.20828180943324
2008,0,0.325,3000,0,0.73,"D",0.0104218533289561,-4.5533738546691
2008,0,0.195,2000,1,0,"C",0.00085030915212478,-7.06905989535366
2008,0,0.143,1527,0,0.03,"AA",0.500481644370656,0.0019265780785318
2008,1,0.325,4800,0,0.85,"Missing",0.95740115456991,3.11239533257276
2008,0,0.273,8000,0,0.76,"D",0.000118263784545532,-9.04247469539829
2008,1,0.377,5000,0,0,"Missing",0.999288968687425,7.24808280472614
2008,1,0.377,1000,0,0.92,"Missing",0.595104839124103,0.385109418671616
2008,1,0.299,10000,0,0.88,"C",0.799840661335821,1.38529879182279
2008,0,0.312,5000,0,0.9,"C",0.000726250168262386,-7.22688950409592
2008,1,0.364,3500,0,0.93,"D",0.999311289390879,7.28000044309283
2008,0,0.26,1000,0,0.98,"Missing",0.00804555998482304,-4.81455679423825
2008,1,0.351,15000,0,0.94,"D",0.999268105059013,7.21914141463855
2008,0,0.221,4800,0,0.88,"C",0.00575260202436612,-5.15233378858487
2008,1,0.182,8000,0,0.53,"B",0.935944171021195,2.68180079745707
2008,0,0.182,8000,0,0.76,"AA",0.000139454926991132,-8.87762964826669
2008,1,0.312,5000,0,0.67,"D",0.999741611915851,8.26078947962014
2008,0,0.26,7500,1,0.38,"C",0.0127777786804804,-4.34718754066483
2008,0,0.299,6300,0,0.76,"D",0.55387603361782,0.216344030746866
2008,1,0.377,5000,0,0.75,"Missing",0.418138603114518,-0.330419305727492
2008,0,0.377,5000,0,0,"Missing",0.13988895894976,-1.81621254087261
2008,1,0.26,2000,1,0,"Missing",0.998723694084723,6.662508256192
2008,1,0.299,8800,1,0.61,"C",0.943251469735174,2.81070315939502
2008,1,0.273,5000,0,0,"D",0.998769243539803,6.69889477588442
2008,0,0.377,10000,0,1.13,"Missing",0.957553672210715,3.11614137172716
2008,1,0.377,4750,0,1,"Missing",0.967062485675704,3.379650850243
2008,0,0.156,15000,0,0.09,"AA",0.00049662863523876,-7.60717127197346
2008,0,0.143,8000,0,0.62,"B",0.000304221144400703,-8.09745140490504
2008,0,0.273,6000,0,0.89,"C",0.00731509213544901,-4.91047367055573
2008,0,0.325,4000,0,0.02,"Missing",0.187970245607531,-1.46325330057161
2008,0,0.234,8000,0,0.33,"C",0.552947084244858,0.212585341044763
2008,1,0.299,10000,1,0.72,"D",0.840556320912772,1.66237320872697
2008,0,0.143,5000,1,0,"Missing",0.178481798157474,-1.5266674691563
2008,0,0.26,2000,0,0,"D",0.010901373886428,-4.50790522379945
2008,0,0.221,4900,0,0.13,"D",0.0310541274799087,-3.44047702156335
2008,0,0.377,6000,0,1.02,"Missing",0.617331270229947,0.478236104990276
2008,1,0.247,20000,1,0.82,"B",0.21291799745965,-1.30742533622573
2008,1,0.312,2800,0,0,"Missing",0.566538009901682,0.267740063306179
2008,0,0.13,5000,0,0.11,"AA",3.24364737275912e-07,-14.9413968976177
2008,1,0.377,4531,0,0,"Missing",0.999702283654224,8.1190716239059
2008,0,0.273,6000,0,0.76,"D",0.00600129873996792,-5.10975999761026
2008,0,0.195,20000,0,0.37,"A",0.0105960908438264,-4.53661750504235
2008,1,0.221,2400,0,0.86,"D",0.999918041694337,9.40921794586745
2008,0,0.273,7500,0,0.68,"C",0.00324368478878602,-5.72779635796377
2008,0,0.117,3000,0,0,"AA",0.0421039764221804,-3.12459704913176
2008,0,0.117,5000,0,0.08,"A",8.03800435300032e-05,-9.42866424411652
2008,0,0.104,1000,0,0.01,"AA",0.0411133706084904,-3.14943946282926
2008,1,0.377,3500,0,0.94,"Missing",0.999998045348355,13.1452966125068
2008,0,0.325,12000,0,0.43,"C",0.349486887201723,-0.621295413545134
2008,0,0.221,2000,0,0.73,"C",0.269865096224723,-0.995307126238462
2008,1,0.312,3000,0,0,"Missing",0.999726626724155,8.20439897525933
2008,0,0.195,25000,0,0.16,"AA",0.0043735423088896,-5.42779886700868
2008,0,0.338,17850,0,0.94,"C",0.463187693701218,-0.147516152787188
2008,1,0.377,4000,0,1.12,"Missing",0.977388382479443,3.76642027483573
2008,0,0.377,25000,0,0.98,"D",0.00163669632891243,-6.41343746525671
2008,0,0.221,10000,0,0.39,"A",0.000325125729427807,-8.03097341207336
2008,1,0.377,5000,0,0.93,"Missing",0.999917228988212,9.39934988260804
2008,1,0.377,3900,0,0,"Missing",0.965655204395966,3.33635634284044
2008,1,0.377,6000,0,0.84,"Missing",0.781016431875977,1.27159949354791
2008,1,0.26,5500,1,0.47,"D",0.291896484835558,-0.886191055436702
2008,1,0.325,8500,0,0.78,"D",0.998926526163878,6.83578126301993
2008,1,0.325,7000,0,0.62,"D",0.924742400542667,2.50859832483209
2008,1,0.377,4750,0,1,"Missing",0.997988523315065,6.20687265510535
2008,0,0.221,3000,0,0.88,"D",0.0181677731673989,-3.98977112587546
2008,0,0.26,2700,1,0.8,"D",0.00615790496443114,-5.08384171940371
2008,1,0.195,1250,0,0.74,"C",0.629186553713565,0.528728704564276
2008,0,0.234,5000,0,0,"B",4.40692591769122e-05,-10.0297040191664
2008,0,0.377,25000,0,0.61,"A",0.000160838691310991,-8.73494776093028
2008,1,0.26,2500,0,0.8,"Missing",0.849062028696806,1.72726327818629
2008,0,0.143,3000,0,0.27,"B",0.000271252090841868,-8.21219065608018
2008,0,0.234,15000,0,0.16,"B",3.19422152776194e-06,-12.6541639588791
2008,0,0.208,3800,0,0,"B",0.0145480996032897,-4.21563994446306
2008,0,0.182,1500,0,0.04,"AA",0.000261154536064104,-8.25013704501653
2008,1,0.182,7000,0,0.55,"C",0.103103217041007,-2.16321019262317
2008,0,0.221,11000,0,0,"C",0.000333571309003687,-8.00532026840756
2008,1,0.377,17000,1,0,"D",0.999993597152142,11.9587612858111
2008,1,0.338,2600,0,0.36,"Missing",0.977585295937096,3.77536837243955
2008,1,0.377,2501,1,0,"Missing",0.935254782480822,2.67035914965653
2008,1,0.351,8500,0,0.96,"C",0.987111588629744,4.3384545272073
2008,1,0.221,9000,0,0.9,"C",0.870873818923448,1.90870702298708
2008,0,0.26,1000,0,0.91,"Missing",0.259619614705452,-1.04794654891711
2008,1,0.377,4000,0,0.98,"Missing",0.999731303586925,8.22165965909407
2008,0,0.117,5000,0,0.28,"AA",0.00706632628538114,-4.94532314328535
2008,0,0.247,15000,0,0.37,"C",2.59991583021848e-06,-12.8600288865345
2008,1,0.338,2500,0,0.65,"Missing",0.99834976382114,6.40518526329169
2008,0,0.156,4000,0,0,"B",4.08026118282419e-09,-19.3171048311009
2008,1,0.377,8000,0,0.8,"D",0.932442174098568,2.62482322674581
2008,1,0.338,3000,0,1.17,"Missing",0.998260635099929,6.35249435299211
2008,1,0.325,1000,1,0.95,"D",0.999824399968003,8.6471260790951
2008,0,0.221,15000,1,0.89,"B",0.129208195720961,-1.90797789389224
2008,0,0.221,1000,0,0.72,"C",1.39997836778301e-05,-11.1764546801703
2008,1,0.377,25000,0,1.31,"Missing",0.997225721044903,5.88458626714861
2008,0,0.182,18500,0,0.45,"A",9.65364228323295e-05,-9.24549364107163
2008,1,0.26,2700,1,0.87,"D",0.950363288717949,2.95211361389877
2008,1,0.377,2500,1,0.87,"Missing",0.99735410960972,5.9320982418887
2008,1,0.325,7900,0,0.68,"C",0.985609001797491,4.2266568397706
2008,1,0.221,5000,0,0,"C",0.436295088338992,-0.256212085768424
2008,1,0.377,3800,0,0.73,"Missing",0.999998364604154,13.3236240397432
2008,1,0.208,5000,0,0.89,"C",0.466405286312709,-0.134581618407716
2008,1,0.26,7500,1,0.62,"C",0.898848011574596,2.18448973469628
2008,0,0.13,1000,0,0.24,"AA",1.4780786047598e-06,-13.4247660755794
2008,0,0.312,22000,0,0.93,"D",0.00183070430352152,-6.30122213876752
2008,1,0.338,1000,0,0,"Missing",0.983342102787552,4.07807266768269
2008,0,0.338,3600,0,0.53,"Missing",0.00783442524490407,-4.84136248765814
2008,0,0.377,3000,0,0.92,"Missing",0.98685967116135,4.3188418136681
2008,1,0.377,7500,1,0.09,"D",0.947846513194197,2.90000154293266
2008,0,0.208,3500,0,0.83,"C",6.65963003233562e-06,-11.9194399660031
2008,0,0.377,2550,0,0.63,"D",0.374800448149989,-0.511677135668562
2008,0,0.182,1000,0,0.6,"A",1.98178472944681e-05,-10.8289078297093
2008,0,0.377,2550,0,1.16,"Missing",0.173894164275029,-1.55827603286889
2008,1,0.078,6000,1,0.81,"Missing",0.994275705620601,5.15729524869897
2008,1,0.312,3000,0,0.97,"Missing",0.937371530861813,2.70585976141627
2008,1,0.338,3000,0,1.17,"Missing",0.929141209023282,2.57357169121314
2008,0,0.195,2500,1,0.28,"B",0.280892110208693,-0.940040755635406
2008,1,0.351,3000,1,0.65,"Missing",0.431356921320594,-0.276317087949276
2008,0,0.195,10000,0,0.41,"C",0.0141698146365468,-4.2423701417564
2008,1,0.312,10000,1,0,"C",0.973348780147797,3.59790755385308
2008,0,0.234,8000,1,0,"C",0.183669615703897,-1.49168057891708
2008,1,0.377,4750,0,1,"Missing",0.996998801960953,5.80573801301744
2008,0,0.195,10000,0,0.59,"B",0.000458759356255295,-7.68652589907804
2008,1,0.195,9500,0,0.94,"B",0.149451687786631,-1.73890803272039
2008,1,0.286,15000,0,0.95,"C",0.968300003298458,3.41922538319299
2008,1,0.299,1600,0,0.74,"Missing",0.834402378683451,1.61715487663616
2008,0,0.286,7000,0,0.07,"AA",0.0131260731372294,-4.31994172962802
2008,0,0.117,8000,0,0,"AA",2.58532064642247e-05,-10.5630500699924
2008,0,0.182,10000,0,0.65,"C",0.00248568963905431,-5.99471635309459
2008,1,0.325,4000,1,0.99,"Missing",0.638500049498513,0.568859848322249
2008,1,0.377,3001,0,0.83,"Missing",0.97952528836394,3.86787750874554
2008,0,0.26,9000,0,0.94,"D",0.148512941482568,-1.74631219905809
2008,1,0.377,6000,1,0,"Missing",0.987439921007648,4.36459220521832
2008,0,0.143,1500,0,0.07,"B",0.000210667687333514,-8.46501791767881
2008,0,0.208,6001,1,0.77,"C",1.49950689740365e-05,-11.1077741507901
2008,0,0.377,2000,1,0,"Missing",0.364679404283345,-0.55511112344765
2008,1,0.325,7000,0,0.14,"D",0.905529149913004,2.26022814664146
2008,1,0.299,5000,1,0.98,"D",0.367494539532124,-0.542980393588689
2008,1,0.377,2500,1,0.87,"Missing",0.999717180364407,8.17041833392514
2008,1,0.299,15000,0,0.18,"D",0.992345285021513,4.8647493212629
2008,0,0.325,1000,1,0.95,"D",0.238409936259745,-1.16141682356797
2008,0,0.325,2800,0,0.97,"Missing",0.128725956085125,-1.91227078547609
2008,0,0.338,2200,0,0.97,"Missing",0.00334590068526887,-5.69666784775893
2008,0,0.377,5000,1,0.97,"Missing",0.685826704451234,0.780680248073274
2008,1,0.377,5000,0,0.89,"Missing",0.989364676630382,4.53288214198757
2008,0,0.299,5000,0,0,"D",0.187064551472492,-1.46919795496183
2008,1,0.26,9000,0,0.88,"D",0.90305202779907,2.23160570282402
2008,0,0.338,2600,0,0.73,"D",0.00187012888968917,-6.27987604575942
2008,0,0.26,6000,0,0.85,"Missing",0.695607552931926,0.826467827418241
2008,0,0.273,15000,0,0.24,"C",3.21236551396635e-06,-12.6484997596053
2008,1,0.377,3001,0,0,"Missing",0.998684351154199,6.63210880111167
2008,0,0.143,12000,0,0.02,"AA",0.00087296655799973,-7.04273996203091
2008,1,0.234,2500,0,0,"C",0.0304963587856503,-3.45917693803136
2008,1,0.338,2200,0,0.98,"Missing",0.999957277115385,10.0607331180379
2008,1,0.312,7500,1,0.82,"D",0.999547721695307,7.70076046864732
2008,0,0.234,9800,1,0.72,"C",0.0111456560238308,-4.48549721699674
2008,0,0.26,4000,0,0.48,"D",0.0488771499785708,-2.96833322736625
2008,1,0.377,5000,0,0.75,"Missing",0.844790214169328,1.69431067048448
2008,0,0.26,13000,0,1.01,"B",0.00155086829447215,-6.46738824278125
2008,0,0.377,1500,1,1.29,"Missing",0.0459317186241221,-3.03357932668371
2008,1,0.351,5000,0,0.96,"Missing",0.696308554438082,0.829780683177576
2008,1,0.338,1000,1,0.33,"Missing",0.849133071582396,1.72781773371919
2008,0,0.26,9000,1,1.01,"D",0.162891924503032,-1.63686624357151
2008,1,0.377,3500,0,1.24,"Missing",0.999944801187929,9.80451392502391
2008,0,0.247,19250,0,0.88,"B",0.00105028792431562,-6.85764009890529
2008,0,0.13,3000,0,0.14,"AA",1.40820639250947e-05,-11.1705945502248
2008,0,0.312,10000,0,0.57,"D",0.00169130738483042,-6.38056070937052
2008,1,0.299,7500,1,0.81,"Missing",0.999998322838432,13.298406059291
2008,1,0.377,2000,1,0,"Missing",0.703800599829466,0.865462200410685
2008,0,0.26,6000,0,0.25,"A",0.0263666371419219,-3.60893534227735
2008,1,0.377,2800,0,0.99,"C",0.772965546901374,1.22513269523251
2008,0,0.26,4000,0,0,"D",8.5587098348688e-05,-9.36589041564049
2008,0,0.13,2300,0,0.62,"A",2.34283112444873e-05,-10.6615419560896
2008,1,0.26,2500,0,0.78,"Missing",0.0361196472330911,-3.2841302095452
2008,0,0.247,15000,0,0.37,"C",0.000108833382670963,-9.12558360527857
2008,0,0.156,25000,1,0,"AA",7.9661107363517e-05,-9.43764941490318
2008,1,0.26,5000,0,0.65,"B",0.964027758843712,3.2883725276472
2008,0,0.234,5000,0,0.66,"C",0.00905492853462929,-4.69534990647417
2008,0,0.182,16500,0,0.2,"AA",0.000593517292335289,-7.42885051464456
2008,1,0.26,2000,1,0.88,"D",0.480803874041592,-0.0768222631233668
2008,0,0.312,5250,0,0.57,"Missing",0.00448286804940161,-5.40299930155751
2008,1,0.26,2300,0,0.86,"C",0.44854854683397,-0.206536889618287
2008,0,0.273,10000,0,0.84,"D",0.00444764766982911,-5.41092236821087
2008,1,0.377,3950,0,0.78,"Missing",0.999941658859756,9.749144706061
2008,1,0.377,3001,0,0.83,"Missing",0.9979407805272,6.18336692209866
2008,0,0.286,7500,0,0.92,"D",0.0416391359766571,-3.13618389813588
2008,0,0.26,1000,0,1.07,"Missing",0.151372746780512,-1.72387473101461
2008,0,0.247,5000,0,0.42,"B",0.00831133996684116,-4.78178836386803
2008,0,0.195,5000,0,0.74,"C",0.00904861065244429,-4.69605425414571
2008,0,0.169,20000,0,0.13,"AA",0.00377551858682065,-5.57543486787637
2008,1,0.299,6001,1,0.85,"Missing",0.887083703129051,2.06129253582963
2008,0,0.26,6001,0,0.77,"C",0.0208754884526014,-3.84808314743066
2008,1,0.247,18000,0,0.76,"C",0.989117864009199,4.50969095461249
2008,0,0.377,3500,1,1,"Missing",0.178752374467257,-1.52482321329152
2008,0,0.195,13000,0,0.26,"AA",0.00443750274582977,-5.4132161277169
2008,1,0.286,7000,0,0.75,"C",0.978041429230496,3.79639449914657
2008,0,0.182,4500,0,0,"AA",0.204322546751141,-1.3594940375099
2008,1,0.195,5000,0,0.17,"B",0.361421186051469,-0.569201105345131
2008,0,0.26,5000,0,0.77,"D",0.365798883189813,-0.550282440187636
2008,1,0.312,2800,0,0,"Missing",0.941189873125948,2.77283083143602
2008,0,0.325,2550,0,0.86,"D",0.153448036502359,-1.70780960068253
2008,0,0.377,3800,0,0.96,"Missing",0.392098190933044,-0.438501075180878
2008,1,0.377,3600,0,0.92,"Missing",0.998211517673844,6.32459779768043
2008,1,0.26,4600,0,0.91,"Missing",0.947422820362358,2.89146329914528
2008,1,0.377,2100,0,0,"Missing",0.999515159730711,7.63120610510112
2008,0,0.26,25000,0,0,"B",0.000589176110278183,-7.43619607048668
2008,1,0.325,25000,0,0.73,"A",0.892639789096013,2.1179934901499
2008,1,0.377,4000,1,0.98,"Missing",0.995368250052421,5.37017801411324
2008,0,0.286,5000,0,0.93,"D",0.169543922987469,-1.58886301433177
2008,1,0.286,20000,0,0.92,"D",0.747656867848682,1.08615434305424
2008,1,0.299,25000,0,0.67,"D",0.997750362251207,6.09473390427916
2008,1,0.221,8000,0,0.8,"C",0.839818396616078,1.65687748122547
2008,0,0.286,5000,0,0.86,"Missing",0.0762933801704309,-2.49380833623575
2008,0,0.273,4900,0,0,"D",0.0402515253386842,-3.17152334481151
2008,0,0.195,20000,1,0.72,"B",3.45383965889525e-05,-10.2734043691903
2008,0,0.26,3000,1,0.07,"D",0.161734057093548,-1.64538204102579
2008,1,0.26,1750,0,0.96,"Missing",0.757688794545123,1.14004986709719
2008,1,0.26,1800,0,0.61,"Missing",0.977552052220392,3.7738523437203
2008,0,0.143,1850,0,0.86,"C",1.92208389171372e-05,-10.859496286217
2008,1,0.325,6000,1,1,"Missing",0.819300982434364,1.51161875550345
2008,1,0.351,7500,0,0.91,"Missing",0.991484858491429,4.75735774381192
2008,0,0.156,4000,0,0.43,"B",0.00747042442069363,-4.8893049969664
2008,0,0.143,1550,0,0.95,"D",0.0194050890725351,-3.92262408445482
2008,1,0.377,5000,1,0.65,"D",0.999977251986028,10.6910099660401
2008,0,0.351,3200,1,0,"Missing",0.393833298948136,-0.431227311834738
2008,0,0.195,13000,0,0.26,"AA",0.00698082651539326,-4.95758265079229
2008,1,0.26,4000,1,0.98,"B",0.13427929784893,-1.86364039861515
2008,0,0.377,6500,1,0.85,"D",0.546599083858531,0.186938838745082
2008,1,0.325,2550,0,0.53,"D",0.985882477229211,4.24612038053642
2008,0,0.377,5500,0,0.99,"Missing",0.949491592039389,2.93378685837548
2008,1,0.377,8000,0,0.8,"D",0.999999523570401,14.5569453947082
2008,1,0.312,18000,1,0.97,"C",0.930427875604323,2.59328058607949
2008,1,0.351,3200,1,0,"Missing",0.265132970585397,-1.01945809455234
2008,0,0.182,6000,0,0.03,"AA",5.34916317009883e-05,-9.83593184003822
2008,0,0.117,5400,0,0.18,"AA",1.14924997808142e-08,-18.2815711958277
2008,0,0.091,5000,0,0.33,"AA",9.14164245460921e-05,-9.29999397541592
2008,1,0.377,1500,0,0.51,"Missing",0.936015341606357,2.68298852492366
2008,1,0.312,14900,0,0.93,"D",0.999400979969234,7.41961632054968
2008,1,0.195,3600,0,0.28,"A",0.418541304995258,-0.328764354851833
2008,0,0.26,7000,0,0.28,"C",0.0994318845654575,-2.20355297104528
2008,1,0.286,5000,1,0,"D",0.992940762045214,4.94633389945837
2008,0,0.195,16000,0,0.77,"B",0.000253200084055604,-8.28107730357654
2008,0,0.143,1600,0,0.69,"B",0.000109333046364168,-9.12100252394601
2008,0,0.325,8500,0,0.87,"C",0.00490494154537194,-5.31259509313966
2008,1,0.377,2000,1,0.83,"Missing",0.999993064481635,11.8788478252844
2008,0,0.312,1500,0,0.96,"Missing",0.204986051303037,-1.35541772563197
2008,0,0.377,3000,0,0,"Missing",0.0714485450816631,-2.56464825508846
2008,0,0.221,25000,0,0.78,"B",0.00183489298333348,-6.29893254042398
2008,1,0.286,20000,0,0.92,"D",0.971014049270672,3.5115296820649
2008,0,0.195,5000,0,0.74,"C",0.04133709856209,-3.14377913556466
2008,1,0.364,3001,0,0.75,"Missing",0.997500213210388,5.98904691842658
2008,0,0.377,10000,0,0.98,"C",0.00212860406710594,-6.15015800889914
2008,0,0.221,7000,0,0.51,"B",9.7012484280617e-09,-18.4510112460936
2008,1,0.364,4750,1,0.14,"Missing",0.28245151147455,-0.932333630120296
2008,0,0.325,10000,1,0.71,"D",0.00111132399618822,-6.8010912431326
2008,1,0.26,1500,0,0.8,"D",0.99989117127205,9.12562638008315
2008,0,0.377,3000,0,0.92,"Missing",0.794186381943056,1.35034717913677
2008,0,0.208,25000,0,0.78,"B",7.95522500590191e-06,-11.7416736564779
2008,0,0.13,4000,1,0.43,"A",1.10694502862096e-08,-18.3190767383651
2008,0,0.338,12000,0,0.59,"D",0.0268557419419531,-3.590052681626
2008,0,0.26,24000,0,0.76,"C",0.0467845443542193,-3.01428806003877
2008,1,0.26,10000,0,0.64,"D",0.773400512506959,1.22761295497435
2008,1,0.377,11000,0,0.98,"D",0.708403059044381,0.887640714614348
2008,0,0.234,1230,0,0,"C",1.08686556431585e-06,-13.7322115464899
2008,1,0.299,4000,0,1.01,"Missing",0.999990311722904,11.5445842618421
2008,0,0.169,5000,0,0.69,"A",3.44165960269232e-05,-10.2769372500915
2008,0,0.169,19000,0,0.08,"AA",0.000596607982426941,-7.42365352008522
2008,0,0.26,6500,0,0.74,"D",0.0117620173331856,-4.43104807219074
2008,0,0.247,5000,0,0.42,"B",0.00137607912741084,-6.5871400089448
2008,0,0.26,3500,1,0.81,"C",0.000165604884592277,-8.70574020151935
2008,0,0.195,2500,0,0.24,"C",0.412078818458841,-0.355378255924142
2008,0,0.182,7750,0,0.59,"C",0.000936787412194056,-6.97211695632528
2008,0,0.221,6000,0,0.6,"C",0.0413958358871764,-3.14229793733139
2008,0,0.273,6250,0,0,"C",0.00243483008465541,-6.01544050620756
2008,0,0.26,25000,0,0.08,"B",0.000833309827688931,-7.08927138572386
2008,1,0.26,13000,0,0.9,"C",0.622566441792724,0.500455807997299
2008,1,0.377,7500,0,0.35,"Missing",0.848335877671367,1.72160828524475
2008,1,0.143,5000,1,0,"Missing",0.984712641649565,4.16532362898455
2008,0,0.104,6001,0,0.04,"AA",2.22342965264008e-06,-13.0164574421841
2008,1,0.377,6000,0,0.84,"Missing",0.938320048192682,2.72213214565309
2008,0,0.143,12000,0,0.47,"A",0.00033993797394801,-7.98640739079508
2008,1,0.273,25000,0,0.99,"C",0.466228735536418,-0.135291041004287
2008,0,0.195,14700,0,0.37,"AA",0.000331840206696252,-8.01052511476621
2008,1,0.377,20000,0,0.03,"D",0.999917376482018,9.4011335696964
2008,0,0.182,2000,0,0.5,"C",0.000936658794635,-6.97225439091058
2008,0,0.377,12000,0,0.6,"B",0.0509109480140387,-2.9254246428039
2008,0,0.377,3500,1,0,"Missing",0.130149203561708,-1.89964018656003
2008,1,0.234,2550,1,0.99,"Missing",0.336936609543846,-0.676975786747978
2008,0,0.377,3000,1,0.53,"D",0.774176088262867,1.23204380795985
2008,1,0.234,2500,0,0,"C",0.975225554807174,3.67285609637318
2008,0,0.247,16000,0,0.99,"C",2.6957662744992e-05,-10.5212160110872
2008,0,0.299,5000,0,0,"D",0.0266362498245072,-3.59848479287674
2008,1,0.325,10000,0,0.87,"Missing",0.972067628960119,3.54963911057927
2008,0,0.26,15000,0,0.59,"A",0.00318935715796778,-5.74474144637379
2008,0,0.221,13000,1,0.88,"B",0.069896132102947,-2.58828595283475
2008,0,0.364,15000,0,0.93,"B",0.000708310848665532,-7.2519189470188
2008,0,0.312,10000,0,0.57,"D",0.371459305226242,-0.525961458606567
2008,1,0.286,2500,1,1,"Missing",0.977573030748923,3.77480878175628
2008,1,0.26,9000,0,1.01,"D",0.945629448838127,2.85602812083631
2008,0,0.377,4000,0,0.98,"Missing",0.00491022291911931,-5.3115136194918
2008,0,0.143,7000,0,0.83,"AA",1.11066521876824e-06,-13.7105503152928
2008,1,0.325,9000,0,0.86,"Missing",0.992367304081987,4.86765219074991
2008,1,0.364,5000,0,0.95,"Missing",0.994675673507251,5.23013050438791
2008,0,0.26,9500,0,0.72,"D",0.0070614048994883,-4.94602479839909
2008,0,0.169,20000,0,0.79,"A",0.0013803066473019,-6.58406833615978
2008,0,0.208,9000,0,0.97,"C",0.000670485705309917,-7.30683746433673
2008,0,0.169,2550,0,0.27,"A",0.000105151971504008,-9.15999874904724
2008,0,0.26,7500,1,0.52,"D",0.0305835045416112,-3.45623354307743
2008,1,0.208,7000,0,0.29,"C",0.996118203558277,5.5475678818866
2008,0,0.195,4000,0,0.72,"C",0.0126273825471369,-4.35917981950868
2008,0,0.208,3500,1,0,"C",0.043841484018237,-3.08234321815478
2008,1,0.377,2600,1,0,"Missing",0.99980603502879,8.54763899219412
2008,1,0.26,3000,0,0,"D",0.816501820558615,1.49282439597347
2008,0,0.221,20000,0,0.56,"B",6.95136988742964e-07,-14.1791562095623
2008,0,0.143,1000,0,0.98,"D",0.33816772395395,-0.671470167268951
2008,0,0.312,1000,1,0.98,"Missing",0.0177238438184864,-4.01496164549513
2008,1,0.377,4000,0,1.21,"Missing",0.720022949139334,0.944575446708432
2008,0,0.182,14500,0,0.48,"A",0.000224559592840289,-8.40114485424659
2008,0,0.156,4000,0,0.28,"AA",3.94379454885628e-05,-10.1407426829385
2008,0,0.377,4500,1,1.52,"Missing",0.427872104579546,-0.290538229928866
2008,0,0.195,15500,0,0.98,"B",0.0456995738889666,-3.03888956017591
2008,0,0.13,5000,0,0.09,"AA",0.000137609290382299,-8.89095449867159
2008,0,0.247,6001,0,0.05,"D",9.09737587851427e-05,-9.30484848013389
2008,1,0.377,2501,0,1.07,"Missing",0.999978509517788,10.7478789179361
2008,1,0.221,2500,0,0.59,"C",0.444168467338707,-0.224261328117003
2008,0,0.312,25000,0,0.42,"C",0.00245580359784855,-6.00684241616801
2008,1,0.208,3000,1,0.96,"C",0.991185804024024,4.72253840740611
2008,1,0.312,1000,1,0.18,"C",0.313554013245278,-0.783555906663739
2008,1,0.377,3500,0,1.01,"Missing",0.999992989047476,11.8680299743876
2008,0,0.234,15000,0,0.29,"C",0.000124010213168971,-8.99502261358202
2008,0,0.169,21000,0,0.24,"A",0.00256105850644717,-5.96477028324175
2008,1,0.221,4000,1,0.31,"D",0.999957501640706,10.066002588366
2008,1,0.377,4500,1,0.6,"Missing",0.781140166111003,1.27232310678228
2008,0,0.195,12000,0,0.61,"B",0.000958478467795905,-6.94920452210892
2008,0,0.195,5000,1,0.6,"D",0.0156500103918531,-4.14150993330691
2008,1,0.377,3000,1,0.95,"Missing",0.998786668836959,6.71317160686025
2008,0,0.182,4500,1,0.76,"B",1.97647100792353e-05,-10.8315927648096
2008,0,0.117,5500,1,0.48,"A",6.59380633254667e-06,-11.9293731901717
2008,0,0.195,25000,0,0.16,"AA",0.00884736333766617,-4.71874905865467
2008,1,0.377,3800,0,1,"Missing",0.999961557309475,10.1663035400336
2008,0,0.221,2000,0,0.25,"Missing",0.696210798222527,0.82931843981061
2008,0,0.299,10000,0,0,"D",0.0843486106307631,-2.38467737556671
2008,0,0.195,1500,1,0.85,"D",0.779146306069899,1.26069837703515
2008,0,0.26,10000,0,0.35,"C",0.035943650406092,-3.28919730118854
2008,0,0.26,7000,0,0.59,"C",0.00931812605267724,-4.66643192643275
2008,1,0.312,3000,0,0,"Missing",0.801800463885594,1.39758549736273
2008,0,0.13,10000,0,0.18,"AA",0.0175657237749845,-4.02408395668809
2008,0,0.195,14000,0,0.69,"B",0.0202805839189636,-3.87760224939188
2008,0,0.208,8500,0,0.56,"C",0.0088548286507215,-4.7178980928788
2008,1,0.221,1000,1,0.71,"Missing",0.920010897744556,2.44249511175955
2008,1,0.325,14000,0,0.84,"B",0.999559400301739,7.72693311164188
2008,0,0.195,3500,0,0.32,"C",0.00049859461407274,-7.60321847007986
2008,0,0.377,1000,0,0,"Missing",0.255440979337515,-1.0698007422297
2008,1,0.312,2000,0,0,"Missing",0.999500731372128,7.60186688134853
2008,0,0.247,7000,0,0.83,"C",0.0527219555793014,-2.88856067240967
2008,0,0.104,4000,0,0.13,"AA",0.029386708709425,-3.49738564335823
2008,1,0.195,4000,0,1,"D",0.982855787043268,4.04880172266728
2008,0,0.247,2500,0,0.82,"C",0.000992664435189799,-6.91412472390005
2008,1,0.312,10000,0,0.89,"D",0.975686884756564,3.69212579344132
2008,0,0.247,21200,1,0.47,"B",1.16324877750722e-06,-13.6642926339014
2008,0,0.195,3000,0,0.08,"AA",0.777865870078026,1.25327271755511
2008,1,0.273,7500,0,0.68,"C",0.998570620649124,6.54908454740284
2008,1,0.351,7500,0,0.69,"Missing",0.725850017201695,0.973668066501631
2008,1,0.377,2550,1,0,"Missing",0.696099629701911,0.828792877804784
2008,0,0.143,10000,1,0.23,"AA",0.00855882690182698,-4.75219647839936
2008,1,0.169,15000,1,0.07,"AA",0.906461727543901,2.27117812565202
2008,0,0.377,10000,0,0,"Missing",0.375268977831126,-0.509678149504671
2008,1,0.221,1700,0,0.56,"Missing",0.992545901744637,4.891509277569
2008,0,0.195,2000,0,0.36,"D",0.677493697184236,0.742277570001859
2008,1,0.377,3000,0,0.94,"Missing",0.999713197568259,8.15643012683267
2008,0,0.325,3000,0,0.97,"Missing",0.00195548672801984,-6.23515874960419
2008,1,0.338,12000,0,0.59,"D",0.993816083759237,5.07960039645249
2008,0,0.195,3500,0,0.32,"A",5.97987291326974e-06,-12.0271052622983
2008,0,0.13,14000,0,0.26,"AA",0.0002515739145172,-8.28752211133793
2008,1,0.299,4000,0,0.51,"D",0.916329986605385,2.3934958967903
2008,1,0.273,9975,0,0.62,"C",0.973355519007844,3.59816736289717
2008,1,0.377,9000,0,0.85,"Missing",0.996658670557197,5.69803959027169
2008,1,0.351,2400,0,0,"Missing",0.753671671103859,1.11829150734676
2008,0,0.377,3975,0,0.97,"Missing",0.0412970602618116,-3.14478994912577
2008,1,0.26,2200,0,0.92,"Missing",0.999652563972702,7.96458250761613
2008,0,0.273,4000,1,0.91,"D",0.776519473680774,1.24549744136992
2008,1,0.377,2550,1,1.32,"Missing",0.999999987035993,18.1610889865651
2008,0,0.221,6750,1,0.73,"C",0.174927851452876,-1.55109722379362
2008,0,0.13,1500,0,0.16,"A",0.043137264179666,-3.09927272772482
2008,0,0.273,15500,0,0.66,"A",0.0172603638109251,-4.04193145481942
2008,1,0.377,2550,0,1,"Missing",0.77484306610891,1.23586287046912
2008,0,0.26,3000,1,1.03,"Missing",0.840715330642577,1.66356013881419
2008,0,0.117,2000,0,0,"A",0.000140356001761857,-8.8711881273976
2008,1,0.286,6500,1,0.97,"Missing",0.9117909156422,2.33570074966332
2008,1,0.221,10000,0,0.84,"C",0.176451191650998,-1.54057851368366
2008,0,0.299,1000,1,0.93,"Missing",0.374478357569004,-0.51305191843339
2008,1,0.364,5000,0,0.56,"Missing",0.998242171306751,6.34191655309342
2008,0,0.377,20000,0,0.04,"C",0.0255671080723639,-3.64054896802284
2008,0,0.377,25000,0,0.38,"B",0.00377241818826506,-5.57625950219819
2008,0,0.325,5000,1,0.92,"Missing",0.269269247567589,-0.998333264833918
2008,1,0.377,5000,1,0,"Missing",0.997071562694038,5.8303536073378
2008,1,0.26,1000,0,0,"Missing",0.993736989624088,5.06681161343884
2008,0,0.169,21000,0,0.24,"A",0.00542287627429844,-5.21169129293258
2008,1,0.312,10000,1,0.73,"D",0.99994321996798,9.77626906133907
2008,0,0.091,1000,1,0.08,"AA",8.98044850706407e-05,-9.31778583027824
2008,0,0.325,25000,0,0.87,"A",0.0349923089475803,-3.3170077783225
2008,0,0.195,9999,0,0.31,"B",0.00109588774199681,-6.81509403222148
2008,0,0.377,5000,0,1,"D",0.0393608673695935,-3.19482671732623
2008,1,0.104,1000,0,0.05,"AA",0.894419923464245,2.13670569363722
2008,0,0.169,25000,0,0.05,"AA",0.0175850508869615,-4.02296461451546
2008,0,0.195,4999,0,0.89,"C",4.82975118558251e-06,-12.240710776236
2008,1,0.325,8000,1,0.48,"D",0.980471020826905,3.91613361585448
2008,0,0.299,21000,0,0,"B",0.0077312978596461,-4.85471719214504
2008,1,0.377,2500,0,0.83,"D",0.316294566523018,-0.770853220128467
2008,1,0.377,10000,0,0.93,"D",0.999839935399806,8.73977299559215
2008,1,0.377,20000,1,0.99,"Missing",0.999787939592728,8.45842730102268
2008,0,0.221,4000,1,0.31,"D",0.0304892982874165,-3.45941576678543
2008,1,0.377,10000,0,0.98,"C",0.981817707663005,3.98895748543363
2008,0,0.182,12000,1,0.37,"A",6.69103923178113e-05,-9.61208934918994
2008,1,0.338,10000,0,0.88,"D",0.608362777862357,0.440435420579396
2008,0,0.299,3250,0,0.93,"D",0.00586460517795924,-5.13293824797172
2008,1,0.377,23800,0,0.5,"C",0.985542843314417,4.22200303502041
2008,0,0.208,15000,0,0,"B",2.66546634510185e-06,-12.8351288614041
2008,0,0.208,25000,0,0.76,"AA",1.40554601899236e-05,-11.1724855565036
2008,0,0.377,8500,1,0.93,"B",0.000610887076180218,-7.39998736016557
2008,0,0.26,9000,1,0.93,"D",0.474907295945588,-0.100455207597769
2008,1,0.299,1400,0,0,"Missing",0.885838598485634,2.04892151540988
2008,0,0.247,11000,0,0.93,"B",0.014653009170002,-4.2083481356259
2008,1,0.26,6500,1,0.9,"C",0.999944492950349,9.79894501594289
2008,1,0.26,5000,0,0.72,"Missing",0.329502441292754,-0.710436298713915
2008,0,0.377,12000,0,0.6,"B",0.0248379208343243,-3.6702321409839
2008,0,0.377,25000,0,0.44,"AA",0.00105963189288822,-6.84877350833115
2008,1,0.377,10000,0,0.78,"D",0.989558048258491,4.55142691415269
2008,0,0.273,12000,1,0.98,"C",0.149014654140772,-1.74235025747072
2008,1,0.377,2550,1,1.51,"D",0.980254536219952,3.9048884858338
2008,0,0.156,11000,0,0.7,"A",0.000808141619343762,-7.11996477499456
2008,0,0.234,2500,0,0.87,"D",0.0040380771279491,-5.50794040656522
2008,0,0.208,8500,0,0.56,"C",0.00371134739130574,-5.59264203851776
2008,1,0.377,2500,1,0,"Missing",0.999993580205667,11.9561180563188
2008,1,0.351,7500,0,0.91,"Missing",0.97849100255602,3.817540258295
2008,0,0.26,3500,0,1,"D",0.177073787828241,-1.53630001342628
2008,0,0.247,9750,0,0.78,"B",0.000288073699139991,-8.15200609557312
2008,0,0.091,3000,1,0.09,"AA",0.000342632264285391,-7.97851011073547
2008,0,0.221,2000,0,0.53,"A",0.00625579974994034,-5.06797083627509
2008,0,0.13,4500,0,0.4,"A",0.000127397248088683,-8.96807301025549
2008,0,0.312,15000,0,0.86,"B",0.20813198631494,-1.33622230048841
2008,0,0.286,4500,1,0.68,"D",0.691472183563807,0.807010918057768
2008,0,0.143,5000,0,0,"AA",0.00181745313152674,-6.30850002951634
2008,1,0.325,16000,1,0.67,"D",0.315488783572406,-0.774581900828653
2008,0,0.117,2500,0,0.28,"AA",0.00086847958844978,-7.04789761769674
2008,0,0.221,6500,0,0.45,"B",3.4052371447864e-09,-19.4979512503189
2008,0,0.377,20000,0,1.05,"C",0.85465106472643,1.77155597248673
2008,1,0.312,3500,0,1,"Missing",0.98258418946764,4.03280758416607
2008,0,0.247,7500,0,0.57,"C",0.0045083593019765,-5.39730343018961
2008,0,0.26,1300,0,0,"Missing",0.668254088421881,0.700299123769976
2008,1,0.377,9200,1,0.98,"Missing",0.999988825352262,11.4018517655913
2008,1,0.13,5000,0,0,"A",0.438840302222983,-0.245869960647036
2008,1,0.377,3500,0,0.94,"Missing",0.846401352379842,1.70665064278648
2008,0,0.234,5000,0,0.66,"C",0.0135103797902932,-4.29069454020451
2008,0,0.195,10000,1,0,"B",0.00840112411785632,-4.77095314606994
2008,1,0.325,2550,1,0.67,"Missing",0.892199486436404,2.11340732457479
2008,1,0.377,6000,0,0,"Missing",0.999021942044362,6.92896309377544
2008,1,0.377,5000,1,0.42,"D",0.772729957199828,1.22379071738839
2008,0,0.169,10000,0,0.51,"A",0.00110912371097735,-6.80307528576341
2008,1,0.377,1000,0,0,"Missing",0.934005879419275,2.64991707714233
2008,1,0.377,3001,0,0,"Missing",0.99895378188521,6.86152664655017
2008,0,0.273,10000,0,0.72,"A",0.00398689806262776,-5.52074691141854
2008,0,0.195,25000,0,0,"A",0.205710574081186,-1.35097771040671
2008,0,0.377,2000,0,0.28,"Missing",0.106938179779134,-2.12240489763004
2008,0,0.247,20000,1,0.82,"B",0.029277707480292,-3.50121403627092
2008,0,0.195,15000,0,0,"AA",3.82573827986419e-05,-10.1711357438584
2008,1,0.325,13000,0,0.74,"D",0.990016129038699,4.59675034795985
2008,1,0.273,15500,0,0.66,"A",0.742974436295288,1.06148608844641
2008,0,0.143,13000,0,0.82,"A",0.000819476863152112,-7.10602458024441
2008,1,0.338,5000,0,0.64,"D",0.667911381360542,0.698753645190714
2008,0,0.156,20000,0,0,"AA",0.000432705303222864,-7.74502085574196
2008,1,0.221,4000,1,0.76,"D",0.997664933626132,6.05737716573294
2008,1,0.377,4500,0,0.45,"Missing",0.906274166778832,2.26896801995816
2008,0,0.182,2400,0,0.94,"B",0.000102803095946477,-9.18259228080528
2008,0,0.351,1000,1,0,"Missing",0.244917673300872,-1.12590465855847
2008,0,0.247,4041,0,0.91,"D",0.0657837093693505,-2.65333575626522
2008,1,0.221,10000,1,0.6,"A",0.965158255531163,3.32147586166935
2008,1,0.26,2500,0,0.78,"Missing",0.913935170803204,2.36265879970151
2008,1,0.26,7500,0,0.99,"D",0.996886223584035,5.76880037346933
2008,0,0.117,3000,0,0.13,"A",5.91394128539467e-07,-14.3407825662529
2008,0,0.299,4900,0,1,"D",0.00897080666581678,-4.70476839102959
2008,1,0.195,2890,1,0,"D",0.229798429821015,-1.20944972745811
2008,0,0.312,2000,0,0,"Missing",0.000219463401806318,-8.42410558623092
2008,1,0.377,2800,0,0.99,"C",0.735037624875027,1.02033385296328
2008,1,0.143,13000,1,0,"AA",0.989093095946445,4.50739247045334
2008,0,0.377,5000,0,0.46,"Missing",0.00765929066670142,-4.86414712809989
2008,1,0.377,5000,0,0,"Missing",0.999980616285815,10.8510579355441
2008,1,0.26,15000,0,0.61,"B",0.554214255300486,0.217712910857421
2008,0,0.208,5000,0,0.89,"C",0.439812245237234,-0.241924083425244
2008,0,0.312,4500,0,1.46,"Missing",0.155820638529342,-1.68965939284954
2008,1,0.325,15000,1,1.04,"D",0.999853918865064,8.83120228006757
2008,1,0.377,9000,1,0,"Missing",0.999974313923256,10.56953578739
2008,0,0.182,7000,0,0.32,"A",3.27797167123871e-06,-12.62828244179
2008,1,0.325,2550,0,0.53,"D",0.577472295215757,0.312405449491594
2008,0,0.351,10000,1,0.79,"D",0.257329284099487,-1.05989623878576
2008,0,0.208,4000,0,0.8,"C",0.0674698378880515,-2.62622084451316
2008,0,0.169,5000,0,0,"B",0.00305579173931754,-5.78765608792486
2008,0,0.234,9900,0,0.55,"C",0.0561537733654358,-2.82186937691426
2008,1,0.156,3001,0,0.05,"AA",0.914129881220734,2.36513675542203
2008,0,0.247,10000,1,0.81,"C",0.258457452091851,-1.05400145578057
2008,1,0.195,2650,1,0.42,"D",0.850145514410435,1.73574280107752
2008,1,0.273,5000,0,0.77,"C",0.0526454311093372,-2.89009397961403
2008,0,0.273,15000,0,0.24,"C",0.618843432426073,0.484642075155145
2008,1,0.338,5000,0,0,"Missing",0.992442234611415,4.87759324598712
2008,0,0.234,12000,0,0.54,"B",0.0983906638264821,-2.21523539804433
2008,0,0.195,9500,0,0.39,"B",0.000813172542656179,-7.11375373799779
2008,0,0.195,20000,1,0.72,"B",7.54717865024706e-05,-9.49167618562268
2008,0,0.221,25000,0,0.54,"A",0.00403505608713221,-5.50869185830856
2008,0,0.377,13500,0,0.78,"D",0.146236989905893,-1.76442512528557
2008,0,0.325,15000,0,0.83,"C",0.419296275733027,-0.325662913735626
2008,0,0.13,3000,0,0.14,"AA",0.000103003145995946,-9.18064801809994
2008,0,0.299,25000,0,0.67,"D",0.0261581433473075,-3.61708837451893
2008,1,0.377,1000,1,1,"Missing",0.941601483444756,2.78029164333567
2008,0,0.182,1500,1,0.25,"AA",0.000141250075008364,-8.86483739685346
2008,0,0.13,6000,0,0.02,"AA",9.26467419684505e-09,-18.4970571335012
2008,0,0.143,6000,0,0.1,"A",0.000200445862921469,-8.51476589208887
2008,0,0.26,8000,0,0.79,"C",0.0495427799232362,-2.95410661589879
2008,1,0.377,2500,0,0.85,"Missing",0.999952983569544,9.96496641563978
2008,0,0.234,5500,0,1.02,"C",0.0110984460273466,-4.4897896847087
2008,0,0.091,3000,1,0.01,"AA",3.83211651861693e-05,-10.1694698766872
2008,1,0.312,25000,0,0.42,"C",0.260708121088064,-1.04229133612828
2008,1,0.377,4000,1,0.94,"D",0.981519492626925,3.9723853524673
2008,0,0.26,6000,0,1,"C",5.57566900812787e-05,-9.79445739512119
2008,0,0.169,4950,0,0,"B",1.16929947352303e-05,-11.3565089429928
2008,0,0.182,25000,0,0,"AA",0.000234452733924449,-8.35802207126161
2008,0,0.26,18000,0,0.71,"B",0.347459820606223,-0.630223680750905
2008,1,0.156,2000,0,0.01,"AA",0.946083535728468,2.86489497845119
2008,1,0.377,15000,0,0.97,"D",0.940934097436151,2.76821928938603
2008,0,0.377,20000,0,0.04,"C",0.00899926600851788,-4.70157225558578
2008,0,0.286,20000,1,0.89,"C",0.602922390175422,0.417656729943715
2008,1,0.377,3800,0,0.84,"Missing",0.998561181132762,6.54249287809171
2008,0,0.143,9000,1,0.85,"A",0.00915898718714094,-4.6838184869094
2008,0,0.26,3500,0,0.51,"D",0.000110495697490901,-9.11042347269586
2008,0,0.299,4500,1,0,"D",0.343088750642089,-0.649559762744639
2008,0,0.377,5000,0,0.93,"Missing",0.0393209299851052,-3.1958834522904
2008,0,0.286,7300,0,0.74,"D",0.0151758786508367,-4.17275583174526
2008,0,0.234,12000,1,0.68,"C",0.00477620913866799,-5.33932046267252
2008,0,0.377,10000,0,0.93,"D",0.000334985101966211,-8.00108945764875
2008,0,0.156,6250,0,0.21,"AA",0.000375937197219983,-7.88571244931616
2008,0,0.26,5300,0,1.26,"D",0.00304651125556423,-5.79070703237624
2008,1,0.351,7000,0,0,"D",0.970777499159588,3.50315830669787
2008,0,0.195,16000,0,0.77,"B",0.000175668158758229,-8.64673812065702
2008,0,0.13,3000,0,0,"A",0.000504087925692542,-7.59225563434864
2008,0,0.299,1600,0,0.74,"Missing",0.0181204311459832,-3.99242856793201
2008,1,0.312,4500,0,0.72,"D",0.990388480040849,4.63513489544067
2008,0,0.234,3500,0,0.01,"C",0.000804606726643503,-7.12435200765412
2008,0,0.26,5000,0,0.16,"A",0.00101301770350906,-6.89380804639864
2008,0,0.312,1000,1,0.18,"C",0.367280326287216,-0.543902082192515
2008,0,0.286,12500,0,0.96,"C",4.37495186136341e-07,-14.6421996968309
2008,0,0.247,10000,1,0.81,"C",0.110652310091551,-2.08409531756801
2008,0,0.26,5500,1,0.47,"D",0.155850708150634,-1.68943081503171
2008,0,0.247,15000,0,0.3,"AA",1.24698002195572e-06,-13.5947846652995
2008,1,0.091,1000,1,0,"Missing",0.90553533830259,2.26030048857775
2008,1,0.221,1200,0,1.36,"Missing",0.761634537205758,1.16166177680392
2008,1,0.26,5500,0,0.95,"Missing",0.999542726103,7.68977063114184
2008,0,0.195,19300,0,0.39,"A",3.67664519576932e-06,-12.5135061765047
2008,1,0.312,3000,0,0.56,"Missing",0.957318650136149,3.11037425029706
2008,1,0.351,3750,0,0.88,"Missing",0.97701754725727,3.74977361170149
2008,0,0.299,2500,0,0.79,"D",0.00417318095589311,-5.47489480183352
2008,0,0.273,14000,0,0.85,"C",0.000247736449266086,-8.30289731430139
2008,1,0.377,20000,0,0.04,"C",0.995091940627218,5.31195651161078
2008,0,0.091,3000,1,0.01,"AA",0.0028085323868058,-5.87228073063498
2008,0,0.312,7500,0,0,"C",2.88104380575885e-05,-10.4547439930769
2008,0,0.195,3200,0,0.7,"C",3.04878688411034e-05,-10.3981512080526
2008,0,0.364,2550,0,0.74,"Missing",0.0016354420687415,-6.41420535187941
2008,1,0.377,1000,0,0,"Missing",0.336269403749364,-0.679963703039225
2008,0,0.338,10000,0,0.88,"D",0.000184567008299107,-8.59731338776478
2008,1,0.325,3001,1,0.84,"D",0.999548253380863,7.70193726375673
2008,0,0.286,4500,1,0.68,"D",0.0184178524253179,-3.9758452714217
2008,0,0.234,7000,0,0.54,"B",0.000560563060108012,-7.486008094663
2008,1,0.208,4200,1,0.83,"C",0.93931436834706,2.73944325453004
2008,0,0.377,10000,0,0.51,"D",0.000551342741599366,-7.50260241183786
2008,0,0.26,1000,1,0.9,"D",0.0497362648028311,-2.95000522094232
2008,1,0.377,25000,0,0.34,"C",0.60740345200694,0.436410746725225
2008,0,0.234,15000,0,0.61,"A",0.00138268355285599,-6.5823454242462
2008,0,0.338,3000,1,0,"Missing",0.632285014792043,0.542032123887528
2008,1,0.377,2550,0,0.94,"Missing",0.997816784707715,6.12477098208563
2008,0,0.312,3000,0,0.67,"Missing",0.608036217314317,0.439065003729055
2008,0,0.13,4500,0,0.4,"A",4.35449508190402e-08,-16.9494720366858
2008,1,0.377,15000,0,0.97,"D",0.830359535531999,1.58817749977166
2008,0,0.13,1000,0,0.24,"AA",0.00382696543467269,-5.56184879754014
2008,1,0.377,4850,0,0.89,"Missing",0.762423217449163,1.16601093880678
2008,1,0.26,15000,1,0.8,"B",0.784860918622779,1.2942218192453
2008,1,0.364,8000,0,0.92,"D",0.99998026096286,10.8328925630087
2008,1,0.377,5000,0,0.77,"Missing",0.999970183624785,10.4204229947082
2008,0,0.377,12000,1,0.97,"D",0.00808411555580063,-4.80973721595935
2008,1,0.351,7500,0,0.91,"Missing",0.999975967536845,10.636080977393
2008,1,0.377,3000,0,1.51,"Missing",0.998040841481596,6.23327914509229
2008,1,0.377,3000,0,0.63,"Missing",0.999863224513389,8.89703297543385
2008,1,0.299,8500,0,1,"D",0.853038648856757,1.75863522097622
2008,1,0.312,9000,0,0.64,"D",0.999783786137451,8.43902629847532
2008,1,0.377,5000,0,0.71,"Missing",0.994725512856273,5.23958538192666
2008,0,0.26,4000,0,0.48,"D",1.23064957918739e-06,-13.6079671841718
2008,1,0.195,1200,1,0,"Missing",0.998255294355552,6.34942319327081
2008,0,0.182,5000,1,0.39,"B",0.00207286516758421,-6.17674847328648
2008,0,0.195,16000,0,0.24,"C",0.00207774454900217,-6.17439241898978
2008,0,0.143,10000,0,0.43,"AA",0.149097682867797,-1.74169565514919
2008,0,0.377,25000,0,0.11,"C",0.000649189343529435,-7.33913673707328
2008,0,0.234,7500,0,0,"C",2.56871158641732e-05,-10.5694953325666
2008,1,0.377,3600,0,0.92,"Missing",0.999003350589593,6.91011434797517
2008,1,0.26,5000,0,0,"C",0.566016764870687,0.265617793057401
2008,1,0.299,10000,1,0.72,"D",0.998843989052614,6.76162335907596
2008,1,0.299,10000,0,1.02,"D",0.987206171875179,4.34591602813891
2008,0,0.377,3950,0,0.78,"Missing",0.223885684885975,-1.24316423636578
2008,0,0.143,3500,1,0.18,"A",0.000222736973586517,-8.40929621151097
2008,1,0.377,6500,0,0.95,"Missing",0.999988724507484,11.3928677158724
2008,0,0.13,15000,0,0.21,"AA",9.29628202415992e-06,-11.5858867237625
2008,1,0.273,5000,0,0,"D",0.99988694719424,9.0875424816006
2008,0,0.195,2000,1,0,"C",0.0195493827953262,-3.91506856409549
2008,0,0.377,3001,0,0.85,"Missing",0.131447309713114,-1.88822216726012
2008,1,0.325,14000,0,0.8,"D",0.570481358156687,0.283815348367743
2008,0,0.234,3100,0,0.86,"D",0.130675027271906,-1.89500348377234
2008,0,0.117,5500,1,0.48,"A",0.106858448626018,-2.12324003188498
2008,1,0.377,3001,0,0.83,"Missing",0.998297286848364,6.37382816416324
2008,0,0.143,4999,0,0.28,"A",0.00755817221397354,-4.87753900871933
2008,0,0.13,9000,0,0.22,"AA",0.000668538394247127,-7.30974796767706
2008,1,0.312,7500,1,0.82,"D",0.686203582411526,0.782429927054523
2008,1,0.208,9000,0,0.97,"C",0.151181278968085,-1.72536600320678
2008,0,0.143,14000,0,0.56,"AA",8.31749535166373e-08,-16.3023194907293
2008,0,0.234,8000,1,0,"C",0.000560124608780735,-7.48679100177097
2008,1,0.325,5000,0,0.2,"D",0.975318737836576,3.6767199893027
2008,0,0.221,3800,0,1.1,"D",0.216058638944226,-1.28878437554674
2008,1,0.312,22000,0,0.93,"D",0.997017584478535,5.81203485734749
2008,0,0.26,1000,0,0.91,"Missing",0.106894766733273,-2.12285955429188
2008,0,0.286,8500,0,0.93,"D",0.0979502525641413,-2.2202099480218
2008,0,0.234,10000,0,0.27,"C",5.40673845085757e-05,-9.82522535921565
2008,1,0.208,5000,0,0.35,"B",0.93406061154394,2.65080536735777
2008,0,0.338,1500,0,0,"Missing",0.0032097614838931,-5.73834372486622
2008,0,0.195,10000,1,0,"B",0.0342864173060567,-3.33811801316534
2008,0,0.377,8500,1,0.93,"B",0.143330496483586,-1.78789907286478
2008,1,0.377,1000,1,1.09,"Missing",0.978597419719515,3.82260885353174
2008,1,0.351,7000,0,0,"D",0.324095214367559,-0.735014872341198
2008,0,0.195,5000,0,0.53,"A",0.000190030953199521,-8.56813353848464
2008,0,0.299,7100,0,0.27,"A",0.00372075773511555,-5.59010024223183
2008,1,0.364,5000,0,0.95,"C",0.173177608188984,-1.56327220514387
2008,1,0.299,25000,0,0.67,"D",0.973449208844744,3.60178610375592
2008,0,0.208,5000,0,0.89,"C",0.00285285986922772,-5.85657638791682
2008,1,0.312,3500,0,0.83,"Missing",0.547290437272442,0.189728847463588
2008,0,0.104,3001,0,0.14,"AA",2.51045506104164e-06,-12.8950440115753
2008,1,0.377,3000,0,0.91,"Missing",0.98440937122516,4.14537182401493
2008,1,0.299,2000,0,0.9,"Missing",0.997325238572261,5.92121674350962
2008,1,0.377,20000,0,0.89,"C",0.987066447188656,4.3349124317806
2008,1,0.364,2000,1,0.97,"Missing",0.92744622650661,2.54810682569686
2008,0,0.26,3500,0,1,"D",0.00451711764769906,-5.39535382645895
2008,0,0.195,2550,0,0.98,"Missing",0.0166541815897935,-4.07829952584492
2008,1,0.143,1850,0,0.86,"C",0.999415914445582,7.44487883237495
2008,0,0.377,3000,0,0.92,"Missing",4.19201080218301e-05,-10.0797030201115
2008,1,0.325,4000,0,0.46,"C",0.702372664233313,0.858621971104979
2008,0,0.208,5000,0,0,"C",0.13654224540234,-1.8443109160663
2008,0,0.208,3500,1,0.51,"C",0.0209931437218146,-3.84234275087775
2008,1,0.377,3000,0,0.61,"Missing",0.982193064027784,4.01019984915004
2008,0,0.208,8000,0,0.8,"C",0.139216726231542,-1.82181085779659
2008,0,0.338,25000,1,0.38,"D",0.995744848057402,5.45536057754004
2008,0,0.26,5950,0,0.74,"C",0.0266246247339108,-3.59893326999867
2008,1,0.377,6000,1,0.72,"Missing",0.968228853150491,3.41690993174297
2008,0,0.312,4000,0,0.89,"D",0.00292449964480581,-5.8317030901862
2008,1,0.312,1200,0,1.09,"Missing",0.99621944365684,5.57409637874163
2008,0,0.377,1500,0,0.84,"Missing",0.000382968671900153,-7.86717432671137
2008,1,0.26,7500,0,0,"D",0.966930936005137,3.37552884917929
2008,0,0.26,3000,0,0.98,"D",4.06459071760105e-05,-10.1105717647832
2008,0,0.377,6500,0,0.95,"Missing",0.0276557748231973,-3.55987532236918
2008,0,0.273,10000,0,0.72,"A",0.00121321452297771,-6.7132678603554
2008,1,0.377,5000,0,0.72,"Missing",0.999571281318511,7.75428079763528
2008,0,0.377,5000,0,0.32,"Missing",0.0657065880136233,-2.65459133984773
2008,0,0.364,2000,1,0.97,"Missing",0.614104700684156,0.464599348521338
2008,1,0.377,5000,1,0.94,"Missing",0.943102644096599,2.8079262543006
2008,1,0.377,3500,0,1.01,"Missing",0.929406927185316,2.57761464910506
2008,0,0.299,3500,1,0.95,"D",0.0182929775241219,-3.98277567170731
2008,0,0.208,6000,0,0.16,"A",0.000120835665245579,-9.0209582309733
2008,0,0.195,2550,0,0.98,"Missing",1.56644649033085e-05,-11.0641001282978
2008,0,0.195,5100,0,0.19,"C",0.00519499021710514,-5.25485200647373
2008,0,0.156,6000,0,0.03,"AA",0.00463277503734586,-5.36995569071162
2008,0,0.208,3400,0,0.49,"C",7.52278716441609e-07,-14.1001581958193
2008,1,0.234,1000,1,0.61,"D",0.989231144665521,4.52026981711022
2008,1,0.364,2000,0,0.77,"Missing",0.924481518157618,2.50485564053869
2008,1,0.312,25000,0,0,"A",0.945814072487384,2.85962477427955
2008,0,0.195,10000,0,0.66,"B",8.5601169799242e-05,-9.36572600419717
2008,1,0.312,3000,0,0.97,"Missing",0.72767893503647,0.982878171532127
2008,1,0.377,4750,1,1.19,"Missing",0.705163911123286,0.872010702842639
2008,1,0.195,1500,1,0.42,"C",0.968267064871142,3.41815283809677
2008,1,0.377,3600,1,0,"Missing",0.999632572247428,7.90861635500851
2008,0,0.234,13000,0,0.73,"C",0.609374585439765,0.444684079683598
2008,0,0.286,20000,1,0.77,"B",4.5714980016682e-05,-9.99303880745125
2008,0,0.325,8500,0,0.86,"Missing",0.377578661940539,-0.499838332807828
2008,1,0.104,1500,1,0.22,"AA",0.830317843945604,1.58788155523198
2008,0,0.221,1000,0,0.72,"C",1.36256516240439e-06,-13.5061401233686
2008,0,0.13,5000,0,0.71,"AA",0.000254593430969003,-8.27558804770707
2008,1,0.299,14000,1,0.83,"C",0.991652552084721,4.77741694276156
2008,1,0.312,1000,0,0.92,"Missing",0.866409313570899,1.86957689904907
2008,1,0.377,6000,1,0,"Missing",0.913079531526451,2.35182944182355
2008,1,0.234,7500,1,0.96,"D",0.869835477398101,1.89950487853917
2008,0,0.221,9500,0,0.37,"C",0.723761017130404,0.963194880036951
2008,1,0.351,3200,1,0,"Missing",0.998088739548707,6.25807924319355
2008,1,0.325,2000,0,0.19,"D",0.992133208577936,4.83720709913578
2008,0,0.273,14000,0,0.85,"C",4.25129242942254e-05,-10.0656599133947
2008,0,0.377,25000,0,0.11,"C",0.0355588831132571,-3.30035877844072
2008,0,0.221,4000,1,0,"C",0.0115237675862956,-4.45175294900735
2008,1,0.377,3500,0,0.94,"Missing",0.999999989826032,18.4034335657339
2008,0,0.143,13000,1,0,"AA",7.20933176179796e-06,-11.8401270837411
2008,1,0.377,3600,1,0,"Missing",0.959148242119978,3.15609578989409
2008,1,0.299,3500,0,0.92,"Missing",0.943033617227346,2.80664061330174
2008,0,0.156,3000,0,0.56,"B",0.000893101063264738,-7.01991731062683
2008,0,0.195,5000,0,0.83,"C",0.00541879559011063,-5.21244817355351
2008,0,0.377,5000,1,0.42,"D",0.71380384041335,0.913930742881561
2008,1,0.351,2000,1,0,"Missing",0.99070679844974,4.66913550948874
2008,0,0.312,1000,1,0.18,"C",0.244950353356419,-1.12572795358189
2008,1,0.221,5000,0,0,"C",0.982593165357291,4.03333223938445
2008,1,0.377,3000,0,1.34,"Missing",0.170572221137784,-1.58157724854885
2008,0,0.377,6000,1,0,"Missing",0.655427885596441,0.642984883624569
2008,0,0.221,3500,0,0,"B",1.2943249548155e-07,-15.8601062326957
2008,1,0.377,10000,0,1.13,"Missing",0.72989926932013,0.994111571373908
2008,0,0.182,9500,0,0.77,"A",5.01000759230501e-08,-16.8092432633265
2008,1,0.286,3000,0,0.3,"Missing",0.999914518629991,9.3671266153717
2008,0,0.377,6500,0,0.89,"Missing",0.174052012224639,-1.55717762736554
2008,0,0.169,18000,0,0.53,"AA",0.00186254996194612,-6.28394449619945
2008,1,0.26,2000,0,0.77,"Missing",0.999997848449162,13.0493195042153
2008,0,0.169,6001,0,0.94,"A",0.037759286824154,-3.23803318693527
2008,0,0.286,4000,0,0.47,"B",0.110229862446187,-2.08839531286224
2008,0,0.26,2500,0,1,"C",0.00716623649283345,-4.93118262127136
2008,0,0.221,6500,1,0.33,"C",0.000391733644021087,-7.84453661827101
2008,0,0.208,4000,0,0.8,"C",0.0120461887314127,-4.40688762486937
2008,0,0.26,5000,0,0.95,"Missing",0.199189717610164,-1.39136634267038
2008,0,0.143,15200,0,0.83,"A",1.94702257895656e-05,-10.8466046714388
2008,0,0.312,14900,0,0.93,"D",0.722465515628198,0.956724496140829
2008,0,0.377,7000,0,0.36,"Missing",0.0346692387359887,-3.32661799836913
2008,1,0.377,3001,0,0,"Missing",0.998647369386725,6.60435043392523
2008,0,0.195,3000,1,0,"C",0.00224220699561832,-6.09804990776441
2008,0,0.286,20000,0,0.92,"D",0.0836616878959992,-2.39360449137041
2008,1,0.312,3000,0,0.85,"Missing",0.245449078912304,-1.12303325792707
2008,1,0.299,15900,0,0.74,"D",0.78536557775266,1.29721309428768
2008,1,0.234,2000,0,0,"D",0.997068889316731,5.82943844019419
2008,1,0.351,3000,1,0.79,"D",0.948017248356044,2.90346073215551
2008,0,0.182,9000,0,0.14,"B",2.50356842983318e-05,-10.5951833428921
2008,1,0.195,5000,0,0.7,"C",0.114642078678583,-2.04417707853624
2008,0,0.286,5000,1,0,"D",0.104151949656481,-2.15191992469417
2008,1,0.377,1750,1,0.98,"Missing",0.998070281656363,6.24844964000581
2008,0,0.182,9999,0,0.54,"A",0.000174961058594303,-8.65077215475472
2008,0,0.182,1000,0,0.6,"A",6.86664184896831e-08,-16.494005502393
2008,1,0.234,5000,1,0,"D",0.990611920045098,4.65888205857294
2008,0,0.312,5000,0,0.67,"D",0.0145857242437586,-4.21301887843438
2008,1,0.325,15000,1,0,"D",0.997274369257682,5.90232606054263
2008,1,0.26,4000,0,0.48,"D",0.793880171248003,1.34847483939156
2008,1,0.377,2550,0,0.9,"Missing",0.903261053592162,2.2339955311623
2008,1,0.143,6100,0,0.76,"B",0.625596016007333,0.513369435383225
2008,0,0.247,3725,0,0.78,"D",0.0336428254907252,-3.35773368816916
2008,0,0.26,5128,0,0,"Missing",0.0313083793984742,-3.43206054211797
2008,1,0.377,2500,0,0,"Missing",0.999936775631267,9.6687575235498
2008,1,0.221,1000,1,0.14,"D",0.642784623845459,0.587470818567184
2008,1,0.26,1000,0,0.91,"Missing",0.997009713162908,5.80939119736532
2008,0,0.13,6500,0,0.69,"AA",1.61039408848759e-05,-11.0364304363978
2008,1,0.351,3200,0,0.98,"Missing",0.891191536814958,2.10297025471153
2008,0,0.182,25000,0,0.23,"B",0.00123688331845378,-6.69392286736058
2008,1,0.377,1500,0,0.84,"Missing",0.505746072212312,0.0229853007697218
2008,0,0.195,20000,1,0.79,"B",0.0277840140703479,-3.55511716566178
2008,0,0.377,5000,0,0.89,"Missing",0.177328723883634,-1.53455149220196
2008,0,0.377,25000,0,0.82,"B",8.81230383258567e-06,-11.6393528378631
2008,1,0.377,1000,0,0,"Missing",0.999850356494538,8.80710506808497
2008,0,0.221,13000,1,0.88,"B",0.00249619616341315,-5.99048792359666
2008,1,0.377,4750,0,1,"Missing",0.997812569391185,6.12283783539058
2008,1,0.312,1800,0,1.18,"Missing",0.993732235150266,5.0660479814369
2008,0,0.247,5000,0,0.42,"B",4.99948903367044e-06,-12.2061698445166
2008,1,0.26,3000,1,0.62,"D",0.815756734518968,1.48785921163907
2008,0,0.273,2500,1,0.38,"A",0.274594949429655,-0.97143308858542
2008,1,0.325,5000,0,0.9,"D",0.986214680306342,4.27026982378663
2008,1,0.312,2500,1,0.96,"D",0.469491324370318,-0.122186491571807
2008,0,0.221,3000,0,0,"C",0.288038592936466,-0.904929231970526
2008,0,0.312,10000,0,0,"C",0.000112170390303495,-9.09537932406018
2008,0,0.221,10000,0,0.84,"C",0.847400827471748,1.71435911832791
2008,1,0.273,3500,0,1.03,"D",0.97741554147361,3.76764989164475
2008,1,0.377,6000,1,0.77,"Missing",0.998618506766608,6.58320786325334
2008,1,0.377,5108,0,0,"Missing",0.970983676609808,3.5104511100882
2008,0,0.247,4400,0,0.98,"D",0.00837393122907945,-4.77422263428962
2008,0,0.195,7500,0,0.72,"B",0.0277625674506665,-3.5559114280231
2008,0,0.26,3000,0,0,"D",1.12826668138603e-05,-11.3922316374382
2008,0,0.195,12000,0,0.61,"B",0.752906232088221,1.11417280250565
2008,0,0.195,25000,0,0,"B",6.19390444062148e-05,-9.68929787030857
2008,0,0.299,1500,0,0.84,"Missing",0.394362022056978,-0.429013086290484
2008,1,0.312,5000,0,0.9,"C",0.90172367740612,2.21652499948226
2008,1,0.364,4000,0,0,"Missing",0.550384034979886,0.202222472649165
2008,1,0.377,3550,0,0,"Missing",0.83757427060747,1.64028909369109
2008,1,0.312,25000,0,0,"A",0.712134597102835,0.905773914578873
2008,0,0.364,3500,0,1.01,"Missing",0.00315552766591235,-5.75543903261571
2008,0,0.117,3500,0,0.1,"AA",0.00277028845778308,-5.88602969501246
2008,0,0.143,2593,0,1.01,"Missing",0.044159500260682,-3.07478297251082
2008,0,0.26,25000,0,0,"B",0.000149607022545486,-8.80734893316188
2008,1,0.377,3442,0,0.26,"Missing",0.998352667441943,6.40694923980672
2008,0,0.273,5000,0,0,"C",0.0145096595965142,-4.21832471812556
2008,0,0.156,6250,0,0.21,"AA",1.41147485334286e-06,-13.4708739934916
2008,0,0.13,3900,0,0.41,"AA",0.0312863953304581,-3.43278566151072
2008,0,0.377,2610,0,1.39,"Missing",0.107863511156314,-2.11275249298918
2008,0,0.221,4000,0,0.75,"B",0.000394512139639111,-7.83746605595603
2008,1,0.377,2550,0,0.94,"Missing",0.988266196509454,4.43347822777349
2008,1,0.26,1500,0,0.53,"D",0.943254442398224,2.8107586953529
2008,0,0.234,12000,0,0.57,"A",0.0364895457766795,-3.27355753556732
2008,0,0.377,6000,0,0.43,"D",0.152475057413109,-1.71531924487894
2008,0,0.351,15000,0,0.94,"D",0.765805666354315,1.18477718191652
2008,1,0.26,4600,0,0.91,"Missing",0.883900209965997,2.02989409140228
2008,0,0.182,1000,0,0,"B",0.00651074947890307,-5.02776866520419
2008,1,0.377,3600,0,0.92,"Missing",0.986994701593563,4.32930782707266
2008,0,0.221,5000,0,0.03,"C",0.0553978088078769,-2.83622383639639
2008,0,0.377,2560,0,1,"Missing",0.00351267641716542,-5.64785815970535
2008,1,0.299,1000,1,0.93,"Missing",0.938199514203566,2.72005140288151
2008,0,0.377,3500,0,0.9,"Missing",0.650678103698264,0.62202121947291
2008,1,0.377,2600,1,0,"Missing",0.999921953214099,9.45812404201561
2008,0,0.325,5000,0,0.2,"D",0.036006725640857,-3.2873785734164
2008,1,0.364,9000,0,0.7,"D",0.980201500802724,3.90215202688287
2008,0,0.221,6000,0,0.6,"C",0.818718223880931,1.50768738078157
2008,0,0.104,3000,0,0.03,"AA",6.85737245462722e-06,-11.8901793563098
2008,0,0.182,10000,0,0.65,"C",0.000488183576604625,-7.62433073850582
2008,1,0.377,5000,0,0.92,"Missing",0.500660543990788,0.00264217750026141
2008,0,0.221,10000,0,0.05,"B",4.0556253537182e-05,-10.1127800142843
2008,0,0.273,3000,1,0.65,"Missing",0.213084927965821,-1.30642951995699
2008,1,0.338,3675,0,0.85,"Missing",0.943042044419539,2.80679749318768
2008,0,0.195,6000,0,0.14,"C",0.0134281615261577,-4.29688203627531
2008,0,0.221,5600,0,0.84,"C",0.0168876764946198,-4.06413922521665
2008,0,0.377,5000,1,0.65,"D",0.0320648919052146,-3.40740332645665
2008,0,0.182,8000,0,0.21,"B",1.28356784106235e-06,-13.5658656981624
2008,0,0.377,2000,0,0,"Missing",0.0147123876994545,-4.20424375117894
2008,1,0.377,2000,1,0,"Missing",0.995523457904446,5.40441779244537
2008,1,0.377,3001,0,0.83,"Missing",0.979459894239651,3.86462193792895
2008,0,0.247,5000,0,0.42,"B",0.0239060732693516,-3.70942627984211
2008,0,0.195,14700,0,0.37,"AA",0.00257908839155556,-5.95773685912352
2008,0,0.377,8000,0,0.8,"D",0.109436695475467,-2.09650793037778
2008,0,0.377,25000,0,0.95,"C",0.0465775518149525,-3.01893938353653
2008,0,0.182,9250,0,0.92,"B",0.00147430617696566,-6.51809239431991
2008,1,0.273,12000,1,0.98,"C",0.999834677549455,8.70744740927438
2008,0,0.195,5000,1,0.6,"D",0.0910759986975234,-2.30056717525932
2008,0,0.169,10800,1,0.68,"A",0.218103225772622,-1.2767542661297
2008,1,0.377,5200,0,0,"Missing",0.99784674482881,6.13861897196522
2008,0,0.377,2525,0,0,"D",0.552960270409553,0.212638684017953
2008,0,0.156,9000,0,0.12,"A",0.000388924548933948,-7.8517361945685
2008,0,0.273,5000,0,0,"C",0.000823406859873968,-7.10123637146152
2008,1,0.377,2000,0,0.28,"Missing",0.989318539433097,4.52850678072186
2008,1,0.377,5000,0,1,"Missing",0.999490300035986,7.581178481316
2008,0,0.13,2000,0,0,"AA",0.0174533941105006,-4.03061364400365
2008,1,0.377,25000,0,0.38,"B",0.914314391459158,2.36748960230172
2008,1,0.299,2000,0,1.13,"Missing",0.909641204442314,2.30926187879306
2008,1,0.338,2000,1,0,"Missing",0.99909450676391,7.00612484703239
2008,0,0.377,16000,1,0,"D",0.0772037509562946,-2.48096041816876
2008,1,0.377,2500,0,0.83,"D",0.999987865931519,11.3194813505606
2008,0,0.247,8500,0,0.79,"C",4.36642324928989e-07,-14.6441510187681
2008,1,0.325,1000,1,0.95,"D",0.990894676073056,4.68974895886429
2008,1,0.273,9975,0,0.62,"C",0.993218348829982,4.98672992021645
2008,0,0.143,1527,0,0.03,"AA",0.000104946716846435,-9.16195284298868
2008,0,0.156,5250,1,0.39,"B",0.00130075933665741,-6.64350547385814
2008,1,0.377,2500,0,0.95,"D",0.999332163632791,7.31079931423309
2008,0,0.325,15000,0,0.83,"C",2.6414014515748e-06,-12.8441982873844
2008,1,0.13,7500,1,1.02,"D",0.984606989318199,4.15832901136958
2008,0,0.273,2550,0,0.24,"Missing",0.00354437214860092,-5.63884357536475
2008,0,0.377,1750,1,0.98,"Missing",0.347977628047289,-0.62794068366136
2008,1,0.377,3001,0,0.85,"Missing",0.826516721589095,1.56113893215703
2008,0,0.221,20000,0,0.56,"B",1.16927849902065e-05,-11.3565268810285
2008,1,0.26,1990,1,1,"D",0.995313028234431,5.35827059398805
2008,1,0.325,9000,0,0.78,"D",0.986005422806449,4.25499194313052
2008,0,0.299,6500,0,0.71,"Missing",0.0176923576308245,-4.0167717666576
2008,0,0.195,8400,0,0.48,"B",2.84989308452016e-05,-10.4656154862599
2008,1,0.377,5000,0,0.92,"Missing",0.796957792232088,1.36738784161596
2008,0,0.364,10500,0,0.94,"C",0.0793904180530983,-2.45065835816185
2008,0,0.39,3000,0,1.03,"D",0.293356585502896,-0.879137290020656
2008,1,0.221,9500,0,0.37,"C",0.113902150046886,-2.05148763774087
2008,0,0.273,25000,1,0.01,"B",0.000263412680556636,-8.24152518060937
2008,1,0.195,5000,0,0.67,"C",0.609307849072062,0.4444037271935
2008,0,0.195,10000,0,0.08,"B",0.00958950782403748,-4.63744992996269
2008,0,0.286,7300,0,0.74,"D",0.0635770109912266,-2.68981534312988
2008,1,0.377,15000,0,0.98,"Missing",0.993190655358517,4.98262676416989
2008,0,0.338,5050,1,0,"D",0.000571729803461399,-7.46627215645479
2008,0,0.13,3000,0,0.16,"AA",0.0763825609261552,-2.49254354894418
2008,1,0.286,2000,1,0.84,"D",0.991725698819515,4.78629208755234
2008,1,0.312,7100,0,0.9,"D",0.980545533866357,3.92003241902095
2008,1,0.312,3000,0,0.4,"Missing",0.701893492213944,0.856330840693959
2008,0,0.104,2600,0,0,"A",2.44119712891002e-06,-12.9230195711745
2008,0,0.195,1250,0,0.74,"C",0.432821941176342,-0.270346869028495
2008,1,0.377,4500,0,0.98,"Missing",0.999996836948971,12.6639703175522
2008,0,0.221,3000,0,0.91,"D",0.166136855293011,-1.61325741564092
2008,1,0.338,2200,0,0.98,"Missing",0.991609355572057,4.77221190836007
2008,0,0.377,4000,1,0.98,"Missing",0.172680294532124,-1.56674932858495
2008,0,0.182,9500,0,0.77,"A",0.000261828040214675,-8.24756074242065
2008,0,0.169,6000,0,0,"B",0.495737928719371,-0.0170486980557056
2008,0,0.169,8500,0,0.21,"AA",0.00146051397816626,-6.52750528380515
2008,1,0.325,2500,0,1.01,"D",0.957281393441604,3.10946280916172
2008,0,0.143,2700,1,0.12,"AA",4.82404843733049e-05,-9.93926372304178
2008,1,0.377,25000,0,0.34,"C",0.995336285356175,5.36326839082715
2008,0,0.26,8000,0,0.87,"D",0.00348236587533825,-5.65655492352844
2008,0,0.143,1200,0,0.87,"Missing",0.0148743842790032,-4.19312860412497
2008,0,0.117,4900,0,0,"AA",0.0570698070700907,-2.80471704934865
2008,0,0.377,3001,0,0,"Missing",0.00756071592698281,-4.87719995090849
2008,0,0.325,4000,1,0.47,"C",0.0434002763553453,-3.09291923363207
2008,1,0.377,2550,1,0,"Missing",0.692446308348342,0.811581022982856
2008,0,0.195,3000,0,0,"C",6.31042870404384e-05,-9.67065874402776
2008,0,0.195,3000,1,0,"C",0.0273861588814922,-3.56994939346557
2008,0,0.286,20000,1,0.77,"B",0.32696680052205,-0.721936020716977
2008,1,0.351,6500,0,0.67,"D",0.821030732020713,1.52334643734234
2008,0,0.221,4800,0,0.88,"C",0.00688450818639847,-4.97157326623012
2008,0,0.143,1000,0,0.97,"Missing",0.0229483772111912,-3.7512922644567
2008,1,0.234,14000,0,0.91,"C",0.143268170977152,-1.78840675577721
2008,1,0.351,5000,0,0.96,"Missing",0.953194515247422,3.01381859954166
2008,1,0.299,10000,0,0,"D",0.979401426510611,3.86171977047209
2008,0,0.182,3210,0,0.08,"B",3.07244093111728e-07,-14.9956230064638
2008,0,0.234,2500,0,0.84,"A",0.0100237065456947,-4.59272805484105
2008,1,0.286,2000,0,0,"Missing",0.97629193339082,3.71794630028158
2008,1,0.234,12000,1,0.68,"C",0.894051069533218,2.13280570833378
2008,1,0.377,3000,1,0.8,"Missing",0.905760479795526,2.26293527132274
2008,1,0.364,3500,0,0.93,"D",0.871519510612939,1.91446119285875
2008,0,0.169,2500,1,0.77,"B",3.73427837660557e-07,-14.8005406833404
2008,1,0.299,1400,0,0,"Missing",0.153692897560816,-1.70592585926013
2008,0,0.195,25000,0,0.16,"AA",2.49208381905143e-05,-10.5997813082086
2008,0,0.325,25000,0,0.57,"D",0.378122021807146,-0.497526944413643
2008,1,0.377,4300,1,0.95,"Missing",0.999956051061773,10.032438142872
2008,0,0.182,3500,0,0.94,"C",0.00390180136125593,-5.54240751173549
2008,1,0.156,18950,0,0,"AA",0.518867761424126,0.0755068991610877
2008,0,0.377,1300,0,0.55,"Missing",0.698113718076738,0.838331612833912
2008,0,0.26,13500,0,0.31,"C",4.222106753403e-06,-12.3751721017106
2008,0,0.234,5000,0,0.92,"B",8.80014989309049e-06,-11.6407330031308
2008,1,0.325,3000,0,0,"Missing",0.99872728260774,6.66532745743476
2008,0,0.312,4000,0,0.63,"D",0.478322275280049,-0.0867652902507541
2008,1,0.377,3000,1,0.59,"D",0.993780884394179,5.07388903303878
2008,0,0.13,1500,1,0.79,"A",0.0201853100938282,-3.88240834507763
2008,0,0.182,3500,0,0.94,"C",0.0140187874489198,-4.25323890958531
2008,0,0.208,6500,1,0.93,"A",0.00429851670281402,-5.44517748674019
2008,0,0.13,1500,1,0.79,"A",0.0224649565942974,-3.77307753087598
2008,1,0.377,1800,0,0.98,"Missing",0.997497790121046,5.98807564034328
2008,0,0.26,5000,0,0.65,"B",4.69232924506075e-05,-9.96694944066595
2008,0,0.377,2550,1,1.26,"Missing",0.00581975385276689,-5.14066055685973
2008,0,0.299,13100,0,0.71,"D",0.0259081316145495,-3.62694873853743
2008,1,0.299,1800,0,0,"Missing",0.977608155865855,3.77641213972
2008,1,0.377,20000,1,0.87,"D",0.915751359331522,2.3859724514458
2008,1,0.208,7000,0,0.98,"C",0.357729195630547,-0.585233765039319
2008,1,0.377,1000,0,0.92,"Missing",0.999189587806672,7.11715681832693
2008,1,0.195,1500,1,0.85,"D",0.689836976841698,0.799357263821447
2008,0,0.247,1500,0,0.86,"D",6.23187880547949e-08,-16.5910028203852
2008,0,0.195,20000,1,0.79,"B",0.000682333767666422,-7.28930905776708
2008,0,0.169,20000,0,0.13,"AA",0.00476308284042883,-5.34208570235626
2008,0,0.195,9990,0,0.2,"A",2.60721039331188e-06,-12.8572271158288
2008,1,0.195,1500,0,0.77,"C",0.0185294386402851,-3.96969127454984
2008,0,0.143,1000,1,0.97,"C",0.000226912791377916,-8.39071785471044
2008,1,0.377,20000,0,1.05,"C",0.998980285618581,6.88721247447095
2008,0,0.234,9800,0,0.57,"C",0.00143889261891017,-6.54244154706438
2008,0,0.169,6000,0,0,"B",2.02487581485042e-05,-10.8073968433289
2008,1,0.364,2550,0,0.74,"Missing",0.984030325556906,4.12096513874313
2008,1,0.247,24000,1,0.18,"B",0.960041187248861,3.17912694451926
2008,0,0.13,8300,0,0.05,"AA",0.00613557924471156,-5.08749630960125
2008,0,0.325,15000,0,0,"C",0.00572153035759976,-5.15778100332457
2008,0,0.182,7000,0,0.55,"C",4.35734282804696e-05,-10.0410194621261
2008,0,0.299,4000,0,0.51,"D",0.0608997594120481,-2.73569300183349
2008,0,0.195,1000,0,0.27,"A",2.58124195680772e-05,-10.5646289905019
2008,0,0.273,4000,1,0.91,"D",0.00140192727323765,-6.5685044544048
2008,1,0.325,3500,0,0.97,"Missing",0.99978187490802,8.4302236944391
2008,0,0.156,4500,0,0.09,"AA",0.000717891797920872,-7.23847354994125
2008,0,0.299,8500,0,0.86,"D",0.000675654468893517,-7.29915287046207
2008,0,0.195,5000,0,0.17,"B",3.69285011566738e-05,-10.2064899868039
2008,1,0.377,2500,1,0,"Missing",0.998845654659828,6.76306688863934
2008,1,0.377,7900,1,0.99,"Missing",0.998985933482612,6.89277219593167
2008,1,0.156,25000,0,0.17,"AA",0.925236983446754,2.51572657141733
2008,0,0.377,2000,1,0.98,"Missing",0.361969532234893,-0.566825994135563
2008,0,0.156,2500,0,0,"C",0.0567365646982149,-2.81092671944365
2008,0,0.156,15000,0,0,"AA",0.0771548837971293,-2.48164653623251
2008,1,0.208,8000,1,0.59,"C",0.999861835560647,8.88692781868905
2008,0,0.169,2500,1,0.77,"B",0.000195870839513037,-8.53785920800951
2008,0,0.182,1400,0,0.61,"C",0.00114947254749319,-6.76730196247705
2008,1,0.377,2000,1,0.98,"Missing",0.42636530785598,-0.296696259900325
2008,1,0.377,2800,0,0.97,"Missing",0.995417343849142,5.38088331464746
2008,1,0.325,2000,0,0,"D",0.957948510194279,3.12589921416053
2008,0,0.377,15000,0,0,"Missing",0.00518753658707195,-5.25629530195074
2008,1,0.312,5500,0,0,"D",0.971417577681441,3.5259645003192
2008,1,0.221,6500,0,0.81,"C",0.977044699511053,3.75098353483482
2008,0,0.299,1000,0,0.92,"Missing",0.000623094994575505,-7.38018828234724
2008,0,0.273,5000,0,0.97,"D",0.00468003173639549,-5.35975937042074
2008,1,0.351,4700,0,0,"D",0.967829601704689,3.4040093183555
2008,0,0.117,3600,0,0.23,"AA",2.69331739648817e-06,-12.8247341979413
2008,0,0.143,23500,0,0.02,"AA",8.4812350985126e-08,-16.2828245715324
2008,1,0.377,4000,0,1,"Missing",0.999932779149301,9.60745985719969
2008,1,0.377,3500,0,1.01,"Missing",0.999139188180541,7.05677345533591
2008,0,0.169,10000,0,0.12,"AA",4.57379222682007e-10,-21.5055082597459
2008,1,0.312,9950,0,0,"D",0.866803137930902,1.87298368999922
2008,0,0.195,9500,0,0.36,"A",1.81067415430726e-05,-10.9192081211901
2008,0,0.377,3000,0,0.94,"Missing",0.000249769402511898,-8.29472265511773
2008,1,0.377,7500,0,0.35,"Missing",0.918223305849474,2.41844832317058
2008,0,0.221,3600,1,0.76,"D",0.00768652204935299,-4.86057065141606
2008,1,0.182,12000,1,0.37,"A",0.489383248769864,-0.0424733888952478
2008,1,0.338,3001,1,1.01,"Missing",0.994648014360458,5.22492128053348
2008,1,0.169,5000,0,0.95,"B",0.978925068698972,3.8383708568445
2008,1,0.377,11700,0,0.56,"Missing",0.982487442074688,4.0271693427455
2008,1,0.377,4000,0,0,"Missing",0.912413586847142,2.34346749670862
2008,1,0.299,10000,0,0.67,"D",0.948038703795426,2.90389619051838
2008,1,0.221,2000,0,0.79,"D",0.163712297487854,-1.63086209198637
2008,0,0.338,2000,1,0,"Missing",0.159816339758847,-1.65959523167087
2008,1,0.312,3000,0,0,"Missing",0.983599788079832,4.09392483818025
2008,0,0.221,5000,0,0.93,"C",0.0171802270409206,-4.04666662756154
2008,0,0.221,4000,1,0.31,"D",0.063383458341578,-2.69307104002251
2008,1,0.273,5000,1,0.94,"C",0.503553349707955,0.0142136381224762
2008,1,0.377,10000,0,1.13,"Missing",0.948710150248852,2.91761045345664
2008,0,0.286,6001,0,0.25,"Missing",0.0131833118433125,-4.31553252044505
2008,0,0.104,3000,0,0.03,"AA",0.00334190720926503,-5.69786611037218
2008,0,0.312,3000,0,0.56,"Missing",0.0876906086312527,-2.342164368984
2008,0,0.377,2550,1,1.51,"D",0.205861770948477,-1.35005260935416
2008,1,0.091,1100,1,0.18,"A",0.919528898430033,2.43596333870329
2008,0,0.195,3200,0,0.7,"C",0.0818269886637283,-2.41777871441442
2008,1,0.377,6000,1,0,"Missing",0.999907125694206,9.28417065095761
2008,0,0.273,4500,0,0,"D",0.14925249326016,-1.74047592532147
2008,1,0.247,8500,0,0.79,"C",0.579744768633901,0.321725732173617
2008,0,0.377,25000,0,0.95,"C",0.0373439615646374,-3.24952494399814
2008,1,0.312,9950,0,0,"D",0.999084634262827,6.9952710748546
2008,0,0.13,2000,0,0,"AA",4.06894653106192e-06,-12.4121223606361
2008,1,0.377,5100,0,0.81,"Missing",0.998814773744545,6.73663566055498
2008,0,0.195,7500,1,0,"A",0.0620338118390464,-2.71603431298252
2008,0,0.26,5000,0,0.87,"Missing",0.236746677078462,-1.17059928885687
2008,0,0.234,5000,0,0.5,"D",0.000479121889901105,-7.64307628878478
2008,0,0.26,5128,0,0,"Missing",0.0119084024619074,-4.41853116331968
2008,1,0.273,10000,0,1.01,"D",0.994487428206477,5.19519619243674
2008,0,0.117,9000,0,0.37,"AA",9.70930996920638e-05,-9.23974315131206
2008,0,0.273,6250,0,0,"C",0.0511236203889287,-2.9210318973386
2008,1,0.377,3000,1,0,"Missing",0.988692413758878,4.47090942669191
2008,0,0.156,3001,0,0.05,"AA",0.0234530826298092,-3.72902085394284
2008,0,0.247,13500,0,0.78,"B",0.00196446401898659,-6.23056943863306
2008,0,0.234,5000,0,0.5,"D",0.000824536975903324,-7.09986369342028
2008,1,0.221,3000,1,0.59,"C",0.934481406745169,2.6576577613791
2008,1,0.377,2500,0,0.95,"D",0.999828087306281,8.6683518772042
2008,1,0.364,4000,0,0.53,"Missing",0.898189108545921,2.1772635475758
2008,0,0.299,16000,1,0,"A",0.0038791515840707,-5.54825211814974
2008,1,0.325,9500,0,0.64,"D",0.998789704984054,6.71568010624543
2008,0,0.26,5000,0,0.87,"D",0.000712451285169436,-7.24608631465174
2008,1,0.377,1800,0,0.85,"Missing",0.757255680683336,1.13769224608251
2008,0,0.065,1000,1,0.48,"D",0.00531916038503878,-5.23110645295952
2008,0,0.26,8000,0,0.91,"D",4.47864244742587e-07,-14.6187752277166
2008,1,0.299,6001,0,0.42,"C",0.999785875917964,8.44874074136447
2008,1,0.065,1000,1,0.48,"D",0.573909921255749,0.297821676026575
2008,0,0.286,4000,0,0.47,"B",0.00196025193292537,-6.23272010105183
2008,1,0.26,4000,0,0,"Missing",0.984371409995196,4.14290134547928
2008,1,0.377,2500,1,0.89,"Missing",0.999940106088136,9.72287580063637
2008,0,0.247,6001,1,0.24,"D",0.303879951564086,-0.828889401602381
2008,1,0.377,2000,0,0.28,"Missing",0.999770135696534,8.37779151735474
2008,0,0.156,7000,0,0.2,"B",1.76133754655882e-07,-15.5520219847695
2008,1,0.377,3000,0,0.36,"Missing",0.983351002229222,4.07861610820559
2008,1,0.364,6000,0,0.98,"Missing",0.928409441063626,2.56250963668327
2008,1,0.377,9000,1,0,"Missing",0.900999824910255,2.20838344456377
2008,0,0.195,15000,0,0.65,"B",1.04802300767418e-05,-11.4660094451398
2008,0,0.221,13000,1,0.88,"B",0.0899121532695977,-2.31470801084346
2008,0,0.104,3001,0,0.32,"AA",0.574557245597813,0.300469334815881
2008,1,0.377,2550,0,0.91,"Missing",0.786562533612175,1.30432833577771
2008,0,0.325,4500,1,0.2,"D",0.0034621941921896,-5.66238452985831
2008,0,0.156,4000,0,0.28,"AA",1.04537036071522e-07,-16.073724311626
2008,0,0.169,4250,1,0.99,"B",0.0137192124052354,-4.27514387271518
2008,0,0.143,13000,1,0,"AA",0.000454724464559544,-7.69536406695987
2008,1,0.156,1000,1,0.45,"D",0.991771049936255,4.79183385193297
2008,0,0.13,2300,0,0.62,"A",1.20307381861853e-06,-13.6306295576696
2008,1,0.364,2000,0,0.77,"Missing",0.999998741995005,13.5859821710743
2008,1,0.312,5000,0,0.95,"D",0.987901920107671,4.40253666824777
2008,0,0.377,5500,0,1.02,"Missing",0.173935251268692,-1.55799004792777
2008,0,0.169,2600,1,0.1,"C",0.00644840499417134,-5.03745318070928
2008,0,0.182,4000,0,0.18,"B",0.00277031659484204,-5.88601951012348
2008,0,0.169,25000,1,0.11,"AA",8.02088565227371e-06,-11.733453690807
2008,1,0.364,4000,0,0.53,"Missing",0.945496622560132,2.85344764484893
2008,1,0.221,4000,0,0.73,"B",0.733329720084667,1.01158243491837
2008,1,0.312,1000,1,0.9,"D",0.969397125915543,3.45558042972293
2008,0,0.377,3000,0,1.51,"Missing",0.197273884985008,-1.40342053626841
2008,1,0.325,4000,0,0.45,"D",0.806619190778678,1.42819032467994
2008,1,0.234,9800,1,0.72,"C",0.999183734540229,7.10995433877198
2008,1,0.338,5000,0,0.64,"D",0.999936624304003,9.66636673620893
2008,0,0.234,12000,0,0.54,"B",0.0109199710992464,-4.50618192363471
2008,1,0.377,25000,0,1.31,"Missing",0.999647020985343,7.9487489100346
2008,1,0.338,3000,0,1.17,"Missing",0.999995566164409,12.326241092807
2008,0,0.234,5600,0,0.33,"C",3.65286943044351e-05,-10.2173759315377
2008,0,0.117,2550,0,0.58,"AA",0.00484156768698673,-5.32566338238487
2008,1,0.26,1000,0,1.07,"Missing",0.840537511518065,1.66223286922258
2008,1,0.221,1500,0,0,"Missing",0.773643518984425,1.2290000915179
2008,1,0.377,20000,0,0.03,"D",0.984794905021084,4.17080283357104
2008,1,0.26,10000,1,0.85,"Missing",0.999992760706432,11.835979690537
2008,1,0.312,1000,1,0,"Missing",0.999801137612436,8.52269861006753
2008,1,0.377,6000,0,0.98,"Missing",0.999031482448375,6.93877496593007
2008,0,0.169,15000,0,0.09,"AA",1.1124841119621e-06,-13.7089139919056
2008,0,0.26,9000,0,0.72,"D",0.612225841674408,0.456678132798289
2008,0,0.221,9000,0,0.99,"C",0.00326285579292049,-5.7218842664638
2008,1,0.312,9950,0,0,"D",0.995331903651841,5.36232489869722
2008,0,0.221,4600,0,0.88,"B",0.000109547378841291,-9.11904386542652
2008,0,0.208,5000,0,0.35,"B",0.000370864169301093,-7.89930374992111
2008,0,0.117,1000,0,0.18,"AA",4.13006740439958e-06,-12.3972127003707
2008,1,0.247,21200,1,0.47,"B",0.933950931419286,2.64902597175652
2008,0,0.234,6000,0,0.75,"C",0.00806712727448006,-4.81185799336524
2008,1,0.195,7500,0,0.98,"C",0.955236845873917,3.0605739674045
2008,0,0.195,14500,1,0,"A",0.00849779996727333,-4.75941386423563
2008,0,0.377,5500,1,0.89,"Missing",0.0873241377982325,-2.3467538754253
2008,0,0.325,8500,1,0.73,"D",0.0728349881751156,-2.54393510945898
2008,0,0.195,20000,0,0.75,"B",0.0175187800031089,-4.02680778049585
2008,0,0.338,2600,0,0.36,"Missing",0.186745565220837,-1.4712969419078
2008,0,0.234,4800,0,0.89,"C",0.0594885066748062,-2.76064074034439
2008,1,0.221,1775,0,0.9,"D",0.913109762413465,2.35221040988612
2008,0,0.195,1000,0,0.27,"A",3.85652321947979e-05,-10.163120841752
2008,1,0.286,15000,0,0,"C",0.311497171609659,-0.793129167925748
2008,0,0.169,5000,0,0,"B",0.000151174529320003,-8.79692437933024
2008,0,0.299,9600,0,0.94,"D",0.508424261850987,0.0337002365049936
2008,1,0.299,6001,0,0.42,"C",0.84859534841663,1.72362638694215
2008,0,0.143,6000,0,0.1,"A",0.0104427192960779,-4.55135263438935
2008,1,0.351,10000,0,0.45,"Missing",0.995857599691968,5.48232887079045
2008,1,0.273,4500,0,0,"D",0.983845487294498,4.10926942448908
2008,0,0.26,8500,0,0.89,"D",0.274945857652421,-0.969672134147453
2008,0,0.13,6500,0,0.67,"A",2.75883045671406e-05,-10.4980910339298
2008,0,0.195,5000,0,0.92,"B",0.0443240871677149,-3.07089059458806
2008,0,0.377,3300,0,0.91,"Missing",0.108896321220269,-2.10206453486449
2008,1,0.221,12000,0,0.91,"D",0.99906312059964,6.97201867372337
2008,0,0.26,1500,0,0.74,"Missing",0.0118000726294004,-4.42777934642838
2008,0,0.195,13000,0,0.26,"AA",0.00579218818852456,-5.14543610534575
2008,1,0.117,2500,0,0.09,"AA",0.592950194594896,0.376174856633238
2008,0,0.377,3000,0,1.34,"Missing",0.331974328197415,-0.699268962420194
2008,0,0.26,2018,0,0,"Missing",0.197083170941523,-1.40462530615049
2008,1,0.312,14900,0,0.93,"D",0.870718269717155,1.90732448972862
2008,1,0.377,2000,0,0,"Missing",0.999224452735372,7.1611657817524
2008,1,0.26,4600,0,0.91,"Missing",0.988142702689413,4.42288363838795
2008,1,0.312,7500,1,0.82,"D",0.79811826003746,1.37457470177466
2008,0,0.182,6001,0,0.54,"A",2.24606296903441e-06,-13.0063294198961
2008,0,0.234,8000,0,0.35,"C",0.294643903999684,-0.872935253885676
2008,0,0.091,3000,1,0.09,"AA",0.0747069601207864,-2.51653722510533
2008,1,0.221,5000,0,0.89,"D",0.993943881327306,5.10061163581514
2008,0,0.182,2500,0,0,"C",0.0901443197184135,-2.31187405539684
2008,0,0.26,4600,0,0.91,"Missing",0.193761921973172,-1.42574888195203
2008,0,0.377,20000,0,0.89,"C",0.257617400471317,-1.05838920270005
2008,1,0.299,3500,1,0.95,"D",0.951115938320543,2.96818456079732
2008,1,0.195,10000,0,0.41,"C",0.983937368980806,4.11506672615765
2008,0,0.117,5000,0,0.18,"AA",0.0985828443771056,-2.21307088792141
2008,0,0.091,5000,0,0.05,"AA",0.378630030574901,-0.495367112816103
2008,0,0.234,18000,0,0.15,"B",1.94147194567658e-05,-10.849459629796
2008,1,0.377,5000,0,0.32,"Missing",0.975272122451382,3.67478527912158
2008,0,0.195,25000,0,0,"B",6.76527424349843e-05,-9.60105501055746
2008,1,0.299,3250,0,0.93,"D",0.999710744636976,8.1479113537209
2008,1,0.312,9950,0,0,"D",0.991316181525175,4.73757218805376
2008,1,0.312,10000,1,0,"C",0.999992910747058,11.8569235016021
2008,1,0.364,3500,0,0.93,"D",0.999195459554937,7.12443445499467
2008,0,0.143,8000,0,0,"A",0.0227915959303919,-3.75830807103303
2008,1,0.338,5000,0,0,"Missing",0.914791929207772,2.37360048268614
2008,1,0.377,2500,1,1.84,"Missing",0.569921988733048,0.28153287580655
2008,0,0.195,6010,0,0.63,"B",2.16972841332545e-06,-13.0409063836633
2008,0,0.13,1500,0,0.89,"A",0.000215665594203964,-8.44156583606962
2008,1,0.377,3600,0,0.3,"Missing",0.999988541980731,11.3768092422256
2008,0,0.364,8423,0,0.92,"Missing",0.0446011317550986,-3.06436968198853
2008,1,0.377,7000,1,0.91,"D",0.951536680494263,2.97727102321665
2008,1,0.377,3800,0,0.96,"Missing",0.996111720723529,5.5458927063086
2008,0,0.26,3500,1,0.81,"C",0.0012830504609374,-6.65723098942048
2008,1,0.364,3200,0,0.99,"Missing",0.995330492817568,5.36202129786817
2008,0,0.221,18000,0,0.22,"B",3.85693815255617e-05,-10.1630132508637
2008,1,0.221,1000,1,0.76,"D",0.997435583247621,5.96345650270124
2008,0,0.273,10000,0,0.72,"A",0.000706817167426243,-7.25403146178837
2008,0,0.26,10000,0,0.64,"D",0.0479439554071397,-2.98859117037682
2008,0,0.195,6000,0,0.14,"C",0.124054518140675,-1.95458272227266
2008,0,0.377,3000,0,0,"Missing",0.0469801816220666,-3.00990985404988
2008,1,0.312,7000,0,1.14,"D",0.838818716252999,1.6494648943644
2008,1,0.221,1500,0,0.92,"D",0.717887874230523,0.934008791804833
2008,1,0.364,5000,0,0.96,"Missing",0.999894533105273,9.15700797588923
2008,1,0.377,7000,1,0.91,"D",0.945044696350614,2.84471203017644
2008,0,0.234,10000,0,0.96,"C",0.00525267936746494,-5.24375045367107
2008,0,0.286,2000,1,0.84,"D",0.00147433615490626,-6.51807203091222
2008,0,0.208,5000,0,0.94,"B",0.0116926193075271,-4.43703594909188
2008,1,0.221,3000,0,0,"Missing",0.994643006658456,5.22398101154792
2008,0,0.182,7000,0,0.55,"C",0.00145934036186597,-6.52831034606239
2008,1,0.377,2000,0,1.26,"Missing",0.797784039233697,1.37250169428518
2008,0,0.104,3500,0,0.46,"AA",3.10166226596648e-05,-10.3809562652593
2008,1,0.377,2800,0,0.99,"C",0.998669813568977,6.62110510095607
2008,0,0.169,2600,1,0.1,"C",0.00128446103377936,-6.65613079092445
2008,0,0.377,3600,1,0,"Missing",0.69166984008965,0.807937575458882
2008,0,0.364,6215,1,0.91,"Missing",0.000256154592694621,-8.26947323062624
2008,1,0.377,4850,0,0.89,"Missing",0.683259676356722,0.768792717099194
2008,1,0.26,8000,0,0.84,"D",0.609106785221881,0.443559182830409
2008,0,0.377,20000,0,0.95,"Missing",2.2077686192182e-05,-10.7209210561373
2008,0,0.221,1200,0,1.36,"Missing",0.0755081802349246,-2.5050032046397
2008,0,0.13,2000,0,0,"B",0.000272811145967433,-8.20645792681204
2008,1,0.338,3000,0,1.17,"Missing",0.99999795379293,13.0995206422127
2008,1,0.312,3000,0,1,"Missing",0.957507949250452,3.1150170058607
2008,0,0.182,8000,0,0.92,"B",1.06717857223621e-05,-11.4478964756392
2008,0,0.247,3000,1,0.77,"D",0.0742786729600526,-2.52274937568103
2008,1,0.312,3000,0,0.56,"Missing",0.749904524836718,1.0981031525994
2008,0,0.299,1600,0,0.74,"Missing",0.00225272214208284,-6.09336068977015
2008,0,0.195,1500,1,0.2,"C",0.351812332183535,-0.611082379032307
2008,0,0.312,1000,0,0.97,"Missing",0.042125009061575,-3.12407567604641
2008,1,0.247,7500,0,0.8,"D",0.816134258004754,1.49037304509279
2008,1,0.221,1500,0,0.61,"D",0.976103130927165,3.70982079854486
2008,0,0.13,2000,0,0,"A",0.0136725124555616,-4.27860100969411
2008,0,0.325,1250,0,0.99,"Missing",0.000807290589316138,-7.12101925199224
2008,0,0.208,9800,0,0,"C",3.21353755775355e-05,-10.345520955826
2008,1,0.312,2000,0,1.02,"Missing",0.999993373757017,11.9244659572908
2008,0,0.234,5600,0,0.33,"C",0.000187395310560007,-8.58210279929439
2008,1,0.208,8000,1,0.59,"C",0.350836195238876,-0.615365646177809
2008,0,0.377,8500,1,0.93,"B",8.2680624658902e-05,-9.40044258399724
2008,1,0.312,9500,0,0.86,"D",0.982930375247407,4.05323773509026
2008,0,0.325,1500,1,0.97,"Missing",0.34371227280965,-0.646794410174228
2008,0,0.273,5000,0,0.95,"D",0.0111811218301074,-4.48228437324286
2008,0,0.078,6000,1,0.81,"Missing",0.00818371079963359,-4.79739220705954
2008,1,0.221,5000,0,0.93,"C",0.0881160686277726,-2.33685780665126
2008,1,0.377,2550,0,1.7,"Missing",0.995807890445608,5.47035027706622
2008,1,0.312,3000,0,0.97,"Missing",0.898961287915783,2.18573624090396
2008,0,0.091,1100,1,0.18,"A",3.94095832108841e-07,-14.7466713344252
2008,1,0.299,10000,0,1.02,"D",0.983370712166949,4.07982070425889
2008,0,0.377,4000,0,1.12,"Missing",0.0103800172401025,-4.5574384750065
2008,0,0.221,1700,0,0.28,"D",0.0147029963639656,-4.20489181495947
2008,1,0.377,5000,0,1.08,"Missing",0.964901252740557,3.31386032811605
2008,1,0.364,11000,0,0.84,"Missing",0.316818005408903,-0.768433794025261
2008,0,0.26,13000,0,0.8,"D",0.0166750480746321,-4.07702616232977
2008,0,0.234,2000,0,0,"D",0.0206642334613421,-3.8584701989113
2008,0,0.169,5000,0,0.32,"B",0.00106539151438602,-6.84334696878697
2008,0,0.312,6001,0,0.74,"D",0.0386560247685613,-3.21362963655593
2008,0,0.26,8500,0,0.64,"C",7.35011552667372e-05,-9.51813593009761
2008,0,0.195,6000,0,0.72,"B",0.000902342473546149,-7.00961367770953
2008,0,0.117,6000,0,0,"AA",3.09378773222698e-06,-12.6861113206359
2008,0,0.169,5000,0,0.69,"A",2.37541289644194e-05,-10.6477304370494
2008,0,0.26,6000,0,0.25,"A",0.00220665457726834,-6.11406858346858
2008,0,0.377,20000,0,0.61,"D",0.322836728692216,-0.740765701182771
2008,0,0.156,3000,0,0.56,"B",0.000161369509624093,-8.73165234931399
2008,0,0.364,5500,0,0.35,"D",0.661325493024035,0.669206654078104
2008,0,0.338,9500,0,0.86,"D",0.00121496993967213,-6.71182023489226
2008,1,0.377,5000,1,0.65,"D",0.998567202930756,6.54669292818989
2008,0,0.312,2600,0,0.96,"Missing",0.125674562404173,-1.93975693296897
2008,1,0.377,5500,0,0.77,"Missing",0.992119952573016,4.83551009740271
2008,0,0.195,16000,0,0.77,"B",0.000330525976017816,-8.01449472502881
2008,1,0.299,14000,1,0.83,"C",0.978999645167129,3.84199194570217
2008,1,0.299,8000,1,0.74,"D",0.562605848655267,0.251744555020899
2008,1,0.364,3500,0,0.93,"D",0.971649290992093,3.53434288865741
2008,0,0.117,6001,0,0.22,"AA",0.000220191752981907,-8.42079157077655
2008,1,0.26,2000,0,0.77,"Missing",0.827398866308326,1.56730353689496
2008,1,0.377,6500,0,0.95,"Missing",0.999999755290427,15.2231935013639
2008,0,0.208,24000,1,0.35,"A",0.000256567071568202,-8.26786383994951
2008,0,0.299,6300,0,0.76,"D",0.000607794391635338,-7.40506592566992
2008,0,0.234,3100,0,0.98,"C",0.0333723868574948,-3.3660845090425
2008,0,0.286,25000,0,0.7,"C",0.00299621347599593,-5.80740525108563
2008,0,0.377,5000,0,0.82,"Missing",0.00393522359882408,-5.5338445886811
2008,1,0.143,4500,1,0.97,"AA",0.344609396859519,-0.642819805955188
2008,1,0.247,16000,0,0,"A",0.750242569578834,1.09990641182232
2008,1,0.351,15000,1,0.75,"C",0.999224881610179,7.16171936026865
2008,0,0.221,5000,0,0,"C",0.293209088375298,-0.879848915161229
2008,0,0.208,2000,0,0.89,"C",0.033367347022171,-3.36624075239269
2008,0,0.143,7000,0,0,"AA",4.59815754724317e-05,-9.98722379228538
2008,0,0.377,1500,0,0.51,"Missing",0.603858237721762,0.42156733188439
2008,0,0.117,5000,0,0,"AA",0.00333714291987784,-5.69929752767796
2008,1,0.312,1000,0,0,"Missing",0.88107532109854,2.00265277497976
2008,0,0.117,2500,0,0,"AA",4.47741931834999e-06,-12.3164592450969
2008,1,0.299,10000,0,0.44,"C",0.918244993262233,2.41873717980641
2008,1,0.377,3999,0,0.94,"Missing",0.999999932629981,16.5130656779867
2008,1,0.312,6500,0,0.98,"C",0.903178997427977,2.23305681958564
2008,0,0.13,5000,0,0.71,"AA",0.000362696843295157,-7.92158045242903
2008,0,0.208,25000,0,0.76,"AA",0.00368824515883834,-5.59890943725256
2008,1,0.26,4000,1,0.98,"B",0.943526438401029,2.81585179370409
2008,0,0.377,2501,0,1.07,"Missing",0.604202451651431,0.423006487644336
2008,1,0.26,5000,0,0.77,"D",0.932747325966995,2.62967756500603
2008,1,0.377,2500,1,0,"Missing",0.999521111739825,7.64356426209858
2008,0,0.221,5000,0,0.93,"C",0.0126790805108239,-4.35504170151663
2008,0,0.377,3000,0,0,"Missing",0.00749886588245401,-4.88547636181317
2008,0,0.221,25000,1,0.02,"A",0.0913035774238128,-2.29782109982693
2008,0,0.117,2000,0,0,"A",5.58071207348008e-07,-14.3987787129006
2008,1,0.351,2400,0,0,"Missing",0.935838129085344,2.68003339923627
2008,0,0.299,8000,1,0,"C",0.0012841038865452,-6.65640923940857
2008,1,0.312,9950,0,0,"D",0.615555837356521,0.470727102497416
2008,1,0.377,5000,1,0.42,"D",0.445790972432023,-0.217691751182539
2008,0,0.338,5000,0,0.64,"D",0.0207330407091851,-3.85507569377631
2008,1,0.364,1500,1,1,"Missing",0.914407480277884,2.3686784000731
2008,0,0.156,10000,0,0.85,"A",7.10750882081333e-06,-11.8543516448308
2008,1,0.377,10000,0,0.49,"D",0.999644572049869,7.94183251005544
2008,1,0.325,8000,1,0.85,"D",0.999858976456678,8.86644267412366
2008,1,0.351,1700,1,0,"Missing",0.851050264534441,1.74286228892414
2008,0,0.195,4000,0,0,"C",1.91332573862789e-06,-13.1666656923395
2008,1,0.26,3000,0,0.76,"C",0.998590554366557,6.56314837983718
2008,1,0.377,5000,0,0.77,"D",0.691809556045188,0.80859279329547
2008,1,0.377,7600,0,0.94,"Missing",0.99292126437862,4.94355606303893
2008,0,0.26,20000,1,1,"C",0.0020224814409188,-6.20140555596257
2008,1,0.26,2000,0,0,"Missing",0.99833998874053,6.39926950321839
2008,0,0.156,5000,0,0.1,"AA",0.00421775065511416,-5.46422664269983
2008,1,0.377,22000,0,0,"D",0.83361445608785,1.61146336351952
2008,0,0.26,8000,1,0.92,"C",0.00178343296377466,-6.32743011559198
2008,0,0.26,6000,0,0.25,"A",0.719668806448454,0.942819376853162
2008,1,0.26,1500,0,0.74,"Missing",0.985036956087142,4.18709573737853
2008,1,0.377,3000,1,1.01,"Missing",0.999975975164315,10.6363984173525
2008,1,0.377,7500,0,0.35,"Missing",0.995421053378419,5.38169684048712
2008,1,0.377,5000,1,0.42,"D",0.162432268147101,-1.64024103080599
2008,1,0.377,22000,0,0,"D",0.999902173592746,9.23221817335899
2008,1,0.325,15000,0,0,"D",0.392869978410966,-0.435264258337098
2008,0,0.221,5233,0,0.38,"B",0.00511562555616226,-5.27032683352128
2008,0,0.221,6500,0,0.45,"B",0.00131590944223673,-6.63191048532538
2008,1,0.377,4000,0,0.8,"D",0.9982321261165,6.33620821175643
2008,0,0.299,6001,0,0.61,"D",4.48450257967601e-05,-10.0122530371204
2008,0,0.338,3000,0,1.17,"Missing",0.0650562264174739,-2.66523447448746
2008,0,0.104,2300,0,0.18,"AA",0.00346777515701893,-5.66076825395578
2008,0,0.247,8500,0,0.79,"C",0.294221253069645,-0.874969752991718
2008,0,0.247,11000,0,0.93,"B",7.41294612195287e-06,-11.8122751973915
2008,1,0.286,4500,1,0.68,"D",0.976912646048809,3.74511221803227
2008,0,0.195,7500,0,0.98,"C",0.00101634643392137,-6.89052414641249
2008,1,0.377,10000,1,0.9,"Missing",0.998812944537436,6.73509167888486
2008,1,0.377,4000,0,1.21,"Missing",0.999991911388454,11.7250453789174
2008,1,0.377,25000,1,0.93,"C",0.962195143506857,3.23677970894483
2008,0,0.377,3000,0,1.15,"Missing",0.14966471656248,-1.73723315347204
2008,1,0.26,5300,0,1.26,"D",0.894802759013792,2.14076623940437
2008,0,0.221,25000,0,0.91,"A",0.00181161871954964,-6.31172125149194
2008,0,0.13,2000,0,0,"AA",0.00417568023060254,-5.47429358173621
2008,0,0.325,8500,1,0.73,"D",0.229061082169822,-1.21362044346773
2008,0,0.377,3000,0,0.36,"Missing",0.477857502227662,-0.0886279593147541
2008,0,0.377,5224,0,0.67,"Missing",0.0730244176425419,-2.54113335124631
2008,0,0.117,3500,0,0.1,"AA",9.0759057158337e-07,-13.9124715647988
2008,0,0.143,4999,0,0.28,"A",0.0153250527407961,-4.16282266062279
2008,1,0.377,3000,1,0.82,"Missing",0.999996443243655,12.5466580108333
2008,0,0.377,2501,1,0,"Missing",0.503670349843064,0.0146816630874524
2008,0,0.195,5000,1,0.6,"D",0.0366479731357169,-3.2690607737508
2008,1,0.377,20000,0,0.04,"C",0.93036528356714,2.59231404475534
2008,1,0.377,12000,0,0.92,"C",0.806928206616814,1.43017259483591
2008,0,0.143,8000,0,0.32,"A",0.197537099454447,-1.40175921204634
2008,0,0.26,8000,0,0.87,"D",0.599710020916508,0.404257007748261
2008,1,0.351,1800,1,0.1,"Missing",0.998442300204813,6.46298612184512
2008,0,0.195,4000,0,0.28,"B",0.00353093977800543,-5.64265402914607
2008,1,0.26,13000,0,0.9,"C",0.218854481060143,-1.27235441743678
2008,0,0.143,1600,0,0.9,"B",0.000835450561419415,-7.08670358438318
2008,1,0.247,3900,1,0,"C",0.999747218015296,8.28273034732879
2008,1,0.377,6000,0,0.98,"Missing",0.996456451315413,5.6390767587595
2008,0,0.377,10000,0,0.49,"D",0.0403498397501067,-3.16898137842839
2008,0,0.182,25000,1,0.63,"AA",2.78786504107464e-05,-10.4876215012797
2008,1,0.377,5000,1,0.75,"D",0.995449260033463,5.3879043031287
2008,1,0.273,15000,0,0.82,"C",0.990757673926786,4.6746763841161
2008,1,0.26,5000,0,0.85,"D",0.944308882928293,2.83063266296801
2008,0,0.377,5500,0,1.13,"Missing",0.361222714650387,-0.570061151201051
2008,1,0.312,4000,0,0.63,"D",0.934025685883488,2.65023845257325
2008,1,0.312,2500,1,1,"D",0.982898213138155,4.05132261472802
2008,1,0.247,8750,0,0.73,"D",0.999794957717791,8.49208928211169
2008,0,0.351,10000,0,0.45,"Missing",0.0362045422766126,-3.28169450309755
2008,0,0.26,8000,1,0.92,"C",0.324136950313452,-0.734824353659583
2008,0,0.299,6001,0,0.61,"D",5.54334226442916e-06,-12.1029073989295
2008,0,0.208,10000,1,0.83,"C",0.000354521708015708,-7.94438639371389
2008,0,0.234,3000,0,0.79,"B",0.0218141328763767,-3.80314164333884
2008,0,0.299,8000,0,0.87,"D",0.00269620450222123,-5.91321038906102
2008,0,0.221,9500,0,0.95,"AA",0.0202133433459446,-3.88099190266059
2008,0,0.221,9000,0,0.94,"C",0.000920448043491943,-6.98972913075755
2008,0,0.195,8942,0,0,"B",2.36512496945747e-09,-19.8624349728252
2008,0,0.234,25000,0,0.69,"B",0.000246525057782723,-8.30780035990693
2008,1,0.221,3500,0,0.96,"Missing",0.99643022472734,5.63167647188206
2008,0,0.377,25000,0,0.47,"D",0.0186150834016466,-3.96499256660667
2008,1,0.377,2610,0,1.39,"Missing",0.999998878482946,13.7008271551754
2008,1,0.377,2500,1,0,"Missing",0.964173903683821,3.29259510112018
2008,0,0.221,1500,0,0.61,"D",0.000127833013176138,-8.96465788913284
2008,1,0.377,3001,0,0.85,"Missing",0.733588667456859,1.01290699563461
2008,0,0.299,6001,0,0.42,"C",0.0625930491629535,-2.70646326427267
2008,0,0.208,3800,0,0,"B",0.000120216359187575,-9.0260972218079
2008,0,0.247,25000,0,0.72,"A",2.23357629715203e-06,-13.0119043028043
2008,1,0.26,5000,0,0,"C",0.808843620119096,1.44251376225847
2008,1,0.234,9999,0,0.92,"D",0.814308695617709,1.47825388595411
2008,0,0.325,15000,0,0.65,"D",0.00619774624394682,-5.07735253005738
2008,1,0.195,4500,1,0,"C",0.339811459407947,-0.664134529141132
2008,0,0.13,1425,0,0,"AA",4.94333710275092e-05,-9.91483540037042
2008,0,0.208,5000,0,0.94,"B",0.225141236649234,-1.2359528481951
2008,0,0.338,7000,0,0.58,"D",0.998886914052315,6.79950528214273
2008,1,0.364,2550,0,0.74,"Missing",0.919205954117845,2.43160693077885
2008,0,0.377,10000,0,0.51,"D",0.0625333888248984,-2.7074805071684
2008,1,0.377,2500,1,1.04,"Missing",0.999975667508671,10.6236736762197
2008,1,0.299,15900,0,0.74,"D",0.999669641533536,8.01500181800083
2008,1,0.26,20000,1,1,"C",0.149372120633633,-1.73953411199372
2008,1,0.221,7500,0,0.62,"D",0.999981783243588,10.9131504885581
2008,0,0.169,10200,0,0.95,"A",0.280059390340332,-0.944167032988322
2008,1,0.377,6000,1,0.77,"Missing",0.986378820098428,4.28241455265935
2008,1,0.312,1550,0,1.09,"Missing",0.816544819106954,1.49311141079825
2008,1,0.26,5000,0,0.96,"C",0.952987379055609,3.00918556378925
2008,0,0.208,25000,0,0.85,"A",4.78405903207332e-05,-9.9475882671831
2008,0,0.26,3500,1,0.81,"C",0.00391298378343411,-5.53953442050759
2008,1,0.364,5000,0,0.81,"D",0.983569025580843,4.09201958137293
2008,1,0.299,1000,1,0,"Missing",0.644089795140774,0.593159684338519
2008,0,0.26,1000,0,0.91,"Missing",0.812441990942957,1.46595633669318
2008,0,0.221,1500,0,0.92,"D",0.816321093375507,1.49161861384533
2008,1,0.377,10500,0,0.76,"D",0.987344125257835,4.35689712261035
2008,1,0.377,2500,1,0.89,"Missing",0.130053222426944,-1.90048826461685
2008,0,0.247,3725,0,0.78,"D",0.15390452198341,-1.70429978839243
2008,0,0.195,10000,0,0.16,"A",0.0824922073855553,-2.40895724025867
2008,0,0.195,4000,0,0,"C",0.102835062908111,-2.16611334777267
2008,1,0.377,5000,1,0.75,"D",0.826835165118912,1.56336141484334
2008,0,0.273,6000,0,0.76,"D",5.1643501075114e-06,-12.1737261251781
2008,0,0.273,5000,0,0.97,"D",0.438891468267598,-0.245662190402979
2008,1,0.377,6000,1,0.79,"Missing",0.999737465833016,8.24486675582712
2008,1,0.338,2500,1,0.91,"Missing",0.980650698942833,3.92556003209473
2008,1,0.26,9000,0,0.72,"D",0.892907601529936,2.12079110686017
2008,0,0.26,2000,1,0.87,"Missing",0.0829217479725374,-2.40329543585918
2008,0,0.312,3000,0,0.92,"Missing",0.0340788903673449,-3.34440402204324
2008,1,0.325,2500,0,0.66,"D",0.963712506873922,3.27931988082617
2008,1,0.325,4449,0,0.94,"D",0.479372583274475,-0.0825565241804961
2008,1,0.221,10000,0,0.76,"C",0.10290853130807,-2.16531728051504
2008,0,0.234,5000,0,0.66,"C",0.00306852976075143,-5.78348349003611
2008,0,0.26,9500,0,0.72,"D",2.56771881030503e-05,-10.5698819051648
2008,0,0.247,15000,1,0.94,"B",0.00982378741806577,-4.61307618766673
2008,0,0.091,1500,1,0.07,"AA",0.00019719264277496,-8.53113221284732
2008,0,0.208,10999,0,0.97,"B",0.0028478791397696,-5.85832878114832
2008,0,0.221,9000,0,0.9,"C",0.000101552865519045,-9.1948294944993
2008,1,0.351,10000,0,0.45,"Missing",0.999990258386781,11.5390940841003
2008,1,0.286,1100,1,0,"Missing",0.712456191272299,0.907343197506516
2009,1,0.24,6500,1,0.9,"C",0.70088010141842,0.85149234144681
2009,0,0.24,2500,0,0.8,"Missing",0.000107563348064529,-9.13732303050176
2009,0,0.096,2500,1,0.24,"AA",9.38483087667127e-06,-11.576406523813
2009,0,0.216,20000,0,0.67,"B",0.0319231083001518,-3.41198137203112
2009,0,0.204,12000,1,0.51,"A",3.28511041002723e-05,-10.3234923515964
2009,1,0.24,12000,0,0.26,"C",0.927105013779852,2.54304698210341
2009,0,0.336,23500,0,0.89,"D",0.00157309335506285,-6.45313697628264
2009,0,0.18,15000,1,0.45,"A",0.000651904960286795,-7.33495965555116
2009,1,0.348,5000,1,0.96,"Missing",0.998275895418268,6.36132185376231
2009,0,0.18,1600,0,0.82,"C",0.0712733562942407,-2.56729187454962
2009,1,0.348,2000,1,1.08,"Missing",0.996368632529361,5.61450801107847
2009,0,0.24,6500,0,0,"C",0.00314896322803731,-5.75752808263175
2009,1,0.336,3500,0,0,"Missing",0.366921788307418,-0.545445257223642
2009,0,0.348,5500,0,0.41,"D",1.65753645472227e-06,-13.3101764637912
2009,0,0.24,3000,1,0.07,"D",0.00141401395445759,-6.55990782815897
2009,1,0.348,20000,0,0.04,"C",0.740389355260899,1.04799321520759
2009,1,0.348,6000,0,0.94,"Missing",0.877319679333844,1.96728948750187
2009,0,0.108,9000,0,0.37,"AA",0.000588642561220957,-7.43710259965592
2009,1,0.3,5500,0,0.49,"Missing",0.561028630050936,0.245337743747851
2009,1,0.288,1800,0,1.18,"Missing",0.961603168541423,3.22062691675807
2009,0,0.348,25000,0,0.34,"C",0.0699548272115641,-2.58738344967035
2009,0,0.144,5000,0,0.1,"AA",0.00111604111433699,-6.7968509105459
2009,0,0.108,3600,0,0.23,"AA",0.0244463210433611,-3.68652544964517
2009,1,0.276,1000,1,0,"Missing",0.970728573488397,3.50143506042733
2009,1,0.348,5000,0,0.71,"Missing",0.890932563799643,2.10030236697292
2009,0,0.192,23000,1,0.13,"A",0.12239786679677,-1.9699163978865
2009,0,0.3,2000,0,0.19,"D",0.00270177147048273,-5.9111421930904
2009,0,0.336,3500,0,1.01,"Missing",0.483010336987317,-0.0679848250821642
2009,0,0.348,25000,0,0.6,"D",0.149148400149522,-1.74129594566227
2009,0,0.168,6000,0,0.03,"AA",0.00143364146501121,-6.54610292235326
2009,0,0.18,13000,0,0.26,"AA",2.08683057285787e-05,-10.7772581537948
2009,0,0.228,15000,1,0.41,"A",0.000458318079396773,-7.68748869526245
2009,0,0.18,3000,0,0,"C",4.73425342291599e-05,-9.95805407914344
2009,1,0.348,5500,0,1.13,"Missing",0.870563989273276,1.90595463179218
2009,0,0.348,2100,0,0,"Missing",0.387516438313171,-0.457763834649433
2009,0,0.192,5000,0,0.94,"C",2.37136306505382e-06,-12.9520432638428
2009,1,0.348,5900,0,0.88,"Missing",0.982077449839162,4.00361046922997
2009,0,0.264,20000,1,0.77,"B",0.001360200483573,-6.59876204931074
2009,0,0.144,25000,0,0.01,"AA",0.00149320977017866,-6.50533294211177
2009,0,0.348,12000,0,0.92,"C",0.00522344507204314,-5.24936098433415
2009,1,0.348,3000,1,0.82,"Missing",0.953395954593186,3.01834295095598
2009,0,0.288,1000,0,0,"Missing",0.0467665674334257,-3.0146912420824
2009,0,0.348,3000,0,0.98,"Missing",0.0313528079178861,-3.43059662090685
2009,0,0.168,2690,1,0.69,"C",0.000376828263214591,-7.88334411026295
2009,0,0.276,18000,0,0.58,"C",0.00340219322023159,-5.679926996711
2009,0,0.24,12000,0,0.26,"C",0.00273764490406334,-5.89791585314202
2009,0,0.204,25000,0,0.78,"B",0.172378957618356,-1.56886007613332
2009,0,0.12,4000,0,0.16,"A",0.089701082034091,-2.31729019505158
2009,1,0.348,2550,0,1.16,"Missing",0.993884127666662,5.09073321445768
2009,0,0.168,9000,0,0.14,"B",0.0314381559729435,-3.42779002270205
2009,0,0.336,25000,0,0.73,"C",4.62521695062531e-05,-9.98135593362352
2009,0,0.276,25000,0,0,"B",0.574347369791045,0.29961079554044
2009,0,0.156,21000,0,0.24,"A",6.71004807703918e-05,-9.60925224629671
2009,0,0.288,5500,0,0,"D",2.08084496930495e-07,-15.385321396409
2009,0,0.24,5000,0,0.43,"D",0.0228646045870389,-3.75503516167081
2009,1,0.264,1100,1,0,"Missing",0.845423116657349,1.69914563242995
2009,0,0.3,25000,0,0.18,"A",0.00567083621608107,-5.16673171487058
2009,0,0.276,15000,0,0.86,"C",0.013338405216933,-4.30367963382884
2009,0,0.168,7500,1,0.54,"B",0.000186458635889659,-8.58711465893467
2009,0,0.192,3000,0,0.81,"B",0.0131997568292218,-4.31426922368475
2009,0,0.324,7000,0,0,"D",0.00152165340454695,-6.48643495686871
2009,0,0.144,25000,0,0.06,"AA",0.0846113954876127,-2.38127972352297
2009,0,0.312,4500,0,0.96,"Missing",0.360831575929222,-0.571756693300883
2009,0,0.24,15000,0,0.65,"B",0.0297822006494018,-3.4836096602899
2009,1,0.24,6000,0,0.85,"Missing",0.500385289884129,0.00154115984155923
2009,1,0.348,3500,0,0.9,"Missing",0.562082225918808,0.249616986310928
2009,0,0.228,9900,0,0.36,"C",0.000488426393392994,-7.62383323094925
2009,0,0.108,3001,0,0.21,"AA",4.97151009143835e-05,-9.90915211333969
2009,0,0.132,9000,1,0.85,"A",0.0104074224521596,-4.5547740716837
2009,1,0.264,20000,0,0.92,"D",0.882163177637948,2.01307624146262
2009,1,0.168,1500,0,0.04,"AA",0.11886188638692,-2.00325218231515
2009,0,0.084,1000,0,0.09,"AA",0.000247606051753433,-8.30342393908773
2009,0,0.156,5000,1,0.16,"A",0.0551772552458794,-2.84044651248817
2009,0,0.3,4500,0,0.87,"D",0.00300063254662021,-5.80592702019565
2009,0,0.228,9000,0,0.76,"C",0.000771063680430666,-7.16696823211646
2009,0,0.204,5000,1,0.28,"B",0.000635112695799552,-7.36107278665279
2009,0,0.18,7500,1,0,"A",0.00304654149016885,-5.79069707776141
2009,0,0.084,3000,1,0.01,"AA",0.000393250818874383,-7.84066960554061
2009,0,0.3,9000,0,0.97,"D",0.207211796708827,-1.34181466041323
2009,0,0.348,25000,0,0.98,"Missing",0.229041150723894,-1.21373331406136
2009,0,0.3,15000,0,0.79,"D",0.00969147634432211,-4.62676976282257
2009,1,0.348,3950,0,0.78,"Missing",0.970875989569988,3.50663581133842
2009,0,0.276,5000,0,0,"D",0.643239845988167,0.589453947060601
2009,0,0.132,7000,0,0,"AA",1.0410786253372e-08,-18.3804234180988
2009,0,0.132,1000,1,0.97,"C",0.137976493955003,-1.83219920249624
2009,1,0.348,2500,0,0,"Missing",0.996828493623512,5.7503720600717
2009,1,0.348,3000,0,0.91,"Missing",0.770464041539525,1.21093328570408
2009,0,0.204,2400,0,0.86,"D",0.000180347758438667,-8.62044321562002
2009,0,0.24,10000,0,0.85,"D",5.21276738390879e-05,-9.86176245345525
2009,0,0.288,3500,0,0.83,"Missing",0.547483896174842,0.19050969680818
2009,0,0.192,2000,1,0,"C",0.0872190878138073,-2.34807268314422
2009,0,0.3,8500,0,0.86,"Missing",0.388944163140119,-0.451752547188754
2009,0,0.18,4000,0,0.72,"C",0.0112796254185601,-4.47341351819226
2009,0,0.348,23250,0,0.92,"C",5.8649474527864e-06,-12.046511170391
2009,1,0.348,4000,0,0.98,"Missing",0.7739079812308,1.23051090012374
2009,0,0.204,9500,0,0.95,"AA",0.000135005853003925,-8.91005740991393
2009,0,0.264,12800,0,0,"A",0.0063055209680545,-5.06000420048342
2009,1,0.348,3000,1,1.01,"Missing",0.311258695438481,-0.79424135089095
2009,1,0.204,17000,1,0.59,"B",0.375227996239691,-0.509852958007488
2009,1,0.348,2610,0,1.39,"Missing",0.922384509023774,2.47519514135831
2009,0,0.204,2400,0,0.86,"D",0.0862293886104286,-2.36056851301363
2009,0,0.288,1000,0,0,"D",0.00149447801576007,-6.50448269058355
2009,0,0.18,3010,0,0.34,"AA",0.000274534751214681,-8.2001581343528
2009,0,0.228,6001,0,0.05,"D",0.00246303414650264,-6.00389522374974
2009,0,0.276,1600,1,1.46,"Missing",0.0276507673727669,-3.56006155208957
2009,0,0.264,15000,0,0.04,"D",0.000704091039138289,-7.25789855418151
2009,0,0.108,6001,0,0.26,"AA",0.00948608528180113,-4.64839789652029
2009,0,0.12,9990,0,0.05,"AA",0.0147840682901532,-4.19931070307496
2009,0,0.276,6001,0,1.2,"Missing",0.0339827614863038,-3.34732829837374
2009,0,0.348,5500,0,0.72,"D",0.00130481813856833,-6.64038593518254
2009,0,0.06,1000,1,0.48,"D",0.586078346892044,0.347776766192379
2009,0,0.18,2000,0,0.5,"D",3.07447626908872e-05,-10.3897601519779
2009,1,0.348,5000,0,0,"Missing",0.996598463597712,5.68012073162274
2009,0,0.252,20000,0,0.01,"B",0.00328418264410912,-5.71534788517504
2009,0,0.18,3000,0,0.03,"AA",0.0242541769851105,-3.69461327589779
2009,1,0.348,4000,0,2.68,"Missing",0.851720505873223,1.74815946159234
2009,1,0.348,3000,1,0,"Missing",0.999031394435996,6.93868400866867
2009,0,0.348,4500,0,0.97,"D",0.342577578244855,-0.651828629486464
2009,0,0.216,6000,0,0.75,"C",4.94567446320087e-05,-9.91436265826581
2009,1,0.24,5950,0,0.74,"C",0.985142421894549,4.1942761762596
2009,1,0.348,3500,1,0.74,"Missing",0.834220242742274,1.61583730360357
2009,0,0.192,9000,0,0.69,"C",0.00665980698910699,-5.00498269300537
2009,0,0.144,19500,1,0,"AA",0.0131534495220198,-4.31783051141656
2009,1,0.348,2550,1,0.91,"Missing",0.999621451890108,7.87878876666956
2009,0,0.24,5000,1,0,"C",0.264666964111223,-1.02185121021791
2009,0,0.348,3600,1,0.69,"D",0.0011057225049249,-6.80614997280177
2009,0,0.3,10000,0,0.93,"B",0.00181019258248882,-6.31251020723832
2009,0,0.18,4200,0,0.3,"C",0.000699932735220527,-7.26382614227766
2009,0,0.276,19000,0,0.95,"C",0.154683560807359,-1.69832955455611
2009,1,0.336,4500,0,0.47,"Missing",0.570884686596773,0.285461560722681
2009,0,0.18,4000,0,0.84,"Missing",0.00132767287496441,-6.62299903235147
2009,0,0.252,8000,0,0.76,"D",0.00823014239451799,-4.79168776556267
2009,0,0.228,5500,0,0.29,"B",0.0660567877464548,-2.64890084331753
2009,0,0.216,2000,0,0,"D",0.000353453212507712,-7.94740592069492
2009,1,0.348,6500,0,0.89,"Missing",0.960816394693007,3.19952490685717
2009,0,0.348,6500,1,0.85,"D",0.0105628892556535,-4.53978936181236
2009,1,0.336,8423,0,0.92,"Missing",0.982197367414462,4.01044592888064
2009,0,0.24,15000,0,0.61,"B",0.00999342720724693,-4.59578398467518
2009,1,0.348,6000,0,0,"Missing",0.968075238276324,3.41192787148543
2009,1,0.288,1200,0,1.09,"Missing",0.987543637606192,4.37298915775618
2009,0,0.348,3000,0,0.91,"Missing",0.0402291390838918,-3.17210298354682
2009,0,0.216,19200,0,0,"AA",3.25748263157647e-05,-10.3319381914368
2009,0,0.3,15000,0,0.9,"D",2.9971363210279e-05,-10.4152382200293
2009,0,0.348,4000,1,1.14,"Missing",0.00823743100090367,-4.79079520929459
2009,0,0.348,6000,0,0.43,"D",2.07637203929645e-06,-13.0848863226622
2009,1,0.324,6000,0,0.95,"Missing",0.985943791156705,4.25053513731634
2009,0,0.216,2275,0,1.03,"D",0.000463674683496161,-7.67586358257377
2009,0,0.3,3001,0,1.02,"D",0.00162817576271088,-6.41866555219482
2009,0,0.084,3000,0,0.06,"AA",0.00014455212172003,-8.84172584893458
2009,0,0.12,1500,0,0.16,"A",0.0381017116648984,-3.22864950898315
2009,1,0.348,3500,0,1.24,"Missing",0.225131361391801,-1.23600945616585
2009,0,0.204,25000,0,0.67,"A",0.00409571349756894,-5.49371021666955
2009,1,0.24,5000,0,0,"A",0.506739932799186,0.0269613642967457
2009,0,0.12,14000,0,0.26,"AA",5.58550379980165e-05,-9.79269497404625
2009,0,0.348,20000,0,0.61,"D",1.31710459145226e-05,-11.2374764577892
2009,0,0.24,6001,0,0,"A",3.83706380550366e-06,-12.4707992807586
2009,0,0.228,8750,0,0.73,"D",0.00184243546958681,-6.29482282296339
2009,1,0.348,2550,0,1,"Missing",0.998470124415803,6.48103781736402
2009,0,0.348,4000,1,0.94,"D",0.0256784593461723,-3.63608889032411
2009,0,0.204,4000,1,0.76,"D",0.0490984338724496,-2.96358341393874
2009,0,0.288,10000,0,0.54,"A",0.00010922565343979,-9.12198536901444
2009,0,0.132,8000,1,0.17,"AA",8.27421933911679e-07,-14.004950246407
2009,0,0.276,6300,0,0.76,"D",0.665497339022265,0.687889804736228
2009,0,0.264,10001,1,0.81,"D",0.00323133069645526,-5.731624683542
2009,0,0.144,9000,0,0.43,"B",0.00126941568560185,-6.66792835238664
2009,0,0.12,1425,0,0,"AA",0.0137060178490746,-4.27611947105794
2009,0,0.192,6500,1,0.93,"A",1.07354289804516e-08,-18.3497164347609
2009,0,0.276,15000,0,0.18,"D",4.08084349697379e-07,-14.7117915363711
2009,0,0.348,8500,1,0.87,"Missing",0.301201715142823,-0.841581933570484
2009,1,0.348,4000,1,0.98,"Missing",0.89643136952619,2.15818724700412
2009,0,0.288,7500,1,0.94,"C",0.00114819059236574,-6.76841912337206
2009,0,0.24,3300,0,0.55,"D",0.000107622767599508,-9.1367707092693
2009,0,0.216,14000,0,0.28,"C",6.82103972293926e-05,-9.59284533996695
2009,1,0.084,1000,0,0.02,"AA",0.336519589311624,-0.678842966845245
2009,1,0.348,5500,0,1.02,"Missing",0.865812195114443,1.86442767255741
2009,0,0.132,5000,0,0.18,"A",0.014707270670764,-4.20459680919497
2009,1,0.348,3500,0,0.99,"Missing",0.888522841839328,2.07574064521284
2009,0,0.276,3890,0,0.97,"Missing",0.163208486015969,-1.63454651340172
2009,0,0.312,2500,0,0.65,"Missing",0.000103798939956149,-9.1729509953257
2009,0,0.18,3000,0,0.96,"C",0.00106114738374506,-6.84734280797663
2009,0,0.18,4000,0,0.28,"B",5.71478879154646e-08,-16.6776233471004
2009,0,0.156,10000,0,0.53,"A",8.77818275016697e-05,-9.34056826912814
2009,0,0.264,7000,0,0.75,"C",0.0594084359186544,-2.76207276569641
2009,0,0.288,4592,0,0.6,"C",0.00135509610159617,-6.60252688840361
2009,0,0.264,9000,0,0.95,"D",0.00309995273789448,-5.77326364590334
2009,0,0.348,5000,0,0.97,"Missing",0.00663920723471473,-5.00810137017443
2009,0,0.18,15000,0,0.63,"B",0.000490365113459254,-7.61986982944034
2009,0,0.216,2500,0,0,"C",0.000769613530318424,-7.16885216795739
2009,0,0.132,1500,0,0.2,"B",0.00246713296766448,-6.00222836300596
2009,0,0.24,5000,0,0.72,"Missing",0.744061909902198,1.06718866392811
2009,1,0.204,1075,1,0.9,"Missing",0.950801462632368,2.96144137904625
2009,0,0.324,8500,0,0.96,"C",0.0390173571816915,-3.2039497441613
2009,0,0.24,10000,0,0.79,"C",0.00107517518808755,-6.83419591141357
2009,1,0.348,2400,0,0.87,"Missing",0.996924715094989,5.78127770666873
2009,0,0.144,3000,0,0.56,"B",0.00265919817701089,-5.92706789871877
2009,1,0.3,9000,0,0.99,"Missing",0.313807863020589,-0.782376774158324
2009,0,0.18,4500,0,0.96,"A",2.12812814427586e-06,-13.0602656419928
2009,0,0.228,13000,1,0.89,"C",0.000146390837012075,-8.82908414555795
2009,0,0.336,5000,0,0.81,"D",0.223715105844134,-1.24414619099238
2009,1,0.288,9950,0,0,"D",0.285267221928929,-0.918482374093311
2009,1,0.24,6500,1,1.06,"Missing",0.597879077928011,0.396635678119021
2009,1,0.348,4500,1,0.6,"Missing",0.996950034951432,5.78957052224366
2009,0,0.276,8000,0,0.87,"D",0.00104436054774882,-6.86330559062001
2009,0,0.108,5000,0,0,"AA",0.00174506300389955,-6.34921803119292
2009,0,0.156,9000,0,0.86,"B",0.000761348324288136,-7.17965794735725
2009,1,0.312,2500,1,0.91,"Missing",0.999141513033019,7.05948020321632
2009,1,0.348,3000,1,0.95,"Missing",0.958068130588633,3.12887274867669
2009,0,0.3,4000,0,0.45,"D",0.013448418495208,-4.29535409634531
2009,0,0.18,9999,0,0.31,"B",0.000650054973217033,-7.33780335812017
2009,0,0.192,15000,0,0.59,"A",1.86647114563993e-06,-13.1914591313115
2009,0,0.252,9500,0,0.73,"D",0.0204730893097384,-3.86795840373349
2009,0,0.096,1000,0,0.05,"AA",0.00089646118626376,-7.01615869735047
2009,1,0.312,6500,0,0.53,"Missing",0.916109579298793,2.39062455381423
2009,0,0.24,7400,1,0.27,"D",0.00106515107316324,-6.84357291839575
2009,0,0.18,15000,0,0.16,"AA",0.523399018771958,0.093664491904228
2009,0,0.18,4000,0,0.72,"C",0.0849061591112698,-2.3774799821989
2009,0,0.264,2500,1,0.74,"D",0.04403578379148,-3.0777179102234
2009,0,0.24,3500,0,0.51,"D",0.00543220170227834,-5.20996374742301
2009,0,0.204,10000,0,0.39,"A",0.00695486573855913,-4.96133459455655
2009,0,0.204,3000,0,1.12,"Missing",3.81978000760828e-05,-10.1726944351118
2009,0,0.336,9000,0,0.7,"D",0.00675082324615017,-4.99131710601329
2009,0,0.18,15000,1,0.45,"A",0.0348534098584777,-3.32112902040582
2009,1,0.264,5000,0,0.86,"Missing",0.82782015684677,1.57025639863475
2009,0,0.096,2500,0,0.47,"AA",0.47182558321497,-0.112817173771189
2009,1,0.348,2000,0,0,"Missing",0.964776594325353,3.31018577049336
2009,0,0.324,5000,0,0.83,"Missing",0.214595073862609,-1.29744653930324
2009,0,0.348,23800,0,0.5,"C",0.0753485698992015,-2.50729188871736
2009,0,0.168,7750,0,0.59,"C",0.0467616972944058,-3.01480049375699
2009,1,0.156,2500,0,0.57,"A",0.779885154933931,1.26499723840565
2009,0,0.216,5500,0,1.02,"C",3.65764684233402e-06,-12.5186868989245
2009,0,0.204,2000,1,0.97,"Missing",0.000890025060260491,-7.02337051667072
2009,0,0.18,15000,0,0.65,"B",0.00660465591074173,-5.01335387447106
2009,0,0.252,9800,0,0.7,"D",0.000952000630085362,-6.95599240724826
2009,1,0.348,3000,0,0.36,"Missing",0.378111667177455,-0.497570979591373
2009,0,0.204,3500,0,0.96,"Missing",0.159158582178075,-1.66450200100186
2009,0,0.276,4000,0,0.51,"D",0.00706737755329882,-4.94517332410691
2009,1,0.132,2500,1,0,"B",0.219086965421381,-1.2709950388949
2009,1,0.348,2550,0,0,"Missing",0.780257090452657,1.26716519847232
2009,0,0.228,6000,0,0.49,"C",0.148155987235071,-1.74913773992369
2009,1,0.3,3000,0,0,"Missing",0.968523361070923,3.42652695403942
2009,1,0.348,1750,1,0.98,"Missing",0.995572399373062,5.41546002937572
2009,1,0.144,10000,1,0.08,"AA",0.128416534083057,-1.9150324800014
2009,0,0.24,2000,1,0.78,"D",0.000964194541402202,-6.94325281760412
2009,1,0.24,5500,0,0.95,"Missing",0.713600876516885,0.912937434950033
2009,1,0.132,2500,1,0,"B",0.992849520171258,4.93339964857958
2009,0,0.132,7500,0,0,"AA",0.00521929026794583,-5.25016089198401
2009,1,0.348,2800,0,0.97,"Missing",0.960474564037469,3.19048308677659
2009,0,0.3,13000,0,0.93,"D",0.00139970674087882,-6.57009184785843
2009,0,0.144,13000,0,0.36,"AA",0.0635102977864568,-2.69093646317303
2009,0,0.228,16000,0,0.99,"C",1.11760653566428e-05,-11.4017249119531
2009,0,0.204,1000,0,0.67,"D",0.101611232380664,-2.17944881673475
2009,0,0.348,4000,1,1.14,"Missing",0.0856769733818123,-2.3675998289832
2009,1,0.324,3000,0,0.98,"Missing",0.885340599049339,2.04400642575673
2009,0,0.228,25000,0,0.85,"A",0.00521215693032366,-5.25153572314335
2009,0,0.288,3500,0,1,"Missing",0.00127620932799095,-6.66258403298801
2009,1,0.348,2550,1,1.26,"Missing",0.991433868685724,4.75133603870264
2009,1,0.3,6000,1,1,"Missing",0.988225577795246,4.42998142025535
2009,0,0.18,10000,0,0.16,"A",0.217621623636604,-1.27958059739177
2009,1,0.336,4000,0,0,"Missing",0.986574817783614,4.2971069510147
2009,0,0.276,10000,0,0.69,"A",0.00808289298528131,-4.80988969113248
2009,0,0.3,15000,0,0,"C",0.0370466894563556,-3.2578259329377
2009,0,0.216,3001,0,0.8,"D",2.15194585613753e-05,-10.7465314630845
2009,0,0.228,19900,0,0.75,"C",0.0013201974193381,-6.62865292381452
2009,0,0.3,15000,0,0.45,"C",0.000152977305736609,-8.78506798708454
2009,0,0.228,7400,1,0.87,"C",0.0384923613839538,-3.21804269347859
2009,1,0.312,3600,0,0.53,"Missing",0.999443772564745,7.49377690895395
2009,1,0.3,2500,0,1.01,"D",0.997958036592094,6.19179942807546
2009,1,0.348,1500,0,0,"Missing",0.985551527910301,4.22261274005334
2009,1,0.348,6000,0,0.98,"Missing",0.905903629099124,2.26461345129933
2009,1,0.24,7500,0,0.38,"C",0.546508324455571,0.186572626441595
2009,0,0.192,25000,1,0.66,"AA",0.0891896681066774,-2.32356947340478
2009,0,0.348,3000,0,0.29,"Missing",0.421491852965665,-0.316652180981849
2009,0,0.12,2000,0,0,"A",0.000224401875306079,-8.40184760031452
2009,0,0.18,1000,0,0.87,"C",0.000175210117196954,-8.64934940910301
2009,0,0.312,7300,0,0,"C",0.0136383822741284,-4.28113499584484
2009,0,0.18,10000,0,0.41,"C",0.00270717706561423,-5.90913801211784
2009,0,0.348,20000,0,0.89,"C",0.00298729289702355,-5.81039592353698
2009,1,0.144,10000,0,0.12,"AA",0.601956112358135,0.413622269929641
2009,1,0.312,2000,1,0,"Missing",0.999979627747119,10.8013163633929
2009,0,0.24,2000,0,0,"Missing",0.833790108304744,1.6127303045166
2009,0,0.348,25000,0,0.52,"D",1.5382302659174e-05,-11.0822775049108
2009,1,0.348,2000,1,1.08,"Missing",0.987541336285156,4.37280209382006
2009,0,0.24,3500,0,0.8,"D",0.0560234785749522,-2.82433043132731
2009,0,0.192,25000,1,0.66,"AA",0.0236943829734289,-3.71853765488646
2009,0,0.276,6000,0,0,"C",0.000204103172114768,-8.49668082230166
2009,1,0.348,6500,0,0.89,"Missing",0.999947269260047,9.85025923952723
2009,0,0.264,15000,0,0.94,"C",0.000997597523841667,-6.9091625502615
2009,1,0.348,4500,0,0.91,"Missing",0.965513538069581,3.33209328438144
2009,1,0.348,1800,0,0.73,"Missing",0.997974363423509,6.19984357811
2009,0,0.132,15000,0,0.21,"A",0.00782276398877058,-4.84286381330255
2009,1,0.228,16000,0,0.99,"C",0.784380424487801,1.29137850755359
2009,0,0.3,3001,1,0.84,"D",0.000449560905255607,-7.70678955568015
2009,0,0.276,15000,1,0.76,"B",0.0585076283166372,-2.77830910145147
2009,1,0.3,5000,1,0.92,"Missing",0.995779430333319,5.46355566652928
2009,1,0.24,1100,0,0,"Missing",0.655258801697048,0.64223628901012
2009,1,0.3,5000,1,0.92,"Missing",0.879886839285567,1.99135900309781
2009,0,0.24,8000,0,0.87,"D",0.0025862200415405,-5.95496834263042
2009,1,0.324,1000,1,0,"Missing",0.894422533957049,2.13673333782271
2009,0,0.348,2550,1,0.75,"D",0.20727692221176,-1.3414182646235
2009,0,0.096,2500,0,0.47,"AA",0.000295900842799649,-8.12519020567371
2009,1,0.348,3000,0,0.82,"Missing",0.998318199958025,6.3862073897516
2009,1,0.348,25000,0,0.38,"B",0.960098702353494,3.18062724829254
2009,1,0.3,5000,1,0.96,"Missing",0.999985425397422,11.1362155187721
2009,1,0.216,8000,0,0.33,"C",0.988169463546063,4.425170180976
2009,0,0.348,5000,1,0.42,"D",0.0469739603237509,-3.01004881466972
2009,0,0.192,9000,0,0.97,"C",6.88308468251286e-05,-9.58378972527387
2009,0,0.18,9500,0,0.94,"B",0.00428106211466359,-5.44926389044371
2009,0,0.18,3600,0,0.28,"A",3.96756980727756e-06,-12.437352822346
2009,1,0.348,8500,1,0.87,"Missing",0.999907213241602,9.28511382696972
2009,0,0.276,25000,0,0.67,"D",0.00154437407493723,-6.47159101236019
2009,0,0.204,3500,0,0,"B",0.00295556885595403,-5.82110419523129
2009,0,0.216,9200,0,0.71,"C",9.3649555101613e-06,-11.5785266077303
2009,1,0.348,3000,1,0.8,"Missing",0.989586925681338,4.55422544664438
2009,0,0.204,7000,0,0.51,"B",0.000488079777814226,-7.62454348741735
2009,0,0.132,1000,0,0.05,"C",0.00013305042960888,-8.92464927233612
2009,0,0.12,7000,0,0.07,"AA",0.0212195781225731,-3.83138307733457
2009,0,0.228,10300,0,0.38,"B",1.01572794587965e-05,-11.4973097641431
2009,1,0.348,2000,1,0,"Missing",0.99993999369536,9.72100091581846
2009,0,0.144,15000,0,0,"AA",5.27216402011917e-07,-14.4556542154703
2009,0,0.108,5000,0,0.54,"A",0.00172528600163422,-6.36063566817139
2009,0,0.18,7500,0,0.65,"B",0.0030377692155714,-5.79358945100011
2009,0,0.216,6000,0,0.75,"C",0.064846713549305,-2.6686842268298
2009,0,0.288,10000,1,0.03,"A",0.0208408968945694,-3.84977689213987
2009,1,0.3,3000,0,0,"Missing",0.997368206265994,5.93745437413752
2009,0,0.264,9000,0,0.99,"C",0.000894618988384097,-7.01821762223411
2009,0,0.096,1000,0,0.01,"AA",0.00342709891622687,-5.67260818783941
2009,0,0.348,5500,0,0.41,"D",0.100712215096291,-2.18933600571653
2009,1,0.336,3500,0,1.01,"Missing",0.604450115189533,0.424042233963371
2009,0,0.18,7000,0,0.33,"A",1.52554767471476e-06,-13.3931555558676
2009,1,0.348,5000,0,0.92,"Missing",0.354619978100496,-0.598792592662198
2009,0,0.252,5000,1,0.94,"C",2.17677884801558e-05,-10.7350575055138
2009,0,0.252,15500,0,0.66,"A",0.000211471740283953,-8.46120768998043
2009,0,0.18,8942,0,0,"B",9.34837657799194e-05,-9.27762927663132
2009,1,0.348,2000,1,0,"Missing",0.999960840348819,10.1478244874694
2009,0,0.228,3001,0,0.48,"D",0.000273188332634089,-8.2050759118416
2009,0,0.288,5000,1,0.47,"C",0.0963671973307876,-2.23825721907869
2009,0,0.288,5000,1,0.47,"C",0.00106512488224178,-6.84359753384342
2009,0,0.288,1200,0,1.09,"Missing",0.00773697588212409,-4.8539773190706
2009,0,0.24,15000,0,0.84,"C",0.00802887359287081,-4.81664975715804
2009,1,0.132,1000,1,0.97,"Missing",0.958263069262325,3.1337359767773
2009,0,0.24,15000,0,0.93,"D",0.0520282211231476,-2.90253844742249
2009,0,0.204,1000,0,0.67,"D",1.5168849005385e-06,-13.3988502166698
2009,1,0.24,8500,0,0.48,"B",0.905072313878365,2.25489944232361
2009,0,0.24,13000,0,1.01,"B",3.17098517404716e-05,-10.3588514345523
2009,0,0.228,5500,0,0.29,"B",3.91475007389655e-05,-10.1481348273833
2009,0,0.216,7000,0,0.33,"C",0.16731083356071,-1.60480706180618
2009,0,0.264,3000,0,0.3,"Missing",0.0228909016013152,-3.75385879091664
2009,0,0.228,23000,0,0.27,"A",0.00569884623709376,-5.16177639255545
2009,0,0.264,7000,0,0.07,"AA",0.000493612675379358,-7.61326567170484
2009,0,0.108,1000,1,0.05,"AA",3.76693216335496e-05,-10.1866268745265
2009,0,0.288,25000,1,0.46,"C",0.0906331939857824,-2.30592801426834
2009,0,0.3,2550,1,0.67,"Missing",0.0103093674069048,-4.56433946305132
2009,0,0.204,4000,0,0.73,"B",1.95644928178588e-05,-10.8417746608845
2009,1,0.132,6001,0,0.01,"A",0.168651728078355,-1.59521299885153
2009,1,0.348,2000,0,0.77,"Missing",0.412338922190821,-0.354304745579168
2009,1,0.264,12500,0,0.96,"C",0.988921592628841,4.49161711711229
2009,1,0.348,4500,1,1.32,"Missing",0.644996677140684,0.597118015463936
2009,0,0.228,13500,0,0.78,"B",1.63648549902817e-05,-11.0203581460281
2009,0,0.132,1000,0,0.05,"C",0.000675168352921576,-7.29987309007229
2009,0,0.348,4000,0,0.77,"Missing",0.526953187507209,0.107917363412174
2009,1,0.348,5000,0,0.32,"Missing",0.998474261412184,6.48374976257609
2009,0,0.204,1500,0,0.92,"D",0.000193521371249325,-8.54992906576124
2009,1,0.24,2600,0,0,"Missing",0.997918648267227,6.17265420406315
2009,0,0.216,10000,0,0.27,"C",0.000586891474194768,-7.44008357358792
2009,0,0.276,6500,0,0.75,"D",9.59979111883422e-06,-11.5537596183448
2009,0,0.312,2864,0,0.71,"Missing",0.177953800775886,-1.53027262651124
2009,0,0.276,6001,0,0.24,"D",4.22276204602037e-06,-12.3750169079708
2009,0,0.132,5000,1,0.45,"B",1.27617604268214e-06,-13.5716411418966
2009,0,0.348,20000,0,0.03,"D",0.000222076003113493,-8.41226877764984
2009,1,0.348,3000,0,0,"Missing",0.95947253820924,3.16440388086411
2009,0,0.204,3650,0,0.85,"D",0.00102861076292455,-6.87851702086841
2009,0,0.348,15000,0,0.97,"D",0.00616847221021314,-5.08211651173991
2009,1,0.204,1700,0,0.8,"Missing",0.751382052415658,1.10599687623048
2009,0,0.324,15000,0,0.94,"D",0.0485933249204446,-2.97445542587616
2009,0,0.18,5000,0,0,"C",0.31424067135802,-0.780367571672492
2009,0,0.3,25000,0,0.73,"A",0.0232984426074058,-3.73579461954383
2009,0,0.288,3500,0,0,"C",0.000341712493670301,-7.981199065348
2009,0,0.156,5500,0,0.34,"B",3.94005395816189e-05,-10.1416916454734
2009,1,0.288,2000,0,0,"Missing",0.999627340668944,7.89447314843294
2009,1,0.288,1500,0,0.96,"Missing",0.999632733008556,7.90905414283477
2009,1,0.348,9000,0,0.85,"Missing",0.973436248241943,3.60128476491639
2009,0,0.276,25000,0,0,"B",0.00129924937240847,-6.64466849298858
2009,0,0.18,18000,0,0.37,"B",0.0114149243032705,-4.46135305573543
2009,0,0.252,5000,0,0.26,"D",0.000328547359102399,-8.02050096134875
2009,1,0.348,4000,0,1,"Missing",0.994418851995757,5.18276400741819
2009,1,0.204,3000,0,0.53,"C",0.824799665125421,1.54921043681061
2009,0,0.348,17000,1,0,"D",0.000665504355978366,-7.31429964882619
2009,0,0.276,6001,0,0.24,"D",0.00123807799974996,-6.69295625700839
2009,0,0.276,6001,0,0.24,"D",0.0211814666106008,-3.83321968334978
2009,1,0.132,4000,0,0.64,"D",0.321311109713669,-0.747752991559015
2009,1,0.336,3500,1,0.94,"Missing",0.993971034374034,5.10513260772093
2009,0,0.192,15000,0,0,"B",0.000242019127282739,-8.32625174815389
2009,0,0.12,2100,0,0,"AA",0.000702644059643748,-7.25995721964154
2009,0,0.264,5000,0,0.47,"D",0.00664187404629846,-5.00769708997805
2009,0,0.336,2550,0,0.74,"Missing",0.421383991398538,-0.317094548419677
2009,0,0.18,9999,0,0.54,"C",0.0189275130984264,-3.94802976463627
2009,0,0.084,2500,1,0,"AA",4.5686242270281e-08,-16.901468583097
2009,1,0.24,2300,0,0.86,"C",0.937183775529088,2.70266600328696
2009,1,0.348,6500,0,0.95,"Missing",0.995462010020083,5.39072278275282
2009,0,0.348,6000,0,0,"Missing",0.00010662905611101,-9.14604787723413
2009,1,0.336,3500,0,1.01,"Missing",0.840503695723902,1.66198059861934
2009,0,0.204,5000,0,0,"C",0.364863895430922,-0.554314919018002
2009,1,0.276,4000,1,1,"Missing",0.958877154369237,3.14919914720925
2009,1,0.18,5500,1,0,"C",0.128097590319956,-1.91788510434498
2009,0,0.276,10000,0,0.69,"A",0.00028292285224235,-8.17005334152008
2009,1,0.3,4000,1,0.99,"Missing",0.827280528494074,1.56647512333939
2009,1,0.3,1250,0,0.99,"Missing",0.370972386386955,-0.528047526938952
2009,0,0.276,7100,0,0.27,"A",0.395169237197859,-0.425634566247901
2009,0,0.204,25000,0,0.67,"A",0.00697399720295886,-4.95856830261567
2009,0,0.276,6001,0,0.81,"D",0.00403712545643059,-5.50817706429865
2009,0,0.252,5000,0,0.85,"C",0.0189461328630565,-3.94702752834096
2009,1,0.288,6000,0,0,"Missing",0.934217337173438,2.6533527854715
2009,1,0.24,1000,0,0,"Missing",0.998604950164977,6.57342911649287
2009,1,0.192,3500,1,0.51,"C",0.664023792807237,0.681277635845861
2009,1,0.348,3000,0,1.51,"Missing",0.978088415486692,3.79858460015586
2009,0,0.204,1800,0,0.96,"Missing",0.197433426561533,-1.4024133623035
2009,1,0.3,9900,0,0.37,"B",0.186963584417328,-1.46986203800439
2009,0,0.132,6000,0,0.1,"A",0.00211307536760991,-6.1574955613901
2009,1,0.324,3000,0,0.98,"Missing",0.723983510319909,0.964308007174917
2009,0,0.276,8800,1,0.61,"C",0.427086735212323,-0.293747215341916
2009,0,0.228,15000,1,0.41,"A",0.422224209224201,-0.313649413760996
2009,0,0.264,15000,0,0.83,"D",0.00144385051035155,-6.53899687469092
2009,0,0.348,7000,1,0,"Missing",0.388860650174617,-0.452103947953848
2009,1,0.288,3000,0,0.91,"Missing",0.973920859638975,3.62019427250588
2009,0,0.192,5000,0,0.89,"C",0.16958950960881,-1.58853927754605
2009,0,0.312,7000,0,0.58,"D",0.0374084988117883,-3.24773120825093
2009,1,0.24,1300,0,0,"Missing",0.949804316625493,2.94032694643299
2009,0,0.348,25000,0,0.61,"A",0.0103614954026297,-4.559243159277
2009,0,0.216,3002,1,0.8,"D",1.81240981497724e-05,-10.918249991453
2009,1,0.348,2501,0,1.07,"Missing",0.693601916535975,0.817013005800437
2009,0,0.084,5000,0,0.33,"AA",0.000355393081793492,-7.94193065215647
2009,1,0.288,11520,0,0.6,"D",0.956953009555273,3.10146196836297
2009,0,0.168,3000,0,0.85,"C",6.42988767701682e-06,-11.9545470585411
2009,1,0.288,1000,0,0.81,"Missing",0.999638770909781,7.9256369076109
2009,0,0.168,9500,0,0.77,"A",0.00113036421913094,-6.78408437681352
2009,0,0.24,6500,1,0.92,"D",0.00378180033880282,-5.57376613320333
2009,1,0.216,2550,1,0.99,"Missing",0.921315148241535,2.46035150216221
2009,1,0.336,5000,0,0.56,"Missing",0.998513992667206,6.51017528557661
2009,0,0.204,1775,0,0.9,"D",0.0104109926532861,-4.55442747901429
2009,0,0.204,2800,0,0,"C",0.000308742570613581,-8.08269394286021
2009,1,0.336,6000,0,0.86,"Missing",0.983012889686306,4.05816739303882
2009,0,0.24,4000,0,0.48,"D",0.00359548749739478,-5.62447372592222
2009,0,0.348,15000,0,0.49,"C",0.00133121467219403,-6.62033136465211
2009,0,0.132,1000,1,0.97,"C",0.00893069200383827,-4.70929058540032
2009,0,0.18,9999,0,0.57,"B",0.00578102501121116,-5.14737647462259
2009,0,0.24,5000,0,0.08,"D",0.00357577643788525,-5.62999075618745
2009,0,0.312,4000,0,0.99,"Missing",0.296584264108033,-0.863616716933646
2009,0,0.264,5600,0,0.94,"D",0.00384841565327266,-5.55623789415142
2009,0,0.144,4000,0,0.28,"AA",0.000548806167287947,-7.50721628702965
2009,0,0.3,25000,0,0.57,"D",0.0014115328952183,-6.56166647534672
2009,0,0.348,4000,0,1.21,"Missing",0.00296703401267975,-5.81722102969491
2009,0,0.3,25000,0,0.73,"A",0.00527949342365515,-5.23863164916032
2009,1,0.3,6000,1,1,"Missing",0.784586256080534,1.29259594733465
2009,0,0.084,2000,1,0.07,"AA",9.7134038701937e-05,-9.23932155228179
2009,0,0.24,13000,0,1.01,"B",0.0626723446166631,-2.70511263104475
2009,0,0.192,8500,0,0.56,"C",0.000663546084902995,-7.31724848299846
2009,0,0.252,10001,0,0.69,"D",8.34712252232236e-05,-9.39092511889445
2009,0,0.204,1700,0,0.28,"D",8.4758793575324e-05,-9.37561629569963
2009,0,0.216,5000,0,0.99,"D",0.272410687134964,-0.982425951588032
2009,0,0.132,3500,0,0,"D",0.00389647465920454,-5.5437789824843
2009,0,0.204,9200,0,0.06,"A",2.93565255774292e-05,-10.4359663429075
2009,1,0.348,2500,1,0,"Missing",0.998063034038957,6.24469362343511
2009,0,0.192,25000,0,0.76,"AA",2.34855801456857e-06,-12.9617066804055
2009,0,0.348,5300,0,0.83,"Missing",0.00665591770531415,-5.00557077241761
2009,1,0.156,13000,0,0.81,"B",0.957206747647894,3.10763897053568
2009,0,0.204,4000,0,0.73,"B",1.67165789939362e-05,-10.9990928601494
2009,1,0.288,2550,0,0,"Missing",0.99817825072499,6.30613468869927
2009,0,0.288,8000,1,0.93,"Missing",0.536407455442217,0.145888020636226
2009,0,0.24,6001,0,0.77,"C",7.0454993418892e-07,-14.1657059246638
2009,0,0.24,5000,0,0.65,"B",3.9698845213212e-05,-10.1341487588894
2009,0,0.288,1500,0,0,"Missing",0.0105756295018937,-4.53857107955675
2009,0,0.12,5000,0,1.13,"A",0.00148304891896434,-6.51217108015609
2009,0,0.24,3000,0,0.98,"D",0.00291220178692762,-5.83592940558978
2009,1,0.288,25000,0,0.85,"B",0.93172276442763,2.61345889690538
2009,0,0.24,1000,0,0,"Missing",0.001835851438432,-6.2984093672654
2009,0,0.228,3001,0,0.48,"D",0.00729203800028217,-4.91365345608136
2009,0,0.3,12000,0,0.43,"C",1.30790272114473e-05,-11.2444875078017
2009,0,0.132,25000,0,0.23,"AA",0.00025075215324467,-8.29079476034525
2009,0,0.324,10000,1,0.79,"D",0.0575800829464488,-2.79527422134298
2009,0,0.276,6001,1,0.52,"D",0.000344659183308628,-7.9726097850783
2009,0,0.252,5000,0,0.95,"D",2.85834396735582e-05,-10.4626544563873
2009,1,0.216,6500,0,0.85,"C",0.0544648107438128,-2.85419628631598
2009,0,0.276,21000,0,0,"B",0.109892992020773,-2.09183459667878
2009,1,0.324,7500,0,0.94,"Missing",0.998225553097121,6.3324904855267
2009,1,0.348,3000,0,1.34,"Missing",0.96314337728219,3.26316696332312
2009,0,0.264,20000,0,0.92,"D",0.00564571699125615,-5.17119636164677
2009,1,0.348,3000,1,0.53,"D",0.845850946135189,1.70242314092545
2009,0,0.348,5000,0,0.82,"Missing",0.474188114623688,-0.1033394071484
2009,0,0.264,10000,0,0.8,"D",0.0528954814339103,-2.88509153708233
2009,1,0.288,4800,1,0,"C",0.622552165574284,0.500395052758526
2009,0,0.24,2000,1,0,"D",0.0245397507767271,-3.68261512666887
2009,0,0.144,4000,0,0,"B",0.00330654027110214,-5.70854085259341
2009,0,0.324,6000,0,0.85,"Missing",0.410843901237992,-0.36047783189173
2009,1,0.216,7000,0,0.95,"C",0.419641808235663,-0.324243975058375
2009,1,0.348,2500,0,1.09,"Missing",0.999680185578937,8.04744979900197
2009,0,0.24,6500,1,0.92,"D",0.000934204823315208,-6.97488020540152
2009,1,0.288,3000,0,0,"Missing",0.794432192238712,1.35185169159103
2009,0,0.18,4000,0,0.64,"B",0.0483745540217491,-2.97919758615662
2009,1,0.252,1500,0,0.01,"C",0.754748903519649,1.12410254650961
2009,0,0.204,25000,0,0.78,"B",0.00277004802017781,-5.88611673142593
2009,1,0.348,2100,0,0,"Missing",0.999999539124937,14.5901383832273
2009,0,0.312,25000,0,0.69,"B",0.000335282944183987,-8.00020043395259
2009,0,0.252,7000,0,0.78,"D",0.00271475839100987,-5.9063338699457
2009,0,0.216,1000,1,0,"C",0.00568830445733352,-5.16363851718368
2009,0,0.18,2500,0,0.56,"C",6.57788063026858e-06,-11.9317913792721
2009,0,0.216,3000,1,0.95,"D",0.019672190881306,-3.90868100676841
2009,0,0.336,7500,1,0,"C",0.00166873641533388,-6.39401844616589
2009,0,0.24,5000,0,0.77,"D",0.0319373849379326,-3.41151950493482
2009,0,0.276,10000,1,0,"D",0.337480483876846,-0.674542332635054
2009,1,0.3,1500,1,0.97,"Missing",0.683904616418181,0.771774443399273
2009,0,0.348,1500,1,0.91,"Missing",0.199879364237815,-1.38704850525069
2009,1,0.3,3000,1,0.93,"Missing",0.92707932258359,2.54266689141029
2009,0,0.24,10000,0,0.64,"D",0.00309723022192815,-5.77414500711046
2009,0,0.252,25000,0,0.99,"C",0.0103862575992126,-4.55683116014797
2009,0,0.3,15000,1,0,"D",0.319612851300638,-0.755551548820897
2009,0,0.348,5000,1,1.02,"Missing",0.000497671464543216,-7.60507261305234
2009,0,0.156,10000,0,0.28,"AA",0.00135635113517031,-6.60159990193289
2009,1,0.348,5500,0,0.99,"Missing",0.903922640736555,2.24159008969848
2009,1,0.288,9000,0,1.03,"D",0.99712621158296,5.84924618804004
2009,0,0.144,5000,0,0.1,"AA",1.01247821468016e-06,-13.8031085420837
2009,0,0.348,5000,0,0.83,"Missing",0.00171856477411575,-6.36454572694331
2009,0,0.24,10000,0,0.79,"C",0.0121664360970523,-4.39683320515563
2009,1,0.348,1300,0,0.55,"Missing",0.978817251211184,3.83315784223317
2009,0,0.18,7500,0,0.98,"C",1.25527337856289e-05,-11.2855595317715
2009,0,0.348,8500,1,0.93,"B",0.147843857945748,-1.75161307239502
2009,0,0.156,5000,1,0.16,"A",0.0282990251676044,-3.53622076038702
2009,1,0.348,3000,0,1.02,"Missing",0.999134341617848,7.05115417183272
2009,0,0.3,13000,0,0.74,"D",0.163652514919469,-1.63129881023476
2009,0,0.24,1500,0,0.88,"Missing",0.196759315402023,-1.40667316822393
2009,0,0.216,8000,0,0.23,"C",0.000406963783227289,-7.80637931456513
2009,1,0.348,4000,1,1.14,"Missing",0.979514461734736,3.86733781495848
2009,0,0.132,5000,1,0,"A",0.000855736786104883,-7.06269161883844
2009,1,0.336,12000,0,0.83,"D",0.396954771311834,-0.418169852000281
2009,0,0.168,3000,0,0,"C",0.00366636457138999,-5.60488158570768
2009,0,0.3,2550,0,0.53,"D",0.0247243659497756,-3.67493089954931
2009,1,0.348,3000,0,0,"Missing",0.786644444964366,1.30481631453549
2009,0,0.3,5000,1,0.92,"Missing",0.000285206221952687,-8.16201280665773
2009,0,0.216,20000,0,0.67,"B",0.0844883558144745,-2.3828693591137
2009,1,0.348,7000,1,0.27,"Missing",0.994406187754914,5.18048473218628
2009,0,0.312,5000,0,0.64,"D",2.71560419481284e-05,-10.513883840406
2009,0,0.24,7500,0,0.74,"C",0.000267521425272172,-8.22604334314468
2009,1,0.348,2200,0,1.06,"Missing",0.992734215102559,4.91728664033597
2009,0,0.06,1000,1,0.48,"D",1.88032800256756e-06,-13.1840624465598
2009,1,0.348,6000,1,0,"D",0.998208098549987,6.32268445152839
2009,0,0.288,15000,0,0.86,"B",0.0540307189131835,-2.86265734251812
2009,0,0.18,10000,0,0.49,"A",7.44136968932363e-06,-11.8084481866385
2009,0,0.264,2500,1,0.63,"D",0.156060234580008,-1.687839072236
2009,1,0.348,2000,1,0.83,"Missing",0.998689629747939,6.63613431700387
2009,1,0.348,1750,1,0.98,"Missing",0.800737674020371,1.39091121769008
2009,1,0.348,2500,1,0.89,"Missing",0.883933096176974,2.03021459477485
2009,0,0.204,5000,0,0.78,"C",4.4796002139619e-06,-12.315972273864
2009,0,0.156,10200,0,0.95,"A",0.0794733164195406,-2.44952466559214
2009,1,0.204,3000,0,1.12,"Missing",0.954559592820001,3.04484833956307
2009,0,0.204,11000,0,0.61,"C",0.0111707680619994,-4.4832212774475
2009,1,0.348,2500,0,0,"Missing",0.999983924811215,11.0382174686022
2009,1,0.288,1800,0,1.18,"Missing",0.966589270374723,3.36489656431159
2009,1,0.24,10000,1,0.85,"Missing",0.893741840054719,2.12954535961724
2009,0,0.252,5000,0,0.95,"D",0.0299453902857812,-3.47797696953503
2009,0,0.108,1400,1,0.9,"D",6.96902393519696e-05,-9.57138059532803
2009,1,0.348,4000,1,0,"Missing",0.914291381846024,2.36719593672957
2009,0,0.18,5000,0,0.17,"B",0.169822321601896,-1.58688702480537
2009,1,0.348,2000,1,0,"Missing",0.994605771752805,5.21701691051532
2009,0,0.18,5000,0,0.64,"C",0.00249142168216179,-5.99240724431008
2009,0,0.204,6500,1,0.33,"C",8.29439940147131e-05,-9.39726200140104
2009,1,0.276,7200,0,1.12,"Missing",0.974040735381293,3.62492456158334
2009,0,0.18,25000,0,0,"A",1.30632966941972e-05,-11.2456909757738
2009,1,0.348,1500,1,0.94,"Missing",0.985351893064926,4.20868772155076
2009,0,0.132,3000,0,0.89,"B",0.00654139991510801,-5.02304119348786
2009,0,0.24,2200,0,0.92,"Missing",0.00290204885807947,-5.83943202069274
2009,0,0.204,10000,0,0.28,"B",0.00177950829263576,-6.32963709943335
2009,1,0.348,2000,1,0.09,"Missing",0.993953855399684,5.10226996967723
2009,0,0.348,3000,0,0.94,"Missing",0.00220325428079089,-6.1156141080261
2009,0,0.252,5000,0,0.97,"D",0.00327262157145309,-5.71888592314804
2009,1,0.252,3000,1,0.65,"Missing",0.998622756306025,6.58629290736352
2009,0,0.288,4000,0,0.99,"Missing",0.296053438011566,-0.866162475157937
2009,0,0.168,7500,0,0.67,"B",7.62037352958126e-06,-11.7846775494345
2009,0,0.24,10000,0,0.64,"D",0.000326915611798463,-8.02548151920652
2009,0,0.3,7000,0,1.02,"C",0.0033822774016449,-5.68581799867898
2009,0,0.108,3001,0,0.21,"AA",0.00143665655902919,-6.54399900949832
2009,0,0.276,9500,0,0.53,"D",0.00598697112631303,-5.1121646848883
2009,0,0.216,2500,0,0.82,"D",0.677207766569077,0.740969242739168
2009,1,0.228,1000,1,0,"Missing",0.997686253585324,6.06657081638863
2009,0,0.24,10000,0,0.64,"D",0.123416145946331,-1.96047042372019
2009,1,0.348,3600,0,0.92,"Missing",0.999985169777298,11.1188285545985
2009,0,0.3,25000,0,0.73,"A",0.00797655718020917,-4.82323985156335
2009,0,0.324,10000,1,0.79,"D",0.000675801841205461,-7.29893462890682
2009,0,0.348,2550,1,1.26,"Missing",0.860368382159941,1.81835299537088
2009,1,0.348,5500,0,1.02,"Missing",0.726003348479416,0.974438741459158
2009,0,0.192,3800,0,0,"B",0.0374933628032422,-3.2453770365291
2009,0,0.312,3675,0,0.85,"Missing",0.0042049683351885,-5.46727468178509
2009,0,0.3,10000,0,0.93,"B",3.60718594787093e-06,-12.5325789982327
2009,0,0.336,23500,0,0.89,"D",0.028531015129845,-3.52781759758612
2009,0,0.192,20000,0,0.15,"AA",3.61782972846829e-06,-12.5296326165984
2009,1,0.348,5000,1,0.97,"Missing",0.992783306642842,4.92411555510299
2009,0,0.108,3001,0,0.21,"AA",0.00303523165462859,-5.7944276823517
2009,1,0.348,2550,0,0.9,"Missing",0.783874937387011,1.28839225527623
2009,1,0.252,6001,1,0,"D",0.993477421446721,5.02594155407225
2009,0,0.228,20000,1,0.82,"B",0.0267947610157931,-3.59238861022844
2009,1,0.24,2500,0,0.8,"Missing",0.764982656331791,1.18019384784352
2009,0,0.168,22000,0,0.77,"B",0.132688140216921,-1.87739704751938
2009,0,0.144,18950,0,0,"AA",0.203976462805076,-1.36162414596645
2009,0,0.228,1000,0,0.87,"C",0.000785215996670584,-7.14876619859546
2009,0,0.348,3800,0,0.84,"Missing",0.159704979707481,-1.66042480843773
2009,1,0.348,3600,1,0,"Missing",0.999536251914724,7.67570521718599
2009,0,0.24,9000,0,1.01,"D",0.005467855930405,-5.20338584886473
2009,0,0.252,20000,0,0.01,"B",0.055863638272341,-2.82735691632122
2009,0,0.18,2000,0,0.02,"B",0.00010433362475879,-9.167812523813
2009,0,0.348,10000,0,0.62,"C",0.00014261983021742,-8.85518536781764
2009,0,0.12,2000,0,0,"AA",0.00111794254855711,-6.79514672535206
2009,1,0.288,3000,0,1.99,"Missing",0.873572837894329,1.93292516364964
2009,1,0.324,2000,1,0,"Missing",0.999239700193812,7.18103713166492
2009,0,0.276,1500,1,1.11,"Missing",0.000435817099889542,-7.73785198619859
2009,0,0.252,7500,0,0.68,"C",0.0247866019898218,-3.67235305196182
2009,0,0.18,8000,0,0.84,"A",0.000315176855252579,-8.06206140490985
2009,0,0.168,7500,0,0.67,"B",0.0153820289343891,-4.15905384361807
2009,0,0.348,6000,0,0.43,"D",0.000191105235280523,-8.56249518809261
2009,1,0.348,2550,1,0,"Missing",0.170369057900147,-1.5830139410193
2009,1,0.348,6000,1,0.79,"Missing",0.999886957487385,9.08763354327176
2009,0,0.192,5000,0,0.94,"C",0.136693857121593,-1.84302556500442
2009,0,0.252,15500,0,0.66,"A",0.0833117040478525,-2.39817845321923
2009,1,0.348,5000,1,0.42,"D",0.852103658404396,1.75119655047373
2009,0,0.18,12000,0,0.61,"B",0.000171134022926933,-8.67289239996629
2009,0,0.264,15000,0,0.83,"D",0.00236654334354227,-6.04395554529003
2009,1,0.288,3200,1,0.73,"Missing",0.985130784438737,4.19348140246691
2009,0,0.12,3000,0,0.2,"AA",1.90913656669739e-07,-15.4714443795165
2009,0,0.18,5000,0,0.67,"C",0.000364639758663788,-7.9162359480591
2009,0,0.144,25000,1,0,"AA",0.00394805042705858,-5.53057752012932
2009,0,0.348,15000,0,0,"AA",0.00232249883230768,-6.06278639003442
2009,1,0.276,3000,1,0.7,"D",0.958874520547287,3.14913235482125
2009,1,0.228,6200,0,0,"C",0.00902796201512958,-4.69835966647802
2009,0,0.12,2000,0,0,"AA",0.000544559574986255,-7.51498850139532
2009,1,0.18,10000,0,0.49,"A",0.882481149796769,2.01613868059698
2009,0,0.168,9250,0,0.92,"B",0.103538540359878,-2.15851138829691
2009,0,0.24,9000,1,1.01,"D",0.019123059103749,-3.93755211939395
2009,0,0.288,14900,0,0.93,"D",0.202337150910495,-1.37175064332308
2009,0,0.312,12000,0,0.59,"D",0.0018195201031229,-6.30736131482531
2009,1,0.348,1000,1,0.67,"Missing",0.931288103650567,2.60664633754406
2009,0,0.288,3000,0,0,"Missing",0.0606191333908513,-2.74061042994917
2009,0,0.204,1800,0,0.96,"Missing",0.420544098673967,-0.320540216176694
2009,0,0.18,1000,0,0,"D",0.0629882011968297,-2.69974844800303
2009,0,0.3,9000,0,0.99,"Missing",0.18241515095247,-1.50006954964636
2009,0,0.288,5000,0,0.7,"B",0.00110053933138365,-6.81085377270886
2009,0,0.3,5000,0,0.52,"C",0.0043709955706805,-5.42838390014361
2009,0,0.18,6000,0,0.39,"B",0.00038687571088198,-7.85702012646266
2009,1,0.324,6000,0,0.95,"Missing",0.996128342138642,5.55019330359442
2009,0,0.288,4000,0,0.92,"D",0.000694477389651082,-7.271656233947
2009,0,0.216,10000,0,0.96,"C",1.76328192547446e-07,-15.5509186716482
2009,0,0.24,12000,0,0.34,"C",2.2249929531418e-05,-10.7131494663073
2009,1,0.288,1750,1,0.91,"Missing",0.861668858418996,1.82922065444658
2009,1,0.324,1700,1,0,"Missing",0.977822186640098,3.7862354493091
2009,0,0.108,3001,0,0.34,"AA",7.01446193444427e-05,-9.56488130942419
2009,1,0.084,2000,1,0.81,"Missing",0.843253638690489,1.68263882310445
2009,0,0.24,5000,0,0.87,"D",0.0148530723746847,-4.19458405738265
2009,0,0.24,3200,1,0,"D",0.0187047929236985,-3.96009354184129
2009,0,0.096,3001,0,0.32,"AA",9.98214343996777e-05,-9.21202779774664
2009,0,0.204,25000,0,0.11,"A",0.000974049073498928,-6.93307434835424
2009,0,0.24,9000,0,0.94,"D",1.70864141070841e-05,-10.9772098203371
2009,0,0.264,6001,0,0.69,"D",0.000500786321744228,-7.59883013960534
2009,0,0.24,3000,1,1.03,"Missing",0.819239130941855,1.51120102807471
2009,0,0.18,9900,0,0.72,"B",0.00148992758656458,-6.50753672119446
2009,0,0.24,8500,0,0.89,"D",6.14514783034348e-06,-11.9998416130562
2009,0,0.216,25000,0,0,"A",0.000296313683008976,-8.12379556728037
2009,1,0.348,5000,0,0.72,"Missing",0.998100083941679,6.2640438504289
2009,1,0.348,5500,0,1.02,"Missing",0.999653981774876,7.96867303242156
2009,1,0.348,4000,0,1.21,"Missing",0.97466387119732,3.64986127106423
2009,0,0.156,18000,0,0.53,"AA",0.000161195093061854,-8.73273396033161
2009,0,0.156,9000,0,0.26,"AA",4.47099617883801e-06,-12.3178948443615
2009,0,0.288,17500,0,0.15,"D",0.000160440426151294,-8.73742740762666
2009,1,0.216,3100,0,0.98,"C",0.169514735990193,-1.58907032434289
2009,0,0.192,5000,0,0,"C",3.09635286478144e-06,-12.6852825379611
2009,0,0.204,3650,0,0.85,"D",0.00014463834755846,-8.84112943708983
2009,1,0.18,25000,0,0.16,"AA",0.535381032653666,0.141761059348538
2009,0,0.168,3000,0,0.95,"C",0.00243009240308891,-6.01739294652025
2009,0,0.18,3000,0,0.46,"B",1.61767389649488e-05,-11.0319200370613
2009,0,0.18,5500,0,0.28,"C",0.0513934891543007,-2.91548258276856
2009,0,0.096,3500,0,0.46,"AA",0.000744506561354234,-7.20204410893332
2009,0,0.168,10000,0,0.44,"A",0.0570373900505379,-2.80531961315882
2009,1,0.348,5000,0,0.9,"Missing",0.999993051355654,11.8769570269215
2009,0,0.24,11000,0,0.44,"C",0.00337202005784131,-5.68886557237828
2009,0,0.264,25000,0,0.7,"C",0.956323558173408,3.08628743765764
2009,0,0.252,1000,0,0.42,"D",0.00594538287227883,-5.1191772214848
2009,0,0.252,25000,1,0.01,"B",0.000134014097691736,-8.91743153381407
2009,0,0.264,9000,0,0.95,"D",0.000277267154175074,-8.19025175545983
2009,1,0.264,10000,0,0.8,"D",0.908081102137889,2.29042705086495
2009,0,0.3,25000,0,0.73,"A",0.00220026493938686,-6.11697480979581
2009,0,0.324,10095,0,0.9,"Missing",0.00419658895469767,-5.46927781796386
2009,0,0.084,1500,1,0.07,"AA",3.88484339244379e-05,-10.1558039435999
2009,0,0.204,3500,0,0.96,"Missing",0.0709766681560948,-2.57178264799309
2009,1,0.348,5000,0,0,"Missing",0.999616172491089,7.8649334006508
2009,1,0.336,1900,0,1.2,"Missing",0.999966473400314,10.3031378865701
2009,0,0.204,1000,0,0.35,"D",1.47439519663998e-05,-11.1246628513819
2009,0,0.216,4500,0,0.49,"B",0.000198087139550704,-8.52660541858246
2009,1,0.348,4000,0,2.68,"Missing",0.827589962723144,1.56864224022552
2009,1,0.3,9000,0,0.86,"Missing",0.0306851611577344,-3.45281028237352
2009,0,0.24,8000,1,0.92,"C",0.0109464601374053,-4.50373233663387
2009,0,0.18,4000,0,0.46,"B",9.00893349762612e-06,-11.617284853119
2009,0,0.12,9000,0,0.22,"AA",0.00093952199484259,-6.96919936454104
2009,0,0.168,6000,0,0.03,"AA",0.00174240646672658,-6.35074416817961
2009,0,0.216,15000,0,0.51,"B",1.50433586032792e-05,-11.1045589095129
2009,0,0.18,12000,0,0.94,"B",0.000939177078744822,-6.96956689589069
2009,0,0.156,20000,0,0.52,"A",1.89712151074765e-05,-10.8725687505104
2009,0,0.276,7000,0,0.98,"C",0.00674750177118608,-4.99181258149286
2009,1,0.12,8000,0,0.21,"A",0.482786839901259,-0.068879860483416
2009,0,0.252,8000,0,0.76,"D",0.00914698474282578,-4.68514191503493
2009,0,0.24,8000,1,0.52,"D",0.395389231035997,-0.424714219157584
2009,0,0.324,7500,0,0.94,"Missing",0.00317923282455806,-5.74793106411229
2009,0,0.228,6001,0,0.52,"C",0.0601786691198252,-2.74837182769997
2009,1,0.348,3950,0,0.78,"Missing",0.913515758820047,2.357338412254
2009,0,0.24,15000,0,0.59,"A",4.52597347724164e-06,-12.3056733448744
2009,0,0.144,25000,0,0.07,"AA",0.00117214102653184,-6.74775043673994
2009,0,0.168,2690,1,0.69,"C",4.60553205030241e-06,-12.2882477518633
2009,1,0.348,3000,0,0,"Missing",0.919106180996419,2.43026423717145
2009,0,0.348,6000,0,1.12,"Missing",0.0599163654735906,-2.75301916315258
2009,0,0.264,7300,0,0.74,"D",0.242544319458994,-1.13878057380078
2009,1,0.336,1200,0,0.81,"Missing",0.864350131849414,1.85190086478842
2009,0,0.132,10000,0,0.43,"AA",0.000275520932799962,-8.19657139223697
2009,0,0.132,2400,0,0.25,"B",0.000968031851393728,-6.93927706619985
2009,0,0.156,25000,0,0.27,"AA",0.0394892996733197,-3.19143538165567
2009,1,0.348,2500,1,1.01,"Missing",0.950080011636569,2.94612471286659
2009,1,0.336,2500,1,1.04,"Missing",0.999438976788048,7.48518709662495
2009,0,0.288,5700,0,0.1,"A",0.0317254361696469,-3.41839692542071
2009,1,0.312,7000,0,0.92,"C",0.704590168578672,0.869252661346951
2009,0,0.264,15000,0,0,"C",0.000722002123818637,-7.23276021460584
2009,1,0.348,3000,0,0.91,"Missing",0.963926135874614,3.28544605144974
2009,1,0.348,4000,0,1.12,"Missing",0.99716671086921,5.86347969468138
2009,0,0.312,5000,1,0,"Missing",0.147711129840532,-1.75266697777907
2009,0,0.348,3000,0,1.15,"Missing",0.770441939688158,1.21080831423648
2009,0,0.264,3200,0,0,"D",7.23281219831775e-09,-18.7446379067463
2009,0,0.24,5000,0,0.43,"D",0.027115149441376,-3.58017313876393
2009,0,0.132,1500,0,0.39,"B",1.24374717418407e-05,-11.2947842899459
2009,0,0.228,3900,1,0,"C",0.310832678280189,-0.796229333291556
2009,0,0.288,9950,0,0,"D",0.579809053882278,0.321989590315669
2009,1,0.348,25000,0,0.44,"AA",0.974534338637129,3.64462882406691
2009,0,0.132,2500,1,0,"B",0.134377998292129,-1.86279161413407
2009,0,0.24,9000,0,0.65,"A",3.74939332194339e-05,-10.1912939242548
2009,1,0.348,3000,1,0,"Missing",0.850521722561637,1.73869887158271
2009,0,0.132,10121,0,0,"AA",0.0127757348632455,-4.34734957462962
2009,0,0.276,7000,0,0.52,"D",0.000121036429056548,-9.01929794734139
2009,0,0.18,15000,0,0.63,"B",0.000621360550211332,-7.38297749468334
2009,1,0.348,5000,0,0.92,"Missing",0.917916416408802,2.41436829660539
2009,0,0.228,2500,0,0.82,"C",0.346549959949191,-0.634239087540445
2009,0,0.132,14000,0,0.29,"AA",2.58948517861354e-05,-10.5614404865657
2009,0,0.132,1000,0,0.01,"AA",0.000657361803422981,-7.32661842295188
2009,0,0.204,15000,1,0.89,"B",1.98685645601751e-06,-13.1289548517071
2009,0,0.12,6000,1,0.75,"A",0.00115492317768935,-6.76256585942812
2009,0,0.132,3000,0,0.27,"B",1.44070086354695e-05,-11.1477813518787
2009,1,0.348,5000,1,1.02,"Missing",0.999267881704462,7.21883606470831
2009,1,0.288,3000,0,0.91,"Missing",0.96156539848793,3.21960444495655
2009,1,0.348,3950,0,0.78,"Missing",0.999890086939291,9.11571094275479
2009,0,0.18,25000,0,0,"A",0.00303346627948074,-5.79501125012353
2009,1,0.24,2500,0,0.78,"Missing",0.742163392123194,1.05724334244598
2009,1,0.348,2501,0,1.22,"Missing",0.91805136379949,2.41616067770374
2009,0,0.288,4500,0,0.72,"D",0.00172786377019105,-6.3591400901545
2009,0,0.24,2000,0,1.44,"Missing",7.71989632645462e-05,-9.46904732829618
2009,0,0.24,12200,0,0.35,"C",0.468108076401467,-0.12774111583447
2009,0,0.24,7500,0,0.99,"D",0.0260926373033357,-3.61966301007703
2009,0,0.348,2000,1,1.08,"Missing",0.178518168632946,-1.52641943972169
2009,0,0.348,16900,0,0.04,"D",0.127707711513126,-1.9213804120179
2009,0,0.288,4000,0,0.92,"D",0.000192781553809215,-8.55376005548984
2009,0,0.264,2500,1,0.63,"D",0.126261592853122,-1.93442513701178
2009,1,0.204,10700,0,0.12,"C",0.0380803667983572,-3.22923206361892
2009,0,0.24,1500,0,0.6,"Missing",0.038160054225153,-3.22705879271652
2009,1,0.3,2800,0,0.97,"Missing",0.758691494133241,1.14551900899157
2009,0,0.276,2000,0,0.9,"Missing",0.169828031922966,-1.58684652164663
2009,0,0.18,1500,1,0.85,"D",0.00772938478400838,-4.85496659634434
2009,1,0.288,1000,1,0.29,"Missing",0.986343372309151,4.27977959284729
2009,0,0.288,7500,0,0,"C",2.75349692148728e-05,-10.5000262179384
2009,0,0.216,15000,0,0.51,"B",5.67901394661312e-05,-9.77609105650386
2009,0,0.348,5000,0,0.77,"Missing",0.99871796994955,6.65802762791561
2009,0,0.336,6000,0,0.53,"D",0.00168652474524538,-6.3833972824971
2009,0,0.348,5000,0,0.92,"Missing",0.0114475714972571,-4.45846406845382
2009,0,0.168,25000,0,0.58,"AA",8.17912017088541e-05,-9.41125908416508
2009,0,0.336,1500,1,1,"Missing",0.0107691864521678,-4.52023873514614
2009,0,0.228,4400,0,0.98,"D",0.0801277030901153,-2.44061320211589
2009,0,0.216,7500,0,0,"C",0.00039096002537877,-7.84651420361822
2009,0,0.24,5200,1,0.77,"D",0.29149968140199,-0.888111595980886
2009,0,0.18,25000,0,0,"A",0.00171234036187643,-6.36818040342294
2009,0,0.24,5000,1,0,"C",0.159738865689479,-1.660172325221
2009,0,0.168,25000,0,0,"AA",0.00531541015484746,-5.23181551365462
2009,0,0.228,6001,0,0.05,"D",0.00024201059013288,-8.32628703200598
2009,0,0.348,2500,0,0.08,"Missing",0.127296144444175,-1.92508005418006
2009,0,0.348,3000,0,1.34,"Missing",0.105818227116126,-2.1341862963129
2009,0,0.324,3000,1,0.79,"D",0.277972373739139,-0.954541667966451
2009,0,0.216,6500,0,0.85,"C",0.000209750057564711,-8.46938416611442
2009,1,0.348,3975,0,0.97,"Missing",0.999992751153242,11.8346609207632
2009,0,0.348,5000,1,1.05,"Missing",0.00024949615286644,-8.29581753498236
2009,1,0.348,2500,1,1.84,"Missing",0.975628817149877,3.68968080017946
2009,0,0.144,19500,1,0,"AA",6.19704564510581e-05,-9.68879082296281
2009,0,0.3,2500,0,1.01,"D",2.49971475790992e-08,-17.5045040904266
2009,0,0.348,2200,0,1.06,"Missing",0.00380149541094351,-5.56855202100718
2009,0,0.216,9999,0,0.92,"D",0.0018684232851397,-6.28079019583921
2009,0,0.228,7000,0,0.62,"C",0.101925613100349,-2.17600963716471
2009,1,0.348,9000,0,0.85,"Missing",0.999887314796148,9.09079974190165
2009,0,0.12,3000,1,0.32,"A",0.0253737718679361,-3.64833800483875
2009,0,0.108,2500,0,0.09,"AA",0.918715154755317,2.4250165291872
2009,0,0.348,20000,0,1.05,"C",0.0213911892029559,-3.8231528645258
2009,0,0.276,7000,0,0.98,"C",0.00190120645995382,-6.26336359935358
2009,0,0.24,6500,0,0.9,"D",0.000366499861242844,-7.91114584819961
2009,0,0.3,2000,0,0.19,"D",0.00479102705761707,-5.33620793268668
2009,0,0.24,6500,0,0,"C",0.000233869154220053,-8.36051487249432
2009,0,0.276,5000,0,0.97,"Missing",0.19259396315394,-1.43324253037108
2009,0,0.348,25000,0,0.98,"D",0.00353155863867635,-5.64247815547319
2009,1,0.312,7300,0,0,"C",0.674885667239821,0.730366381085577
2009,0,0.24,25000,1,0.98,"B",0.000686495824305512,-7.28322368378912
2009,0,0.252,5000,0,0.77,"C",0.316973738840331,-0.767714380882301
2009,1,0.288,4000,0,0.99,"Missing",0.322406046968443,-0.742736452638384
2009,0,0.132,3000,0,0.26,"A",0.0045205267066935,-5.39459598871244
2009,0,0.204,2500,1,0.59,"C",0.000688222888002795,-7.28070934755387
2009,1,0.348,2560,0,1,"Missing",0.982492906092058,4.02748695849588
2009,1,0.336,3200,0,0.99,"Missing",0.860885067378471,1.82266056328415
2009,1,0.348,4669,1,0,"Missing",0.946347977913194,2.87009118405306
2009,0,0.348,3000,0,0,"Missing",0.0105372245733144,-4.54224795953347
2009,0,0.276,5000,1,0.98,"D",1.26644512073011e-05,-11.276698942359
2009,0,0.252,3000,0,0.04,"C",0.0108633770416959,-4.51143523695858
2009,0,0.276,4900,0,1,"D",0.0286198098847885,-3.52461880520895
2009,1,0.348,3000,0,0.94,"Missing",0.999971768899595,10.4750581049686
2009,0,0.348,15000,0,0.97,"D",0.000168936357393651,-8.68581954680734
2009,0,0.132,9000,1,0.85,"A",0.0010814271844036,-6.82839163082606
2009,0,0.3,25000,0,0.18,"A",0.000635044038581818,-7.36118096361452
2009,0,0.252,14000,0,0.85,"C",0.00228089272024107,-6.0809048707655
2009,0,0.348,2100,0,1,"Missing",0.157428241305374,-1.6774890884402
2009,0,0.288,3000,0,0,"Missing",0.0142088155804122,-4.2395819641635
2009,0,0.24,1300,0,0,"Missing",5.09846754436969e-05,-9.88393446591449
2009,1,0.24,5000,0,0.97,"C",0.550886718681381,0.20425404294197
2009,0,0.18,9900,0,0.72,"B",0.000268167936146969,-8.22362894238874
2009,0,0.348,12000,0,0.63,"D",0.000312003181105863,-8.07218512249042
2009,1,0.276,6001,0,0.42,"C",0.996431725567762,5.63209849644879
2009,0,0.348,7600,0,0.94,"Missing",0.238894681955614,-1.15874894902432
2009,1,0.288,3000,0,0,"Missing",0.978745310138158,3.82969388520767
2009,0,0.348,3025,1,0,"Missing",0.370320143753439,-0.530843640628127
2009,0,0.228,4000,0,0.9,"D",0.0186087644708693,-3.96533851518954
2009,0,0.216,12000,0,0.93,"B",3.88462597259596e-05,-10.1558599135211
2009,0,0.348,2550,1,0.76,"Missing",0.664718910763441,0.684395008367127
2009,0,0.348,8000,0,0.8,"D",2.64493529101904e-06,-12.8428613126576
2009,1,0.348,5000,0,0.82,"Missing",0.66486366461383,0.685044583682269
2009,0,0.18,10000,0,0.41,"C",1.49189580933099e-06,-13.4154613996123
2009,0,0.12,2000,0,0,"AA",0.0227712318529756,-3.75922279987923
2009,0,0.276,4000,0,0.51,"D",0.000889409064024831,-7.02406348394865
2009,0,0.084,2500,1,0.06,"AA",8.192379900555e-07,-14.0148903899186
2009,0,0.348,4000,0,0.95,"Missing",0.000729813818607334,-7.22199101909213
2009,0,0.348,10000,0,0.49,"D",0.000107553320908229,-9.13741626581426
2009,0,0.312,7000,0,0.92,"C",0.000421385745912215,-7.77154040816486
2009,0,0.18,10000,0,0.59,"B",0.0727803442771189,-2.54474456825803
2009,0,0.24,16950,0,0.55,"C",8.56808125449093e-05,-9.36479596390239
2009,1,0.216,3100,0,0.98,"C",0.668225556965285,0.700170427092047
2009,0,0.144,25000,0,0.01,"AA",0.00467213137570185,-5.36145683415561
2009,1,0.252,5000,0,0,"C",0.986194004266843,4.26875012291538
2009,1,0.276,6500,0,0.71,"Missing",0.996429776272574,5.63155040422138
2009,0,0.24,2300,0,0.86,"C",0.000318878126754088,-8.05038264699191
2009,0,0.264,6001,0,0.01,"D",0.0759682158736041,-2.49843142883346
2009,0,0.24,12000,0,0.26,"C",0.00637630154808692,-5.04877032738216
2009,0,0.24,5000,0,0.45,"D",0.00208664612202932,-6.17010840205828
2009,0,0.264,15000,0,0.94,"C",0.00119601943621701,-6.72755963732991
2009,0,0.204,5000,0,0.34,"D",0.00641573758728787,-5.0425649021063
2009,0,0.24,5000,0,0,"A",0.203686329738781,-1.36341195513544
2009,1,0.24,5000,0,0.45,"D",0.515875780304347,0.0635244746049279
2009,0,0.24,1000,0,0.9,"Missing",0.000326922686686621,-8.02545987103496
2009,0,0.18,10000,0,0.66,"B",0.000327372887935744,-8.02408328018464
2009,1,0.348,3001,1,0,"Missing",0.990525353672755,4.6496160393218
2009,1,0.204,5000,0,0.46,"A",0.153665518319993,-1.70613636855604
2009,1,0.348,7900,1,0.99,"Missing",0.996005849666533,5.51892225661488
2009,0,0.132,5000,1,0.45,"B",0.0233070370062024,-3.73541700514042
2009,0,0.288,25000,0,0.42,"C",0.0040444092448108,-5.50636717493287
2009,0,0.192,3800,0,0,"B",0.0682446384024011,-2.61397141990084
2009,1,0.312,2500,1,0.91,"Missing",0.991193628179126,4.72343437187814
2009,0,0.156,7500,0,0.92,"B",9.38072977651893e-07,-13.8794371515585
2009,0,0.312,6000,1,0,"Missing",0.0291495308862797,-3.50573364006735
2009,0,0.18,10000,0,0.41,"C",0.00131847985382782,-6.62995648208936
2009,0,0.24,15000,0,0.84,"C",8.06427669062854e-06,-11.7280584710808
2009,0,0.12,2000,0,0,"AA",3.79481567982315e-06,-12.4818709226899
2009,0,0.348,25000,0,0.58,"D",0.000895246256432608,-7.0175160834546
2009,0,0.216,25000,0,0.69,"B",0.000537793177697462,-7.52749856194522
2009,0,0.264,15000,0,0.94,"C",6.55643417862088e-06,-11.9350571166727
2009,0,0.204,15000,1,0.89,"B",0.00883125056341823,-4.72058817055907
2009,1,0.348,2000,0,1.23,"Missing",0.978730166665782,3.82896618969606
2009,1,0.348,2975,0,0.96,"Missing",0.967940597048576,3.40758019455038
2009,0,0.204,9500,0,0.37,"C",0.000190097135965604,-8.56778525931247
2009,0,0.3,15000,1,0,"D",0.317411529753649,-0.765693012334465
2009,0,0.348,2550,0,1.16,"Missing",0.295137546455543,-0.870561175576023
2009,1,0.264,1500,1,1,"Missing",0.999664998866195,8.00104158439303
2009,1,0.348,2500,0,0,"Missing",0.960984986451991,3.20401225118959
2009,0,0.204,25000,0,0.11,"A",5.20928908184554e-05,-9.86242997688858
2009,0,0.324,3000,1,0.65,"Missing",0.422176122348059,-0.313846533789364
2009,0,0.216,15000,0,0.51,"B",0.190135732932383,-1.4491284611389
2009,1,0.3,25000,0,0.73,"A",0.871138789676436,1.91106537315365
2009,1,0.336,3000,0,0.98,"Missing",0.936241614862329,2.68677287174271
2009,1,0.348,3000,0,0,"Missing",0.962963074098327,3.25809965409061
2009,0,0.12,5000,0,0.11,"AA",0.0057955935510396,-5.14484492957627
2009,0,0.144,6000,0,0.33,"AA",7.33140113211233e-08,-16.4285140226503
2009,0,0.132,1500,0,0.39,"B",0.129919846048271,-1.90166764694445
2009,0,0.228,10300,0,0.38,"B",0.000197174502337675,-8.53122422870222
2009,0,0.336,2000,1,0.97,"Missing",0.930852753756634,2.59986287116532
2009,0,0.144,9000,0,0.05,"AA",0.00015811575016878,-8.75202506889805
2009,0,0.348,10500,0,0.76,"D",0.0187556623546301,-3.9573257994546
2009,0,0.156,2600,1,0.1,"C",0.0366508941984875,-3.26897803875202
2009,0,0.168,22000,0,0.77,"B",0.000105722625208435,-9.15458590861174
2009,1,0.336,3500,0,0.93,"D",0.840919033416817,1.66508208475751
2009,0,0.156,20000,0,0.79,"A",0.0679680889313011,-2.61832873883599
2009,1,0.288,4500,0,0.72,"D",0.4998285667167,-0.000685733160070257
2009,0,0.204,4800,0,0.88,"C",0.000159186333689226,-8.74527593289423
2009,0,0.156,10000,0,0.51,"A",0.00208398941990116,-6.17138506797926
2009,0,0.192,3500,0,0,"C",9.23318239739043e-05,-9.29002935134486
2009,0,0.24,3000,0,0.76,"C",6.59239404128742e-07,-14.2321784252173
2009,1,0.348,5000,1,0.42,"D",0.84543534500524,1.69923920814584
2009,0,0.348,8000,0,0.8,"Missing",0.273519559967146,-0.976838422534647
2009,0,0.312,9500,0,0.86,"D",0.00151005272121343,-6.49409952005403
2009,0,0.108,2000,0,0.13,"AA",4.4528094226702e-06,-12.3219708772352
2009,0,0.336,2250,0,0.57,"Missing",0.358057170258932,-0.583806582365433
2009,0,0.18,1600,0,0.82,"C",0.00618458880495891,-5.07949096538004
2009,0,0.216,5000,0,0.12,"C",0.000141373921987631,-8.86396086483885
2009,1,0.348,2550,0,0.98,"Missing",0.353385487294665,-0.604190816584859
2009,0,0.144,4000,0,0,"B",0.000999859490915743,-6.90689543825486
2009,1,0.3,3000,0,0,"Missing",0.99998800962566,11.3313943779344
2009,0,0.18,2700,0,0.51,"C",2.36595461605662e-06,-12.954326608352
2009,1,0.288,2000,1,0.93,"Missing",0.999040150425623,6.94777366861276
2009,0,0.3,8500,0,0.86,"Missing",0.0311544778599472,-3.43714719288057
2009,0,0.348,4000,0,1.21,"Missing",0.0282479901512693,-3.53807832803406
2009,0,0.276,3890,0,0.97,"Missing",0.104751436040129,-2.14551113688929
2009,1,0.264,6001,0,0.25,"Missing",0.993959012216233,5.10312843167713
2009,0,0.18,1000,0,0.27,"A",0.00782326337342281,-4.84279947465136
2009,0,0.348,12000,0,0.6,"B",2.16529515968341e-05,-10.7403471272049
2009,0,0.12,4000,0,0.88,"A",9.30409969103407e-08,-16.1902255208949
2009,1,0.18,20000,0,0.66,"A",0.559153013666364,0.237725317713676
2009,0,0.216,5000,0,0.66,"C",0.189918796539169,-1.45053789965905
2009,1,0.348,2550,0,1,"Missing",0.635633900412322,0.556463639031144
2009,0,0.252,5000,0,0.95,"D",0.000111466503240806,-9.10167495884791
2009,1,0.348,2500,0,1.09,"Missing",0.236731709985758,-1.17068212012741
2009,0,0.3,9000,0,0.56,"B",6.78502543768177e-05,-9.59813957002847
2009,0,0.336,3500,0,0.93,"D",0.0277984796235057,-3.5545817790626
2009,0,0.336,5000,0,0.87,"Missing",0.417110736393955,-0.33464548450555
2009,0,0.18,12000,0,0.52,"C",0.00428967517830904,-5.44724536268899
2009,0,0.348,2000,0,1.26,"Missing",0.596588094200181,0.391268777079094
2009,0,0.288,2000,1,0.93,"Missing",0.290971026041977,-0.890672696298069
2009,0,0.276,2600,0,0.5,"Missing",0.0745184224473558,-2.51926785042668
2009,0,0.204,6500,0,0.81,"C",0.198162651772267,-1.39781761253508
2009,0,0.24,3500,0,0,"Missing",0.435894586746888,-0.257840696364136
2009,0,0.312,10848,0,0.68,"B",0.0142429966542147,-4.23714455427356
2009,0,0.24,17850,0,0.43,"C",2.96111924610394e-05,-10.4273285327904
2009,1,0.252,3000,0,0.04,"C",0.627804865273417,0.522811121638039
2009,0,0.3,8000,1,0.85,"D",0.0228726244849085,-3.75467625954989
2009,0,0.24,11000,0,0.44,"C",0.0259962959381607,-3.6234610426179
2009,0,0.252,25000,0,0.99,"C",0.00119831706796692,-6.72563811426925
2009,0,0.18,14500,1,0,"A",0.0118708881465826,-4.42172434060556
2009,0,0.3,15000,0,0.9,"D",0.000360576958857475,-7.92744450393339
2009,0,0.144,6000,0,0.53,"AA",0.00284590169479801,-5.85902536247112
2009,1,0.276,8500,1,1.13,"Missing",0.99837908076094,6.42313962479796
2009,0,0.132,5000,1,0,"A",5.46247942473858e-05,-9.81496804490762
2009,1,0.18,5000,0,0.17,"B",0.985276822905779,4.20349971495433
2009,0,0.348,1000,1,1,"Missing",0.146603640327758,-1.76149148422104
2009,0,0.096,2300,0,0.18,"AA",0.0107428380119381,-4.52271501896015
2009,0,0.144,15000,0,0,"A",0.0145095721775956,-4.21833083172701
2009,0,0.108,7000,0,0.17,"AA",0.0167944640221066,-4.06976887919638
2009,0,0.276,8000,0,0,"D",0.0100419412568313,-4.59089212947785
2009,0,0.252,9800,0,0.7,"D",3.89195552673816e-09,-19.3643540956361
2009,0,0.132,3000,0,0.27,"B",8.6383569250261e-07,-13.9618823931056
2009,0,0.288,4000,0,0.92,"D",0.000118862702875393,-9.03742261852518
2009,0,0.204,1000,0,0.67,"D",0.000982625935300722,-6.92429893498323
2009,0,0.216,2500,0,0.87,"D",0.00018146954188951,-8.61424124561305
2009,0,0.288,4000,0,0.63,"D",0.410141863239715,-0.363378954065773
2009,0,0.168,2000,0,0,"C",0.00104441740004239,-6.86325109777013
2009,0,0.348,18000,0,0.93,"D",5.75069218673551e-08,-16.6713604585795
2009,0,0.12,1500,0,0.89,"A",1.64489379783699e-06,-13.3178330915213
2009,0,0.18,4999,0,0.89,"C",4.63894679306459e-05,-9.97839171820626
2009,0,0.084,5000,0,0.33,"AA",0.000998586751916232,-6.90817044097102
2009,0,0.3,4000,0,0.45,"D",0.003393044209967,-5.6826289498687
2009,0,0.264,6500,1,0,"B",5.02758173941389e-06,-12.2005664293762
2009,0,0.348,1000,0,0,"Missing",0.0663108554728409,-2.64478994471488
2009,1,0.348,2550,1,1.26,"Missing",0.999303369918011,7.26855914410193
2009,1,0.348,1500,0,0.84,"Missing",0.958028966157717,3.12789830365704
2009,1,0.348,4000,1,0,"Missing",0.901423889320179,2.21314666531012
2009,1,0.228,15000,1,0.41,"A",0.120715674069782,-1.98567033119816
2009,0,0.12,3000,0,0.14,"AA",3.38327802017744e-05,-10.2940465636477
2009,0,0.18,5000,0,0.17,"B",0.00575339282915662,-5.15219553359267
2009,0,0.276,8800,1,0.61,"C",3.90799528095358e-06,-12.4524821233165
2009,0,0.084,3000,0,0.87,"C",3.51613766402865e-05,-10.2555271703272
2009,0,0.108,1000,0,0,"A",0.0335704043889431,-3.35996359424908
2009,0,0.24,17850,0,0.43,"C",0.000162706395689953,-8.72340051516724
2009,0,0.24,5000,0,0,"A",0.179598433452831,-1.51907050228125
2009,0,0.24,10000,0,0.03,"D",0.00902056788006588,-4.69918648947102
2009,1,0.348,2500,0,0,"Missing",0.999483429898485,7.56778285091109
2009,0,0.3,25000,0,0.57,"D",0.000112167912861812,-9.09540141319584
2009,0,0.18,25000,0,0.16,"AA",0.000262573856012303,-8.24471555093393
2009,1,0.192,3300,0,0.3,"C",0.214302096885899,-1.29918568411895
2009,0,0.348,2875,1,1,"Missing",0.626949395235023,0.519151747968992
2009,0,0.252,5500,1,0,"C",0.0298282772595814,-3.48201624466448
2009,0,0.132,2000,0,0.75,"B",0.0227814183711046,-3.75876513442055
2009,0,0.3,4000,0,0.45,"D",0.00412259029487218,-5.48714248923169
2009,0,0.252,1500,0,0.01,"C",2.68039092509172e-05,-10.5269360092451
2009,0,0.216,3002,1,0.8,"D",0.000696594749255364,-7.268609900252
2009,0,0.348,3000,1,0.75,"Missing",0.211005414348911,-1.31887566496144
2009,0,0.144,1000,1,0.45,"D",0.000223001441284635,-8.40810929705544
2009,1,0.288,5000,0,0.67,"D",0.00492167106477022,-5.30917333645996
2009,1,0.348,2550,0,1,"Missing",0.995315239945408,5.35874481233618
2009,1,0.276,21000,0,0,"B",0.512914019452634,0.0516675687863959
2009,0,0.276,1300,0,0.43,"D",0.000683013918203305,-7.28831207327973
2009,0,0.288,3000,0,0.92,"Missing",0.965282401985786,3.32517399729104
2009,0,0.168,11500,1,0.36,"A",0.281563456092753,-0.936719540697177
2009,0,0.24,3000,0,0,"D",0.00666395814443581,-5.00435539353001
2009,0,0.216,13000,0,0.52,"B",0.134408324198839,-1.86253092919089
2009,0,0.264,6001,0,0.98,"C",0.0231750522899435,-3.74123109495644
2009,0,0.108,5000,0,0,"A",0.00168692299417195,-6.38316077561739
2009,0,0.084,1000,1,0.99,"D",6.95209750389116e-07,-14.1790515425828
2009,0,0.18,15000,0,0.05,"AA",0.00792781574613541,-4.82941831516604
2009,0,0.348,3000,0,0.91,"Missing",0.000415795403310966,-7.78490135577946
2009,0,0.348,3800,0,0.96,"Missing",0.00758311709318413,-4.8742189227347
2009,1,0.288,1000,1,0.98,"Missing",0.689324227015122,0.796961898775757
2009,0,0.336,3500,0,0.93,"D",0.0489430941966236,-2.9669156183103
2009,0,0.12,2000,1,0,"B",0.00165669680252938,-6.40127146640332
2009,0,0.084,3000,0,0.87,"C",0.00154186087776131,-6.47322217908742
2009,1,0.348,2550,1,0.76,"Missing",0.747200098552219,1.08373474638001
2009,0,0.312,10000,0,0.97,"D",0.105405191483749,-2.13855899788952
2009,0,0.228,25000,0,0.72,"A",0.0984072373257985,-2.21504858407836
2009,0,0.18,14000,0,0.69,"B",0.000272367027843544,-8.20808763004755
2009,0,0.264,10000,0,0.8,"D",0.000192704759637754,-8.55415855979053
2009,0,0.348,5000,0,1,"D",0.00265816606783046,-5.92745713688677
2009,0,0.3,6000,1,1,"Missing",0.418450992015126,-0.329135467805501
2009,0,0.228,7000,0,1,"C",0.0181982986418018,-3.98806124602594
2009,1,0.204,1500,0,0,"Missing",0.973420967512825,3.60069398506564
2009,1,0.348,6000,1,0.79,"Missing",0.996286910060722,5.59217088070516
2009,0,0.168,25000,0,0.58,"AA",1.46511625127271e-05,-11.130976221975
2009,0,0.264,4500,1,0.68,"D",5.62330279836891e-07,-14.3911759107999
2009,0,0.228,11500,0,0.38,"C",0.41016282073807,-0.36329232684413
2009,0,0.3,2000,0,0.19,"D",2.02736814778544e-06,-13.1087700576197
2009,0,0.348,8000,0,0.8,"Missing",0.100269757796377,-2.19423085549259
2009,1,0.312,9000,1,0.83,"Missing",0.997968591104478,6.19699221445294
2009,0,0.288,3500,0,0,"C",0.73320814010162,1.01096081461105
2009,0,0.168,9250,0,0.92,"B",6.43282057726088e-07,-14.2566819066262
2009,0,0.348,5000,1,0.94,"Missing",0.00298351681044637,-5.81166456017725
2009,1,0.348,3600,1,0,"Missing",0.896965368477286,2.16395209305652
2009,0,0.168,2690,1,0.69,"C",0.0883016229367906,-2.33455072122164
2009,0,0.168,25000,0,0.23,"B",0.000180909147124084,-8.61733467679486
2009,1,0.348,5000,0,0.9,"Missing",0.205085934474686,-1.35480493127174
2009,0,0.192,3500,1,0.51,"C",0.242267598579019,-1.14028739640033
2009,0,0.24,3500,0,0.8,"D",0.0411873431687769,-3.14756469865604
2009,0,0.12,6000,0,0,"AA",0.000477156672813752,-7.64718839592086
2009,0,0.216,5000,0,0.5,"D",0.000531437770644544,-7.53939287051583
2009,1,0.264,5000,0,0.86,"Missing",0.973230920552227,3.59337391296373
2009,0,0.216,15000,0,0.51,"B",0.000233035834259883,-8.36408525812571
2009,0,0.348,5000,0,0.6,"Missing",0.0998305666214834,-2.19910858971918
2009,1,0.348,6000,1,0.77,"Missing",0.983721463755093,4.10149534640652
2009,0,0.12,4500,0,0.15,"AA",2.99630840531411e-07,-15.0207143519469
2009,0,0.18,9000,0,0.3,"B",0.00720543197109363,-4.92568858050595
2009,0,0.228,2500,0,0.82,"C",3.66245003561146e-05,-10.2147565077029
2009,0,0.192,9000,0,0.69,"C",8.12456138211238e-07,-14.0232030954832
2009,0,0.3,2550,0,0.53,"D",1.23025619473904e-05,-11.3056907262316
2009,0,0.312,7225,0,1.01,"Missing",0.0463665952941959,-3.02370005484563
2009,1,0.348,18000,0,0.91,"C",0.948430482617186,2.91187774524072
2009,1,0.348,5500,0,0.99,"Missing",0.998359759157126,6.41127060500653
2009,0,0.348,3100,0,1,"Missing",0.16917330955436,-1.59149752790584
2009,1,0.3,1000,1,0.95,"D",0.927033470884024,2.54198884084292
2009,0,0.156,2550,0,0.27,"A",0.0057748331811082,-5.14845433737573
2009,0,0.348,6000,0,0,"Missing",0.567876117434394,0.273190979491757
2009,0,0.18,10000,0,0.64,"AA",0.00489629887804448,-5.3143673652619
2009,0,0.228,9000,1,0.98,"C",0.112331253917909,-2.06714650931008
2009,0,0.348,10500,0,0.99,"Missing",0.000551283037546051,-7.50271076589283
2009,0,0.276,5000,0,0.37,"D",0.00020869170593661,-8.47444377274488
2009,1,0.204,9000,0,1,"Missing",0.533029142048567,0.132309245136275
2009,0,0.24,11000,0,0.44,"C",0.00214060547831003,-6.14452365632783
2009,0,0.192,10000,0,0.35,"AA",5.93330477967555e-05,-9.73228477395804
2009,0,0.18,16000,0,0.77,"B",1.47343328100065e-05,-11.125315487625
2009,0,0.276,1525,0,0.56,"D",0.001194983091971,-6.72842754502342
2009,0,0.252,14000,0,0.85,"C",0.0545674343022923,-2.85220530078212
2009,0,0.276,6300,0,0.76,"D",6.62824063148763e-05,-9.62151977616799
2009,0,0.3,10000,1,0,"A",0.0421476225141423,-3.12351539411609
2009,0,0.228,12500,0,0.02,"AA",0.022368631706608,-3.77747306776019
2009,0,0.18,6000,0,0.39,"B",4.19139596114662e-06,-12.3824725231611
2009,0,0.144,4700,0,0.09,"B",4.33792437957104e-07,-14.6506992370082
2009,0,0.168,7000,0,0.55,"C",6.46696937635307e-05,-9.64615320610346
2009,0,0.24,24000,0,0.76,"C",0.000458329170476201,-7.68746448493494
2009,1,0.276,8000,0,0.75,"C",0.968857404234786,3.43754092257112
2009,0,0.168,12000,1,0.37,"A",1.46708379583173e-08,-18.0374041112123
2009,1,0.204,3600,1,0.76,"D",0.920544388108269,2.44976669650141
2009,0,0.228,6000,0,0.5,"B",0.00415964539853312,-5.47815712828988
2009,0,0.348,5000,1,1.02,"Missing",0.207815872135792,-1.33814139193371
2009,0,0.336,25000,0,0.73,"C",0.0173690625462813,-4.03554299544191
2009,0,0.096,3001,0,0.32,"AA",0.744084370531235,1.0673066118843
2009,1,0.336,1200,0,0.81,"Missing",0.0588987067770361,-2.77123164385561
2009,0,0.348,5000,0,0.83,"Missing",0.0020275318347809,-6.19890648054308
2009,0,0.18,1000,0,0,"D",1.12304187092219e-05,-11.3968732745455
2009,1,0.348,1000,0,0,"Missing",0.793980122304192,1.34908576824905
2009,0,0.24,9000,1,0.93,"D",0.000442231494385799,-7.72323474073018
2009,0,0.252,9500,0,0.73,"D",0.0185984073069234,-3.96590579814032
2009,0,0.336,2500,1,1.04,"Missing",0.4463719031944,-0.215340687702384
2009,0,0.144,10000,0,0.58,"A",0.0344325994477341,-3.33371213439446
2009,0,0.18,5000,0,0.27,"B",0.0319983753206135,-3.40954863538297
2009,0,0.168,1500,0,0.04,"AA",8.60376523611252e-05,-9.36063949801874
2009,0,0.216,3002,1,0.8,"D",7.36626897720423e-05,-9.51594046616377
2009,0,0.312,10000,0,0.88,"D",0.180230525373946,-1.5147864442096
2009,0,0.156,17500,0,0.08,"AA",0.000937902176677367,-6.97092656137096
2009,0,0.276,5000,0,1,"Missing",0.213355376703371,-1.30481737708119
2009,0,0.24,5000,0,0.08,"D",0.0265673069462976,-3.60114728558666
2009,0,0.144,1000,1,0.45,"D",0.000542047259002672,-7.51961517237419
2009,1,0.312,10000,0,0.97,"D",0.758580975571503,1.14491543630799
2009,1,0.348,1000,1,0.67,"Missing",0.998147112603008,6.28915549535717
2009,0,0.228,2750,0,0,"C",0.0126083132337119,-4.36071042962089
2009,1,0.336,12000,0,0,"Missing",0.806770878668897,1.42916306862402
2009,0,0.312,25000,1,0.09,"B",5.62762218790755e-05,-9.78518218095714
2009,0,0.336,5000,0,0.95,"C",0.000721909973696951,-7.23288794634016
2009,1,0.252,5000,0,0.97,"D",0.37077075111378,-0.528911705847798
2009,1,0.288,3000,0,0.67,"Missing",0.998945169989486,6.85332026577597
2009,1,0.204,1200,0,0.94,"D",0.995576847305681,5.41646959412217
2009,1,0.348,5108,0,0,"Missing",0.985773707705307,4.23833500027917
2009,1,0.288,15000,0,0.85,"C",0.880723960972278,1.99930378961847
2009,0,0.12,4500,0,0.15,"AA",0.213205539815482,-1.30571036946591
2009,0,0.132,14000,0,0.29,"AA",5.13348962003422e-05,-9.87708846300712
2009,0,0.18,2300,0,0.46,"C",4.14401001087868e-05,-10.0912201033046
2009,0,0.348,10000,0,0.62,"C",0.00575882302334672,-5.15124669239552
2009,0,0.204,2550,0,0.25,"C",0.000933688727001032,-6.97543331913148
2009,0,0.288,5000,0,0.95,"D",1.5048961981485e-05,-11.1041864914027
2009,0,0.12,1000,0,0.2,"A",1.15695800777772e-06,-13.6697152475083
2009,0,0.216,7500,1,0.96,"D",0.298588564215693,-0.854028055432783
2009,1,0.288,2800,0,0,"Missing",0.999446719640911,7.49909227297574
2009,0,0.216,15000,0,0.65,"B",0.00343793398014258,-5.66944071793445
2009,0,0.348,2550,1,1.51,"D",3.20095422750196e-06,-12.6520583955565
2009,1,0.24,5000,0,0,"C",0.895852644319796,2.15196916213319
2009,0,0.348,2800,0,0.99,"C",3.87262574518575e-06,-12.4615739212296
2009,0,0.324,3200,1,0,"Missing",0.782102613331345,1.27796170241193
2009,0,0.108,5000,1,0,"AA",0.000143216571247114,-8.85100936230577
2009,0,0.288,15000,1,0.81,"D",7.56660697908393e-05,-9.48910504847627
2009,1,0.24,2700,1,0.8,"D",0.815028707763262,1.48302270093151
2009,1,0.348,2400,0,0.87,"Missing",0.957119415367357,3.1055090137902
2009,1,0.276,6001,1,0.85,"Missing",0.833513448386638,1.61073530183026
2009,1,0.276,7200,0,1.12,"Missing",0.625972593533016,0.514977515789797
2009,0,0.24,8000,0,0.92,"D",0.00100044121846878,-6.90631321582779
2009,0,0.204,5000,0,0.03,"C",0.000508754662857501,-7.58303577180518
2009,0,0.216,20000,0,0.53,"A",0.000135171143035145,-8.90883367594646
2009,0,0.24,19900,0,0.98,"A",0.00808532355097705,-4.80958658103946
2009,0,0.168,7000,0,0.32,"A",6.88763268135169e-07,-14.1883675238212
2009,1,0.288,1550,0,1.09,"Missing",0.451346001153052,-0.195233771973462
2009,0,0.204,3000,0,0.91,"D",3.10350943109915e-07,-14.9855617948813
2009,1,0.348,2550,0,1,"Missing",0.979742114643906,3.87874527065559
2009,0,0.204,1000,0,0.35,"D",0.00556567615131463,-5.18555557871313
2009,1,0.336,3001,0,0.75,"Missing",0.973009699304469,3.58491648262334
2009,0,0.348,5224,0,0.67,"Missing",0.00128348104638044,-6.65689501948488
2009,0,0.228,1500,0,0.86,"D",0.000437322008225592,-7.7344033556279
2009,1,0.348,3001,0,0.85,"Missing",0.978145646342447,3.801258427832
2009,0,0.3,4000,1,0.47,"C",0.019475897476296,-3.91890955300259
2009,1,0.252,14000,0,0.85,"C",0.84053898207736,1.66224384078621
2009,1,0.3,4500,1,0.93,"Missing",0.940109398436394,2.75347665910668
2009,0,0.156,10000,0,0.78,"B",0.338272376593625,-0.671002607392754
2009,0,0.312,25000,0,0.69,"B",0.243469193812032,-1.13375283399255
2009,0,0.144,25000,0,0.07,"AA",0.00814275898225702,-4.80245012276839
2009,1,0.348,7100,1,1.12,"Missing",0.999314168235349,7.2841921342942
2009,1,0.288,2000,0,1.02,"Missing",0.67583239544162,0.734684429505044
2009,0,0.348,2501,0,1.22,"Missing",0.723682326675923,0.962801326645899
2009,1,0.228,1000,1,0,"Missing",0.938968938864135,2.73339946618509
2009,1,0.336,6000,0,0.98,"Missing",0.99994877414742,9.87921499299198
2009,0,0.132,1600,0,0.69,"B",0.000141396351339298,-8.8638022023099
2009,0,0.192,25000,0,0.92,"A",8.23647102453163e-08,-16.3121086831235
2009,0,0.228,9000,0,0.76,"C",0.0538468129192401,-2.86626126988171
2009,0,0.348,7500,1,0.09,"D",0.216799052057966,-1.28441840443078
2009,0,0.348,3500,0,0.9,"Missing",0.659661369127578,0.661785531159756
2009,0,0.348,2501,0,1.07,"Missing",0.678762174021476,0.74808906732587
2009,1,0.348,5000,0,0.92,"Missing",0.878794745025969,1.98106593021019
2009,0,0.288,10000,1,0.73,"D",0.112669421232205,-2.06375955064074
2009,0,0.276,5000,0,1,"Missing",0.170423037526105,-1.58263208508493
2009,0,0.108,6001,0,0.26,"AA",0.000127779846761711,-8.96507393401481
2009,0,0.216,2800,0,0.99,"C",1.71904150331218e-06,-13.2737419689422
2009,0,0.348,25000,0,0.82,"B",2.76675638482074e-06,-12.7978321373469
2009,0,0.12,1000,0,0.2,"A",0.00361320140040172,-5.61954134033027
2009,0,0.132,5000,0,0,"AA",0.00568254507522902,-5.16465731781861
2009,1,0.24,10000,1,0.89,"D",0.0888464210189604,-2.32780219327696
2009,0,0.348,2550,0,1,"Missing",0.00474350285640486,-5.34622462798841
2009,1,0.348,4000,0,1,"Missing",0.983099010572968,4.06333767174307
2009,0,0.24,8000,0,0.84,"D",0.0172242845466749,-4.04406065050552
2009,0,0.084,3000,1,0.01,"AA",0.0148287635421591,-4.1962466929531
2009,0,0.156,2500,1,0.77,"B",0.00234606212592053,-6.05266822902293
2009,1,0.12,5200,0,0,"A",0.327321232807898,-0.720325848950728
2009,1,0.132,2593,0,1.01,"Missing",0.624299655052181,0.507838598805719
2009,0,0.24,9000,1,1.01,"D",0.0289471756854868,-3.5129082278831
2009,0,0.18,12000,0,0.43,"A",0.0362601041353924,-3.28010336340459
2009,0,0.18,2000,1,0,"C",0.0282460153713909,-3.53815027134691
2009,1,0.276,4000,1,1.35,"Missing",0.872588879689841,1.92404549082
2009,1,0.348,2500,0,0.89,"Missing",0.997267044491718,5.89963495476237
2009,0,0.3,9900,0,0.37,"B",0.0254594567270009,-3.6448788676555
2009,0,0.144,4000,0,0.04,"AA",0.314322063126031,-0.779989898705662
2009,1,0.324,5000,0,0.83,"Missing",0.735782473910208,1.02416179695548
2009,0,0.24,7000,0,0.59,"C",0.0027498163176614,-5.89346755910434
2009,0,0.348,2550,1,1.32,"Missing",0.215509920489295,-1.29202698323527
2009,0,0.228,10000,1,1.02,"C",0.000264251413392399,-8.23834529820025
2009,1,0.348,2550,0,1,"Missing",0.23022841600879,-1.20702189747854
2009,0,0.276,10000,0,1.02,"D",0.0126663949203282,-4.35605556422237
2009,0,0.18,5000,0,0.35,"B",1.19893656271812e-07,-15.936660564911
2009,1,0.24,5500,0,0.95,"Missing",0.834253959685229,1.61608112474449
2009,0,0.276,15000,0,0.86,"C",2.61529701633296e-06,-12.8541302698252
2009,0,0.216,2275,0,1.03,"D",0.0344659277285602,-3.33271015704801
2009,1,0.288,3000,0,0.85,"Missing",0.77995406737381,1.265398720743
2009,0,0.252,6250,0,0,"C",0.00318819475052227,-5.74510714342794
2009,0,0.348,1890,1,0,"Missing",0.00292873424219705,-5.83025191716539
2009,0,0.348,25000,0,0.98,"D",0.174407955098831,-1.55470363461112
2009,0,0.18,2000,0,1.59,"Missing",0.112845022486867,-2.06200429307958
2009,0,0.216,14500,1,0.66,"B",0.00530368327271141,-5.23403594495088
2009,1,0.348,5108,0,0,"Missing",0.999684329302129,8.06049526254902
2009,0,0.132,3000,0,0,"B",0.550806215874394,0.203928666851768
2009,0,0.18,15000,0,0.65,"B",0.0126672975309444,-4.35598339230908
2009,0,0.312,3600,0,0.53,"Missing",0.612797051055288,0.459084834718572
2009,1,0.3,5000,1,1.1,"Missing",0.999887996716278,9.09687035859699
2009,0,0.288,3000,0,0,"Missing",0.348104963925771,-0.627379506578024
2009,0,0.3,13000,0,0.74,"D",0.0042327226774122,-5.46066812801454
2009,0,0.168,4000,0,0.18,"B",0.00221922625377304,-6.10837498580099
2009,0,0.216,9900,0,0.55,"C",0.0824679199236995,-2.4092781756689
2009,0,0.108,2000,0,0.02,"AA",0.00285212799325917,-5.85683369595467
2009,1,0.348,5000,0,0.89,"Missing",0.999583296031704,7.78271770561816
2009,1,0.18,3010,0,0.34,"AA",0.166810498754557,-1.6084026786684
2009,0,0.18,10000,0,0.64,"AA",0.000211587824055618,-8.46065879169407
2009,0,0.216,10000,0,0.96,"C",0.051842417304358,-2.90631203385676
2009,0,0.228,1000,0,0.87,"C",0.218688378736205,-1.27332628481009
2009,0,0.288,9999,0,0.89,"B",0.0933226852846748,-2.2737233929671
2009,0,0.156,4950,0,0,"B",9.18955537966402e-07,-13.9000271776905
2009,0,0.276,10000,0,0.69,"A",3.55972752353468e-07,-14.8484112913837
2009,1,0.348,5000,0,0,"Missing",0.999260254450389,7.20846426347717
2009,0,0.24,4000,1,0.98,"B",4.55024647052922e-05,-9.99769856062742
2009,0,0.288,2000,1,0.93,"Missing",0.0321500606187087,-3.40466271778098
2009,1,0.18,3000,0,0.73,"D",0.784498765083833,1.29207835803076
2009,0,0.228,3000,0,0,"D",0.258142775712434,-1.0556439784649
2009,0,0.336,12839,0,0.45,"C",3.74821157076029e-07,-14.7968164643786
2009,0,0.204,5000,0,0.78,"C",0.00128681181454245,-6.65429994083828
2009,0,0.348,13200,0,0.98,"D",0.251548713499337,-1.09036945761613
2009,0,0.276,3000,1,0.7,"D",0.0261740084459232,-3.61646575992993
2009,0,0.204,12000,0,0.91,"D",0.000301121704037807,-8.10769487553389
2009,0,0.18,12000,0,0.33,"B",0.0758589635411775,-2.49998882347102
2009,0,0.228,13000,0,0.82,"C",3.12648981871127e-05,-10.3729832880127
2009,0,0.168,25000,0,0.58,"AA",0.0193882861538472,-3.92350749753439
2009,0,0.192,15000,0,0.59,"A",0.175362121165843,-1.54809125547731
2009,0,0.156,6000,1,0.22,"A",7.71689425266705e-06,-11.7720908568248
2009,0,0.18,7000,1,0,"B",0.0225785771019298,-3.7679163619683
2009,0,0.204,15000,1,0.89,"B",0.000128501808340446,-8.95943907097431
2009,0,0.12,4000,0,0.51,"AA",0.0333290209533229,-3.36742967082881
2009,0,0.108,7000,0,0.17,"AA",0.00125970882547344,-6.67561417269286
2009,1,0.348,5000,0,0.93,"Missing",0.949083270386401,2.92530499450597
2009,1,0.324,5000,0,0.83,"Missing",0.724851233876871,0.968654520030027
2009,0,0.24,9000,1,1.01,"D",0.0108780651905547,-4.51006922117019
2009,1,0.18,25000,0,0.16,"AA",0.637652552090365,0.565189993435387
2009,0,0.18,25000,0,0.31,"B",0.00152716153945396,-6.48281614073023
2009,0,0.144,25000,0,0.07,"AA",0.000606077744101549,-7.40789602804342
2009,1,0.348,2550,1,0,"Missing",0.800099371329408,1.38691554768891
2009,1,0.276,1000,1,0,"Missing",0.999054504871429,6.96285587971368
2009,0,0.12,3900,0,0.53,"A",2.61023846293219e-05,-10.5534577799757
2009,0,0.348,10000,0,0.93,"D",0.00701199314543984,-4.95309659677155
2009,0,0.156,10000,0,0.78,"B",0.000855450658781017,-7.06302632482961
2009,0,0.336,3001,0,0.75,"Missing",0.00021040935968838,-8.46624516138038
2009,0,0.18,8000,0,0.84,"A",0.00200304499671094,-6.21108170411806
2009,0,0.18,5000,0,0.46,"C",0.00192179366478332,-6.25257268594853
2009,0,0.216,1000,1,0,"C",0.006583672847013,-5.01655706511889
2009,0,0.144,6000,0,0.6,"A",0.000381554366033026,-7.87087558423201
2009,1,0.348,3000,0,0,"Missing",0.957847832682173,3.12340282452686
2009,0,0.24,1000,0,0.33,"D",0.00102405976147082,-6.88295580878748
2009,1,0.348,7000,1,0.27,"Missing",0.999989352314729,11.4501573871345
2009,0,0.24,5000,0,0.77,"D",0.000884499632161812,-7.02960356920307
2009,0,0.24,20000,1,0.2,"C",0.024619087903886,-3.67930600066386
2009,0,0.348,8500,1,0,"B",0.0107092441748697,-4.52588096806642
2009,0,0.348,4500,0,0.45,"Missing",0.0216448532692069,-3.81110503793201
2009,1,0.348,3000,0,0,"Missing",0.981108502158221,3.94997108586478
2009,0,0.204,12000,1,0.51,"A",0.00959868009593223,-4.6364846356133
2009,1,0.204,20000,1,0.55,"B",0.0324180093529906,-3.39608605356588
2009,0,0.264,6000,0,0.71,"C",0.00103723690438466,-6.87015714894624
2009,0,0.084,3000,1,0.09,"AA",0.0164298781574042,-4.09208741739076
2009,0,0.216,12000,0,0.93,"B",3.16534014558395e-05,-10.3606332902876
2009,0,0.276,6001,0,0.61,"D",0.000291400808337819,-8.14051944695305
2009,0,0.204,1500,1,0.56,"C",0.000481966089567783,-7.63715471770986
2009,0,0.18,2500,0,0.94,"D",0.00255433974705556,-5.96740389710798
2009,0,0.216,4500,1,0.71,"C",0.0375259399533133,-3.24447468926957
2009,0,0.204,2800,0,0,"C",0.000471590729656029,-7.65892734474865
2009,1,0.276,3500,1,0.95,"D",0.495432949466597,-0.0182687102087229
2009,0,0.204,3500,0,0,"B",0.00293402258859828,-5.82844256511162
2009,0,0.228,5000,0,0.39,"C",0.0101000940300867,-4.58505909922283
2009,0,0.18,12000,1,0.53,"B",9.47829807813606e-05,-9.26382590497012
2009,0,0.24,12000,0,0.66,"C",0.335678631103255,-0.682611774475347
2009,1,0.288,3000,0,0.4,"Missing",0.997370926339149,5.93849117930094
2009,1,0.348,12000,0,0.91,"D",0.88605586886256,2.0510717554986
2009,0,0.18,2000,1,0,"C",4.03270414722585e-05,-10.1184479819053
2009,0,0.156,25000,0,0.1,"AA",0.000198727017267955,-8.52337970073778
2009,1,0.348,15000,0,0,"Missing",0.999720815873031,8.18335981741622
2009,0,0.348,5000,0,0.89,"Missing",0.663553572849933,0.679170662997729
2009,0,0.156,5000,0,0.95,"B",0.0197519603710142,-3.90455289558892
2009,1,0.288,4500,0,1.46,"Missing",0.946927295957076,2.8815595693023
2009,0,0.168,2690,1,0.69,"C",3.64637108697785e-05,-10.2191565503132
2009,0,0.216,2500,0,0.82,"D",0.0343450557501718,-3.33634849892731
2009,0,0.348,1500,0,0.51,"Missing",0.22234408640892,-1.25205803516369
2009,0,0.204,5000,0,0.03,"C",3.77208410093862e-06,-12.4878791252373
2009,1,0.288,3500,0,0.94,"Missing",0.931014426281739,2.60237736643535
2009,0,0.3,8500,1,0.73,"D",7.67152125454932e-06,-11.7779879524285
2009,0,0.132,25000,0,0.23,"AA",0.000932221181167768,-6.97700779661524
2009,0,0.108,2000,0,0,"A",0.00100402917904093,-6.90272966179117
2009,0,0.18,25000,0,0.31,"B",0.000384603828494782,-7.86291209256701
2009,1,0.348,2500,1,0.87,"Missing",0.620192087255099,0.490363616069481
2009,0,0.072,9600,1,0.16,"C",0.43962510447242,-0.242683687608565
2009,1,0.348,4000,0,1.12,"Missing",0.991929974818151,4.81149591218783
2009,0,0.132,8000,0,0.32,"A",0.0190543468694045,-3.94122180090753
2009,1,0.348,6000,0,0,"Missing",0.775268688179098,1.23830414476259
2009,0,0.156,2000,1,0.54,"A",0.0414751514664363,-3.14030099848218
2009,0,0.24,5000,0,0,"D",5.23739955100627e-07,-14.4622700209594
2009,0,0.084,2000,0,0.39,"C",0.00256322789587707,-5.9639213993376
2009,1,0.348,4500,1,1.52,"Missing",0.993263552349826,4.99346330793989
2009,0,0.348,10000,0,0.78,"D",0.00285562300987744,-5.85560553448005
2009,0,0.12,5000,0,0.71,"AA",7.18835428189931e-06,-11.8430411139115
2009,1,0.348,5000,0,0.89,"Missing",0.983047981917032,4.06027104299078
2009,0,0.204,10700,0,0.12,"C",5.39021361625803e-07,-14.4335100958424
2009,1,0.324,7500,0,0.94,"Missing",0.999406867676811,7.42949973359115
2009,1,0.204,1800,0,0.96,"Missing",0.359763658396861,-0.576390080536579
2009,1,0.348,10000,1,0.72,"Missing",0.98678989455487,4.31347504325881
2009,0,0.108,1025,1,0.76,"D",0.000245037852258756,-8.31385279245902
2009,1,0.348,7100,1,1.12,"Missing",0.999528984867518,7.66014920995776
2009,1,0.348,25000,0,1.31,"Missing",0.989181726213366,4.51564134061584
2009,0,0.18,6000,0,0.72,"B",0.0674181935103284,-2.62704196092868
2009,0,0.3,15000,0,0.9,"D",0.00839044163471645,-4.77223628213047
2009,0,0.192,8000,0,0.9,"B",7.22750663376077e-05,-9.53495907453399
2009,0,0.288,17500,0,0.15,"D",0.0053028619631801,-5.23419163907468
2009,0,0.18,12000,0,0.94,"B",0.0211293364318234,-3.83573709598893
2009,0,0.216,2700,1,0.74,"C",0.000869039812970591,-7.04725220140562
2009,1,0.3,1250,0,0.99,"Missing",0.998633503197288,6.59413746105229
2009,0,0.24,1000,0,0.98,"Missing",0.0685311500484128,-2.60947436160825
2009,0,0.276,2000,0,1.13,"Missing",0.00783355990598114,-4.84147381933232
2009,0,0.204,2000,0,0.74,"B",1.29495098735031e-05,-11.2544396685472
2009,0,0.276,5000,0,0.37,"D",0.0564021368315775,-2.8171930381076
2009,0,0.12,6001,0,0.41,"AA",0.0001890205112965,-8.57346598503685
2009,0,0.348,10000,0,0.98,"C",0.311516244063008,-0.793040239737376
2009,0,0.192,5000,1,0.69,"C",0.000479477755337085,-7.64233346334743
2009,0,0.18,6000,0,0.14,"C",1.39369823821654e-05,-11.1809507108534
2009,1,0.276,2000,0,0.9,"Missing",0.761044474527623,1.1584143496459
2009,0,0.3,5000,0,0.2,"D",0.000423544227950168,-7.76642898101996
2009,1,0.348,2000,1,0,"Missing",0.999740281156473,8.25565113052685
2009,1,0.252,15000,0,0.24,"C",0.992091648852545,4.8318961825723
2009,1,0.348,2000,0,0,"Missing",0.998497334098993,6.49901068497076
2009,0,0.204,4000,0,0.78,"C",0.000166086033336383,-8.70283853092696
2009,0,0.132,3500,0,0.1,"AA",8.36557863540425e-08,-16.2965551548605
2009,0,0.084,2000,1,0.07,"AA",0.00230477108180783,-6.07046649006008
2009,1,0.18,9500,0,0.94,"B",0.393255151773524,-0.433649711445194
2009,0,0.3,15000,1,0,"D",0.2516187809596,-1.08999733112624
2009,0,0.3,10500,0,0.81,"D",0.0115184689937648,-4.45221821198902
2009,1,0.348,25000,1,0.96,"Missing",0.790717988827147,1.32925870114201
2009,0,0.24,9999,0,0.9,"D",0.021373667390225,-3.82399021838124
2009,0,0.348,20000,1,0.87,"D",0.230995222221131,-1.20270015518028
2009,0,0.228,7000,0,0.83,"C",0.00173270752354621,-6.35633584096543
2009,0,0.276,7500,0,0.89,"D",0.00132296716032814,-6.62655437322877
2009,0,0.204,3000,0,0.53,"C",0.000205668904703941,-8.48903725086194
2009,0,0.132,10000,0,0.37,"AA",0.000557815197371391,-7.49092486710998
2009,0,0.24,3000,1,0.07,"D",0.25992042584637,-1.04638218332277
2009,0,0.348,4000,0,0.95,"Missing",0.127280800224635,-1.9252181832276
2009,1,0.132,1200,0,0.87,"Missing",0.873930281038877,1.93616552348346
2009,1,0.288,2550,1,0.93,"Missing",0.991861560580864,4.80298509759661
2009,0,0.168,4000,0,0.16,"B",0.000106750316646863,-9.14491118359811
2009,0,0.216,2550,1,0.99,"Missing",0.00680599031108142,-4.9831228697989
2009,0,0.24,2000,0,0.84,"Missing",0.68728781726258,0.787469928938278
2009,0,0.24,2000,0,0,"D",0.000295900540636172,-8.12519122714113
2009,0,0.276,10000,0,0.88,"C",0.00827131865851817,-4.78665561598958
2009,0,0.18,2000,0,0,"C",0.000808225705726635,-7.11986064718419
2009,0,0.336,2550,0,0.74,"Missing",0.382607903671688,-0.478493595858666
2009,0,0.216,3100,0,0.86,"D",3.13122959250474e-05,-10.371468383718
2009,1,0.348,4000,0,1,"Missing",0.997484410739309,5.98272944571696
2009,0,0.348,2500,0,0.95,"D",0.157581269062612,-1.67633587654353
2009,0,0.192,3000,0,0.81,"B",0.192463701491296,-1.43408043353419
2009,0,0.18,15000,0,0.16,"AA",1.27952996157793e-05,-11.2664198766153
2009,1,0.336,12000,1,0.87,"D",0.213395676616212,-1.30457727714322
2009,0,0.132,14000,0,0.56,"AA",0.00598696155441803,-5.11216629330669
2009,0,0.348,5000,0,0.77,"D",0.00158573269612846,-6.44512171831452
2009,1,0.264,6001,0,0,"D",0.403755165190016,-0.389842711877225
2009,0,0.204,9500,0,0.37,"C",3.28903679461434e-06,-12.624912514604
2009,0,0.168,3000,0,0.98,"C",7.78473927832714e-05,-9.46068230008187
2009,0,0.132,4000,0,0,"B",0.0101759172969642,-4.57750335379879
2009,0,0.3,7900,0,0.68,"C",6.90371629129711e-06,-11.8834437946684
2009,0,0.156,2500,1,0.77,"B",0.0233423003815016,-3.73386905040239
2009,0,0.252,20000,0,0.01,"B",0.00746055213424384,-4.89063733362186
2009,0,0.168,9500,0,0.77,"A",4.51221276230887e-06,-12.3087183778903
2009,1,0.3,3000,0,0.62,"Missing",0.411727088843242,-0.35683025070017
2009,0,0.228,5000,0,0.39,"C",0.00142225558263487,-6.55408796117963
2009,1,0.216,8000,0,0.35,"C",0.990189556894997,4.61444895514844
2009,0,0.12,3900,0,0.53,"A",7.31467181443627e-05,-9.52297014684982
2009,0,0.156,10000,0,0.15,"A",0.000725992668765218,-7.22724438498094
2009,0,0.192,15000,0,0.59,"A",0.0179722048140427,-4.00079322519546
2009,1,0.348,5500,1,0.89,"Missing",0.253857902404804,-1.07814139029221
2009,1,0.3,9000,0,0.99,"Missing",0.794823811757476,1.35425140480189
2009,0,0.288,25000,0,0.89,"B",5.27349212211886e-06,-12.1528124995868
2009,0,0.348,18000,0,0.91,"C",2.26196811975721e-05,-10.6966675612683
2009,1,0.348,5000,0,0.73,"Missing",0.997664343862067,6.05712403804114
2009,0,0.276,18000,0,0.58,"C",0.0877485912188826,-2.34143981187674
2009,0,0.12,10000,0,0.15,"AA",1.16921841168451e-06,-13.6591738873644
2009,0,0.348,2550,1,1.51,"D",0.0726317521257127,-2.54694855026053
2009,0,0.228,3900,1,0,"C",0.606146467619821,0.431142557652306
2009,0,0.132,5000,1,0,"A",0.00233611980872164,-6.05692507455737
2009,0,0.12,2000,1,0,"B",0.00224564889078684,-6.0965125871975
2009,0,0.228,18000,0,0.76,"C",0.000487754371501133,-7.62521074255324
2009,0,0.084,2550,0,0.44,"AA",2.34332975410138e-08,-17.5691078307763
2009,1,0.132,15152,0,0.6,"A",0.974962062255623,3.66200637534489
2009,1,0.336,1200,0,0.81,"Missing",0.961425187168734,3.21581720738077
2009,0,0.168,8000,0,0.53,"B",1.99083697132368e-06,-13.1269534282067
2009,0,0.228,3900,1,0,"C",6.50720056449409e-07,-14.2451856573181
2009,0,0.288,3500,0,1,"Missing",0.324756586338625,-0.731997302095694
2009,1,0.276,8000,0,0,"D",0.672555474932195,0.719765947057914
2009,1,0.348,5000,1,0,"Missing",0.999376434434707,7.37943288146479
2009,0,0.24,8000,0,0.79,"C",3.29100281790034e-06,-12.6243149407508
2009,0,0.24,5950,0,0.74,"C",0.00437640879211773,-5.42714078807813
2009,0,0.228,3000,0,0,"D",0.003830653791548,-5.56088177806692
2009,0,0.084,1000,0,0.34,"AA",6.09965540114526e-07,-14.3098627630246
2009,0,0.24,5000,0,0.85,"D",0.00101368484274306,-6.89314902912795
2009,0,0.144,4800,0,0.66,"B",9.4472819640215e-06,-11.5697740333583
2009,0,0.18,4000,0,0.64,"B",0.000565796258756584,-7.47671055504401
2009,1,0.348,7000,1,0.27,"Missing",0.998080776306003,6.25391343298376
2009,0,0.348,5300,0,0.83,"Missing",0.114513284003728,-2.0454466216476
2009,0,0.132,1550,0,0.95,"D",0.00193692958640937,-6.24471243923724
2009,0,0.156,20000,0,0.79,"A",2.36292683322387e-05,-10.6530008012082
2009,0,0.216,2500,0,0.87,"D",0.0335824081207206,-3.35959366850837
2009,1,0.276,3500,1,0.95,"D",0.667469929063902,0.696764044255972
2009,0,0.252,2500,1,0.38,"A",0.00542374317573025,-5.21153057400089
2009,1,0.348,5000,0,0,"Missing",0.997592052057085,6.02656951844804
2009,0,0.12,5000,0,0,"AA",1.59611088601039e-05,-11.0453395296697
2009,0,0.312,9500,0,0.86,"D",0.000217631836335885,-8.43248809147204
2009,0,0.252,3001,1,0,"C",0.283744715176751,-0.925961702769093
2009,1,0.348,3000,1,0.92,"Missing",0.803189861875853,1.40635162854151
2009,1,0.276,1600,1,1.46,"Missing",0.976931929444371,3.74596754223832
2009,0,0.3,4500,0,0.87,"D",1.61760038722012e-05,-11.0319654801721
2009,1,0.264,25000,0,0.7,"C",0.777556672841558,1.25148417274942
2009,0,0.132,6475,0,0.1,"AA",0.00667910875324722,-5.00206920668766
2009,0,0.288,3000,0,0,"Missing",0.735236023738554,1.02135279489768
2009,1,0.348,2550,0,0.95,"Missing",0.748005059324609,1.08800073112963
2009,0,0.216,25000,0,0.6,"A",8.97852260481411e-06,-11.6206662312443
2009,1,0.132,25000,1,0.09,"AA",0.375208940494513,-0.509934243594593
2009,1,0.348,3500,1,0.95,"Missing",0.942062186988081,2.78870104241788
2009,1,0.336,3000,0,0.98,"Missing",0.699513883341098,0.844984089324154
2009,1,0.348,7000,1,0.27,"Missing",0.999976744876552,10.6689618314374
2009,1,0.348,2550,0,0.94,"Missing",0.986268416093224,4.27422997068637
2009,1,0.3,1500,0,0,"Missing",0.292767253504397,-0.881981877976876
2009,0,0.3,8500,0,0.87,"C",1.40625186525969e-05,-11.1719834889761
2009,1,0.18,2000,1,0,"Missing",0.998976204015423,6.88321368560395
2009,0,0.084,1100,1,0.18,"A",0.000133211966191733,-8.92343574677906
2009,1,0.3,4000,0,0.02,"Missing",0.997467951953477,5.97619154005851
2009,0,0.336,1500,1,1,"Missing",0.341842886411903,-0.65509244222193
2009,0,0.348,8500,1,0.87,"Missing",0.311112798063256,-0.79492200373391
2009,0,0.216,2800,0,0.99,"C",0.000483380137454149,-7.63422368279075
2009,0,0.216,9900,0,0.55,"C",0.000335645323852137,-7.99911983763005
2009,0,0.276,9500,0,0.53,"D",0.0248813650193898,-3.66844001000962
2009,0,0.228,4400,0,0.98,"D",0.000958550144673467,-6.94912967122108
2009,0,0.348,2800,0,0.97,"Missing",0.325998894290528,-0.726337761815355
2009,1,0.348,4531,0,0,"Missing",0.118923036733989,-2.00266844736197
2009,0,0.288,10000,0,0.54,"A",0.00705330741222299,-4.94718033611
2009,1,0.336,3001,0,0,"Missing",0.385335760534763,-0.466961107121341
2009,0,0.312,12000,0,0.59,"D",0.254861929029556,-1.07284758763693
2009,0,0.204,5000,0,0,"C",0.0419301164537165,-3.12891638412941
2009,0,0.18,10000,0,0.68,"B",0.0041292571092703,-5.48551995884562
2009,0,0.348,2550,0,1,"Missing",0.214187693762743,-1.29986526350189
2009,0,0.288,7500,0,0,"C",0.0270557290371407,-3.5824280278545
2009,0,0.216,3000,1,0.93,"C",0.904987146076989,2.25390855346874
2009,1,0.348,3000,0,0.92,"Missing",0.868080108254263,1.88408914337173
2009,0,0.096,1000,0,0.33,"A",7.834183616726e-07,-14.0595981941323
2009,0,0.168,6001,0,0.54,"A",0.395574611607526,-0.423938814698486
2009,0,0.3,25000,0,0.18,"A",0.0121348801768666,-4.39946220507756
2009,0,0.204,6500,1,0,"D",0.0737744920106866,-2.53010469899517
2009,0,0.3,8500,1,0.73,"D",0.000226452809532857,-8.39274750272778
2009,0,0.24,4500,0,0.39,"D",0.0271154883384762,-3.58016029205834
2009,1,0.348,3005,1,0.76,"Missing",0.997759594756744,6.09885559860387
2009,0,0.264,7500,0,0.92,"D",0.132350071186222,-1.88033785895528
2009,1,0.348,3800,0,0.96,"Missing",0.447624207440964,-0.210274540540528
2009,1,0.288,11520,0,0.6,"D",0.275283956364749,-0.967976780649544
2009,0,0.24,3000,1,0.62,"D",0.000492350842931415,-7.61582652812722
2009,0,0.204,4000,1,0,"C",0.00795995198005281,-4.82534051027642
2009,0,0.096,5000,0,0.13,"AA",0.00197447484250642,-6.22547639182817
2009,0,0.3,25000,0,0.47,"AA",0.316788660244518,-0.768569375722451
2009,0,0.348,2500,1,1.01,"Missing",6.44027227198147e-05,-9.65029024269301
2009,0,0.168,4575,0,0.6,"C",9.78673320754899e-06,-11.5344730569916
2009,1,0.312,2500,0,0.65,"Missing",0.985861261915029,4.24459722456386
2009,0,0.228,25000,0,0.72,"C",0.00838094596743119,-4.77337822335396
2009,0,0.348,25000,0,0.98,"D",3.00269547161952e-06,-12.7159971794574
2009,1,0.252,5000,0,0.85,"C",0.874852782944913,1.94456484338388
2009,0,0.108,5000,0,0,"AA",0.000774220659103691,-7.16287911520082
2009,0,0.288,4500,1,0.71,"D",0.00265203845686822,-5.92977114434135
2009,0,0.144,9000,0,0.05,"AA",0.000156538728909851,-8.76205055854458
2009,0,0.348,4500,0,0.45,"Missing",0.609148389998238,0.443733925877172
2009,0,0.288,5000,0,0.7,"B",0.0023737441655268,-6.04091018779216
2009,1,0.348,5000,0,0.93,"Missing",0.999317079154207,7.28844844292455
2009,0,0.204,3800,0,0.7,"C",0.000140955026822113,-8.86692871221075
2009,0,0.348,3000,1,0.59,"D",0.151403110945139,-1.72363837814144
2009,1,0.288,1550,0,1.09,"Missing",0.621244508821069,0.494833883571292
2009,1,0.336,4000,0,0,"Missing",0.262358586974849,-1.03374559572212
2009,1,0.3,9000,0,0.43,"D",0.62718206303324,0.520146674311877
2009,1,0.18,1100,0,0,"Missing",0.995996962701497,5.51669081047878
2009,1,0.3,4500,1,0.93,"Missing",0.942021862053709,2.7879624749028
2009,0,0.132,9000,0,0.33,"A",1.01612532504241e-05,-11.4969186106965
2009,0,0.348,16900,0,0.04,"D",0.00896478586419842,-4.70544584662401
2009,0,0.204,1100,0,0.29,"D",2.58735873421162e-05,-10.5622620294208
2009,1,0.312,2550,1,0.51,"Missing",0.0181905844294903,-3.98849309051075
2009,1,0.348,5100,0,0.81,"Missing",0.737239039972026,1.03166745984246
2009,0,0.144,9000,0,0.12,"A",0.315865899154978,-0.772836198519641
2009,0,0.348,6000,0,0.84,"Missing",0.819014475545633,1.50968470567838
2009,0,0.336,9000,0,0.7,"D",3.42853325108608e-05,-10.2807586329192
2009,1,0.348,4000,1,0,"Missing",0.968279982751966,3.41857334330988
2009,0,0.132,15200,0,0.83,"A",0.00708927787489694,-4.94205726863436
2009,1,0.192,23000,1,0.13,"A",0.973321734537816,3.59686548368025
2009,0,0.336,23500,0,0.89,"D",0.000616722119782863,-7.39047509625963
2009,1,0.348,6000,0,0,"Missing",0.763176698873326,1.17017529064457
2009,0,0.216,20000,0,0.67,"B",9.74073478838071e-05,-9.23651149778348
2009,0,0.348,2000,1,0,"Missing",0.00131474632399152,-6.63279593011277
2009,0,0.12,4000,0,0.51,"AA",0.0946942845209512,-2.25761904897186
2009,0,0.132,14000,0,0.29,"AA",0.00281051752895145,-5.87157216414128
2009,1,0.3,4000,0,0.45,"D",0.59200238481188,0.372249334014415
2009,0,0.228,6001,0,0.05,"D",7.70625047560807e-05,-9.4708166498483
2009,0,0.288,10000,0,0.97,"B",0.000687886723750982,-7.28119825587093
2009,0,0.264,4000,1,1,"D",0.0372057421220706,-3.25337663442163
2009,0,0.288,14900,0,0.93,"D",0.0093110121398223,-4.66720284768247
2009,1,0.348,2550,0,0.91,"Missing",0.968138560577731,3.41397873505755
2009,1,0.348,2000,0,0,"Missing",0.862005963638183,1.83205171955955
2009,1,0.324,1800,1,0.1,"Missing",0.952428234521963,2.99677533680748
2009,0,0.216,4800,0,0.89,"C",0.0825679884535096,-2.40795641890493
2009,0,0.168,6001,0,0.54,"A",0.00195970242182028,-6.23300101771728
2009,0,0.168,6000,0,0.03,"AA",3.26076528516248e-06,-12.6335453793147
2009,0,0.168,3000,0,0,"C",0.0938898293271153,-2.26703883336174
2009,0,0.348,7500,1,0.09,"D",0.000466786410885428,-7.66917187379977
2009,0,0.216,2800,0,0.38,"C",0.102864086256002,-2.16579880497656
2009,1,0.288,4100,1,0.91,"Missing",0.99658365994162,5.67576327023109
2009,1,0.348,3001,0,0.92,"Missing",0.996424201423566,5.62998454273237
2009,0,0.192,7000,0,0.98,"C",1.64576436309953e-05,-11.014704072475
2009,0,0.288,9500,0,0.86,"D",1.48951050738948e-06,-13.4170615209999
2009,0,0.204,3800,0,1.1,"D",2.2564974316904e-07,-15.3042816232071
2009,0,0.348,12000,0,0.92,"C",0.000548442411242045,-7.50787968407804
2009,0,0.084,2550,1,0.63,"Missing",4.68590774441934e-05,-9.9683189523936
2009,0,0.324,7000,0,0,"D",0.0142342139236184,-4.23777028908675
2009,0,0.348,12000,0,0.6,"B",0.162994018124881,-1.63611771575515
2009,0,0.348,9000,1,0.95,"D",0.033363989418009,-3.36634485640116
2009,0,0.18,12000,0,0.45,"AA",0.000150008614368043,-8.80466781652993
2009,0,0.348,4000,1,0.94,"D",0.000771369135584665,-7.16657185710594
2009,1,0.288,3200,1,0.73,"Missing",0.999425861419705,7.46206545823787
2009,0,0.096,1000,0,0.78,"A",0.000361012914477633,-7.92623574799968
2009,1,0.348,3001,0,0.84,"Missing",0.999959472161148,10.1134809122649
2009,0,0.3,5000,0,0.9,"D",0.0996127069803372,-2.20153525976145
2009,0,0.348,3800,0,1,"Missing",0.871139598472954,1.91107257810207
2009,0,0.216,3000,1,0.95,"D",1.87091900225584e-05,-10.8864770004017
2009,0,0.18,14000,1,0.25,"A",0.0231336677848944,-3.74306079186358
2009,1,0.348,2000,0,0,"Missing",0.977956990750082,3.79247018152492
2009,1,0.348,5824,0,0,"Missing",0.999393812811484,7.40771535665775
2009,1,0.192,4000,0,0.8,"C",0.854688317883201,1.77185589466594
2009,0,0.288,4000,0,0.7,"Missing",0.000915662483962273,-6.99494664652205
2009,1,0.336,1000,0,0,"Missing",0.971226397091271,3.51910119863783
2009,0,0.228,10000,0,0.64,"C",0.000700770565227309,-7.26262900467786
2009,0,0.204,5000,0,0,"C",5.60686643396161e-05,-9.78887739917784
2009,0,0.3,25000,0,0.57,"D",0.000168926614149926,-8.68587723226426
2009,0,0.144,3000,0,0.56,"B",0.000212237091700851,-8.45759429149101
2009,0,0.348,3900,0,0,"Missing",0.344906418907713,-0.641504966632968
2009,0,0.348,4000,1,0.94,"D",0.000204713620901483,-8.49369379213453
2009,0,0.168,4500,0,0,"AA",0.00028006560293299,-8.18020658122021
2009,0,0.348,3000,0,0,"Missing",0.549835016782663,0.200004118796504
2009,0,0.348,2550,0,1,"Missing",0.148774982394364,-1.74424152994596
2009,0,0.144,19500,1,0,"AA",0.00901109803574504,-4.70024640268507
2009,0,0.156,10000,0,0.51,"A",0.000103674585153824,-9.17414987329004
2009,0,0.348,3500,0,1.01,"Missing",0.251238808923915,-1.0920161788784
2009,0,0.3,15000,1,0,"D",0.0194615050202775,-3.91966349248753
2009,0,0.18,11000,0,0.65,"B",4.32646258153313e-06,-12.3507559791342
2009,1,0.276,1000,1,0.93,"Missing",0.985900581426895,4.24742195873915
2009,0,0.252,25000,0,0.07,"B",0.0010824674855066,-6.82742908124567
2009,0,0.288,5250,0,0.57,"Missing",0.015426522092309,-4.15612028814418
2009,1,0.348,3000,1,0,"Missing",0.899409078162986,2.19067595445746
2009,1,0.288,3000,0,0.56,"Missing",0.654377183193109,0.638335862318087
2009,1,0.276,8000,0,0,"D",0.749107048986532,1.09385553767732
2009,0,0.288,25000,0,0.89,"B",0.107384090366155,-2.11774433925108
2009,0,0.264,12800,0,0,"A",0.124535259309327,-1.95016599446176
2009,1,0.216,9750,0,0.92,"C",0.776725448710393,1.24668475417051
2009,1,0.276,4400,1,0,"Missing",0.919576524423342,2.43660714618292
2009,0,0.168,1000,0,0.6,"A",5.99121015324799e-05,-9.72257213042876
2009,0,0.12,3000,0,0.36,"A",0.0091959647309118,-4.67975199871566
2009,1,0.348,3001,0,0.92,"Missing",0.95798520172052,3.12681043458191
2009,0,0.24,1000,0,1,"Missing",0.0250246358815366,-3.66255142820073
2009,1,0.288,6000,0,0,"Missing",0.991807582402771,4.79632007589614
2009,0,0.288,25000,0,0.85,"B",0.00516059455738907,-5.26152952541087
2009,0,0.336,10500,0,0.94,"C",0.000601266459286417,-7.415870914514
2009,0,0.348,25000,0,0.82,"B",0.0153277281355967,-4.16264538227464
2009,0,0.252,25000,0,0.99,"C",0.00322262343496946,-5.7343316925134
2009,0,0.348,3000,1,0.82,"Missing",0.0688600208574178,-2.60433385870539
2009,1,0.3,3000,0,0.71,"D",0.920004684689442,2.44241068774263
2009,0,0.288,1000,0,0.97,"Missing",0.00304687397156916,-5.79058761617224
2009,0,0.144,10000,0,0.5,"B",3.85819569097429e-05,-10.1626872456467
2009,1,0.3,5000,0,1,"Missing",0.806220507577903,1.4256364120905
2009,0,0.3,10000,1,0,"A",0.0118759108474765,-4.42129623624496
2009,0,0.276,15000,1,0.76,"B",0.00131405763863871,-6.63332057309044
2009,0,0.336,3500,0,0.93,"D",0.00107606894407887,-6.83336409655055
2009,0,0.12,1425,0,0,"AA",4.64698591762167e-07,-14.5818763665849
2009,0,0.348,2500,0,0.95,"D",0.0463670314134285,-3.02369019167301
2009,0,0.192,3400,0,0.49,"C",0.000807291137783163,-7.12101857205124
2009,1,0.288,5000,1,0.47,"C",0.716920236964822,0.929235882782749
2009,1,0.108,3500,0,0.14,"AA",0.386777141514814,-0.460879758237064
2009,0,0.228,7000,0,1,"C",0.110969412850274,-2.0808770377334
2009,1,0.348,6700,0,0.39,"Missing",0.98558369543971,4.22487422267714
2009,0,0.264,20000,0,0.92,"D",0.00063834757876067,-7.35598907726097
2009,0,0.18,7000,0,0.95,"C",1.03668731248399e-05,-11.4768847451392
2009,0,0.3,2750,1,0,"Missing",0.000863293073769238,-7.05389265980003
2009,0,0.24,3000,0,0.98,"D",0.329676730097577,-0.709647519846364
2009,0,0.24,9999,0,0.94,"D",0.0462621084830443,-3.02606565212862
2009,1,0.312,9000,1,0.83,"Missing",0.988460829718173,4.45040165667157
2009,0,0.204,1775,0,0.9,"D",0.000249557489796043,-8.29557166065665
2009,0,0.348,10000,0,0.78,"D",0.634868577019877,0.553160660414765
2009,0,0.18,5000,0,5.95,"B",0.000130661149960053,-8.9427725577398
2009,0,0.156,8500,0,0.21,"AA",0.019672162841807,-3.90868246070847
2009,0,0.204,9000,0,0.9,"C",0.00169730426118831,-6.37701526891717
2009,0,0.348,3000,0,1.02,"Missing",0.00242803322564739,-6.01824273583135
2009,0,0.3,7900,0,0.68,"C",1.95125377096458e-05,-10.8444338268074
2009,0,0.216,14500,1,0.66,"B",0.243093116015594,-1.13579567582541
2009,1,0.084,1500,1,0.91,"Missing",0.820032327575998,1.51656652623818
2009,0,0.192,5300,0,0.92,"C",0.000246168142250778,-8.30924955198406
2009,0,0.264,20000,1,0.89,"C",0.947707468727142,2.89719232196029
2009,0,0.3,8000,1,0.85,"D",0.530904972697703,0.123777681317302
2009,0,0.24,8000,1,0.92,"C",0.00689833087897663,-4.96955356388317
2009,1,0.348,3600,0,0.3,"Missing",0.994872385832241,5.26797399699708
2009,0,0.18,9999,0,0.31,"A",1.74608593529352e-06,-13.2581321372894
2009,0,0.228,2750,0,0,"C",0.000734811773516317,-7.21516110012217
2009,1,0.348,3000,0,0.98,"Missing",0.26150538594441,-1.03815892921969
2009,0,0.264,6500,1,0.97,"Missing",0.686544509093014,0.784013682695192
2009,0,0.144,25000,0,0.06,"AA",4.08632573250378e-05,-10.105238388496
2009,0,0.3,13000,0,0.93,"D",0.0351270419401837,-3.31302518350088
2009,0,0.18,1000,0,0.27,"A",6.16440670901515e-06,-11.9967124969116
2009,1,0.348,6500,0,0.89,"Missing",0.797127562681793,1.36843732560756
2009,1,0.336,1500,1,1,"Missing",0.548485892753898,0.194554942047824
2009,1,0.3,2750,1,0,"Missing",0.988973587992256,4.49637413909791
2009,0,0.18,2890,1,0,"D",8.12089324681022e-05,-9.41840409885194
2009,0,0.324,6500,0,0.67,"D",0.00257197951116859,-5.96050414601441
2009,0,0.18,9900,0,0.72,"B",0.00461594861178845,-5.37361124746598
2009,1,0.276,9500,0,0.53,"D",0.315321348215205,-0.775357334821003
2009,0,0.276,19000,0,0.95,"C",0.00306295194392347,-5.78530848809134
2009,1,0.348,3500,0,1.01,"Missing",0.930656076449007,2.59681127308267
2009,1,0.348,2600,0,0.98,"Missing",0.989972186935733,4.59231430998482
2009,0,0.144,6000,0,0.03,"AA",0.00330556768186348,-5.70883601273017
2009,0,0.18,25000,0,0,"B",6.80010413464678e-06,-11.8985658318536
2009,0,0.288,22000,0,0.93,"D",0.326945168105309,-0.722034324964491
2009,0,0.24,5000,0,0.43,"D",0.00467326811537962,-5.36121241950776
2009,0,0.18,5000,0,0.27,"B",8.1552264075131e-06,-11.7168434039866
2009,0,0.216,5500,0,1.02,"C",0.30827901711596,-0.808177397763113
2009,0,0.18,19300,0,0.39,"A",0.00361857514634151,-5.61804979858428
2009,0,0.204,6001,0,0.56,"B",0.00179500700509331,-6.32094973452993
2009,0,0.132,2400,0,0.25,"B",0.0304529447836745,-3.46064631075214
2009,0,0.204,2500,0,0.59,"C",0.0290476856173859,-3.50933854609639
2009,0,0.18,2000,0,0,"B",0.00108393558851585,-6.82607227444691
2009,1,0.348,4000,1,1.14,"Missing",0.0116402899676745,-4.44157435716203
2009,0,0.276,10000,1,0,"D",0.00499002058546813,-5.29531273157141
2009,0,0.216,15000,0,0.51,"B",0.00279811532253391,-5.87600715016377
2009,0,0.348,3500,0,1.24,"Missing",0.0181662142021884,-3.9898585267405
2009,1,0.348,4500,0,0.45,"Missing",0.999994312919635,12.0773078713085
2009,0,0.216,4000,0,0.19,"D",0.000131436375069316,-8.93685621819817
2009,0,0.3,9000,0,0.42,"C",0.00145553902214712,-6.5309223856579
2009,0,0.348,1800,0,0.98,"Missing",0.00900716323076598,-4.70068713072476
2009,1,0.312,2550,1,0.51,"Missing",0.770751771982979,1.21256098417283
2009,0,0.348,2400,0,1.05,"Missing",0.347844024387647,-0.628529586198277
2009,0,0.216,18000,0,0.15,"B",4.2585444460043e-05,-10.0639554560651
2009,0,0.168,6001,0,0.54,"A",0.119501356795543,-1.99716066175278
2009,0,0.18,25000,0,0.44,"AA",0.000208388467141831,-8.47589817944375
2009,1,0.348,3000,1,0.98,"Missing",0.98283268019479,4.0474313270424
2009,1,0.276,3500,0,0.92,"Missing",0.994956686122319,5.28463582324818
2009,1,0.348,5000,0,0,"Missing",0.954605014967976,3.04589602093752
2009,0,0.228,4000,0,0.9,"D",7.73551825404062e-06,-11.7696803394668
2009,0,0.12,5000,0,0,"AA",2.59281012732655e-07,-15.1653531128976
2009,0,0.228,6001,1,0.24,"D",0.000261694258913643,-8.24807195782478
2009,1,0.336,2500,1,1.04,"Missing",0.990478857050407,4.64467362084941
2009,0,0.348,1800,0,0.73,"Missing",0.00635651082146852,-5.05189886569121
2009,0,0.348,5500,0,0.41,"D",0.00108413106966059,-6.82589175113821
2009,1,0.348,3500,0,0,"Missing",0.998365556179998,6.41481692277659
2009,0,0.096,1000,0,0,"AA",1.38351648661482e-06,-13.4908807376739
2009,0,0.156,7500,0,0.92,"B",0.0264586590937562,-3.60535680949887
2009,0,0.084,1500,0,0.01,"AA",0.245272589210704,-1.12398643766698
2009,1,0.18,7000,0,0.95,"C",0.183296140206364,-1.49417345906255
2009,0,0.24,1300,0,0,"Missing",0.107174975506023,-2.11992783651924
2009,1,0.24,3000,0,0.27,"D",0.358707981715169,-0.580976283853291
2009,1,0.24,2000,0,0.84,"Missing",0.99573877664581,5.45392865934104
2009,0,0.204,4000,1,0.76,"D",3.41858284706747e-05,-10.2836651855613
2009,0,0.168,7500,0,0.14,"A",2.22264146708294e-06,-13.0168119967093
2009,0,0.216,6500,0,0.85,"C",0.000503818619654191,-7.59279029072545
2009,0,0.3,5000,0,0.9,"D",1.13452293273631e-05,-11.3867018806842
2009,1,0.132,3500,0,0,"D",0.356033341342377,-0.592622570570606
2009,0,0.348,25000,0,0.82,"B",6.14916600080186e-07,-14.3017785730446
2009,0,0.204,9200,0,0.06,"A",0.000813440733363129,-7.1134237160901
2009,0,0.348,20000,0,1.03,"C",0.247329680788076,-1.11290512214862
2009,1,0.348,5500,0,0.99,"Missing",0.957886140900807,3.12435203880251
2009,1,0.24,2000,0,0.01,"D",0.926030620875671,2.52725609004979
2009,1,0.3,1500,1,0,"Missing",0.478684662367005,-0.0853130575269674
2009,0,0.144,12000,1,0,"AA",0.0198170366432543,-3.90119724727647
2009,0,0.348,6000,1,0.77,"Missing",0.0633057671676061,-2.69438046980381
2009,0,0.252,6250,0,0,"C",0.00772777975540759,-4.85517588826391
2009,0,0.12,3000,0,0.04,"AA",0.00503130041946903,-5.28703279556033
2009,0,0.264,9000,0,0.95,"D",4.10775926726429e-06,-12.4026287608054
2009,0,0.216,2550,0,0.28,"D",0.00052408143435011,-7.55333925783985
2009,0,0.348,20000,0,0.89,"C",0.00273864103289324,-5.89755105704319
2009,0,0.228,9750,0,0.78,"B",0.0838791215478849,-2.39077158608883
2009,0,0.192,3300,0,0.3,"C",0.127613862273703,-1.92222314086867
2009,0,0.204,17000,1,0.59,"B",0.298814008258243,-0.852951841416489
2009,1,0.3,9000,0,0.86,"Missing",0.985090301435402,4.1907214019774
2009,0,0.144,10000,0,0.85,"A",0.000856751555563848,-7.0615054627776
2009,1,0.348,1800,0,0.85,"Missing",0.988743403753365,4.47548055790227
2009,1,0.348,1800,0,0.98,"Missing",0.999887925138765,9.0962314249244
2009,1,0.24,2000,0,1.03,"Missing",0.381891996651003,-0.481525367538656
2009,0,0.348,7000,1,0.91,"D",0.0136797810251907,-4.27806216243642
2009,0,0.3,15000,0,0.65,"D",7.2165193789647e-06,-11.8391305852281
2009,0,0.12,1000,0,0.3,"AA",0.0917253519762152,-2.29274800112924
2009,0,0.24,18000,0,0.71,"B",0.00208575198958401,-6.17053789208914
2009,0,0.276,8500,0,1,"D",0.00353455406400244,-5.64162732102958
2009,0,0.156,15000,0,0.09,"AA",0.00322112644759201,-5.734797826714
2009,1,0.204,1000,1,0.59,"D",0.627872636778827,0.523101168295993
2009,0,0.108,2500,0,0.09,"AA",0.00015541041961791,-8.76928564947313
2009,0,0.252,25000,0,0.99,"C",0.000678414397924564,-7.2950736057309
2009,1,0.348,5000,0,0.89,"Missing",0.37061086925228,-0.529597073034431
2009,0,0.3,5000,0,1,"Missing",0.00667098015563836,-5.00329514938107
2009,0,0.132,6100,0,0.76,"B",0.00162004999644883,-6.42367690451214
2009,1,0.288,1500,0,0.99,"Missing",0.976972201741095,3.74775609287926
2009,1,0.348,25000,0,1.31,"Missing",0.99977663142282,8.40646394490195
2009,0,0.192,4500,0,0.88,"D",0.000139399518755391,-8.87802710266492
2009,1,0.312,1000,1,0.33,"Missing",0.962638719449632,3.24904329113389
2009,0,0.348,2525,0,0,"D",0.0019356373828111,-6.24538109678823
2009,1,0.348,2500,0,0.89,"Missing",0.350486862682551,-0.616899838598109
2009,0,0.156,10000,0,0.53,"A",0.0374297081413771,-3.24714236956372
2009,1,0.348,3000,1,0,"Missing",0.921617898609596,2.46453510828692
2009,0,0.324,15000,1,0.75,"C",3.29499525347888e-05,-10.3204877870437
2009,0,0.156,2000,1,0.54,"A",6.08099194604051e-06,-12.0103366452633
2009,0,0.348,5500,0,0.41,"D",0.00418843679611632,-5.47123046147818
2009,0,0.18,19500,0,0.59,"AA",0.0158111090910035,-4.13110504094122
2009,0,0.3,5000,0,0.9,"D",0.0123407146467192,-4.38243385556655
2009,0,0.348,5000,0,0.46,"Missing",0.912705286055488,2.34712312062565
2009,0,0.156,25000,1,0.11,"AA",1.94527743468688e-05,-10.8475014051665
2009,0,0.132,3000,0,0.27,"B",0.0512739060493518,-2.91793816221576
2009,0,0.348,23500,0,0.86,"C",0.00202632466082603,-6.19950325836021
2009,1,0.348,3500,1,0,"Missing",0.99951768620747,7.63643320374624
2009,0,0.3,15000,0,0.83,"C",0.000549400669985729,-7.50613301317179
2009,0,0.276,10000,0,0.88,"C",4.96850335304693e-05,-9.90975712015229
2009,0,0.348,25000,0,0.47,"D",0.105352247191747,-2.13912059777722
2009,0,0.264,12800,0,0,"A",0.00592803061565397,-5.12211755527828
2009,0,0.12,6001,0,0.41,"AA",0.00376907212822849,-5.57715023466909
2009,0,0.24,2000,1,0.78,"D",0.000134146483194923,-8.91644404142297
2009,1,0.192,15000,0,0.59,"A",0.415790772588493,-0.340077001551038
2009,0,0.18,7500,1,0,"A",0.0272110357456343,-3.57654454987679
2009,1,0.36,3000,0,1.03,"D",0.96516809309406,3.32176844407491
2009,1,0.264,2000,0,0,"Missing",0.938121473696157,2.71870623346169
2009,0,0.204,8000,0,0.8,"C",3.72520658740457e-05,-10.1977659022109
2009,0,0.264,25000,0,0.63,"AA",0.00221995862736847,-6.1080442932037
2009,0,0.24,8500,0,0.89,"D",0.423164172837727,-0.309797478502713
2009,0,0.288,2000,0,0,"Missing",0.36947383461032,-0.53447472905411
2009,1,0.348,3800,0,0.73,"Missing",0.960626600074483,3.19449532044348
2009,0,0.18,2500,1,0.9,"C",0.0371932673838371,-3.25372493803678
2009,1,0.348,12000,1,0,"Missing",0.903126246672283,2.23245373298269
2009,0,0.348,5500,0,0.77,"Missing",0.86582694707544,1.8645546519314
2009,0,0.3,2550,0,0.53,"D",0.000839149077896575,-7.08228268070422
2009,1,0.324,7500,0,0.69,"Missing",0.999927717135313,9.53485117435869
2009,1,0.18,4400,0,0.8,"Missing",0.519276505828181,0.0771442592035289
2009,1,0.324,5000,0,0.83,"Missing",0.858704546297786,1.8045717976772
2009,0,0.312,2500,0,0.65,"Missing",0.220482909565406,-1.26285442888232
2009,0,0.252,15000,0,0.82,"C",0.00430815480347807,-5.44292812473642
2009,0,0.3,15000,1,1.04,"D",0.00176969959672625,-6.33517419879908
2009,0,0.3,3000,0,0.73,"D",0.0331331877285577,-3.37352532257807
2009,0,0.348,20000,1,0.87,"D",0.306612332599499,-0.816005058028374
2009,0,0.18,4500,1,0,"C",0.00315065126407339,-5.75699047199949
2009,0,0.18,6000,0,0.39,"B",0.00281497184274937,-5.86998407868916
2009,1,0.348,5000,1,0.96,"Missing",0.821521725353452,1.52669149993561
2009,1,0.288,3000,0,1.99,"Missing",0.961088490722116,3.20677641145783
2009,0,0.12,2500,1,0,"B",0.23137093036459,-1.20058631713212
2009,1,0.348,3000,1,0,"Missing",0.325485138101539,-0.728676907421852
2009,0,0.132,2500,1,0,"B",0.0114373724579414,-4.45936571742017
2009,0,0.132,2500,1,0,"B",6.54460154410473e-06,-11.9368634952666
2009,0,0.348,16900,0,0.04,"D",0.90020013933842,2.199450328505
2009,1,0.288,3000,0,0.67,"Missing",0.999099905993527,7.01211084912372
2009,1,0.348,1000,1,1.09,"Missing",0.886250667061731,2.05300263699011
2009,0,0.144,10000,0,0.5,"B",0.437010167173064,-0.253305108387468
2009,0,0.216,4500,0,0.49,"B",1.53020430631548e-05,-11.087508902781
2009,0,0.18,5000,0,0.92,"B",0.0229493924584936,-3.75124698585849
2009,0,0.18,2000,1,0.49,"D",0.000403733582551398,-7.81435153156065
2009,1,0.276,5000,0,0.39,"D",0.871826145439883,1.91720244843704
2009,0,0.12,1500,0,0.89,"A",0.181480289539769,-1.50635042748811
2009,0,0.276,14000,0,1.04,"D",3.23034142816312e-06,-12.6429194906558
2009,0,0.348,5000,1,0.65,"D",0.0174148524763111,-4.03286357142274
2009,0,0.288,1200,0,1.09,"Missing",0.107767661651716,-2.11374893887164
2009,1,0.348,3600,1,0,"Missing",0.976450517719931,3.72482023957536
2009,0,0.288,12000,0,0.9,"D",0.115379242380584,-2.03693456819241
2009,1,0.336,1250,0,0,"Missing",0.9995778337513,7.76968911185647
2009,1,0.3,1250,0,0.99,"Missing",0.999890227363597,9.11698949437218
2009,0,0.18,2200,1,0,"C",0.00975261200691324,-4.62041965149742
2009,0,0.24,25000,1,0.19,"C",0.000775222752240025,-7.16158462427081
2009,0,0.204,20000,1,0.55,"B",0.420253808066519,-0.3217315739719
2009,0,0.324,5000,0,0.83,"Missing",0.530735095527198,0.123095580989782
2009,0,0.192,9000,0,0.97,"C",0.00217919518519187,-6.12661807836365
2009,1,0.348,4000,1,0,"Missing",0.998323177883698,6.38917664477975
2009,1,0.348,15000,0,0.98,"Missing",0.994554991590513,5.20759609165639
2009,0,0.18,20000,0,0.66,"A",5.46512631010018e-07,-14.4197078705315
2009,1,0.324,6000,0,0.85,"Missing",0.99933379941454,7.3132533308046
2009,1,0.288,3000,0,0.85,"Missing",0.962821972951168,3.25415061154126
2009,0,0.204,5000,0,0.97,"D",0.00575077128394732,-5.15265392619057
2009,0,0.264,20000,1,0.89,"C",4.61980414973109e-06,-12.2851536257875
2009,0,0.24,10000,0,0.64,"D",0.108973807274806,-2.10126627091542
2009,0,0.216,3100,0,0.86,"D",0.0355576238930463,-3.30039549696876
2009,0,0.24,25000,1,0.19,"C",0.0242999844428206,-3.69267946792539
2009,0,0.348,23500,0,0.86,"C",0.00016817260069725,-8.69035153411392
2009,0,0.156,10000,0,0.78,"B",1.41857422120992e-05,-11.1632589815002
2009,0,0.3,2000,0,0.19,"D",0.000108506487188749,-9.1285920846386
2009,0,0.132,5000,1,0,"A",6.69882598580789e-05,-9.61092618942233
2009,1,0.348,5000,0,0.83,"Missing",0.974304586866934,3.63541147361954
2009,0,0.144,4800,0,0.66,"B",0.000435310093790282,-7.73901651668235
2009,0,0.24,12200,0,0.35,"C",0.355982623952205,-0.59284378664323
2009,0,0.252,4900,0,0,"D",0.000617265344005772,-7.38959411546069
2009,0,0.132,4000,0,0.11,"AA",0.0061310347630782,-5.08824183343467
2009,0,0.348,5300,0,0.96,"Missing",0.367515451422991,-0.542890428718572
2009,0,0.132,10000,0,0.43,"AA",0.00394267767579922,-5.53194470283844
2009,0,0.132,7500,0,0,"AA",0.0127242994041293,-4.35143582806734
2009,0,0.096,3500,0,0,"AA",0.0464327781869582,-3.02220428634801
2009,1,0.204,1000,0,0.89,"Missing",0.99976475717714,8.35465701803388
2009,0,0.348,1500,0,0.51,"Missing",0.16652573885354,-1.61045293608388
2009,1,0.336,5000,0,0.95,"C",0.697906669435762,0.837349371177336
2009,0,0.3,9000,0,0.78,"D",0.000277421576306422,-8.18969481255892
2009,1,0.348,6000,0,0.94,"Missing",0.955154745970178,3.05865560084662
2009,0,0.084,2550,0,0.44,"AA",0.000541489357822722,-7.52064550884386
2009,0,0.228,12200,1,0,"C",1.42908645237243e-06,-13.4584737332479
2009,0,0.24,25000,1,0.87,"C",0.393510107111669,-0.432581310902194
2009,0,0.12,4500,0,0.04,"AA",0.0175098456121992,-4.02732699357667
2009,0,0.264,6001,0,0.98,"C",0.0088340315148362,-4.72027051545852
2009,0,0.324,12000,1,0,"D",2.22626869552616e-05,-10.7125762486832
2009,0,0.156,9000,0,0.26,"AA",0.0131166904340106,-4.3206663068646
2009,0,0.24,20000,1,1,"C",0.185658674310487,-1.47846969361082
2009,0,0.348,5000,0,0.77,"Missing",0.00039577339226442,-7.83427290052789
2009,1,0.312,2200,0,0.97,"Missing",0.998162788157224,6.29766725784665
2009,0,0.348,3001,0,0,"Missing",0.528377163259148,0.113630761598893
2009,1,0.324,2550,0,0.98,"Missing",0.797485418542722,1.37065165938224
2009,1,0.348,2875,1,1,"Missing",0.998260119476624,6.35219743696646
2009,0,0.288,1500,0,0.96,"Missing",0.97426364634674,3.63377741972779
2009,1,0.24,12000,0,0.66,"C",0.308259052497583,-0.808271023207776
2009,1,0.312,2200,0,0.97,"Missing",0.670029707808458,0.70831942466849
2009,0,0.216,4500,1,0.71,"C",0.00172091531331528,-6.36317657300975
2009,0,0.18,9000,0,0.3,"B",0.120406310572177,-1.98858813939769
2009,0,0.288,3000,0,1,"Missing",0.451828847363179,-0.193284108667827
2009,0,0.156,9000,0,0.86,"B",0.00108032347600852,-6.82941386042288
2009,1,0.348,2550,0,0,"Missing",0.999439855018523,7.48675461032656
2009,0,0.132,5000,0,0.18,"A",2.31154844833885e-05,-10.6749847252954
2009,0,0.348,3500,0,0.88,"Missing",0.223426415741758,-1.24580927832592
2009,0,0.348,8000,0,0.8,"D",0.56836579167531,0.275186721302696
2009,0,0.108,2000,0,0.02,"AA",7.16728800088176e-06,-11.8459760501457
2009,0,0.348,17000,1,0,"D",0.00150190330707258,-6.49951907153481
2009,0,0.204,2550,0,0.25,"C",0.0790600000736141,-2.45518782867378
2009,0,0.204,7500,0,0.62,"D",0.0219939475893316,-3.79474855264173
2009,0,0.216,2800,0,0.38,"C",0.000200481148346821,-8.51458983759861
2009,0,0.228,15000,1,0.41,"A",0.112058698636206,-2.06988280976811
2009,0,0.348,2000,0,1.26,"Missing",0.59365252391447,0.379085525625838
2009,0,0.264,6001,0,0.25,"Missing",0.0579597471596262,-2.78829924979878
2009,0,0.18,2500,0,0.7,"D",5.11216378424274e-05,-9.88125158629252
2009,1,0.204,17000,1,0.59,"B",0.907641977991443,2.28517743532726
2009,1,0.312,2200,0,0.98,"Missing",0.668901366240185,0.703220296462645
2009,0,0.3,9000,0,0.78,"D",0.000455091340095142,-7.69455721677296
2009,0,0.18,4500,0,0.96,"A",0.00428798854280606,-5.44764031880609
2009,0,0.336,25000,0,0.73,"C",0.0692620112339312,-2.59808123032286
2009,1,0.276,1600,1,1.46,"Missing",0.340672674664239,-0.660297993301405
2009,0,0.144,6000,0,0.33,"AA",0.00103818021189744,-6.86924717526871
2009,0,0.216,10000,0,0.15,"B",0.00796477002388531,-4.8247305511331
2009,0,0.348,5000,0,0,"Missing",0.935714709436216,2.67797978994917
2009,1,0.276,6001,1,0.85,"Missing",0.729139818044706,0.990262753922703
2009,0,0.276,8500,1,1.13,"Missing",0.152141380598795,-1.71790367543126
2009,1,0.228,1100,1,1,"Missing",0.998214560412304,6.32630359106804
2009,0,0.216,5000,0,0.12,"C",0.000237587240501845,-8.34473805804051
2009,0,0.288,4000,0,1,"Missing",0.187686202895142,-1.4651152804077
2009,1,0.288,1800,0,1.18,"Missing",0.651636500609252,0.62624041895182
2009,0,0.18,9999,0,0.57,"B",0.00242628123778743,-6.01896631921083
2009,1,0.348,4531,0,0,"Missing",0.885717422323796,2.04772383040215
2009,0,0.276,3100,0,0.78,"Missing",2.3716989444855e-05,-10.6492951951565
2009,1,0.348,3500,0,0.94,"Missing",0.885700009741232,2.04755181823824
2009,0,0.204,1200,0,0.94,"D",4.52352524699963e-05,-10.0035886169289
2009,0,0.276,7500,1,0.81,"Missing",0.344149482768803,-0.644856786983837
2009,0,0.228,12200,1,0,"C",0.00064468773492405,-7.34609959466346
2009,0,0.108,4000,0,0.32,"A",2.18408404702121e-05,-10.7317070836807
2009,0,0.348,7500,1,0.09,"D",0.0130601868450666,-4.32504062758194
2009,0,0.276,6001,1,0.92,"D",0.0106389294360677,-4.5325394895701
2009,0,0.132,8000,0,0,"A",0.0581162190090308,-2.78543711053808
2009,0,0.12,8000,0,0.21,"A",0.000689052333036469,-7.27950404493616
2009,0,0.288,25000,0,0.89,"B",0.0306580212005877,-3.45372313766442
2009,0,0.204,6500,0,0.81,"C",0.0492187028341966,-2.96101037449321
2009,0,0.252,9000,0,0,"D",0.000590315323914372,-7.43426322688951
2009,1,0.24,2000,1,0.87,"Missing",0.996536844307824,5.66210588951837
2009,1,0.264,15000,0,0.94,"C",0.277333095041814,-0.957729110702058
2009,0,0.312,7000,0,0.58,"D",0.0238093705306019,-3.71357866145717
2009,1,0.348,11000,0,0.98,"D",0.146058873573065,-1.76585246872345
2009,0,0.276,5000,0,0.39,"D",0.127538107718634,-1.92290377264513
2009,1,0.348,1000,1,1,"Missing",0.313000505861859,-0.786128749176575
2009,1,0.312,5000,0,0,"Missing",0.575579406574656,0.304652267868281
2009,1,0.276,8100,0,0.93,"C",0.323409610607386,-0.738146387876082
2009,0,0.204,10000,0,0.79,"A",0.000147966213255035,-8.81837862191801
2009,0,0.252,4000,1,0.91,"D",0.0370248279909228,-3.25843891515561
2009,0,0.228,4000,0,0.85,"C",0.000168686477498234,-8.68730002801249
2009,0,0.336,3500,0,0,"Missing",0.00977011925049304,-4.61860844718852
2009,0,0.168,9900,0,0.02,"AA",0.273079403990447,-0.979054640121421
2009,0,0.204,10000,1,0.6,"A",4.60935864605886e-05,-9.98479064532124
2009,0,0.18,8000,0,0.54,"B",0.0739342710867224,-2.52776874373729
2009,0,0.3,4000,0,0.45,"D",5.51946077231831e-05,-9.80459009949605
2009,0,0.348,4500,0,0.45,"Missing",0.278623575920408,-0.951299406552201
2009,1,0.312,25000,0,0.69,"B",0.842595573239797,1.67766863598143
2009,0,0.144,5250,1,0.39,"B",0.00109647141033753,-6.81456099103495
2009,1,0.204,1000,0,0.89,"Missing",0.674418640171593,0.728238662137908
2009,0,0.348,5900,0,0.88,"Missing",0.000359843629996321,-7.92948107360832
2009,0,0.18,1500,1,0.2,"C",0.0968428083459645,-2.23280748389914
2009,0,0.12,3500,1,0.21,"AA",0.242000518695405,-1.14174283182358
2009,0,0.192,25000,0,0.78,"B",0.000287653401806289,-8.15346657374341
2009,0,0.192,8000,0,0.9,"B",0.029609440843758,-3.48960537086443
2009,0,0.288,7000,0,1.14,"D",7.3774778888281e-05,-9.51441985674841
2009,0,0.18,2500,0,0.24,"C",1.31202862138929e-05,-11.2413378392307
2009,0,0.288,3200,1,0.73,"Missing",0.418144236909208,-0.330396149895833
2009,0,0.3,3000,0,0,"Missing",0.311164662913271,-0.794680019381391
2009,0,0.168,9999,0,0.54,"A",0.123779371493667,-1.95711719956052
2009,0,0.348,10500,0,0.99,"Missing",0.00098940303219243,-6.91741890168288
2009,0,0.264,2500,1,0.74,"D",0.0113165324925595,-4.47010951837967
2009,0,0.252,7000,0,0.52,"C",0.00987346225524204,-4.60798217319141
2009,1,0.192,2000,1,0,"C",0.832018081865574,1.59999783013806
2009,0,0.204,10000,0,0.28,"B",0.000131731000299013,-8.93461685151869
2009,0,0.336,23500,0,0.89,"D",0.0309423717911038,-3.44419758199102
2009,1,0.348,2000,1,0,"Missing",0.9951158441279,5.31686268605717
2009,0,0.312,5000,0,0.64,"D",0.000929080569842282,-6.98038558298396
2009,0,0.168,5000,0,0.68,"B",5.88459768657136e-07,-14.3457566866427
2009,1,0.216,12000,0,0.57,"A",0.275061527586981,-0.969091976294986
2009,0,0.168,9500,0,0.77,"A",0.00352002444044776,-5.64576111178387
2009,0,0.132,10000,1,0.23,"AA",0.0129822741357155,-4.33110309961843
2009,0,0.348,7500,0,0.86,"Missing",0.252002779541739,-1.08795914462455
2009,0,0.348,2550,1,0.75,"D",0.0372160780654181,-3.25308813252631
2009,0,0.096,3000,0,0,"AA",0.0153767884960604,-4.15939990972389
2009,1,0.216,15000,1,0.02,"C",0.665393732050747,0.687424422677562
2009,0,0.108,5400,0,0.18,"AA",7.70629744583144e-06,-11.7734650069267
2009,0,0.168,9700,0,0.23,"AA",6.28665577069959e-05,-9.67443334108734
2009,1,0.24,6000,0,1,"C",0.759371981977932,1.1492395047782
2009,1,0.336,3001,0,0.75,"Missing",0.971453670866035,3.52726522833977
2009,1,0.348,2700,0,0,"Missing",0.995224920689877,5.33955817931284
2009,0,0.168,9250,0,0.92,"B",0.00179431613616209,-6.32133538442413
2009,0,0.252,5000,0,0.73,"D",0.295907983843,-0.866860511785259
2009,1,0.288,4100,1,0.91,"Missing",0.217166453107619,-1.28225596509308
2009,0,0.324,2000,0,0,"Missing",0.0087679412332599,-4.72784664540831
2009,0,0.24,8500,0,0.64,"C",5.43528021114018e-05,-9.81996003465926
2009,0,0.096,3500,0,0.46,"AA",8.72252662714468e-07,-13.9521858319347
2009,1,0.348,2000,0,0.77,"Missing",0.74900740472644,1.093325431824
2009,0,0.228,6000,0,0.49,"C",0.000414933210990733,-7.78697796873752
2009,1,0.324,3200,0,0.98,"Missing",0.994393407327825,5.17818974217657
2009,0,0.348,3000,0,0.79,"Missing",0.00612524437696982,-5.08919254442295
2009,0,0.192,8200,0,0.87,"C",0.0126903482457526,-4.35414199659445
2009,0,0.348,5000,0,0.73,"Missing",0.675210091665084,0.731845351949094
2009,0,0.132,7500,0,0,"AA",0.00188650253776618,-6.27114238911143
2009,0,0.144,25000,1,0,"AA",1.15212911274291e-05,-11.3713023105854
2009,1,0.348,5000,1,0,"Missing",0.999987856816758,11.3187304524447
2009,0,0.084,1000,0,0.02,"AA",1.8939248473258e-09,-20.0846145204181
2009,0,0.348,2550,1,0.93,"Missing",0.849704105533817,1.73228219695134
2009,0,0.216,10000,0,0.66,"B",0.013757747472008,-4.27229989870182
2009,0,0.348,5500,1,0.72,"C",0.00244908913794516,-6.00958701092119
2009,1,0.3,3500,0,0.97,"Missing",0.989094324658496,4.5075063735807
2009,0,0.132,7500,0,0,"AA",0.052967337568174,-2.88365813173592
2009,0,0.192,7000,0,0.98,"C",9.97168062951955e-05,-9.21307660476631
2009,1,0.276,3000,0,0.86,"Missing",0.976248358650346,3.71606538232062
2009,1,0.24,1750,0,0.96,"Missing",0.86839818718287,1.88686955646246
2009,0,0.288,1000,0,0.97,"Missing",0.362135020621952,-0.566109502451268
2009,1,0.348,3500,0,0.83,"Missing",0.962816935164607,3.25400988398538
2009,1,0.312,2000,1,0,"Missing",0.882185431437572,2.01329033805689
2009,1,0.288,4000,0,1,"Missing",0.999910472781623,9.32087833174229
2009,0,0.144,6000,0,0.33,"AA",1.23902237462662e-05,-11.2985904135686
2009,0,0.24,6500,0,0.74,"D",2.41844480955386e-07,-15.2349707162075
2009,1,0.348,5000,1,0,"Missing",0.0779341358005218,-2.47075260007174
2009,1,0.336,3500,0,0.93,"D",0.82216087090079,1.53105671005909
2009,0,0.192,5000,0,0.94,"C",4.72559900845599e-05,-9.95988388067662
2009,0,0.3,15000,0,0.79,"D",0.00012648906076731,-8.97522823262254
2009,1,0.276,5000,0,0.97,"Missing",0.679174514289797,0.749980794092042
2009,0,0.204,12000,0,0.91,"D",0.00919669546861353,-4.67967180148773
2009,0,0.348,3000,0,0.98,"Missing",0.243302795690225,-1.13465643867618
2009,0,0.204,5000,0,0.89,"D",9.39488468184767e-06,-11.5753358046629
2009,0,0.288,1000,1,0.18,"C",0.00784787568174652,-4.83963356527352
2009,0,0.12,4000,0,0.51,"AA",0.000406967813534472,-7.80636940722632
2009,1,0.348,7600,0,0.94,"Missing",0.999109633834514,7.02298699517744
2009,0,0.18,5000,1,0.6,"D",0.000840907519724017,-7.08018760741344
2009,0,0.276,6001,1,0.85,"Missing",0.0115130843558345,-4.45269124727467
2009,0,0.156,15000,0,0.45,"A",0.00199894714313271,-6.21313371776351
2009,0,0.348,12500,0,0.96,"D",0.0625734320113786,-2.70679764804276
2009,0,0.204,6550,0,0.77,"C",0.028135823959307,-3.54217241973816
2009,0,0.084,1000,1,0.34,"AA",4.60580432599553e-05,-9.98556208778539
2009,0,0.264,10001,1,0.81,"D",0.0333321499014737,-3.36733255781161
2009,0,0.132,18800,0,0.63,"AA",0.0290900817958272,-3.50783640747582
2009,0,0.204,4000,1,0.31,"D",0.000160519477706913,-8.7369347339656
2009,0,0.168,25000,0,0.23,"B",1.25281851509226e-06,-13.5901134800309
2009,0,0.348,10000,0,0.78,"D",0.00185604902167998,-6.28744745880889
2009,0,0.096,2000,0,0.06,"AA",0.0880244984726983,-2.33799795988349
2009,0,0.348,9200,1,0.98,"Missing",0.0042817528589087,-5.44910186094233
2009,0,0.144,25000,1,0,"AA",0.00130551082413176,-6.63985451493652
2009,1,0.348,3500,0,0.99,"Missing",0.608304514951709,0.440190889494181
2009,1,0.24,5000,0,0.72,"Missing",0.926577081407879,2.53526110932114
2009,1,0.348,3001,1,0,"Missing",0.999357679484184,7.34978060614427
2009,0,0.204,1500,0,0.61,"D",0.0007218426298802,-7.23298130370022
2009,0,0.204,6300,0,0.41,"C",0.353005462384249,-0.605854320841267
2009,0,0.156,25000,0,0.05,"AA",0.000165347821442554,-8.70729393256095
2009,0,0.348,5000,0,1,"Missing",0.905622674907414,2.26132190167329
2009,1,0.348,5000,1,0.65,"D",0.610322072448066,0.448666234299733
2009,1,0.348,25000,0,0.58,"D",0.166990154519735,-1.60711060569384
2009,0,0.168,3000,0,0.95,"C",3.51073790001921e-05,-10.2570641136663
2009,0,0.348,5500,1,0.72,"C",8.77801628947413e-05,-9.34058723397421
2009,0,0.24,9000,0,0.72,"D",7.17204123388178e-06,-11.8453130808846
2009,1,0.12,6500,0,0.67,"A",0.826893883560618,1.56377157559582
2009,0,0.216,15000,0,0.51,"B",6.36153269213897e-09,-18.8729964929361
2009,1,0.348,2200,0,1.06,"Missing",0.998970754128276,6.87789913236859
2009,0,0.348,7000,0,0.12,"D",1.31595838179299e-06,-13.5409440343793
2009,0,0.24,2700,1,0.8,"D",0.000454843743574858,-7.69510167149395
2009,0,0.12,1000,0,0.2,"A",6.28001425748884e-05,-9.67549041207734
2009,0,0.24,24900,0,0.87,"C",0.00181829312959362,-6.30803711059281
2009,0,0.204,18000,0,0.22,"B",0.000118966279437295,-9.03655149772517
2009,0,0.204,3000,0,0.53,"C",0.0575590754866891,-2.79566141763836
2009,0,0.12,4500,0,0.4,"A",7.28369379781636e-05,-9.52721450203966
2009,0,0.24,8000,0,0.79,"C",0.00062620920189453,-7.37519964900997
2009,0,0.348,2500,1,0.89,"Missing",0.355180432017454,-0.596344618539866
2009,0,0.24,1000,0,0.98,"Missing",0.00849644926250833,-4.7595741867323
2009,0,0.348,9000,1,0.95,"D",4.94868251964419e-06,-12.2163842257628
2009,1,0.204,1275,0,0.91,"A",0.641684071315599,0.582681002213389
2009,0,0.192,15000,0,0.59,"A",0.000710015674378661,-7.24951324372805
2009,0,0.12,5200,0,0,"A",2.79626220795702e-07,-15.0898117716876
2009,0,0.3,3000,0,0.71,"D",4.27720740206262e-06,-12.3622059602628
2009,0,0.204,2500,0,0.59,"C",7.33449403916101e-07,-14.1255064872757
2009,0,0.204,4500,0,0.89,"D",0.191326178313015,-1.44141593734399
2009,1,0.348,2550,0,0.94,"Missing",0.887907526084271,2.06954340968974
2009,0,0.312,5000,0,0.64,"D",0.000996336051862687,-6.91042912309363
2009,0,0.288,3000,0,0,"Missing",0.0801979438923402,-2.4396606131977
2009,0,0.192,2000,0,0.89,"C",0.00350794863601945,-5.64920973062002
2009,0,0.18,4000,0,0,"C",0.000112606375532532,-9.09149961007504
2009,0,0.144,13000,0,0.36,"AA",5.4475666712319e-06,-12.1203360837533
2009,0,0.336,3200,0,0.93,"D",0.00192460849003541,-6.25110625079835
2009,0,0.132,2500,1,0,"B",0.00214561876030123,-6.14217937796155
2009,1,0.12,2000,0,0.29,"A",0.0859600160217414,-2.3639920584839
2009,1,0.348,5224,0,0.67,"Missing",0.997984170866061,6.20470682370351
2009,0,0.216,3001,0,1,"Missing",0.0184766171127206,-3.97259984427141
2009,0,0.312,3600,0,0.53,"Missing",0.652178922655463,0.628630743536088
2009,0,0.168,8000,0,0.44,"A",0.0673288396569016,-2.62846401590328
2009,0,0.144,3000,0,0.98,"B",0.459495165064808,-0.162375162765689
2009,0,0.24,25000,0,0.08,"B",0.00112099521389852,-6.79241678039509
2009,1,0.348,5000,1,0.7,"C",0.933746340284279,2.64571411273247
2009,0,0.168,10000,0,0.44,"A",3.80481721919438e-05,-10.1766194629198
2009,0,0.24,2500,0,1,"C",0.000360401715191151,-7.92793080643398
2009,0,0.24,6500,0,0.74,"D",0.00316883357001175,-5.75121785283829
2009,0,0.216,19200,0,0,"AA",6.58280422532973e-08,-16.5362198495112
2009,1,0.348,5500,0,0.99,"Missing",0.897850739580612,2.17356875911721
2009,0,0.18,7000,0,0.95,"C",5.36374813640633e-05,-9.83320881616909
2009,0,0.192,17000,0,0,"A",1.1057991434498e-05,-11.412346126594
2009,0,0.18,15000,0,0.05,"AA",0.00564886897673819,-5.17063505079356
2009,1,0.288,2000,1,0.93,"Missing",0.967542186636861,3.39481783193873
2009,0,0.288,9999,0,0.89,"B",1.08312543200821e-05,-11.4330638533161
2009,0,0.24,7500,0,0.36,"C",0.0469008669280796,-3.01168276046678
2009,1,0.348,25000,0,0.11,"C",0.00512640482852573,-5.26821108871419
2009,0,0.18,4500,1,0,"C",0.0196745418516725,-3.90855910846137
2009,1,0.276,7200,0,1.12,"Missing",0.500615841617183,0.00246336771441147
2009,0,0.108,4000,0,0.32,"A",4.07422172512198e-06,-12.410826742982
2009,0,0.3,4000,1,0.47,"C",0.00574679538654506,-5.15334953186181
2009,0,0.24,10000,0,0.03,"D",0.00043669600334483,-7.73583645807863
2009,0,0.216,14000,0,0.91,"C",0.000928886488110462,-6.98059469562466
2009,0,0.156,2000,1,0.54,"A",0.0188653917878623,-3.95138054427874
2009,1,0.192,9000,0,0.97,"C",0.303480876850814,-0.830776649122189
2009,0,0.168,16500,0,0.2,"AA",0.00603196275459391,-5.10463259440054
2009,0,0.276,3000,1,0.7,"D",2.36290813857854e-05,-10.6530087130744
2009,0,0.216,4500,1,0.71,"C",0.00129354792872467,-6.64907211822329
2009,0,0.336,2550,0,0.94,"Missing",2.61396961023599e-05,-10.5520293355685
2009,0,0.18,5000,0,0,"C",1.77007896780441e-07,-15.5470713137811
2009,0,0.18,7500,0,0.65,"B",0.000182927891533943,-8.60623557348394
2009,0,0.288,25000,0,0.42,"C",0.0100914743931557,-4.58592159259451
2009,1,0.216,4500,1,0.71,"C",0.562021930311345,0.249372031119707
2009,0,0.324,7000,0,0.71,"C",0.165286892234837,-1.61940537743987
2009,0,0.204,3800,0,0.7,"C",0.00459307641333399,-5.37860157986596
2009,0,0.288,10000,0,0.57,"D",0.0956839494676371,-2.24612834548117
2009,0,0.228,8500,0,0.79,"C",0.0740705948660282,-2.5257793722576
2009,0,0.3,9000,0,0.42,"C",1.18608656871994e-06,-13.6448500817899
2009,0,0.168,6001,0,0.54,"A",0.113888501658228,-2.05162287316043
2009,1,0.312,2500,0,0.65,"Missing",0.854206740193848,1.76798365955973
2009,1,0.228,8500,0,0.79,"C",0.959184607117786,3.15702426917513
2009,0,0.228,7500,0,0.8,"D",0.0021775418980594,-6.12737869187385
2009,0,0.18,5100,0,0.19,"C",0.0461255010817587,-3.02916614443505
2009,1,0.324,1800,1,0.1,"Missing",0.983717819527774,4.10126779990743
2009,1,0.312,9000,1,0.83,"Missing",0.988219162056307,4.42943018865725
2009,1,0.348,8000,0,0.8,"Missing",0.992280879886213,4.85630582961043
2009,1,0.18,1200,1,0,"Missing",0.90983200988318,2.31158549061414
2009,0,0.168,3500,0,0.94,"C",0.000226322445015794,-8.39332347961235
2009,0,0.348,6000,1,0.79,"Missing",0.0777322413348101,-2.47356547439423
2009,1,0.144,2000,0,0.01,"AA",0.295775960186374,-0.867494267427581
2009,0,0.204,4000,0,0.73,"B",0.625900057165816,0.514667716719265
2009,0,0.156,6000,0,0,"B",2.37496929170757e-05,-10.6479172073996
2009,1,0.348,25000,0,0.98,"Missing",0.824981998340022,1.55047273064115
2009,1,0.336,1900,0,1.2,"Missing",0.994480289773281,5.19389491511364
2009,1,0.312,6000,1,0,"Missing",0.999770794763841,8.38066349650747
2009,0,0.204,6300,0,0.41,"C",0.54503346473793,0.18062332859548
2009,0,0.24,5000,0,0,"B",9.49697460039178e-05,-9.26185720594462
2009,0,0.312,10848,0,0.68,"B",0.00309985290310831,-5.77329595182789
2009,0,0.204,9000,0,0.99,"C",0.000375498451808196,-7.8868806408137
2009,1,0.312,3600,0,0.53,"Missing",0.735751959035602,1.02400483859373
2009,0,0.276,6000,0,0,"C",0.0222396431923737,-3.78338818032476
2009,0,0.228,3725,0,0.78,"D",0.00198234668482839,-6.22148962757175
2009,0,0.144,25000,0,0.01,"AA",0.000101762507596942,-9.19276704872478
2009,0,0.204,5600,0,0.84,"C",0.0564916100029212,-2.81551312558548
2009,0,0.192,3400,0,0.49,"C",0.00831340361996381,-4.78153802006468
2009,0,0.348,10000,0,0,"Missing",0.00629973352415594,-5.06092828365268
2009,0,0.264,7000,0,0.07,"AA",0.000801371655464716,-7.12838403623609
2009,1,0.252,10001,0,0.69,"D",0.155227880633569,-1.69417267489076
2009,0,0.216,15000,0,0.58,"C",0.00920667298483748,-4.67857741707297
2009,0,0.24,2000,1,0.78,"D",0.114320451703562,-2.04734971670884
2009,0,0.108,4000,0,0.32,"A",0.000998703752418936,-6.90805316462951
2009,0,0.18,2500,1,0.28,"B",0.0190373706602801,-3.94213044013121
2009,0,0.18,5000,0,0.67,"C",0.0349614603455563,-3.31792171619427
2009,1,0.348,6000,0,0.84,"Missing",0.999609878674672,7.8486625791927
2009,0,0.168,5000,1,0.39,"B",0.432461624596044,-0.271814775748934
2009,0,0.108,5000,0,0.02,"AA",0.000205714071878109,-8.48881761869758
2009,0,0.228,15000,0,0.37,"C",0.000599859195544243,-7.41821556519828
2009,0,0.24,5000,0,0,"A",0.0619201352354485,-2.71798967573983
2009,0,0.348,3000,1,0.92,"Missing",0.123416260512916,-1.96046936472901
2009,0,0.228,7000,0,1,"C",0.00106979640101575,-6.83921655899665
2009,0,0.228,25000,0,0.89,"B",2.24237582698853e-05,-10.7053671001232
2009,0,0.24,3500,0,1,"D",0.000118532591359416,-9.04020406301779
2009,0,0.3,5000,1,0.92,"Missing",0.0644348370038149,-2.67549636496797
2009,1,0.348,2000,0,0.77,"Missing",0.0348392086722366,-3.32155127206654
2009,0,0.24,7400,1,0.27,"D",0.0765743124715061,-2.48982865392498
2009,1,0.348,7000,1,0.91,"D",0.831677234049891,1.59756106360648
2009,0,0.156,1000,1,0.7,"C",0.531317206068285,0.125433023717713
2009,1,0.348,7500,0,0.86,"Missing",0.999998723281113,13.5712158638895
2009,0,0.216,1500,0,0.1,"C",0.0965861820777719,-2.23574503025386
2009,0,0.192,15000,0,0.59,"A",9.86934832989139e-06,-11.5260668626419
2009,0,0.24,7500,1,0.62,"C",0.00019744883101222,-8.52983362234685
2009,0,0.264,12500,0,0.96,"C",5.27202642891907e-05,-9.85045793305587
2009,0,0.132,6001,0,0.28,"A",0.011892422964058,-4.41989010384792
2009,0,0.216,9800,0,0.57,"C",1.51704292678354e-06,-13.3987460437996
2009,0,0.228,5000,0,0.28,"B",5.00181032528041e-05,-9.90307553365558
2009,0,0.276,6001,0,0.61,"D",1.7253930130737e-07,-15.5726406202199
2009,1,0.288,25000,0,0.42,"C",0.830639363671741,1.59016533785315
2009,0,0.132,25000,1,0.09,"AA",0.00785739513051437,-4.83841170868015
2009,1,0.288,8000,1,0.93,"Missing",0.939665806290748,2.74562528395698
2009,1,0.132,1550,0,0.95,"D",0.526120784391519,0.104578344666259
2009,1,0.288,3000,0,0.97,"Missing",0.622731096642936,0.501156594338608
2009,0,0.312,4500,0,0.96,"Missing",0.0379123130570166,-3.23382965508383
2009,0,0.348,10000,0,1.13,"Missing",0.107646017014506,-2.11501467204598
2009,0,0.288,7500,1,0.94,"C",0.193683887687026,-1.42624847935435
2009,0,0.132,14000,0,0.29,"AA",0.0113762326308219,-4.46478751991015
2009,0,0.18,2500,0,0.24,"C",0.00464694178252471,-5.3668881845452
2009,0,0.348,3000,1,0.98,"Missing",0.797469490747879,1.3705530396402
2009,0,0.24,5000,1,0.43,"D",0.714675228374191,0.918200132412894
2009,0,0.204,3500,0,0.98,"Missing",0.399367767793595,-0.408100104629755
2009,1,0.348,5000,1,0,"Missing",0.435985388139124,-0.257471429372137
2009,1,0.228,24000,1,0.18,"B",0.205007477834425,-1.35528625281483
2009,0,0.24,5000,0,0.96,"C",0.0288611310764895,-3.51597373004724
2009,0,0.168,7750,0,0.59,"C",0.0367455883225394,-3.26629939068035
2009,1,0.204,3500,0,0.76,"Missing",0.513295749717783,0.0531955395639946
2009,1,0.348,3001,0,0,"Missing",0.997046444030652,5.82178749489614
2009,0,0.252,4000,1,0.91,"D",8.20900512733411e-06,-11.7102706109604
2009,1,0.132,2593,0,1.01,"Missing",0.967441515902039,3.3916169915342
2009,0,0.24,2550,0,0,"AA",0.000218908169984942,-8.42663929908833
2009,0,0.264,6500,1,0,"B",3.76891589643281e-07,-14.7913078745881
2009,0,0.252,3000,0,0.04,"C",0.0523754166105334,-2.89552108215149
2009,1,0.348,3000,0,0.91,"Missing",0.933232513860222,2.63743815318198
2009,0,0.24,7500,1,0.62,"C",0.121330634296598,-1.97988934477797
2009,0,0.18,1250,0,0.74,"C",1.4299137790908e-05,-11.1552970176183
2009,1,0.348,4669,1,0,"Missing",0.998882939549246,6.79593695668274
2009,0,0.24,2500,0,0.8,"Missing",0.000638943815316981,-7.35505488537706
2009,0,0.264,6001,0,0.69,"D",0.158395317943109,-1.670216484745
2009,1,0.312,2864,0,0.71,"Missing",0.976234779538163,3.7154799235228
2009,0,0.348,20000,1,0.9,"C",4.65213353793128e-05,-9.97555300282004
2009,0,0.204,17000,0,0.7,"A",0.000866652548526833,-7.05000538460788
2009,0,0.348,2000,0,0.28,"Missing",0.35266616424953,-0.60734023719058
2009,1,0.348,5000,1,0.97,"Missing",0.991907253087657,4.80866139043342
2009,1,0.348,5000,0,0.82,"Missing",0.775543535172382,1.23988235145108
2009,0,0.216,20000,0,0.67,"B",0.0084823204180803,-4.76125273236716
2009,0,0.12,7500,0,0.23,"AA",3.60403521661209e-05,-10.2308353127353
2009,0,0.168,8000,0,0.74,"B",0.0555094424077968,-2.83409254988097
2009,0,0.132,4000,0,0.11,"AA",0.000837143238400844,-7.08467787518252
2009,0,0.18,2500,0,0.24,"C",0.0260781937899183,-3.62023154118279
2009,0,0.336,5000,0,0.81,"D",0.00490062777858032,-5.3134792887633
2009,0,0.24,2000,0,0,"D",0.00376145489555596,-5.57918090915807
2009,0,0.18,3000,1,0.99,"C",0.00471934712166358,-5.35135429223186
2009,0,0.348,1000,0,0.45,"Missing",0.190220718005637,-1.44857664751543
2009,0,0.204,7000,0,0.51,"B",0.000128429457843114,-8.96000233286195
2009,1,0.132,1200,0,0.87,"Missing",0.970745627345261,3.50203540921824
2009,0,0.168,9000,0,0.14,"B",0.00131742480611798,-6.63075805895961
2009,0,0.168,22000,0,0.77,"B",0.0375699578421013,-3.24325664257882
2009,0,0.204,15000,0,0.96,"B",0.0211512365569042,-3.83467878011588
2009,1,0.348,4000,1,0.16,"Missing",0.99511323799813,5.31632662086595
2009,1,0.276,6001,0,1.2,"Missing",0.973815320929767,3.61604720535115
2009,0,0.204,1600,0,0.98,"C",0.00349894358063324,-5.65178911095261
2009,0,0.144,25000,0,0.07,"AA",0.0769050797785854,-2.48516013675644
2009,0,0.132,13000,0,0.82,"A",0.0962348087463092,-2.23977845296036
2009,0,0.168,5000,0,0,"B",1.85853062427361e-07,-15.4983092765339
2009,0,0.132,8000,0,0.06,"A",0.000570265945691408,-7.46883730594867
2009,1,0.348,5000,0,0.89,"Missing",0.991360868739602,4.74277658490338
2009,0,0.3,9000,0,0.97,"D",0.000402579431769648,-7.81721547407565
2009,0,0.168,5000,0,0.34,"B",0.0042996804982345,-5.44490561107277
2009,0,0.24,3000,0,0.89,"D",0.000614448159825612,-7.39417135705947
2009,0,0.192,20000,0,0.15,"AA",0.125188324810267,-1.94418943283451
2009,1,0.348,1500,0,0,"Missing",0.997313396824829,5.91678742491089
2009,0,0.216,10000,0,0.66,"B",0.00284881928463777,-5.85799777174019
2009,0,0.204,2800,0,0,"C",0.0040690264042008,-5.50027419345282
2009,0,0.348,22000,0,0,"D",0.329971257679428,-0.708315057724653
2009,0,0.168,22000,0,0.77,"B",0.00201338685008287,-6.20592155845173
2009,0,0.156,2600,1,0.1,"C",0.0031295879365946,-5.76371943740858
2009,1,0.216,13000,0,0.95,"B",0.403189069083141,-0.392194758620486
2009,1,0.324,2000,1,0,"Missing",0.958036944303624,3.12809673631014
2009,1,0.348,3001,0,0,"Missing",0.977186280117566,3.75731519507924
2009,0,0.144,15000,0,0.09,"AA",0.0132503412764705,-4.3103930598685
2009,0,0.24,3500,0,0.51,"D",0.000369954719350365,-7.90175991677973
2009,0,0.204,2400,0,0.86,"D",2.03119927486977e-07,-15.4094690534261
2009,1,0.156,12500,0,0,"AA",0.329449001889966,-0.710678191920406
2009,0,0.276,9500,0,0.53,"D",1.23078929288601e-05,-11.3052574918863
2009,0,0.348,3000,0,0,"Missing",0.0998436475258713,-2.1989630355407
2009,0,0.18,15000,1,0.72,"C",0.116909596569527,-2.02202662026961
2009,1,0.276,4400,1,0,"Missing",0.493165076728072,-0.0273413962198914
2009,0,0.18,20000,0,0.75,"B",0.107372278515858,-2.11786757433954
2009,0,0.18,14000,0,0.69,"B",9.73537968681495e-06,-11.5397341822327
2009,0,0.192,20000,1,0.32,"A",0.0212395972671461,-3.83041964070211
2009,1,0.144,25000,0,0.07,"AA",0.937478218830301,2.70767852958103
2009,0,0.24,4000,0,0.48,"D",1.82269690724571e-05,-10.912590016386
2009,0,0.168,15000,0,0.59,"AA",3.50468582484789e-05,-10.2587895373062
2009,0,0.216,2750,1,0,"D",3.25086036537305e-05,-10.3339732667236
2009,0,0.24,1990,1,1,"D",0.0598290821064197,-2.754569820692
2009,0,0.144,9000,0,0.12,"A",0.00286389629670255,-5.85270423469685
2009,1,0.348,2550,0,0.98,"Missing",0.80269282053884,1.40321030003979
2009,0,0.132,6000,0,0,"A",6.76717721694491e-08,-16.5085966309672
2009,0,0.228,6500,0,0.7,"C",0.153508593548566,-1.7073435001728
2009,0,0.228,6200,0,0,"C",0.0521534697611301,-2.90000188773274
2009,0,0.264,12800,0,0,"A",0.00425688884376724,-5.4549507286871
2009,0,0.264,15000,0,0.95,"C",0.00698590799990169,-4.95684987819563
2009,0,0.12,6000,0,0,"AA",8.31445888250691e-06,-11.6975062102127
2009,0,0.204,6500,1,0,"D",0.00135794400425213,-6.60042461783226
2009,0,0.348,7400,0,0,"Missing",0.0147799663835976,-4.1995923595423
2009,0,0.252,25000,1,0.01,"B",0.0312829548619439,-3.43289918605544
2009,0,0.288,3500,0,0.83,"Missing",0.0115250004568835,-4.45164472245839
2009,0,0.12,5000,0,0.11,"AA",0.00349595614131787,-5.65264628538154
2009,0,0.24,15000,1,0.8,"B",3.62698053060614e-06,-12.5271064385965
2009,0,0.084,1000,0,0.12,"C",2.54230148187491e-05,-10.5798302756319
2009,0,0.276,1500,0,0.84,"Missing",0.00155350026535539,-6.46568995012179
2009,0,0.24,18000,1,0.75,"B",3.28365050717162e-05,-10.3239368649067
2009,0,0.216,19200,0,0,"AA",0.0277831450230478,-3.55514933871406
2009,0,0.24,20000,1,0.2,"C",0.012861153061341,-4.3405993278489
2009,0,0.132,2400,0,0.25,"B",0.0835948962756021,-2.39447605099117
2009,1,0.348,1750,1,0.98,"Missing",0.999706914674097,8.13475364837298
2009,1,0.18,1500,1,0.85,"D",0.838993216823683,1.65075612597294
2009,0,0.348,1500,1,0.94,"Missing",0.270969448916353,-0.98970955943988
2009,0,0.348,18000,0,0.93,"D",3.17592887812447e-05,-10.3572935555806
2009,1,0.108,1000,0,0,"A",0.982102613197357,4.0050410834762
2009,1,0.348,7000,1,0.64,"Missing",0.98944345457665,4.54039653114268
2009,0,0.348,2500,1,0.89,"Missing",0.617528010401117,0.479069007668507
2009,0,0.24,7000,0,0.59,"C",4.98220936817193e-06,-12.2096321348614
2009,0,0.204,2400,0,0.86,"D",0.00108247754897576,-6.82741977442797
2009,1,0.348,2500,0,0,"Missing",0.896198687834185,2.15568352626597
2009,0,0.228,25000,0,0.89,"B",0.0033649360116006,-5.69097572179424
2009,0,0.276,5000,0,0.78,"D",0.000274660303617208,-8.1997007854038
2009,0,0.204,10000,1,0.95,"D",0.00212274494399724,-6.15292024174445
2009,0,0.3,8000,1,0.48,"D",1.41898726404775e-05,-11.1629678521604
2009,0,0.168,7750,0,0.59,"C",0.000256236382881517,-8.26915389968117
2009,0,0.3,4500,0,0.87,"D",0.00031040805780674,-8.07731235431886
2009,0,0.276,1525,0,0.56,"D",0.00342054927644725,-5.67452772092549
2010,1,0.3335,1500,0,0,"Missing",0.978731004192186,3.82900642245462
2010,1,0.3335,5300,0,0.96,"Missing",0.860549039283716,1.81985759994325
2010,1,0.3335,7100,1,1.12,"Missing",0.789292951066402,1.32066877097562
2010,0,0.3335,4000,0,0,"Missing",0.585518411429309,0.345469073012707
2010,1,0.3335,1800,0,0.73,"Missing",0.988902550121944,4.48988045181046
2010,0,0.1725,19300,0,0.39,"A",0.00641328925880687,-5.04294905201345
2010,0,0.253,17500,0,0,"AA",0.000217507727976973,-8.43305864575192
2010,0,0.092,3001,0,0.32,"AA",0.00261954350384006,-5.94213223105389
2010,0,0.1725,3500,0,0.32,"A",8.48302025797184e-06,-11.6774355260183
2010,0,0.138,4000,0,0.43,"B",0.000482131002509387,-7.63681244413814
2010,0,0.1725,2600,0,0.68,"C",7.54114584430595e-05,-9.49247591145357
2010,0,0.1265,25000,0,0.29,"AA",0.00039450769929075,-7.83747731575102
2010,0,0.276,7500,0,0,"C",0.000155259822503855,-8.7702552983296
2010,1,0.3335,1000,0,0,"Missing",0.798762962798321,1.37858073161161
2010,0,0.23,5500,1,0.47,"D",0.000107456296224532,-9.13831887773756
2010,0,0.276,5000,0,0.67,"D",0.0101735381543166,-4.57773958602874
2010,1,0.3335,3005,1,0.76,"Missing",0.99722320103686,5.88367580539677
2010,0,0.23,2300,0,0.86,"C",0.237728525287512,-1.16517338568325
2010,0,0.1725,3500,0,0.9,"C",0.000207474304442927,-8.48029556414136
2010,0,0.1035,5000,0,0.02,"AA",3.90473478669738e-06,-12.4533167885753
2010,0,0.115,6000,0,0.52,"A",0.000253968327307774,-8.27804699377685
2010,0,0.115,5000,0,1.13,"A",0.00119667247133642,-6.72701312540729
2010,0,0.3335,7000,0,0,"C",0.0455458369971379,-3.04242039462067
2010,1,0.3335,5000,0,0.92,"Missing",0.329776181480981,-0.7091975276746
2010,0,0.1265,10000,0,0.43,"AA",0.0012456778638053,-6.68682897394958
2010,0,0.23,5000,0,0.7,"D",1.21328886533016e-05,-11.3195785891522
2010,1,0.276,3200,1,0.73,"Missing",0.985392151729539,4.21148074846938
2010,0,0.23,9500,0,0.72,"D",0.255023904860128,-1.07199484548998
2010,0,0.3335,7000,1,0.27,"Missing",0.189930630100816,-1.4504609850893
2010,0,0.1725,9999,0,0.54,"C",0.000144740478578734,-8.84042347110543
2010,1,0.3335,5300,0,0.83,"Missing",0.695704265822123,0.826924626279473
2010,0,0.1035,3001,0,0.34,"AA",9.40927578096065e-05,-9.27113537985335
2010,0,0.322,12839,0,0.45,"C",0.195376869646911,-1.41544364851911
2010,0,0.3335,3000,0,0.61,"Missing",0.506395958315166,0.0255852288519345
2010,0,0.3335,3700,0,0.58,"D",0.00757137866188441,-4.87577991927938
2010,0,0.2185,10000,1,0.81,"C",0.000948390778924328,-6.95979508580492
2010,0,0.23,4000,0,0,"D",0.0358917172417483,-3.29069706344029
2010,0,0.1035,2500,1,0.24,"AA",1.91157874216742e-05,-10.8649768817798
2010,1,0.3335,5000,0,0.46,"Missing",0.966597492480062,3.36515119263069
2010,0,0.1725,4000,0,0.84,"Missing",0.329184347618326,-0.711876442631009
2010,0,0.2185,6000,0,0.49,"C",0.000133217841461959,-8.92339163720245
2010,0,0.2185,10000,1,1.02,"C",0.860072765890169,1.8158944660376
2010,0,0.1955,6000,0,0.82,"C",0.000963864519821621,-6.94359548349854
2010,1,0.276,1000,0,0.97,"Missing",0.575116688041194,0.30275838480353
2010,0,0.161,25000,0,0.23,"B",0.03635216886795,-3.27747203901932
2010,0,0.345,3000,0,1.03,"D",0.0361337846373322,-3.28372421401298
2010,1,0.3335,7000,1,0.91,"D",0.269384437589126,-0.997747919619882
2010,0,0.1265,14000,0,0.29,"AA",7.95609011406353e-06,-11.7415649143609
2010,0,0.3105,3000,0,0.98,"Missing",0.0541836360664531,-2.85966948647878
2010,0,0.253,10000,0,0.65,"C",5.90709840569238e-05,-9.73671164488928
2010,0,0.1955,4900,0,0.13,"D",0.00139944059713392,-6.57028227495879
2010,0,0.3335,1000,0,0.92,"Missing",0.0109111851541311,-4.50699570624465
2010,0,0.1725,15000,0,0.62,"B",0.000130330398573986,-8.94530746534336
2010,0,0.207,2700,1,0.74,"C",0.548959491445191,0.19646749783172
2010,0,0.1725,10000,0,0.66,"B",0.00482394847700791,-5.32932687889731
2010,0,0.276,3000,0,0.67,"Missing",0.870509952987965,1.90547517165185
2010,0,0.23,9000,0,0.72,"D",0.0198776354243184,-3.89808217396645
2010,1,0.1725,20000,0,0.75,"B",0.491356178933963,-0.0345787293013666
2010,1,0.23,1500,0,0.74,"Missing",0.903527935595756,2.2370535504671
2010,0,0.092,1668,0,0.05,"AA",0.000480943554939806,-7.6392795848966
2010,0,0.1725,1500,1,0.64,"AA",3.05981871047445e-05,-10.3945391970487
2010,0,0.207,9999,0,0.97,"C",0.00342933699480774,-5.67195310181379
2010,0,0.1725,25000,0,0.16,"AA",0.000991169320107742,-6.91563351954739
2010,1,0.3335,7000,0,0,"Missing",0.999103706720439,7.01634618241848
2010,0,0.1035,6500,0,0.09,"AA",0.0207906993996636,-3.85223966741353
2010,0,0.1035,5000,0,0.28,"AA",0.00968880541150763,-4.62704809394615
2010,0,0.1265,10500,0,0.16,"AA",3.63167600405296e-05,-10.2231948967233
2010,0,0.1725,8400,0,0.48,"B",0.00265779157642954,-5.92759840567394
2010,0,0.1725,8500,0,0.22,"B",0.000297446095002081,-8.11998005232552
2010,1,0.3335,5000,0,0.9,"Missing",0.823369109354465,1.53934240107611
2010,0,0.115,3000,1,0.32,"A",0.000105967832757496,-9.15226900101107
2010,0,0.1725,2000,1,0,"Missing",0.99793283195298,6.17950639403811
2010,0,0.3335,3600,0,0.92,"Missing",0.332515065174267,-0.69683165260596
2010,0,0.1495,25000,0,0.11,"AA",5.81855469065877e-05,-9.75181538176571
2010,0,0.184,3500,0,0.53,"B",0.0523754047386177,-2.89552132134921
2010,0,0.322,2550,0,0.74,"Missing",0.508550425431142,0.0342050362813064
2010,0,0.2185,7500,0,0.98,"D",0.000194707684587566,-8.54381645085972
2010,0,0.2645,7000,0,0.98,"C",0.00592738528996013,-5.12222707042518
2010,0,0.1725,1700,0,0.83,"D",0.0468237843901408,-3.01340850547106
2010,0,0.1725,1500,0,0.77,"C",2.21903507596403e-06,-13.0184358879971
2010,0,0.3335,8000,0,0.8,"D",0.00148012255012801,-6.51414917148007
2010,1,0.3335,3000,1,0.98,"Missing",0.993357890800431,5.00766144922241
2010,1,0.3335,2550,1,0.93,"Missing",0.993305729310018,4.99978646148577
2010,1,0.276,4000,0,1,"Missing",0.998237922832648,6.33949832565702
2010,0,0.3335,2500,0,1.21,"Missing",0.370598248594229,-0.529651179311198
2010,0,0.2875,15000,0,0.65,"D",0.0126367729526467,-4.35842693118305
2010,0,0.1955,6500,1,0,"D",0.00139585783319889,-6.57284928556035
2010,0,0.138,15000,0,0,"AA",2.6629268461774e-06,-12.8360820590348
2010,0,0.3335,5500,0,0.99,"Missing",0.00866462413814216,-4.73980435352594
2010,0,0.23,3000,0,0.39,"D",0.000438839291573705,-7.73093835472226
2010,0,0.115,3000,0,0.04,"AA",4.33478885719104e-05,-10.0462092136261
2010,0,0.1955,1000,0,0.35,"D",0.000366491511440507,-7.91116863936452
2010,0,0.2185,12500,0,0.02,"AA",0.0285069806271289,-3.528685091812
2010,0,0.2415,7000,0,0.78,"D",0.0522553054183154,-2.89794373167502
2010,0,0.1265,12000,0,0.41,"A",6.37698537551951e-05,-9.66016621906927
2010,0,0.23,5000,0,0.97,"C",0.0166981415506201,-4.07561872296078
2010,0,0.207,3100,0,0.98,"C",0.000126556667188034,-8.9746938234648
2010,1,0.3335,3500,0,0,"Missing",0.823233103701351,1.53840750260583
2010,0,0.161,3500,0,0.65,"B",0.00104767961091069,-6.86012922579263
2010,0,0.1265,7000,0,0,"AA",0.000227886089599949,-8.38643674881319
2010,0,0.1725,1000,0,0.16,"A",0.000237153832181595,-8.34656436449847
2010,1,0.276,1000,1,0,"Missing",0.999515165971072,7.63121898239092
2010,0,0.138,3500,0,0.31,"A",0.0627535837055662,-2.703730544743
2010,0,0.276,4500,1,0.71,"D",0.0718392616673243,-2.55877378071556
2010,0,0.161,1500,1,0.25,"AA",3.859543959893e-06,-12.4649576670212
2010,0,0.1955,9000,0,0.94,"C",0.000497030462235774,-7.60636208749822
2010,0,0.322,1000,0,0,"Missing",0.0312820859192222,-3.43292786031931
2010,0,0.2645,5000,0,0,"D",0.00453558681851197,-5.39125490229895
2010,0,0.2875,8500,0,0.78,"D",4.34301854814256e-05,-10.0443124094847
2010,0,0.276,9999,0,0.89,"B",0.00171064621208513,-6.36917196701222
2010,0,0.207,4100,0,0.5,"C",0.00250266699221415,-5.98789251494765
2010,0,0.092,1000,0,0.05,"AA",0.000721197129685981,-7.23387658923965
2010,0,0.115,1000,0,0.65,"A",5.74868552577891e-05,-9.76389675199957
2010,0,0.2875,2500,0,1.01,"D",0.00594896823046044,-5.11857074727156
2010,0,0.23,3000,0,0,"D",0.000448972645548318,-7.70809952166893
2010,0,0.2415,5000,0,0.26,"D",0.00924442555229807,-4.67444713168022
2010,0,0.3335,2000,0,0.98,"Missing",0.611087289916061,0.45188489022038
2010,1,0.2415,4000,1,0.91,"D",0.0360173949755976,-3.28707123434505
2010,0,0.1955,1000,0,1.02,"D",0.000196416462864072,-8.53507690666495
2010,1,0.115,2000,0,0,"A",0.18146063526731,-1.5064827448004
2010,0,0.1725,10000,1,0,"B",0.00517894775548342,-5.25796097436433
2010,1,0.276,1000,0,0,"Missing",0.427694650088905,-0.291263170865273
2010,1,0.3335,4090,1,0.58,"Missing",0.984796539602954,4.17091200141461
2010,0,0.1955,10000,0,0.39,"A",0.000703436782982696,-7.25882886185794
2010,0,0.253,8500,0,0.93,"D",0.0739500451854568,-2.52753837989129
2010,1,0.3335,3000,0,0.91,"Missing",0.908865304180318,2.29985831699605
2010,0,0.1955,4500,0,0.89,"D",0.000493740649768461,-7.61300631652623
2010,0,0.1725,5600,0,0.07,"A",0.000378529912888643,-7.87883685654718
2010,1,0.2875,5500,0,0.49,"Missing",0.67459338538191,0.729034595104027
2010,0,0.2875,2000,0,0,"D",0.000782171398023374,-7.15265418492349
2010,0,0.276,3500,0,0.8,"Missing",0.632704501286565,0.543836792854228
2010,1,0.3335,6000,1,0.72,"Missing",0.728973895236268,0.989422778581805
2010,1,0.3335,3001,0,0.85,"Missing",0.150288980558413,-1.73233633679162
2010,0,0.23,4000,1,0.98,"B",0.00516859287571764,-5.2599728022919
2010,0,0.2185,4000,0,0.9,"D",1.62988578841816e-05,-11.0243992220709
2010,0,0.184,25000,0,0.85,"A",0.0650947968967975,-2.66460051585328
2010,1,0.3335,3000,0,0.85,"Missing",0.979405282629385,3.86191092840414
2010,0,0.207,4500,1,0.71,"C",0.0522487323704247,-2.89807646221276
2010,0,0.0805,2500,1,0.06,"AA",0.000713639772454424,-7.24441834877534
2010,1,0.23,1500,0,0.53,"D",0.194535856953872,-1.4208021858896
2010,0,0.299,5050,1,0,"D",0.0135650666750195,-4.28659950486834
2010,0,0.184,3500,1,0,"C",0.0110798472338435,-4.49148569937622
2010,0,0.23,8000,0,0.91,"D",0.00130971627804811,-6.63663417216291
2010,0,0.1955,4500,0,0.89,"D",0.00130212605019077,-6.64245395258632
2010,0,0.2875,1000,1,0.95,"D",0.0105518579389377,-4.54084540307089
2010,0,0.184,3500,1,0,"C",0.00994352736799966,-4.60084016084999
2010,0,0.276,6500,0,0.98,"C",0.00042885669689446,-7.75395878603083
2010,0,0.161,8000,0,0.76,"AA",0.000197051412683237,-8.53184881435778
2010,0,0.1035,3000,0,0.13,"A",4.80024798216191e-06,-12.246838178175
2010,0,0.1035,1000,0,0,"A",0.000476885075938051,-7.64775802823015
2010,1,0.2875,3000,0,0.62,"Missing",0.996535388043497,5.66168401445372
2010,1,0.3335,3000,0,0.91,"Missing",0.541765042458532,0.167450346148738
2010,0,0.161,7500,1,0.54,"B",0.00221259196152212,-6.11137557405645
2010,0,0.2415,13500,0,0.82,"C",0.0243826697250532,-3.68919780711637
2010,0,0.1955,4000,1,0,"C",0.00137853229684827,-6.58535641544873
2010,0,0.1725,20000,1,0.79,"B",0.0048452702099987,-5.32489521771006
2010,0,0.23,5000,1,0.72,"A",0.211250130598593,-1.31740636382346
2010,0,0.23,6000,0,0.25,"A",0.0449963409470968,-3.05513399776484
2010,1,0.276,1000,0,0.92,"Missing",0.895181026655654,2.14479116337924
2010,0,0.1495,9500,0,0.27,"A",0.000118037456253015,-9.04439051357132
2010,0,0.2415,13500,0,0.84,"D",0.00957776715020022,-4.63868685930742
2010,0,0.115,4500,0,0.04,"AA",4.56479737746049e-06,-12.2971318661931
2010,0,0.1725,5500,1,0,"C",0.00273480092583001,-5.89895808606217
2010,0,0.2645,10000,1,0.64,"C",0.000441091758673654,-7.72581644553786
2010,0,0.207,15000,1,0.02,"C",0.00604427947675362,-5.10258037520266
2010,0,0.299,2000,1,0,"Missing",0.594762604226448,0.38368928365248
2010,0,0.115,8000,0,0.21,"A",0.0136447279904984,-4.28066338692043
2010,0,0.3105,3200,1,0,"Missing",0.121908728853524,-1.97447790110483
2010,0,0.2875,3000,1,0.93,"Missing",0.0146476422850035,-4.20871991443857
2010,1,0.3335,2550,1,0,"Missing",0.991763889603768,4.79095687125906
2010,0,0.2415,9975,0,0.62,"C",0.00462035808270805,-5.37265200488286
2010,1,0.3335,6000,0,0.59,"Missing",0.898241800970486,2.17783989695177
2010,1,0.2645,5000,0,1,"Missing",0.994136430376648,5.13311588226361
2010,0,0.207,10000,0,0.15,"B",0.00797505121001872,-4.82343018698926
2010,1,0.3335,2500,0,0,"Missing",0.544849421744588,0.179881160688453
2010,0,0.2645,1600,0,0.74,"Missing",0.00955024264481618,-4.64159257832022
2010,0,0.3105,15000,1,0.75,"C",0.000389628771015502,-7.84992643665074
2010,0,0.0575,2000,0,0.1,"AA",3.48892184508773e-05,-10.2632978135655
2010,1,0.2875,3000,0,0,"Missing",0.809488181160453,1.44668793904396
2010,0,0.138,5250,1,0.39,"B",0.00134562282013317,-6.6095517808295
2010,0,0.3335,3000,1,0.59,"D",0.174771833548977,-1.55217859855829
2010,1,0.3335,1000,0,0.95,"Missing",0.998481428164016,6.48846524136177
2010,0,0.1035,7000,0,0.17,"AA",4.88005472214291e-07,-14.5329387295967
2010,0,0.092,6001,0,0.04,"AA",6.87513111250825e-05,-9.58494599701454
2010,0,0.276,1025,1,0.59,"Missing",0.138337246510354,-1.8291694376703
2010,0,0.184,5000,1,0.69,"C",0.0291989002227823,-3.50399056174684
2010,0,0.1955,4000,1,0,"C",0.000869232522960718,-7.04703028263737
2010,1,0.276,3500,0,0.83,"Missing",0.792794538694701,1.34185322667374
2010,1,0.3335,2550,0,0,"Missing",0.980678535625981,3.92702809370102
2010,0,0.2875,25000,0,0.47,"AA",0.0805438884319208,-2.4349800783771
2010,0,0.3335,2400,0,1.05,"Missing",0.340986205585999,-0.658902442988079
2010,0,0.207,2275,0,1.03,"D",0.000262676752754554,-8.24432364744163
2010,1,0.3335,3000,1,0,"Missing",0.925967554418447,2.52633574469116
2010,0,0.1265,23500,0,0.02,"AA",0.00365820309019437,-5.60711830041337
2010,1,0.3335,4000,1,0,"Missing",0.0434667136822693,-3.09132014592672
2010,0,0.207,9200,0,0.71,"C",0.0199428656726567,-3.89473940131436
2010,1,0.3335,3000,1,0.98,"Missing",0.999818755177666,8.61548056982278
2010,0,0.138,1000,1,0.45,"D",0.000182586015722709,-8.60810657426253
2010,0,0.2185,25000,0,0.72,"A",0.00975500779589494,-4.6201716061427
2010,0,0.1725,25000,0,0.9,"B",0.000301424876522616,-8.10668826829232
2010,0,0.3335,5000,0,0,"Missing",0.76042386075932,1.15500471386707
2010,0,0.1955,1000,0,0.67,"D",0.000173790278275319,-8.65748747759142
2010,0,0.3335,6500,0,0.95,"Missing",0.21736292854022,-1.28110064001575
2010,1,0.3335,6000,1,0.77,"Missing",0.992263644386175,4.85405811673517
2010,1,0.276,1000,0,0.92,"Missing",0.358302387839224,-0.582739894988959
2010,0,0.23,8500,0,0.48,"B",0.00177757800210132,-6.33072435444236
2010,0,0.1725,2000,0,0.54,"C",1.77461198585194e-05,-10.9393259191819
2010,0,0.276,5700,0,0.1,"A",0.0119339926833572,-4.41635864853373
2010,0,0.3105,2000,0,0,"Missing",0.333547436303159,-0.692183871806673
2010,0,0.138,11000,0,0.7,"A",0.0010064432079138,-6.90032578978605
2010,0,0.092,3000,0,0.03,"AA",0.0399488308391749,-3.17938717806921
2010,0,0.0805,2000,0,0.39,"C",0.000562240110030041,-7.48301915903987
2010,0,0.0805,5000,0,0.33,"AA",0.00371140561744081,-5.59262629151954
2010,1,0.1725,4400,0,0.8,"Missing",0.722254001120619,0.955669856189893
2010,0,0.1955,5233,0,0.38,"B",2.01096210073142e-06,-13.1168952823686
2010,0,0.1725,9500,0,0.39,"B",0.0177818877349257,-4.01163299767318
2010,0,0.0805,1000,1,0.34,"AA",0.000178679589198243,-8.62973766502069
2010,0,0.1035,1000,0,0,"A",0.000219125983410231,-8.42564457684184
2010,0,0.1725,7000,0,0.33,"A",7.5067406675599e-05,-9.49704902216799
2010,0,0.322,9900,0,0.33,"D",0.0657505123179616,-2.65387605705624
2010,1,0.1955,1500,0,0,"Missing",0.972412157120353,3.56240454423415
2010,1,0.3335,1000,1,1.09,"Missing",0.968369640145472,3.42149645978773
2010,0,0.115,5000,0,0.71,"AA",0.00103799163398057,-6.86942902329952
2010,0,0.1495,10800,1,0.68,"A",0.042756446180123,-3.10853788441893
2010,0,0.1725,17000,1,0.58,"A",0.00035876029235637,-7.93249727714464
2010,0,0.1725,15000,0,0.04,"AA",2.05203144539909e-06,-13.0966782544711
2010,0,0.23,12000,0,0.66,"C",0.00239581181715077,-6.03163445586816
2010,0,0.2415,6250,0,0,"C",0.0414994191715641,-3.13969073718919
2010,0,0.1725,16000,0,0.24,"C",0.00029319589623601,-8.13437634562971
2010,0,0.1955,2000,0,0.73,"C",0.29938098264901,-0.850247303010865
2010,1,0.3335,1000,0,0,"Missing",0.601584962247263,0.412073505697294
2010,0,0.2875,5000,0,0.52,"C",0.0211977924753866,-3.83243253916703
2010,0,0.1955,5000,0,0,"C",0.00347139204764551,-5.65972216769118
2010,0,0.207,9800,0,0.57,"C",0.00149362068741491,-6.50505737787564
2010,1,0.3335,11700,0,0.56,"Missing",0.828510335791589,1.57510631431197
2010,0,0.1725,8000,0,0.12,"B",0.000696048886087147,-7.26939437022493
2010,0,0.0805,2500,1,0,"AA",9.52416946597796e-05,-9.25899749670166
2010,0,0.2645,15000,0,0.77,"C",0.122789584537358,-1.96627469436077
2010,0,0.2645,5000,0,0,"D",0.000273976296424787,-8.20219495088216
2010,0,0.207,15000,0,0.29,"C",0.176113771088006,-1.54290223583711
2010,0,0.3335,23250,0,0.92,"C",0.000293360263795132,-8.13381573167943
2010,0,0.138,10000,0,0.5,"B",0.00596063727634202,-5.11659940527624
2010,0,0.1955,7500,0,0.62,"D",0.0986159526061489,-2.21269837285235
2010,1,0.2645,15000,0,0.18,"D",0.0572898539035956,-2.80063532285261
2010,1,0.1265,5000,1,0,"Missing",0.679269827247397,0.750418251475431
2010,1,0.3335,3000,1,0.82,"Missing",0.802410596202863,1.4014292828297
2010,1,0.3335,3000,0,0.94,"Missing",0.866128124184726,1.86714965510897
2010,0,0.23,4000,1,0.98,"B",0.00139437458433058,-6.57391394325279
2010,0,0.1265,1500,0,0.2,"B",0.00680674414450509,-4.98301135664834
2010,0,0.2415,5000,0,0.73,"D",0.000418673748753706,-7.77799982251724
2010,0,0.1035,2000,0,0.02,"AA",3.43749072271331e-06,-12.5807653563256
2010,0,0.1955,3600,1,0.76,"D",9.17177147612921e-06,-11.5993709368461
2010,1,0.3335,2550,0,0.43,"Missing",0.444339469595017,-0.22356870950275
2010,0,0.1495,1000,1,0.7,"C",0.000731945841367311,-7.21907182009877
2010,0,0.2875,8500,0,0.87,"C",0.0239310045225815,-3.70835839742073
2010,1,0.3335,4000,0,0,"Missing",0.775792651974674,1.24131399889248
2010,0,0.253,6001,0,0.69,"D",0.00133546926621648,-6.61713617682065
2010,0,0.1725,7000,0,0.33,"A",2.33634706097755e-05,-10.6643134766723
2010,0,0.184,3400,0,0.49,"C",0.0280191957348842,-3.54644621832189
2010,0,0.138,4000,0,0,"B",0.00460058462519313,-5.3769606912446
2010,0,0.1955,1600,0,0.98,"C",0.00348585534836297,-5.65554988266625
2010,0,0.3335,12000,1,0.97,"D",0.0347658682481409,-3.32373458747105
2010,1,0.276,3000,0,0,"Missing",0.991560609480268,4.76636998247046
2010,0,0.276,3000,0,0.85,"Missing",0.0380594934380509,-3.2298020530457
2010,0,0.2875,7900,0,0.68,"C",0.0888229329819745,-2.32809237296785
2010,0,0.1265,7500,0,0,"AA",0.00551526611543958,-5.19470484306524
2010,0,0.1955,2000,0,0,"D",5.43734562663494e-05,-9.81958008452781
2010,0,0.1955,10000,1,0.95,"D",8.85551290580707e-05,-9.33179671362888
2010,0,0.253,25000,0,0.63,"AA",0.00445998184199669,-5.40814062702754
2010,0,0.2185,2750,0,0,"C",0.00270727572972521,-5.90910146846481
2010,0,0.2185,25000,0,0.72,"A",0.205349481300582,-1.35318910441121
2010,1,0.3335,1000,0,0,"Missing",0.325903910739751,-0.726770080832164
2010,0,0.115,4500,0,0.15,"AA",0.000398501331894372,-7.8274011367155
2010,0,0.322,1900,0,1.2,"Missing",0.0381103212000256,-3.22841462200248
2010,0,0.2415,2500,1,0.38,"A",0.370829707508266,-0.528659007520546
2010,0,0.23,6001,0,0.77,"C",0.000679687113573834,-7.2931980745768
2010,1,0.2645,1600,0,0.74,"Missing",0.983996283101259,4.11880111827681
2010,0,0.092,2500,0,0.47,"AA",2.0522926268628e-08,-17.7017232006045
2010,0,0.3335,15000,0,0.49,"C",0.0565473158831334,-2.81446847728498
2010,0,0.115,1000,0,0.24,"A",0.0138589918978906,-4.26486509814665
2010,0,0.2185,3900,1,0,"C",0.00356794553205684,-5.63219100422942
2010,1,0.3335,2501,1,0,"Missing",0.874842212136453,1.94446829693329
2010,1,0.3335,5300,0,0.96,"Missing",0.953897080526076,3.0296795064307
2010,0,0.138,25000,1,0.22,"AA",0.00279958401665282,-5.87548092813761
2010,0,0.1265,6000,0,0,"A",0.000486955585346666,-7.62685056537418
2010,0,0.1955,7500,0,0.62,"D",0.00226243071559683,-6.08905051192103
2010,0,0.2875,1000,1,0.95,"D",0.0945318926223021,-2.25951479006558
2010,1,0.3335,3000,0,1.02,"Missing",0.995445702532274,5.38711929349968
2010,1,0.3335,1750,1,0.98,"Missing",0.55404262667047,0.21701825527768
2010,0,0.23,4000,1,0.98,"B",0.0414036103971025,-3.14210203570719
2010,1,0.1725,6010,0,0.63,"B",0.773320966105504,1.22715911444654
2010,1,0.3105,3750,0,0.88,"Missing",0.997842627241385,6.13670440981433
2010,0,0.2645,4500,1,0,"D",0.00881284352589905,-4.7226932236377
2010,0,0.253,5000,0,0.93,"D",0.000846465119155546,-7.07359473962621
2010,1,0.276,25000,0,0,"A",0.684099330397781,0.772675299488022
2010,0,0.276,15000,0,0.85,"C",0.0469553271738754,-3.01046511450369
2010,1,0.3335,2000,0,0.98,"Missing",0.759438063802673,1.14960118270722
2010,0,0.1955,5600,0,1.09,"B",0.00179418898884299,-6.32140637546869
2010,0,0.23,5000,0,0.43,"D",0.00107748137045898,-6.83205096346225
2010,1,0.276,1500,1,0.88,"Missing",0.890960122057823,2.10058600207879
2010,0,0.23,5000,0,0.87,"D",0.000874467286048273,-7.04102082309956
2010,0,0.1725,12000,0,0.33,"B",0.00638017177735272,-5.04815964557656
2010,0,0.1725,2000,0,0.54,"C",0.0377584705598737,-3.23805565304062
2010,0,0.207,18000,0,0.15,"B",0.00533231038789165,-5.22862408818047
2010,0,0.1725,2500,0,0.56,"C",0.0857176915088976,-2.36708015555574
2010,0,0.1725,4000,0,0.46,"B",0.0190694678862285,-3.94041312768203
2010,0,0.207,12000,0,0.54,"B",0.00600809783007369,-5.10862086228258
2010,0,0.23,4500,0,0.39,"D",0.0626578718174261,-2.70535902608516
2010,0,0.253,24000,0,0.72,"B",0.0005131962879989,-7.57433883028035
2010,0,0.1035,9000,0,0.99,"Missing",0.00138755387469116,-6.57882436707227
2010,0,0.2645,14000,0,1.04,"D",0.00124267124134901,-6.68924854549308
2010,0,0.276,10000,0,0.89,"D",0.103163601745376,-2.16255736317837
2010,1,0.1955,1000,1,0.71,"Missing",0.835058910475032,1.62191389686227
2010,0,0.276,3500,0,1,"Missing",0.101294463416605,-2.18292368085729
2010,0,0.23,1000,1,0.42,"C",0.000274359780405293,-8.20079584829847
2010,0,0.3335,5900,0,0.88,"Missing",0.112620398173644,-2.06424999686272
2010,0,0.1725,15000,0,0.63,"B",0.000212509154864443,-8.45631295707463
2010,0,0.1035,1000,0,0,"A",0.000172448102590922,-8.66524175833058
2010,0,0.1725,10000,0,0.64,"AA",0.008341991715679,-4.77807629544309
2010,0,0.276,15000,0,0.86,"B",2.19888262028147e-05,-10.7249541444349
2010,0,0.2645,8000,0,0,"D",0.001147733430189,-6.76881781913572
2010,0,0.2645,6001,1,0.92,"D",0.00540477624675123,-5.21505279131215
2010,0,0.1955,15000,0,0.96,"B",4.66697333103199e-05,-9.97236804156719
2010,0,0.1265,1000,0,0.97,"Missing",0.0201688550713194,-3.88324066931145
2010,1,0.0805,2550,1,0.63,"Missing",0.88338011337391,2.02483577381811
2010,0,0.2875,4000,1,0.47,"C",0.000140147213248968,-8.87267700757655
2010,0,0.3105,5000,0,0.96,"Missing",0.88995329148444,2.09026408133646
2010,0,0.1955,5000,0,0.03,"C",0.00299865609757637,-5.80658789708103
2010,0,0.2875,3001,1,0.84,"D",0.010105937063223,-4.58447485108253
2010,0,0.3335,7000,1,0.91,"D",0.108015352095372,-2.11117555550942
2010,0,0.1265,6000,0,0,"A",0.00348106203469292,-5.65693071434252
2010,0,0.3335,7500,1,0.09,"D",0.00405064173825798,-5.50482108871639
2010,0,0.115,9000,0,0.22,"AA",0.0147148056775753,-4.20407696078649
2010,0,0.322,10000,0,0.24,"C",0.00828198490540119,-4.78535614535564
2010,0,0.1725,25000,1,0.37,"AA",0.00078385354074317,-7.15050420442708
2010,0,0.299,5000,0,0.64,"D",0.000370312373609891,-7.90079327455124
2010,0,0.23,20000,1,0.05,"AA",0.00424977541840923,-5.456630308789
2010,1,0.1725,2000,1,0,"Missing",0.999618303138695,7.87050205145898
2010,0,0.1725,7700,0,0.38,"C",0.00208373464953516,-6.17150758203105
2010,0,0.138,25000,1,0,"AA",0.0127747192929023,-4.34743009862906
2010,0,0.1955,20000,1,0.55,"B",0.0593485043400694,-2.76314579561864
2010,0,0.2875,9900,0,0.37,"B",0.00971336806577601,-4.62449134058838
2010,0,0.1265,3000,1,0,"C",0.0226904741167189,-3.76285822046319
2010,1,0.276,1000,0,0.92,"Missing",0.977439410247081,3.76873173771817
2010,0,0.3105,14000,1,0.65,"D",0.000802738710954214,-7.12667822698112
2010,0,0.23,20000,1,0.05,"AA",0.00748779493271931,-4.88696495710435
2010,0,0.1725,9500,0,0.94,"B",0.00167240955126574,-6.39181603779566
2010,0,0.1725,15152,0,0.85,"B",0.0144132848802151,-4.22508677130088
2010,1,0.2875,4500,1,0.93,"Missing",0.785257578799951,1.29657252084778
2010,1,0.2645,3500,0,0.92,"Missing",0.644502047924599,0.59495851137564
2010,1,0.3335,1890,1,0,"Missing",0.98625446308702,4.27320021418433
2010,0,0.0805,1000,0,0,"AA",5.25911055426919e-06,-12.1555433825352
2010,1,0.3335,2000,0,0,"Missing",0.858194717026438,1.80037614674442
2010,1,0.3335,3000,0,0,"Missing",0.966710744299695,3.36866463053766
2010,0,0.2645,10000,1,0.72,"D",0.00219056062230024,-6.12140481258632
2010,0,0.1955,5000,0,0.93,"C",0.000267887051900394,-8.22467719148045
2010,1,0.1955,4600,0,0.88,"B",0.0150870855747991,-4.17871410758213
2010,1,0.2645,8500,1,1.13,"Missing",0.959762856618807,3.1718956958523
2010,0,0.1955,10000,0,0.28,"B",2.38768289572741e-06,-12.9451847742996
2010,0,0.184,15000,0,0.46,"AA",0.000219389303405263,-8.42444335178911
2010,1,0.3335,5500,0,0.99,"Missing",0.997559160715204,6.0129695066529
2010,0,0.1265,12000,0,0.02,"AA",5.89641005590232e-06,-12.0411609609165
2010,0,0.3335,15000,0,0.97,"D",0.0887730052223678,-2.32870942867973
2010,0,0.1955,6500,0,0.45,"B",0.00196048767867833,-6.23259960908692
2010,0,0.184,3300,0,0.3,"C",1.97399111457032e-06,-13.1354511442009
2010,0,0.1955,10000,0,0.28,"B",0.00040031664037688,-7.8228543262764
2010,0,0.207,1500,0,0.1,"C",0.0403950668746145,-3.16781400131917
2010,0,0.2415,3000,1,0.97,"D",0.0127348518034927,-4.35059617246167
2010,0,0.23,7500,0,0.38,"C",0.00381124582793476,-5.56598062720175
2010,0,0.276,22000,0,0.93,"D",0.015312031669108,-4.16368590460257
2010,0,0.1725,1000,0,0.87,"C",0.00170242006042292,-6.37400060444906
2010,1,0.322,6215,1,0.91,"Missing",0.833652498891285,1.6117376670701
2010,1,0.3335,5000,0,1,"Missing",0.853733468412781,1.76418853098095
2010,1,0.3335,2000,0,0,"Missing",0.916015670269369,2.38940324119406
2010,0,0.161,4500,0,0,"AA",0.0216255374058611,-3.81201757919348
2010,0,0.2875,15000,1,1.04,"D",0.203356650368359,-1.36544575171688
2010,0,0.115,2550,0,0.58,"A",5.85907312509246e-05,-9.74487545122316
2010,0,0.23,5000,0,0,"C",2.36360285370373e-05,-10.6527147408189
2010,0,0.23,2000,0,0.01,"D",3.73400711580003e-05,-10.1954061734066
2010,0,0.1955,11000,0,0.61,"C",0.00484466193187524,-5.32502137742929
2010,1,0.2645,1600,1,1.46,"Missing",0.972517857491784,3.56635200737619
2010,0,0.207,15000,0,0.51,"B",0.000836371825494446,-7.08560055464184
2010,0,0.253,6001,1,0.22,"C",0.0645334799877964,-2.67386119802834
2010,0,0.2185,8750,0,0.73,"D",0.0401402547668358,-3.17440748476837
2010,0,0.2875,25000,0,0.87,"A",0.357401643987033,-0.586659685775439
2010,0,0.322,6000,0,0.53,"D",0.000962363672282677,-6.94515531397943
2010,0,0.2415,7500,0,0.68,"C",0.0650981835970225,-2.66454486749034
2010,0,0.1035,2000,0,0.02,"AA",0.00225581317051402,-6.09198640191419
2010,0,0.23,3500,0,0.8,"D",4.07277417144018e-05,-10.1085603545339
2010,0,0.2185,2100,0,0.86,"D",0.062493506792784,-2.70816102387846
2010,1,0.23,2500,0,0.78,"Missing",0.729986032029641,0.994551708869595
2010,1,0.3335,7400,0,0,"Missing",0.988521427136425,4.4557282506469
2010,1,0.322,2550,0,0.94,"Missing",0.903767397807699,2.23980382358808
2010,0,0.3335,3001,0,0,"Missing",0.995115179306779,5.31672590931965
2010,0,0.207,7500,0,0.58,"C",0.00919013538240197,-4.68039198603036
2010,0,0.1725,1000,1,0.73,"C",0.00107389942511147,-6.83538445595979
2010,0,0.23,2850,0,0.7,"C",0.0682106842433328,-2.61450552003712
2010,0,0.1035,3500,0,0.67,"A",5.06159033474524e-05,-9.89119411846274
2010,0,0.253,2500,1,0.63,"D",1.32169064502516e-06,-13.5365975275027
2010,0,0.3335,4000,1,0,"Missing",0.521326631183211,0.085358314019409
2010,1,0.3335,6000,1,0.79,"Missing",0.989926947602253,4.58776737135666
2010,0,0.3335,7000,1,0.91,"D",0.0755943463210126,-2.50376949815866
2010,0,0.345,3000,0,1.03,"D",0.000156582817987228,-8.76176890445973
2010,1,0.3335,1500,1,0.94,"Missing",0.965149082921509,3.32120312759916
2010,0,0.207,10000,0,0.66,"B",0.00275581578702131,-5.89128214872994
2010,1,0.3335,5200,0,0,"Missing",0.999550646278561,7.70725072735631
2010,0,0.3335,4000,1,0,"Missing",0.0213778357915816,-3.82379095285818
2010,0,0.115,3000,0,0.05,"AA",0.000923140532787704,-6.98680551162046
2010,0,0.3335,3550,0,0,"Missing",0.00218871988169667,-6.12224731633316
2010,1,0.2645,4000,1,1.35,"Missing",0.891095154863149,2.10197669678612
2010,0,0.1495,20000,0,0.52,"A",2.59675691713162e-06,-12.8612446343168
2010,1,0.3335,5000,1,0.7,"C",0.984445167275707,4.14770682404622
2010,1,0.3335,1750,1,0.98,"Missing",0.995795674488948,5.46742821153686
2010,0,0.253,24000,0,0.72,"B",1.702149275264e-05,-10.9810167112318
2010,0,0.322,5000,0,0.95,"C",0.0180749112183176,-3.99499016492518
2010,0,0.1955,10000,0,0.76,"C",1.01877816722438e-05,-11.4943112431367
2010,0,0.253,6001,0,0,"D",0.00144846939115793,-6.53579835294743
2010,0,0.2185,6000,1,0.61,"D",3.63086295085987e-05,-10.2234188081479
2010,0,0.253,2500,1,0.63,"D",0.00684899138245787,-4.97678132761673
2010,0,0.1495,19000,0,0.08,"AA",0.00476734440021649,-5.34118711419478
2010,0,0.2185,25000,0,0.85,"A",0.0487302413154228,-2.97149787131015
2010,0,0.23,2200,0,0.92,"Missing",0.0720067956717961,-2.55626391094456
2010,0,0.1725,3500,1,0.89,"C",0.000285713318453421,-8.16023587875398
2010,0,0.276,4500,0,0.6,"D",0.00651949585448588,-5.02641738837533
2010,0,0.1035,1000,0,0.6,"A",0.00693269046932315,-4.96455047279712
2010,0,0.1725,2000,0,0,"C",2.46366221080389e-06,-12.9138591477966
2010,0,0.207,14000,0,0.28,"C",0.0229428111159838,-3.75154053922043
2010,1,0.3105,2000,1,0,"Missing",0.961792957058564,3.22577933733634
2010,0,0.1035,4500,0,0.07,"AA",0.00192164420374842,-6.25265061035643
2010,0,0.1725,6000,0,0.14,"C",0.0628373878823563,-2.70230656789449
2010,0,0.3335,2400,0,0.87,"Missing",0.286748020735158,-0.911230911504348
2010,0,0.138,22000,0,0.37,"AA",0.00220280161154708,-6.11582003763811
2010,0,0.23,5000,0,0.08,"D",0.199138920661096,-1.39168482304838
2010,1,0.276,3000,0,1.62,"Missing",0.579169459238195,0.319364873819594
2010,0,0.1495,20000,0,0.52,"A",8.67136039866165e-05,-9.352813060396
2010,0,0.138,11000,0,0.7,"A",2.33980576233585e-07,-15.2680274986022
2010,0,0.207,6800,1,0.89,"D",0.0098210944864464,-4.61335306845467
2010,0,0.1725,3000,0,0.73,"D",0.00014127481091364,-8.86466226608573
2010,0,0.3335,5500,0,0.41,"D",1.89878379013905e-05,-10.871692906191
2010,0,0.115,10000,0,0.12,"A",0.00604354118675875,-5.1027032723415
2010,1,0.3335,5000,0,0.72,"Missing",0.995756015350052,5.45799965920576
2010,0,0.207,12000,0,0.54,"B",0.00109943728384864,-6.81185674809857
2010,0,0.1035,3500,0,0,"AA",2.23036501703496e-05,-10.7107379042251
2010,0,0.23,12200,0,0.35,"C",0.0522920326323166,-2.89720238375782
2010,0,0.1495,10200,0,0.95,"A",2.58059561880722e-06,-12.8674877450731
2010,0,0.2645,8000,0,0.75,"C",0.0035299938709459,-5.6429229053139
2010,1,0.3335,1750,1,0.98,"Missing",0.801610266274233,1.39638908929882
2010,0,0.1495,9000,0,0.26,"AA",4.12422041201574e-06,-12.3986294228363
2010,0,0.207,9995,0,0.53,"C",0.00148476324593519,-6.51101408318535
2010,1,0.1955,1675,0,0.95,"Missing",0.959645585752593,3.16886324711315
2010,0,0.23,5000,0,0.81,"C",0.00030177866283991,-8.10551488959163
2010,0,0.138,9000,0,0.12,"A",2.49814085889472e-05,-10.5973536844672
2010,0,0.23,5000,0,0.97,"C",0.00399351669125501,-5.51908154793736
2010,0,0.2645,10000,1,0.72,"D",0.0883311654962965,-2.33418380860294
2010,0,0.3105,15000,1,0.96,"Missing",0.212983589321735,-1.30703398309261
2010,1,0.3335,5500,0,1.02,"Missing",0.996247666571903,5.58161799393111
2010,0,0.3105,3000,1,0.79,"D",0.00516017814554514,-5.26161063791061
2010,0,0.115,1500,0,0.89,"A",1.86063580449707e-05,-10.8919885987499
2010,0,0.207,2500,0,0.82,"D",7.10883617247636e-06,-11.8541649075081
2010,0,0.1725,2600,0,0.68,"C",0.0174896564564824,-4.02850122491237
2010,0,0.1955,4990,0,0.9,"C",5.05484629315348e-05,-9.89252747011302
2010,0,0.1265,13000,1,0,"AA",3.63950260995856e-05,-10.2210420425858
2010,1,0.3105,7500,0,0.94,"Missing",0.403774346823122,-0.389763033674638
2010,0,0.207,12000,1,0.68,"C",0.00940569311094817,-4.65698991695879
2010,0,0.2415,5000,0,0.26,"D",0.000315183180966928,-8.06204132841911
2010,0,0.1265,3000,0,0,"B",0.000647800892523019,-7.34127916264624
2010,0,0.138,3000,0,0.56,"B",0.195261266625957,-1.41617917927934
2010,0,0.23,7000,0,0.28,"C",1.08120335716014e-05,-11.4348400124313
2010,1,0.3335,20000,0,0.95,"Missing",0.810778542216729,1.45507688585761
2010,0,0.2875,15000,0,0.83,"C",0.000124926081204231,-8.9876634120596
2010,0,0.3335,5300,0,0.83,"Missing",0.708958246110744,0.890329892523692
2010,0,0.1495,13000,0,0.81,"B",0.00196465670338466,-6.23047116540751
2010,0,0.1725,3000,0,0.91,"Missing",0.290110982769667,-0.894845095081394
2010,0,0.23,5000,0,0.61,"C",0.000199841137187908,-8.51778796000317
2010,1,0.3105,3000,0,0.98,"Missing",0.640233329611095,0.57637700391937
2010,0,0.3335,2700,0,0.47,"Missing",0.875864614099175,1.95383873709523
2010,0,0.23,3000,0,0,"D",0.00270118861319015,-5.91135853232976
2010,0,0.1725,1250,0,0.74,"C",0.00142134445837902,-6.55472969810102
2010,0,0.253,6000,0,0.71,"C",0.0110047350717343,-4.49836390263107
2010,0,0.253,8500,0,0.93,"D",7.9766696312271e-06,-11.7389815963567
2010,1,0.322,1000,0,0,"Missing",0.963971690451057,3.28675692164356
2010,0,0.253,3600,0,0.57,"D",0.000195960868799623,-8.53739958757614
2010,0,0.3335,3700,0,0.58,"D",0.00200349808312263,-6.21085507688275
2010,0,0.3335,3500,0,0.83,"Missing",0.204808059816949,-1.35651027274038
2010,0,0.23,8500,0,0.48,"B",0.01357930967407,-4.28553564040117
2010,1,0.3335,2550,0,0.94,"Missing",0.960516090784956,3.19157750730903
2010,0,0.184,25000,0,0.76,"AA",0.0862289435538224,-2.3605741613919
2010,0,0.115,1425,0,0,"AA",1.44942284508834e-05,-11.1417455313125
2010,1,0.276,2550,0,0,"Missing",0.976916803372296,3.74529655910338
2010,1,0.3335,1200,1,1,"Missing",0.912590241884344,2.34568005043279
2010,0,0.276,4000,0,0.92,"D",0.000382456757898134,-7.86851243242203
2010,0,0.138,20000,0,0,"AA",2.2934113398285e-06,-12.9854678873915
2010,1,0.3335,6000,0,0,"Missing",0.734658520455626,1.01838819472879
2010,0,0.207,2275,0,1.03,"D",0.000519581465901965,-7.56196722724352
2010,1,0.3335,3500,0,0.71,"Missing",0.99961112663365,7.85186785472194
2010,1,0.299,3000,1,0,"Missing",0.994418368864472,5.18267696046376
2010,0,0.3335,2400,0,0.87,"Missing",0.00526030763044007,-5.24229157730827
2010,0,0.1495,8500,0,0.21,"AA",6.49849951518212e-05,-9.64128917142854
2010,0,0.2415,25000,0,0.99,"C",0.00736829006290679,-4.90317404287516
2010,0,0.23,12000,0,0.66,"C",0.0224794144181383,-3.77241937538555
2010,0,0.1725,10500,0,0.84,"C",4.30117558895515e-07,-14.6592068427259
2010,1,0.3335,5000,0,1,"Missing",0.990629389484464,4.6607622375462
2010,0,0.1955,2000,0,0.79,"D",0.0616049191133348,-2.72342933221651
2010,0,0.184,2000,1,0.41,"C",0.000212178882411407,-8.45786865272367
2010,0,0.1725,8500,0,0,"B",0.00115692002035095,-6.76083637014043
2010,0,0.115,7500,0,0.2,"AA",0.00098572045200705,-6.92115155420057
2010,0,0.1725,2300,0,0.46,"C",0.00149757392627513,-6.50241016632138
2010,1,0.2875,8500,0,0.86,"Missing",0.97150348772415,3.52906315535129
2010,1,0.184,5300,0,0.92,"C",0.407953913541282,-0.372430269584405
2010,0,0.322,6000,0,0.98,"Missing",0.145631444489333,-1.76928358717672
2010,1,0.276,2000,0,1.02,"Missing",0.999392210421677,7.40507384982813
2010,0,0.207,5000,0,0,"B",0.00135267515014128,-6.60431746375848
2010,0,0.1035,2500,0,0.09,"AA",0.000339910791741507,-7.98648738343735
2010,1,0.3335,3000,0,0.91,"Missing",0.6499023169221,0.618609859885837
2010,0,0.3335,6000,1,0.72,"Missing",0.150453710001162,-1.73104696836803
2010,1,0.276,1800,0,1.18,"Missing",0.539170943302298,0.157005505148412
2010,1,0.3335,2550,0,1,"Missing",0.944428357916732,2.83290679553197
2010,1,0.3335,3999,0,0.94,"Missing",0.903654362738357,2.2385048314495
2010,0,0.276,15000,1,0.81,"D",0.0543460890368217,-2.85650400533267
2010,1,0.2645,3150,0,0.88,"Missing",0.36745322154153,-0.543158153675341
2010,1,0.3335,2400,0,1.05,"Missing",0.95474087544478,3.04903567160308
2010,0,0.253,13000,0,0.82,"D",0.00146338029174829,-6.52554179896661
2010,0,0.3335,5000,1,0.7,"C",0.125462404351078,-1.94168913778776
2010,0,0.207,5000,0,0.66,"C",0.0156227029794407,-4.14328407999274
2010,0,0.253,2000,1,0.84,"D",0.00138427783831397,-6.58119145487143
2010,0,0.2415,5000,0,0.85,"C",0.025868012598299,-3.62853963453439
2010,0,0.161,4000,0,0.16,"B",0.000795690082669054,-7.13550478450224
2010,1,0.3335,3100,0,1,"Missing",0.785750272707313,1.29949673811306
2010,0,0.1035,2000,0,0.13,"AA",6.19590135539635e-05,-9.68897550230061
2010,1,0.3335,3000,0,0,"Missing",0.967703287268967,3.39996006685659
2010,0,0.1035,6001,0,0.22,"AA",0.000559725600709459,-7.48750401075124
2010,1,0.276,2550,1,0.93,"Missing",0.965765802434098,3.33969629097438
2010,0,0.3335,12000,0,0.63,"D",0.00193713190551978,-6.24460778846185
2010,0,0.1725,6500,0,1.05,"C",0.00411613801663248,-5.48871529720405
2010,0,0.207,13000,0,0.73,"C",0.000115398698189229,-9.06700207945268
2010,1,0.3335,5000,0,0.82,"Missing",0.826110087239391,1.55830562846896
2010,1,0.3335,6700,0,0.39,"Missing",0.940610497421715,2.76241164331522
2010,0,0.23,5000,0,0.22,"D",0.000243610220973221,-8.31969742509184
2010,0,0.3105,7500,0,0.94,"Missing",0.0560334063639326,-2.82414272233428
2010,0,0.1955,2550,0,0.25,"C",0.000251224503093659,-8.28891232789944
2010,1,0.2645,3550,0,0.66,"D",0.545136931817859,0.181040589540473
2010,0,0.1495,7500,0,0.92,"B",0.000250744182489945,-8.2908265562062
2010,1,0.115,3000,0,0.05,"AA",0.127592710423866,-1.92241314912611
2010,0,0.1725,4500,0,0.96,"A",0.000661349029714139,-7.32056725680499
2010,1,0.322,2250,0,0.57,"Missing",0.390766561116039,-0.444091158045847
2010,0,0.2875,15000,0,0.11,"D",0.000116883548344593,-9.05421554173403
2010,0,0.23,6000,0,0.25,"A",0.168877850094535,-1.59360110243031
2010,0,0.1725,3500,0,0.9,"C",0.00284807771107762,-5.85825885841002
2010,0,0.23,9500,1,0.65,"AA",0.0174371869846812,-4.03155916480089
2010,1,0.3335,2500,0,1.09,"Missing",0.999681171124096,8.05053715857508
2010,0,0.1955,3000,0,0.53,"C",0.00091365825686051,-6.99713987893266
2010,0,0.3335,3000,1,0,"Missing",0.44856249421603,-0.206480503175386
2010,0,0.1265,6000,0,0,"A",0.000229450664867785,-8.37959304247625
2010,0,0.1265,12000,0,0.41,"A",7.6096161881642e-05,-9.48343663050643
2010,0,0.2875,9000,0,0.42,"C",0.00100045447804898,-6.90629994891036
2010,0,0.276,7000,0,1.14,"D",0.00013912900510021,-8.8799698223162
2010,0,0.115,5000,0,0,"AA",0.000614769680426958,-7.39364790494367
2010,1,0.3105,3001,1,1.02,"Missing",0.553443332476342,0.214593059347449
2010,0,0.138,10000,0,0.58,"A",0.00169786775973796,-6.37668276336797
2010,0,0.1955,7000,0,0.51,"B",0.000324701882794825,-8.03227832569505
2010,0,0.207,9995,0,0.53,"C",0.117755472638513,-2.01385905091209
2010,0,0.2645,8800,1,0.61,"C",0.0228851858911584,-3.75411436522695
2010,0,0.1265,5000,0,0.12,"A",0.00378940088681495,-5.57175075088477
2010,0,0.1035,2500,0,0.09,"AA",0.000384459818216447,-7.86328674472609
2010,0,0.0805,1100,1,0.18,"A",1.00046904614676e-05,-11.5124465240507
2010,0,0.3335,2000,1,0,"Missing",0.971629421221701,3.53362182819689
2010,0,0.138,1000,1,0.45,"D",6.75188923515553e-05,-9.6030355913852
2010,1,0.207,3001,0,1,"Missing",0.98204757060498,4.00191430163514
2010,0,0.276,2000,0,0,"Missing",0.00274984817699422,-5.89345594123847
2010,0,0.1035,4500,0,0.07,"AA",0.00133035753468403,-6.62097630655832
2010,1,0.3335,3000,1,0,"Missing",0.978169880446515,3.80239270972331
2010,0,0.2645,3500,1,0.95,"D",0.0239857565702032,-3.706017002055
2010,1,0.3335,2610,0,1.39,"Missing",0.985660789620369,4.23031449918425
2010,0,0.1955,8500,1,0.21,"B",0.0544790067591643,-2.85392066079171
2010,0,0.1955,1000,1,0.76,"D",0.00223704866460422,-6.10035828770974
2010,0,0.1725,9800,0,0.94,"B",7.22687558709911e-05,-9.53504639646345
2010,1,0.1725,2600,0,0.68,"C",0.0120792252590035,-4.40411545076203
2010,0,0.1725,7500,0,0.72,"B",0.0898102985440227,-2.31595338907307
2010,0,0.1265,1000,0,0.98,"D",0.0126934649023631,-4.35389327734797
2010,0,0.1265,8000,1,0.17,"AA",0.00587828615528026,-5.13059439846189
2010,0,0.1955,4000,1,0.76,"D",0.00114003857565692,-6.77555248993874
2010,0,0.1955,7500,0,0.62,"D",0.00374205554159174,-5.58437113393748
2010,0,0.322,9900,0,0.33,"D",0.0173917735945858,-4.03421317927558
2010,1,0.253,5000,0,0.86,"Missing",0.867650097227078,1.88033932554253
2010,1,0.3335,5000,1,0.97,"Missing",0.815184457850347,1.48405615807055
2010,0,0.138,1000,1,0.45,"D",0.0296965823420678,-3.48657685776474
2010,0,0.0805,1000,0,0.02,"AA",3.32825090968988e-07,-14.9156484044795
2010,1,0.3335,3001,1,0,"Missing",0.99906662486061,6.97576954826301
2010,0,0.1265,1000,0,0.05,"C",0.00036822064505461,-7.90645993206332
2010,0,0.207,8000,0,0.35,"C",2.25253287884955e-05,-10.7008476323903
2010,0,0.161,6001,0,0.56,"B",0.114399627909858,-2.04656797514612
2010,0,0.276,4000,0,1,"Missing",0.0534128426015848,-2.87481183508813
2010,0,0.276,3200,1,0.73,"Missing",0.453094790182043,-0.188174142952817
2010,1,0.3335,9000,1,0.95,"D",0.237762700960698,-1.16498480177408
2010,1,0.3335,2000,1,0,"Missing",0.919225932451014,2.43187597027862
2010,0,0.184,2000,1,0.41,"C",2.68690207132385e-05,-10.524509711977
2010,0,0.2875,2500,0,0.66,"D",0.00591024584807669,-5.12514006929548
2010,0,0.299,10000,0,0.46,"D",0.0128616949140806,-4.34055664886273
2010,0,0.1035,2000,0,0.13,"AA",0.00392569006915531,-5.53627971358737
2010,0,0.092,5000,0,0.13,"AA",0.000111010167425535,-9.10577774608906
2010,1,0.3335,4000,1,0,"Missing",0.9810090326838,3.94461820543632
2010,1,0.3105,5000,0,0.96,"Missing",0.355293348897546,-0.595851625677176
2010,0,0.1035,1500,0,0.76,"A",0.000312973549229557,-8.0690788557132
2010,0,0.3335,6000,0,0.59,"Missing",0.611131864857346,0.452072452042156
2010,1,0.3335,5500,0,0.99,"Missing",0.40816394651911,-0.371560736446345
2010,1,0.1265,1000,0,0.97,"Missing",0.0724589879451625,-2.54951629306655
2010,0,0.2185,5000,0,0.42,"B",4.02576811425107e-05,-10.1201694779763
2010,0,0.207,7500,0,0,"C",0.000975995711553603,-6.93107589315534
2010,0,0.1035,2500,0,0.28,"AA",3.26859480892578e-05,-10.3285326079768
2010,0,0.2415,1500,0,0.01,"C",0.0107230258998786,-4.52458096452395
2010,0,0.3335,9740,0,0.56,"D",0.00318346064669722,-5.746597881593
2010,0,0.276,5500,0,0,"D",0.00293612882892531,-5.82772284241966
2010,0,0.1725,9500,0,0.36,"A",0.00507874493836061,-5.27759942169688
2010,0,0.207,2500,0,0,"C",0.0237499824104705,-3.71613692930273
2010,0,0.253,4000,1,1,"D",4.0896255005648e-05,-10.1044311666706
2010,0,0.207,8000,0,0.33,"C",0.0103460353422183,-4.56075196377708
2010,0,0.2185,16000,0,0,"A",0.00988821138704202,-4.60647457591858
2010,0,0.23,7500,0,0.38,"C",0.00339690375955621,-5.68148823487977
2010,0,0.3335,4000,0,1,"Missing",0.032242810165807,-3.40168614107188
2010,1,0.3335,2550,1,0,"Missing",0.993706183880988,5.06187399037141
2010,1,0.23,7400,1,0.27,"D",0.867861397277217,1.8821806290264
2010,0,0.276,8000,1,0.93,"Missing",0.583366062158779,0.336606893871423
2010,1,0.3335,5100,0,0.81,"Missing",0.718089283922821,0.935003501033434
2010,0,0.276,10000,0,0.57,"D",0.0153656428044921,-4.16013633094744
2010,0,0.276,10000,0,0.97,"B",0.11808935541515,-2.01064915370206
2010,0,0.1495,5000,0,0.32,"B",0.000455358221944297,-7.6939706858667
2010,1,0.3335,12000,1,0,"Missing",0.95484180651971,3.05137394330577
2010,0,0.1955,9000,0,0.94,"C",0.000123778839122998,-8.99689035374735
2010,0,0.161,2000,0,0.98,"B",0.00151107997757071,-6.49341844405646
2010,0,0.2875,10000,0,0.93,"B",0.000360743521224357,-7.92698251105078
2010,1,0.2645,5000,0,0.97,"Missing",0.983906835507144,4.11313659703141
2010,1,0.322,3200,0,0.99,"Missing",0.981382012058777,3.9648335876303
2010,0,0.276,7500,1,0.82,"D",0.195420830475405,-1.41516403174717
2010,1,0.3335,2500,1,0.82,"Missing",0.814472302797275,1.47933624033643
2010,0,0.2875,15000,0,0.9,"D",0.0284553048518428,-3.53055266861816
2010,1,0.23,4200,1,0.97,"Missing",0.746427205793079,1.07964715977205
2010,1,0.2875,3000,0,0.71,"D",0.184686629272268,-1.48491205030951
2010,1,0.3335,3000,1,0.61,"Missing",0.980302469939517,3.90736791659659
2010,0,0.2645,15000,0,0.86,"C",0.00058464648004306,-7.44391838356612
2010,0,0.1035,3500,0,0.14,"AA",5.80073483124108e-05,-9.75488285137062
2010,0,0.276,4500,1,0.71,"D",0.00214113308973061,-6.14427668029913
2010,1,0.3335,3600,1,0.69,"D",0.92146581734967,2.46243170406404
2010,0,0.115,5000,1,0.06,"AA",1.3612683301548e-06,-13.5070923358422
2010,0,0.1725,14500,1,0,"A",0.000367381287906334,-7.90874286881182
2010,0,0.138,12000,1,0,"AA",5.0591190707e-05,-9.89168250105656
2010,0,0.138,20000,0,0,"AA",0.111030209650702,-2.08026093002806
2010,0,0.276,4800,1,0,"C",0.000640493636590851,-7.3526306729016
2010,0,0.115,4000,0,0.88,"A",7.60463766384329e-05,-9.48409113559075
2010,0,0.1955,7500,0,0.2,"C",2.42564689488892e-05,-10.626802958613
2010,0,0.069,9600,1,0.16,"C",0.355841223175549,-0.593460614532936
2010,1,0.3335,1000,0,0,"Missing",0.979325346888875,3.85795545046288
2010,1,0.3335,3000,1,1.01,"Missing",0.9994982561085,7.59691887494408
2010,0,0.115,2750,0,0.37,"AA",0.00168419719332195,-6.38478065479743
2010,0,0.23,5000,0,0.97,"C",0.000175380088547737,-8.64837960925302
2010,0,0.1495,10000,0,0.78,"B",0.00217370400461606,-6.12914658205488
2010,0,0.3335,15000,0,0.49,"C",0.0228009552485097,-3.75788792989956
2010,0,0.2185,12200,1,0,"C",0.0678293628636095,-2.62052070320518
2010,0,0.1955,1000,1,0.14,"D",9.71224074651198e-06,-11.5421138231047
2010,0,0.276,9500,0,0.86,"D",0.152319072868119,-1.71652681552486
2010,0,0.1035,5000,0,0.08,"A",1.70401682287865e-05,-10.9799201237171
2010,0,0.2185,5500,0,0.29,"B",0.00129007118756228,-6.65176697392857
2010,0,0.1725,2000,0,0,"B",0.00350512678973811,-5.65001730104843
2010,0,0.0805,6500,0,0.75,"Missing",0.349087302579484,-0.623053486293299
2010,0,0.1495,4950,0,0,"B",7.31461464493471e-05,-9.52297796318232
2010,0,0.1955,1500,0,0.61,"D",0.000115544587236678,-9.06573851455119
2010,0,0.3105,1000,1,0.88,"Missing",0.739176892571953,1.04169483156113
2010,1,0.1955,3000,0,0,"Missing",0.999116873552676,7.03115864902731
2010,0,0.0805,1000,1,0.99,"D",0.00183092294861114,-6.30110249462712
2010,1,0.3335,3300,0,0.91,"Missing",0.649110529417338,0.615131734222091
2010,0,0.2185,4400,0,0.98,"D",0.00902113533768941,-4.69912301174218
2010,0,0.23,25000,1,0.98,"B",0.000460008264499084,-7.68380598823941
2010,0,0.1035,2000,0,0.13,"AA",0.0021840955184772,-6.12436700235566
2010,0,0.23,18000,1,0.75,"B",0.00041124676482589,-7.79590579125043
2010,0,0.1725,1000,0,0.16,"A",0.384328059918801,-0.471217746300258
2010,0,0.23,8500,0,0.48,"B",0.0319121743721441,-3.41233523337124
2010,0,0.3335,25000,0,0.57,"B",0.000139930605715298,-8.87422399130691
2010,0,0.2415,6000,0,0.76,"D",0.0589049264946594,-2.77111944019033
2010,0,0.2185,4000,0,0.9,"D",0.000210426577652072,-8.46616331671882
2010,0,0.276,3000,0,1.62,"Missing",0.0278193123052445,-3.5538112131225
2010,0,0.2185,3725,0,0.78,"D",9.44170379701513e-05,-9.26769459263115
2010,0,0.115,3900,0,0.41,"AA",0.000112570933737574,-9.09181443563326
2010,1,0.3335,2550,1,0.91,"Missing",0.987058501346104,4.3342902115884
2010,1,0.3335,4500,0,0.97,"D",0.304216219998093,-0.827300252570978
2010,0,0.3335,1800,0,1.11,"Missing",0.588469485892388,0.357641903978059
2010,0,0.23,4500,0,0.39,"D",0.00110781681529981,-6.80425560257929
2010,0,0.1955,10000,0,0.84,"C",0.000378954281501761,-7.87771596333828
2010,1,0.3335,2875,1,1,"Missing",0.833059318932406,1.60746630470571
2010,0,0.2185,19250,0,0.88,"B",0.000276735541952714,-8.19217145616652
2010,0,0.23,9000,0,0.92,"C",0.00248442738407341,-5.99522555623574
2010,0,0.1495,15000,1,0.07,"AA",0.000328622955999733,-8.02027081782549
2010,0,0.276,5700,0,0.1,"A",0.000772947419263384,-7.1645262870448
2010,1,0.2875,10000,0,0.87,"Missing",0.994025356746122,5.11423832656498
2010,0,0.1265,7500,0,0,"AA",7.50206389129614e-05,-9.4976722733253
2010,0,0.1265,1200,0,0.87,"Missing",0.00131544106721643,-6.63226695023936
2010,1,0.3335,6000,0,1.02,"Missing",0.720767739995074,0.948273040815139
2010,0,0.115,6000,0,0.51,"AA",0.0152771772385435,-4.16600017238525
2010,0,0.1725,9500,0,0.37,"C",4.16686679514838e-05,-10.0857194101118
2010,0,0.2875,2550,0,0,"Missing",0.0595574659799537,-2.75940888411219
2010,1,0.322,2000,1,0.97,"Missing",0.655845931762083,0.644836471348395
2010,1,0.3335,4300,1,0.95,"Missing",0.997135082079759,5.8523465487036
2010,0,0.1955,1775,0,0.9,"D",4.24990745170812e-05,-10.0659857583621
2010,0,0.2645,8500,0,1,"D",0.000217260213098217,-8.4341975002974
2010,1,0.3335,2550,0,0.43,"Missing",0.906956069638047,2.27702226303867
2010,1,0.3335,4750,0,1,"Missing",0.998483425942685,6.48978367244266
2010,1,0.3335,3500,1,1,"Missing",0.974964809511002,3.66211892287684
2010,0,0.1725,10000,0,0.66,"B",0.00179370219586807,-6.3216782163927
2010,1,0.276,1800,0,1.18,"Missing",0.285681229919587,-0.916452710890596
2010,0,0.3335,9740,0,0.56,"D",0.0197358805140898,-3.90538372003528
2010,0,0.322,2000,1,0.97,"Missing",0.888613425345371,2.0766554933507
2010,0,0.207,20000,0,0.53,"A",0.00966004140533479,-4.630050342221
2010,1,0.3335,5000,0,0.73,"Missing",0.963162473072038,3.2637050340578
2010,0,0.276,1025,1,0.59,"Missing",0.267842322361607,-1.00559743940602
2010,1,0.2645,1000,1,0,"Missing",0.988779957101974,4.47877009313612
2010,0,0.207,5000,0,0.12,"C",0.00205279193731718,-6.18649958995944
2010,0,0.2875,8000,1,0.85,"D",0.251905062818408,-1.08847760960497
2010,0,0.0805,2550,0,0.01,"AA",0.00411223576676995,-5.48966770193623
2010,0,0.2185,10000,1,1.02,"C",0.0131710654774221,-4.31647429145541
2010,1,0.23,1500,0,0.74,"Missing",0.868527202495319,1.88799893929237
2010,0,0.2645,6001,1,0.92,"D",0.0111060310464901,-4.48909881722929
2010,0,0.253,25000,0,0.63,"AA",0.0154569928012587,-4.15411607198739
2010,1,0.0805,1500,1,0.91,"Missing",0.909541952284931,2.30805494158202
2010,0,0.2875,3000,0,0.71,"D",0.000178116906811878,-8.63289231064416
2010,1,0.3335,7000,0,0,"Missing",0.987565672227792,4.37478198162364
2010,0,0.138,25000,0,0.07,"AA",4.80922494766408e-06,-12.2449698111353
2010,0,0.23,7000,0,0.86,"D",0.00105304797538419,-6.85501288337945
2010,0,0.2645,8800,1,0.61,"C",0.000175873126421991,-8.64557180688812
2010,0,0.23,1000,0,1.07,"Missing",0.439975125886754,-0.241263007563361
2010,1,0.3105,1000,1,0.88,"Missing",0.984673471171253,4.16272484757758
2010,0,0.2645,1525,0,0.56,"D",7.78589950658456e-07,-14.0657805302006
2010,1,0.3335,20000,0,0.95,"Missing",0.999603657241004,7.83283474674006
2010,0,0.3335,5500,0,0.72,"D",4.6036123143829e-05,-9.98603814673244
2010,0,0.2185,13500,0,0.78,"B",0.000201270015395695,-8.5106619009557
2010,1,0.2185,9900,0,0.36,"C",0.600174561451511,0.40619250042764
2010,0,0.2875,1000,1,0.98,"C",0.0301241169243262,-3.47184203005247
2010,0,0.1725,3000,0,0.05,"AA",0.000411272834395878,-7.79584237562897
2010,0,0.3335,16000,1,0,"D",0.00155025514724784,-6.46778429243416
2010,0,0.2415,10000,0,0.84,"D",0.0013839712568305,-6.5814132603588
2010,0,0.3335,4300,1,0.95,"Missing",0.40983304450924,-0.364655604025442
2010,1,0.276,1750,1,0.91,"Missing",0.893803556044918,2.13019539122858
2010,0,0.1725,16000,0,0.77,"B",0.00516694165495633,-5.26029398514341
2010,0,0.1725,3000,0,0,"C",0.00140545077421111,-6.56599075256924
2010,1,0.322,2000,1,0.97,"Missing",0.995811213943437,5.47114672739996
2010,1,0.3335,3001,0,0.83,"Missing",0.997739073168521,6.08971696075706
2010,0,0.138,5000,0,0.1,"AA",0.00161531120035966,-6.42661102992731
2010,0,0.253,15000,0,0.04,"D",0.000429602302313651,-7.75222096097306
2010,0,0.2415,3500,0,1.03,"D",0.0019443526045316,-6.24087996314768
2010,1,0.3335,10000,0,0.47,"Missing",0.997716648601883,6.07982504160358
2010,0,0.3335,2800,0,0.97,"Missing",0.0638146410683112,-2.68583084206563
2010,0,0.1725,19300,0,0.39,"A",0.00513354579865942,-5.26681190202343
2010,0,0.2415,5000,0,0.26,"D",0.00785735845729056,-4.83841641300606
2010,0,0.2645,3100,0,0.78,"Missing",0.00460824936389971,-5.37528834154475
2010,0,0.2185,13500,0,0.78,"B",0.0007001218586241,-7.26355578726459
2010,1,0.3335,3800,0,1,"Missing",0.330545264610713,-0.705719945381445
2010,0,0.1725,2000,0,0.36,"D",0.000325992062862065,-8.02831147873301
2010,0,0.276,25000,0,0,"A",0.00245550288054527,-6.00696517681439
2010,1,0.3335,25000,0,0.61,"A",0.0227761626725031,-3.75900124035802
2010,0,0.2645,8500,0,0.86,"D",0.0206621359642442,-3.85857384956136
2010,0,0.2185,16000,0,0,"A",0.00929473892762852,-4.66896854104434
2010,0,0.1265,2400,0,0.25,"B",0.0013408024448839,-6.61314530266176
2010,1,0.23,1300,0,0,"Missing",0.895857152284704,2.15201747958316
2010,1,0.2185,13000,0,0.82,"C",0.131481004248675,-1.8879270705485
2010,0,0.1955,1500,0,0.61,"D",0.0934791066709525,-2.27187612501956
2010,0,0.1725,5000,0,0.35,"B",0.00322013943186559,-5.73510528330371
2010,0,0.0805,1000,0,0.07,"AA",0.194029887304966,-1.42403445532499
2010,0,0.092,3500,0,0.46,"AA",0.0288224066368155,-3.51735625608191
2010,0,0.3335,10000,0,0.78,"D",0.000148927766713677,-8.81190021786508
2010,0,0.138,17500,0,0.13,"AA",0.00034088149735856,-7.98363471654499
2010,1,0.3335,11700,0,0.56,"Missing",0.951195063333993,2.96988768649696
2010,0,0.1725,4500,0,0.96,"A",0.000306663009863076,-8.08945439097935
2010,0,0.2645,19000,0,0.95,"C",2.12308226402667e-05,-10.7600353029991
2010,1,0.253,6001,0,0.25,"Missing",0.926879590526993,2.53971613842859
2010,1,0.299,2500,1,0.91,"Missing",0.899079092554731,2.18703389351065
2010,1,0.3335,1500,1,0.94,"Missing",0.983754400213746,4.10355418289673
2010,0,0.2645,2600,0,0.5,"Missing",0.297299439136741,-0.860191012873096
2010,0,0.2875,15000,0,0.9,"D",0.629721439448439,0.531021973266414
2010,0,0.1265,4000,0,0,"B",0.000322873272588413,-8.03792773124916
2010,0,0.1265,8000,1,0.17,"AA",3.30268865613865e-05,-10.3181555565053
2010,0,0.3335,2500,0,0.95,"D",0.00152781585951614,-6.4823871221274
2010,0,0.23,2000,0,1.44,"Missing",0.00438798831880332,-5.42448675485503
2010,1,0.3335,3500,0,0.71,"Missing",0.894072393922753,2.13303085018505
2010,0,0.23,3000,0,0,"D",4.01088717988519e-05,-10.1238728965793
2010,0,0.207,3001,0,1,"Missing",0.0103909823467417,-4.55637158548903
2010,0,0.1035,2500,0,0.1,"AA",0.105150681315546,-2.14126096349827
2010,1,0.1955,3500,0,0.98,"Missing",0.715150631434469,0.92053268464271
2010,0,0.3335,25000,0,0.61,"A",0.387681620273666,-0.457067939082021
2010,0,0.2185,7500,0,0.8,"D",0.000167584416429599,-8.69385575650931
2010,1,0.1725,1100,0,0,"Missing",0.556333786207969,0.226295940055857
2010,0,0.1955,1600,0,0.98,"C",0.00590927927704329,-5.12530459658216
2010,1,0.23,13000,0,0.9,"C",0.00556305843052712,-5.18602865465545
2010,0,0.207,3500,0,0.01,"C",0.18039056915258,-1.51370359410769
2010,0,0.1725,3200,0,0.7,"C",1.25776083745943e-05,-11.2835798603856
2010,0,0.1955,2500,0,0.59,"C",0.00308104352867047,-5.77940113165409
2010,0,0.2645,1000,1,0.93,"Missing",0.0361128553942382,-3.28432531079428
2010,0,0.276,10000,0,0.89,"D",0.0442223734167759,-3.07329443090269
2010,0,0.1725,10000,0,0.08,"B",0.0405238052795875,-3.16449791893591
2010,0,0.253,8500,0,0.93,"D",0.00437730288415862,-5.42693561281249
2010,0,0.2185,4041,0,0.91,"D",0.00105100972788895,-6.85695236886319
2010,0,0.3335,20000,0,0.61,"D",0.00167390877627713,-6.39091849153089
2010,0,0.0805,5000,0,0.33,"AA",0.000595226712623454,-7.42597279144237
2010,0,0.3335,3600,0,0.92,"Missing",0.317375107889628,-0.765861122452741
2010,0,0.1955,8000,0,0.8,"C",0.00633178994844147,-5.05582038978154
2010,0,0.253,19000,0,0.75,"C",0.0600041973707149,-2.75146089401222
2010,1,0.3335,10000,1,0.9,"Missing",0.998203316282607,6.32001439288466
2010,0,0.2415,2500,1,0.38,"A",0.0278353039843336,-3.55322008793767
2010,0,0.2875,15000,1,0,"D",0.00549335628402586,-5.19870736500839
2010,0,0.23,15000,0,0.61,"B",0.00140242680735337,-6.56814769807132
2010,0,0.1495,10000,0,0.28,"AA",0.000203360683246885,-8.50032600937498
2010,0,0.1725,2000,0,0.5,"D",1.5103573262036e-05,-11.1005640985809
2010,0,0.3335,4000,0,1.21,"Missing",0.864326593591709,1.85170012499588
2010,0,0.1725,5000,0,0.64,"C",0.0944196387880978,-2.2608269317488
2010,0,0.184,10999,0,0.97,"B",0.000104845691762757,-9.1629160398023
2010,0,0.1495,8500,0,0.21,"AA",0.00206369873994818,-6.18118957024295
2010,1,0.3335,2600,1,0,"Missing",0.99957925489113,7.77306251610196
2010,0,0.2415,6250,0,0,"C",0.00578541589248936,-5.14661281315224
2010,1,0.3335,2500,1,0,"Missing",0.999601117675098,7.82644514773219
2010,1,0.3335,3000,1,0,"Missing",0.971153233498584,3.5164863588298
2010,0,0.138,6000,0,0.33,"AA",0.000422175390795192,-7.7696674477435
2010,0,0.276,25000,0,0,"A",0.00190111665925764,-6.26341092397287
2010,0,0.1955,5000,0,0.97,"D",0.0144106387691774,-4.2252730612991
2010,0,0.1725,5000,0,5.95,"B",8.70484374810265e-06,-11.6516222296959
2010,1,0.2645,4400,1,0,"Missing",0.938363656060463,2.72288587132397
2010,0,0.299,10000,0,0.46,"D",0.000470395486863865,-7.66146624952034
2010,0,0.115,6000,0,0.02,"AA",0.000170920316243063,-8.67414216202513
2010,0,0.1955,17000,0,0.7,"A",0.000273578107228271,-8.20364977732143
2010,0,0.1265,1200,0,1,"Missing",0.0280284685509041,-3.54610578778673
2010,1,0.2415,9000,0,0,"D",0.128477920632056,-1.91448413384531
2010,0,0.23,2000,1,0.78,"D",0.0683425466740386,-2.61243269701881
2010,0,0.2415,6000,0,0.89,"C",0.00221318444508489,-6.11110723805418
2010,0,0.322,3900,0,1.08,"Missing",0.391120670452391,-0.442603970379686
2010,0,0.1955,25000,0,0.34,"AA",0.0480995214989728,-2.98518826092113
2010,0,0.1265,11000,1,0.43,"AA",0.000241789453610086,-8.32720141821544
2010,0,0.2875,15000,0,0.83,"C",0.000155830026127585,-8.76658887867065
2010,1,0.2645,10000,0,0.88,"C",0.932133670594904,2.61993620126367
2010,0,0.276,9000,0,0.64,"D",0.09066510829591,-2.30554085447719
2010,0,0.2875,3000,0,0.73,"D",0.00183561739590554,-6.29853709432366
2010,0,0.3335,1500,1,0.94,"Missing",0.0371808886658536,-3.25407067173149
2010,0,0.2645,3250,0,0.93,"D",0.00100465107988057,-6.90210982587189
2010,1,0.3335,25000,1,0.96,"Missing",0.996832403174751,5.75160945360668
2010,1,0.2185,8500,0,0.79,"C",0.2742817875648,-0.973005802644442
2010,0,0.3335,2000,0,1.26,"Missing",0.779896123100703,1.26506113266274
2010,0,0.276,5000,0,0.95,"D",0.00074829532624239,-7.19696426129257
2010,0,0.2185,9000,1,0.98,"C",2.16216470010488e-05,-10.741793947262
2010,0,0.2415,25000,0,0.99,"C",9.27436252062129e-06,-11.5882474083576
2010,1,0.3335,1300,0,0.55,"Missing",0.924119729436834,2.49968492982774
2010,1,0.3335,2500,0,0.96,"Missing",0.97764102449624,3.77791472305832
2010,0,0.1035,9000,0,0.37,"AA",6.60089489352682e-05,-9.6256542240734
2010,0,0.138,15000,0,0.55,"A",0.00013339000014087,-8.92209998985786
2010,0,0.138,5250,1,0.39,"B",0.00370223691977489,-5.59510896193944
2010,0,0.23,10000,1,0.89,"D",2.36090877142056e-05,-10.6538552380519
2010,0,0.2875,1000,1,0.95,"D",0.0763589685317288,-2.49287801127587
2010,0,0.3335,16000,1,0,"D",0.00391068410408016,-5.54012460678493
2010,0,0.3335,15000,0,0,"AA",0.000661191768044188,-7.3208052316671
2010,0,0.138,25000,1,0,"AA",0.0116588544423165,-4.43996199787913
2010,0,0.1495,8500,0,0.21,"AA",6.94406387343123e-06,-11.8776164381978
2010,0,0.1725,1500,1,0.85,"D",0.0646286864719525,-2.67228520196762
2010,0,0.207,5500,0,1.02,"C",0.000360896428599603,-7.92655858061422
2010,0,0.1955,6750,1,0.73,"C",0.00619151510215062,-5.07836469411937
2010,0,0.1265,8000,0,0.06,"A",0.000217873559927248,-8.43137776647635
2010,0,0.115,3000,0,0.2,"AA",0.000198445107600045,-8.52479956729966
2010,0,0.1265,11000,1,0.43,"AA",0.00292534074982002,-5.83141468149637
2010,0,0.3105,6500,0,0.67,"D",7.36174199558543e-05,-9.51655525592207
2010,0,0.276,3000,0,0.67,"Missing",0.18685879580502,-1.4705515483893
2010,1,0.276,4000,0,1,"Missing",0.807877538316226,1.43627749556877
2010,0,0.1955,4000,0,0.78,"C",0.00709194671951129,-4.94167818944983
2010,0,0.253,25000,0,0.7,"C",0.000800777303994846,-7.12912657393227
2010,1,0.2415,6250,0,0,"C",0.499719250025289,-0.00112300001686627
2010,1,0.3335,2975,0,0.96,"Missing",0.946052148919849,2.86427983402297
2010,0,0.1035,5000,0,0,"AA",0.000643777108427713,-7.34751401227207
2010,1,0.3335,20000,0,0.95,"Missing",0.956196830194616,3.08325759643425
2010,0,0.2185,15000,1,0.41,"A",0.000109271323267683,-9.12156728708807
2010,1,0.299,5000,0,0,"Missing",0.754469935929083,1.12259603075333
2010,0,0.138,11000,0,0.7,"A",0.000110179107052174,-9.11329308522101
2010,0,0.3335,7000,0,0,"C",0.0258397565104045,-3.62966155524893
2010,0,0.2645,3550,0,0.66,"D",0.000934629708032331,-6.97442507456115
2010,0,0.161,3210,0,0.08,"B",0.00428129438851017,-5.44920940251674
2010,0,0.1265,1500,0,0,"AA",0.000130012246981567,-8.94775188369612
2010,1,0.3335,7000,1,0.64,"Missing",0.983981281016363,4.11784889863925
2010,0,0.1725,8575,0,0.9,"B",0.000202163311818289,-8.50623252910487
2010,0,0.138,5900,1,0.31,"A",0.0221821637121688,-3.78603486166017
2010,0,0.207,5000,0,0,"B",6.78070524240255e-05,-9.59877654102253
2010,1,0.276,3000,0,0.92,"Missing",0.790762514592316,1.32952778760343
2010,0,0.138,12000,1,0,"AA",3.34623761279064e-05,-10.3050553880069
2010,0,0.1725,2700,0,0.51,"C",2.25370117465519e-05,-10.7003290964503
2010,0,0.0805,1000,1,0.08,"AA",0.000559624642377479,-7.48768449915223
2010,0,0.253,5000,0,0.93,"D",0.00206544551145606,-6.18034175030632
2010,0,0.23,8500,0,0.89,"D",0.000157533076862089,-8.7557175644387
2010,0,0.276,9500,0,0.86,"D",0.000475733316217522,-7.65017727427117
2010,0,0.3335,5108,0,0,"Missing",0.257790380500026,-1.05748493333486
2010,1,0.3335,3000,0,1.51,"Missing",0.980999098321081,3.94408510559672
2010,0,0.184,10999,0,0.97,"B",0.000195419094214216,-8.54016866633988
2010,0,0.0805,1000,1,0,"Missing",0.112808732260591,-2.06236684376842
2010,0,0.253,5400,0,0.63,"D",0.0199688967484924,-3.89340840871463
2010,1,0.299,2864,0,0.71,"Missing",0.98251450700968,4.02874354387819
2010,1,0.3335,5500,0,0.99,"Missing",0.996394813570517,5.62177009466418
2010,0,0.23,8000,1,0.92,"C",0.0424944347407408,-3.11495841323978
2010,0,0.2415,5000,1,0.94,"C",0.000958124400079605,-6.94957435078374
2010,1,0.1265,1000,1,0.97,"Missing",0.101055514237524,-2.18555126970913
2010,0,0.3335,25000,0,0.98,"D",9.74464023386997e-06,-11.5387833990211
2010,0,0.161,7000,0,0.32,"A",0.00311736513675962,-5.76764490716562
2010,0,0.184,25000,0,0.85,"A",0.000319018568306597,-8.04994217955022
2010,1,0.3335,3000,0,0,"Missing",0.994352928874728,5.17095517702522
2010,1,0.2185,7500,0,0.98,"D",0.0119168374543546,-4.41781455461944
2010,1,0.3335,4000,1,0.98,"Missing",0.840543379805443,1.66227665188947
2010,0,0.1955,3000,0,0,"Missing",0.569387340384281,0.279351956899503
2010,0,0.1955,8000,0,0.8,"C",0.00106057420707546,-6.8478836757252
2010,0,0.3335,1300,0,0.55,"Missing",0.292533549157582,-0.883110851019818
2010,1,0.2875,7500,1,0.76,"Missing",0.978579086174813,3.82173388110858
2010,0,0.299,7000,0,0.92,"C",0.00010845502547047,-9.12906652180328
2010,0,0.207,9900,0,0.55,"C",0.00495869769719009,-5.30164110093789
2010,0,0.1725,25000,0,0.01,"A",0.00186436760966737,-6.28296725897028
2010,0,0.3335,13531,0,0.82,"D",0.00396553879119636,-5.52614012392958
2010,1,0.3335,5900,0,0.88,"Missing",0.852564411033182,1.75485736633314
2010,1,0.3335,2500,1,1.84,"Missing",0.99910442630726,7.01715007260773
2010,0,0.299,3600,0,0.53,"Missing",0.103202049705744,-2.16214187183802
2010,1,0.3335,2200,0,1.06,"Missing",0.992208454460184,4.84689398006024
2010,0,0.1495,2500,1,0.77,"B",0.000984763895723213,-6.9221233962039
2010,1,0.3335,4090,1,0.58,"Missing",0.983149423969583,4.06637627470704
2010,0,0.299,7225,0,1.01,"Missing",0.187707643223257,-1.46497465746682
2010,1,0.299,1200,1,0,"Missing",0.943686496694808,2.81885965807867
2010,1,0.299,1000,1,0.33,"Missing",0.886845931883606,2.0589209467507
2010,0,0.322,6000,0,0.98,"Missing",0.19146593140685,-1.44051292724105
2010,1,0.2645,2000,0,1.13,"Missing",0.999991114218737,11.6310492837968
2010,0,0.184,11204,0,0.73,"B",0.00153260072925162,-6.47925538723854
2010,0,0.2185,21200,1,0.47,"B",3.05014886323432e-06,-12.7003171107647
2010,1,0.2185,8500,0,0.79,"C",0.675337735259714,0.732427457685146
2010,0,0.1725,2600,0,0.68,"C",0.000202632171916575,-8.50391553080704
2010,0,0.1265,3500,0,0,"D",0.000454315539488871,-7.69626416166544
2010,1,0.23,2700,1,0.87,"D",0.57923457227861,0.319632029406156
2010,0,0.2875,2800,0,0.97,"Missing",0.0850840192738783,-2.37519300638735
2010,1,0.322,5200,1,0.92,"Missing",0.997922575489205,6.17454678310554
2010,1,0.322,1500,1,1,"Missing",0.98273257775499,4.04151541708746
2010,0,0.184,10000,0,0.11,"B",6.45446911386992e-05,-9.64808814145159
2010,1,0.3105,7500,0,0.91,"Missing",0.944966009965584,2.84319796358202
2010,0,0.3335,15000,0,0,"AA",0.0189623541731849,-3.94615517940857
2010,0,0.207,2500,0,0.87,"D",1.93985898273623e-05,-10.8502907850702
2010,0,0.2875,3500,1,0,"D",0.00331429828740761,-5.70618955301841
2010,0,0.1725,5000,0,0.41,"B",0.0795108336463854,-2.44901194664
2010,0,0.23,5000,0,0.7,"D",0.0384546647847309,-3.21906170503506
2010,1,0.3335,2500,0,0.85,"Missing",0.670369847329029,0.709858294552594
2010,0,0.1725,2700,0,0.51,"C",0.00218883774314347,-6.12219335017419
2010,0,0.3335,7000,1,0.91,"D",0.0968298018906866,-2.23295619872633
2010,1,0.3335,4000,1,0.98,"Missing",0.985606431122716,4.22647561676213
2010,0,0.2875,15000,0,0.11,"D",0.213393926011026,-1.30458770626079
2010,0,0.184,3500,0,0.83,"C",5.34974808744208e-05,-9.83582249271842
2010,0,0.1955,7500,0,0.62,"D",0.00030479513367817,-8.09556585830888
2010,0,0.1955,17000,1,0.59,"B",0.000716208789613249,-7.24082236251753
2010,0,0.1035,5000,0,0,"AA",0.000652688660242231,-7.33375742433368
2010,0,0.1725,3200,0,0.7,"C",0.00116863981638723,-6.75074543334604
2010,0,0.3335,20000,0,1.05,"C",0.0230757418725255,-3.74562719373053
2010,0,0.184,2000,1,0.41,"C",0.0263208445561388,-3.61072064623869
2010,1,0.1955,3800,0,0.7,"C",0.426314698982609,-0.296903186356199
2010,0,0.138,25000,0,0.06,"AA",0.00011061303550119,-9.10936199499319
2010,0,0.3335,3500,0,0.88,"Missing",0.158583623442628,-1.66880458754233
2010,1,0.3335,3950,0,0.78,"Missing",0.90332578933053,2.23473660120051
2010,0,0.1725,1000,0,0.16,"A",8.42074265010516e-05,-9.38214322890822
2010,1,0.161,2000,0,0.5,"C",0.148099252396891,-1.74958735332041
2010,0,0.3335,9000,1,0.95,"D",0.0895551048417971,-2.3190792434447
2010,0,0.115,1000,0,0.3,"AA",0.00059480470325065,-7.42668245445894
2010,1,0.23,5000,0,0.95,"Missing",0.992345521533148,4.86478045758655
2010,0,0.322,4000,0,0.53,"Missing",0.26215315650224,-1.03480737415657
2010,0,0.2185,9900,0,0.36,"C",0.0284073914886866,-3.53228721456558
2010,0,0.1495,15000,0,0.09,"AA",1.24249012363194e-06,-13.5983917853035
2010,0,0.3105,2000,1,0,"Missing",0.0798400806700024,-2.44452183789738
2010,1,0.3335,2550,0,0.9,"Missing",0.343009077220898,-0.64991329120678
2010,0,0.253,4500,1,0.68,"D",0.0224238899190218,-3.77494924602309
2010,0,0.115,8000,0,0.45,"AA",3.93459220733527e-05,-10.1430788739642
2010,0,0.115,5000,0,0.43,"A",0.000109664066425795,-9.11797913647123
2010,0,0.115,4500,0,0.4,"A",5.05260148054484e-06,-12.1956022500419
2010,0,0.2645,1600,1,1.46,"Missing",0.00519930613113664,-5.25401722906076
2010,0,0.1955,10000,0,0.79,"A",0.000618672826342263,-7.38731511268026
2010,0,0.115,2000,0,0.06,"AA",0.0386489966856708,-3.21381877454636
2010,1,0.322,2500,1,1.04,"Missing",0.990782324452156,4.67737196177809
2010,0,0.207,4500,1,0.71,"C",0.194128109114441,-1.42340648817884
2010,0,0.3335,10000,1,0.72,"Missing",0.781510803921677,1.27449240691449
2010,0,0.161,4575,0,0.6,"C",0.000846099235058892,-7.07402744873402
2010,1,0.276,2000,1,0.93,"Missing",0.898127465980648,2.17658963720518
2010,0,0.276,15000,0,1.03,"D",6.98694524393404e-05,-9.56881215038648
2010,0,0.1265,9000,1,0.85,"A",3.34781891135353e-06,-12.6071981475795
2010,1,0.322,1500,1,1,"Missing",0.888012035598181,2.07059389167914
2010,0,0.2875,10500,0,0.81,"D",0.0153995234161053,-4.1578993894275
2010,0,0.253,8500,0,0.93,"D",7.6814064716373e-05,-9.47404598323485
2010,1,0.2645,4000,1,1,"Missing",0.860359866530397,1.81828211312745
2010,0,0.2415,10000,0,1.01,"D",2.16718619188597e-06,-13.0420787504146
2010,0,0.207,3000,1,0.93,"C",0.000280676478495702,-8.17802715811478
2010,0,0.1265,14000,0,0.29,"AA",2.95507948584564e-05,-10.4293703644791
2010,0,0.092,3500,0,0.46,"AA",0.268563148365122,-1.00192481377071
2010,0,0.2185,18000,0,0.76,"C",2.83947865639471e-06,-12.7718872548518
2010,1,0.3335,5000,0,0,"Missing",0.999759852383034,8.33401657655071
2010,0,0.3335,2100,1,1.14,"Missing",0.0274417653842843,-3.56786381810254
2010,0,0.115,5200,0,0,"A",0.00197901347422484,-6.22317582947331
2010,0,0.207,10000,0,0.66,"B",0.0029324566243789,-5.82897800419215
2010,0,0.1725,1000,1,0.55,"B",0.000120917665545182,-9.02027976904188
2010,0,0.092,4000,0,0.13,"AA",2.43429980719251e-05,-10.6232419600071
2010,0,0.1955,5233,0,0.38,"B",0.0628433767396107,-2.70220487477331
2010,0,0.276,10000,0,0,"C",0.279651668913743,-0.946190099079423
2010,0,0.1725,15000,0,0.04,"AA",0.0798148546805004,-2.44486525869788
2010,1,0.3335,3500,1,0,"Missing",0.999485460781934,7.57172410836733
2010,1,0.322,4000,0,0,"Missing",0.849396066856953,1.72987215586029
2010,0,0.161,2500,1,0.71,"B",0.00186970446758825,-6.28010344478119
2010,0,0.1265,5000,0,0.05,"A",0.133489451778926,-1.87045182062023
2010,0,0.1495,5500,0,0.34,"B",1.25939828420485e-05,-11.2822788162274
2010,1,0.1265,1200,0,1,"Missing",0.811819180287656,1.46187432341849
2010,0,0.115,6000,0,0,"AA",0.000252778847720745,-8.28274276038131
2010,0,0.23,5000,0,0,"B",2.86416038525726e-05,-10.4606215749868
2010,1,0.3335,3500,0,1.01,"Missing",0.998169864702855,6.30153356995491
2010,0,0.23,1500,0,0.88,"Missing",0.0239734219416658,-3.70654402005039
2010,0,0.253,25000,0,0.63,"AA",4.39560794803164e-05,-10.0322756591566
2010,0,0.23,6500,0,0,"C",0.0123504957425083,-4.38163167867025
2010,1,0.2645,7500,1,0.81,"Missing",0.998427339569829,6.45341265386836
2010,1,0.3335,2500,0,0.89,"Missing",0.178536537137318,-1.52629419024396
2010,0,0.2645,3550,0,0.66,"D",0.272660851973889,-0.981164149801193
2010,0,0.1955,4000,0,0.78,"C",0.00333785406627083,-5.69908373648222
2010,0,0.23,5000,0,0.61,"C",0.000313129814654975,-8.06857953124969
2010,0,0.23,1500,0,0.6,"Missing",0.00627027308147945,-5.06564535781393
2010,1,0.276,3000,0,0,"Missing",0.963138306126496,3.2630241161231
2010,0,0.1955,3800,0,1.1,"D",0.262574603429228,-1.03262968071165
2010,0,0.23,25000,0,0.08,"B",0.0186611335953396,-3.96247488589254
2010,1,0.3335,10000,1,0.9,"Missing",0.973995894684183,3.62315266641104
2010,0,0.3335,20000,1,0.87,"D",0.0627328872844179,-2.70408248566141
2010,1,0.3335,2550,1,0,"Missing",0.993130179935463,4.97372383865956
2010,0,0.207,7000,0,0.33,"C",0.00283001489911478,-5.86463927567345
2010,0,0.0805,3000,0,0.06,"AA",0.073157411700089,-2.53917029921185
2010,1,0.23,1300,0,0,"Missing",0.596261164671703,0.38991054512664
2010,0,0.276,2500,1,1,"D",0.00526423864767476,-5.24154060660964
2010,0,0.3335,5500,0,0.99,"Missing",0.0637233983768637,-2.68735913078646
2010,0,0.253,4000,0,0.47,"B",0.373134686195214,-0.518792263577069
2010,0,0.161,1000,0,0,"B",0.234371054133841,-1.18379208661684
2010,0,0.161,9250,0,0.92,"B",6.24452336396984e-05,-9.68115819994508
2010,0,0.3335,25000,1,0.97,"D",9.50487453697339e-08,-16.1688758727375
2010,0,0.1035,2500,0,0.1,"AA",0.00710433810962055,-4.93991998608261
2010,0,0.3335,10000,1,0.9,"Missing",0.811494369271213,1.45974957058076
2010,0,0.3335,2700,0,0,"Missing",0.00964828883573751,-4.63127956693382
2010,1,0.2875,5000,1,1.1,"Missing",0.747767343996551,1.08673999245636
2010,0,0.1955,10700,0,0.12,"C",0.00320301056162638,-5.74045595976378
2010,1,0.3335,5000,0,0.72,"Missing",0.909733559977471,2.31038602386747
2010,1,0.2875,3500,0,0.97,"Missing",0.998499143536396,6.50021737420592
2010,0,0.1725,1100,0,0,"Missing",0.0274673626112511,-3.56690514951179
2010,0,0.1955,9500,0,0.37,"C",0.0019986092533729,-6.21330310448196
2010,0,0.092,3000,0,0.46,"AA",0.0024065493589317,-6.02715190900658
2010,1,0.3335,1000,1,0.67,"Missing",0.979629379926748,3.87308064609836
2010,0,0.1265,3000,0,0.32,"AA",0.00157083210455068,-6.45457772997049
2010,0,0.1955,2000,0,0.25,"Missing",0.00064285780846946,-7.34894393133462
2010,0,0.3335,7000,0,0.7,"D",0.0027086142225722,-5.90860584270697
2010,0,0.184,8000,0,0.9,"B",5.68447839109348e-06,-12.0777655022632
2010,0,0.092,1000,0,0.33,"A",3.85490758859812e-05,-10.1635398802526
2010,0,0.23,9000,0,0.88,"D",0.0173608636482703,-4.0360234910053
2010,0,0.2415,5000,0,0.95,"D",0.00201763878343047,-6.20380769342308
2010,0,0.276,1000,1,0.98,"Missing",0.543138479791877,0.172983988924684
2010,1,0.3105,6000,0,0.95,"Missing",0.00837374796410222,-4.77424470451988
2010,0,0.1265,5000,0,0.46,"A",0.00143376801118891,-6.54601453046562
2010,0,0.3335,12000,1,0.18,"C",0.0624575275578116,-2.7087752940943
2010,0,0.23,8000,0,0.84,"D",0.000112527153175362,-9.09220347039921
2010,0,0.2875,9000,0,0.43,"D",0.00175244877462235,-6.34498718326081
2010,1,0.3335,2000,1,0,"Missing",0.999691038968301,8.08198639125654
2010,0,0.299,1000,1,0,"Missing",0.119867905372741,-1.99368165582938
2010,0,0.207,15000,0,0.29,"C",0.000601156033270664,-7.41605469757868
2010,0,0.276,5000,0,0.7,"B",0.00313886697404346,-5.76074957692109
2010,0,0.161,7500,0,0.14,"A",0.00527137692229809,-5.24017835532754
2010,0,0.23,2000,0,0.01,"D",0.0379197430535675,-3.23362597301475
2010,0,0.3335,3500,1,0.95,"Missing",0.47583779196048,-0.0967241707826121
2010,1,0.3335,4000,0,1.07,"Missing",0.997741053860101,6.09059538282599
2010,0,0.23,15000,0,0.65,"B",0.590203996350026,0.364808749860207
2010,0,0.3335,2100,1,1.14,"Missing",0.1049081189031,-2.14384146444409
2010,0,0.3335,2800,0,0.99,"C",0.0667277260993151,-2.63807643433749
2010,0,0.276,25000,0,0.89,"B",0.00811879095431301,-4.80542210533332
2010,0,0.0805,5000,0,0.05,"AA",0.00118032822946118,-6.74078169325827
2010,1,0.23,1000,0,0.98,"Missing",0.837389601627215,1.63893229035667
2010,0,0.3105,8500,0,0.96,"C",0.0372454117251031,-3.25226977641078
2010,1,0.3335,2501,1,0,"Missing",0.624421112781019,0.508356466037523
2010,1,0.276,3000,0,0.92,"Missing",0.233889079679157,-1.18647997934353
2010,1,0.207,10000,0,0.66,"B",0.572005234115154,0.290037175622895
2010,0,0.2185,11500,0,0.38,"C",0.00352349122463619,-5.64477324238515
2010,0,0.253,5000,0,0.93,"D",0.00467371446866304,-5.36111646359841
2010,0,0.184,3300,0,0.3,"C",0.381588379589318,-0.482811800887171
2010,1,0.3335,5000,0,0,"Missing",0.393788071847118,-0.431416765485671
2010,0,0.253,9000,0,0.99,"C",0.0101762685875789,-4.57746847772859
2010,1,0.3335,2000,1,0,"Missing",0.985209913019233,4.19889757037369
2010,0,0.1265,1000,0,0.05,"C",0.00396299874258362,-5.52678340983217
2010,0,0.092,3000,0,0,"AA",0.0270244732619311,-3.58361605692863
2010,0,0.23,13500,0,0.31,"C",0.0102520310765822,-4.56997449410598
2010,0,0.23,9000,0,0,"C",2.32339833479209e-05,-10.6698713173317
2010,0,0.1725,10000,0,0.64,"AA",0.000819599534372457,-7.10587477412558
2010,1,0.3335,2550,0,0.98,"Missing",0.885866316059302,2.04919562690683
2010,0,0.115,9000,0,0.22,"AA",0.00199436295151369,-6.21543424784269
2010,0,0.3335,3001,1,0,"Missing",0.00415798717149571,-5.47855751917203
2010,0,0.322,12839,0,0.45,"C",0.00894702358820988,-4.70744707343086
2010,1,0.3335,3000,0,0,"Missing",0.283904705415794,-0.925174613556227
2010,0,0.2875,8500,1,0.73,"D",0.0365733686168864,-3.27117599480018
2010,0,0.0805,1000,1,0.08,"AA",2.81359713865387e-05,-10.4784335433957
2010,0,0.3335,3000,0,0,"Missing",0.00804108248651492,-4.81511798087613
2010,0,0.1725,14000,1,0.25,"A",0.00480499461070157,-5.3332827824524
2010,0,0.253,24000,0,0.72,"B",0.010266308312411,-4.5685684125798
2010,0,0.1725,5000,1,0.92,"C",0.00145868777392128,-6.52875827970207
2010,0,0.322,5000,0,0.95,"C",0.000214384582369568,-8.44752463437699
2010,0,0.23,6500,1,0.9,"C",0.115465680025711,-2.03608797122913
2010,0,0.3335,2600,0,0.98,"Missing",0.167266482647543,-1.60512543873631
2010,0,0.253,6001,0,0,"D",0.119239991759908,-1.99964698076748
2010,0,0.1725,18000,0,0.61,"B",0.000711714770628874,-7.24712136170465
2010,0,0.276,7500,0,0,"C",0.326367976050559,-0.724658497604296
2010,0,0.2185,4041,0,0.91,"D",0.0139325574095338,-4.25949639145564
2010,0,0.2185,9750,0,0.78,"B",4.10156402253957e-05,-10.1015160786073
2010,1,0.2875,2750,1,0,"Missing",0.941016296650344,2.76969926653473
2010,0,0.253,20000,1,0.77,"B",0.0234543106538019,-3.72896723691844
2010,0,0.322,3500,0,0,"Missing",0.356762807819396,-0.589442382758568
2010,1,0.1955,1550,0,0.95,"Missing",0.964551299948694,3.30357643667362
2010,1,0.3335,7500,0,0.35,"Missing",0.995427877880256,5.38319521681227
2010,0,0.115,5000,0,1.13,"A",0.00694109578534377,-4.96333032554016
2010,0,0.1955,1700,0,0.56,"Missing",0.182383983663884,-1.50027854378524
2010,1,0.1265,8000,0,0.06,"A",0.174110313652085,-1.55677212812904
2010,0,0.1955,2800,0,0,"C",7.66146508819427e-05,-9.47664561714325
2010,1,0.3335,4750,0,1,"Missing",0.986227740753543,4.27123093285902
2010,0,0.23,6500,1,0.9,"C",5.61866698911491e-05,-9.78677483149928
2010,0,0.3335,7000,1,0.91,"D",0.000780855613466335,-7.15433913849862
2010,0,0.1725,1800,1,1.02,"D",0.00203533707143202,-6.1950564255518
2010,0,0.2645,9500,0,0.53,"D",0.00203572955327036,-6.19486321703168
2010,0,0.2415,3001,1,0,"C",0.0721435779624854,-2.55421873145487
2010,1,0.3335,10000,0,0.04,"B",0.951023945517295,2.96620774689229
2010,0,0.207,3100,0,0.86,"D",7.46729426688879e-05,-9.50231806897764
2010,0,0.1035,2550,0,0.01,"AA",0.000199200438305089,-8.5209997922081
2010,1,0.299,6500,0,0.53,"Missing",0.995689910988876,5.44247731862606
2010,0,0.276,1000,1,0.9,"D",1.83140601253388e-05,-10.9078231660303
2010,0,0.184,3000,1,0.96,"C",0.0575568844278229,-2.79570180949913
2010,0,0.1495,1200,0,0.72,"D",0.00220258608849791,-6.11591809885012
2010,0,0.2875,10000,1,0.71,"D",0.000109381957632113,-9.12055521473295
2010,0,0.2185,4700,0,0.74,"D",0.0283475131423759,-3.53445891024403
2010,0,0.207,5000,0,0.5,"D",0.000249830879131402,-8.29447649040255
2010,1,0.3105,10095,0,0.9,"Missing",0.111278267219373,-2.07775019888345
2010,1,0.3335,1500,0,0,"Missing",0.755409235502748,1.12767317121462
2010,1,0.2875,5000,0,0.76,"C",0.280816483413672,-0.940415191754579
2010,0,0.1495,20000,0,0.79,"A",4.13727037995967e-05,-10.0928478495381
2010,0,0.3335,3000,0,0.65,"Missing",0.843724645817044,1.68620665010962
2010,0,0.2185,5000,0,0.28,"B",6.05387173375698e-06,-12.0148064807231
2010,0,0.1955,25000,0,0.91,"A",9.22407835669967e-05,-9.2910159421295
2010,0,0.1955,15000,1,0,"A",0.000222812239179666,-8.40895828087297
2010,0,0.1955,5000,0,0.15,"B",0.000156943202571213,-8.75946962961235
2010,0,0.2185,7500,0,0.98,"D",3.48877633607356e-05,-10.2633395219017
2010,0,0.115,1000,0,0.53,"A",0.0163262549182962,-4.09851973903744
2010,1,0.299,5000,0,0,"Missing",0.983687632125353,4.09938481421659
2010,0,0.2185,5500,0,0.29,"B",2.38951213513784e-05,-10.6418123520142
2010,1,0.2645,1600,1,1.46,"Missing",0.346602340677188,-0.6340077863461
2010,0,0.115,3000,0,0.2,"AA",0.0376478502195961,-3.24110459021028
2010,0,0.161,4000,0,0.18,"B",0.000843521666955305,-7.07708109171122
2010,0,0.2645,9600,0,0.94,"D",0.000184485690501075,-8.59775415304117
2010,1,0.1955,10000,0,0.72,"B",0.0197511599562119,-3.90459423626225
2010,0,0.253,10000,0,0.93,"D",0.0275719848498551,-3.56299583679427
2010,0,0.1725,4400,0,0.8,"Missing",0.00353791034286926,-5.64067484120772
2010,0,0.207,1000,1,0.61,"D",0.0197336685074154,-3.90549806332119
2010,1,0.3335,2100,0,1,"Missing",0.819640587438363,1.51391433965609
2010,1,0.276,3000,0,0,"Missing",0.995104015681713,5.31443192782776
2010,1,0.3335,5000,0,0.97,"Missing",0.298848298871187,-0.852788187363441
2010,0,0.1725,1600,0,0.82,"C",0.0139036510525662,-4.26160259551556
2010,0,0.1955,5000,0,0.17,"C",2.1453573911817e-05,-10.7495978567296
2010,0,0.23,2000,1,0.98,"C",0.060599829908562,-2.74094946837487
2010,1,0.3335,2000,0,0.98,"Missing",0.973581618719828,3.60692163330283
2010,0,0.2185,4041,0,0.91,"D",0.072139007896254,-2.55428700567139
2010,0,0.23,11000,0,0.44,"C",0.00321624236571062,-5.73632014244298
2010,0,0.23,5500,1,0.47,"D",4.15527592564707e-05,-10.0885050771472
2010,0,0.1495,10800,1,0.68,"A",0.000130244877172187,-8.94596395547627
2010,0,0.23,11000,0,0.44,"C",0.00242420812571098,-6.01982320274331
2010,0,0.184,9800,0,0,"C",0.00102799600850201,-6.87911546997805
2010,0,0.207,2500,0,0,"C",0.0120319047076332,-4.40808855774694
2010,0,0.138,5900,1,0.31,"A",0.000130777318664182,-8.94188375281484
2010,0,0.1725,3500,0,0.32,"C",0.000298489253359883,-8.11647809411401
2010,0,0.207,14000,0,0.28,"C",0.0616981041799017,-2.72181854375839
2010,1,0.2645,4000,1,1,"Missing",0.988462066944057,4.45051013374573
2010,1,0.322,11000,0,0.9,"Missing",0.429322345721406,-0.284616496436189
2010,0,0.2185,3000,1,0.77,"D",0.00398554105478548,-5.52108869862208
2010,0,0.3335,6000,0,0,"Missing",0.635608435259926,0.556353689143931
2010,0,0.3335,2525,0,0,"D",0.00119470850948701,-6.72865762572608
2010,1,0.276,1025,1,0.59,"Missing",0.729055446882625,0.989835589037079
2010,0,0.138,20000,0,0,"AA",0.00180384632594701,-6.3160285709278
2010,0,0.1495,20000,0,0.52,"A",0.000117886550878901,-9.04566993570159
2010,0,0.1035,1500,0,0.76,"A",0.00835195212887993,-4.7768729544509
2010,1,0.3335,5000,0,1.08,"Missing",0.995595294241689,5.42066738397529
2010,1,0.2875,13000,0,0.74,"D",0.7732541336515,1.22677789853247
2010,0,0.23,1000,0,0,"Missing",0.267099915146611,-1.00938658027749
2010,0,0.3335,23800,0,0.5,"C",0.00973027347526663,-4.62273535485329
2010,0,0.207,9750,0,0.92,"C",0.000535855507978771,-7.53111000877188
2010,0,0.2645,15000,0,0.77,"C",0.000860493667146443,-7.05714343773984
2010,1,0.2645,5000,0,1,"Missing",0.998385459155587,6.42708882397551
2010,1,0.3335,4000,1,0,"Missing",0.781123534133026,1.27222582377476
2010,1,0.276,1500,0,0.96,"Missing",0.999962830905277,10.1999957592095
2010,0,0.1725,1500,0,0.77,"C",7.70637183292976e-05,-9.47080090085087
2010,0,0.3105,12000,1,0,"D",0.0222802852657867,-3.78152082006069
2010,0,0.1955,10000,0,0.76,"C",0.000249055514280773,-8.29758565089646
2010,1,0.3335,3000,1,1.01,"Missing",0.979531393720775,3.86818197629447
2010,0,0.0805,3000,0,0.06,"AA",0.000430419030575428,-7.75032082238579
2010,0,0.1955,1500,1,0.56,"C",0.0115260799564274,-4.45154996885803
2010,0,0.138,25000,0,0.07,"AA",4.52146810545374e-05,-10.0040435060681
2010,0,0.2875,10500,0,0.81,"D",0.0290841847504001,-3.5080452184394
2010,1,0.276,5250,0,0.57,"Missing",0.999037649312089,6.94516881923512
2010,0,0.1955,3600,1,0.76,"D",0.00703041845339634,-4.95045380268734
2010,0,0.092,1000,0,0.01,"AA",8.5891460183448e-06,-11.6650026535195
2010,1,0.184,9000,0,0.69,"C",0.236631123345341,-1.17123888305839
2010,0,0.2875,2750,1,0,"Missing",0.139357300580062,-1.82063829224977
2010,1,0.2645,3100,0,0.78,"Missing",0.997816085888169,6.12445024562759
2010,0,0.23,3000,0,0.27,"D",0.000247946634118805,-8.30204904258176
2010,0,0.2875,8000,1,0.85,"D",0.0343427305995,-3.33641860878491
2010,0,0.092,2000,0,0.15,"AA",2.47638998320111e-05,-10.6060988530125
2010,0,0.253,4500,1,0.68,"D",0.824818364945271,1.54933984813137
2010,0,0.2875,3001,1,0.89,"D",1.10087536949101e-05,-11.4168088023786
2010,0,0.2185,5000,0,0.42,"B",0.641371983820275,0.581323921907429
2010,0,0.253,4000,0,0.47,"B",0.00145280015738622,-6.53280858528947
2010,0,0.1725,3000,0,0.05,"AA",0.000216348969353256,-8.43840148272215
2010,0,0.253,5400,0,0.63,"D",0.106500810258712,-2.12699283457868
2010,0,0.23,24900,0,0.87,"C",0.0393794997022906,-3.19433406137161
2010,0,0.322,5000,0,0.81,"D",6.96545043391283e-05,-9.5718935318421
2010,0,0.115,15000,0,0.21,"AA",5.60543305677276e-05,-9.78913309294692
2010,0,0.184,8000,0,0.8,"C",0.000124446321249244,-8.9915116355926
2010,1,0.2875,25000,0,0.73,"A",0.428601751494149,-0.287558254945579
2010,0,0.3335,1500,1,0.94,"Missing",0.470438876185192,-0.118382557113278
2010,0,0.3335,6000,0,0,"Missing",0.0888178490731299,-2.32815519053057
2010,0,0.1495,9000,0,0,"A",3.12167865176773e-05,-10.3745233611483
2010,0,0.1725,17000,1,0.58,"A",0.0293634604340674,-3.49820102363483
2010,0,0.1725,4200,0,0.3,"C",0.000191870205776459,-8.55849953750107
2010,1,0.3335,2500,0,0,"Missing",0.919502932659194,2.43561248023378
2010,0,0.1035,3001,0,0.21,"AA",0.000155081026557078,-8.77140773259823
2010,0,0.2185,1500,0,0.86,"D",0.0124112337338255,-4.37666437385963
2010,1,0.322,4000,0,0,"Missing",0.991972390022634,4.81680842729458
2010,0,0.1725,16000,0,0.77,"B",0.0563281072542934,-2.818584883167
2010,0,0.1955,3000,0,0.53,"C",0.324612686554315,-0.732653586039445
2010,0,0.115,3000,0,0.05,"AA",0.0019571815137205,-6.23429074456624
2010,1,0.2645,1000,1,0.93,"Missing",0.999366076145285,7.36294758884373
2010,0,0.1725,5000,0,0,"C",0.003484923607466,-5.6558181452942
2010,0,0.1725,5000,0,5.95,"B",2.12859457190622e-05,-10.7574422422533
2010,0,0.1495,17500,0,0.08,"AA",1.31765426199168e-05,-11.2370592068608
2010,0,0.138,8000,0,0.61,"A",0.000442114778281738,-7.72349881768714
2010,0,0.207,2800,0,0.99,"C",0.00272705020294533,-5.90180399032217
2010,0,0.2645,16000,1,0,"A",7.05093412130114e-05,-9.55969484562088
2010,0,0.161,8000,0,0.74,"B",0.000215511668563063,-8.44227996852747
2010,0,0.276,5000,0,0.67,"D",0.0137762405944895,-4.27093785308353
2010,0,0.1725,2000,1,0.49,"D",8.66229791638348e-05,-9.35385880255119
2010,0,0.069,9600,1,0.16,"C",0.000173479114100313,-8.65927985148554
2010,0,0.207,4100,0,0.5,"C",0.0120009793771504,-4.41069344525472
2010,0,0.1725,25000,0,0.04,"A",0.0422038288888436,-3.12212404142431
2010,0,0.2645,10000,1,0.64,"C",0.0764430980413753,-2.49168576567801
2010,0,0.3105,7000,0,0.71,"C",0.0533974435069656,-2.87511644776076
2010,0,0.3335,20000,1,0.9,"C",0.195543628136622,-1.41438321848294
2010,0,0.3335,2400,0,0.87,"Missing",0.604389183853348,0.423787394068592
2010,0,0.23,4500,0,0.39,"D",0.02404096001808,-3.70366157523481
2010,0,0.322,8423,0,0.92,"Missing",0.595563952589335,0.387015154943923
2010,1,0.2645,2600,0,0.5,"Missing",0.980837026645228,3.93542636990929
2010,1,0.3335,2200,0,1.06,"Missing",0.998940253708788,6.84866543920076
2010,1,0.2875,5000,0,1,"Missing",0.829834123263139,1.58445212249649
2010,0,0.1725,25000,0,0.16,"AA",0.00112781672470678,-6.78634316401551
2010,1,0.1035,5000,0,0.08,"A",0.37973175995096,-0.490686921122109
2010,1,0.3335,4500,0,0.91,"Missing",0.53375650631811,0.135231738000708
2010,0,0.1725,5000,0,0.74,"C",0.00442707040237408,-5.41558032350842
2010,0,0.092,1000,0,0.05,"AA",2.00087151700963e-05,-10.8193226119053
2010,1,0.1955,1500,0,0.77,"Missing",0.721312436305235,0.950981069936327
2010,0,0.23,1000,1,0.42,"C",0.0170507399364226,-4.05436390056365
2010,1,0.253,6001,0,0.25,"Missing",0.457298080234535,-0.171224785885844
2010,1,0.2185,25000,0,0.89,"B",0.089305335424624,-2.32214644266534
2010,0,0.115,3000,0,0,"A",0.00151874059323288,-6.48835394960197
2010,0,0.115,8000,0,0.21,"A",0.00105582585090134,-6.85237563758939
2010,0,0.1035,2500,0,0.28,"AA",0.000425325715063609,-7.76222987798881
2010,0,0.322,12839,0,0.45,"C",0.0167930057018363,-4.06985719958739
2010,0,0.138,7000,0,0.2,"B",0.000149336445727952,-8.80915942490881
2010,1,0.3335,2000,1,1.08,"Missing",0.914931410371272,2.3753912332225
2010,1,0.1725,25000,0,0.04,"A",0.211116078318627,-1.31821107279391
2010,0,0.299,5050,1,0,"D",0.00187281302496783,-6.27843911806999
2010,1,0.276,6000,0,0,"Missing",0.980525601175026,3.91898803340579
2010,0,0.1495,2000,1,0.54,"A",0.000362045714194943,-7.9233779605364
2010,0,0.253,2500,1,0.74,"D",0.00856221785904911,-4.75179694246881
2010,1,0.3335,5000,0,0.83,"Missing",0.605975583560714,0.430426816067748
2010,0,0.2645,3000,0,0.89,"Missing",0.953369174801248,3.01774040298581
2010,0,0.1035,7000,0,0.17,"AA",0.000399665380985742,-7.82448316322461
2010,0,0.23,3000,1,0.62,"D",0.0405775428503605,-3.16311671447855
2010,0,0.1265,1000,0,0.05,"C",0.0232079748778505,-3.73977779413329
2010,0,0.207,6500,0,0.85,"C",0.00247697219445609,-5.99823830906477
2010,0,0.138,4000,0,0.04,"AA",4.16233634209203e-05,-10.086807303422
2010,0,0.2875,3000,0,0.71,"D",0.0261138815457553,-3.61882734236992
2010,1,0.3335,2501,1,0,"Missing",0.960484630135852,3.19074827343178
2010,0,0.1955,1000,1,0.14,"D",0.000111770496159961,-9.09895115371796
2010,0,0.2645,3000,0,0.89,"Missing",0.516389985895217,0.065583440698373
2010,0,0.161,11500,1,0.36,"A",0.00860310919872404,-4.74699127675489
2010,1,0.23,2000,0,1.44,"Missing",0.999836002895169,8.71549777321174
2010,1,0.253,15000,0,0,"C",0.79709690502567,1.36824775822477
2010,0,0.161,5000,0,0.34,"B",0.314949621077862,-0.777079688480774
2010,0,0.184,8000,0,0.8,"C",0.000661209371404887,-7.32077859072249
2010,0,0.3335,8000,0,0.8,"D",0.0016561754114727,-6.40158675544025
2010,0,0.207,1600,0,0.94,"D",5.6906530432803e-05,-9.7740435449199
2010,0,0.1725,25000,0,0.31,"B",0.00625510523643372,-5.06808256046326
2010,0,0.3335,7000,0,0,"C",0.00773354864020559,-4.85442384035691
2010,0,0.1265,2400,0,0.25,"B",0.00915415368212796,-4.68435123795289
2010,0,0.1035,1400,1,0.9,"D",0.000184647243541095,-8.59687868050425
2010,0,0.138,20000,0,0,"AA",0.000996915920389197,-6.90984671099569
2010,0,0.1495,24250,0,0,"AA",0.0426070861225199,-3.11219329516144
2010,0,0.3335,9740,0,0.56,"D",0.00607635783327397,-5.09725490905847
2010,0,0.1495,2500,0,0.57,"A",0.0279716472789837,-3.54819357352791
2010,1,0.3335,3500,0,0,"Missing",0.977759915962957,3.7833679071788
2010,0,0.1725,8500,0,0.22,"B",0.0116165288031434,-4.4436417704543
2010,0,0.23,3000,0,0.89,"D",0.00417642278184006,-5.47411502427002
2010,0,0.1725,6500,0,0.9,"C",0.000221811051196593,-8.41346282358206
2010,0,0.3335,2610,0,1.39,"Missing",0.413295806635278,-0.350357187870194
2010,0,0.3335,2550,1,1.51,"D",0.000635752431152117,-7.36006537499254
2010,0,0.092,2500,0,0.06,"AA",2.64716864511051e-05,-10.539408359927
2010,0,0.2415,9800,0,0.7,"D",0.00514660179325704,-5.26425873690555
2010,0,0.1955,3000,0,0.88,"D",0.000113414808650554,-9.08434516620847
2010,0,0.2415,4000,1,0.91,"D",0.0148578499107316,-4.19425760647207
2010,0,0.1265,3500,1,0.18,"A",0.00134467535440038,-6.61025708701473
2010,1,0.3335,3000,0,0.82,"Missing",0.24299608846921,-1.13632307419531
2010,0,0.3335,3950,0,0.78,"Missing",0.0308424552485879,-3.44753502556141
2010,0,0.161,1000,0,0,"B",0.000450861455031196,-7.70389949758483
2010,0,0.1955,6500,1,0,"D",0.0489509860050275,-2.96674608876475
2010,0,0.1955,4000,1,0.76,"D",0.128001645395559,-1.91874441849588
2010,1,0.3335,12000,0,0.91,"D",0.148959229147064,-1.74278739815466
2010,0,0.2875,10500,0,0.81,"D",0.00138070816903954,-6.58377708324212
2010,0,0.2415,1000,0,0.42,"D",0.00452803017720933,-5.39292996076795
2010,0,0.3335,5500,0,0.72,"D",0.0113370083638637,-4.46828106608005
2010,0,0.276,1000,0,0.81,"Missing",0.219027506069586,-1.27134260975938
2010,0,0.161,9900,0,0.02,"AA",1.43694498952663e-05,-11.1503917705236
2010,0,0.2415,4000,1,0.91,"D",0.091336890346253,-2.29741964668117
2010,0,0.2415,4500,0,0,"D",0.00908169490031326,-4.69237125587617
2010,0,0.161,6001,0,0.56,"B",0.00424280011394954,-5.45827999714545
2010,0,0.253,17500,0,0,"AA",7.69898725353426e-06,-11.774414064253
2010,0,0.3335,5224,0,0.67,"Missing",0.0194627349719611,-3.91959904091329
2010,0,0.207,6000,0,0.58,"C",0.00308929930053021,-5.77671689633339
2010,0,0.184,3000,0,0.81,"B",0.266300096712633,-1.01347623791343
2010,0,0.3105,7000,0,0.71,"C",0.02663737281281,-3.59844147989519
2010,0,0.2645,3500,1,0.95,"D",0.00101561622126382,-6.89124360385335
2010,0,0.253,3200,0,0,"D",0.0234764250586575,-3.7280021636844
2010,0,0.1955,10000,1,0.95,"D",0.00024134780209038,-8.32903012569946
2010,0,0.092,2000,0,0.06,"AA",7.38061458232933e-06,-11.816646265439
2010,1,0.2185,19250,0,0.88,"B",0.737000299201118,1.03043540363064
2010,0,0.23,15000,0,1.03,"D",4.05837666381095e-06,-12.4147234424214
2010,1,0.2875,2750,1,0,"Missing",0.993543340540381,5.03616561260516
2010,0,0.207,1230,0,0,"C",0.00930211954896213,-4.66816734184832
2010,1,0.3335,2000,0,0,"Missing",0.998281024079852,6.36430610568315
2010,0,0.115,3900,0,0.41,"AA",0.00271554961960955,-5.90604166450907
2010,1,0.3335,3000,1,0,"Missing",0.996583984740352,5.67585867279457
2010,0,0.2645,10000,1,0.72,"D",0.0817685626195848,-2.41855661959733
2010,0,0.207,13000,0,0.52,"B",0.000326930212021333,-8.02543684507373
2010,0,0.1725,5000,0,0,"C",0.00100942292172541,-6.8973665433161
2010,0,0.23,2700,1,0.8,"D",0.00831323366041144,-4.78155863569754
2010,0,0.092,3000,0,0,"AA",0.00109469479016695,-6.81618439060122
2010,1,0.2415,5500,1,0,"C",0.032168488770383,-3.40407064969561
2010,1,0.3335,2550,0,0.95,"Missing",0.986348058532458,4.28012754928132
2010,0,0.1955,7500,0,0.62,"D",5.32455084627994e-05,-9.84054385812263
2010,0,0.1725,25000,0,0.44,"AA",0.000101106989248827,-9.19923019019057
2010,0,0.1725,3000,0,0.73,"D",8.02730894458839e-05,-9.42999584207398
2010,0,0.115,4500,0,0.15,"AA",0.0191375392871769,-3.9367804327176
2010,0,0.23,4000,0,0,"Missing",0.796635519524075,1.36539741922497
2010,0,0.138,18950,0,0,"AA",0.00027010807907759,-8.21641824161692
2010,0,0.1265,3500,1,0.18,"A",0.230833920701429,-1.20360842012137
2010,1,0.3335,3000,0,0.65,"Missing",0.923708267436161,2.4938317158268
2010,0,0.115,2000,1,0,"B",0.0382341766998375,-3.22504120047672
2010,0,0.253,15000,0,0.83,"D",0.205810716778702,-1.35036492900387
2010,1,0.299,3000,0,1.17,"Missing",0.574257671655213,0.29924390068887
2010,0,0.23,8500,0,0.48,"B",0.0141285518742083,-4.24532826340578
2010,1,0.322,1200,0,0.81,"Missing",0.991963263213517,4.81566294507383
2010,0,0.3335,2550,0,0.91,"Missing",0.551098415552346,0.205109730416856
2010,0,0.2645,14000,0,1.04,"D",0.0124102349489776,-4.37674586269392
2010,0,0.2875,5000,0,0.9,"D",0.0155823734152811,-4.14590985812372
2010,1,0.2875,10000,0,0.87,"Missing",0.989488755002107,4.54474276437113
2010,0,0.23,7500,0,0.36,"C",0.00375951523009864,-5.57969865808769
2010,0,0.2415,4500,0,0,"D",0.000214998390557684,-8.44466499413682
2010,0,0.2415,4500,0,0,"D",0.00356393853189408,-5.63331871197502
2010,1,0.3335,1000,1,1,"Missing",0.436671202677528,-0.254682951842037
2010,0,0.1725,11000,0,0.54,"B",0.0734723202766801,-2.53453518044344
2010,1,0.3335,3100,0,1,"Missing",0.91437579224306,2.36827359413936
2010,0,0.2875,2550,0,0,"Missing",0.0487899660551704,-2.97021021594926
2010,0,0.3335,8500,1,0.93,"B",0.00290882008861058,-5.83709468892669
2010,0,0.1035,2500,0,0.28,"AA",2.85779924278799e-05,-10.46284505348
2010,0,0.276,4000,0,0.89,"D",0.00377309671398959,-5.57607897234896
2010,0,0.1955,25000,1,0.02,"A",0.10795499280295,-2.11180218084531
2010,1,0.3335,7900,1,0.99,"Missing",0.999907111066164,9.28401314509079
2010,0,0.0805,1000,0,0.02,"AA",0.00417365129908042,-5.4747816297132
2010,0,0.276,5500,0,0,"D",0.00386618915200471,-5.55161229015478
2010,1,0.2875,2000,1,1.4,"Missing",0.882547070459763,2.01677447135133
2010,0,0.299,9500,0,0.86,"D",0.199481089331913,-1.38954071420731
2010,0,0.1955,3650,0,0.85,"D",1.91611127969171e-05,-10.8626085466407
2010,0,0.207,2275,0,1.03,"D",3.34056807373508e-05,-10.3067511842486
2010,0,0.2875,15000,0,0,"C",0.00533458579571835,-5.22819517077771
2010,0,0.299,5050,1,0,"D",0.281687314775302,-0.93610732609302
2010,0,0.1725,1600,0,0.82,"C",0.00091004865195496,-7.00110203319811
2010,1,0.2875,2550,1,0.67,"Missing",0.997240037622366,5.88977445254178
2010,1,0.3335,2000,0,0,"Missing",0.997906759862069,6.16694667423064
2010,0,0.276,25000,0,0.85,"B",2.80282028661711e-06,-12.7848815996696
2010,0,0.1725,4000,0,0.64,"B",0.00119854295862705,-6.72544939928609
2010,0,0.161,4575,0,0.6,"C",6.28553949182217e-05,-9.67461093124273
2010,0,0.184,20000,0,0.29,"AA",0.0497202321363255,-2.95034449822446
2010,0,0.1955,5000,0,0.46,"A",0.000169277108547812,-8.68380419888754
2010,1,0.3335,3000,1,0.75,"Missing",0.588596241530896,0.358165337360961
2010,0,0.092,2500,0,0.47,"AA",8.06070139146185e-05,-9.42584428070181
2010,0,0.253,25000,0,0.83,"A",0.000146589552811208,-8.827727433978
2010,0,0.23,12500,0,0.52,"A",5.40238051142953e-05,-9.82603174782503
2010,0,0.1725,9500,0,0.36,"A",2.56570266495128e-05,-10.5706674230566
2010,1,0.3335,1300,0,0.55,"Missing",0.71395506735177,0.914671123838023
2010,0,0.276,5500,0,0,"D",0.00792444789194422,-4.82984661507912
2010,0,0.276,25000,1,0.46,"C",0.00194763889999878,-6.23918792254044
2010,0,0.207,9500,1,0.36,"A",0.00108441138983561,-6.82563293725299
2010,0,0.3335,25000,0,0.95,"C",0.0281780578563208,-3.54062901571127
2010,1,0.2875,10000,1,0.71,"D",0.441712473709803,-0.234214951325857
2010,0,0.207,6000,0,0.58,"C",0.0134577071390009,-4.2946542327509
2010,0,0.115,1425,0,0,"AA",0.00228081142608753,-6.080940594256
2010,1,0.2415,15000,0,0.82,"C",0.676919737744599,0.739651927806356
2010,0,0.1725,16000,0,0.24,"C",0.00819469029345432,-4.79604040830009
2010,0,0.2875,15000,0,0,"C",0.000730159241027916,-7.22151748327904
2010,0,0.1725,25000,0,0,"B",0.000334947206476236,-8.00120262785266
2010,0,0.23,1500,0,0,"D",0.00444821798392531,-5.41079357531501
2010,0,0.299,10000,0,0.97,"D",0.000726657490967738,-7.2263283964031
2010,0,0.1725,14700,0,0.37,"AA",0.0101049785931362,-4.58457066611253
2010,1,0.3335,12000,1,0.97,"D",0.825898446971385,1.55683305334779
2010,1,0.3335,3000,1,0,"Missing",0.918471899949196,2.42176356405189
2010,1,0.3335,6000,0,0.94,"Missing",0.999312279310005,7.28143981902681
2010,1,0.3335,6000,0,1.02,"Missing",0.988120802802487,4.42101622463227
2010,0,0.1725,15000,1,0.72,"C",0.0313916122549725,-3.42931965799795
2010,0,0.3335,10000,0,0.78,"D",0.00631196022660867,-5.05897703182178
2010,0,0.1725,11000,0,0.42,"A",0.101198156469455,-2.1839820514287
2010,0,0.092,1668,0,0.05,"AA",0.00330339849604341,-5.70949462638999
2010,1,0.3335,3600,0,0.92,"Missing",0.908146697695274,2.29121316263924
2010,0,0.2415,15500,0,0.66,"A",0.00176884635036299,-6.33565731174659
2010,0,0.23,1000,0,0.9,"Missing",0.0246408327509872,-3.67840084502311
2010,0,0.1265,3000,0,0,"B",0.000351428735642352,-7.95315212031711
2010,0,0.2185,6000,0,0.5,"B",0.232229654136376,-1.19576388903762
2010,0,0.2875,15000,0,0,"C",0.0517845802878512,-2.90748928531423
2010,0,0.2875,2550,0,0,"Missing",0.00233626567499709,-6.05686249074629
2010,0,0.23,5000,0,0.87,"D",0.0434449351068409,-3.09184407976978
2010,0,0.23,4000,0,0.48,"D",0.0332056040285566,-3.37126719462226
2010,0,0.276,11520,0,0.6,"D",0.0008463998870551,-7.07367187201608
2010,1,0.276,10000,1,0.03,"A",0.0250924446976806,-3.65977585866288
2010,0,0.1955,25000,0,0.11,"A",0.00179926737504866,-6.31857482279365
2010,0,0.23,3100,1,0.92,"C",0.00125684884463719,-6.67788996814846
2010,0,0.3335,13200,0,0.98,"D",0.00212239034648304,-6.15308765773894
2010,0,0.138,9000,0,0.05,"AA",0.0456976551893753,-3.03893355670288
2010,1,0.1955,7500,0,0.2,"C",0.0936928445274706,-2.26935645172816
2010,0,0.1955,15000,1,0.89,"B",0.000922272464971707,-6.98774716489009
2010,1,0.299,3000,0,1.17,"Missing",0.912853892163448,2.34898972684091
2010,0,0.2645,5000,0,0.37,"D",0.00163959570956004,-6.41166464478003
2010,0,0.138,6000,0,0.53,"AA",0.000212513717831189,-8.45629148088157
2010,0,0.207,14500,1,0.66,"B",0.0055479260417771,-5.18876773428603
2010,1,0.2645,1400,0,0,"Missing",0.970395049354076,3.48976165706539
2010,0,0.3335,2525,0,0,"D",0.179966956027186,-1.51657138056316
2010,0,0.23,2700,1,0.8,"D",0.000666349487131174,-7.31302969801104
2010,1,0.3335,4000,0,1,"Missing",0.997856247101952,6.1430512411663
2010,0,0.1725,2000,0,0.54,"C",0.000324165091809987,-8.03393341167662
2010,0,0.2875,4000,0,0.45,"D",0.549707725217537,0.199489856836061
2010,1,0.23,1000,0,0.9,"Missing",0.975994180382188,3.70516033864321
2010,0,0.23,10000,0,0.35,"C",0.0321175196422693,-3.40570901081859
2010,0,0.3335,6500,0,0.89,"Missing",0.53483519082167,0.139566873765561
2010,1,0.322,4750,1,0.14,"Missing",0.995111952277869,5.31606226073968
2010,0,0.23,5000,0,0,"C",0.00156032547473971,-6.46129929777856
2010,0,0.2415,4500,0,0,"D",0.00288316578648665,-5.8459790270126
2010,0,0.1725,3000,0,0,"C",7.02808147260731e-05,-9.56294141885443
2010,0,0.23,17850,0,0.43,"C",1.06525822399474e-05,-11.4496975787146
2010,0,0.253,12000,1,0.92,"C",0.0246835201158233,-3.67662619391414
2010,1,0.299,3000,0,1.17,"Missing",0.985518375537999,4.22028720505515
2010,0,0.23,5000,0,0.64,"D",0.0790969071376717,-2.45468103789544
2010,1,0.2875,4000,0,0.02,"Missing",0.886970495927209,2.0601628363696
2010,0,0.3335,2000,0,1.23,"Missing",0.0611305561662777,-2.73166459000105
2010,0,0.0805,1500,0,0.01,"AA",1.6664061262845e-05,-11.0022395134533
2010,0,0.3335,5224,0,0.67,"Missing",0.753993984400943,1.12002840043996
2010,0,0.2645,10000,0,0.88,"C",5.69751892774296e-05,-9.77283768391189
2010,1,0.276,3000,0,0.85,"Missing",0.981462924886404,3.96927145224282
2010,0,0.1725,2000,0,1.59,"Missing",0.628510219301598,0.525830932160439
2010,1,0.3105,10000,0,0.45,"Missing",0.854277904254944,1.76855520163403
2010,0,0.1955,20000,1,0.01,"AA",0.00139745584781855,-6.571703513924
2010,0,0.1035,6100,0,0.48,"A",0.00191348020649603,-6.25691628403943
2010,0,0.1265,25000,0,0.23,"AA",0.000106494550752637,-9.14731024054405
2010,0,0.207,9999,0,0.92,"D",0.00670978278311679,-4.99745630605708
2010,0,0.3335,11000,0,0.98,"D",0.00165276920953645,-6.40364895250676
2010,0,0.0805,1500,1,0.07,"AA",0.000710233857752475,-7.24920577885218
2010,0,0.1035,3500,0,0.1,"AA",0.00361096511814813,-5.62016269623059
2010,0,0.276,3000,0,1.99,"Missing",0.273106409455462,-0.97891860146518
2010,0,0.23,5000,0,0.97,"C",0.0206610657163954,-3.85862674127199
2010,1,0.3335,4000,0,0.77,"Missing",0.960560174598294,3.19274052669944
2010,1,0.2645,3100,0,0.78,"Missing",0.850011897296655,1.73469437056641
2010,1,0.3335,16900,0,0.04,"D",0.89052121973024,2.0960761884657
2010,0,0.1495,2550,0,0.53,"B",9.29916808341027e-05,-9.28290752620413
2010,0,0.069,9600,1,0.16,"C",0.000408354448033846,-7.80296657767239
2010,1,0.3335,3000,0,0.94,"Missing",0.767290442324661,1.19307426044869
2010,1,0.276,1000,0,0.97,"Missing",0.75027678149849,1.10008900189751
2010,0,0.1265,12000,0,0.41,"A",0.0645857866272912,-2.67299507481299
2010,0,0.161,2000,0,0.98,"B",1.95778399065121e-05,-10.8410926703405
2010,0,0.1955,4500,0,0.05,"D",0.000236801093886676,-8.34805320637553
2010,0,0.3335,3001,0,0,"Missing",0.152375247454056,-1.71609181728504
2010,0,0.1725,17000,1,0.58,"A",0.000569930785805264,-7.46942553966243
2010,0,0.3335,2000,0,1.26,"Missing",0.25998906945602,-1.04602536751647
2010,0,0.161,2500,0,0,"C",0.117230941857848,-2.01891777276327
2010,0,0.3335,22000,0,0.83,"D",0.234233189790766,-1.18456054136833
2010,0,0.1265,15152,0,0.6,"A",0.0701999071239789,-2.583622621134
2010,0,0.1955,5500,0,0.07,"C",0.0938307906545177,-2.26773299316244
2010,1,0.3335,4000,1,0.98,"Missing",0.998375632603747,6.42101114549735
2010,1,0.23,5000,1,0.43,"D",0.19571391705167,-1.41330104436354
2010,0,0.161,7000,0,0.32,"A",2.56381809884647e-06,-12.8740104018888
2010,0,0.184,6000,1,0.55,"C",0.00581494149370583,-5.14149264023926
2010,0,0.23,13000,0,0.8,"D",0.0075286157576497,-4.88148698556053
2010,1,0.3335,3800,0,0.96,"Missing",0.134223951919247,-1.86411658223973
2010,0,0.1725,3500,0,0.56,"C",6.06156048692853e-05,-9.71089757450212
2010,0,0.115,3500,1,0.21,"AA",0.0016337684820813,-6.41523087587853
2010,0,0.2645,6001,0,0.88,"D",0.00094785269514393,-6.96036315046043
2010,1,0.1495,21000,0,0.24,"A",0.289196411389491,-0.899290063502493
2010,0,0.1495,5000,1,0.16,"A",0.00296996917244238,-5.81622931758763
2010,0,0.161,14100,0,0.73,"B",1.98207091232183e-06,-13.1313663624592
2010,0,0.23,7500,0,0.74,"C",0.00529741166335572,-5.23522545041863
2010,0,0.23,6001,0,0,"A",0.105078075011974,-2.14203283443166
2010,0,0.184,20000,1,0.32,"A",0.00155516319069747,-6.46461841935903
2010,1,0.3335,6000,0,0,"Missing",0.630933219339002,0.536222418813111
2010,0,0.322,12000,0,0,"Missing",0.170758023890634,-1.58026451231313
2010,0,0.23,4000,0,0,"D",0.000370660353218024,-7.89985367558735
2010,0,0.23,5950,0,0.74,"C",0.00570686159897643,-5.16036283086668
2010,0,0.23,3000,0,0.76,"C",0.0924539664532871,-2.28403342984372
2010,0,0.3335,4000,0,1.12,"Missing",0.231282657423195,-1.20108274930623
2010,0,0.138,15000,0,0,"AA",0.00945031156196035,-4.65221231940419
2010,1,0.322,3001,0,0.75,"Missing",0.716003118356181,0.924721264223697
2010,0,0.276,25000,1,0.46,"C",0.790035786056241,1.32514113683603
2010,0,0.2875,3000,0,0.71,"D",0.002316919095737,-6.06519734451503
2010,1,0.3335,4600,0,0.9,"Missing",0.991890978723461,4.8066360209882
2010,0,0.092,6001,0,0.04,"AA",2.96014359473819e-05,-10.427658084201
2010,1,0.2645,3500,0,0.92,"Missing",0.86281768295074,1.83889258664336
2010,1,0.2415,20000,0,0.01,"B",0.0237011711559636,-3.71824425386115
2010,0,0.138,8000,1,0.91,"A",0.00455489388582624,-5.38698774571459
2010,0,0.207,15000,0,0.29,"C",0.0541014386311963,-2.86127455673266
2010,1,0.23,2000,1,0,"Missing",0.606413528294216,0.432261349350409
2010,0,0.23,5000,0,0.81,"C",0.00101634052126148,-6.89052996991156
2010,0,0.207,4100,0,0.5,"C",2.21739224117881e-05,-10.7165714515145
2010,0,0.207,14000,0,0.91,"C",0.0712614551509476,-2.56747168173703
2010,1,0.322,3200,0,0.99,"Missing",0.0361531996570085,-3.28316690592001
2010,0,0.23,3000,0,0.89,"D",0.000187562573120064,-8.58121046475486
2010,1,0.3335,2550,0,1.16,"Missing",0.970811898703642,3.50437159399665
2010,1,0.3105,10000,0,0.45,"Missing",0.35216110847866,-0.609553275815145
2010,0,0.3335,3000,0,0.61,"Missing",0.758393822382957,1.14389376997482
2010,0,0.2875,1500,1,0,"Missing",0.0330503349253446,-3.37611474129045
2010,0,0.1955,1000,0,0.67,"D",0.000495223055668212,-7.61000693366252
2010,0,0.2875,3000,1,0.93,"Missing",0.0689106999698892,-2.60354372801898
2010,0,0.0575,1000,0,0.64,"D",0.000191908900775897,-8.55829784634332
2010,0,0.115,2550,0,0.58,"A",8.71257219060355e-06,-11.6507347834363
2010,0,0.253,15000,0,0.95,"C",8.97710806426298e-05,-9.31815790125396
2010,0,0.207,1500,0,0.1,"C",0.0081776519812115,-4.79813894104082
2010,0,0.3335,5000,0,0.83,"Missing",0.538855748206705,0.155737001866238
2010,0,0.138,3500,0,0.31,"A",0.00130825126868514,-6.63775483517854
2010,0,0.1035,3500,0,0.14,"AA",0.0218002565440923,-3.8037921480404
2010,0,0.207,7500,1,0.96,"D",0.000425362780902431,-7.76214269775428
2010,0,0.2185,9900,0,0.36,"C",0.00269474280832689,-5.91375413191432
2010,0,0.1955,4500,0,0.89,"D",0.00185343472761777,-6.28885959727493
2010,0,0.1725,1250,0,0.74,"C",0.00091339379915309,-6.99742963479188
2010,0,0.1955,5000,1,0.98,"B",7.33680660096457e-06,-11.8225995411623
2010,0,0.115,6001,0,0.41,"AA",2.13360860175322e-06,-13.057693698908
2010,1,0.3335,3500,0,0.88,"Missing",0.993371438495323,5.00971683796046
2010,0,0.1035,2550,0,0.05,"A",2.74074578274405e-06,-12.8072777503667
2010,1,0.3335,5000,0,1.08,"Missing",0.985366623237947,4.20970877905074
2010,1,0.23,13000,0,0.9,"C",0.89016610570291,2.09243890826275
2010,0,0.23,3000,1,1.03,"Missing",0.335583296749464,-0.683039315728435
2010,0,0.2415,3500,0,1.03,"D",3.44079274386895e-05,-10.2771891628156
2010,0,0.138,5000,0,0.1,"AA",0.0190986845873011,-3.93885239568953
2010,1,0.207,2750,1,0,"D",0.972563661284753,3.56806716961477
2010,1,0.3335,2000,0,1.26,"Missing",0.999128331406702,7.04422921113387
2010,1,0.3335,6000,0,0,"Missing",0.835065592300998,1.62196240965159
2010,0,0.2185,5000,0,0.42,"B",0.0184047087557586,-3.9765725538498
2010,0,0.1725,25000,0,0,"B",4.81855666462235e-05,-9.94040284219716
2010,0,0.1955,1700,0,0.56,"Missing",0.0193945582163726,-3.92317765623466
2010,0,0.1265,3000,0,0.89,"B",0.00206416731022981,-6.18096207285047
2010,1,0.3335,7500,0,0.35,"Missing",0.849120006888619,1.72771575396337
2010,0,0.23,7500,0,0.38,"C",0.00330653720892309,-5.70854178176378
2010,0,0.23,5000,0,0.87,"Missing",0.000654445775254208,-7.33106716514316
2010,0,0.23,7400,1,0.27,"D",0.013385816174235,-4.30008341327087
2010,1,0.23,10000,1,0.85,"Missing",0.65339156880371,0.633980893085986
2010,0,0.1725,12000,0,0.45,"AA",0.000969671073448721,-6.93758350200292
2010,1,0.0805,6500,0,0.75,"Missing",0.66223983859223,0.673291722293374
2010,0,0.1955,5000,0,0,"C",8.15836616009792e-05,-9.41379995453048
2010,0,0.207,20000,0,0.53,"A",6.70328518356579e-05,-9.6102606977398
2010,0,0.1955,4900,0,0.13,"D",0.000783607989487999,-7.15081776089971
2010,0,0.276,18000,1,0.97,"C",0.234800020024271,-1.18140303816124
2010,0,0.276,10000,0,0.68,"D",0.0160621170752611,-4.11509924525184
2010,0,0.138,10000,0,0.58,"A",9.02058871506436e-06,-11.6159919376447
2010,0,0.3335,12000,1,0.97,"D",0.000172632384003532,-8.66417352504162
2010,0,0.161,5000,0,0,"B",2.5040018070435e-06,-12.897617879059
2010,1,0.3105,4700,0,0,"D",0.745737895091803,1.07600854735126
2010,0,0.23,1300,0,0,"Missing",0.791123059350599,1.33170825223444
2010,0,0.1725,5000,0,0,"C",0.00927353240257495,-4.67127411523361
2010,0,0.092,3500,0,0.46,"AA",0.000220170048806254,-8.42089016677411
2010,0,0.2645,7800,1,1.03,"C",0.283737816973221,-0.925995645249112
2010,0,0.253,15000,0,0.95,"C",0.736114304013597,1.02586937139733
2010,0,0.2645,8200,0,0.44,"C",0.00408569747953663,-5.49616875687478
2010,0,0.207,7000,0,0.54,"B",0.000116333033215128,-9.05893716444551
2010,0,0.161,1500,1,0.25,"AA",0.000690369897713348,-7.27759241205919
2010,0,0.2875,6000,0,1.02,"D",0.0718514754168128,-2.55859062102714
2010,1,0.2645,1000,0,0.92,"Missing",0.991736645831929,4.78762701532363
2010,0,0.276,5000,0,0.7,"B",0.00870715994981516,-4.73486432029139
2010,0,0.3335,8500,1,0.93,"B",0.00155925008791248,-6.46198981919332
2010,0,0.2185,5000,0,0.42,"B",0.0060515419756719,-5.10137224063764
2010,1,0.3335,2600,0,0.98,"Missing",0.829779916681572,1.58406829748108
2010,0,0.207,3000,1,0.95,"D",0.000362756007265857,-7.921417284171
2010,0,0.207,14000,0,0.91,"C",0.025624434178101,-3.63825046415408
2010,1,0.3335,4000,1,0.98,"Missing",0.98497646455829,4.18299974612825
2010,1,0.3335,25000,0,0.11,"C",0.777041337719409,1.24850716731282
2010,1,0.3335,3000,0,0.65,"Missing",0.575321210816306,0.303595419314676
2010,0,0.115,1000,0,0.65,"A",0.00180754790683481,-6.31397491631689
2010,0,0.3335,5100,0,0.66,"Missing",0.0143364847216665,-4.23050736680302
2010,0,0.138,10000,0,0.12,"AA",0.000350040367502842,-7.95711197276313
2010,0,0.2185,20000,1,0.82,"B",0.00216139531629802,-6.13483755157121
2010,0,0.1495,1200,0,0.72,"D",0.0920635857086667,-2.28869486051288
2010,0,0.1725,14000,1,0.25,"A",0.00803387647460629,-4.81602179653995
2010,0,0.23,2400,1,0,"D",0.000127124142881744,-8.97021931372093
2010,1,0.1265,20000,0,0.01,"AA",0.0039857331374748,-5.52104031204796
2010,1,0.3335,5200,0,0,"Missing",0.542233294052633,0.169336661984304
2010,0,0.1265,2500,0,0.33,"B",0.0791856507494791,-2.45346333574665
2010,0,0.115,1000,0,0.24,"AA",2.77613545172988e-05,-10.4918378679254
2010,0,0.276,4000,0,0.89,"D",0.0414465065517888,-3.14102177346161
2010,0,0.23,4000,0,0,"D",0.000886877859141023,-7.02691601484952
2010,0,0.1725,2500,1,0.28,"B",0.051889182481088,-2.90536105312976
2010,0,0.1265,12000,0,0.02,"AA",0.000281384596632412,-8.1755067289249
2010,1,0.299,5000,1,0,"Missing",0.993579454661044,5.04181097543231
2010,1,0.3335,4000,0,1.21,"Missing",0.999819737272955,8.62091489757707
2010,0,0.276,5000,0,0.95,"D",8.01956905879782e-07,-14.0362101618833
2010,1,0.23,2000,0,1.03,"Missing",0.980281629598178,3.90628919858526
2010,1,0.1955,1675,0,0.95,"Missing",0.778605191199069,1.25755652965521
2010,1,0.3335,5000,0,0.89,"Missing",0.939409762660879,2.74111798589905
2010,0,0.1955,4000,1,0.31,"D",0.00201013405753068,-6.2075417067578
2010,0,0.2875,25000,0,0.18,"A",0.137186108258457,-1.83886055674716
2010,0,0.1265,5000,1,0,"A",0.000235659021781631,-8.35288893386727
2010,0,0.207,2550,0,0.28,"D",0.00175374738166432,-6.34424513254433
2010,1,0.3105,5000,0,0.83,"Missing",0.683617722040208,0.770447652661765
2010,1,0.3335,3000,0,0.85,"Missing",0.341692793768878,-0.655759631593841
2010,0,0.2645,15000,0,0.77,"C",0.001218714998913,-6.70873879666927
2010,0,0.161,2100,0,0.92,"C",0.00687036072986836,-4.97364459582356
2010,0,0.115,2000,0,0,"AA",4.62493506624038e-06,-12.2840436018845
2010,0,0.3335,2500,1,1.01,"Missing",0.167807513490303,-1.60124619854846
2010,0,0.23,3500,0,1,"D",0.00801608510577002,-4.81825673105562
2010,0,0.3335,20000,0,1.05,"C",0.0192263228626356,-3.93206140414224
2010,0,0.1495,9000,0,0.86,"B",0.00573689005070244,-5.15508460927866
2010,0,0.23,17850,0,0.43,"C",0.2882603968927,-0.903847891034362
2010,1,0.3335,5000,0,0.82,"Missing",0.983546921487185,4.09065274203314
2010,0,0.1495,4000,0,0.01,"A",0.00146085866210574,-6.52726896465303
2010,0,0.1725,10000,1,0,"B",0.000131037642199961,-8.93989488477255
2010,0,0.3335,5000,0,1,"D",0.00604829218239291,-5.1019126735007
2010,0,0.1725,9990,0,0.2,"A",0.0224954137275252,-3.77169152958624
2010,1,0.3335,3500,1,0,"Missing",0.6656991940622,0.688796703698601
2010,0,0.1725,10000,0,0.59,"B",0.00426409371048004,-5.45325240434567
2010,0,0.23,9000,0,0.92,"C",0.0142585128196453,-4.23604001763942
2010,1,0.3335,20000,0,0.03,"D",0.716033536460862,0.924870859437547
2010,1,0.2645,1500,1,1.11,"Missing",0.998795537724017,6.72051686740946
2010,0,0.184,10999,0,0.97,"B",0.0040287067961199,-5.51027300488682
2010,1,0.23,1000,0,0.9,"Missing",0.443076793333592,-0.228684257477874
2010,0,0.2875,9000,0,0.78,"D",0.00124899800765114,-6.68416386433943
2010,0,0.3335,2550,0,0.91,"Missing",0.00073498526928134,-7.214924845243
2010,0,0.253,3200,0,0,"D",0.00177572971849752,-6.3317665233288
2010,0,0.2415,15500,0,0.66,"A",0.000791983991812128,-7.14017708093573
2010,0,0.115,6000,0,0,"AA",0.00515278887131733,-5.26305107219979
2010,1,0.322,4000,0,0,"Missing",0.987856508261399,4.39874408575164
2010,1,0.3335,6700,0,0.39,"Missing",0.436301142820986,-0.25618746825587
2010,0,0.1955,9000,0,1,"Missing",0.0387149273178595,-3.21204576221652
2010,1,0.3335,2000,1,0,"Missing",0.998941444156382,6.84979059495656
2010,0,0.161,25000,0,0,"AA",8.9042535450069e-06,-11.6289725646982
2010,0,0.0805,2500,1,0,"AA",0.000136531157737909,-8.89882116709188
2010,0,0.2415,5000,0,0,"D",0.0137513844211562,-4.2727689642176
2010,0,0.3335,9740,0,0.56,"D",0.00231266970352045,-6.0670373579098
2010,0,0.138,17500,0,0.13,"AA",0.00192699333448211,-6.24986549619405
2010,0,0.3335,13500,0,0.78,"D",0.0107873309501643,-4.5185369575481
2010,0,0.2875,9000,0,0.99,"Missing",0.0859869124154594,-2.36364978691474
2010,0,0.322,3500,0,1.01,"Missing",0.0122013209544702,-4.393934690002
2010,1,0.3335,7000,0,0.36,"Missing",0.046724255758774,-3.01564078008392
2010,0,0.1035,2500,1,0.24,"AA",0.000128072957175589,-8.96278239732688
2010,0,0.2185,6200,0,0,"C",0.0299772864815191,-3.47687950960029
2010,1,0.23,5000,0,0.72,"Missing",0.901837270620365,2.21780748884298
2010,0,0.0805,1500,1,0.91,"Missing",0.340516814960755,-0.660991967788594
2010,0,0.23,9500,0,0.72,"D",3.97717290174221e-05,-10.1323144517506
2010,1,0.3335,4000,0,1.12,"Missing",0.99980183899278,8.5262325092914
2010,0,0.2185,4000,0,0.85,"C",0.020659738433972,-3.85869233937183
2010,0,0.23,5500,1,0.47,"D",0.188026877196807,-1.46288232319339
2010,1,0.3335,15000,0,0,"Missing",0.988243882489321,4.43155576760021
2010,1,0.0805,1500,1,0.91,"Missing",0.571464076730865,0.287827053937786
2010,0,0.1495,10000,0,0.28,"AA",0.000332141692939258,-8.00961669726918
2010,0,0.1725,11000,0,0.42,"A",8.56324718740297e-05,-9.36536036628812
2010,0,0.115,2000,0,0,"B",0.000104242558475851,-9.16868583336764
2010,0,0.2185,25000,0,0.72,"A",0.00323022275898012,-5.73196872730619
2010,1,0.3105,1000,1,0.88,"Missing",0.613119657367824,0.460444663453382
2010,0,0.1725,5000,0,0.17,"B",0.00122361843961698,-6.70471850815779
2010,0,0.2185,6600,0,0.27,"C",0.000307464138613534,-8.08684458849823
2010,0,0.23,2300,0,0.86,"C",0.0354121205935253,-3.30464679096155
2010,0,0.115,3000,0,0.16,"AA",0.00326145952396988,-5.72231368737943
2010,0,0.1035,2500,0,0.04,"A",0.00141803567352589,-6.55706365151643
2010,0,0.2645,6500,0,0.75,"D",0.0033628393943353,-5.69160109758226
2010,1,0.276,2800,0,0,"Missing",0.997245018301191,5.89158569565443
2010,0,0.3335,5000,1,1.05,"Missing",0.314028869847901,-0.78135061864133
2010,0,0.3335,4750,0,1,"Missing",0.0105515387669394,-4.54087597404717
2010,1,0.3335,1750,1,0.98,"Missing",0.924674367920103,2.50762116450218
2010,0,0.115,3500,0,0.07,"AA",0.00175991538031972,-6.34072808460093
2010,0,0.1955,1275,0,0.91,"A",0.00400110391233815,-5.51717584810878
2010,1,0.253,6500,1,0.97,"Missing",0.994959787405108,5.28525405895384
2010,1,0.3335,6500,1,0.85,"D",0.863240498854198,1.8424694128561
2010,0,0.2415,5000,0,0.77,"C",0.0110528640444842,-4.4939512942514
2010,0,0.161,8000,0,0.44,"A",0.00190510402361381,-6.26131174528036
2010,0,0.207,2000,0,0,"D",0.0135006810537083,-4.29142250249393
2010,0,0.322,6000,0,0.53,"D",0.00108383187439579,-6.82616806576949
2010,1,0.3105,2800,0,0,"Missing",0.737885690564829,1.03500821760413
2010,0,0.207,1230,0,0,"C",0.00401842058774192,-5.512839826039
2010,1,0.3335,6000,1,0,"Missing",0.20015113132469,-1.38535005785877
2010,1,0.322,5000,0,0.96,"Missing",0.970949829627948,3.50925045012279
2010,0,0.1955,5600,0,1.09,"B",0.000203832439644694,-8.49800842270717
2010,1,0.161,8000,0,0.21,"B",0.136084821653769,-1.84819621082059
2010,0,0.207,15000,0,0.16,"B",0.421719680669583,-0.315717903148453
2010,0,0.1725,10000,0,0.59,"B",0.000419694347282871,-7.77556407374247
2010,0,0.1265,8000,0,0,"A",6.13100553261207e-05,-9.6995053818556
2010,1,0.1955,3800,0,0.7,"C",0.118435579647424,-2.00732889845836
2010,0,0.1955,4900,0,0.13,"D",0.00100540090078502,-6.90136300410401
2010,1,0.276,1000,0,0.92,"Missing",0.997571088441799,6.01788017426179
2010,0,0.1265,10121,0,0,"AA",0.00182264691055789,-6.30564117801811
2010,0,0.2875,2550,0,0.53,"D",0.0196736940633646,-3.90860306481749
2010,1,0.3335,9200,1,0.98,"Missing",0.882328387187498,2.0146665051713
2010,0,0.1725,4000,0,0.28,"B",0.00141298885337705,-6.56063407586942
2010,1,0.3105,6500,0,0.67,"D",0.970918556836795,3.50814231043995
2010,0,0.2645,12000,0,0.79,"D",0.000242295366763409,-8.3251107275005
2010,0,0.23,2700,1,0.8,"D",0.00144786996267787,-6.53621287469255
2010,0,0.3335,5500,0,1.13,"Missing",0.353530451042014,-0.603556472534626
2010,0,0.115,1000,0,0.56,"A",0.000764960912956676,-7.17492056597252
2010,0,0.161,3000,0,0.95,"C",0.00217419026519012,-6.12892241837761
2010,0,0.1725,2500,1,0.9,"C",6.56803492692506e-06,-11.9332893000305
2010,0,0.23,4500,0,0.39,"D",0.00247853687770627,-5.99760524803704
2010,0,0.1495,16000,0,0.34,"A",0.000103413479110746,-9.17667182665458
2010,0,0.3335,3000,0,0.92,"Missing",0.24201610167075,-1.14165788333423
2010,0,0.1265,6475,0,0.1,"AA",7.85574897937351e-05,-9.45160128658037
2010,0,0.1265,6001,0,0.01,"A",3.18621283441496e-06,-12.6566743594719
2010,0,0.1955,18000,0,0.22,"B",0.181715416809413,-1.50476835790466
2010,0,0.1955,7500,0,0.2,"C",0.000190379277480017,-8.56630188089286
2010,0,0.3335,3000,0,1.51,"Missing",0.439930712057501,-0.241443262628602
2010,0,0.1725,8500,0,0,"B",0.00856415391237931,-4.75156889938503
2010,0,0.2415,2500,1,0.38,"A",0.00463784000755272,-5.36885790858739
2010,0,0.138,15000,0,0.09,"A",1.49006495675885e-05,-11.1140908500623
2010,0,0.1035,1000,0,0.02,"AA",0.00169163332759964,-6.38036768498456
2010,0,0.1955,11000,0,0,"C",0.00210664277584852,-6.16055083526496
2010,1,0.3335,3000,0,0.98,"Missing",0.699822131706656,0.846451011918273
2010,1,0.23,7400,1,0.27,"D",0.755141528561817,1.12622481069902
2010,0,0.1955,2400,0,0.86,"D",0.0291019371131837,-3.50741674177611
2010,0,0.0805,3000,1,0.09,"AA",0.000210616211051839,-8.46526234727831
2010,0,0.1955,4000,0,0.78,"C",0.00639918805723939,-5.04516441209044
2010,0,0.3335,4000,1,0.98,"Missing",0.111586892282951,-2.0746332558206
2010,0,0.115,10000,0,0.12,"A",1.33033263769542e-05,-11.227483147062
2010,0,0.299,2200,0,0.97,"Missing",0.110801838195688,-2.08257675045193
2010,0,0.23,5000,0,0.85,"D",0.00872107437938272,-4.73325351450113
2010,0,0.253,5400,0,0.63,"D",0.000493281455442251,-7.61393724013227
2010,0,0.1955,18000,0,0.22,"B",0.000331958200818142,-8.01016948481304
2010,0,0.3335,2500,1,1.04,"Missing",0.0495993930440038,-2.95290499060037
2010,0,0.3335,10500,0,0.76,"D",0.0104705438620705,-4.54866356497417
2010,0,0.276,10000,1,0.03,"A",0.0792670360471292,-2.45234769724501
2010,0,0.1495,20000,0,0.13,"AA",0.00174605635922112,-6.34864796054342
2010,0,0.2875,3000,0,0.62,"Missing",0.244909286590973,-1.12595000907254
2010,0,0.1495,6000,0,0.92,"C",0.0062016305800454,-5.07672208415919
2010,0,0.2645,19000,0,0.95,"C",0.000475434027955943,-7.65080688099101
2010,1,0.3335,1800,0,0.85,"Missing",0.654718014062977,0.63984319633262
2010,0,0.1725,20000,1,0.72,"B",1.51608507299506e-05,-11.0967789016075
2010,0,0.161,25000,1,0.63,"AA",0.000125108408643034,-8.98620481114294
2010,1,0.3335,4000,0,0.95,"Missing",0.997675879004734,6.06208655202373
2010,0,0.3335,3500,0,0.88,"Missing",0.0708492855497573,-2.57371607654604
2010,0,0.1725,12000,0,0.94,"B",0.00065387081938416,-7.33194666520878
2010,0,0.1035,4900,0,0,"AA",0.0013973863615902,-6.57175330812385
2010,1,0.299,1500,0,0,"Missing",0.999144056308102,7.0624496542579
2010,0,0.138,25000,0,0.01,"AA",8.10360150906525e-05,-9.42053583206331
2010,1,0.3335,1000,0,0.95,"Missing",0.788716736916435,1.31720752884366
2010,0,0.276,1000,1,0.18,"C",0.000759231939519843,-7.18244372128324
2010,0,0.2645,6001,0,0.61,"D",0.00335224235624701,-5.69476792328368
2010,0,0.1955,15000,1,0.41,"B",0.0134365716971781,-4.29624739919782
2010,0,0.1955,2400,0,0.77,"D",0.00153232739322748,-6.47943402473636
2010,0,0.3335,5300,0,0.83,"Missing",0.658991727342898,0.658804244093797
2010,0,0.2875,14000,0,0.84,"B",5.18389848953908e-05,-9.86731624727663
2010,0,0.2185,3900,1,0,"C",0.177651111395439,-1.53234316515586
2010,0,0.23,12000,0,0.95,"C",0.000345958703631907,-7.96884512513362
2010,0,0.23,10000,0,0.45,"A",0.000745066898364381,-7.20129120255527
2010,1,0.3335,13200,0,0.98,"D",0.66747231641143,0.696774800330354
2010,0,0.207,25000,0,0.69,"B",0.00471841846146101,-5.35155202191975
2010,1,0.3335,3000,1,0.74,"Missing",0.989806184612241,4.57572794898198
2010,0,0.2875,8500,0,0.78,"D",0.000922762360983224,-6.98721563196612
2010,0,0.1725,2000,1,0.49,"D",0.00172847880807027,-6.35878358462728
2010,0,0.1035,6001,0,0.26,"AA",0.000222645268291393,-8.40970810814401
2010,0,0.207,15000,0,0.51,"B",4.00365765713604e-05,-10.1256770700103
2010,0,0.3335,3000,0,0.91,"Missing",0.234324570091075,-1.18405115323867
2010,1,0.3335,4000,1,0.92,"Missing",0.995685075217816,5.44135112536941
2010,1,0.276,4000,0,0.99,"Missing",0.807071160793925,1.43109043166655
2010,0,0.138,7500,0,0.81,"A",0.0200487502410119,-3.88933600559265
2010,0,0.1955,2000,0,0,"D",9.50035681639e-05,-9.26150109936779
2010,0,0.1955,1275,0,0.91,"A",0.000896306870452132,-7.0163310054879
2010,0,0.2185,10000,1,0.81,"C",0.00143721161762837,-6.54361217384528
2010,0,0.0805,2000,0,0.39,"C",3.54977747221945e-05,-10.2460050489247
2010,0,0.207,6000,0,0.75,"C",0.000254385664391861,-8.27640466072107
2010,0,0.1035,1025,1,0.76,"D",2.97516378721094e-05,-10.4225966208829
2010,0,0.3335,7900,1,0.99,"Missing",0.0495053089378699,-2.95490266140319
2010,0,0.2875,10000,1,0.71,"D",0.000351927264926088,-7.95173404824471
2010,0,0.161,3000,0,0,"C",0.000203252991625827,-8.5008558170481
2010,0,0.1265,1200,0,0.87,"Missing",0.0960711840086834,-2.2416611971364
2010,0,0.322,6000,0,0.86,"Missing",0.22940797082291,-1.21165713799431
2010,0,0.0575,1000,0,0.42,"D",0.0179422051339319,-4.00249439462356
2010,1,0.322,12000,0,0,"Missing",0.99649787937581,5.65087833393583
2010,0,0.2875,25000,0,0.73,"A",0.00135956174093552,-6.59923239369623
2010,0,0.161,8000,0,0.92,"B",0.00178361049810257,-6.3273303962967
2010,1,0.3105,7500,0,0.91,"Missing",0.998851603720745,6.76823979346905
2010,0,0.1495,9000,0,0.26,"AA",0.000108377582296519,-9.12978091227301
2010,0,0.138,19500,1,0,"AA",5.83249703867449e-06,-12.0520595082652
2010,0,0.2185,13000,0,0.82,"C",0.00693554594528608,-4.96413579649931
2010,0,0.161,25000,0,0.23,"B",0.00878464620421293,-4.725926372189
2010,0,0.207,7500,1,0.96,"D",8.01609550149645e-05,-9.43139384267127
2010,0,0.2875,15000,0,0,"D",0.0802316951149791,-2.4392031580731
2010,0,0.115,1000,0,0.28,"A",0.000234391946518195,-8.35828143928859
2010,1,0.2875,5000,1,0.96,"Missing",0.99526307003608,5.34761785527865
2010,0,0.1265,9000,1,0.85,"A",5.05868257731192e-05,-9.89176878768017
2010,0,0.207,5600,0,0.48,"B",0.000207265474073215,-8.48130281597633
2010,0,0.3335,3000,1,0.82,"Missing",0.0376575241942602,-3.24083761119093
2010,1,0.3335,2200,0,1.06,"Missing",0.998786642802031,6.71315012362783
2010,1,0.3335,4000,1,0,"Missing",0.999777821676088,8.41180803465785
2010,0,0.115,6000,0,0,"AA",1.51706320633842e-05,-11.096133929373
2010,0,0.1265,4000,0,0.64,"D",0.000577056461359609,-7.45699321991143
2010,0,0.161,7000,0,0.55,"C",0.000290059577916314,-8.14513411333982
2010,0,0.2415,7000,0,0.52,"C",0.00172970806885406,-6.35807142529772
2010,0,0.23,2700,1,0.87,"D",0.00816453697919976,-4.79975721282073
2010,0,0.1265,8000,0,0.62,"B",3.76232816135975e-06,-12.4904688379964
2010,0,0.0805,1850,1,0.31,"AA",0.000628648906288543,-7.37130878811576
2010,0,0.1955,4000,0,0.02,"AA",0.00170228657493848,-6.37407915048887
2010,0,0.184,4500,0,0.88,"D",0.00174745053149759,-6.34784841330871
2010,1,0.3335,2550,0,0.91,"Missing",0.999655051898299,7.97177157448936
2010,0,0.3335,2500,0,0.85,"Missing",0.675221450818992,0.731897149410342
2010,1,0.3335,8500,1,0.87,"Missing",0.993824105247742,5.08090646333852
2010,1,0.3335,2100,1,1.14,"Missing",0.990797282720035,4.6790111581366
2010,0,0.184,8500,0,0.56,"C",0.0371665290647766,-3.25447186953451
2010,0,0.23,7500,0,0.38,"C",0.321745910139025,-0.745759846445901
2010,1,0.3335,2500,1,0,"Missing",0.372810443972526,-0.520178719788859
2010,0,0.184,4500,0,0.88,"D",0.000295699212554888,-8.12587205115572
2010,0,0.1035,2500,0,0.09,"AA",0.000311167827569306,-8.07486693660069
2010,0,0.1265,8000,0,0.32,"A",0.0013268830989888,-6.62359485753061
2010,1,0.3335,9740,0,0.56,"D",0.740866607100897,1.050477632068
2010,0,0.2645,8000,1,0.74,"D",0.00632788493484608,-5.05644124131446
2010,0,0.276,5000,0,0.67,"D",0.00436103183156867,-5.43067602213523
2010,1,0.3335,3001,0,0,"Missing",0.98269138936113,4.03909102063459
2010,0,0.3335,22000,0,0.83,"D",0.0601579382375821,-2.748738434008
2010,0,0.161,6000,0,0.03,"AA",0.00399099343800316,-5.51971611841005
2010,0,0.1725,10000,0,0.16,"A",0.00454454155857373,-5.38927352426012
2010,0,0.161,6001,0,0.56,"B",0.012476369938533,-4.37136397534469
2010,0,0.2415,9000,0,0,"D",0.321243774415474,-0.748061786567773
2010,0,0.1495,15000,0,0,"B",0.000942395212148749,-6.96614298602148
2010,0,0.2185,12200,1,0,"C",0.00344086066729833,-5.66858685086517
2010,1,0.253,3000,0,0.3,"Missing",0.985010136156206,4.1852777026956
2011,0,0.1955,5500,0,0.91,"C",0.00275574620697514,-5.89130746725979
2011,0,0.2185,25000,0,0.66,"A",1.12219023945995e-06,-13.7002270891597
2011,0,0.2185,3900,1,0,"C",2.89333455429609e-05,-10.4504868692103
2011,0,0.299,25000,0,0.69,"B",0.107181844565003,-2.11985605291642
2011,0,0.2875,2500,0,1.01,"D",0.088796861292399,-2.32841455314683
2011,1,0.3335,5300,0,0.83,"Missing",0.638874933776287,0.570484371263605
2011,1,0.23,5000,0,0,"A",0.987903209548884,4.40264456146199
2011,0,0.1955,20000,1,0.01,"AA",0.000553781301348385,-7.49818677737059
2011,0,0.23,5000,0,0.43,"D",1.9797397062988e-05,-10.8299402927778
2011,0,0.1495,21000,0,0.24,"A",0.000101171098096599,-9.19859625761466
2011,0,0.1035,5000,0,0.54,"A",0.00130793894281063,-6.63799391180354
2011,0,0.276,15000,0,0.85,"C",0.00044394254425709,-7.71937136761603
2011,0,0.276,4800,1,0,"C",0.000388286992754556,-7.85337745732006
2011,0,0.299,3001,1,1.01,"Missing",0.157043115919088,-1.68039541954779
2011,0,0.207,1230,0,0,"C",0.0213295864725628,-3.82609978442771
2011,0,0.2645,10000,0,0.44,"C",0.0614301592500726,-2.72645636312383
2011,0,0.0805,1000,1,1.06,"Missing",0.0174408436485004,-4.03134576030638
2011,0,0.253,12150,0,0,"D",0.0289027341244088,-3.5144904370798
2011,0,0.1725,15000,0,0.05,"AA",9.07783733639631e-07,-13.912258757741
2011,0,0.276,1500,0,0,"Missing",0.168459821731241,-1.59658234303199
2011,1,0.3335,3000,1,0.67,"Missing",0.997269631650105,5.90058464958124
2011,0,0.115,15000,0,0.21,"AA",0.0191482965341207,-3.93620752155982
2011,1,0.1955,1675,0,0.95,"Missing",0.770898339752345,1.21339067355597
2011,1,0.276,1500,0,0.99,"Missing",0.998888233705795,6.80069288755916
2011,0,0.1725,14700,0,0.37,"AA",0.0163793885899481,-4.09521651408846
2011,0,0.1035,3000,0,0,"AA",0.00884489484739819,-4.71903059668501
2011,0,0.1955,3000,1,0.59,"C",0.180784992469673,-1.51103813559555
2011,0,0.1955,1500,0,0.61,"D",1.85630224441042e-05,-10.8943204334658
2011,0,0.1035,3030,0,0.04,"AA",0.0229553560834728,-3.75098105607698
2011,0,0.161,9999,0,0,"A",0.0478813334795126,-2.98996394597837
2011,0,0.1955,2000,0,0.25,"Missing",0.0203318358189877,-3.8750259817989
2011,0,0.1725,2500,0,0.7,"D",0.0313964305765365,-3.42916120455296
2011,0,0.207,3100,0,0.98,"C",9.67038636276338e-07,-13.849026420468
2011,0,0.1725,2000,0,0.36,"D",3.83051788365813e-07,-14.7750952561897
2011,0,0.3105,7500,0,0.73,"C",0.00493058022646391,-5.30735582921747
2011,0,0.1955,5000,0,0.97,"D",0.206763479673104,-1.34454590763564
2011,0,0.253,2500,1,0.63,"D",0.00561255632728145,-5.17712062401883
2011,0,0.3335,2550,1,1.51,"D",0.0615999902109067,-2.72351459614534
2011,0,0.3335,20000,0,0.04,"C",0.000207046183154407,-8.48236161493728
2011,1,0.276,3000,0,0,"Missing",0.888835672830451,2.07890284195331
2011,1,0.3335,1000,0,0,"Missing",0.992248486949941,4.85208551021862
2011,0,0.1265,2500,1,0,"B",0.00274928210501908,-5.89366238578194
2011,0,0.1035,5000,0,0,"AA",0.00285800468962679,-5.85476946201537
2011,0,0.276,9950,0,0,"D",0.00822376777337054,-4.79246903884711
2011,0,0.1035,7000,0,0.17,"AA",8.13483553040819e-06,-11.7193469001572
2011,0,0.1725,1000,0,0,"D",0.000359122851865111,-7.93148683491071
2011,1,0.3335,22000,0,0,"D",0.777811259399539,1.25295669401763
2011,1,0.1265,5000,0,0.12,"A",0.909381134525128,2.30610187663475
2011,1,0.3335,5000,0,0.78,"Missing",0.784938116173619,1.29467906331242
2011,0,0.2875,4000,1,0.47,"C",0.0743236060110539,-2.52209609364276
2011,1,0.3335,2550,0,1.7,"Missing",0.987931998763071,4.40505644442286
2011,0,0.1955,6500,1,0,"D",0.00042451790754584,-7.76413176003043
2011,1,0.3335,3999,0,0.96,"Missing",0.959666884374611,3.1694133696055
2011,0,0.276,23000,0,0.82,"B",0.00155407415105201,-6.46532002894853
2011,1,0.2645,8000,1,0,"C",0.619940119534655,0.489294071501196
2011,0,0.1725,5000,1,0.6,"D",0.0163501304192973,-4.09703413610829
2011,0,0.2415,25000,0,0.99,"C",0.000595006655721819,-7.42634278265169
2011,0,0.322,15000,0,0.93,"B",0.0812181823162674,-2.42590953916755
2011,0,0.1955,25000,0,0.54,"A",0.000576391655642759,-7.4581466127886
2011,1,0.3335,3000,0,1.01,"Missing",0.996052386777227,5.53068870448463
2011,0,0.207,3100,0,0.98,"C",0.0163502631132848,-4.09702588546613
2011,0,0.1495,15000,1,0.07,"AA",0.000735006783185388,-7.21489555293726
2011,0,0.092,2500,0,0.47,"AA",6.14608719743546e-06,-11.999688760578
2011,0,0.23,9000,0,0.92,"C",0.00118729495485382,-6.73488970621347
2011,0,0.138,25000,0,0.07,"AA",0.00112969020466717,-6.78468151022146
2011,0,0.2415,9500,0,0.73,"D",0.0337535787989577,-3.354332445908
2011,0,0.1725,9000,0,0.3,"B",0.000123503789388163,-8.99911520764539
2011,0,0.161,4575,0,0.6,"C",0.00320428237506135,-5.74005769453697
2011,0,0.1495,2500,0,0.57,"A",0.000223869707399825,-8.40422244396469
2011,1,0.253,18200,1,0.8,"C",0.853301371568204,1.76073245728181
2011,1,0.276,1000,0,0,"Missing",0.687909739852826,0.790365195937371
2011,1,0.3335,1500,0,0,"Missing",0.990682363125889,4.66648491911646
2011,0,0.3335,4200,0,1,"Missing",0.0199387067092842,-3.89495221056589
2011,0,0.092,1668,0,0.05,"AA",0.00380777257862914,-5.56689584523461
2011,0,0.1495,4950,0,0,"B",5.56941543422008e-06,-12.0982148890747
2011,0,0.138,25000,0,0.06,"AA",8.79411914477309e-05,-9.33875430082857
2011,0,0.2875,15000,0,0,"C",1.80035258986691e-05,-10.9249249323034
2011,1,0.23,1000,0,1.07,"Missing",0.959970752235002,3.1772924365292
2011,0,0.092,2750,0,0.01,"AA",0.000112926478416975,-9.08866065162876
2011,0,0.1955,25000,0,0.34,"AA",3.46074805383009e-05,-10.2714060906602
2011,1,0.23,25000,1,0.19,"C",0.766381997963257,1.18799342579489
2011,0,0.1955,2000,1,0.97,"Missing",0.436093938010479,-0.257030006575178
2011,0,0.253,17500,0,0,"AA",0.0664777092264199,-2.64209814953717
2011,0,0.207,15000,0,0.61,"A",7.25977779649873e-05,-9.53050364273148
2011,0,0.1265,3000,0,0,"B",3.25783353901962e-05,-10.3318304702254
2011,1,0.276,3000,0,0.92,"Missing",0.99631583590856,5.60002065259189
2011,0,0.1265,4000,0,0,"B",6.51603336774881e-06,-11.9412382302885
2011,1,0.3335,5000,0,0.78,"Missing",0.671444259832797,0.714724499673503
2011,0,0.138,9000,0,0.43,"B",0.00811078501823179,-4.80641676283027
2011,0,0.1955,13000,1,0.88,"B",0.000283752121324525,-8.16712572077646
2011,0,0.1725,5000,0,0.92,"B",1.58041288567957e-06,-13.357822844599
2011,0,0.1035,3000,0,0,"AA",1.43018823129999e-06,-13.457703061886
2011,0,0.299,7000,0,0.92,"C",0.130510463224392,-1.896452898598
2011,0,0.1725,14500,1,0,"A",0.00420371347522657,-5.46757440964586
2011,0,0.23,10000,0,0.85,"D",5.70203602303327e-05,-9.77204513490006
2011,0,0.1265,25000,1,0.09,"AA",0.00892698684300042,-4.70970928950643
2011,0,0.1725,1500,0,0.8,"C",0.0127323650451409,-4.35079398223392
2011,0,0.253,4000,0,0.47,"B",0.0682629404890952,-2.61368362956427
2011,0,0.23,5500,0,0.8,"D",0.0164738449751787,-4.08937026109564
2011,1,0.3335,3000,0,0,"Missing",0.966001952612684,3.34686276236648
2011,1,0.3335,2501,0,1.07,"Missing",0.703641366676923,0.864698484029796
2011,0,0.1955,2000,0,0.79,"D",0.000118178651036587,-9.04319490095861
2011,0,0.2185,25000,0,0.72,"C",0.0878393044386634,-2.34030711659961
2011,0,0.1495,1200,0,0.72,"D",0.0036070926786583,-5.62123956935584
2011,0,0.1955,10000,0,0.62,"B",0.000460517036763918,-7.68270008361595
2011,0,0.2645,5000,0,0.97,"Missing",0.100488400163461,-2.19180964960059
2011,0,0.23,1990,1,1,"D",0.0022022485996125,-6.11607167274883
2011,0,0.23,18000,0,0.71,"B",0.0449891999201928,-3.05530019020908
2011,0,0.3335,5000,0,0,"Missing",0.625198369336838,0.511672089207191
2011,0,0.2875,5000,0,0.9,"D",0.00892129555084834,-4.71035277322666
2011,0,0.253,6000,0,0.71,"C",0.00171140499528839,-6.36872774003117
2011,0,0.2875,15000,0,0.45,"C",0.00664590879347301,-5.00708574148451
2011,1,0.1955,10000,1,0.95,"D",0.650721839779135,0.622213644012319
2011,0,0.1725,2650,1,0.42,"D",7.42078484359034e-05,-9.50856642871387
2011,0,0.1725,4000,0,0.84,"Missing",0.115910153271089,-2.03174334381595
2011,0,0.2415,10000,0,0.84,"D",0.0142327502171167,-4.23787460937555
2011,0,0.1725,14000,0,0.69,"B",0.0660507378341958,-2.64899891184116
2011,0,0.1725,1700,0,0.83,"D",0.00467459588368362,-5.36092700599426
2011,1,0.1725,7000,1,0,"B",0.774362240462385,1.23310889558467
2011,0,0.1265,6500,0,0.34,"A",0.0250069023218914,-3.66327851203105
2011,0,0.2875,1000,1,0.95,"D",0.533904301237404,0.135825636540824
2011,0,0.1265,1500,0,0.39,"B",0.000217184360203861,-8.43454677097683
2011,0,0.1725,4000,0,0.28,"B",0.00104684762592741,-6.86092449570695
2011,1,0.3335,2501,1,0,"Missing",0.999260262605729,7.20847529622029
2011,0,0.1725,8000,0,0.64,"B",0.00159289913195135,-6.44060540046782
2011,1,0.3335,5300,0,0.96,"Missing",0.992304477826535,4.85939136969491
2011,1,0.23,2000,0,0.84,"Missing",0.960998861386118,3.20438238321644
2011,1,0.3335,15000,0,0.98,"Missing",0.642780526099235,0.587452972261481
2011,0,0.2415,4000,1,0.91,"D",0.0111616684739634,-4.48404540104009
2011,0,0.1265,1200,0,0.87,"Missing",0.138881326360324,-1.82461252599185
2011,0,0.276,25000,0,0,"A",0.0474334193459613,-2.99983297574377
2011,1,0.3335,2000,0,1.23,"Missing",0.951422539920318,2.9747986360794
2011,1,0.1955,1500,0,0,"Missing",0.989882955510829,4.58336513470172
2011,0,0.1955,4900,0,0.13,"D",0.0237927351013857,-3.71429463920513
2011,1,0.2875,4500,1,0.93,"Missing",0.710791094009553,0.899229281596478
2011,0,0.23,1990,1,1,"D",0.0145979174053421,-4.21217088848865
2011,0,0.2645,1525,0,0.56,"D",0.04055000602996,-3.16382426806522
2011,0,0.2875,4500,1,0.2,"D",0.00360201909687932,-5.62265220851108
2011,0,0.0805,1000,0,0.09,"AA",2.3380854366543e-07,-15.2687630121438
2011,0,0.1265,1500,0,0.07,"B",0.0146690717620534,-4.20723623691917
2011,0,0.2645,3250,0,0.93,"D",3.22500706323939e-05,-10.3419580739825
2011,0,0.2645,7000,0,0.98,"C",0.00172458296842591,-6.36104394338751
2011,0,0.2645,1400,0,0,"Missing",0.102850688802233,-2.16594399116131
2011,0,0.1265,8000,0,0.62,"B",4.36845244421402e-06,-12.3410973748731
2011,0,0.276,15000,1,0.81,"D",0.0168727981057215,-4.06503576787798
2011,0,0.276,6000,0,0.52,"D",0.00086586127418707,-7.05091961735517
2011,0,0.207,2800,0,0.38,"C",0.00984303274210903,-4.61109961426873
2011,0,0.1955,4000,0,0.78,"C",0.271067784069939,-0.989211830099436
2011,0,0.1495,8500,0,0.21,"AA",4.84473242945481e-06,-12.2376136955211
2011,1,0.3335,3000,1,0,"Missing",0.999988431227534,11.3671895498551
2011,0,0.1035,2000,0,0.02,"AA",5.20396868229475e-05,-9.86345188130353
2011,0,0.1265,8000,0,0,"A",0.0346353137737035,-3.32763215226215
2011,0,0.207,9800,0,0.57,"C",0.00072725760507878,-7.22550228114835
2011,0,0.1725,10000,0,0.64,"AA",1.79896220412962e-05,-10.9256975298163
2011,0,0.1725,15152,0,0.85,"B",0.00402733140394692,-5.51061584206407
2011,1,0.3335,2700,0,0,"Missing",0.93806149517102,2.71767347150934
2011,0,0.2645,3500,0,0.92,"Missing",0.00409648367078641,-5.49352141728291
2011,1,0.3105,6000,0,0.95,"Missing",0.947129832068083,2.88559693550569
2011,1,0.3335,5000,0,0.82,"Missing",0.989460948947854,4.54207279276779
2011,1,0.2875,10000,0,0.87,"Missing",0.953783423314822,3.02709808964643
2011,1,0.3335,5000,0,0,"Missing",0.983607216555741,4.09438544309552
2011,1,0.2875,5100,0,1.02,"Missing",0.979218383986657,3.85268593570483
2011,0,0.1955,6500,1,0.33,"C",0.293462121286177,-0.878628242996642
2011,0,0.115,1425,0,0,"AA",0.000160435961546335,-8.73745523966129
2011,0,0.2875,15000,0,0.83,"C",0.00626700972502813,-5.06616922609263
2011,0,0.207,6500,0,0.85,"C",0.00832042744315988,-4.78068641467673
2011,0,0.253,25000,0,0.63,"AA",1.74321702299175e-05,-10.9571757626782
2011,0,0.3335,22000,0,0.83,"D",0.000246715700348475,-8.30702714885314
2011,0,0.1495,15000,0,0,"B",8.01684976265086e-06,-11.7339569940436
2011,0,0.23,6001,0,0,"A",0.00194604611468039,-6.24000765621285
2011,0,0.23,7500,0,0.36,"C",0.000466010268043154,-7.67083677076944
2011,0,0.1725,9000,0,0.97,"C",0.0253474219652175,-3.64940405003533
2011,0,0.1495,9000,0,0.26,"AA",0.00016683860749298,-8.69831678250566
2011,0,0.23,5000,1,0.95,"C",5.77535360842849e-05,-9.75926822433631
2011,0,0.115,7500,0,0,"AA",1.38533110888025e-05,-11.1869724327125
2011,0,0.2185,15000,1,0.94,"B",4.79847279079067e-06,-12.2472080607778
2011,0,0.1495,5000,1,0.16,"A",0.000777558695788529,-7.15857356263339
2011,1,0.3335,4000,0,0.98,"Missing",0.862088831953867,1.83274855058835
2011,0,0.3335,10000,0,0.62,"C",0.00104605118958747,-6.86168637743374
2011,0,0.1265,3000,1,0,"C",0.00336036667126039,-5.69233915722598
2011,0,0.207,8000,0,0.35,"C",0.000441578275060662,-7.72471358437979
2011,0,0.161,10000,0,0.44,"A",0.0481623835567603,-2.983816157046
2011,0,0.276,1500,0,0.96,"Missing",0.163689956185487,-1.63102528264921
2011,0,0.207,6000,0,0.75,"C",0.0119265974919627,-4.41698599963216
2011,0,0.299,25000,0,0.92,"C",0.342632796494753,-0.651583462250149
2011,0,0.207,9995,0,0.53,"C",0.00181790479888174,-6.30825109125648
2011,1,0.276,2000,1,0.93,"Missing",0.159360440278134,-1.66299442613348
2011,0,0.1725,4500,1,0.49,"C",0.000126134995986606,-8.97803168487787
2011,0,0.1725,15000,0,0.04,"AA",0.000634675497940186,-7.36176183956647
2011,0,0.1265,3500,0,0.1,"AA",0.00526448221343264,-5.24149409483202
2011,0,0.23,5950,0,0.74,"C",0.0084322475821203,-4.76722392530189
2011,0,0.23,8000,0,0.79,"C",0.000119815289334664,-9.02943943412982
2011,0,0.1035,2500,0,0.04,"A",0.00014117931013588,-8.86533858314737
2011,0,0.161,9999,0,0.54,"A",6.11014775921605e-06,-12.005553491729
2011,1,0.3335,2500,1,0.82,"Missing",0.988443039026636,4.4488430802004
2011,1,0.3335,2600,0,0.98,"Missing",0.721005190153583,0.949453156860382
2011,0,0.1955,2000,0,0.73,"C",0.00018185352291487,-8.61212714401708
2011,0,0.23,1500,0,0.6,"Missing",0.042857167789718,-3.10607972291398
2011,0,0.3335,23500,0,0.86,"C",0.000816190282963467,-7.1100465167309
2011,0,0.1035,2000,1,0.01,"AA",0.000368810007968852,-7.90486005203994
2011,1,0.3335,3800,0,0.73,"Missing",0.839987694904547,1.65813652368368
2011,0,0.299,10000,0,0.46,"D",0.00618287436733735,-5.07976994016995
2011,0,0.23,15000,0,0.61,"B",0.029206720109679,-3.50371472805108
2011,0,0.23,4000,0,0.48,"D",0.0200356256384542,-3.89000424743601
2011,0,0.3335,9000,1,0.95,"D",0.00179917180896873,-6.3186280338273
2011,0,0.1495,9900,0,0.86,"B",1.80065741388337e-05,-10.9247556300769
2011,0,0.3335,5000,0,0.92,"Missing",0.00952185630667811,-4.64459797996967
2011,0,0.3335,1800,0,0.85,"Missing",0.0545823971526937,-2.85191530335705
2011,0,0.161,3500,0,0.65,"B",0.000623163671532317,-7.38007800062153
2011,1,0.207,3001,0,1,"Missing",0.968626129657327,3.42990331454247
2011,1,0.3335,2500,0,0,"Missing",0.908059644885823,2.29017001181784
2011,0,0.1725,5100,0,0.19,"C",0.000594928690310492,-7.42647390208807
2011,0,0.2415,9000,0,0,"D",1.31177632933649e-05,-11.2415301518211
2011,0,0.1725,6000,0,0.72,"B",0.000247704465104551,-8.30302646022271
2011,0,0.2875,14000,0,0.8,"D",0.0649817478866155,-2.66645962135597
2011,0,0.3335,1000,1,1,"Missing",0.165524910704409,-1.61768119026066
2011,0,0.1725,20000,0,0.75,"B",0.00129546293577963,-6.64759086557136
2011,0,0.2185,3725,0,0.78,"D",0.0823782589835479,-2.41046370406827
2011,0,0.2185,25000,0,0.72,"C",0.000151661889854312,-8.79370525025182
2011,0,0.207,1000,1,0,"C",8.57813707559269e-05,-9.36362291405181
2011,1,0.0805,1500,1,0.91,"Missing",0.261361770534397,-1.03890271885943
2011,0,0.1725,5000,1,0.92,"C",0.000113613313126313,-9.08259624576286
2011,0,0.23,15000,0,1.03,"D",0.00162557448422097,-6.42026709976161
2011,0,0.161,25000,0,0,"AA",1.24776461096049e-05,-11.2915593481011
2011,0,0.2645,13100,0,0.71,"D",0.000327735738435454,-8.0229751603572
2011,1,0.23,10000,1,0.85,"Missing",0.999682623821455,8.05510537797754
2011,0,0.1955,2000,0,0.25,"Missing",0.756437215402283,1.13324478468702
2011,0,0.2875,2550,0,0,"Missing",0.141544874124054,-1.80251761016165
2011,0,0.161,2500,0,0.24,"C",0.0195285971189514,-3.91615356915639
2011,0,0.1495,10200,0,0.95,"A",9.54559245742846e-05,-9.25675047931359
2011,0,0.184,15000,0,0,"B",0.000344906659248605,-7.97189176428832
2011,0,0.2875,7500,0,0.54,"D",0.000906335418755923,-7.00519435466914
2011,0,0.3335,5500,0,0.41,"D",0.000307688610666963,-8.08611455477182
2011,1,0.3335,6000,0,1.02,"Missing",0.859801560818248,1.81364277764689
2011,0,0.1495,6000,1,0.22,"A",0.000504460380444793,-7.59151666591058
2011,0,0.138,25000,0,0.07,"AA",0.0119804839412616,-4.41242346301251
2011,0,0.161,9999,0,0.54,"A",0.00144497879050967,-6.5382146115943
2011,1,0.3335,4300,1,0.95,"Missing",0.915387026415031,2.38125934861025
2011,0,0.3335,10000,0,0.49,"D",0.0028031213704422,-5.87421465007102
2011,0,0.115,6001,0,0.41,"AA",0.00146340051776773,-6.52552795736882
2011,0,0.23,5500,1,0.47,"D",0.000414177054529115,-7.78880274476857
2011,0,0.1955,5500,0,0.91,"C",7.95382561550408e-06,-11.7418495816876
2011,0,0.207,20000,1,0.43,"B",2.84530700760643e-05,-10.4672260384539
2011,0,0.1265,7000,0,0.83,"AA",0.000105052569885681,-9.16094460943173
2011,1,0.1265,2593,0,1.01,"Missing",0.385419078106729,-0.466609350864933
2011,1,0.3335,2000,1,0,"Missing",0.999863482853294,8.89892380786516
2011,0,0.299,7225,0,1.01,"Missing",0.0453214850124109,-3.04759344739898
2011,1,0.299,2500,1,0.91,"Missing",0.806556252863838,1.42778688676893
2011,0,0.184,3400,0,0.49,"C",0.0675364815234947,-2.62516210958194
2011,0,0.138,6000,0,0.03,"AA",0.00276966743453715,-5.8862545156643
2011,1,0.3335,9000,0,0.85,"Missing",0.988925885586417,4.49200903999713
2011,0,0.207,9800,1,0.72,"C",0.00308501073078073,-5.77811036407176
2011,1,0.3335,3000,0,0.85,"Missing",0.999937077203108,9.67353910442993
2011,0,0.1495,6000,0,0.92,"C",1.9368394826117e-05,-10.8518485844667
2011,0,0.1265,3500,0,0,"D",0.0145442341466303,-4.21590960411031
2011,0,0.322,4000,0,0.53,"Missing",0.0552409043307149,-2.8392262704302
2011,0,0.1725,4000,0,0,"C",0.00466276234454119,-5.36347356173832
2011,0,0.2645,15900,0,0.74,"D",0.000798876032901168,-7.13150558174559
2011,1,0.2645,5300,0,0.45,"D",0.764322154654875,1.17652355830315
2011,0,0.2185,19250,0,0.88,"B",0.00060031570318784,-7.41745437318353
2011,0,0.3335,9000,1,0.95,"D",0.0179027782306157,-4.00473439807497
2011,1,0.276,1000,1,0.98,"Missing",0.902487386078653,2.22517297027717
2011,1,0.322,4500,0,0.47,"Missing",0.992428699764913,4.87579035668272
2011,0,0.207,2750,1,0,"D",0.0388352318746444,-3.20881797652027
2011,0,0.2185,25000,0,0.72,"A",0.000281920649445443,-8.17360295117103
2011,0,0.207,8000,0,0.35,"C",1.64390363191804e-05,-11.0158353489376
2011,1,0.3335,3000,0,0.92,"Missing",0.975038086194497,3.66512531753667
2011,0,0.276,1000,1,0,"Missing",0.88681018064733,2.0585647312054
2011,0,0.3335,25000,0,0.82,"B",0.095546145299948,-2.24772195842299
2011,1,0.2875,14000,0,0.84,"B",0.523071954831893,0.0923534047367003
2011,1,0.2645,4400,1,0,"Missing",0.999710868887752,8.14834112421565
2011,1,0.23,5128,0,0,"Missing",0.876010943232497,1.95518527329727
2011,0,0.1035,2000,0,0.13,"AA",2.28203346198989e-07,-15.2930285079739
2011,0,0.2645,4900,0,1,"D",0.00115791746865091,-6.75997358459324
2011,0,0.2875,3001,1,0.84,"D",0.00675379420211931,-4.99087412371955
2011,0,0.276,2500,1,0.83,"D",0.00094990867915484,-6.95819434506732
2011,0,0.1955,9500,0,0.37,"C",0.00328519736589326,-5.71503794243424
2011,0,0.092,2300,0,0.18,"AA",0.00452266463247946,-5.39412101555545
2011,0,0.276,4500,0,0.72,"D",0.0281404172758635,-3.54200445166392
2011,0,0.1725,3000,0,0,"C",0.00468594736423652,-5.35849021068216
2011,0,0.1265,3000,0,0.89,"B",1.18012241480162e-05,-11.3472954892223
2011,1,0.299,3000,1,0,"Missing",0.994411810099838,5.18149599235235
2011,1,0.3105,3001,1,1.02,"Missing",0.878573080021309,1.97898649128146
2011,1,0.23,5000,0,0.95,"Missing",0.839885751847872,1.65737826151075
2011,0,0.2415,8000,0,0.76,"D",9.3523824354146e-06,-11.5798700887683
2011,0,0.23,7500,1,0.52,"D",1.5131810610105e-05,-11.0986962352002
2011,0,0.23,12000,0,0.34,"C",0.00525291841675524,-5.24370470442314
2011,0,0.207,1000,1,0,"C",0.00667370581895562,-5.00288390372374
2011,0,0.115,8300,0,0.05,"AA",0.00518380123358823,-5.25701937920831
2011,1,0.3335,20000,1,0.99,"Missing",0.983549591169269,4.09081772987468
2011,0,0.1265,5000,0,0.05,"A",0.000128835156090096,-8.95684798707226
2011,0,0.1725,9999,0,0.54,"C",0.000295178664766563,-8.12763451943728
2011,1,0.3335,2500,1,0.87,"Missing",0.99880772838662,6.73070188978728
2011,0,0.2185,24000,1,0.18,"B",0.0103657583734509,-4.55882751199203
2011,0,0.1955,2000,0,0.53,"A",2.82950195697907e-06,-12.7754070192239
2011,0,0.276,1200,0,1.09,"Missing",0.0675889678335158,-2.62432896710033
2011,0,0.1955,1000,1,0.71,"Missing",0.0802639967646219,-2.43876551454507
2011,0,0.23,10000,0,0.79,"C",0.000908601477129435,-7.00269496441437
2011,0,0.2415,5000,0,0.77,"C",0.0568199978738948,-2.80936880783423
2011,0,0.23,1500,0,0.8,"D",0.000131023450674426,-8.94000320596713
2011,1,0.3335,3000,0,0.61,"Missing",0.803655138441585,1.40929763399993
2011,1,0.23,1000,0,0,"Missing",0.8348306679741,1.62025770907657
2011,0,0.115,3900,0,0.41,"AA",0.000475290935283618,-7.65110804217259
2011,1,0.3335,4500,0,0.45,"Missing",0.46402171002007,-0.144162316513666
2011,0,0.23,5950,0,0.74,"C",0.000510725372043154,-7.57916768879333
2011,0,0.2645,1525,0,0.56,"D",0.00654518394017997,-5.02245907850979
2011,1,0.299,3000,0,1.17,"Missing",0.987598340200484,4.37744575837726
2011,0,0.1725,2000,0,0.36,"D",0.000606145848119051,-7.40778359775961
2011,1,0.299,1200,1,0,"Missing",0.972971504246087,3.58346308751186
2011,0,0.115,3000,1,0.32,"A",0.0555102823113171,-2.83407652990635
2011,0,0.1725,1500,1,0.2,"C",0.00038581242455517,-7.85977336648878
2011,0,0.1725,12000,0,0.33,"B",3.43905438780965e-05,-10.2776945275027
2011,0,0.23,18000,1,0.75,"B",5.18248842542428e-06,-12.1702200435333
2011,1,0.3335,3500,0,0.98,"Missing",0.726436464722698,0.976617125889016
2011,0,0.23,3500,0,0.8,"D",0.0171049313622204,-4.05113556271483
2011,1,0.276,8000,1,0.93,"Missing",0.999538382552136,7.68031232079226
2011,0,0.161,18500,0,0.45,"A",1.1284849894048e-05,-11.3920381642389
2011,0,0.1035,1400,1,0.9,"D",3.30867045818732e-07,-14.9215488856586
2011,0,0.23,15000,0,0.84,"C",0.0792638510484551,-2.45239133786568
2011,0,0.184,9000,0,0.69,"C",0.00324254133506942,-5.72815008418976
2011,0,0.207,7000,0,0.54,"B",0.000415324180286123,-7.78603577491093
2011,1,0.23,3200,1,0,"D",0.0264898971145649,-3.60414478331663
2011,0,0.2875,15000,1,1.04,"D",0.00495538531599011,-5.30231264720759
2011,1,0.23,1500,0,0.74,"Missing",0.998688554661001,6.63531313172142
2011,0,0.276,2800,0,0,"Missing",0.698670536597385,0.840975066829296
2011,1,0.322,1900,0,1.2,"Missing",0.991000418448888,4.70153687464464
2011,0,0.23,3000,0,0.98,"D",1.676345201112e-05,-10.9962927532756
2011,0,0.1035,9000,0,0.99,"Missing",0.735290022045456,1.02163020534526
2011,0,0.092,3000,0,0.46,"AA",0.000122947517558277,-9.0036300250903
2011,0,0.3335,4750,0,1,"Missing",0.14876015462008,-1.74435861987428
2011,0,0.322,8000,0,0.92,"D",0.000332072180384214,-8.0098260745537
2011,0,0.1955,3800,0,0.7,"C",0.000715557670914502,-7.24173254615499
2011,0,0.3335,3999,0,0.94,"Missing",0.11425398726314,-2.04800631354436
2011,0,0.276,6500,0,0.98,"C",0.000596554238383508,-7.42374366059478
2011,1,0.276,2000,0,1.02,"Missing",0.993564244655356,5.03942951004426
2011,0,0.276,9000,0,0.64,"D",0.00442916301605137,-5.41510564738609
2011,0,0.2645,13100,0,0.71,"D",0.00530255767625447,-5.23424932827193
2011,0,0.115,5000,0,1.13,"A",1.37011728261649e-05,-11.1980154197784
2011,0,0.138,4500,0,0.09,"AA",3.69826751213875e-06,-12.5076423896608
2011,0,0.1725,2650,1,0.42,"D",0.00202168994822497,-6.2017977729764
2011,0,0.253,18200,1,0.8,"C",6.28744060691356e-05,-9.67430849942277
2011,0,0.1955,9000,0,0.9,"C",0.0116004807921103,-4.44504044283048
2011,0,0.184,3000,0,0.81,"B",0.000240646022989041,-8.33194281348958
2011,0,0.184,10999,0,0.97,"B",0.00153553005707204,-6.47734293330511
2011,0,0.115,10000,0,0.15,"AA",7.7743369969889e-05,-9.46201953784797
2011,1,0.3335,7200,0,1.15,"Missing",0.98989737186887,4.58480567197495
2011,0,0.184,5000,0,0.89,"C",9.47733940961167e-06,-11.566597456698
2011,0,0.2875,8500,0,0.87,"C",0.00729100132567659,-4.91379667575433
2011,0,0.1725,1000,0,0,"D",0.0506136252439087,-2.93159504094734
2011,0,0.1725,15000,1,0.72,"C",1.82024671863263e-05,-10.9139352107478
2011,0,0.1265,10000,1,0.23,"AA",0.166065566895942,-1.61377209021419
2011,0,0.3335,3999,0,0.94,"Missing",0.672479957495331,0.719423056360661
2011,0,0.1725,5100,0,0.19,"C",0.00242207931239303,-6.02070387044316
2011,0,0.1725,5000,0,0.46,"C",0.100039494797933,-2.19678582325661
2011,0,0.2875,4000,0,0.46,"C",1.45624320087605e-05,-11.1370509330375
2011,0,0.1265,3500,1,0.18,"A",0.00240320918564749,-6.02854417261728
2011,1,0.2645,15000,1,0.76,"B",0.920286145957147,2.44624125181983
2011,0,0.3335,4500,1,1.32,"Missing",0.164326399716109,-1.62638341447697
2011,0,0.161,8000,0,0.92,"B",0.0103124986629044,-4.56403261608095
2011,0,0.138,4000,0,0.43,"B",5.21134670643215e-05,-9.86203504286161
2011,0,0.115,3600,1,0.28,"A",0.000502635821929257,-7.59514189997126
2011,0,0.3335,5000,1,0.42,"D",0.0307670713749605,-3.45005995655211
2011,1,0.3335,2000,1,0,"Missing",0.988491121248842,4.45306085772745
2011,0,0.1265,9000,0,0.33,"A",0.000407190704793837,-7.80582164648618
2011,0,0.092,2600,0,0,"A",0.0248431931836091,-3.67001448670228
2011,0,0.2645,6500,0,0.75,"D",0.0110903517014397,-4.49052745658071
2011,0,0.115,6001,0,0.41,"AA",7.73609681786631e-05,-9.46695082770078
2011,0,0.3335,18000,0,0.91,"C",0.00220997927686969,-6.11255971559358
2011,0,0.207,6000,0,0.58,"C",2.72254048644186e-05,-10.5113327924273
2011,0,0.1725,10000,0,0.64,"AA",0.000414436117843823,-7.78817719183769
2011,0,0.115,2000,0,0,"AA",0.01530596084799,-4.16408862233674
2011,0,0.1955,2400,0,0.86,"D",0.00628658057536203,-5.06303156047474
2011,1,0.276,1550,0,1.09,"Missing",0.93018463316975,2.58952895603392
2011,0,0.276,3500,0,1,"Missing",0.376771174810963,-0.503275707194423
2011,1,0.3335,4500,0,0.91,"Missing",0.992835865849482,4.93147814952645
2011,1,0.276,3000,0,1.62,"Missing",0.937322384930928,2.70502291637072
2011,0,0.2645,1000,0,0.92,"Missing",0.00574913634366189,-5.15293991031284
2011,0,0.1725,4000,0,0.28,"B",0.000529513045059337,-7.54302310337814
2011,0,0.207,6500,0,0.85,"C",0.000204631200385481,-8.49409656937996
2011,1,0.23,6000,0,0.85,"Missing",0.995279224693687,5.35105027970243
2011,1,0.3335,2550,0,0,"Missing",0.993794123321901,5.07603337138004
2011,1,0.3335,6000,0,0.59,"Missing",0.978127492951441,3.80040956017474
2011,1,0.1955,2000,1,0.97,"Missing",0.998025988592686,6.22571159687066
2011,0,0.1725,15500,0,0.98,"B",0.0012905283514375,-6.65141220790336
2011,0,0.23,3000,0,0.89,"D",0.0232022487187404,-3.74003041915872
2011,0,0.1725,14000,1,0.25,"A",0.000401596540686848,-7.81966092624925
2011,0,0.299,5000,0,0.61,"D",0.00153588286435467,-6.47711284380885
2011,1,0.3335,6500,1,0.85,"D",0.530942685053077,0.123929109973585
2011,0,0.23,8000,0,0.91,"D",0.0518061837477274,-2.90704940937219
2011,0,0.161,17500,0,0.79,"B",0.00104936827897081,-6.85851701569419
2011,0,0.2185,3900,1,0,"C",0.00100115714818516,-6.90559714113617
2011,0,0.2415,8000,0,0.76,"D",0.00879981049972623,-4.72418633436732
2011,0,0.2645,6001,1,0.92,"D",0.000178159341179625,-8.63265405772265
2011,0,0.1955,10000,0,0.85,"C",0.037423915603019,-3.24730315707922
2011,1,0.161,25000,1,0.63,"AA",0.647810707782799,0.609429743021848
2011,0,0.2875,25000,0,0.18,"A",0.000233752754692391,-8.36101282500551
2011,1,0.3335,4200,0,1,"Missing",0.991033736856808,4.70527958268748
2011,0,0.3335,8500,1,0,"B",0.0191737565179771,-3.93485282602178
2011,1,0.3335,5000,0,0.9,"Missing",0.961788559035646,3.2256596609499
2011,0,0.115,3900,0,0.41,"AA",8.48862175613889e-06,-11.676775419483
2011,0,0.2645,3500,0,0.92,"Missing",0.319788933799577,-0.75474194518227
2011,0,0.2875,3500,1,0,"D",0.0031158640830476,-5.76812804247787
2011,0,0.3335,8000,0,0.8,"D",1.57520829724889e-05,-11.0585221970086
2011,0,0.1265,10500,0,0.16,"AA",1.82503593404297e-07,-15.5164957917275
2011,0,0.23,6500,0,0.74,"D",0.00254660393398336,-5.97044474598244
2011,1,0.3335,5108,0,0,"Missing",0.982788481003466,4.04481505122249
2011,0,0.2185,6200,0,0,"C",6.62832957798623e-05,-9.62150635604601
2011,0,0.115,3600,1,0.28,"A",0.000493662591778874,-7.61316450224582
2011,0,0.23,5000,1,0,"C",0.000808150606304879,-7.11995364553464
2011,0,0.1955,2000,1,0.97,"Missing",0.0822211685210659,-2.41254364378313
2011,0,0.115,9000,0,0.22,"AA",0.000257532583172747,-8.26410674352199
2011,0,0.115,3500,1,0.21,"AA",0.00068609247563301,-7.28381180724911
2011,1,0.322,3500,0,0,"Missing",0.771187788237621,1.21503027724817
2011,0,0.1725,2000,0,0.02,"B",1.15818791082401e-05,-11.3660572451692
2011,1,0.1725,4400,0,0.8,"Missing",0.611243682004786,0.452542989108071
2011,0,0.1725,15152,0,0.85,"B",1.65344273504068e-05,-11.0100493101391
2011,0,0.1955,10000,1,0.95,"D",8.71736933120895e-07,-13.9527772690162
2011,0,0.1725,5000,0,0,"C",0.000384583997904447,-7.86296367481862
2011,0,0.115,4000,0,0.51,"AA",0.0006971431313097,-7.26782242865178
2011,0,0.1495,16000,0,0.34,"A",0.00148131981253841,-6.51333940531241
2011,0,0.23,5000,1,0.72,"A",0.00586585900089284,-5.13272321465866
2011,0,0.1035,1500,0,0.29,"A",5.48180719144482e-05,-9.81143581934039
2011,0,0.276,4592,0,0.6,"C",0.000979006984043034,-6.92799229508085
2011,0,0.276,25000,0,0.89,"B",0.0392792007858964,-3.19698869855482
2011,0,0.092,3000,0,0.03,"AA",0.000130347572711366,-8.94517568300617
2011,0,0.2645,8000,1,0,"C",0.103718195917984,-2.15657731026298
2011,0,0.1725,1500,0,0.8,"C",0.0919312183002881,-2.29027945623726
2011,0,0.2185,3000,0,0,"D",0.0873569415185287,-2.34634234829293
2011,0,0.1725,17000,1,0.58,"A",2.35578528687288e-05,-10.6560277798076
2011,1,0.3335,5000,0,0,"Missing",0.657472442727886,0.652050737318378
2011,0,0.138,10000,0,0.81,"AA",6.97212373442341e-06,-11.8735837109804
2011,0,0.23,12200,0,0.35,"C",0.000496486085032534,-7.60745849161448
2011,0,0.1725,8500,0,0.22,"B",5.48512211062503e-05,-9.81083125611722
2011,0,0.2185,25000,0,0.66,"A",0.00411217076836419,-5.48968357342698
2011,0,0.0805,1000,0,0.02,"AA",2.25952327008323e-05,-10.6977490208906
2011,1,0.3335,4531,0,0,"Missing",0.808508922235112,1.44035049826831
2011,0,0.115,10000,0,0.18,"AA",0.0013133089460226,-6.63389124143912
2011,0,0.161,14500,0,0.48,"A",0.00738261110268551,-4.90121789754529
2011,0,0.1725,5000,0,5.95,"B",1.18934157242471e-08,-18.2472808785461
2011,0,0.3335,5100,0,0.66,"Missing",0.00587406941771369,-5.13131623885944
2011,1,0.3335,3000,1,1.01,"Missing",0.998398798326663,6.43539840082807
2011,0,0.1725,15000,0,0.05,"AA",0.000884517845235244,-7.02958295979977
2011,0,0.253,4500,1,0.68,"D",0.0681638385272808,-2.61524280946432
2011,0,0.276,4800,1,0,"C",0.0185821673304837,-3.96679591897857
2011,0,0.276,20000,1,0.88,"C",0.000340583579819098,-7.98450935888022
2011,1,0.207,3001,0,1,"Missing",0.397216069723098,-0.417078419068388
2011,0,0.207,5000,0,0.92,"B",0.000926466313331503,-6.98320597621072
2011,0,0.3335,20000,0,0.61,"D",0.047596546806856,-2.99622852785509
2011,0,0.23,7000,0,0.28,"C",0.00288497694091698,-5.84534922529554
2011,0,0.092,2500,1,0.24,"AA",0.0031870090881571,-5.74548029349949
2011,0,0.207,15000,0,0.29,"C",8.09401625584538e-05,-9.421719466698
2011,1,0.3335,1750,1,0.98,"Missing",0.991478803466628,4.75664080031292
2011,0,0.115,9000,0,0.22,"AA",3.68245382134918e-05,-10.2093093105053
2011,0,0.1035,2500,0,0.28,"AA",2.42998469565132e-05,-10.6250162055813
2011,0,0.115,7000,0,0.51,"AA",0.00034658498733049,-7.96703585066613
2011,0,0.276,5000,0,0.67,"D",8.6439977806534e-06,-11.6586367320345
2011,0,0.322,25000,1,0.75,"C",0.092060848472761,-2.28872760775339
2011,0,0.23,2000,0,0,"Missing",0.15146464921459,-1.7231594872839
2011,0,0.1265,10500,0,0.16,"AA",0.0101400539593436,-4.58107014489204
2011,0,0.1955,10000,0,0.62,"B",0.00137485333731005,-6.58803241801178
2011,0,0.2645,12000,0,0.79,"D",0.00151353686849076,-6.49179138662069
2011,0,0.207,5600,0,0.33,"C",5.10342817649769e-06,-12.1855929491422
2011,0,0.3335,16900,0,0.04,"D",1.32653688562073e-05,-11.2303404985793
2011,0,0.3335,3000,1,0.75,"Missing",0.631820631453059,0.540035308922117
2011,0,0.253,1100,1,0,"Missing",0.386945438742061,-0.460170240993589
2011,1,0.322,11000,0,0.9,"Missing",0.944244996025486,2.82941849845885
2011,0,0.207,20000,1,0.43,"B",0.000988608247202159,-6.91822331757914
2011,0,0.2875,15000,1,0,"D",0.000657259973411028,-7.32677344395025
2011,0,0.161,12000,1,0.37,"A",0.000269412127873286,-8.21899882848605
2011,0,0.1725,2000,0,0.5,"D",0.00230916840797868,-6.06855597715994
2011,0,0.23,6000,1,0.25,"C",0.0264294254373483,-3.60649232853669
2011,0,0.161,1500,0,0.04,"AA",0.000247077787029025,-8.30556023535668
2011,0,0.161,7500,1,0.54,"B",2.3296554174144e-05,-10.6671818010255
2011,1,0.1955,9000,0,0.94,"C",0.790304485038215,1.32676174550308
2011,0,0.1495,10000,0,0.12,"AA",0.00276749522009117,-5.88704128872551
2011,0,0.23,13000,0,0.9,"C",0.004013269230593,-5.51412775633378
2011,0,0.3335,2500,0,0.83,"D",0.000158404932683246,-8.75019752091168
2011,0,0.161,15000,0,0.59,"AA",0.0125845022493704,-4.36262484451345
2011,0,0.1725,12000,0,0.94,"B",0.00140624610103163,-6.5654242288221
2011,0,0.23,5000,0,0.77,"D",0.00154607178590028,-6.47049062839475
2011,0,0.1725,4000,0,0.72,"C",0.0310908713330474,-3.43925657919846
2011,0,0.3335,6500,0,0.95,"Missing",0.0326231774484203,-3.38956510117403
2011,0,0.1725,20000,0,0.75,"B",1.0241309340382e-05,-11.4890708398935
2011,0,0.2875,9000,0,0.42,"C",0.0467124083572727,-3.01590680023657
2011,0,0.115,2000,0,0,"AA",0.000882504029365967,-7.03186430964816
2011,0,0.1725,5000,1,0.42,"B",0.000362196886097096,-7.92296034724858
2011,0,0.3335,2000,0,0.4,"Missing",0.722424441532161,0.95651965643231
2011,0,0.207,13000,0,0.95,"B",8.43090976608569e-07,-13.9861901216186
2011,0,0.23,5500,1,0.47,"D",0.0163608656150348,-4.09636685621118
2011,0,0.1725,5000,0,0.7,"C",0.000135914636128235,-8.9033476209533
2011,0,0.276,7100,0,0.9,"D",0.001890351837852,-6.26910016883434
2011,0,0.276,4000,0,0.99,"Missing",0.480488562744513,-0.078085400882088
2011,0,0.115,3900,0,0.41,"AA",0.000132702531748621,-8.92726782673193
2011,0,0.1265,1253,0,0.73,"A",6.90251772861797e-05,-9.58097020415739
2011,0,0.161,4575,0,0.6,"C",2.63079249450228e-05,-10.5456140271918
2011,0,0.3335,3000,0,1.15,"Missing",0.641235330088999,0.580729861193333
2011,0,0.092,6001,0,0.04,"AA",0.018578955359522,-3.9669720590326
2011,0,0.3335,5100,0,0.81,"Missing",0.091338629561098,-2.29739869106688
2011,0,0.1035,2500,1,0.24,"AA",3.4804390469616e-06,-12.5683486287707
2011,0,0.0805,2000,1,0.81,"Missing",0.000607343329795545,-7.40580878151298
2011,0,0.23,3200,1,0,"D",0.00050590155720196,-7.58866242902
2011,0,0.23,8500,0,0.64,"C",0.00145946751419058,-6.5282230925206
2011,0,0.1725,5000,0,0.67,"C",0.00585611954228765,-5.1343947550402
2011,0,0.0805,5000,0,0.33,"AA",1.2932024376236e-07,-15.8609738698159
2011,0,0.092,3000,0,0.03,"AA",8.44312476564628e-05,-9.379488557173
2011,0,0.115,7500,0,0.13,"AA",1.25698920026054e-05,-11.2841935571062
2011,0,0.1265,5000,0,0.46,"A",0.000337283696395091,-7.99424881209638
2011,0,0.2415,3500,0,1.03,"D",0.0106017835062825,-4.53607465390364
2011,1,0.0805,1000,1,0.34,"AA",0.0682457324038417,-2.61395421531469
2011,0,0.1725,4400,0,0.8,"Missing",0.531178236597745,0.124874966237771
2011,0,0.1035,2550,0,0.05,"A",0.0284224271001157,-3.53174259406179
2011,0,0.2415,5000,1,0.94,"C",0.10340097785825,-2.15999432201877
2011,0,0.2415,5000,0,0.97,"D",0.018018419413003,-3.99817801573555
2011,0,0.115,5000,0,0,"A",5.12777294693115e-05,-9.87820274440741
2011,0,0.276,3500,0,0,"C",0.0770978751385847,-2.4824474682647
2011,0,0.3335,5000,0,0.83,"Missing",0.437869529794766,-0.249812987519033
2011,0,0.115,1000,0,0.3,"AA",5.43953755096371e-05,-9.81917701987488
2011,0,0.138,20000,0,0,"AA",0.000816932731622055,-7.10913653572696
2011,0,0.3335,5000,0,0.93,"Missing",0.398798989668109,-0.410471833748383
2011,0,0.184,2000,1,0.41,"C",1.30700848405223e-05,-11.2451714689378
2011,1,0.1955,20000,1,0.01,"AA",0.712444036741854,0.90728386802872
2011,0,0.2875,15000,0,0.9,"D",0.00247735062101597,-5.99808516348813
2011,0,0.115,3000,0,0.16,"AA",0.00337788938254547,-5.68712060023593
2011,0,0.138,5900,1,0.31,"A",0.110271404136685,-2.08797183043855
2011,0,0.115,7000,0,0.17,"AA",0.00717415878035901,-4.93006975056077
2011,0,0.1725,1000,0,0.27,"A",0.0232197576074556,-3.73925815846121
2011,0,0.276,1550,0,1.09,"Missing",0.272797821599997,-0.980473597858175
2011,1,0.322,5000,0,0.56,"Missing",0.942507295076734,2.79688559057189
2011,1,0.3335,11000,0,0.98,"D",0.942664022793239,2.79978163251611
2011,0,0.23,3000,1,0.47,"D",6.04143525523539e-08,-16.6220390747807
2011,0,0.2185,6200,0,0,"C",0.000549743584623869,-7.50550870347307
2011,0,0.3335,12000,0,0.63,"D",0.00223948933219092,-6.09926541506767
2011,0,0.1495,10800,1,0.68,"A",0.00496598022383418,-5.30016622253876
2011,1,0.3335,5200,0,0,"Missing",0.982750831997319,4.04259170031726
2011,0,0.1265,1500,0,0,"AA",0.000381302011847409,-7.87153744010389
2011,0,0.2645,8000,0,0.75,"C",0.0451284144889422,-3.0520647848706
2011,1,0.253,2500,1,1,"Missing",0.352584041647435,-0.607699981242791
2011,0,0.1725,5000,0,0.83,"C",0.0118596076385195,-4.42268647491802
2011,1,0.23,1500,0,0.74,"Missing",0.0967923844072151,-2.23338412688154
2011,0,0.138,3000,0,0.56,"B",0.000263165563302611,-8.2424640053917
2011,0,0.3335,2400,0,0.87,"Missing",0.492289421196193,-0.0308447604560789
2011,0,0.092,3500,0,0.46,"AA",0.00141043052559489,-6.56244885777768
2011,0,0.1725,1250,0,0.74,"C",0.00103470130237432,-6.87260725368134
2011,0,0.3335,2550,1,0.75,"D",0.0122568821167829,-4.38933507711016
2011,0,0.253,15000,0,0,"C",0.0447568042271433,-3.06072248039008
2011,1,0.2645,4400,1,0,"Missing",0.992390463495326,4.8707143783031
2011,0,0.1955,5000,0,0.34,"D",0.000212607947775718,-8.45584807849797
2011,0,0.1725,9500,0,0.36,"A",0.0813303035862205,-2.42440795650091
2011,0,0.299,7000,0,0.92,"C",0.000986214892439295,-6.92064958193518
2011,0,0.207,13000,0,0.95,"B",0.0241585650703326,-3.6986611304844
2011,0,0.23,15000,0,0.93,"D",0.00756488214114097,-4.87664487036339
2011,0,0.2645,8000,0,0,"D",0.0516772494116568,-2.90967726392148
2011,0,0.1265,3000,0,0.26,"A",0.121190973331804,-1.98120001864063
2011,0,0.1955,10000,0,0.62,"B",0.0139860081613904,-4.25561313218614
2011,0,0.138,22000,0,0.37,"AA",0.000857042446917258,-7.06116570101687
2011,0,0.1265,5000,0,0,"AA",1.1796581127007e-05,-11.3476890068227
2011,1,0.2875,6000,1,1,"Missing",0.974361650198772,3.63769326917701
2011,0,0.2645,5000,0,0.97,"Missing",0.157648425982735,-1.67583007174328
2011,0,0.1955,1000,1,0.14,"D",0.000764415095071067,-7.17563489077651
2011,1,0.3335,7000,1,0.27,"Missing",0.994579743536991,5.21217714740093
2011,0,0.138,6000,0,0.33,"AA",0.00341631266414927,-5.67577131634144
2011,0,0.2875,9000,0,0.79,"D",0.000175726758308867,-8.64640453672659
2011,0,0.2415,3000,1,0.65,"Missing",0.245760390078338,-1.12135306537611
2011,1,0.3335,2000,0,0.77,"Missing",0.783006590265706,1.28327412945087
2011,1,0.3335,1000,0,0,"Missing",0.79967373236251,1.38425643438522
2011,0,0.3335,2501,0,1.22,"Missing",0.825903177637369,1.55686595348029
2011,0,0.23,10000,0,0.03,"D",0.00241334328360162,-6.02432597813149
2011,0,0.207,4500,0,0.49,"B",0.0154480044645341,-4.15470687670923
2011,0,0.161,10000,0,0.65,"C",4.33845708653675e-05,-10.0453633045692
2011,0,0.138,7000,0,0.2,"B",0.00018500615674046,-8.59493643048905
2011,1,0.3335,4500,0,0.91,"Missing",0.994720170899563,5.23856773247481
2011,0,0.1725,1600,0,0.82,"C",0.00205954141935879,-6.18321026773283
2011,0,0.2875,5000,0,0.9,"D",0.00077293199603286,-7.16454625646909
2011,0,0.138,25000,0,0.07,"AA",0.00126746978259091,-6.6694643892463
2011,0,0.299,25000,0,0.69,"B",0.0757954792866358,-2.50089473906058
2011,0,0.23,5000,0,0,"B",9.89711592170949e-05,-9.22058309525416
2011,1,0.3335,3000,0,0.98,"Missing",0.389776095372242,-0.448253486758568
2011,1,0.2645,4000,1,1,"Missing",0.315168451392127,-0.77606563136596
2011,1,0.276,4000,0,1,"Missing",0.942895671436665,2.80407572126707
2011,1,0.2875,5000,0,1,"Missing",0.968698084154356,3.43227368388227
2011,0,0.2185,10300,0,0.38,"B",0.000468960969724026,-7.66452194221931
2011,0,0.1265,18000,0,0.46,"AA",2.72148267446073e-06,-12.8143310037788
2011,0,0.2185,6200,0,0,"C",0.00438370486584845,-5.42546771087578
2011,0,0.138,4000,0,0.28,"AA",0.00249296012956825,-5.99178839479277
2011,0,0.276,9000,0,0.64,"D",0.00205940070706276,-6.18327873321874
2011,1,0.3335,6700,0,0.39,"Missing",0.885098435641282,2.0416230658156
2011,0,0.276,10000,1,0.73,"D",0.0260415396448604,-3.62167571248785
2011,0,0.184,7000,0,0.98,"C",6.58230675553202e-05,-9.62847438508503
2011,0,0.1725,15500,0,0.98,"B",7.60376112870512e-05,-9.48420641423509
2011,0,0.184,10000,1,0.83,"C",0.00442019092598942,-5.41714239904721
2011,0,0.2645,6000,0,0,"C",0.0192818118048591,-3.92912289031359
2011,0,0.115,1000,0,0.28,"A",6.31074991296033e-05,-9.67060784082803
2011,0,0.184,9000,0,0.97,"C",0.0818806799351728,-2.41706429565495
2011,0,0.1725,4000,0,0.46,"B",0.0059845582887192,-5.11257020822479
2011,1,0.253,4500,1,0.68,"D",0.710503278709549,0.897829590650196
2011,0,0.184,25000,0,0.92,"A",0.00481994006094911,-5.33016219305186
2011,0,0.115,1000,0,0.3,"AA",0.0210426573166716,-3.83993639103004
2011,0,0.1725,2890,1,0,"D",0.00289085217571751,-5.84330891107372
2011,0,0.1725,9500,0,0.94,"B",0.0014746973511723,-6.51782671010219
2011,1,0.207,3001,0,1,"Missing",0.198862154816048,-1.3934211282903
2011,0,0.1725,14000,0,0.69,"B",2.68598342419724e-06,-12.8274609450802
2011,0,0.3335,5000,0,0.75,"Missing",0.741446022404218,1.05349788082306
2011,0,0.207,7500,0,0,"C",0.00100695504978245,-6.89981684162567
2011,0,0.1725,1000,0,0,"D",0.0304697479116145,-3.46007735836757
2011,0,0.138,1500,1,0.59,"D",0.00113512006250859,-6.77988108689816
2011,0,0.1725,4000,0,0.64,"B",0.000616145749226629,-7.3914106808851
2011,0,0.2185,25000,0,0.89,"B",5.75005388400078e-05,-9.76365873688225
2011,0,0.3335,4500,1,1.32,"Missing",0.189325623385217,-1.45439805733257
2011,0,0.2875,15000,0,0.83,"C",0.0763042502657799,-2.49365410083742
2011,0,0.138,4000,0,0.43,"B",0.00565506809096115,-5.16953201011661
2011,0,0.2645,14000,1,0.83,"C",0.00299257775040202,-5.80862307464994
2011,0,0.1495,15000,0,0.45,"A",0.000324397257548331,-8.03321723979309
2011,1,0.3335,2200,0,1.06,"Missing",0.98464311651276,4.16071544809098
2011,1,0.1955,3500,0,0.98,"Missing",0.58214098840674,0.331568583726003
2011,0,0.2875,4000,0,0.46,"C",0.311426263300348,-0.793459814757697
2011,1,0.2875,10000,1,0,"A",0.908162511256139,2.29140275136057
2011,0,0.23,7500,1,0.52,"D",0.0239182468305739,-3.70890471303824
2011,0,0.115,4500,0,0.15,"AA",0.000211032389520193,-8.46328787677384
2011,0,0.276,7100,0,0.9,"D",4.2015473253689e-05,-10.0774305803695
2011,1,0.3335,2500,0,0.89,"Missing",0.365971838422955,-0.549536986100542
2011,1,0.3105,15000,1,0.96,"Missing",0.932476763171157,2.62537244440171
2011,1,0.2875,4500,1,0.93,"Missing",0.800048632379909,1.38659834121531
2011,1,0.2645,3100,0,0.78,"Missing",0.979742742803377,3.87877692043013
2011,0,0.3335,5000,0,0.46,"Missing",0.0827704228181928,-2.40528701248327
2011,0,0.1725,3500,0,0.9,"C",0.0837868638803759,-2.39197277936484
2011,0,0.3335,6000,1,0.79,"Missing",0.765839232034549,1.18496434582289
2011,0,0.1725,3000,0,0.73,"D",3.82574731823016e-05,-10.1711333812553
2011,0,0.138,17000,0,0.19,"AA",0.00023827759716432,-8.34183588334946
2011,1,0.3335,7500,0,0.35,"Missing",0.879603195820826,1.98867790277997
2011,1,0.23,2500,0,0,"Missing",0.989961932155677,4.5912818400624
2011,0,0.1955,2000,0,0,"D",0.0450482889141085,-3.05392577349011
2011,1,0.2875,5000,0,1,"Missing",0.999032836924983,6.94017580550891
2011,0,0.23,5000,0,0.45,"D",0.0635955420021472,-2.68950412280563
2011,0,0.092,3500,0,0,"AA",8.41350183026365e-09,-18.5934280523597
2011,0,0.1725,7500,0,0.72,"B",2.14640753321505e-05,-10.7491084708438
2011,1,0.2875,4000,0,0.02,"Missing",0.980893168867664,3.9384176313801
2011,1,0.3105,3000,1,0.65,"Missing",0.999205313685565,7.13676809196645
2011,0,0.2185,19250,0,0.88,"B",0.000776880643028803,-7.15944664940061
2011,0,0.2645,3550,0,0.66,"D",1.57675177400779e-05,-11.0575428056632
2011,0,0.276,4800,1,0,"C",3.62278109268584e-06,-12.5282649466498
2011,0,0.1265,10000,0,0.17,"AA",6.91731221915571e-05,-9.57882900291213
2011,0,0.1955,25000,0,0.11,"A",1.28401947926206e-06,-13.5655138980264
2011,1,0.3105,3000,1,0.65,"Missing",0.911933656255629,2.33747680547479
2011,0,0.184,25000,0,0.85,"A",0.0026819022024529,-5.91854345425222
2011,0,0.3335,5224,0,0.67,"Missing",0.432347549309606,-0.27227957176895
2011,0,0.2645,8000,1,0.74,"D",0.00288154768278699,-5.84654203198585
2011,0,0.276,17500,0,0.15,"D",0.0517389815950822,-2.90841830678864
2011,0,0.1725,25000,0,0.44,"AA",0.000808484232798409,-7.11954056970025
2011,0,0.1035,2500,1,0.24,"AA",0.000739195711341485,-7.20920837035908
2011,0,0.1725,3000,0,0.91,"Missing",0.118099446407875,-2.01055226291449
2011,0,0.253,10000,0,0.65,"C",0.000831898519349276,-7.09096785177926
2011,0,0.253,9000,0,0.99,"C",0.00723194195649679,-4.92198946263557
2011,0,0.2415,5000,0,0.95,"D",0.204050539932261,-1.36116798352491
2011,0,0.3335,25000,0,0.61,"A",0.0754853738055178,-2.50532995829813
2011,0,0.207,14500,1,0.66,"B",3.90073974609763e-05,-10.1517202431765
2011,0,0.207,15000,0,0.51,"B",8.79736102913221e-05,-9.33838569403294
2011,1,0.276,4000,0,0.99,"Missing",0.806129182916197,1.42505196029604
2011,0,0.3335,3100,0,1,"Missing",0.00194121339785275,-6.24249893862205
2011,0,0.1955,2800,0,0,"C",0.0442090052043963,-3.07361075847077
2011,0,0.1955,8000,0,0.8,"C",0.210466467952481,-1.32211596200943
2011,0,0.184,25000,0,0,"A",4.07805064382828e-06,-12.4098873890395
2011,0,0.161,17500,0,0.79,"B",0.00336375519106176,-5.69132788735341
2011,0,0.1495,10800,1,0.68,"A",0.0296288181698864,-3.48893118545941
2011,0,0.2645,7000,0,0.98,"C",0.167238243969636,-1.6053281877213
2011,0,0.2645,15000,0,0.77,"C",0.0348615191807548,-3.32088797585831
2011,0,0.1035,5000,0,0,"AA",7.70295234601532e-05,-9.47124475554704
2011,0,0.207,1600,0,0.94,"D",0.000444169264510461,-7.71886057386855
2011,0,0.1955,15000,1,0.89,"B",0.000466225591646353,-7.67037460442433
2011,1,0.3335,7000,0,0,"Missing",0.88735637070722,2.0640175602553
2011,0,0.207,14500,1,0.66,"B",0.000140618497405748,-8.86931939835984
2011,0,0.1725,25000,0,0.09,"C",3.78963360308728e-05,-10.1806182281422
2011,0,0.2415,25000,0,0.07,"A",6.38585925867366e-05,-9.65877554933151
2011,1,0.3335,1800,0,0.98,"Missing",0.999795872087302,8.49655958883637
2011,0,0.1725,5000,0,0,"C",0.00159052360324784,-6.44210021691321
2011,0,0.276,3000,0,1.99,"Missing",0.92208492637531,2.47101789651761
2011,0,0.161,11500,1,0.36,"A",0.0597390648978453,-2.75617126747667
2011,0,0.1725,25000,0,0.44,"AA",3.27102920815341e-05,-10.3277880762005
2011,0,0.115,1000,0,0.53,"A",0.00349056562440178,-5.65419481400835
2011,0,0.1265,8000,0,0.06,"A",0.00693220309242568,-4.96462126731078
2011,0,0.207,3000,1,0.95,"D",0.000244042704481292,-8.3179232571313
2011,0,0.115,10000,0,0.12,"A",1.59592866042528e-05,-11.0454537065093
2011,0,0.1495,2500,0,0.57,"A",3.67373550555655e-06,-12.514297890887
2011,0,0.1725,2500,0,0.44,"D",0.0172747478282807,-4.04108380971071
2011,0,0.1495,2550,0,0.53,"B",0.00109211339091895,-6.81854785903103
2011,0,0.2875,15000,0,0.45,"C",0.00733225168991064,-4.90811335722821
2011,0,0.1955,3500,0,0.96,"Missing",0.64582887056619,0.600754349639098
2011,1,0.3335,2500,0,0,"Missing",0.971483832213556,3.52835340941467
2011,1,0.3335,2000,0,1.26,"Missing",0.923787193819447,2.49495222671278
2011,0,0.2875,9000,0,0.97,"D",0.00160947587186695,-6.43023592594186
2011,0,0.161,7500,1,0.54,"B",6.58729788877355e-06,-11.930360738269
2011,0,0.1265,2500,0,0.33,"B",0.000665137890799073,-7.3148508250252
2011,0,0.276,10000,1,0.03,"A",0.000998316251729018,-6.9084416314491
2011,0,0.2645,3000,0,0.89,"Missing",0.334572034043523,-0.687578186695335
2011,1,0.3335,2500,0,0,"Missing",0.844913338584342,1.69524999762416
2011,1,0.2645,3500,0,0.92,"Missing",0.542031911160185,0.16852536972126
2011,0,0.1725,9000,0,0.49,"B",0.000115770758172059,-9.06378276735694
2011,0,0.3335,3999,0,0.96,"Missing",0.118472232864536,-2.00697788991261
2011,0,0.253,2500,1,0.63,"D",0.0021600672462615,-6.13545352168569
2011,0,0.1725,25000,0,0.09,"C",0.000403365840678842,-7.81526316735038
2011,0,0.1265,5000,1,0.45,"B",0.000739529245197181,-7.2087569265057
2011,1,0.3335,5500,0,0.77,"Missing",0.999899621719323,9.20646431871046
2011,0,0.3335,5000,0,0.97,"Missing",0.203252311531298,-1.36608993088203
2011,0,0.322,6000,0,0.53,"D",0.000126725540120118,-8.9733601779011
2011,0,0.115,1500,0,0.16,"A",5.43976351888868e-06,-12.1217695290555
2011,1,0.1955,1000,1,0.71,"Missing",0.997483066916437,5.98219404308902
2011,0,0.184,25000,0,0.76,"AA",2.16709951951889e-06,-13.0421187443425
2011,0,0.23,25000,1,0.87,"C",2.04197896392401e-05,-10.7989856269849
2011,0,0.3335,12000,0,0.6,"B",0.000647330100860595,-7.34200665160535
2011,1,0.3335,2550,0,0.91,"Missing",0.803139384194574,1.4060323338693
2011,0,0.23,7500,0,0.99,"D",0.000553095678804858,-7.49942630498483
2011,1,0.276,1000,1,0.98,"Missing",0.431961663393578,-0.273852068307126
2011,0,0.115,6000,1,0.75,"A",5.81791889130439e-05,-9.75192466510572
2011,0,0.253,25000,0,0.83,"A",0.00140211708925205,-6.56836887701014
2011,0,0.23,5000,0,0.97,"C",0.000157187075095754,-8.75791670141176
2011,0,0.3335,3800,0,0.73,"Missing",0.291125063543785,-0.889926170219617
2011,1,0.3335,2550,1,1.32,"Missing",0.999739354850917,8.2520899786458
2011,0,0.138,8000,1,0.91,"A",0.00158781166435008,-6.44380944889316
2011,0,0.299,10848,0,0.68,"B",0.00196815032054603,-6.22869101120435
2011,0,0.1725,17000,1,0.58,"A",0.000416650231826631,-7.78284672367539
2011,0,0.115,5000,0,0.09,"AA",4.88774153770647e-05,-9.92614624279035
2011,0,0.3335,12000,1,0.97,"D",0.00146290670681265,-6.52586594959029
2011,1,0.23,6500,0,0.74,"D",0.394022209967942,-0.430436057099381
2011,1,0.253,1100,1,0,"Missing",0.973153625272205,3.5904111655881
2011,0,0.23,1750,0,0.96,"Missing",0.467487496188673,-0.130233776393153
2011,0,0.1725,3000,0,0.73,"D",0.00828769454516965,-4.78466122079329
2011,0,0.2415,3000,1,0.65,"Missing",0.380079344751232,-0.489211461543114
2011,0,0.1725,16000,0,0.77,"B",0.000405756320769279,-7.80935193503917
2011,0,0.1725,4500,0,0.96,"A",0.199094080846365,-1.39196600485285
2011,1,0.276,3500,0,1,"Missing",0.971207410975186,3.51842202251592
2011,1,0.3335,5000,1,1.05,"Missing",0.998946571382961,6.85465110106491
2011,0,0.2185,3001,0,0.48,"D",0.000148198953962289,-8.81680669347483
2011,0,0.1265,20000,1,0.87,"AA",0.000498172017295605,-7.60406682817965
2011,1,0.3335,2700,0,0,"Missing",0.999172296710109,7.09602776731676
2011,1,0.3335,4000,1,0.16,"Missing",0.894780400469694,2.14052873529198
2011,0,0.3335,3500,0,0.88,"Missing",0.00277368428529584,-5.88480123756917
2011,0,0.253,3200,0,0,"D",0.104100271009881,-2.1524739181248
2011,0,0.2875,3000,0,0.73,"D",0.00406593601181147,-5.50103707687619
2011,0,0.207,3000,1,0.93,"C",0.00682049752875741,-4.98097899492955
2011,0,0.2875,25000,0,0.87,"A",0.00919030264105461,-4.68037361758302
2011,0,0.276,2500,1,0.83,"D",0.00169227338143747,-6.37998875100249
2011,0,0.2875,8500,0,0.78,"D",0.0170388683895839,-4.05507246865197
2011,0,0.1725,25000,0,0,"A",0.000847349626422589,-7.07254945757228
2011,0,0.2875,25000,0,0.71,"A",0.333534452138338,-0.692242282369699
2011,0,0.23,5000,0,0.7,"D",0.0394509991426572,-3.19244562311501
2011,0,0.2185,25000,0,0.72,"A",0.0551668693944397,-2.8406457495657
2011,0,0.23,9500,0,0.72,"D",0.00629356241216382,-5.06191455699343
2011,0,0.161,25000,0,0,"AA",2.04010357086593e-06,-13.1025079412589
2011,0,0.1495,24250,0,0,"AA",7.90320093244298e-06,-11.748234796001
2011,0,0.115,4500,0,0.15,"AA",0.010321711476071,-4.56313034222248
2011,0,0.23,24000,0,0.76,"C",5.21944185469341e-06,-12.1631148667193
2011,0,0.115,6500,0,0.69,"AA",5.919317366141e-07,-14.3398739265527
2011,0,0.299,5000,1,0,"Missing",0.319449396515632,-0.756303303626504
2011,0,0.322,4750,1,0.14,"Missing",0.0416952449285039,-3.13477875151246
2011,1,0.3335,15000,0,0.98,"Missing",0.939737263743447,2.74688638935761
2011,0,0.161,14100,0,0.73,"B",0.0687596238870854,-2.60590072470296
2011,1,0.322,3001,0,0,"Missing",0.95378972668835,3.0272410954565
2011,0,0.2645,3500,1,0.96,"C",0.0129982521099458,-4.32985691500301
2011,0,0.2875,15000,0,0.65,"D",0.000146788529106955,-8.82637078513172
2011,0,0.1725,2650,1,0.42,"D",0.00639050243377612,-5.04653137644331
2011,0,0.1955,8500,1,0.21,"B",0.000254702314745554,-8.27516035313781
2011,1,0.2875,2750,1,0,"Missing",0.995900848461053,5.49286769231666
2011,0,0.2875,15000,0,0.79,"D",8.19259449608917e-05,-9.40961289968171
2011,0,0.253,25000,0,0.83,"A",0.00212870735346961,-6.15010938351867
2011,0,0.207,5000,0,0,"B",0.000121800513920587,-9.01300417538433
2011,0,0.1725,15000,1,0.45,"A",0.00138019990513962,-6.58414577824888
2011,0,0.276,22000,0,0.93,"D",0.0376223162966616,-3.24180958335807
2011,0,0.1035,1000,0,0.6,"A",0.00238883982350914,-6.03455576273831
2011,0,0.23,8000,0,0.79,"C",0.00153607828977968,-6.47698541637936
2011,0,0.1955,1500,0,0.92,"D",1.17266983923621e-06,-13.6562263222185
2011,1,0.1955,1000,1,0.71,"Missing",0.999950260963251,9.90867074522433
2011,0,0.1725,10000,0,0.49,"A",0.000505172353131048,-7.59010559359175
2011,1,0.3335,2500,0,1.21,"Missing",0.964134244884821,3.29144759936199
2011,1,0.3335,5000,0,1,"Missing",0.977735692127493,3.78225452766775
2011,1,0.3335,5000,0,0.83,"Missing",0.988945357656668,4.49378861869613
2011,1,0.3335,4000,1,0,"Missing",0.298392450510319,-0.854964633278998
2011,0,0.23,6000,0,0.25,"A",6.99555629877892e-05,-9.56758037394509
2011,1,0.322,25000,0,0.73,"C",0.805309549253327,1.41981587154844
2011,1,0.322,2000,1,0.97,"Missing",0.974472712280946,3.64214853015354
2011,0,0.207,8000,0,0.35,"C",0.00833219957978493,-4.77926069607327
2011,1,0.2875,2500,0,0,"Missing",0.728350093532178,0.986267701625352
2011,1,0.1955,1675,0,0.95,"Missing",0.614102468096083,0.464589927538267
2011,0,0.1725,16000,0,0.24,"C",0.0408158342864873,-3.15701299439445
2011,0,0.2875,4000,1,0.47,"C",0.666545730727647,0.692603018177517
2011,0,0.1955,15000,1,0,"A",0.0450596368768458,-3.05366201522629
2011,0,0.2875,25000,0,0.47,"AA",0.00931535864721778,-4.6667317556062
2011,0,0.3335,25000,0,0.58,"D",0.000130808615975061,-8.94164443256946
2011,0,0.3335,12000,0,0.91,"D",0.000875815557525937,-7.03947884065824
2011,1,0.2185,15000,1,0.41,"A",0.992958195828927,4.94882415265837
2011,0,0.322,3500,1,0.94,"Missing",0.221849706455922,-1.25491953022484
2011,0,0.092,1000,0,0.05,"AA",5.09628297679433e-07,-14.4895836954035
2011,0,0.3335,7900,1,0.99,"Missing",0.0456607724215592,-3.03977963493801
2011,0,0.276,10000,0,0.97,"B",0.000398297581283261,-7.82791276347268
2011,0,0.2185,10000,0,0.64,"C",1.80395288680862e-05,-10.922927119939
2011,0,0.184,25000,0,0,"A",0.00387149874444155,-5.55023456205086
2011,0,0.1265,25000,1,0.09,"AA",0.00403884196217202,-5.5077502510138
2011,0,0.1725,12000,1,0.53,"B",2.5482804133149e-05,-10.5774811978654
2011,1,0.3335,2000,0,1.23,"Missing",0.312717098054509,-0.787447058934692
2011,0,0.1955,1000,1,0.76,"D",0.0032020238318018,-5.74076506036913
2011,0,0.161,12000,1,0.37,"A",0.00379839675217206,-5.56937057962004
2011,0,0.1495,25000,1,0.11,"AA",1.17079899939262e-05,-11.3552273357121
2011,0,0.23,25000,1,0.19,"C",0.220906485237072,-1.26039161504751
2011,0,0.1725,15000,0,0.63,"B",0.0142427950072348,-4.23715891655749
2011,0,0.2875,9000,0,0.42,"C",0.00495666402678898,-5.30205335073959
2011,0,0.161,2400,0,0.94,"B",0.00599631183500294,-5.11059633101729
2011,0,0.1725,2000,0,1.59,"Missing",0.399531303112003,-0.407418393886966
2011,0,0.0805,5000,0,0.05,"AA",4.77960204192813e-06,-12.2511484901401
2011,1,0.3335,3500,0,0.9,"Missing",0.999832763584092,8.69593483213147
2011,0,0.092,3001,0,0.14,"AA",0.000169762966212131,-8.6809376328993
2011,1,0.1265,1000,0,0.97,"Missing",0.800912112371848,1.39200484506615
2011,0,0.2185,3000,1,0,"D",0.025722410678181,-3.63433363959688
2011,0,0.1955,5000,0,0.46,"A",0.000210485294664322,-8.46588425890915
2011,0,0.253,15000,0,0.95,"C",0.010266615483102,-4.56853818240293
2011,0,0.207,5000,0,0.92,"B",0.000297700277584717,-8.11912561291284
2011,1,0.3335,2550,1,1.26,"Missing",0.680064547297535,0.754068451018956
2011,1,0.3335,2600,1,0,"Missing",0.72498492345438,0.969324939437055
2011,0,0.276,5000,0,0.7,"B",0.000534668339766533,-7.53332911764582
2011,0,0.207,12000,0,0.93,"B",0.000162142370574308,-8.72687362245481
2011,0,0.322,6500,1,0,"Missing",0.262875217698606,-1.03107772681842
2011,0,0.2185,6000,1,0.61,"D",0.00483318192477624,-5.32740534510346
2011,0,0.1495,10000,0,0.53,"A",0.000252047214901848,-8.28564204829692
2011,0,0.3335,23800,0,0.5,"C",0.0164996754972833,-4.08777725389407
2011,0,0.1265,1600,0,0.9,"B",0.000538126040766042,-7.52687947784159
2011,0,0.1955,5000,0,0.03,"C",1.62944094436216e-05,-11.024672193359
2011,0,0.1725,1000,1,0.46,"D",0.000113559478850793,-9.08307024963978
2011,0,0.253,4500,1,0.68,"D",0.00335909559314908,-5.69271875992424
2011,0,0.2185,2750,0,0,"C",0.199184619719068,-1.39139830203761
2011,0,0.23,5000,0,0,"C",0.069202808144421,-2.59899997258669
2011,1,0.2645,1750,1,0,"Missing",0.926745780833021,2.53774344358441
2011,0,0.1725,9999,0,0.57,"B",0.000145138536304491,-8.83767669981003
2011,1,0.3335,2100,0,0,"Missing",0.999137097665655,7.05434576837222
2011,0,0.1725,9500,0,0.37,"C",0.00622197150866077,-5.07342705100577
2011,0,0.2875,5000,0,0.76,"C",0.00523333733116999,-5.24745901217258
2011,0,0.115,3500,0,0.07,"AA",1.36822047909903e-06,-13.5019982145968
2011,0,0.3335,5000,1,0,"Missing",0.120657820162841,-1.98621549812289
2011,0,0.3335,3700,0,0.58,"D",0.190327600569136,-1.44788291977684
2011,1,0.3335,10000,1,0.72,"Missing",0.715617556222033,0.922825919617549
2011,1,0.2645,10000,0,0.44,"C",0.423199641074788,-0.309652175818557
2011,0,0.276,11520,0,0.6,"D",0.0185901785987078,-3.96635672221384
2011,0,0.3335,6000,1,0,"D",0.000240356899014595,-8.3331452742128
2011,0,0.092,1500,1,0.22,"AA",0.0105517360574116,-4.54085707703602
2011,0,0.138,12000,1,0,"AA",0.000329693704997132,-8.0170167531266
2011,0,0.1955,3650,0,0.85,"D",0.0634354425706975,-2.69219571796954
2011,0,0.1955,2550,0,0.25,"C",0.000471150089469157,-7.65986259230071
2011,0,0.3335,5000,1,0.65,"D",0.00134080192230407,-6.61314569293666
2011,0,0.23,7500,0,0.99,"D",0.000480411144674693,-7.64038774270846
2011,0,0.2185,8500,0,0.79,"C",0.0185925631351365,-3.96622603211828
2011,1,0.3335,5000,0,0,"Missing",0.973167933132528,3.59095896328397
2011,0,0.184,10000,1,0.83,"C",0.062650267185972,-2.70548851392602
2011,0,0.1265,15000,0,0.21,"A",0.00287749253939762,-5.8479543696291
2011,1,0.3335,4000,1,0,"Missing",0.736450591340598,1.02760128834857
2011,0,0.1725,20000,0,0.37,"A",3.79026502067997e-05,-10.1804516186513
2011,1,0.3335,2550,1,0,"Missing",0.986026513279383,4.25652151554895
2011,0,0.2875,15000,1,0.82,"D",0.0197172950932597,-3.90634483034829
2011,0,0.207,10000,0,0.97,"C",0.000180578087559179,-8.61916666129341
2011,0,0.3335,2800,0,0.99,"C",0.00193323354582591,-6.2466261610042
2011,0,0.1265,3000,0,0,"B",3.15547733437747e-05,-10.3637541305768
2011,0,0.23,9500,0,0.72,"D",0.00920831583395783,-4.67839733374663
2011,0,0.1265,1000,1,0.97,"Missing",0.00922729261156886,-4.67631947057122
2011,1,0.3335,4000,0,1.07,"Missing",0.981185366248694,3.95412644006239
2011,1,0.23,1000,0,1.07,"Missing",0.997677924268001,6.06296900532084
2011,0,0.23,6001,0,0.77,"C",0.00468578319873014,-5.35852540981307
2011,0,0.1265,20000,1,0.87,"AA",3.35953881911563e-06,-12.6037034900808
2011,0,0.184,3500,1,0,"C",0.0794676837032705,-2.4496016626657
2011,0,0.23,7500,1,0.9,"D",0.00030493308468527,-8.09511322031564
2011,1,0.0805,1000,1,1.06,"Missing",0.284703564193982,-0.921248538978474
2011,1,0.3335,8000,0,0.8,"D",0.952154948903204,2.99076009580423
2011,0,0.1035,2500,0,0.1,"AA",0.000189662774232357,-8.57007325445491
2011,0,0.322,4000,0,0.53,"Missing",0.908626413523473,2.29697757500354
2011,0,0.253,13000,0,0.82,"D",1.60839494367772e-05,-11.0376726285524
2011,0,0.1725,9999,0,0.31,"B",0.00653674183846465,-5.02375822759099
2011,1,0.3335,16000,1,0,"D",0.805260104070362,1.41950053473221
2011,0,0.138,4000,0,0.04,"AA",2.04595374701279e-06,-13.0996444512776
2011,0,0.1265,1000,0,0.98,"D",0.000668526319809947,-7.30976604087069
2011,0,0.3335,2550,0,0.63,"D",0.0085382330854816,-4.75462629862518
2011,0,0.3335,6500,1,0.85,"D",0.00531413944924284,-5.23205588041664
2011,0,0.3335,2500,1,0,"Missing",0.388520320441497,-0.453536250781647
2011,0,0.3105,2550,0,0.98,"Missing",0.269074308086744,-0.999324222237588
2011,0,0.23,5000,0,0.7,"D",0.00189526110326994,-6.26650160518946
2011,0,0.2185,10000,1,0.88,"D",0.023853150859864,-3.71169671514657
2011,0,0.115,4500,0,0.69,"A",0.000623452807716019,-7.37961383778224
2011,1,0.3335,3000,0,0.36,"Missing",0.979974488209162,3.89051948866341
2011,0,0.2875,5000,0,0.52,"C",0.122956109466868,-1.96472957924839
2011,0,0.115,1000,0,0.3,"AA",0.00402686192200612,-5.51073289419233
2011,0,0.3335,2501,1,0,"Missing",0.410922071882225,-0.360154890309874
2011,0,0.184,23000,1,0.13,"A",0.493926984307417,-0.0242932574470016
2011,0,0.2875,25000,0,0.73,"A",0.467344832517301,-0.130806864889365
2011,0,0.1035,6000,0,0,"AA",0.000310019373169514,-8.07856570090344
2011,0,0.253,2500,1,0.74,"D",0.0142811583622446,-4.23443009204489
2011,1,0.3335,7900,1,0.99,"Missing",0.999459091603988,7.52171956216749
2011,0,0.3335,2550,0,0,"Missing",0.0134796122001196,-4.2930056555176
2011,0,0.161,3000,0,0.98,"C",0.000786508444316134,-7.14712028104436
2011,1,0.3335,5300,0,0.96,"Missing",0.766137898550919,1.18663054615647
2011,0,0.23,6000,0,1,"C",0.00299146292561392,-5.80899679215958
2011,0,0.207,5000,0,0.12,"C",0.000288188813950392,-8.1516064583
2011,1,0.3335,5500,0,0.99,"Missing",0.904482379939805,2.24805209048699
2011,0,0.2875,3000,0,0.73,"D",0.0135547668947883,-4.287369521744
2011,0,0.3335,20000,1,0.9,"C",0.269350193822141,-0.997921914928631
2011,0,0.1725,5000,0,0.27,"B",3.39823760192047e-05,-10.289634537162
2011,0,0.253,3200,0,0,"D",2.07800533204661e-06,-13.0841000213318
2011,0,0.1265,3000,1,0,"C",0.000679113369474538,-7.29404313491855
2011,0,0.1265,5000,0,0.05,"A",0.00916275648318497,-4.68340322671872
2011,0,0.1725,5100,0,0.19,"C",0.0284210856920505,-3.53179117123281
2011,0,0.1725,3000,0,0.73,"D",0.000732812660886369,-7.21788738604383
2011,0,0.115,1000,0,0.24,"AA",0.000931563919158787,-6.97771375258087
2011,1,0.1955,9000,0,1,"Missing",0.993007022004862,4.95583123350718
2011,1,0.253,6001,0,0.25,"Missing",0.8816690923638,2.00833180513561
2011,0,0.1955,4800,0,0.88,"C",0.0275566290471732,-3.56356871798741
2011,0,0.3335,2500,0,0.89,"Missing",0.450604153184945,-0.19822996917433
2011,1,0.1035,2550,0,0.17,"A",0.205802038575591,-1.35041802289885
2011,0,0.23,1750,0,0.96,"Missing",0.00189187213001989,-6.26829473121205
2011,0,0.1955,5600,0,0.84,"C",4.46049462635605e-06,-12.3202464348066
2011,0,0.3335,10000,0,0.93,"D",0.00222694944108144,-6.10489316088664
2011,0,0.184,10000,0,0.35,"AA",0.000660426132649455,-7.32196463145013
2011,1,0.184,9000,0,0.69,"C",0.788639006777783,1.31674114358518
2011,0,0.0575,1000,0,0.42,"D",0.0231449326326653,-3.74256243266687
2011,1,0.1955,3500,0,0.96,"Missing",0.936148831969315,2.68521959668557
2011,0,0.1725,16000,0,0.24,"C",0.000386535101259073,-7.85790126597122
2011,1,0.3335,2550,0,0.9,"Missing",0.975672267740527,3.69150979390615
2011,0,0.276,10000,0,0.97,"B",0.000800122089867027,-7.12994578724825
2011,0,0.1495,2500,1,0.77,"B",0.000339282509876379,-7.98833809509112
2011,0,0.2875,5000,1,0.92,"Missing",0.0785833485420715,-2.46175249786671
2011,0,0.1725,12000,0,0.45,"AA",5.12693408709276e-06,-12.1809975943362
2011,0,0.23,7500,0,0.38,"C",0.000986070872098639,-6.92079577018877
2011,1,0.253,3200,0,0,"D",0.721100016838943,0.94992461301729
2011,0,0.1725,3000,0,0.73,"D",0.00494681257560879,-5.30405274537484
2011,0,0.1725,3500,0,0.3,"C",4.95447328963877e-05,-9.91258505563921
2011,0,0.161,6000,0,0.03,"AA",4.18666515482963e-05,-10.0809790861779
2011,0,0.2415,5000,0,0.97,"D",9.05554200365289e-05,-9.30945795906945
2011,0,0.2875,5100,0,1.02,"Missing",0.115462350584563,-2.03612057059716
2011,0,0.3335,4000,0,1,"Missing",0.315976521905443,-0.772324328674006
2011,0,0.1725,8000,0,0.12,"B",1.35201436191755e-05,-11.2113163444508
2011,0,0.1035,1000,1,0.05,"AA",0.113013148924993,-2.06032598404713
2011,1,0.3335,1500,1,1.29,"Missing",0.996755744748936,5.72761993251544
2011,0,0.2645,7000,0,0.98,"C",0.00124704579466943,-6.68573006508239
2011,0,0.3335,3000,1,0.59,"D",0.0169692938060356,-4.05923489276424
2011,1,0.3335,4000,0,0.98,"Missing",0.965354422082973,3.32732521462991
2011,0,0.23,5000,0,0.72,"Missing",0.117817560253203,-2.01326155393097
2011,0,0.1725,15000,1,0.72,"C",0.0734393286303323,-2.53501992353366
2011,0,0.2875,15000,0,0,"D",0.00023956506091172,-8.33644593116704
2011,0,0.3335,4000,0,1.12,"Missing",0.0299962966205968,-3.47622596134509
2011,1,0.322,12000,0,0.83,"D",0.261238966616513,-1.03953893447451
2011,0,0.23,1500,0,0.53,"D",0.000806622541501142,-7.12184778155969
2011,0,0.3105,15000,0,0.94,"D",0.00479950476512505,-5.33443148094949
2011,0,0.276,4500,0,0.6,"D",0.00993001567570962,-4.60221357518964
2011,0,0.276,3000,0,0,"Missing",0.0302286165802843,-3.46827131191825
2011,0,0.184,3500,1,0.51,"C",0.00733846651187905,-4.90725985475069
2011,1,0.3335,2550,1,1.32,"Missing",0.979218668586796,3.85269992124177
2011,1,0.161,5000,0,0.84,"C",0.406469305377327,-0.378580514084986
2011,0,0.253,6001,0,0.69,"D",0.00324281110811508,-5.72806661897158
2011,0,0.161,14500,0,0.48,"A",0.00033550272915438,-7.99954490797452
2011,1,0.1725,9990,0,0.2,"A",0.272424602927485,-0.982355742949308
2011,0,0.2645,15000,0,0.18,"D",0.000224627282655019,-8.40084339832684
2011,1,0.3335,3000,0,0.36,"Missing",0.989539243493869,4.54960864443577
2011,0,0.1725,1200,0,0.49,"C",0.000514106733474907,-7.57256542245937
2011,1,0.3335,2500,0,1.09,"Missing",0.988651990589011,4.46730004335197
2011,0,0.184,5000,1,0.69,"C",0.00431026761376411,-5.44243570183705
2011,1,0.3335,3000,0,0.91,"Missing",0.803725406536867,1.40974301086417
2011,0,0.0805,1500,0,0.01,"AA",0.00483086631602956,-5.32788689323706
2011,0,0.1955,9500,0,0.95,"AA",0.000314853136202356,-8.06308935942501
2011,0,0.23,8500,0,0.48,"B",0.0139217682710447,-4.2602820161751
2011,0,0.115,5000,0,0.43,"A",0.0737816823128583,-2.52999947744404
2011,0,0.3335,7000,0,0.7,"D",5.99335767782211e-05,-9.7222137273022
2011,1,0.3335,3300,0,0.91,"Missing",0.742257376136871,1.0577345460518
2011,1,0.276,3000,0,1,"Missing",0.996612024088909,5.6841288841879
2011,0,0.2875,2000,1,1.4,"Missing",0.808895213034464,1.44284748167145
2011,1,0.3335,3000,0,1.15,"Missing",0.776916850298224,1.24778876028835
2011,0,0.207,3002,1,0.8,"D",0.00231287419916068,-6.06694873279119
2011,0,0.161,3000,0,0,"C",0.00134533448492434,-6.60976636891006
2011,0,0.138,5000,0,0.1,"AA",4.43720000920388e-05,-10.022857543029
2011,0,0.322,3500,0,0.93,"D",0.00264497700100511,-5.93244442784891
2011,1,0.23,1000,0,0.9,"Missing",0.995092442151066,5.31205920456621
2011,0,0.115,3000,1,0.32,"A",0.000484179803813702,-7.63256992769545
2011,0,0.3335,17000,1,0,"D",0.0035972602641478,-5.62397901502967
2011,0,0.2875,25000,0,0.71,"A",3.40800946898723e-05,-10.2867629968729
2011,0,0.184,25000,0,0.76,"AA",3.95897328854589e-06,-12.4395218779024
2011,0,0.1955,11000,0,0,"C",0.00207872050475013,-6.1739218324504
2011,0,0.161,1000,0,0.6,"A",0.0706950898397448,-2.57606077841792
2011,0,0.23,2000,1,0.78,"D",0.00671204060690669,-4.99711759228141
2011,0,0.276,22000,0,0.93,"D",0.0042965024416234,-5.44564821399777
2011,0,0.184,3300,0,0.3,"C",4.45261874518729e-06,-12.3220137001806
2011,1,0.2875,3000,0,0.62,"Missing",0.993963038160275,5.10379914228738
2011,0,0.299,10000,0,0.46,"D",0.0289067065098287,-3.51434891612001
2011,1,0.3335,4000,0,0.77,"Missing",0.654464187979093,0.63872057666952
2011,0,0.322,25000,1,0.75,"C",0.0108716405051489,-4.51066650017197
2011,1,0.3335,4000,1,0,"Missing",0.992916572958886,4.94288880942005
2011,0,0.1035,7000,0,0.17,"AA",2.07878698154507e-05,-10.7811201352373
2011,0,0.3335,3001,0,0.84,"Missing",0.0223495015647739,-3.77834822314358
2011,0,0.1725,7700,0,0.38,"C",0.0022521401733005,-6.09361964666988
2011,0,0.1725,12000,0,0.94,"B",2.47312806613499e-05,-10.6074169604453
2011,1,0.276,3000,0,0.67,"Missing",0.962039845136448,3.23251881548431
2011,0,0.1265,4000,0,0.11,"AA",0.0069199529413058,-4.96640230291719
2011,1,0.3335,3000,0,1.51,"Missing",0.962803503983627,3.25363478153603
2011,0,0.1955,5000,0,0.03,"C",1.63948041246352e-06,-13.3211295485136
2011,0,0.3105,3001,1,1.02,"Missing",0.685876869497393,0.780913076685051
2011,0,0.253,7000,0,0.07,"AA",0.0036937325105301,-5.59741724051713
2011,1,0.115,4000,0,0.16,"A",0.810589996081811,1.45384837438859
2011,0,0.2415,3001,1,0,"C",0.00382788370359516,-5.56160795751343
2011,0,0.1265,11000,1,0.43,"AA",0.00644074705585084,-5.03864916497174
2011,0,0.1725,25000,0,0,"A",0.00144647330517252,-6.53717936803263
2011,0,0.1725,4400,0,0.8,"Missing",0.272215488289213,-0.983411014982829
2011,1,0.3335,4000,0,0,"Missing",0.910842011442159,2.32395951064892
2011,0,0.2645,7000,0,0.52,"D",0.000960148696760486,-6.94746178310337
2011,0,0.299,5500,0,0.99,"Missing",0.748199144612394,1.08903065995691
2011,1,0.23,2000,0,0.84,"Missing",0.0275359644741126,-3.56434014403755
2011,0,0.1495,5500,0,0.34,"B",4.38460962020475e-05,-10.0347810222308
2011,1,0.3335,2200,0,1.06,"Missing",0.784491372930194,1.29203463366135
2011,1,0.2875,10700,0,0,"Missing",0.224884974679308,-1.23742239027132
2011,0,0.092,3001,0,0.14,"AA",0.000131228366208575,-8.93844026198796
2011,0,0.253,25000,1,0.69,"AA",8.26463373227656e-06,-11.7035168785194
2011,0,0.069,1000,0,0.04,"AA",0.0147662812114555,-4.20053260600346
2011,1,0.276,1000,1,0.29,"Missing",0.999299699015736,7.2632997915059
2011,0,0.092,1000,0,0,"AA",0.000117517088667571,-9.04880927549174
2011,0,0.161,25000,0,0.58,"AA",0.000363215219857296,-7.9201517260232
2011,0,0.2185,25000,0,0.85,"A",0.00357680924872286,-5.62970092596908
2011,0,0.322,23500,0,0.89,"D",0.0664069308278117,-2.64323922620682
2011,1,0.3335,3000,1,0.4,"Missing",0.998431429340611,6.45602068017313
2011,0,0.2875,9500,0,0.64,"D",0.00115681494630282,-6.7609273016838
2011,0,0.1725,3500,0,0.32,"C",0.00555576072556339,-5.18734866960503
2011,0,0.322,10000,0,0.87,"D",0.00662040762625528,-5.01095591623449
2011,0,0.207,3000,1,0.93,"C",0.00202966723858546,-6.1978516914397
2011,1,0.276,3000,0,0.91,"Missing",0.81708452883189,1.49671841202596
2011,0,0.207,1000,1,0,"C",0.0015873354946005,-6.44410986136907
2011,1,0.2875,5000,1,1.1,"Missing",0.993100905016641,4.96944203404489
2011,1,0.23,3000,1,1.03,"Missing",0.984051185278151,4.12229339889868
2011,0,0.23,6500,1,0.92,"D",0.00279406851711808,-5.8774585162868
2011,0,0.1955,11300,0,0.27,"C",0.0318589065121725,-3.41406085214924
2011,0,0.184,5000,0,0.94,"C",0.00175909825191759,-6.3411933108146
2011,0,0.161,7500,0,0.67,"B",1.48252722105888e-05,-11.1191624262758
2011,0,0.115,1500,0,0.89,"A",0.0604873174478954,-2.7429276039184
2011,0,0.3335,5000,0,0.93,"Missing",0.0188119063331968,-3.95427419287786
2011,1,0.2185,1000,1,0,"Missing",0.999959320463268,10.1097446945838
2011,0,0.276,4500,0,0.72,"D",0.000519522396072759,-7.56208098013624
2011,0,0.1495,25000,0,0.27,"AA",0.000164126504858079,-8.71470891643291
2011,0,0.3335,10000,0,0.04,"B",0.000673467765984096,-7.30239672906613
2011,0,0.1265,4000,0,0.11,"AA",1.61937922050769e-06,-13.3334660599957
2011,0,0.1725,4500,1,0,"C",0.000949421548359939,-6.95870778275117
2011,1,0.2645,1600,0,0.74,"Missing",0.807900008425027,1.43642227299697
2011,1,0.3335,4200,0,1,"Missing",0.988143371864578,4.42294075290977
2011,0,0.0805,1000,1,0.99,"D",0.002896041755413,-5.84151014285863
2011,0,0.115,1000,0,0.28,"A",0.000147778536706973,-8.81964798902975
2011,0,0.115,6000,0,0.02,"AA",0.0274419610843739,-3.56785648543732
2011,1,0.299,2000,1,0,"Missing",0.983155933369393,4.06676927160841
2011,0,0.23,6000,0,0.25,"A",0.00125261232344944,-6.68127065212745
2011,0,0.2415,7000,0,0.78,"D",0.00812582389501985,-4.80454913509743
2011,0,0.1035,1000,1,0.05,"AA",0.0164362938044783,-4.09169048418471
2011,1,0.115,5000,0,1.13,"A",0.818869647335848,1.50870795789831
2011,1,0.23,1500,0,0.41,"Missing",0.994385286781645,5.17673423132676
2011,0,0.161,2500,0,0,"C",0.000379229024364274,-7.87699094851762
2011,0,0.2645,6001,0,0.88,"D",0.000281051708822149,-8.17669079718768
2011,0,0.1725,4500,0,0.96,"A",0.00324949217282849,-5.726001766126
2011,0,0.2185,2500,0,0.82,"C",0.00242015626126408,-6.02150008055476
2011,0,0.2875,15000,0,0.65,"D",0.000758154940625272,-7.18386434356742
2011,0,0.276,5700,0,0.1,"A",0.0467094077458132,-3.01597418579474
2011,1,0.276,2800,0,0,"Missing",0.782739278291655,1.28170154776032
2011,0,0.0805,2550,1,0,"A",2.31945134284773e-06,-12.9741775709521
2011,1,0.3335,5200,0,0,"Missing",0.999898458081379,9.19493730632806
2011,0,0.1955,25000,0,0.91,"A",0.600050351001083,0.405674908348302
2011,0,0.23,2400,1,0,"D",2.46561800975349e-05,-10.610458318519
2011,0,0.1265,1000,0,0.01,"AA",0.000272688479278436,-8.20690779021003
2011,0,0.2875,6000,0,1.02,"D",0.012161710603054,-4.39722646841472
2011,0,0.253,2000,0,0,"Missing",0.0469107842873439,-3.01146092374021
2011,0,0.3335,3000,1,0.53,"D",0.0266458678900024,-3.59811388741368
2011,0,0.2415,25000,0,0.07,"A",0.0425049046159893,-3.11470112672618
2011,0,0.322,2550,0,0.94,"Missing",0.0500199246945386,-2.94401959107066
2011,0,0.276,4500,0,0.6,"D",0.000174734821552315,-8.652066288603
2011,0,0.1725,3000,0,0.96,"C",0.0981895882076931,-2.21750412814633
2011,0,0.3105,25000,1,0,"C",0.0135485781006494,-4.28783247677271
2011,0,0.23,7500,0,0.36,"C",0.00917966043686496,-4.68154301132913
2011,0,0.1265,5000,0,0.12,"A",0.000767279541946521,-7.17189178747668
2011,0,0.299,10000,0,0.97,"D",0.097272834255341,-2.22790061125215
2011,0,0.207,6800,1,0.89,"D",0.0311000847844938,-3.43895077451404
2011,0,0.1725,10000,1,0,"B",0.0101359360046023,-4.58148049528022
2011,0,0.2185,6001,1,0.24,"D",0.00065024967104425,-7.33750369835178
2011,1,0.2645,1000,1,0.93,"Missing",0.997144058760592,5.85549378193236
2011,1,0.3335,5108,0,0,"Missing",0.918069597430438,2.41640306422004
2011,0,0.207,7500,0,0.9,"B",0.000137723460663261,-8.89012505860938
2011,0,0.23,9000,1,0.93,"D",0.00020778706567199,-8.47878891669939
2011,0,0.115,8300,0,0.05,"AA",0.0901092677479606,-2.31230149784089
2011,0,0.322,1500,1,1,"Missing",0.562397266040314,0.250896980536705
2011,1,0.3335,7100,1,1.12,"Missing",0.862677743008841,1.83771080207322
2011,1,0.3105,1000,0,0,"Missing",0.464874986806054,-0.140731865257405
2011,1,0.23,5000,0,0.95,"Missing",0.975126033155028,3.66874497910663
2011,0,0.2185,9750,0,0.78,"B",1.68935032963016e-05,-10.9885645366349
2011,0,0.207,15000,0,0.29,"C",0.0213411105971055,-3.82554786674401
2011,0,0.253,25000,0,0.7,"C",0.000526645954260825,-7.54845526405663
2011,1,0.3335,5000,0,0,"Missing",0.985427553303525,4.21394307814623
2011,0,0.2645,8000,1,0,"C",0.0156900321462797,-4.13891523984751
2011,1,0.322,2550,0,0.74,"Missing",0.74730496973595,1.08429001351401
2011,0,0.3335,15000,0,0,"AA",0.0012870669982233,-6.65410139807121
2011,0,0.207,5000,0,0.5,"D",0.290264077819168,-0.894101838464508
2011,0,0.2645,7000,0,0.52,"D",0.00545663574051348,-5.20545126631715
2011,0,0.184,4500,0,0.88,"D",0.00401012765310044,-5.51491401470382
2011,0,0.184,3000,1,0.96,"C",0.000240078597708327,-8.33430409036302
2011,0,0.3105,6000,0,0.95,"Missing",0.36489080658,-0.554198793480917
2011,0,0.23,5000,0,0.95,"Missing",0.229731346496455,-1.20982878715013
2011,1,0.276,3500,0,0.8,"Missing",0.842091572300717,1.67387347054347
2011,0,0.2185,15000,1,0.94,"B",0.0002220776903641,-8.41226117836421
2011,0,0.3335,3000,0,0,"Missing",0.308797361791031,-0.805747759644515
2011,0,0.1495,1000,1,0.7,"C",0.000572269834367847,-7.46532750576948
2011,0,0.207,2500,0,0,"C",0.0675861285270987,-2.62437402153111
2011,0,0.1955,7500,0,0.2,"C",1.53706200831578e-05,-11.0830372867575
2011,0,0.276,5000,1,0.47,"C",4.5696790344184e-05,-9.99343679786494
2011,0,0.3335,4500,0,0.97,"D",0.0496670760430857,-2.95147010975145
2011,0,0.1955,1500,0,0.77,"Missing",0.106465419902346,-2.12736479902285
2011,0,0.23,9000,0,0.65,"A",0.329880083081902,-0.708727473024643
2011,1,0.322,12839,0,0.45,"C",0.261538296812602,-1.03798851975229
2011,1,0.3335,2500,1,0,"Missing",0.961266648524874,3.21155081620529
2011,0,0.0575,1000,1,0.48,"D",4.61402909637893e-05,-9.98377785777582
2011,0,0.1725,3500,0,0.32,"A",0.00974422710274856,-4.62128824859396
2011,0,0.2415,20000,0,0.01,"B",1.09781166298885e-05,-11.419595685751
2011,0,0.3335,10500,0,0.99,"Missing",0.774402767885593,1.23334085963619
2011,0,0.1265,8000,0,0.62,"B",7.52213946188835e-05,-9.49499964033718
2011,0,0.1035,4900,0,0,"AA",6.68045322456949e-06,-11.9163180442523
2011,0,0.276,10000,1,0.03,"A",0.000165907439036751,-8.70391460008323
2011,0,0.115,5000,0,0.52,"AA",3.42963869372698e-06,-12.583052209796
2011,0,0.138,8000,0,0.72,"B",0.0152663200224698,-4.16672213271418
2011,0,0.161,25000,1,0.63,"AA",0.00184403030513766,-6.29395598690426
2011,1,0.276,2000,0,0,"Missing",0.883758648461218,2.02851535692295
2011,0,0.1725,15000,0,0.62,"B",0.0010479670808511,-6.85985458839597
2011,0,0.1035,1500,0,0.29,"A",3.16539885863294e-05,-10.3606147411396
2011,0,0.3335,6000,0,0.59,"Missing",0.092902206840447,-2.27870286421766
2011,0,0.23,9999,0,0.94,"D",0.00241905939934772,-6.02195450227311
2011,0,0.161,14500,0,0.48,"A",0.000630971761737639,-7.36761827712063
2011,0,0.138,7500,0,0.81,"A",6.57810478479644e-06,-11.9317573026149
2011,0,0.23,3000,0,1,"C",0.000596933326463382,-7.42310802021222
2011,0,0.0805,1500,0,0.01,"AA",0.00198596108895864,-6.21966437049598
2011,1,0.3335,10000,0,1.13,"Missing",0.932849065566884,2.63130057603942
2011,0,0.3105,4700,0,0,"D",0.000827342442688887,-7.09646418554683
2011,0,0.1265,9000,1,0.85,"A",0.000498528424744528,-7.60335129690593
2011,0,0.23,3500,0,1,"D",0.00162166448957748,-6.4226792137035
2011,1,0.322,1200,0,0.81,"Missing",0.901993011084216,2.21956798019401
2011,0,0.3335,7000,0,0.12,"D",0.00476099734916239,-5.34252573855295
2011,0,0.23,5000,1,0.95,"C",0.00447912563684092,-5.40383823497615
2011,0,0.1035,5000,0,0,"A",2.62946010984596e-06,-12.8487293848115
2011,0,0.2645,8000,1,0.74,"D",0.0159058652961756,-4.12503363006983
2011,0,0.3335,16000,1,0,"D",0.000246267525942626,-8.30884581124925
2011,0,0.1035,4800,0,0.12,"AA",3.05231908615501e-06,-12.6996058478291
2011,0,0.23,24900,0,0.87,"C",0.013414049323992,-4.29794783383234
2011,0,0.207,15000,0,0.61,"A",0.00479019152898499,-5.33638318191734
2011,0,0.276,4000,0,0.92,"D",3.56936625107407e-06,-12.5431189292663
2011,0,0.1955,3600,1,0.76,"D",0.431795372748513,-0.274529811257151
2011,0,0.1725,5000,1,0.6,"D",0.0210474256734775,-3.83970494152828
2011,0,0.3105,14000,1,0.65,"D",0.0412607301094364,-3.14570795802942
2011,1,0.2645,1500,1,1.11,"Missing",0.998259887839632,6.35206407993736
2011,0,0.1035,3500,0,0.67,"A",6.98218944738179e-06,-11.8721410337517
2011,0,0.1725,25000,1,0.37,"AA",0.00579272183488702,-5.14534344075124
2011,1,0.299,2500,1,0.91,"Missing",0.821326281851479,1.52535911166728
2011,1,0.276,1000,0,0.81,"Missing",0.587470787683965,0.353519500687836
2011,1,0.3335,15000,0,0.98,"Missing",0.690922613422292,0.804436137801663
2011,1,0.3335,1000,0,0,"Missing",0.97458365655669,3.64661795112907
2011,0,0.1725,13000,0,0.26,"AA",0.00421467396179678,-5.46495946167201
2011,0,0.3335,2100,0,1,"Missing",0.00604577643910557,-5.1023312338282
2011,0,0.1035,3001,0,0.21,"AA",0.000817768820050208,-7.10811277400514
2011,0,0.207,8000,0,0.33,"C",0.00339319639498707,-5.68258394611208
2011,0,0.1955,3500,0,0,"B",0.000277185854190784,-8.19054509873114
2011,0,0.2185,7000,0,0.83,"C",0.00174040505986809,-6.35189547849587
2011,0,0.3335,22000,0,0,"D",0.377429406608768,-0.50047347610627
2011,0,0.1955,3000,0,0.53,"C",7.03383616907197e-06,-11.864771281612
2011,0,0.1725,8575,0,0.9,"B",0.0197682753645349,-3.90371059902164
2011,1,0.322,6000,0,0.86,"Missing",0.993805110909457,5.07781651008896
2011,0,0.23,8000,1,0.52,"D",0.157766208206763,-1.67494339586007
2011,0,0.23,3000,0,1,"C",0.00392182947039476,-5.53726749240998
2011,0,0.3105,7500,0,0.73,"C",0.0362220070003617,-3.28119410806471
2011,0,0.161,5000,0,0.68,"B",9.59729077572149e-06,-11.554020112845
2011,1,0.3335,9000,1,0,"Missing",0.98913817724575,4.5115798944513
2011,0,0.3335,12000,0,0.6,"B",0.00425904091887311,-5.45444314399425
2011,0,0.207,15000,0,0.26,"B",0.00198869738014266,-6.2182847599571
2011,0,0.1725,2500,1,0.28,"B",0.00019604686761496,-8.5369607407467
2011,0,0.3335,4500,1,1.52,"Missing",0.482623935683408,-0.0695322578983104
2011,1,0.3335,3000,0,0.91,"Missing",0.954560237097526,3.04486319312645
2011,1,0.322,3000,0,0.98,"Missing",0.846185024571838,1.70498761903605
2011,0,0.2645,6001,0,0.88,"D",0.000544884964656524,-7.5143908261366
2011,0,0.3335,7000,0,0.12,"D",0.000801852976777765,-7.1277831129962
2011,0,0.115,8300,0,0.05,"AA",1.56087874706143e-05,-11.0676608939947
2011,1,0.3335,2500,1,1.84,"Missing",0.972679540987293,3.57241884052956
2011,0,0.1725,1500,1,0.85,"D",0.0562791522757388,-2.81950624074493
2011,0,0.3335,3999,0,0.94,"Missing",0.243742262226039,-1.13227087639953
2011,0,0.207,2700,1,0.74,"C",0.017386541157922,-4.03451940656719
2011,0,0.276,3000,0,0,"Missing",0.603404931747097,0.419672719012317
2011,0,0.161,8000,0,0.76,"AA",0.0049322207686805,-5.30702150786254
2011,0,0.184,3000,0,0.81,"B",2.80809620189297e-05,-10.4803906381038
2011,0,0.3105,7000,0,0.71,"C",0.000217970161642631,-8.43093438382153
2011,0,0.3335,3500,0,0,"Missing",0.0834684979233384,-2.39612714854709
2011,0,0.1725,25000,0,0.16,"AA",4.93357327778428e-06,-12.2194420960709
2011,1,0.3335,4000,1,0.92,"Missing",0.992161371544871,4.840821889873
2011,0,0.23,7400,1,0.27,"D",0.000195548634306692,-8.53950587288807
2011,0,0.1955,6500,1,0,"D",0.00605284364554096,-5.10115585694972
2011,1,0.322,5500,0,0.35,"D",0.762026839167417,1.16382387936934
2011,1,0.2645,4400,1,0,"Missing",0.986858318627404,4.31873751842844
2011,0,0.1725,4000,0,0.64,"B",4.37742476619862e-05,-10.0364210912109
2011,1,0.23,1000,0,0.9,"Missing",0.985935251205568,4.24991910284744
2011,0,0.138,7500,1,0,"B",9.03655118842236e-06,-11.6142239254655
2011,0,0.092,3000,0,0,"AA",0.00222785707102535,-6.1044847677836
2011,0,0.1035,5000,0,0.28,"AA",0.000129888332777105,-8.9487055585109
2011,0,0.1035,1025,1,0.76,"D",1.44105846512775e-05,-11.1475331654797
2011,0,0.23,1800,0,0.61,"Missing",0.290892459948678,-0.891053548093982
2011,0,0.184,17000,0,0,"A",0.00118705637178527,-6.73509091202774
2011,1,0.322,1900,0,1.2,"Missing",0.978161038265891,3.80197870718366
2011,1,0.3335,2000,1,1.08,"Missing",0.940808163384509,2.76595561680061
2011,1,0.2875,5000,0,0.52,"C",0.151310994906962,-1.72435552416277
2011,0,0.1725,9800,0,0.94,"B",1.78222036879125e-05,-10.9350476574611
2011,0,0.3335,3999,0,0.96,"Missing",0.00462719560116433,-5.37116636187777
2011,0,0.322,5000,0,0.81,"D",0.0755632342699803,-2.50421480442907
2011,0,0.1265,3000,0,0,"B",0.000329236911229736,-8.01840368029804
2011,0,0.138,6250,0,0.21,"AA",0.00237482205473881,-6.04045512220591
2011,0,0.207,15000,0,0.26,"B",0.0613058359154595,-2.72861468135818
2011,0,0.3335,3000,0,1.02,"Missing",0.455203557198155,-0.179667528084268
2011,1,0.3335,2400,0,0.87,"Missing",0.99217174473367,4.84215656367607
2011,0,0.23,5000,0,0.87,"Missing",0.105063245023015,-2.14219054856779
2011,0,0.1495,5000,0,0.69,"A",3.99075352522241e-07,-14.7341151853725
2011,0,0.1955,7000,0,0.67,"B",2.81830438115686e-06,-12.7793723188269
2011,0,0.115,1500,0,0.16,"A",0.00692102337427519,-4.9662465490904
2011,0,0.23,5000,0,0.22,"D",9.90037056002728e-05,-9.2202542696176
2011,0,0.23,2000,0,1.03,"Missing",0.387801627234495,-0.456562429630512
2011,0,0.2415,9000,0,0,"D",0.0782820864654058,-2.46592043008235
2011,0,0.207,12000,1,0.68,"C",0.0892027129005912,-2.32340890278701
2011,0,0.1265,1600,0,0.9,"B",2.53671087720234e-06,-12.8846397096017
2011,0,0.322,8000,0,0.92,"D",0.00714722022523516,-4.9338588935983
2011,1,0.3335,2550,0,0.94,"Missing",0.984505808162435,4.15167456412514
2011,0,0.1035,2000,0,0,"A",9.78817946802583e-05,-9.23165209745697
2011,1,0.3335,1200,1,1,"Missing",0.985142131063809,4.19425630666165
2011,0,0.253,10000,0,0.8,"D",0.000678463842242963,-7.29500067673154
2011,1,0.3335,3000,1,0.67,"Missing",0.988487111115203,4.45270842333074
2011,0,0.23,2700,1,0.87,"D",0.000147711316690966,-8.82010302969716
2011,0,0.23,12500,0,0.52,"A",1.10384579506076e-06,-13.7167091944059
2011,0,0.3335,2500,0,0.85,"Missing",0.0234235852030865,-3.7303095715948
2011,0,0.322,1000,0,0,"Missing",0.799096689380824,1.38065820081131
2011,1,0.322,6000,0,0.68,"D",0.818350837159716,1.50521399092114
2011,0,0.2645,4000,0,0.51,"D",0.00998340894508107,-4.59679709196711
2011,0,0.3335,2000,1,0,"Missing",0.691343137153411,0.8064060974152
2011,0,0.2875,9000,0,0.56,"B",0.209177984714816,-1.32988743910262
2011,0,0.2185,25000,0,0.72,"C",0.00848323644698526,-4.76114382160608
2011,0,0.322,1250,0,0,"Missing",0.135090702935636,-1.85667821611896
2011,0,0.1955,20000,0,0.56,"B",0.0104119060618678,-4.55433882483067
2011,1,0.3335,1200,1,1,"Missing",0.993623222171,5.04869515535306
2011,0,0.276,9000,0,1.03,"D",0.0122116383678911,-4.39307900434207
2011,0,0.2875,5000,0,0.2,"D",0.000215364788805259,-8.44296188749201
2011,0,0.138,9000,0,0.12,"A",0.000839856480089601,-7.0814393284037
2011,0,0.1955,3000,0,0,"C",9.39265322509929e-05,-9.27290372213507
2011,0,0.1265,2500,0,0.33,"B",0.00554698975860685,-5.18893745276881
2011,0,0.3335,5000,1,0,"Missing",0.250155276357225,-1.09778431946766
2011,1,0.3335,3000,0,0.29,"Missing",0.882567838891316,2.01697484253226
2011,0,0.092,4000,0,0.13,"AA",0.0490549153232795,-2.96451592460361
2011,0,0.1035,4800,0,0.12,"AA",0.000262781823921156,-8.24392362055009
2011,0,0.207,2500,0,0,"C",0.000348701446575244,-7.96094569355344
2011,0,0.3335,2000,1,0.09,"Missing",0.0301716912095501,-3.47021494698301
2011,0,0.1955,2400,0,0.86,"D",0.000565166300117487,-7.4778252075684
2011,0,0.1265,25000,0,0.23,"AA",0.0792389487019015,-2.45273260327196
2011,0,0.138,1500,1,0.59,"D",0.00298071521122236,-5.81260683710509
2011,0,0.23,1500,0,0.53,"D",0.0213493361782117,-3.82515410241604
2011,0,0.1955,2000,0,0.53,"A",0.0348283376968281,-3.32187461686607
2011,0,0.2875,15000,0,0.65,"D",0.00124016093914008,-6.69127318758294
2011,1,0.322,3000,0,0.98,"Missing",0.994102350985645,5.12728637079674
2011,0,0.138,19500,1,0,"AA",0.018678739045169,-3.96151396150186
2011,0,0.1495,2500,1,0.77,"B",0.00570270386876232,-5.16109582730643
2011,0,0.1725,7000,0,0,"A",0.000683658895090231,-7.28736756342178
2011,0,0.276,25000,0,0.42,"C",0.0367663816118712,-3.26571209227271
2011,1,0.322,3200,0,0.99,"Missing",0.516230372024128,0.0649443051122167
2011,0,0.3335,4500,1,1.32,"Missing",0.710091414352966,0.895828062976395
2011,0,0.115,2000,0,0,"A",0.000165092712236743,-8.70883824318065
2011,1,0.3335,4000,0,1.12,"Missing",0.996030155279177,5.52505055271958
2011,1,0.3335,5000,1,0,"Missing",0.99705932559032,5.82617132620195
2011,0,0.1955,1775,0,0.9,"D",0.00165589364851339,-6.40175718083783
2011,0,0.207,15000,0,0.16,"B",0.0102374452531203,-4.57141296918718
2011,0,0.092,6001,0,0.04,"AA",0.0463582192093293,-3.02388950358938
2011,1,0.2875,3500,1,0.62,"Missing",0.946154478665385,2.86628662153687
2011,1,0.3335,7100,1,1.12,"Missing",0.472770966501174,-0.109023996163276
2011,0,0.2415,9800,0,0.7,"D",0.0143807765287612,-4.22737774547851
2011,0,0.184,25000,0,0,"AA",1.87398377608837e-06,-13.1874421575701
2011,1,0.3335,7100,1,1.12,"Missing",0.932354319892157,2.62342941791792
2011,0,0.1265,25000,0,0.29,"AA",0.000299115200121908,-8.11438261414402
2011,0,0.161,3000,0,0,"C",0.000479112437137305,-7.64309602778741
2011,0,0.3335,15000,0,0.49,"C",0.081165546185726,-2.42661511975543
2011,0,0.1955,4000,0,0.02,"AA",0.0555516222474004,-2.83328831077997
2011,0,0.092,6001,0,0.04,"AA",0.0342491709626419,-3.33924350103994
2011,0,0.2645,6001,0,0.88,"D",2.45904436001229e-06,-12.915735295987
2011,0,0.3105,15000,0,0.94,"D",0.00283244572456541,-5.86377826222747
2011,0,0.1495,9000,0,0,"A",5.15030815278612e-06,-12.1764488592648
2011,0,0.23,9000,0,0.88,"D",3.43351420147601e-05,-10.2793068440173
2011,0,0.1035,1000,0,0.02,"AA",0.000496725339446665,-7.60697647280761
2011,0,0.0805,3000,0,0.87,"C",1.42191039836628e-05,-11.1609099273636
2011,0,0.2645,1400,0,0,"Missing",0.443747434040112,-0.225966888103316
2011,1,0.3335,3000,0,0,"Missing",0.9989112398447,6.82162634906985
2011,0,0.23,6500,1,0.9,"C",0.000806854541977852,-7.12155997109678
2011,1,0.3335,3000,1,0.53,"D",0.30687934683544,-0.814749423437351
2011,0,0.253,15000,0,0.83,"D",0.000217838008915496,-8.43154098802498
2011,0,0.184,10999,0,0.97,"B",2.67158885323398e-06,-12.8328345148297
2011,0,0.1265,25000,0,0.23,"AA",8.0505953827747e-05,-9.42709890648697
2011,0,0.1955,4990,0,0.9,"C",0.0486796757152093,-2.97258922819609
2011,0,0.138,9000,0,0.05,"AA",0.000184733698317459,-8.5964104877067
2011,0,0.207,5500,0,1.02,"C",0.00131560156861937,-6.63214478359554
2011,0,0.322,25000,0,0.73,"C",0.00115573718098428,-6.76186048110985
2011,0,0.1725,5000,0,0,"C",0.0255698347586432,-3.64043952726778
2011,1,0.3335,4500,0,0.91,"Missing",0.998859065192346,6.77476575971461
2011,0,0.1725,15000,1,0.72,"C",0.00207771717025945,-6.17440562365808
2011,0,0.138,12000,0,0,"AA",5.24624369538927e-08,-16.7631683575616
2011,1,0.3335,2600,0,0.98,"Missing",0.605794406267064,0.429668080214134
2011,0,0.092,1000,0,0,"AA",0.0420568445161357,-3.12576629548646
2011,1,0.3335,23250,0,0.92,"C",0.065013778613806,-2.66593256658948
2011,0,0.115,4500,0,0.4,"A",0.000621235460857811,-7.3831789553655
2011,0,0.2645,25000,0,0.67,"D",0.000769705586676262,-7.16873246923662
2011,1,0.3335,10500,0,0.99,"Missing",0.978226965773129,3.80506947239725
2011,0,0.3335,2550,0,0.99,"Missing",0.373882219562028,-0.515597674207668
2011,0,0.138,18950,0,0,"AA",0.000443499214629544,-7.72037092947329
2011,1,0.276,3000,0,1.62,"Missing",0.200670334202301,-1.3821100254364
2011,0,0.115,5200,0,0,"A",2.04761371568807e-05,-10.796229914623
2011,0,0.1495,8000,0,0.57,"A",9.51490154803327e-06,-11.5626418893504
2011,0,0.276,10000,0,0.89,"D",0.00572533792922382,-5.15711191384102
2011,0,0.0805,1000,0,0,"AA",0.00383656339487487,-5.55933432045773
2011,1,0.3335,5224,0,0.67,"Missing",0.999431727352719,7.47234080741762
2011,0,0.276,4500,1,0.71,"D",0.0187741141071655,-3.9563236820763
2011,0,0.207,9995,0,0.53,"C",0.652665045671464,0.630774450162756
2011,0,0.253,15000,0,0.83,"D",0.00169083619775711,-6.38083981356924
2011,0,0.253,15000,0,0,"C",0.00170637069384175,-6.3716787370126
2011,0,0.207,1000,1,0,"C",0.00138877940254436,-6.57794030063498
2011,0,0.2185,19250,0,0.88,"B",7.8816465778791e-06,-11.7509658376616
2011,0,0.1495,3500,1,0.71,"C",0.000161576822416253,-8.73036825792836
2011,0,0.322,2500,1,1.04,"Missing",0.322058386914046,-0.744328312912881
2011,0,0.161,9000,1,0.54,"B",0.0165826011306807,-4.08267962634929
2011,0,0.3105,8500,0,0.96,"C",0.000923478270798176,-6.98643938284667
2011,1,0.3335,12000,1,0,"Missing",0.986872971511487,4.31986798149971
2011,1,0.3335,1000,0,0.45,"Missing",0.830283232955521,1.58763591571185
2011,0,0.1035,6001,0,0.22,"AA",0.00177378910376935,-6.33286191978476
2011,0,0.1725,3000,0,0.08,"AA",0.000118632885236463,-9.03935819135892
2011,0,0.1955,25000,0,0.89,"B",0.000876893702299471,-7.03824750058358
2011,0,0.184,8000,1,0.59,"C",0.000299215646927128,-8.11404675693103
2011,0,0.138,5900,1,0.31,"A",0.000552214368088012,-7.50102187219461
2011,0,0.253,10000,0,0.65,"C",0.0145321601184377,-4.21675236012619
2011,1,0.2875,1500,0,0,"Missing",0.626883960770707,0.51887198457151
2011,0,0.092,1500,1,0.22,"AA",0.417176307128929,-0.334375795699182
2011,0,0.1265,12000,0,0.47,"A",0.00454577082037458,-5.38900183403555
2011,0,0.299,10000,0,0.97,"D",0.00112393617883627,-6.78979374124871
2011,0,0.161,20200,0,0.86,"A",0.00689209465894199,-4.97046427096173
2011,0,0.1725,15000,0,0.16,"AA",0.0296690139248393,-3.48753403705596
2011,0,0.138,17500,0,0.13,"AA",0.000141324070998585,-8.86431359487715
2011,0,0.115,2000,0,0,"B",2.07670972309616e-06,-13.0847237039029
2011,1,0.3335,9000,1,0.95,"D",0.986012201061895,4.25548328361476
2011,0,0.161,3500,0,0.94,"C",0.000367814532902642,-7.90756385132366
2011,1,0.322,3500,0,1.01,"Missing",0.997745136824801,6.09240857484797
2011,0,0.1495,20000,0,0.46,"A",9.83064800458796e-05,-9.22732230055361
2011,0,0.23,2850,0,0.7,"C",0.00607026024160427,-5.09826504224734
2011,0,0.1035,2500,0,0,"AA",1.2872879068805e-07,-15.8655579147637
2011,1,0.3335,1500,0,0.95,"Missing",0.583909785459654,0.338844395316828
2011,0,0.1035,5000,0,0.28,"AA",6.09185705663727e-05,-9.70591157389718
2011,0,0.299,7000,0,0.92,"C",6.75612035844159e-05,-9.60240908765278
2011,0,0.2875,9000,0,0.99,"Missing",0.646748697823665,0.604778099816858
2011,0,0.3335,5000,0,0.72,"Missing",0.531875924720769,0.127676859033503
2011,0,0.3335,4500,1,1.32,"Missing",0.782992502308288,1.28319121583062
2011,0,0.23,10000,0,0.85,"D",0.000151476010484744,-8.79493180470422
2011,0,0.2875,4449,0,0.94,"D",0.000123881364533272,-8.99606229892125
2011,0,0.23,18000,0,0.71,"B",0.00040884288241934,-7.80177069980871
2011,0,0.1035,2500,0,0.09,"AA",4.16845192543337e-06,-12.3879616635232
2011,0,0.23,4500,0,0.39,"D",0.000487680553789652,-7.62536216983857
2011,0,0.23,6000,0,0.25,"A",0.249947744095535,-1.09889100624658
2011,0,0.161,8000,0,0.74,"B",6.26761818902624e-05,-9.67746637850824
2011,0,0.161,3000,0,0.35,"C",0.00641283153581209,-5.04302088625764
2011,0,0.3335,1500,1,0.94,"Missing",0.102858934791455,-2.1658546286393
2011,0,0.276,14900,0,0.93,"D",0.00225204153335798,-6.09366354480566
2011,0,0.1725,3000,0,0.27,"C",1.10267988631421e-05,-11.4151709608914
2011,0,0.1725,10000,0,0.59,"B",0.000590069543239515,-7.43467991441035
2011,1,0.3335,6000,0,0.98,"Missing",0.916006829810783,2.38928833250518
2011,0,0.23,8000,1,0.92,"C",0.0475622675947536,-2.99698498276377
2011,0,0.276,1000,0,0,"D",3.14059538006964e-05,-10.3684816650899
2011,1,0.23,15000,0,0.93,"D",0.00857280693734793,-4.75055030456634
2011,0,0.3335,1000,1,0.67,"Missing",0.9880311011761,4.41340265549916
2011,0,0.1035,9000,0,0.37,"AA",0.000176259905034879,-8.64337464363089
2011,0,0.1725,3200,0,0.7,"C",0.000588913289780878,-7.43664251437442
2011,0,0.2875,2000,0,0.19,"D",0.0761148853063153,-2.49634388150163
2011,1,0.23,5500,0,0.95,"Missing",0.995200051236302,5.33433852984101
2011,0,0.092,3500,0,0,"AA",0.00061697970798244,-7.39005725267845
2011,1,0.2875,4500,1,0.2,"D",0.18554345487808,-1.4792319623028
2011,0,0.1725,4500,1,0.49,"C",0.00147657299521251,-6.51655375579517
2011,0,0.322,3500,0,1.01,"Missing",0.54139420334882,0.165956660113237
2011,0,0.184,4500,0,0.88,"D",3.46344722296694e-06,-12.5732426942102
2011,0,0.161,24000,0,0.54,"A",3.76851188628088e-06,-12.4888265910343
2011,0,0.0805,1000,0,0.09,"AA",0.000209170666741786,-8.47215085939821
2011,1,0.3335,2000,1,0,"Missing",0.993055659870032,4.96285975670123
2011,0,0.1725,20000,0,0.75,"B",0.000202942117289963,-8.50238679337145
2011,0,0.161,3000,0,0.35,"C",0.00290214292341244,-5.83939951345739
2011,0,0.1265,4000,0,0.64,"D",0.000613723242944176,-7.39535256417537
2011,0,0.161,3000,0,0.95,"C",0.000492694936742913,-7.61512754866822
2011,0,0.1725,12000,1,0.53,"B",0.00101530886037716,-6.89154659220336
2011,0,0.23,2000,0,0.84,"Missing",0.0625191877297285,-2.70772277742138
2011,1,0.3335,2560,0,1,"Missing",0.974468076827946,3.6419622015921
2011,0,0.23,5000,0,0.08,"D",3.39485049997834e-05,-10.2906317912004
2011,0,0.3335,5000,0,0,"Missing",0.927930542721484,2.55532654534888
2011,0,0.1495,2000,1,0.54,"A",7.50932278203831e-06,-11.7993577623975
2011,0,0.3335,15000,0,0,"Missing",0.450360315604656,-0.199214980543184
2011,0,0.1725,3500,0,0.3,"C",0.00182748068771499,-6.30298778142625
2011,1,0.3335,3500,0,0.94,"Missing",0.639939632220167,0.575102141579517
2011,0,0.207,1000,1,0.61,"D",0.0414945896521376,-3.13981215815872
2011,0,0.2185,4700,0,0.74,"D",8.96462533649125e-05,-9.31954950031703
2011,0,0.2645,14000,0,1.04,"D",2.47587652102416e-05,-10.6063062226654
2011,0,0.1035,9000,0,0.37,"AA",0.000131419131578261,-8.93698743673622
2011,0,0.3335,25000,1,0.42,"D",0.000140128644266502,-8.87280953119268
2011,1,0.3335,12000,1,0,"Missing",0.886078871070634,2.05129960845217
2011,0,0.1725,12000,0,0.94,"B",6.78162122034382e-05,-9.59864145504545
2011,0,0.184,15000,0,0,"B",7.56329042636237e-06,-11.7921966575616
2011,0,0.2875,15000,1,1.04,"D",0.0362621085468569,-3.28004600640279
2011,1,0.276,1025,1,0.59,"Missing",0.980534652475647,3.91946215193947
2011,0,0.2645,3150,0,0.88,"Missing",0.387091293774094,-0.459555428925945
2011,1,0.3335,1000,1,0.67,"Missing",0.92483978438257,2.50999847311747
2011,0,0.1495,15000,1,0.07,"AA",0.0100869877241732,-4.58637082380298
2011,1,0.3335,5000,0,0,"Missing",0.313601730760815,-0.783334219197164
2011,0,0.1955,7100,0,0.95,"D",0.00295784406025412,-5.82033240692392
2011,0,0.138,4700,0,0.09,"B",0.0118901996615143,-4.42007932256732
2011,0,0.1955,5000,0,0.61,"C",0.00828357721035365,-4.78516229695967
2011,1,0.3335,25000,1,0.93,"C",0.79929765411231,1.38191046543741
2011,1,0.3335,5000,0,0.88,"Missing",0.997467479036881,5.97600431101869
2011,0,0.23,17850,0,0.43,"C",1.51374260405786e-05,-11.0983251973976
2011,0,0.253,24000,0,0.72,"B",0.0576927031515886,-2.79320073516731
2011,0,0.138,10000,0,0.85,"A",0.00183459089756556,-6.29909749061677
2011,0,0.1035,2000,0,0.06,"AA",4.00196077072433e-05,-10.1261010108659
2011,0,0.276,5000,0,0.9,"C",0.0171287399125754,-4.04972039586959
2011,0,0.207,3001,0,1,"Missing",0.00299360072546353,-5.80828026959554
2011,0,0.2875,3000,0,0,"Missing",0.254222845973095,-1.0762156057082
2011,0,0.1725,6000,0,0.72,"B",0.000359527786744722,-7.9303594986047
2011,0,0.1265,5000,0,0.18,"A",0.00989553284257143,-4.60572703265932
2011,1,0.3335,4500,0,0.91,"Missing",0.831608157266829,1.59706770425072
2011,1,0.3335,4000,0,1.07,"Missing",0.961791788532204,3.22574753880093
2011,0,0.184,5000,0,0.35,"B",0.000478523301975821,-7.64432701246209
2011,1,0.299,6500,0,0.53,"Missing",0.967090489793983,3.38053038892559
2011,0,0.0805,2500,1,0.06,"AA",1.70903351453316e-05,-10.9769803599375
2011,0,0.1265,18800,0,0.63,"AA",0.000243988900754434,-8.31814380374616
2011,0,0.1265,10000,0,0.37,"AA",3.56248988939073e-05,-10.2424301319118
2011,0,0.276,1000,0,0.97,"Missing",0.031865058840634,-3.41386140426062
2011,1,0.3335,5900,0,0.88,"Missing",0.985954263336209,4.25129105802515
2011,0,0.299,3600,0,0.53,"Missing",0.0717961262880097,-2.55942087697928
2011,0,0.3335,3000,1,0.95,"Missing",0.379387911343293,-0.492147036377847
2011,0,0.138,25000,1,0,"AA",0.0360706151541753,-3.28553949046829
2011,0,0.1265,1500,0,0,"AA",4.0181832652773e-06,-12.4246766633508
2011,1,0.1955,6001,0,0.56,"B",0.0852057211308467,-2.37363062715613
2011,0,0.2645,2000,0,1.13,"Missing",0.0914240184735385,-2.29637029026756
2011,0,0.1725,3000,0,0.08,"AA",0.000164605082429466,-8.71179677410941
2011,0,0.23,10000,0,0.45,"A",0.0019109904500092,-6.2582207923934
2011,0,0.3335,3000,0,0.29,"Missing",0.103008188036926,-2.16423825319667
2011,0,0.2185,3000,1,0.77,"D",0.0974855200282359,-2.22548087992456
2011,0,0.115,3000,0,0.07,"AA",0.00115572875232114,-6.761867782464
2011,0,0.207,13000,0,0.73,"C",0.00218114670012949,-6.12572100237667
2011,0,0.1725,2500,0,0.7,"D",0.262365406104228,-1.03371035987479
2011,0,0.1725,4000,0,0.64,"B",7.50212858331977e-05,-9.49766364948534
2011,0,0.1265,13000,0,0.82,"A",0.00839144888881345,-4.77211522575371
2011,0,0.115,1000,0,0.65,"A",0.00543258174590488,-5.20989340649978
2011,1,0.3335,4000,0,1,"Missing",0.998920944489409,6.83058950958824
2011,0,0.1725,15000,0,0.01,"AA",0.000167639632540004,-8.69352627318311
2011,0,0.23,13000,0,0.8,"D",0.00947535479631855,-4.64954055161857
2011,0,0.3335,20000,0,0.04,"C",0.00100633152985143,-6.9004368708375
2011,0,0.161,14100,0,0.73,"B",7.40665520645579e-05,-9.51047244741612
2011,0,0.1955,25000,0,0.67,"A",0.00904640649194068,-4.69630009914624
2011,0,0.1725,3500,0,0.56,"C",0.0252180638633262,-3.65465323304094
2011,1,0.2875,3500,1,0.62,"Missing",0.992175109754372,4.84258990342653
2011,0,0.184,5000,1,0.69,"C",0.0408203036315485,-3.15689884057617
2011,0,0.23,5000,0,0.87,"D",0.0549709044642642,-2.84441168042968
2011,0,0.138,15000,0,0,"A",0.0326539488025755,-3.3885905002069
2011,0,0.1725,4000,0,0.46,"B",2.53354946569309e-05,-10.5832788587644
2011,0,0.184,20000,1,0.32,"A",0.0234372246647695,-3.72971347828293
2011,0,0.2875,5000,0,0.9,"D",0.0696423918172139,-2.59219557740298
2011,0,0.1955,6001,0,0.56,"B",0.00395990011169738,-5.52756871707677
2011,0,0.184,7000,0,0.98,"C",0.000324523144795716,-8.03282912406374
2011,0,0.138,17500,0,0.13,"AA",0.00619703647215152,-5.07746777176459
2011,0,0.23,5000,0,0,"C",8.48295371309029e-06,-11.6774433705955
2011,0,0.1955,5233,0,0.38,"B",0.00333523811229543,-5.69987039175683
2011,0,0.184,8000,0,0.66,"B",1.93134035402695e-05,-10.854691905554
2011,0,0.1495,2600,1,0.1,"C",6.9774511251341e-06,-11.8728198987236
2011,1,0.2875,2500,0,0,"Missing",0.999091139460257,7.00240962337771
2011,0,0.3335,11000,0,0.98,"D",0.0139912449146938,-4.25523346320212
2011,1,0.069,6000,1,0.81,"Missing",0.827784195013618,1.57000411585933
2011,0,0.23,5000,0,0.87,"Missing",0.028739664572574,-3.5203163335096
2011,0,0.23,1500,0,0.8,"D",0.00140960720079105,-6.56303359277057
2011,0,0.2185,5000,0,0.97,"Missing",0.0307333804298639,-3.45119034892102
2011,0,0.2875,3001,0,1.02,"D",0.00159259068078411,-6.44079936953012
2011,0,0.1955,5000,0,0.17,"C",0.000126502204644338,-8.97512431172336
2011,0,0.2645,6001,0,0.88,"D",0.000124768646363522,-8.98892458822366
2011,0,0.138,10000,1,0.08,"AA",0.053882168738662,-2.86556751664751
2011,0,0.138,25000,1,0,"AA",0.00281701839573526,-5.86925526619236
2011,0,0.2875,13000,0,0.93,"D",0.00334284417797072,-5.69758484010161
2011,0,0.1725,15000,0,0,"AA",2.64731294177874e-05,-10.5393538501565
2011,0,0.207,9500,1,0.36,"A",0.00462175709676679,-5.37234785177934
2011,0,0.1725,7500,1,0,"A",0.190931335753532,-1.44396992417706
2011,0,0.276,6500,0,0.98,"C",0.0174278438650583,-4.03210463304635
2011,0,0.184,25000,0,0.63,"A",2.63555348695502e-06,-12.8464147104965
2011,1,0.1725,1100,0,0,"Missing",0.99466910056692,5.22889014649119
2011,1,0.3335,7000,1,0.91,"D",0.897110908190771,2.1655278683476
2011,0,0.2415,5000,0,0.77,"C",0.00553717736108684,-5.19071784531759
2011,0,0.1725,10200,0,0,"C",0.0026018528544917,-5.94892620786013
2011,0,0.23,12200,0,0.35,"C",0.000111337800261484,-9.10283038835264
2011,0,0.23,1000,0,0.33,"D",1.50829342690995e-05,-11.1019315510857
2011,0,0.207,7500,0,0,"C",0.00141871589799778,-6.55658339044874
2011,1,0.3335,5000,1,0.97,"Missing",0.0923261145718009,-2.28555812414151
2011,1,0.3335,5000,0,0,"Missing",0.97268556259404,3.57264546204401
2011,0,0.184,5000,0,0.89,"C",0.00135792595385826,-6.60043792843898
2011,0,0.23,9000,0,0.65,"A",9.65754502019287e-08,-16.1529411701476
2011,1,0.3335,2550,0,1,"Missing",0.931995931104809,2.61776090882874
2011,1,0.3335,2550,1,1.26,"Missing",0.993476253774182,5.0257613746743
2011,1,0.2645,2000,0,1.13,"Missing",0.90639479225412,2.27038894392359
2011,0,0.1725,5000,0,0.35,"B",0.00058448536076655,-7.44419416686418
2011,0,0.1725,6500,0,1.05,"C",0.0545159232872127,-2.85320421742466
2011,0,0.1495,1000,1,0.7,"C",0.10134353490599,-2.18238475031604
2011,0,0.1725,4000,0,0.72,"C",0.00140381572958286,-6.56715642672596
2011,0,0.3335,2500,0,0,"Missing",0.244759524335982,-1.12676001414556
2011,0,0.2875,8500,1,0.73,"D",0.00627009020837607,-5.06567470736015
2011,0,0.3335,1500,1,0.91,"Missing",0.27909220212785,-0.948969047405424
2011,0,0.276,7500,0,0,"C",0.0163803006941389,-4.09515990225066
2011,0,0.1265,7000,0,0.83,"AA",0.0222888787557293,-3.78112640578836
2011,0,0.3335,2000,0,1.23,"Missing",0.653842737574028,0.63597367263768
2011,0,0.23,12000,0,0.66,"C",0.0135164659161301,-4.2902379943666
2011,1,0.3335,5000,0,0.92,"Missing",0.993814606712006,5.07936008568802
2011,0,0.253,5600,0,0.94,"D",0.00146569988964267,-6.52395563514582
2011,0,0.1725,5000,0,0.27,"B",9.9120179026323e-05,-9.21907838939585
2011,0,0.2185,21200,1,0.47,"B",0.0008380705555602,-7.08356984391415
2011,0,0.207,15000,0,0.26,"B",0.0532937527622967,-2.87716973673572
2011,0,0.3335,4000,0,2.68,"Missing",0.0735738659096738,-2.53304443686564
2011,0,0.115,7000,0,0.17,"AA",1.26091240210832e-05,-11.2810772682006
2011,0,0.1725,9999,0,0.31,"B",0.00137344323303904,-6.58905999616233
2011,1,0.2875,9000,0,0.97,"D",0.903352632253779,2.23504401871972
2011,0,0.2875,14000,0,0.8,"D",0.00359416915714062,-5.62484178148802
2011,0,0.299,4000,0,0.99,"Missing",0.598171578977376,0.397852450031708
2011,1,0.184,25000,0,0,"A",0.0213497689513087,-3.82513338937438
2011,0,0.1265,10500,0,0.16,"AA",0.00569974927612553,-5.16161703691877
2011,0,0.138,19500,1,0,"AA",0.00040954079782986,-7.80006440655102
2011,0,0.1955,7500,0,0.62,"D",0.0625953850287496,-2.70642345483461
2011,1,0.3335,10000,1,0.9,"Missing",0.973788169844309,3.61498295371303
2011,0,0.23,1000,0,1.07,"Missing",0.038981134939753,-3.20491622982732
2011,1,0.253,5000,0,0.86,"Missing",0.970613665819727,3.49739877415648
2011,0,0.1955,10000,0,0.84,"C",0.00045850876154179,-7.68707254339911
2011,0,0.115,2000,0,0,"AA",1.97104659252422e-05,-10.8343410873908
2011,0,0.3105,7500,0,0.94,"Missing",0.433051850100012,-0.269410386138886
2011,0,0.1035,5000,0,0,"AA",1.28367093564658e-06,-13.5657853825193
2011,0,0.253,4000,0,0.47,"B",6.1376046933992e-06,-12.0010698693779
2011,0,0.1725,5000,0,0.27,"B",0.000345093373226339,-7.9713503775867
2011,0,0.2415,3500,0,1.03,"D",0.0493140798481953,-2.95897410970295
2011,0,0.1495,2500,1,0.9,"C",0.00469790084397349,-5.35593052831265
2011,1,0.23,5000,1,0,"C",0.0460184953740408,-3.03160089504784
2011,0,0.161,7500,0,0.67,"B",5.70032625189319e-05,-9.7723450497062
2011,0,0.3335,1300,0,0.55,"Missing",0.863163438159669,1.84181682248914
2011,0,0.23,10000,0,0.35,"C",0.000458243723342163,-7.68765101960574
2011,0,0.1725,9999,0,0.83,"C",0.296117314944435,-0.865855991649771
2011,0,0.1265,10000,0,0.17,"AA",0.000282334937740826,-8.17213409452355
2011,0,0.276,5700,0,0.1,"A",0.0177166351519388,-4.01537578833763
2011,0,0.138,6000,0,0.33,"AA",0.0887048635661154,-2.32955209508555
2011,0,0.1035,2000,1,0.01,"AA",3.87396860111041e-05,-10.1586072646127
2011,0,0.2645,8100,0,0.93,"C",0.0010265532050478,-6.88052141086412
2011,1,0.2645,1500,1,1.11,"Missing",0.999789580918558,8.4661989487247
2011,0,0.207,10000,0,0.66,"B",3.95431505052977e-07,-14.7432878550123
2011,0,0.1035,2000,1,0.01,"AA",1.92404215876053e-05,-10.8584779603224
2011,0,0.276,4592,0,0.6,"C",0.000530422111143042,-7.54130686945139
2011,0,0.3335,12500,0,0.96,"D",0.0035177731612701,-5.64640313912854
2011,0,0.1495,2500,1,0.77,"B",0.00323517199255518,-5.73043276979829
2011,0,0.1265,5000,0,0.05,"A",0.0613139714150122,-2.72847331978928
2011,0,0.2415,9800,0,0.7,"D",0.00138301618006898,-6.5821045536838
2011,0,0.276,3000,0,0,"Missing",0.927217870209859,2.54471810999207
2011,0,0.1265,4999,0,0.28,"A",5.12229384732477e-05,-9.87927188494246
2011,0,0.092,3000,0,0,"AA",5.2160926734845e-05,-9.86112471106078
2011,1,0.276,1000,0,0.81,"Missing",0.999824100517133,8.64542193119772
2011,1,0.276,4100,1,0.91,"Missing",0.998792334926837,6.71785808033963
2011,0,0.2415,7000,0,0.78,"D",0.000436568208298448,-7.73612926950817
2011,1,0.322,2550,0,0.94,"Missing",0.981980905295056,3.9981398508869
2011,0,0.3335,2550,0,0.9,"Missing",0.134107938948744,-1.86511526973466
2011,0,0.184,17000,0,0,"A",0.0038118817697479,-5.56581314344563
2011,0,0.23,7000,0,0.59,"C",0.0120316810418998,-4.40810737369637
2011,0,0.1955,5500,0,0.07,"C",0.060531890082413,-2.74214353963872
2011,0,0.1035,3500,0,0,"AA",0.00284115878033063,-5.86069808625082
2011,0,0.3335,10000,0,0.51,"D",3.33066255760267e-05,-10.3097209073417
2011,0,0.161,2500,1,0.71,"B",0.0362406354912124,-3.28066062492045
2011,1,0.23,5950,0,0.74,"C",0.466176040770625,-0.135502787561875
2011,0,0.2185,7000,0,1,"C",0.000533891559279581,-7.53478377800612
2011,0,0.3105,1000,1,0,"Missing",0.00444667395663131,-5.41114229792453
2011,0,0.2185,19900,0,0.75,"C",0.000146881588376205,-8.82573692466589
2011,1,0.322,3001,0,0.75,"Missing",0.983235235520973,4.07156906375568
2011,1,0.3335,5500,0,0.99,"Missing",0.655082359483806,0.641455302009626
2011,0,0.115,6000,0,0.51,"AA",1.78957730997941e-05,-10.930928116746
2011,0,0.115,7500,1,1.02,"D",0.000314214302131144,-8.0651210503057
2011,0,0.322,6000,0,0,"D",3.14102385868956e-05,-10.368345237821
2011,0,0.207,10000,0,0.97,"C",0.0498786368645694,-2.94699693496215
2011,1,0.276,3000,0,0.97,"Missing",0.393927172656372,-0.430834104744259
2011,0,0.3335,3005,1,0.76,"Missing",0.0102885965003773,-4.5663772429921
2011,0,0.1725,1000,1,0.73,"C",0.00729973455520358,-4.91259078580009
2011,1,0.2645,4000,1,1.35,"Missing",0.991447713476798,4.75296753499059
2011,0,0.2185,9750,0,0.78,"B",0.000373960234617656,-7.89098706057914
2011,0,0.2645,8000,1,0,"C",0.00243842621980698,-6.01396103563339
2011,0,0.1955,4000,1,0,"C",0.0435497812811916,-3.08932406123635
2011,0,0.2185,10000,1,1.02,"C",0.00111349888379749,-6.79913395441013
2011,1,0.3335,1300,0,0.55,"Missing",0.964878382833781,3.31318525066433
2011,0,0.2645,4000,0,1.01,"Missing",0.19555963426739,-1.41428147028117
2011,0,0.1725,3500,0,0.32,"A",9.92629039705192e-05,-9.21763936420099
2011,0,0.115,5000,0,0.43,"A",0.000485480597432699,-7.6298856366435
2011,0,0.1265,23500,0,0.02,"AA",0.000218018114732533,-8.43071436163989
2011,0,0.1265,3000,0,0.89,"B",0.000205565786272917,-8.48953886049141
2011,0,0.276,7500,0,0,"C",0.0639882442720257,-2.68292865269892
2011,1,0.3335,2550,0,0.98,"Missing",0.982139983495959,4.00716934805377
2011,0,0.207,7500,0,0,"C",0.0292041180044671,-3.50380650509544
2011,1,0.2645,12000,0,0.79,"D",0.765280013924912,1.18184854305879
2011,0,0.1955,5000,0,0.89,"D",6.84453008450369e-07,-14.1946451610338
2011,0,0.3335,7000,0,0.7,"D",0.00169373951369759,-6.37912128901811
2011,1,0.3335,2500,1,0,"Missing",0.832604214009834,1.60419741157176
2011,0,0.207,9900,0,0.55,"C",0.000323184485739443,-8.03696399779217
2011,0,0.2875,15000,0,0,"C",0.0728281347745467,-2.54403660053476
2011,0,0.23,7500,1,0.52,"D",0.00580739659584289,-5.1427985736615
2011,0,0.2415,5000,0,0,"C",0.0342450668436483,-3.33936758907015
2011,1,0.3335,5100,0,0.66,"Missing",0.680100715764666,0.754234689132187
2011,0,0.23,24000,0,0.76,"C",0.00551024545823586,-5.19562062617426
2011,1,0.3105,1000,1,0,"Missing",0.990370307925372,4.63322767193636
2011,0,0.184,20000,1,0.32,"A",0.0299448764067108,-3.47799465996464
2011,0,0.276,3500,0,0.94,"Missing",0.106076312244424,-2.13146164915448
2011,0,0.23,18000,1,0.75,"B",3.00684099417066e-06,-12.7146175270703
2011,1,0.2645,7500,1,0.81,"Missing",0.99221081724207,4.84719965683129
2011,0,0.1035,8000,0,0,"AA",0.00288868431640095,-5.84406126974053
2011,0,0.2645,12500,1,0.41,"D",0.00144670223686694,-6.53702088242323
2011,0,0.1265,2500,0,0.33,"B",0.000370133377430734,-7.90127693584692
2011,0,0.1725,4000,0,0.64,"B",0.000577046650004405,-7.45701023229106
2011,1,0.299,3672,0,0.94,"Missing",0.984151818298304,4.12872539743313
2011,1,0.276,4000,0,0.99,"Missing",0.7002654456239,0.848562206969657
2011,0,0.1725,3000,0,0,"C",0.000423490372148987,-7.76655619806582
2011,1,0.276,1000,0,0.97,"Missing",0.328989977698972,-0.712756785844996
2011,0,0.3105,12000,1,0,"D",0.00140208036026446,-6.56839510951212
2011,1,0.3335,4000,0,1.12,"Missing",0.990575162157652,4.65493721817607
2011,1,0.3335,3001,0,0.85,"Missing",0.949748932179253,2.93916587087187
2011,0,0.3105,4700,0,0,"D",0.0062034138270607,-5.07643278625265
2011,0,0.138,25000,1,0,"AA",0.00103738026901787,-6.87001879715482
2011,0,0.2415,5000,0,0,"D",0.211970446863962,-1.31308872976475
2011,0,0.207,6000,0,0.58,"C",0.0493989579452135,-2.9571651306418
2011,0,0.23,5000,0,0.65,"B",0.0409453470469991,-3.15370988416572
2011,0,0.2645,5000,1,0.98,"D",7.33093980529681e-05,-9.52074843165837
2011,0,0.1265,1000,0,0.01,"AA",0.000264084442329685,-8.23897752933322
2011,1,0.23,1000,0,0.9,"Missing",0.998069125739545,6.24784965313916
2011,1,0.3335,3000,1,0,"Missing",0.966642806475084,3.3665555970443
2011,0,0.1955,1000,1,0.14,"D",0.000437162816081514,-7.73476759701303
2011,1,0.276,3000,0,1.62,"Missing",0.996500132852946,5.65152426318207
2011,0,0.207,9995,0,0.53,"C",0.00299683466268508,-5.80719732561187
2011,1,0.3335,3000,0,1.15,"Missing",0.985433026046729,4.21432425651824
2011,0,0.2875,1500,0,0,"Missing",0.165614208159736,-1.61703483920898
2011,0,0.2645,4500,1,0,"D",0.0151857037199291,-4.17209865118142
2011,0,0.1725,15152,0,0.85,"B",0.115244022698302,-2.03826005838177
2011,0,0.207,9900,0,0.55,"C",0.0211751131510981,-3.83352617298157
2011,1,0.3335,8500,1,0.87,"Missing",0.928863202857301,2.56935673231771
2011,0,0.23,3500,0,1,"D",0.00959153560344148,-4.63723644677038
2011,0,0.2645,10000,0,1.02,"D",0.0127078665152788,-4.3527447645197
2011,0,0.1035,2000,0,0.06,"AA",0.000530173123254391,-7.54177664339132
2011,0,0.299,10000,0,0.88,"D",0.00612125384145431,-5.08984826186509
2011,0,0.1495,9000,0,0.86,"B",0.000918637774091129,-6.99169960556698
2011,0,0.2875,25000,0,0.73,"A",0.0268341919603459,-3.5908775829863
2011,0,0.1725,16000,0,0.77,"B",2.90861643551286e-06,-12.747830132937
2011,0,0.1955,17000,0,0.7,"A",0.00190445382069878,-6.26165375020814
2011,1,0.3335,2500,0,1.21,"Missing",0.999402983042524,7.42296784525019
2011,0,0.1725,5000,1,0.84,"B",0.0027921402433751,-5.87815081937025
2011,1,0.2645,4000,0,1.01,"Missing",0.978113805712275,3.79976998880639
2011,1,0.3335,6000,0,1.02,"Missing",0.952172585010977,2.99114729471306
2011,0,0.1955,1275,0,0.91,"A",0.00566150184726539,-5.16838848902924
2011,0,0.2875,3001,1,0.84,"D",0.0171943126458875,-4.0458327585024
2011,0,0.0575,2000,0,0.1,"AA",4.05793792907807e-05,-10.1122099394203
2011,0,0.3335,4000,1,0,"Missing",0.324632501993019,-0.732563204773463
2011,1,0.3335,7600,0,0.94,"Missing",0.546194950197159,0.18530826356059
2011,0,0.299,5000,0,0,"Missing",0.0169216107845832,-4.06209731216475
2011,0,0.1955,11300,0,0.27,"C",7.56681936392742e-06,-11.7917301752459
2011,0,0.276,4500,0,0.72,"D",0.000418913967090369,-7.77742598652892
2011,0,0.1725,5000,0,0.85,"C",0.000210601782774446,-8.46533086912199
2011,1,0.3335,5000,0,1.01,"Missing",0.990591654402869,4.65670527045801
2011,1,0.1955,1800,0,0.96,"Missing",0.712148573362983,0.905842092805316
2011,0,0.1265,3500,0,0,"D",0.00308387488389166,-5.77847975370466
2011,0,0.3335,7500,1,0.09,"D",0.000107731942990025,-9.1357566877366
2011,0,0.1725,5000,1,0.6,"D",8.31706111316341e-05,-9.39453333005902
2011,0,0.1725,9500,0,0.94,"B",3.69630496080746e-05,-10.2055548398209
2011,1,0.2645,2600,0,0.5,"Missing",0.847888284969464,1.71813366949448
2011,1,0.2645,1500,1,1.11,"Missing",0.96133173325203,3.21330026230062
2011,0,0.1265,4999,0,0.28,"A",0.000587096318451965,-7.43973439692099
2011,0,0.1495,8500,0,0.21,"AA",6.98857913258299e-05,-9.56857831260085
2011,0,0.1725,15000,0,0.63,"B",0.000990661861300683,-6.91614613855402
2011,0,0.1035,1500,0,0.03,"AA",0.000261896923342884,-8.24729762274513
2011,0,0.2185,3000,1,0.77,"D",0.0922229644558602,-2.28678962114087
2011,1,0.276,7000,0,1.14,"D",0.591907926623603,0.371858274451345
2011,0,0.1265,12000,0,0.47,"A",0.570433094475185,0.283618382513658
2011,1,0.3335,1000,0,0,"Missing",0.97532975311348,3.67717768408803
2011,0,0.1495,4250,1,0.99,"B",0.0148975434270777,-4.19154932389519
2011,0,0.2645,6001,0,0.24,"D",0.00530896086485294,-5.23303605340535
2011,0,0.3335,3500,0,0.9,"Missing",0.214185144784746,-1.29988040799095
2011,0,0.0805,1000,0,0.07,"AA",3.55563010700159e-06,-12.54697470949
2011,1,0.276,3000,0,0.97,"Missing",0.955526575595541,3.06737077019992
2011,0,0.23,24000,0,0.76,"C",2.37458070131613e-05,-10.6480808437952
2011,0,0.2185,11500,0,0.38,"C",0.0309625930160987,-3.44352341587989
2011,0,0.3335,12000,1,0.97,"D",0.000611837562438913,-7.39843170672232
2011,0,0.184,25000,1,0.66,"AA",4.92423478528029e-05,-9.91870733240475
2011,0,0.0805,3000,1,0.09,"AA",0.013454271762503,-4.29491301962236
2011,1,0.23,6500,0,0,"C",0.33065448933433,-0.70522639387486
2011,1,0.3335,3000,1,0.92,"Missing",0.97114448506258,3.51617412379717
2011,0,0.3335,5200,0,0,"Missing",0.0386220660712604,-3.21454383016452
2011,0,0.1725,20000,1,0.72,"B",0.00125536198455448,-6.67907516346801
2011,0,0.3335,3000,0,0,"Missing",0.0579049978709959,-2.78930242113903
2011,0,0.3335,2000,1,0,"Missing",0.79401901460523,1.34932354820549
2011,0,0.115,5000,1,0.06,"AA",0.00165653062807838,-6.40137194256941
2011,0,0.0805,1500,0,0.01,"AA",8.93658698344208e-07,-13.9279410101961
2011,1,0.3335,2700,0,0,"Missing",0.987049904109604,4.33361740678131
2011,1,0.299,4000,0,0.99,"Missing",0.9995268487013,7.65562208694906
2012,0,0.1035,3600,0,0.23,"AA",1.37204658963738e-07,-15.8017920275649
2012,0,0.1725,25000,0,0.9,"B",0.0324806702170174,-3.39409025396724
2012,0,0.23,20000,1,0.2,"C",0.114571937506919,-2.04486831362054
2012,1,0.1955,1500,0,0.77,"Missing",0.894923772557849,2.14205248191702
2012,1,0.2875,25000,0,0.57,"D",0.351567746758552,-0.61215510260501
2012,0,0.3335,3000,0,0,"Missing",0.169732139803315,-1.58752682565993
2012,0,0.1035,1500,0,0.29,"A",2.21181812477553e-05,-10.7190884883372
2012,0,0.3335,5000,1,0.42,"D",0.527443138275914,0.109882982835902
2012,0,0.184,8200,0,0.87,"C",0.0279915411932805,-3.54746214260487
2012,0,0.1265,5000,0,0,"AA",0.000320524149156917,-8.04523236053058
2012,1,0.3335,5000,0,0.51,"Missing",0.99522811465721,5.34023049497405
2012,0,0.3335,3001,0,0,"Missing",0.00112941212516465,-6.78492797445681
2012,0,0.2185,5500,0,0.29,"B",0.00432276898016335,-5.43952697526858
2012,0,0.184,5000,0,0.35,"B",8.18983665277707e-06,-11.7126084151439
2012,0,0.23,3000,0,0,"D",0.00735250102429624,-4.90533508433833
2012,1,0.3335,4000,1,0,"Missing",0.998093893614909,6.26078473409744
2012,0,0.184,10999,0,0.97,"B",0.00542586869938527,-5.21113662126741
2012,0,0.1725,8500,0,0.55,"AA",5.52506702352381e-05,-9.80357483448885
2012,0,0.1725,9999,0,0.31,"B",0.000134499275481305,-8.91381723737166
2012,1,0.1725,1500,1,0.2,"C",0.179956668077417,-1.51664109366399
2012,0,0.2415,25000,1,0.01,"B",0.00892492445039331,-4.70994242613849
2012,0,0.207,13000,0,0.95,"B",0.0016043964411759,-6.43340195737252
2012,1,0.3335,4500,1,0.6,"Missing",0.997119951436797,5.84706391886994
2012,0,0.161,25000,0,0.58,"AA",0.000490089393095061,-7.62043253908479
2012,0,0.1725,25000,0,0.31,"B",0.000905293789492292,-7.00634533385638
2012,0,0.161,8000,0,0.53,"B",0.000160532650681647,-8.73685265950777
2012,0,0.161,10000,0,0.65,"C",0.0258243434236316,-3.63027404232141
2012,0,0.2185,24000,1,0.18,"B",0.0302655649845776,-3.46701165858998
2012,1,0.1725,2000,0,0,"B",0.413418613430196,-0.349850753531938
2012,1,0.2645,1600,1,1.46,"Missing",0.850182546236677,1.73603350863535
2012,1,0.3335,5300,0,0.83,"Missing",0.999605766812483,7.83817366633074
2012,0,0.2875,10000,0,0.87,"Missing",0.138561305546913,-1.82729102501556
2012,0,0.276,23000,0,0.82,"B",0.00432040410934044,-5.44007657324828
2012,0,0.2185,1500,0,0.86,"D",1.58400603361222e-05,-11.0529525223008
2012,0,0.1725,1000,0,0,"D",0.00768910837260766,-4.86023162655331
2012,0,0.253,25000,0,0.73,"C",0.000331612422961576,-8.01121200429042
2012,0,0.1265,20000,0,0.01,"AA",0.118211063087332,-2.00948102988566
2012,0,0.1495,9900,0,0.86,"B",0.000273891732837797,-8.20250373604331
2012,0,0.207,6000,0,0.58,"C",0.0212894839436315,-3.82802266606418
2012,0,0.3335,1800,0,0.73,"Missing",0.0981240583836966,-2.21824439362598
2012,1,0.2645,1600,0,0.74,"Missing",0.904159269893883,2.24431777607783
2012,0,0.1265,13000,1,0,"AA",0.0789710218081163,-2.45641052697582
2012,1,0.276,3000,0,1.99,"Missing",0.998529010381679,6.5203478223676
2012,0,0.0805,5000,0,0.05,"AA",0.00284476143521673,-5.85942725351432
2012,1,0.2875,10700,0,0,"Missing",0.972017644072827,3.547799790542
2012,0,0.322,9900,0,0.33,"D",0.453255110723401,-0.187527186755143
2012,0,0.207,7000,0,0.54,"B",2.53755827168034e-05,-10.5816977807523
2012,0,0.1955,5000,0,0.97,"D",0.000719117010788496,-7.23676709677145
2012,0,0.2645,8500,0,0.86,"D",0.000644965458872166,-7.34566862120008
2012,0,0.184,6500,1,0.93,"A",0.103799338638025,-2.15570474110541
2012,0,0.276,4592,0,0.6,"C",0.00015537745200051,-8.76949783755573
2012,0,0.2415,6000,0,0.76,"D",0.000372576534921097,-7.89469543241503
2012,1,0.2645,10000,1,0.72,"D",0.235441467441184,-1.17783624896187
2012,0,0.115,3000,1,0.32,"A",0.00292467825435267,-5.83164183937739
2012,0,0.3335,2550,1,1.51,"D",0.0526257928864828,-2.89048780658637
2012,0,0.115,2550,0,0.02,"AA",0.0448673242179266,-3.05814047424213
2012,0,0.2875,15000,0,0.9,"D",0.00498097339258982,-5.29713652689819
2012,1,0.3335,3999,0,0.94,"Missing",0.998637870819715,6.59734317200643
2012,0,0.1035,2550,0,0.01,"AA",0.00580050991848321,-5.14399205009941
2012,0,0.115,3900,0,0.53,"A",3.06350412115333e-05,-10.3933354310336
2012,0,0.207,15000,1,0.02,"C",0.0455274373376868,-3.04284373488119
2012,0,0.1725,3600,0,0.28,"A",0.00118861126158718,-6.73378034219109
2012,0,0.253,3200,0,0,"D",0.0289117714112141,-3.51416850034269
2012,0,0.2875,10000,1,0.71,"D",0.169350207635143,-1.59023947153125
2012,0,0.1955,9200,0,0.06,"A",0.000683304607641315,-7.28788627481497
2012,0,0.253,15000,0,0.95,"C",0.0376961088025155,-3.23977342165743
2012,0,0.3335,25000,1,0.97,"D",0.367000514736223,-0.545106358369852
2012,0,0.1495,6001,0,0.94,"A",0.101497728700278,-2.18069281320561
2012,0,0.1495,15000,0,0.09,"AA",0.136031966554842,-1.84864586347832
2012,0,0.2875,3000,0,0.73,"D",0.0892158665322428,-2.32324701391288
2012,0,0.276,1000,1,0.98,"Missing",0.687518086355013,0.788541545454649
2012,0,0.115,2000,0,0,"AA",0.00596585816213321,-5.11571864254805
2012,0,0.322,7500,1,0,"C",0.225343808960415,-1.2347920306943
2012,0,0.2875,9500,0,0.64,"D",0.0847295241993842,-2.3797555088589
2012,0,0.2185,1000,1,0,"Missing",0.177710969637683,-1.53193348722385
2012,0,0.2875,25000,0,0.71,"A",0.00418551904543153,-5.47193025468978
2012,0,0.1265,1253,0,0.73,"A",0.00391539973421513,-5.5389147665249
2012,0,0.3105,7500,0,0.73,"C",0.00372953452382536,-5.58773533907565
2012,0,0.1955,3000,0,0.88,"D",0.314531099444054,-0.779020173833601
2012,0,0.115,5000,0,0.11,"AA",0.00115946759405033,-6.75863420957276
2012,0,0.276,4592,0,0.6,"C",0.0616002400745157,-2.7235102736599
2012,0,0.1725,2650,1,0.42,"D",0.00977403368539928,-4.61820392061522
2012,0,0.115,3900,0,0.53,"A",0.000200668248177263,-8.51365683168783
2012,1,0.3335,3000,0,0.91,"Missing",0.765761057628434,1.18452847025372
2012,0,0.1955,6500,0,0.79,"C",0.000674548833344276,-7.30079170916904
2012,0,0.1955,1500,0,0.77,"Missing",0.00475102489943126,-5.34463256901572
2012,0,0.2185,4400,0,0.98,"D",0.000559242723116415,-7.48836757038261
2012,0,0.322,25000,1,0.75,"C",0.000405982143016202,-7.80879531747245
2012,0,0.3335,6000,0,0.84,"Missing",0.290498414213009,-0.892964614216582
2012,1,0.253,8000,1,0.93,"D",0.834504822248084,1.61789646475089
2012,0,0.2645,6001,0,0.61,"D",0.0599014340267625,-2.75328428200377
2012,1,0.2645,8500,1,1.13,"Missing",0.49432340780443,-0.0227073444353241
2012,1,0.3335,2500,0,0.95,"D",0.441584331309037,-0.234734598334888
2012,0,0.0575,1000,0,0.42,"D",2.9070601012483e-06,-12.7483653548729
2012,0,0.161,2000,0,0.5,"C",0.00255543072850626,-5.96697578553449
2012,0,0.23,12000,0,0.66,"C",0.000321132381319065,-8.04333593303045
2012,0,0.207,12000,1,0.68,"C",0.00150060780883113,-6.50038331221192
2012,0,0.3335,1200,1,1,"Missing",0.385368554593315,-0.466822651366545
2012,0,0.23,25000,0,0.08,"B",0.00706822621947422,-4.94505239441895
2012,1,0.299,1200,1,0,"Missing",0.936332423226356,2.68829513229496
2012,0,0.3335,25000,0,0.44,"AA",0.00430293009404032,-5.44414685678296
2012,0,0.207,1000,1,0,"C",0.000169485830611842,-8.68257172965346
2012,0,0.23,25000,1,0.87,"C",0.124021389263835,-1.95488762887762
2012,0,0.2185,23000,0,0.27,"A",0.00813113656487111,-4.80389019176275
2012,0,0.115,15000,0,0.21,"AA",0.0460667771468703,-3.03050165105869
2012,1,0.322,1250,0,0,"Missing",0.991718996524945,4.78547564383089
2012,0,0.23,8000,0,0.87,"D",0.000635880676063442,-7.35986354554481
2012,0,0.115,7500,0,0.13,"AA",5.00289453484656e-06,-12.2054889031558
2012,0,0.207,9800,0,0.57,"C",0.0562031227450593,-2.82093865037849
2012,1,0.322,5000,0,0.95,"Missing",0.872989378639403,1.92765267353643
2012,0,0.1495,4000,0,0.01,"A",0.00011950562964886,-9.03202756489903
2012,1,0.276,2550,1,0.93,"Missing",0.98908378559959,4.50652980194155
2012,0,0.1265,13000,1,0,"AA",0.00186652849966926,-6.28180671804829
2012,0,0.1265,5000,0,0.18,"A",0.00159472707764415,-6.43945666857304
2012,0,0.2875,14000,0,0.8,"D",0.0278370258181769,-3.55315646080121
2012,0,0.1035,2500,0,0,"AA",0.00067064251681465,-7.30660345728865
2012,0,0.276,5000,0,0.7,"B",0.0188576613874543,-3.95179827349313
2012,0,0.161,2000,0,0,"C",1.1414596447807e-05,-11.3806062167442
2012,1,0.2645,6001,1,0.52,"D",0.247164539108462,-1.11379242740549
2012,0,0.161,8000,0,0.76,"AA",0.000578835747147193,-7.45391280098348
2012,1,0.322,2550,0,0.74,"Missing",0.999084384142303,6.99499761528667
2012,1,0.3335,1800,0,0.98,"Missing",0.994554992275182,5.20759621808731
2012,0,0.1495,20000,0,0.46,"A",0.00227532455928112,-6.08335465629096
2012,0,0.1955,9000,0,0.9,"C",0.00803761397498566,-4.81555291938673
2012,0,0.1265,1550,0,0.95,"D",0.242696367212793,-1.13795312873385
2012,0,0.23,5000,0,0.77,"D",0.00134938469976318,-6.60675627244421
2012,0,0.161,9900,0,0.02,"AA",0.000109123248040537,-9.12292346934231
2012,0,0.2645,15000,0,0.18,"D",0.00330348401175707,-5.70946865373314
2012,0,0.23,6000,0,0.02,"C",0.146991917932803,-1.75839141710209
2012,0,0.23,10000,0,0.45,"A",2.31776057721734e-05,-10.67230083603
2012,0,0.1725,5000,0,0.74,"C",0.0113334514110554,-4.46859846008217
2012,0,0.1265,20000,1,0.87,"AA",0.000277964187228784,-8.18774027266363
2012,0,0.1725,5000,0,0.53,"A",1.90336554069642e-06,-13.1718849981835
2012,0,0.253,1100,1,0,"Missing",0.0124006668050555,-4.3775268365271
2012,0,0.253,10000,0,0.8,"D",0.0181384052015833,-3.99141883155857
2012,0,0.253,3600,0,0.57,"D",0.166449312892935,-1.61100367670415
2012,0,0.2415,12000,1,0.98,"C",0.0639126247078637,-2.68419191015959
2012,1,0.3335,2000,0,0.4,"Missing",0.615684851838797,0.471272314126202
2012,1,0.2645,4000,1,1.35,"Missing",0.966353612925059,3.35762414358958
2012,0,0.1725,10200,0,0,"C",0.855358596570795,1.7772631926935
2012,0,0.23,15000,0,0.84,"C",0.000587729624535936,-7.4386556356288
2012,0,0.2645,10000,1,0.64,"C",0.00456200950206919,-5.38541962502437
2012,0,0.1495,15000,1,0.07,"AA",0.000877533763922602,-7.03751720693774
2012,0,0.3335,2500,1,0,"Missing",0.0532483218450783,-2.87807054987664
2012,0,0.1725,25000,0,0,"B",0.000569583714232774,-7.47003504387232
2012,0,0.1725,9999,0,0.57,"B",8.8197916876235e-05,-9.33583901160718
2012,0,0.1725,4000,0,0.84,"Missing",0.337281143085624,-0.67543401832947
2012,0,0.1265,5000,1,0,"A",0.00352044789325169,-5.64564039581365
2012,0,0.3335,2800,0,0.99,"C",0.000912548059646679,-6.99835684110349
2012,0,0.1955,1000,1,0.76,"D",3.8491315746794e-05,-10.1650394150759
2012,1,0.3335,5000,0,0,"Missing",0.836587850975089,1.63305600589901
2012,1,0.2645,7500,1,0.81,"Missing",0.957468486683921,3.11404751748102
2012,0,0.3335,5000,0,0.83,"Missing",0.24523885501795,-1.1241686808721
2012,1,0.2875,3000,0,0,"Missing",0.998871807625894,6.78600976676529
2012,0,0.1725,3000,1,0,"C",0.0174453218004854,-4.03108447326364
2012,0,0.138,15000,0,0,"A",8.35649173885406e-06,-11.6924635108805
2012,0,0.207,3001,0,1,"Missing",0.00128488047100696,-6.65580387699541
2012,1,0.299,5000,0,0.64,"D",0.572546149304867,0.292247011359788
2012,1,0.3105,3000,1,0.65,"Missing",0.976543377111415,3.72886628936515
2012,0,0.299,9500,0,0.86,"D",0.000585594940121928,-7.44229646938887
2012,0,0.1725,3500,0,0.32,"A",0.00206862800432954,-6.17879892072405
2012,1,0.161,18500,0,0.45,"A",0.132162517544882,-1.88197210612467
2012,0,0.1495,1200,0,0.72,"D",0.0110179554790122,-4.49714991797988
2012,0,0.1035,3500,0,0,"AA",0.00513935058982466,-5.26567594941365
2012,0,0.115,6000,0,0.02,"AA",0.00919920768297204,-4.67939613835866
2012,1,0.3335,2000,0,0.98,"Missing",0.998290729609756,6.36997793903063
2012,0,0.138,4000,0,0.28,"AA",0.00218376864736915,-6.12451700085514
2012,0,0.1955,1000,0,0.35,"D",0.00306796834614401,-5.78366702874517
2012,0,0.207,3002,1,0.8,"D",0.0199278092103073,-3.89551002905948
2012,0,0.23,3500,0,0.8,"D",0.0715064278458463,-2.56377611233963
2012,0,0.253,6500,1,0.97,"Missing",0.604563090005258,0.424514776988961
2012,0,0.23,12500,0,0.52,"A",8.94794626460879e-05,-9.3214119431905
2012,0,0.23,17850,0,0.43,"C",0.00166205727296013,-6.3980356828553
2012,0,0.184,3400,0,0.49,"C",0.0185417985574189,-3.96901186140165
2012,1,0.3335,3001,1,0,"Missing",0.999104210061793,7.01690842504365
2012,1,0.3335,4000,1,1.14,"Missing",0.998900078175511,6.81141564316761
2012,1,0.3335,5000,0,0.78,"Missing",0.113397717274788,-2.05649523576426
2012,0,0.1265,2400,0,0.25,"B",0.000156457256921502,-8.76257123450259
2012,0,0.276,7000,0,1.14,"D",0.445832567119728,-0.217523395011416
2012,0,0.2415,9500,0,0.73,"D",0.0835737864816222,-2.39475164296862
2012,0,0.3335,17000,1,0,"D",0.0999838716133489,-2.19740379447942
2012,0,0.1725,2000,0,1.59,"Missing",0.634845389731517,0.553060634838343
2012,0,0.1035,8000,0,0,"AA",5.98619410156313e-05,-9.72340976641161
2012,1,0.3335,3500,0,0.88,"Missing",0.998947605533366,6.85563431804417
2012,0,0.1725,3000,0,0.91,"Missing",0.0362807831870686,-3.27951177100818
2012,0,0.1035,9000,0,0.37,"AA",0.00642085944137381,-5.0417617390421
2012,0,0.161,9000,1,0.54,"B",0.00140194442875567,-6.56849220020451
2012,0,0.1725,15000,0,0.65,"B",0.00244338920979358,-6.01192280390968
2012,0,0.1265,11000,1,0.43,"AA",0.00958888020289891,-4.63751601453549
2012,0,0.3335,2700,0,0,"Missing",0.356858951313027,-0.589023451155518
2012,1,0.3335,3000,0,0.98,"Missing",0.587519776950842,0.353721647844654
2012,0,0.3335,3001,0,0.92,"Missing",0.18474759241764,-1.4845072396735
2012,0,0.092,2600,0,0,"A",0.0197030463912296,-3.90708227671443
2012,0,0.2875,10000,1,0.71,"D",9.5222401854334e-06,-11.5618709009614
2012,0,0.1955,4900,0,0.13,"D",0.00290622712668578,-5.8379891006425
2012,1,0.3105,2550,0,0.98,"Missing",0.928430191467786,2.56282187726866
2012,1,0.322,12000,0,0.83,"D",0.776757642880183,1.24687040324235
2012,0,0.1725,1500,1,0.64,"AA",0.0117584587368136,-4.43135426874484
2012,0,0.115,6000,1,0.75,"A",6.93447625798082e-07,-14.1815894281556
2012,0,0.1955,1000,0,0.35,"D",0.000241396494183917,-8.32882834662168
2012,0,0.1265,14000,0,0.56,"AA",0.000286170725206888,-8.15863577228031
2012,0,0.1725,15500,0,0.98,"B",5.6521174561144e-05,-9.78083869625534
2012,0,0.1035,6500,0,0.09,"AA",0.00397292981478573,-5.52427062498565
2012,1,0.299,2864,0,0.71,"Missing",0.985365452454856,4.20962758636179
2012,0,0.2415,7500,1,1.02,"C",0.0853356446265838,-2.37196493233794
2012,0,0.138,17500,0,0.13,"AA",0.0127333829645005,-4.35071300699154
2012,1,0.322,11000,0,0.84,"Missing",0.939302643803606,2.73923758978152
2012,0,0.253,20000,0,0.92,"D",0.00102236557198502,-6.88461326008741
2012,0,0.1955,10700,0,0.12,"C",0.000689687907761061,-7.27858144443569
2012,1,0.3105,2800,0,0,"Missing",0.999171578855358,7.09516013961705
2012,1,0.3335,2550,1,0.76,"Missing",0.993434583790881,5.01935231169221
2012,0,0.115,3000,0,0.36,"A",0.00164705907621214,-6.40711554247941
2012,1,0.3335,3000,1,1.01,"Missing",0.84098609419674,1.66558346871474
2012,0,0.1725,3500,0,0.32,"A",0.00224640269501093,-6.09617621478873
2012,0,0.2185,12200,1,0,"C",5.4830980938092e-05,-9.81120034568808
2012,0,0.23,2000,1,0,"D",0.772919531020212,1.22487050002013
2012,0,0.3335,2525,0,0,"D",0.00172706942931369,-6.35960071582641
2012,0,0.276,7100,0,0.9,"D",0.00336498714391259,-5.69096047497789
2012,0,0.23,7500,0,0.38,"C",0.166244207959303,-1.61248270459453
2012,0,0.1495,5500,0,0.34,"B",0.000227513414106374,-8.38807381890737
2012,0,0.207,3001,0,0.8,"D",0.000190283870749547,-8.56680324224229
2012,0,0.276,3000,0,1.62,"Missing",0.500288149169906,0.00115259680722324
2012,0,0.1955,3600,1,0.76,"D",0.00709490747598388,-4.94125781317409
2012,1,0.2415,5500,1,0,"C",0.673017286891766,0.721863711245061
2012,0,0.115,7500,0,0,"AA",1.58589159002827e-05,-11.0517628393849
2012,0,0.1955,20000,0,0.56,"B",0.00117196835626513,-6.74789793231738
2012,0,0.115,3900,0,0.53,"A",0.000104151752173234,-9.16955740966765
2012,0,0.1725,10000,0,0.16,"A",0.0111141566515199,-4.48835922888881
2012,0,0.2645,15000,0,0.96,"C",0.00255028521066913,-5.96899653601745
2012,0,0.1955,4990,0,0.9,"C",0.0022056769782836,-6.1145126845079
2012,0,0.1265,5000,1,0,"A",0.0761748921932956,-2.49549086684071
2012,0,0.3335,10500,0,0.76,"D",0.0760083565146267,-2.49785973937215
2012,0,0.207,6000,0,0.75,"C",0.140944093190198,-1.80747069391018
2012,1,0.276,1000,0,0,"Missing",0.994030829949284,5.11516032446143
2012,0,0.2185,12500,0,0.02,"AA",0.000106926112873045,-9.14326556409762
2012,1,0.3335,3600,0,0.92,"Missing",0.996524414162535,5.65851058813641
2012,0,0.276,6000,0,0.52,"D",0.00740853561855151,-4.89768636641294
2012,0,0.1725,13000,0,0.26,"AA",0.000316602470655875,-8.05754695423394
2012,0,0.161,15000,0,0.59,"AA",5.90904959455105e-05,-9.73638136734691
2012,0,0.2415,5000,0,0.73,"D",0.467616939594902,-0.129713812973526
2012,0,0.1955,1000,0,0.35,"D",0.0583287881977245,-2.78156041598415
2012,0,0.322,12000,1,0.87,"D",0.826998088584296,1.56449974067414
2012,0,0.1725,5000,0,0,"C",0.0103249165858804,-4.562816630723
2012,0,0.322,15000,0,0.93,"B",0.0947264479413235,-2.25724392297083
2012,0,0.3335,3000,0,0.98,"Missing",0.799716845624874,1.38452558488283
2012,0,0.1725,8500,0,0.22,"B",0.128350974561773,-1.91561834883306
2012,1,0.3335,3001,0,0.83,"Missing",0.988513318873164,4.45501391504553
2012,0,0.23,4000,0,0,"D",0.288784306341824,-0.901295685784252
2012,0,0.138,18950,0,0,"AA",0.000642737043613027,-7.34913192607319
2012,0,0.1955,6300,0,0.41,"C",0.000658929635158363,-7.32423465751493
2012,1,0.3335,5000,1,0,"Missing",0.624359745730834,0.508094803010384
2012,1,0.3335,2700,0,0.47,"Missing",0.876125241662686,1.95623800886271
2012,0,0.0805,1500,1,0.91,"Missing",0.00678012339594712,-4.98695676434522
2012,0,0.1265,3000,0,0.32,"AA",0.000375239071178386,-7.88757190249207
2012,0,0.23,5000,0,0.65,"B",3.08819102689615e-05,-10.3853090912924
2012,0,0.2645,4900,0,1,"D",0.0758621689335935,-2.49994310121799
2012,0,0.138,10000,0,0.58,"A",0.000328173464208628,-8.02164000775478
2012,0,0.207,7000,0,0.95,"C",0.0883534700520595,-2.33390686394352
2012,0,0.138,7500,0,0.81,"A",1.36244145566071e-05,-11.2036335621532
2012,0,0.3335,4090,1,0.58,"Missing",0.00121052505091175,-6.71548982879077
2012,0,0.1265,5000,0,0.12,"A",0.000310014922247517,-8.07858006237447
2012,1,0.322,1500,1,1,"Missing",0.998032226670888,6.22888295334385
2012,0,0.2185,5000,0,0.28,"B",0.000864651718594631,-7.05231874382997
2012,1,0.276,3000,0,0.97,"Missing",0.43193822065879,-0.273947608969056
2012,0,0.0805,1000,1,0,"Missing",0.280549395353318,-0.941738064662436
2012,0,0.1495,10000,0,0.53,"A",0.0738221583003434,-2.52940733536441
2012,1,0.3335,20000,0,1.05,"C",0.542555526496878,0.170634925208909
2012,0,0.092,2600,0,0,"A",0.0234669401214606,-3.72841597789488
2012,0,0.1725,2000,0,0.36,"D",0.0150532829048268,-4.18099144477094
2012,0,0.3335,4000,0,1.07,"Missing",0.916120939414718,2.39077237942452
2012,1,0.207,5000,1,0,"D",0.824496064064861,1.54711089862933
2012,0,0.23,9000,0,0.92,"C",0.00155762008327504,-6.46303737582404
2012,1,0.2415,3000,1,0.97,"D",0.950060519805282,2.9457138114222
2012,0,0.1035,5000,0,0,"AA",0.011365555442447,-4.46573731283862
2012,1,0.23,2000,1,0,"Missing",0.113594231490084,-2.05454209790616
2012,0,0.2185,6000,0,0.5,"B",0.000151661598795011,-8.79370716967752
2012,0,0.23,1000,0,0,"Missing",0.411492492358469,-0.357798908490481
2012,0,0.3335,25000,0,1.31,"Missing",0.11934544191293,-1.99864328585715
2012,1,0.207,25000,0,0,"A",0.517120604204954,0.0685091999698582
2012,0,0.3335,6000,0,0.94,"Missing",0.0111082973741077,-4.48889248348016
2012,0,0.161,8000,0,0.76,"AA",0.00071645835275858,-7.24047372320128
2012,0,0.1955,1500,0,0.92,"D",0.142986635932557,-1.79070234161158
2012,1,0.276,7500,1,0.82,"D",0.983176687934479,4.06802330007264
2012,1,0.3335,5000,1,0.65,"D",0.610268507762589,0.448441016409042
2012,1,0.2415,5000,0,0.26,"D",0.811780284251308,1.46161973642758
2012,1,0.3335,2500,0,0.85,"Missing",0.92043422992611,2.44826157157536
2012,0,0.23,20000,1,1,"C",0.00722083339823327,-4.9235378738222
2012,1,0.1955,3500,0,0.98,"Missing",0.983388676560614,4.0809198426131
2012,0,0.161,2000,0,0.98,"B",0.00150957268357245,-6.49441794598005
2012,0,0.23,6000,1,0.25,"C",0.000453104447658006,-7.69893468314617
2012,0,0.2415,15000,0,0.82,"C",0.00867258993737645,-4.73887739306212
2012,0,0.092,2000,0,0.06,"AA",0.284782430630301,-0.920861301798783
2012,0,0.1955,4000,0,0.75,"B",0.00140881801864968,-6.56359439945893
2012,0,0.138,17500,0,0.13,"AA",0.00937206968173271,-4.66060505939596
2012,0,0.092,3000,0,0,"AA",0.000231435085764473,-8.37097966895331
2012,0,0.1035,3500,0,0,"AA",0.000980124458901075,-6.92685039038972
2012,0,0.2185,16000,0,0,"A",1.02758720306291e-05,-11.4857016560973
2012,1,0.3335,5000,1,0,"Missing",0.998371658689977,6.41856371498511
2012,0,0.161,17500,0,0.79,"B",1.75631748346628e-06,-13.2522895235341
2012,1,0.3335,6000,0,0.92,"Missing",0.879731956518138,1.98989431873331
2012,0,0.1725,2000,0,0.5,"D",0.00103887755542844,-6.86857500472778
2012,0,0.1035,5000,0,0.54,"A",0.0548359437982679,-2.84701262920514
2012,0,0.276,22000,0,0.93,"D",0.0386945381032675,-3.21259376104445
2012,1,0.3335,4000,1,0,"Missing",0.992429154883448,4.8758509280941
2012,0,0.1265,10000,0,0.43,"AA",0.000138415449786237,-8.88511246457749
2012,1,0.2875,1000,1,0.98,"C",0.428541762272012,-0.287803210889384
2012,0,0.299,25000,0,0.92,"C",9.69712421164127e-06,-11.5436714922672
2012,0,0.3335,3000,1,0,"Missing",0.242362758600951,-1.13976909148019
2012,1,0.23,2500,0,0.78,"Missing",0.830218683469234,1.58717790453336
2012,1,0.253,12500,0,0.96,"C",0.253859131878851,-1.07813489936946
2012,0,0.1035,5000,0,0,"A",5.7090943137657e-06,-12.0734444518178
2012,0,0.1265,18000,0,0.46,"AA",0.000662836980834197,-7.31831842235246
2012,1,0.3335,4000,0,1,"Missing",0.995662620178472,5.43613802740355
2012,0,0.2415,13500,0,0.84,"D",0.0013344477298439,-6.61790241933346
2012,1,0.3335,3001,1,0,"Missing",0.998560355633099,6.54191848167472
2012,0,0.2185,1500,0,0.86,"D",0.00233896766822057,-6.0557039070567
2012,0,0.23,3000,1,0.07,"D",0.0567023096465713,-2.81156697276619
2012,0,0.184,3800,0,0,"B",0.000947727373366709,-6.96049550115445
2012,0,0.1725,2000,0,0.36,"D",0.168738236513904,-1.59459612565657
2012,0,0.2645,6001,0,0.42,"C",0.023171379327307,-3.74139335539518
2012,0,0.1265,1600,0,0.9,"B",0.000511694738814572,-7.57727049828411
2012,0,0.092,1668,0,0.05,"AA",0.000354890099711823,-7.94334744160655
2012,0,0.092,1668,0,0.05,"AA",0.000197654702627214,-8.52879130156543
2012,0,0.207,1230,0,0,"C",0.137583641297784,-1.83550613627089
2012,0,0.1495,25000,0,0.11,"AA",0.00159039603696252,-6.44218055185536
2012,0,0.23,2550,0,0,"AA",0.000293423434361072,-8.1336003572389
2012,0,0.2185,10000,1,0.88,"D",0.0120636859249443,-4.40541845937828
2012,1,0.2645,6001,1,0.85,"Missing",0.769135867286854,1.20343826696758
2012,1,0.1725,5000,0,0.7,"C",0.88235999749597,2.01497099818693
2012,0,0.207,7500,0,0.9,"B",0.182703600278424,-1.49813665027714
2012,0,0.23,3500,0,0.8,"D",0.000320372955148833,-8.04570433169507
2012,0,0.2415,13500,0,0.84,"D",0.0148608048910371,-4.19405574325485
2012,0,0.3335,5000,0,0.82,"Missing",0.785681844549049,1.29909031387629
2012,0,0.1955,15000,0,0.65,"B",7.57310070076636e-06,-11.7909003974502
2012,0,0.1265,5000,1,0,"Missing",0.00281594969940855,-5.8696357813272
2012,0,0.138,1000,1,0.45,"D",0.0288756082088862,-3.51545733484596
2012,0,0.2875,4500,0,0.87,"D",0.0336313844884455,-3.35808565782154
2012,0,0.115,3000,0,0.16,"AA",0.00351451200722575,-5.64733389245924
2012,1,0.276,2000,1,0.93,"Missing",0.937501498429192,2.70807577457988
2012,0,0.1725,4500,1,0,"C",0.0132382691104026,-4.31131679276333
2012,0,0.1265,6000,0,0.1,"A",0.0632993308413723,-2.69448901672573
2012,1,0.276,2800,0,0,"Missing",0.940972639779083,2.76891299450333
2012,0,0.161,14500,0,0.48,"A",1.23625094582006e-05,-11.300829733358
2012,0,0.1265,3500,0,0,"D",0.00023361523868078,-8.3616014325282
2012,0,0.1955,25000,0,0.11,"A",0.00429926039012191,-5.4450037445895
2012,0,0.3105,7500,0,0.91,"Missing",0.573010782566749,0.294145773283677
2012,1,0.3335,5000,0,1.01,"Missing",0.739323968726528,1.04245783604341
2012,0,0.161,3500,0,0.65,"B",0.0858174827787476,-2.36580749440537
2012,0,0.23,9900,0,0.96,"D",0.0881998273484115,-2.33581585162197
2012,0,0.207,3100,0,0.98,"C",0.00220083409985294,-6.11671559468061
2012,0,0.2415,4900,0,0,"D",0.403678982595088,-0.390159177304382
2012,0,0.276,4500,1,0.71,"D",0.312454594964001,-0.788668708543906
2012,1,0.3335,3000,1,0.82,"Missing",0.998907501465913,6.81819487704693
2012,0,0.2415,8000,0,0.76,"D",0.0132810708266374,-4.30804545067054
2012,0,0.3105,7000,0,0.71,"C",0.000408324499289448,-7.80303995039433
2012,0,0.1725,10200,0,0,"C",0.000501458735091567,-7.5974876524081
2012,0,0.3335,8500,1,0,"B",5.02982717589802e-05,-9.89748954058048
2012,1,0.299,1000,1,0,"Missing",0.993978043778853,5.1063029574453
2012,0,0.1725,8000,0,0.54,"B",0.00144965408314708,-6.53497960850904
2012,0,0.1495,2000,1,0.54,"A",0.00347718245563011,-5.65804971041216
2012,0,0.1955,2800,0,0,"C",0.00227034021949043,-6.08555266094239
2012,0,0.3105,25000,1,0,"C",0.178299289811148,-1.52791268747965
2012,0,0.2875,5000,0,0.9,"D",1.72915896067818e-05,-10.9652730328276
2012,0,0.23,2500,0,0.8,"Missing",0.662872736638054,0.676122525834129
2012,1,0.3335,9000,1,0,"Missing",0.911091115629853,2.32703083521679
2012,1,0.2875,10500,0,0.81,"D",0.392140443020213,-0.438323814837131
2012,0,0.1495,15000,0,0.45,"A",0.0132017230259142,-4.31411828523963
2012,0,0.2875,5000,0,0.9,"D",0.0303413248529796,-3.46443348843919
2012,1,0.299,2550,0,0.88,"Missing",0.423008063533921,-0.31043704988911
2012,0,0.207,20000,0,0.67,"B",0.000405956435287767,-7.80885866750881
2012,0,0.115,10000,0,0.12,"A",0.00174711052839808,-6.34804334378231
2012,1,0.2875,3000,0,0,"Missing",0.996208630254202,5.57122933947394
2012,0,0.1265,5000,0,0.18,"A",0.0583507352542778,-2.78116091541362
2012,0,0.138,10000,1,0.08,"AA",0.000295348583695968,-8.12705886735608
2012,0,0.1955,3800,0,1.1,"D",0.0069457298747408,-4.96265825100633
2012,1,0.276,1025,1,0.59,"Missing",0.989163769801084,4.51396474132077
2012,0,0.276,1500,0,0.96,"Missing",0.466092003243388,-0.135840486907183
2012,0,0.1495,2500,1,0.77,"B",0.00103021349589328,-6.87695847612276
2012,0,0.1955,6300,0,0.41,"C",0.0199877380688902,-3.89244609478299
2012,0,0.184,5000,0,0.94,"B",0.000995390716517783,-6.91137933152004
2012,0,0.2185,11500,0,0.38,"C",6.91095035946889e-05,-9.57974919082399
2012,0,0.23,5000,1,0.95,"C",0.0725297991662616,-2.54846316508757
2012,0,0.23,3000,0,0.89,"D",0.0189676195218323,-3.94587217703193
2012,0,0.322,23500,0,0.89,"D",0.122919429983533,-1.96506975822739
2012,0,0.276,1000,1,0.18,"C",0.100678627684852,-2.18970690842929
2012,0,0.23,3500,0,0.51,"D",0.650083235397739,0.619405098370694
2012,0,0.138,5000,0,0,"AA",0.00073836857578762,-7.21032879154445
2012,0,0.3335,2525,0,0,"D",0.223632042677966,-1.24462454502335
2012,0,0.1725,10000,0,0.16,"A",3.78788220788759e-05,-10.181080506713
2012,0,0.115,1000,0,0.24,"AA",1.03446732080802e-06,-13.781622895151
2012,0,0.207,15000,0,0.58,"C",0.0183333471020595,-3.9805301458062
2012,0,0.2875,7000,0,0.14,"D",0.00118943695337611,-6.73308508735724
2012,0,0.253,20000,0,0.92,"D",0.331780907036227,-0.700141270731717
2012,0,0.115,3900,0,0.41,"AA",0.000649495069991733,-7.33866560626606
2012,1,0.3105,1700,1,0,"Missing",0.948059514514964,2.90431872608208
2012,0,0.2645,8500,0,1,"D",0.000537649820666356,-7.52776530627254
2012,0,0.207,9500,1,0.36,"A",4.56188672231878e-05,-9.99514355221462
2012,0,0.23,3000,0,0,"D",0.000696063116423018,-7.26937391174479
2012,1,0.23,15000,0,0.93,"D",0.0712366693666308,-2.5678462442001
2012,1,0.276,10000,1,0.73,"D",0.202833729777067,-1.36867669884906
2012,0,0.115,2000,0,0.29,"A",0.000143035221964363,-8.85227660513749
2012,1,0.3335,7900,1,0.99,"Missing",0.267539261247562,-1.00714341389679
2012,1,0.3335,2500,0,1.21,"Missing",0.974642038965268,3.64897753856475
2012,1,0.322,5200,1,0.92,"Missing",0.986028134428725,4.25663918249501
2012,0,0.138,8000,1,0.91,"A",0.265317652288344,-1.01851042979796
2012,0,0.2185,4400,0,0.98,"D",0.207530978089902,-1.33987279538767
2012,0,0.23,1500,0,0,"D",0.00533304177067936,-5.22848620170179
2012,1,0.2875,1500,1,0,"Missing",0.723673813259162,0.962758752776032
2012,1,0.276,3000,0,0.92,"Missing",0.990182042052912,4.61367565470571
2012,0,0.069,1000,0,0.04,"AA",0.000140878937068341,-8.86746874988698
2012,0,0.276,7000,0,1.14,"D",0.0112627905327926,-4.47492416385858
2012,0,0.299,25000,1,0.09,"B",0.0137080569169944,-4.27596864299232
2012,0,0.1035,3500,0,0.1,"AA",9.91866739230006e-05,-9.21840769655764
2012,0,0.3335,3800,0,1,"Missing",0.0130808423090259,-4.32343938830738
2012,0,0.138,25000,0,0.17,"AA",0.000227367590351821,-8.38871511600219
2012,0,0.3335,3500,0,0.83,"Missing",0.476318533579565,-0.0947967923540833
2012,0,0.2645,15000,0,0.18,"D",0.00033714685543698,-7.99465474602106
2012,1,0.1955,6000,0,0.6,"C",0.0885219214987859,-2.33181732202071
2012,0,0.207,1500,0,0.1,"C",5.42121152391662e-05,-9.82255193251475
2012,1,0.2645,1000,1,0,"Missing",0.984934733477267,4.1801835146029
2012,1,0.3335,2500,1,0,"Missing",0.993117561730455,4.9718760586976
2012,0,0.2645,4000,0,0.51,"D",0.0226846353475642,-3.76312155037161
2012,1,0.276,2350,0,1.37,"Missing",0.987533236359698,4.37214395892603
2012,0,0.1725,6500,0,0.9,"C",0.00143363020540405,-6.54611078751136
2012,0,0.1035,2500,0,0.09,"AA",0.00135444176770599,-6.6030105292371
2012,1,0.2875,6000,0,1.02,"D",0.983668249265403,4.0981775842028
2012,0,0.23,3500,1,0.81,"C",0.000318955951254685,-8.05013854172647
2012,0,0.1955,17000,0,0.7,"A",0.0080186079256971,-4.81793951765634
2012,1,0.23,3800,0,1,"Missing",0.996067981430114,5.53466258467105
2012,0,0.092,2300,0,0.18,"AA",0.00606976272355059,-5.09834750608431
2012,0,0.161,8000,0,0.44,"A",0.000438418895171619,-7.7318972079302
2012,0,0.253,12800,0,0,"A",0.000674355980115839,-7.30107784260994
2012,0,0.1725,20000,0,0.37,"A",3.13935638994093e-05,-10.3688762633593
2012,0,0.3335,20000,1,0.87,"D",0.000658146877323879,-7.32542407017985
2012,1,0.3335,2400,0,1.05,"Missing",0.999790221499608,8.46924854342992
2012,0,0.1495,3500,1,0.71,"C",0.0280770682886807,-3.54432334492092
2012,0,0.3335,18000,0,0.91,"C",0.00539979769503518,-5.21597936069789
2012,0,0.1955,5500,0,0.91,"C",0.00329878575642314,-5.7108965920743
2012,0,0.3335,2550,0,0.9,"Missing",0.0802374735838564,-2.43912485584935
2012,1,0.3335,3000,0,0.29,"Missing",0.855541654006774,1.77874357883598
2012,0,0.2645,2600,0,0.5,"Missing",0.624513894148224,0.508752108960734
2012,0,0.2875,15000,1,1.04,"D",0.000420340036997504,-7.77402613394233
2012,1,0.299,2000,1,0,"Missing",0.668737026076424,0.702478354667294
2012,0,0.1265,7500,0,0,"AA",4.57209634051624e-06,-12.295534168293
2012,1,0.3335,3001,0,0,"Missing",0.999885026398521,9.07069302809967
2012,1,0.1495,9900,0,0.86,"B",0.574334358727666,0.299557574775037
2012,0,0.2415,25000,0,0.07,"A",0.00268975194500285,-5.91561292754647
2012,0,0.1495,19000,0,0.08,"AA",0.0026519601256874,-5.92980075953306
2012,1,0.3335,5500,0,0.77,"Missing",0.990128755176452,4.60820902297322
2012,1,0.3335,5000,0,0.71,"Missing",0.694919251567517,0.823219163493324
2012,0,0.1265,11000,1,0.43,"AA",0.0449739517707966,-3.05565514310704
2012,0,0.3335,3700,0,0.58,"D",0.0489082591582979,-2.96766424449301
2012,0,0.0575,1000,0,0.64,"D",0.0022531865537027,-6.09315408980833
2012,0,0.115,1500,0,0.16,"A",0.00334534276014487,-5.69683517032079
2012,0,0.1265,9000,1,0.85,"A",0.000447927195457866,-7.71043182134937
2012,0,0.276,10000,1,0.73,"D",0.0875610286736366,-2.34378518168193
2012,0,0.3335,20000,0,1.03,"C",0.717047806683181,0.929864559200435
2012,1,0.322,5000,0,1.19,"Missing",0.994790300066972,5.25200970156713
2012,0,0.2875,9900,0,0.37,"B",0.00115895486374665,-6.75907703254735
2012,0,0.1035,3000,0,0,"AA",0.000581487167161858,-7.44933999846195
2012,1,0.2875,8500,0,0.86,"Missing",0.886507226826701,2.05555011515748
2012,0,0.1265,1600,0,0.9,"B",4.77785283018702e-05,-9.94888643842274
2012,0,0.207,13000,0,0.73,"C",0.00343865368265044,-5.66923067608458
2012,0,0.1955,1200,0,0.94,"D",0.0194385000778417,-3.92086972712451
2012,0,0.23,7500,1,0.62,"C",0.000175497122396167,-8.647712399272
2012,1,0.0805,1000,0,0.12,"C",0.953295288847946,3.01607966675966
2012,0,0.184,3500,0,0.83,"C",0.00842786051358375,-4.76774875779483
2012,0,0.138,10000,0,0.5,"B",0.00224084681951072,-6.09865807885777
2012,1,0.207,2700,1,0.74,"C",0.744664480162436,1.07035531036966
2012,1,0.3335,2100,1,1.14,"Missing",0.994098350206623,5.126604207812
2012,0,0.1725,3000,0,0,"C",5.67814724546623e-05,-9.77624369154233
2012,1,0.3335,3800,0,0.96,"Missing",0.614226104486092,0.465111673787675
2012,0,0.23,21000,0,0.34,"AA",0.00046124989579345,-7.68110923222737
2012,1,0.3335,5000,0,0,"Missing",0.996140200770761,5.55327284253078
2012,0,0.1955,9200,0,0.06,"A",0.000175180687973699,-8.64951741796431
2012,0,0.253,3600,0,0.57,"D",0.0436013759394413,-3.08808608881678
2012,0,0.1725,2000,0,0.36,"D",0.00279667408638316,-5.87652380203153
2012,0,0.2185,13500,0,0.78,"B",0.00574308786368786,-5.1539986151429
2012,0,0.2645,7500,0,0.89,"D",0.185941440309535,-1.47660051697051
2012,0,0.0805,1000,0,0.07,"AA",0.000384614118203542,-7.8628853285846
2012,0,0.1725,5000,1,0.84,"B",0.00034377208850926,-7.97518782237475
2012,0,0.23,7500,1,0.52,"D",0.192450658427441,-1.43416435632982
2012,0,0.1265,1000,1,0.97,"C",0.000427192741199168,-7.75784797802362
2012,0,0.2415,13500,0,0.84,"D",0.0969506891826078,-2.23157466939425
2012,0,0.276,1500,0,0.99,"Missing",0.802058509132701,1.3992100728809
2012,1,0.3335,2000,0,0.98,"Missing",0.99909228134657,7.00366794954842
2012,0,0.299,1000,1,0.33,"Missing",0.341971750045231,-0.654519732021749
2012,0,0.1265,1200,0,1,"Missing",0.732737846180287,1.00855796665572
2012,0,0.2645,8000,0,0.75,"C",0.00297963101806226,-5.81297172661704
2012,0,0.1955,7000,0,0.67,"B",4.21702132349548e-08,-16.9815516704748
2012,0,0.161,2690,1,0.69,"C",0.00663574341081931,-5.00862671580244
2012,1,0.3335,1500,1,0.91,"Missing",0.993342060193387,5.00526497787138
2012,0,0.2415,3000,0,0.04,"C",0.00267408779243494,-5.92146929941398
2012,0,0.1955,4800,0,0.88,"C",5.1723732508162e-05,-9.86954211399647
2012,1,0.2645,15000,0,0.06,"D",0.25673748066461,-1.06299521896006
2012,0,0.161,20200,0,0.86,"A",6.98069032695928e-05,-9.56970784303592
2012,1,0.253,8000,1,0.93,"D",0.483783242605984,-0.0648897891965272
2012,0,0.2875,6000,0,1.02,"D",0.210383476155244,-1.3226154723597
2012,1,0.3105,3001,1,1.02,"Missing",0.97373826941675,3.61302978172164
2012,0,0.2185,5000,0,0.97,"Missing",0.0359001542757503,-3.29045327079018
2012,0,0.1035,2500,1,0.24,"AA",0.000427763414274395,-7.75651243067214
2012,0,0.322,12839,0,0.45,"C",0.128299712981989,-1.91607662274581
2012,1,0.3335,3000,0,0.79,"Missing",0.766810861705333,1.19039029943884
2012,1,0.3335,5000,0,0.73,"Missing",0.97258674445247,3.56893259337761
2012,0,0.1265,15152,0,0.6,"A",0.00059717091965034,-7.42270983867802
2012,0,0.184,3000,1,0.96,"C",6.57373366324799e-05,-9.62977776470405
2012,0,0.115,1000,0,0.3,"AA",0.000135511295099181,-8.90632004197553
2012,1,0.1955,9000,0,1,"Missing",0.784009801244419,1.28918849133647
2012,0,0.23,7500,0,0.36,"C",0.00205175806545959,-6.18700439464281
2012,1,0.1955,2400,0,0.86,"D",0.781524186815984,1.2745707850048
2012,0,0.23,6500,1,0.9,"C",0.000240014914295492,-8.3345694499327
2012,0,0.115,7000,0,0.51,"AA",3.24674654159153e-06,-12.6378538803958
2012,0,0.23,15000,0,0.93,"D",0.000234893833437854,-8.35614199707966
2012,0,0.115,2000,1,0,"B",0.00136490884198736,-6.59530179382357
2012,1,0.3335,3001,0,0.92,"Missing",0.999967424827472,10.3319275629393
2012,0,0.1495,25000,0,0.11,"AA",0.00508055407084227,-5.27724145030985
2012,1,0.3335,4500,0,0.91,"Missing",0.906094255963359,2.26685177971882
2012,1,0.3335,4000,1,0.98,"Missing",0.997209830382067,5.87885882064172
2012,0,0.23,15000,1,0.8,"B",0.0021285449666562,-6.15018583339733
2012,0,0.184,25000,1,0.66,"AA",0.00350964444355655,-5.64872472707361
2012,1,0.3335,3025,1,0,"Missing",0.993015508387857,4.95705407437478
2012,0,0.161,9900,0,0.02,"AA",0.0243754624241066,-3.68950082934292
2012,0,0.1265,1000,0,0.98,"D",0.00149743912302669,-6.50250031979838
2012,0,0.2875,9000,0,0.43,"D",0.00487353543134244,-5.3190501941777
2012,0,0.276,10000,1,0.03,"A",0.000607743832709769,-7.40514916397773
2012,0,0.1955,6500,0,0.81,"C",0.00904318711406258,-4.69665928491652
2012,0,0.1725,10000,0,0.66,"B",0.00733517614710306,-4.90771164223831
2012,1,0.2645,1400,0,0,"Missing",0.990155540227499,4.61095320482917
2012,0,0.207,9800,1,0.72,"C",0.331690969340652,-0.700546967108217
2012,0,0.276,3000,0,1,"Missing",0.134815183726967,-1.85903831348198
2012,0,0.2645,4000,0,1.01,"Missing",0.382493851919501,-0.478976445133893
2012,0,0.2875,3000,0,0.71,"D",0.0206647632398809,-3.85844402081891
2012,0,0.1955,5600,0,0.84,"C",0.056055971773188,-2.8237161847336
2012,0,0.2875,9900,0,0.37,"B",0.00101868058709878,-6.88822783129888
2012,0,0.1725,2600,0,0.68,"C",0.00640650045810463,-5.04401499735509
2012,1,0.3335,2500,0,0,"Missing",0.992907155139252,4.9415506504998
2012,0,0.0805,2000,1,0.81,"Missing",0.0491131925261077,-2.96326734512638
2012,1,0.3335,2000,0,0.28,"Missing",0.971856291181025,3.54188410312261
2012,0,0.2185,11500,0,0.38,"C",0.0141850114221811,-4.24128282514711
2012,0,0.115,1000,0,0.56,"A",0.00257483196693337,-5.95939285000758
2012,0,0.23,4000,0,0,"D",0.00593375750097135,-5.12114619178674
2012,0,0.1955,10000,0,0.76,"C",0.0156273213863225,-4.14298381046563
2012,0,0.299,25000,0,0.92,"C",0.0081191018189934,-4.80538350312827
2012,0,0.2415,15000,0,0.82,"C",0.0721381170405173,-2.55430031501912
2012,1,0.3335,3550,0,0,"Missing",0.413591759228062,-0.349136805133071
2012,1,0.3335,5224,0,0.67,"Missing",0.992001154388187,4.82042703823759
2012,1,0.299,2000,1,0,"Missing",0.984708466336512,4.16504630418768
2012,0,0.184,9000,0,0.05,"B",0.0172325749191331,-4.04357101176743
2012,0,0.207,1230,0,0,"C",0.00934119110323467,-4.66393641411527
2012,1,0.2645,1000,1,0,"Missing",0.438105957266497,-0.248852503369245
2012,0,0.23,3800,0,1,"Missing",0.228036154271284,-1.2194335292219
2012,0,0.184,5000,1,0.69,"C",0.0641583575949043,-2.68009191205203
2012,0,0.3335,11000,0,0.98,"D",0.13898296524446,-1.82376291565923
2012,0,0.138,18950,0,0,"AA",0.00326796247583414,-5.72031527042592
2012,0,0.161,7000,0,0.55,"C",0.0733965276724013,-2.53564909277529
2012,1,0.3335,4500,1,1.32,"Missing",0.945730863517462,2.85800235267909
2012,0,0.3335,3000,0,0.91,"Missing",0.18003697482598,-1.51609700249528
2012,0,0.1725,2000,0,0,"B",0.00651813036905219,-5.02662823123374
2012,0,0.23,10000,0,0.85,"D",0.023476647971751,-3.72799244026833
2012,1,0.3335,1800,0,1.11,"Missing",0.93561632492219,2.67634537477561
2012,0,0.23,7000,0,0.59,"C",0.000575889411771985,-7.45901885385313
2012,1,0.3335,5300,0,0.96,"Missing",0.993804972138111,5.07779396976227
2012,0,0.2645,6500,0,0.75,"D",0.000355413607592792,-7.94187287808894
2012,1,0.3105,1000,1,0,"Missing",0.95700877589676,3.10281655738504
2012,1,0.3335,7200,0,1.15,"Missing",0.922846330671233,2.48166359301448
2012,1,0.23,1000,0,0.91,"Missing",0.971316577655332,3.52233311052803
2012,0,0.1955,5000,0,0.34,"D",0.000378081968577229,-7.88002138430534
2012,0,0.207,1000,1,0.61,"D",0.010116646158211,-4.58340491014418
2012,0,0.1265,10500,0,0.16,"AA",0.000104426218220675,-9.16692534999123
2012,0,0.1725,10500,0,0.84,"C",0.00471270840718294,-5.35276865461958
2012,0,0.2185,2750,0,0,"C",0.00541611958420083,-5.21294482387978
2012,0,0.2645,15000,0,0.86,"C",0.00136877856455934,-6.59246677933512
2012,1,0.3335,2000,1,0.98,"Missing",0.969269081929292,3.45127301258617
2012,0,0.1035,2550,0,0.58,"AA",0.0987536489019138,-2.21115028587469
2012,0,0.1725,3000,0,0.73,"D",0.00943673516065255,-4.65366366700748
2012,0,0.138,25000,1,0,"AA",0.0061351667590008,-5.08756395538048
2012,0,0.2185,20000,1,0.82,"B",0.00201799469248837,-6.203630953552
2012,0,0.115,3900,0,0.41,"AA",2.60383445640245e-05,-10.5559142767713
2012,0,0.161,2000,0,0.98,"B",0.000484906946041508,-7.63106852471552
2012,0,0.2875,7000,0,0.62,"D",0.00092764833965133,-6.98192976246522
2012,0,0.253,10000,0,0.93,"D",0.0102605486154516,-4.56913541846628
2012,0,0.253,25000,0,0.63,"AA",0.00570261191771169,-5.16111204402944
2012,0,0.1495,2500,1,0.9,"C",0.000118135546568018,-9.04355975049525
2012,0,0.161,9000,0,0.14,"B",0.30327667464421,-0.831742874736959
2012,0,0.1955,10000,0,0.62,"B",0.00225585639827684,-6.09196719594295
2012,0,0.3335,5000,1,0.75,"D",0.0517352308022722,-2.90849475937546
2012,0,0.138,25000,1,0.22,"AA",0.193556054915742,-1.42706723121949
2012,1,0.322,1250,0,0,"Missing",0.973220229693375,3.59296363429524
2012,0,0.1725,5000,0,0.85,"C",0.000308215046933725,-8.08440455173672
2012,0,0.1955,5000,1,0.28,"B",0.000617786723810462,-7.3887492895399
2012,0,0.1725,7500,0,0.98,"C",2.27161432252198e-06,-12.9950175523091
2012,1,0.1955,11000,0,0,"C",0.302853276833451,-0.833747441945588
2012,1,0.184,3300,0,0.3,"C",0.39246297938087,-0.436970899923422
2012,1,0.3105,1800,1,0.1,"Missing",0.840506191759877,1.66199921791902
2012,1,0.3105,2800,0,0,"Missing",0.962064962071788,3.23320680791635
2012,1,0.1955,3000,0,0.53,"C",0.294872413826085,-0.871835992453043
2012,0,0.2415,5000,0,0.95,"D",0.0014269593325068,-6.55078146107868
2012,0,0.2185,7000,0,0.83,"C",0.0634105193453107,-2.69261529731624
2012,0,0.1725,3500,0,0.3,"C",7.40913670892064e-05,-9.51013744185679
2012,0,0.1265,3000,0,0.89,"B",0.00198845999562297,-6.21840437177826
2012,0,0.3335,3000,0,0.79,"Missing",0.0194747819236848,-3.9189679709771
2012,0,0.253,24000,0,0.72,"B",0.0121559708479214,-4.39770434316723
2012,1,0.3335,2000,0,0.4,"Missing",0.880744401194541,1.99949838152307
2012,0,0.2645,5000,1,0.98,"D",0.136159437487148,-1.84756168409396
2012,1,0.276,5000,0,0.67,"D",0.411735404048515,-0.356795919944194
2012,0,0.1955,9000,0,0.9,"C",0.0483276710135351,-2.98021648785692
2012,0,0.23,3000,0,0.27,"D",0.00432828742883347,-5.43824564659338
2012,0,0.2875,7900,0,0.68,"C",0.083992340797061,-2.38929911251573
2012,1,0.3335,4750,1,1.19,"Missing",0.99430209329627,5.1619422148503
2012,0,0.253,15000,0,0.83,"D",0.0615313999296236,-2.7247017854183
2012,0,0.1725,5000,0,0.46,"C",0.00272611102056202,-5.90214938636373
2012,0,0.1265,5000,1,0,"A",0.00337618294454527,-5.68762761887098
2012,0,0.0575,2000,0,0.1,"AA",3.5987134997975e-05,-10.2323130567617
2012,0,0.23,8500,0,0.64,"C",0.0120153196793309,-4.40948471635897
2012,0,0.1955,2550,0,0.25,"C",0.00218063038755068,-6.12595826395703
2012,0,0.3335,4000,0,0.98,"Missing",0.828759224382046,1.57685906122729
2012,0,0.2875,1500,1,0.97,"Missing",0.672699803964402,0.720421393160734
2012,0,0.3335,2550,0,0.43,"Missing",0.161305191133094,-1.64854871676438
2012,0,0.1725,2500,0,0.94,"D",0.0896891555407546,-2.31743626372652
2012,0,0.253,5000,0,0.93,"D",0.0100815562166513,-4.586914922419
2012,0,0.184,4500,0,0.88,"D",5.52414547917819e-06,-12.1063764627636
2012,1,0.3335,1500,0,0.51,"Missing",0.809885740436591,1.44926791899148
2012,0,0.276,1500,0,0.99,"Missing",0.0590098504786876,-2.76922828419842
2012,0,0.3335,23800,0,0.5,"C",0.0441326182933411,-3.07542002847341
2012,0,0.3105,5000,0,0.83,"Missing",0.559235375291768,0.238059447313289
2012,1,0.23,5000,0,0.95,"Missing",0.983250459124652,4.07249303078938
2012,0,0.161,18500,0,0.45,"A",0.00014124044756695,-8.86490556764625
2012,0,0.2645,14000,0,1.04,"D",0.0356040595835943,-3.29904227225479
2012,0,0.1495,12500,0,0,"AA",0.00122648094825673,-6.70237899411778
2012,0,0.1265,3000,0,0,"B",0.00477252975081084,-5.34009481394791
2012,0,0.1955,1850,0,0.68,"D",0.139724086934748,-1.81758349653486
2012,0,0.3105,7500,0,0.73,"C",0.347169952058766,-0.631502396480788
2012,0,0.1725,5000,0,0.7,"C",0.381763948263259,-0.482067864146797
2012,0,0.1725,15000,0,0.63,"B",0.0344029702517108,-3.33460368853177
2012,1,0.322,3001,0,0.75,"Missing",0.318371126993675,-0.761267566943387
2012,0,0.1725,3000,0,0.08,"AA",9.38838658666691e-05,-9.27335812074619
2012,0,0.1955,9000,0,1,"Missing",0.912721966495969,2.34733249644816
2012,0,0.1725,5000,0,0.35,"B",1.01979629748388e-05,-11.4933123679526
2012,0,0.23,3000,0,0.39,"D",0.00443600859744945,-5.41355439450911
2012,1,0.3335,2000,0,1.23,"Missing",0.927043010516418,2.54212987967192
2012,1,0.3335,2000,0,0,"Missing",0.997348962200602,5.93014953521083
2012,0,0.3335,16000,1,0,"D",0.250517575763137,-1.0958537864928
2012,0,0.2875,9000,0,0.78,"D",0.00132885214954012,-6.62211001898866
2012,0,0.23,2000,0,0.77,"Missing",0.181750958274716,-1.5045293533657
2012,1,0.322,2500,1,1.04,"Missing",0.43974971731476,-0.242177876464964
2012,0,0.138,6000,0,0.03,"AA",3.40642397710071e-06,-12.5898440975633
2012,0,0.2185,16000,0,0,"A",0.00243622036139027,-6.01486828011011
2012,0,0.1955,15000,1,0.98,"B",0.0123256765525449,-4.38366840014544
2012,0,0.1955,7000,0,0.67,"B",0.000319691811080057,-8.04783337369144
2012,0,0.1495,7500,0,0.92,"B",0.0445565364535424,-3.06541672753882
2012,1,0.3335,2000,0,0,"Missing",0.999086255531084,6.99704543790024
2012,0,0.276,9950,0,0,"D",0.0068686599926977,-4.97389388596712
2012,0,0.23,20000,1,0.05,"AA",0.000271757011210225,-8.21033043813032
2012,0,0.1725,25000,0,0.9,"B",6.04749503183638e-06,-12.0158603684728
2012,0,0.3335,10000,0,0,"Missing",0.112295260579214,-2.06750752940818
2012,0,0.2415,25000,1,0.01,"B",0.2826334100089,-0.931436306118958
2012,0,0.276,22000,0,0.93,"D",0.190350406946296,-1.44773493218872
2012,1,0.3335,4000,0,1,"Missing",0.998976410740285,6.88341583290655
2012,0,0.2415,10000,0,0.84,"D",0.000191104145275758,-8.56250089288775
2012,1,0.3335,3500,0,0.71,"Missing",0.990569058996045,4.65428370505986
2012,0,0.3335,25000,0,0.44,"AA",0.00334670085804471,-5.69642792330402
2012,0,0.1495,6000,0,0,"B",0.00558372449254376,-5.18229988171109
2012,1,0.276,3000,0,0.97,"Missing",0.865786253199752,1.86420440284697
2012,0,0.1265,6100,0,0.76,"B",0.0619842987348291,-2.71688558119438
2012,0,0.1725,10000,0,0.64,"AA",1.88495377590551e-05,-10.8790033167216
2012,1,0.3335,5000,1,1.05,"Missing",0.999199267303301,7.12918232512248
2012,0,0.2415,4900,0,0,"D",0.00275832474564008,-5.8903696238218
2012,0,0.253,10000,0,0.65,"C",2.45062133560884e-05,-10.6165593596817
2012,1,0.276,2000,0,0,"Missing",0.795586096500657,1.35893219428756
2012,1,0.322,1200,0,0.81,"Missing",0.901094418615646,2.20944437359334
2012,0,0.207,5000,0,0,"B",0.000242405067432835,-8.32465796428437
2012,0,0.23,3000,0,0.98,"D",0.000576128496876663,-7.45860354277012
2012,0,0.1495,6001,0,0.94,"A",0.00643721303004016,-5.03920157061195
2012,0,0.2875,5000,0,0.9,"D",0.00183882285013318,-6.29678915189418
2012,0,0.0805,1325,0,0.02,"AA",2.05390170759487e-06,-13.0957672478399
2012,1,0.3335,5500,0,1.02,"Missing",0.628497298845448,0.525775595169047
2012,1,0.2875,4000,1,0.99,"Missing",0.999897742495958,9.18791411383398
2012,0,0.23,13000,0,1.01,"B",0.000256030087366877,-8.26995952874515
2012,0,0.1955,4990,0,0.9,"C",0.00223460075906748,-6.10145559695775
2012,0,0.1035,5000,0,0.54,"A",0.00027282542572024,-8.20640557090193
2012,0,0.3335,1000,1,1,"Missing",0.364811368635501,-0.5545415903095
2012,1,0.3105,6000,0,0.85,"Missing",0.945612726177552,2.85570291546386
2012,0,0.1495,10000,0,0.15,"A",0.017944397625505,-4.00236997209604
2012,0,0.138,11000,0,0.7,"A",0.000161871879207699,-8.72854351974024
2012,0,0.2875,3001,0,1.02,"D",0.0649540613665399,-2.66691538848573
2012,0,0.207,2500,0,0.82,"D",0.000902661236301097,-7.00926015965262
2012,1,0.322,2250,0,0.57,"Missing",0.966495668963113,3.36200210232509
2012,0,0.23,7500,1,0.62,"C",0.00135428288313809,-6.60312800152956
2012,1,0.3335,2501,0,1.07,"Missing",0.94053063736316,2.76098295755112
2012,0,0.2415,1000,0,0.42,"D",0.0080264951172521,-4.81694843903189
2012,0,0.1265,3000,0,0.26,"A",0.00166843867755423,-6.39419718141593
2012,0,0.1725,15500,0,0.98,"B",0.000191632847736812,-8.55973761678245
2012,0,0.1265,3000,0,0.32,"AA",0.0036018525909177,-5.62269860241723
2012,0,0.1955,15000,0,0.65,"B",0.0135069661100852,-4.2909507034858
2012,0,0.2645,7100,0,0.27,"A",0.0137463940061819,-4.2731369927988
2012,0,0.2645,5000,0,0,"D",0.0591472008068324,-2.76675743149405
2012,0,0.1035,4500,0,0.07,"AA",0.000887593721957122,-7.02610845211851
2012,0,0.23,7500,0,0,"D",0.00867919860537122,-4.73810899893397
2012,0,0.2875,4000,0,0.46,"C",0.123572382950664,-1.95902703800093
2012,0,0.1725,5000,0,0.74,"C",0.0225161220075348,-3.77075021233027
2012,0,0.3335,2501,1,0,"Missing",0.906279404007964,2.26902967854169
2012,0,0.276,3000,0,0.92,"Missing",0.15310964165356,-1.71041696235711
2012,0,0.161,4500,1,0.76,"B",0.000669726051267107,-7.30797185748082
2012,0,0.2185,3000,0,0.97,"C",0.0327639642243766,-3.38511329670497
2012,0,0.2185,16000,0,0.99,"C",0.289607205387899,-0.897292508221946
2012,0,0.1725,3010,0,0.34,"AA",0.0225885980587301,-3.76746238205722
2012,0,0.322,12000,0,0.83,"D",0.183208401939691,-1.49475966708294
2012,1,0.2645,3000,0,0.86,"Missing",0.99539453343515,5.37589519299287
2012,0,0.1035,1500,0,0.03,"AA",0.00179712186037562,-6.31977012162803
2012,0,0.3105,2400,0,0,"Missing",0.139047672153422,-1.82322229507599
2012,0,0.1495,19000,0,0.08,"AA",0.00154933246543775,-6.46838057435225
2012,0,0.2645,7500,0,0.89,"D",0.0834483929864168,-2.39638998177321
2012,0,0.2645,6001,0,0.42,"C",0.0191005894345057,-3.93875072163643
2012,1,0.3335,5000,0,0.72,"Missing",0.889671467352011,2.08738968175229
2012,1,0.299,6000,1,0,"Missing",0.356838358943258,-0.589113175249524
2012,0,0.23,8000,0,0.79,"C",0.000555662114261366,-7.49479434005449
2012,0,0.207,8000,0,0.33,"C",0.0135387407294486,-4.28856879437961
2012,0,0.23,3000,1,0,"D",0.020554471972509,-3.86390809231758
2012,0,0.2875,3000,0,0.73,"D",0.0309335482861792,-3.44449188715291
2012,0,0.3335,2550,1,1.51,"D",0.0822727776248321,-2.41185992016658
2012,0,0.1725,10000,0,0.64,"AA",2.12715490785896e-05,-10.7581188303579
2012,0,0.3335,3100,0,1,"Missing",0.0152375201974302,-4.16863965452291
2012,0,0.23,3500,0,1,"D",0.149510023019273,-1.73844919272077
2012,0,0.2185,3900,1,0,"C",9.1493313756341e-06,-11.6018206056748
2012,1,0.3105,2000,1,0,"Missing",0.913583108420243,2.35819118860183
2012,0,0.115,7000,0,0.07,"AA",5.78625841994113e-06,-12.0600189031631
2012,0,0.115,2000,0,0,"AA",4.56674819812757e-05,-9.99407839883428
2012,1,0.2875,2500,0,1.01,"D",0.877046945215969,1.96475790616622
2012,1,0.1955,3500,0,0.96,"Missing",0.987072357545942,4.33537550264326
2012,0,0.3335,10000,0,0.93,"D",0.0542489254288204,-2.85839621526238
2012,0,0.322,8000,0,0.92,"D",0.0376334277768072,-3.24150273823673
2012,0,0.207,3500,0,0.01,"C",0.00181354887241788,-6.31065445503724
2012,0,0.2645,10000,0,0.44,"C",0.120875658979225,-1.98416393954268
2012,0,0.115,2500,1,0,"B",0.0014362644612197,-6.54427236323997
2012,0,0.2645,3000,1,0.7,"D",0.000355697374114754,-7.94107450069088
2012,0,0.1035,5000,0,0.17,"AA",0.0952283818679889,-2.25140452996647
2012,1,0.3335,3000,0,0,"Missing",0.739030618564598,1.04093626458531
2012,0,0.23,5000,1,0,"C",0.0431733135348367,-3.09839971206031
2012,0,0.115,3000,0,0.16,"AA",2.33852483588002e-05,-10.6633817608891
2012,0,0.23,5000,1,0.72,"A",0.00427843453927113,-5.44988048491819
2012,0,0.23,10000,0,0.79,"C",0.0163230667232485,-4.09871827945632
2012,0,0.1035,3000,0,0.13,"A",0.00470761399310159,-5.3538553528088
2012,0,0.161,5000,0,0,"B",7.28003337552112e-06,-11.8303678311567
2012,0,0.2415,10000,0,1.01,"D",0.0674862994459999,-2.62595923758647
2012,0,0.207,17000,0,0.23,"B",8.55131181587128e-05,-9.36675524825906
2012,0,0.2875,9000,0,0.56,"B",0.00721725871997195,-4.92403664772107
2012,0,0.0805,1000,1,0.34,"AA",8.98442674181297e-05,-9.31734290015673
2012,0,0.069,9600,1,0.16,"C",0.0357313128651646,-3.29534256145177
2012,0,0.253,3200,0,0,"D",0.00483630238102462,-5.3267567859553
2012,0,0.276,4500,1,0.71,"D",0.000740510548995152,-7.2074298937222
2012,0,0.3335,12500,0,0.96,"D",0.0755947195325061,-2.50376415741029
2012,0,0.138,11000,0,0.7,"A",0.000980535556251153,-6.92643063300245
2012,0,0.3105,2550,0,0.98,"Missing",0.21407251953609,-1.30054969017869
2012,0,0.161,4575,0,0.6,"C",0.000520529979735312,-7.56014240811096
2012,1,0.3335,3500,0,0.88,"Missing",0.451250056528653,-0.195621226457549
2012,0,0.0805,2550,0,0.44,"AA",2.41312759035472e-05,-10.6319776719233
2012,0,0.1955,3800,0,1.1,"D",0.156958715296539,-1.68103311948001
2012,0,0.1035,2550,0,0.58,"AA",0.0308405467638879,-3.44759887518889
2012,0,0.1955,25000,0,0.06,"AA",0.000338049532714569,-7.991980020041
2012,0,0.2415,7000,0,0.52,"C",0.0249183272399848,-3.66691766795794
2012,0,0.3335,5100,0,0.66,"Missing",0.0475963776026615,-2.99623226048947
2012,0,0.276,4000,0,0.92,"D",0.0013952994724267,-6.57324993736445
2012,0,0.23,2700,1,0.8,"D",0.00447667733952896,-5.40438744534326
2012,1,0.23,1000,0,1.07,"Missing",0.404143029343431,-0.388231807810644
2012,0,0.2185,21200,1,0.47,"B",0.000147660360199702,-8.8204481136874
2012,0,0.161,11500,1,0.36,"A",0.00601580757403728,-5.10733070310074
2012,1,0.3335,5000,1,0.7,"C",0.422548615512675,-0.312319749666657
2012,0,0.23,5200,1,0.77,"D",0.0257229537108972,-3.63431197118154
2012,0,0.3335,6000,1,0,"D",0.0254655900208649,-3.64463169877533
2012,0,0.0805,3000,1,0.01,"AA",0.000681134982901362,-7.29106869161826
2012,0,0.161,15000,0,0.59,"AA",0.0356453297265588,-3.29784100735173
2012,1,0.322,1000,0,0,"Missing",0.999209510619403,7.14206753320216
2012,0,0.1955,10000,0,0.62,"B",9.5325254752626e-06,-11.5607913401834
2012,0,0.207,2800,0,0.99,"C",0.0147301951344336,-4.2030160394312
2012,0,0.115,7500,1,1.02,"D",0.0810871760558032,-2.42766643462976
2012,0,0.1725,20000,1,0.72,"B",0.205584508041303,-1.351749433251
2012,0,0.1725,12000,0,0.33,"B",0.0395586585538336,-3.18960831246648
2012,0,0.2645,5000,1,0.98,"D",0.000194236668069097,-8.54623894838632
2012,0,0.1725,9500,0,0.39,"B",0.00108171605854126,-6.82812425425109
2012,0,0.2645,8000,1,0.74,"D",0.180421567574993,-1.51349394659372
2012,0,0.1955,7100,0,0.95,"D",0.00121017740671284,-6.71577740273997
2012,0,0.322,3500,0,0,"Missing",0.102735032353713,-2.16719803933661
2012,0,0.161,7500,1,0.54,"B",0.0308578668215071,-3.4470195612393
2012,0,0.276,1750,1,0.91,"Missing",0.904937517400014,2.25333151278763
2012,0,0.1265,4000,0,0,"B",0.000226268148304241,-8.39356347135096
2012,0,0.1725,2890,1,0,"D",0.000344098598502886,-7.97423816029065
2012,0,0.1955,10000,0,0.79,"A",0.0953779232832036,-2.2496701221463
2012,1,0.23,4600,0,0.91,"Missing",0.12881551613959,-1.91147248804558
2012,0,0.1955,7000,0,0.67,"B",0.154316336741666,-1.70114073893231
2012,0,0.1725,12000,0,0.43,"A",0.00849093661552436,-4.76022877491354
2012,0,0.184,5200,0,0.86,"C",0.000755487991248805,-7.18739089796585
2012,0,0.184,5300,0,0.92,"C",0.00758778289661101,-4.87359912215416
2012,0,0.092,1000,0,0.31,"AA",0.00183307366557228,-6.29992636660278
2012,0,0.23,5500,1,0.47,"D",0.0104816615600766,-4.54759108577302
2012,0,0.1495,21000,0,0.24,"A",0.00348160258540136,-5.65677490068498
2012,0,0.138,5250,1,0.39,"B",7.07658675770688e-05,-9.5560630015079
2012,0,0.23,3000,1,0,"D",0.315556125245325,-0.774270087679746
2012,0,0.1725,5000,1,0.42,"B",8.87317113292615e-05,-9.32980448472522
2012,0,0.1725,14000,1,0.25,"A",0.0297922718901181,-3.48326117392813
2012,0,0.138,5250,1,0.39,"B",7.12722008246127e-05,-9.54893292208807
2012,0,0.253,24000,0,0.72,"B",1.01150723837831e-05,-11.5014738161633
2012,0,0.2875,10000,1,0.71,"D",0.00130533650396293,-6.63998822480637
2012,1,0.3335,2501,1,0,"Missing",0.981957926997275,3.99684204374642
2012,0,0.276,3500,0,1,"Missing",0.838467007024437,1.64686582020513
2012,0,0.276,5250,0,0.57,"Missing",0.000623361481999558,-7.37976042366275
2012,0,0.1725,4000,0,1,"D",0.0589846864868678,-2.76968155396551
2012,1,0.2415,4500,0,0,"D",0.212658463244371,-1.30897470743758
2012,0,0.1725,2600,0,0.68,"C",0.00182860712469035,-6.30237045491971
2012,0,0.115,2000,0,0,"AA",1.19473107097686e-06,-13.6375882483831
2012,0,0.207,8000,0,0.23,"C",0.0453944977077674,-3.04590726669363
2012,1,0.3335,3000,0,1.02,"Missing",0.989241938664782,4.5212835661025
2012,0,0.1265,20000,1,0.87,"AA",0.00237936158632395,-6.0385408715569
2012,0,0.2185,19250,0,0.88,"B",0.00153573432991204,-6.4772097067346
2012,0,0.161,2400,0,0.94,"B",0.0110862655214368,-4.49090010105249
2012,0,0.2185,7500,0,0.8,"D",0.00747080702653514,-4.88925339671402
2012,0,0.299,5000,0,0,"Missing",0.167651127048206,-1.60236647586809
2012,0,0.138,17500,0,0.13,"AA",1.47359175062973e-05,-11.1252079405478
2012,0,0.1495,7500,0,0.92,"B",0.00381384725015004,-5.56529568387307
2012,0,0.1265,1000,0,0.03,"AA",0.000204488159533696,-8.49479597467831
2012,0,0.276,4000,0,0.63,"D",0.00107477843671214,-6.83456538760396
2012,0,0.2875,7000,0,0.96,"D",0.0385510886697305,-3.21645708920474
2012,0,0.161,7500,1,0.54,"B",0.00121834340302044,-6.70904412316289
2012,1,0.138,25000,0,0.01,"AA",0.343274503440405,-0.648735689049618
2012,1,0.253,6500,1,0.97,"Missing",0.919441469113453,2.43478237491456
2012,0,0.1495,2550,0,0.27,"A",0.00998779795718756,-4.59635312469103
2012,0,0.138,12000,1,0,"AA",0.000466390580454142,-7.67002062003943
2012,0,0.1035,4800,0,0.12,"AA",5.02141918277909e-05,-9.89916265003484
2012,1,0.322,2550,0,0.74,"Missing",0.898077681936314,2.17604563453965
2012,1,0.3335,3500,0,0,"Missing",0.963656956420484,3.27773256460675
2012,0,0.1265,3000,0,0.89,"B",8.69776617382262e-05,-9.34977225246367
2012,0,0.1725,25000,0,0.16,"AA",0.00223807407413053,-6.09989898897475
2012,0,0.1955,7100,0,0.95,"D",0.20735478455659,-1.34094446490734
2012,0,0.2185,16000,0,0,"A",0.243281246573323,-1.13477348918282
2012,0,0.115,5000,0,1.13,"A",0.0352643226558276,-3.30898239111956
2012,0,0.276,6000,0,0.52,"D",0.509338237470865,0.0373572938290279
2012,0,0.3335,5000,0,0.97,"Missing",0.358451122564048,-0.582093061559664
2012,0,0.23,5000,1,0.43,"D",0.0382084213980146,-3.22574182617168
2012,0,0.23,7500,1,0.52,"D",0.101247418105466,-2.1834405763242
2012,0,0.115,5000,0,0,"A",0.000376097348688497,-7.88528637390731
2012,0,0.1955,8000,0,0.8,"C",0.0261463341060276,-3.61755205846626
2012,1,0.299,4000,0,0.99,"Missing",0.971600630758603,3.532577911213
2012,1,0.2415,7500,0,0.68,"C",0.0629594090068441,-2.70023638420211
2012,0,0.207,9800,1,0.72,"C",0.00629356807694302,-5.06191365120213
2012,0,0.115,4000,0,0.51,"AA",0.00060236125808937,-7.41405065339686
2012,1,0.0805,1000,1,0.08,"AA",0.277313960765341,-0.957824583887476
2012,0,0.3335,5500,0,0.72,"D",0.000139543754769052,-8.87699279813173
2012,0,0.1725,1500,0,0.77,"C",0.0514279180196726,-2.91477660510851
2012,0,0.1955,4000,1,0.76,"D",0.00169532397186846,-6.37818465990796
2012,0,0.1725,1200,0,0.49,"C",0.000889311159218413,-7.0241736664893
2012,0,0.1725,3800,0,0.2,"B",0.00605647006645064,-5.10055326103233
2012,0,0.2185,3000,0,0,"D",0.00547948425912579,-5.20124974404995
2012,1,0.3335,3000,0,0.61,"Missing",0.945097645214191,2.8457320105557
2012,0,0.23,9000,0,0.88,"D",0.000105463107993217,-9.15704388480147
2012,1,0.1955,1000,1,0.59,"D",0.0342054966394724,-3.34056473053513
2012,0,0.1035,5000,0,0,"AA",0.00312016881754214,-5.76674312374452
2012,1,0.3335,2500,0,1.21,"Missing",0.708675001889471,0.888957556029459
2012,0,0.1725,2000,0,0.62,"C",1.87242963429842e-05,-10.8856698832742
2012,0,0.2645,8000,0,0,"D",0.104919528629994,-2.14371996405082
2012,0,0.3335,3000,0,0.91,"Missing",0.060681439369583,-2.73951680201378
2012,1,0.23,2500,0,0,"Missing",0.999621754105566,7.87958774201509
2012,0,0.1955,4000,1,0.31,"D",0.00102364061312768,-6.88336561281852
2012,1,0.322,12000,0,0,"Missing",0.962992605119543,3.25892797845654
2012,0,0.1495,15000,0,0.45,"A",0.533604017461022,0.134619002316018
2012,1,0.3335,4000,1,0,"Missing",0.9837504240072,4.10330541505812
2012,0,0.23,2000,1,0.78,"D",0.0261409895492688,-3.61776197680594
2012,0,0.138,25000,1,0,"AA",0.00516022838088525,-5.26160085226716
2012,0,0.184,3500,0,0.53,"B",5.49002225143536e-06,-12.112572759329
2012,1,0.3335,6500,0,0.89,"Missing",0.747233663821057,1.08391244963698
2012,0,0.207,4500,1,0.71,"C",0.113897693052146,-2.0515317984381
2012,0,0.115,4000,0,0.88,"A",0.0287235495466441,-3.52089380672485
2012,1,0.3335,7500,1,0.09,"D",0.11402926619424,-2.05022878178817
2012,0,0.23,9999,0,0.9,"D",0.000111090950313106,-9.10505022284257
2012,0,0.23,2000,0,0,"D",0.0294580066535199,-3.49488892554676
2012,0,0.1265,4000,0,0.11,"AA",0.00118986487892609,-6.73272495209642
2012,0,0.2645,6001,0,0.42,"C",0.00201024461427889,-6.20748659780169
2012,0,0.1955,20000,0,0.56,"B",0.000457988769121115,-7.68820780204235
2012,0,0.184,6500,0,0.67,"C",0.13326522851237,-1.87239167295279
2012,1,0.1725,2550,0,0.98,"Missing",0.998375033686683,6.42064190567884
2012,1,0.1725,10500,0,0.84,"C",0.978575934793002,3.82158355450158
2012,1,0.3335,4000,1,0.92,"Missing",0.97766924456512,3.77920652132101
2012,0,0.1265,10000,0,0.17,"AA",0.00457618024206995,-5.38230395410729
2012,0,0.161,3000,0,0.95,"C",0.00166635676174154,-6.3954478687823
2012,0,0.2185,6001,0,0.52,"C",0.000549359849318795,-7.50620735713416
2012,0,0.3335,1500,1,0.91,"Missing",0.230420915959489,-1.20593601550458
2012,0,0.115,1000,0,0.24,"AA",1.90044136236943e-05,-10.8708203051962
2012,0,0.276,7500,0,0,"C",0.868616245581578,1.88877895926104
2012,0,0.1495,8500,0,0.21,"AA",0.000764113785428006,-7.17602944021184
2012,0,0.1265,2500,1,0,"B",0.000148623122113379,-8.8139482039311
2012,0,0.1265,10500,0,0.16,"AA",0.000794279445302911,-7.137280617358
2012,0,0.1955,4000,1,0,"C",0.0675773398366899,-2.62451349257851
2012,0,0.23,15000,0,0.61,"B",0.0022812526635921,-6.0807467143476
2012,0,0.161,2000,0,0,"C",0.21814820693677,-1.27649051951582
2012,1,0.299,2000,1,0,"Missing",0.999175791537762,7.10026252358889
2012,0,0.1955,8000,0,0.8,"C",0.000447233161855764,-7.71198315125418
2012,0,0.1725,25000,0,0.31,"B",0.0165778316100104,-4.08297213964006
2012,0,0.2185,6200,0,0,"C",0.000151775703742891,-8.79295497298463
2012,0,0.1265,10121,0,0,"AA",0.000497967635245543,-7.604477380856
2012,1,0.3335,6000,0,0.59,"Missing",0.999265953360308,7.21620367336964
2012,0,0.23,20000,1,0.05,"AA",0.00367807966768788,-5.60167963199969
2012,0,0.2185,6001,1,0.24,"D",0.0111326901740119,-4.4866743157771
2012,0,0.138,5000,0,0.1,"AA",3.70176805269313e-05,-10.2040778890101
2012,0,0.2185,25000,0,0.85,"A",8.09091358092733e-05,-9.42210290068141
2012,1,0.2415,3000,0,0.04,"C",0.280553011095927,-0.941720150954847
2012,0,0.207,5000,0,0.5,"D",0.00515884110492584,-5.26187112291319
2012,1,0.23,1100,0,0,"Missing",0.313040204579944,-0.785944137130973
2012,0,0.276,3000,0,0.91,"Missing",0.224151530809963,-1.24163492947498
2012,0,0.138,13000,0,0.36,"AA",0.0195401679431717,-3.91554943658395
2012,1,0.299,1500,0,0,"Missing",0.690204534399575,0.801075688994331
2012,0,0.3105,1800,1,0.1,"Missing",0.136723274812102,-1.84277630338243
2012,0,0.2185,12500,0,0.88,"C",0.0344416949399664,-3.33343859587395
2012,0,0.1725,10200,0,0,"C",0.000365341817644163,-7.91431174734431
2012,0,0.161,10000,0,0.44,"A",0.00921995956278327,-4.67712190077285
2012,0,0.1725,9999,0,0.31,"B",0.00069314010944887,-7.2735850206306
2012,0,0.2875,25000,0,0.73,"A",0.0129672393091078,-4.33227710743471
2012,0,0.2875,15000,0,0,"C",0.00210385290065156,-6.16187883158168
2012,1,0.1955,1675,0,0.95,"Missing",0.999634029682289,7.91259228970102
2012,0,0.115,5000,0,0,"AA",0.00169736525503602,-6.37697927274705
2012,0,0.207,10000,0,0.27,"C",0.00200745138215079,-6.20887986153
2012,0,0.276,10000,0,0,"C",0.0199498850692927,-3.89438032565996
2012,1,0.3335,5000,1,0,"Missing",0.994399398693292,5.17926496732876
2012,0,0.138,20000,0,0,"AA",0.0046569251113747,-5.36473209361416
2012,0,0.1725,12000,0,0.43,"A",5.6459477243445e-07,-14.3871570154583
2012,1,0.2645,4000,0,1.01,"Missing",0.294437799122995,-0.873927160698875
2012,0,0.23,12000,0,0.66,"C",0.000153162276403385,-8.78385939454811
2012,0,0.1495,25000,0,0.1,"AA",2.61345178280792e-05,-10.5522274603898
2012,0,0.3335,3500,0,1.01,"Missing",0.599814028735399,0.404690287839523
2012,1,0.2645,10000,0,0,"D",0.168906972595199,-1.59339362957656
2012,0,0.1035,1400,1,0.9,"D",0.000850109098251639,-7.06929539518599
2012,0,0.115,7500,0,0.2,"AA",0.00299676695287845,-5.80721998755496
2012,0,0.138,12000,1,0,"AA",0.000566015657758303,-7.47632264035471
2012,0,0.1035,5000,0,0,"AA",3.92695589375437e-05,-10.1450216506444
2012,0,0.322,4500,0,0.47,"Missing",0.0280509936670565,-3.54527928427204
2012,1,0.1955,1700,0,0.8,"Missing",0.990206481172285,4.61619266544098
2012,1,0.3335,6700,0,0.39,"Missing",0.999952184444938,9.94811173500146
2012,0,0.1725,5500,0,0.28,"C",5.3160109922276e-05,-9.84214909483549
2012,0,0.299,2550,0,0.88,"Missing",0.0302139078741521,-3.46877317959131
2012,0,0.1265,1000,0,0.01,"AA",0.000124831986752612,-8.98841699098285
2012,0,0.2875,14000,0,0.8,"D",0.0119769186862798,-4.41272470434213
2012,0,0.253,2500,1,1,"Missing",0.925616265370297,2.52122245114103
2012,0,0.207,10000,0,0.96,"C",0.000222324996515856,-8.41114794863559
2012,0,0.1725,25000,0,0.01,"A",9.18033463084659e-05,-9.29577000127976
2012,0,0.1035,3001,0,0.21,"AA",0.00453175810950755,-5.39210325348212
2012,0,0.1725,12000,0,0.61,"B",1.06387493766556e-05,-11.4509969819412
2012,0,0.3105,7000,0,0,"D",0.259639022090754,-1.0478455854903
2012,0,0.1495,25000,1,0.11,"AA",0.0228533539594434,-3.75553885091691
2012,0,0.1265,5000,0,0.12,"A",0.00171826183112139,-6.36472232268548
2012,0,0.2645,15900,0,0.74,"D",0.0469285580603351,-3.01106346214781
2012,0,0.115,4500,0,0.15,"AA",0.000838784224231511,-7.08271793045751
2012,0,0.1495,4000,0,0.01,"A",3.08208136477266e-05,-10.387289507141
2012,0,0.1955,5000,0,0.97,"D",0.00710883457308625,-4.93928273964433
2012,0,0.1725,20000,0,0.37,"A",2.45295997140695e-05,-10.6156054881462
2012,0,0.2185,15000,1,0.94,"B",0.00167485649861518,-6.39035152920495
2012,1,0.23,1800,0,0.61,"Missing",0.273439543909515,-0.977241143695966
2012,0,0.2645,25000,0,0,"B",0.0456071397150369,-3.04101111295203
2012,0,0.092,3001,0,0.32,"AA",0.000477844366838944,-7.64574751230583
2012,1,0.322,4000,0,0,"Missing",0.914935290528742,2.37544108728626
2012,0,0.2645,6001,0,0.24,"D",0.0668888722242495,-2.6354916829337
2012,1,0.3335,5000,1,1.05,"Missing",0.840709027791546,1.66351307283126
2012,0,0.207,1000,1,0,"C",0.00434224951881819,-5.43501103837942
2012,0,0.23,20000,1,0.05,"AA",0.000280417053866258,-8.1789521284954
2012,1,0.23,6000,1,0.25,"C",0.433725616371047,-0.266666623644866
2012,0,0.184,5000,0,0.94,"B",0.000310199686423646,-8.07798407029849
2012,0,0.1035,1025,1,0.76,"D",0.0158424600800388,-4.12909230337156
2012,0,0.1495,10000,0,0.15,"A",0.000573609928110284,-7.46298718590243
2012,0,0.161,14500,0,0.48,"A",0.00276315034375101,-5.88861684640198
2012,0,0.23,9500,0,0.72,"D",7.63230674445793e-05,-9.48045901376782
2012,0,0.1725,5000,0,5.95,"B",0.0761822122847988,-2.49538685189308
2012,0,0.1725,5000,0,0.46,"C",0.00169676691656934,-6.37733244439073
2012,1,0.23,2600,0,0,"Missing",0.787778919809947,1.31158892949057
2012,0,0.161,7500,0,0.14,"A",0.085932900591208,-2.36433721564405
2012,0,0.1265,2700,1,0.12,"AA",1.04118657106657e-05,-11.4725540565494
2012,0,0.2185,4700,0,0.74,"D",0.00240543720103067,-6.02761526866271
2012,0,0.1725,10200,0,0,"C",0.0341080366209104,-3.34351895425164
2012,0,0.23,12000,0,0.34,"C",0.000510215229185564,-7.58016755782628
2012,1,0.0805,2000,1,0.81,"Missing",0.98036418801121,3.91056908172273
2012,0,0.0805,1000,0,0,"AA",3.78080418145102e-05,-10.1829509227939
2012,0,0.0805,2550,1,0.63,"Missing",0.333562188824091,-0.692117507495295
2012,1,0.299,1000,1,0,"Missing",0.993743371437935,5.06783752402341
2012,0,0.23,8000,0,0.79,"C",0.000724171179824064,-7.22975832378568
2012,0,0.115,10000,0,0.15,"AA",0.000421347427108827,-7.77163138584964
2012,0,0.1035,3030,0,0.04,"AA",0.000242994320342483,-8.32222946412484
2012,0,0.276,2800,0,0,"Missing",0.475505209343349,-0.0980576583372541
2012,0,0.1035,4500,0,0.07,"AA",1.4977997235375e-06,-13.4115118799094
2012,1,0.3335,16900,0,0.04,"D",0.671454715271867,0.714771894046254
2012,0,0.138,4700,0,0.09,"B",3.4063319944005e-05,-10.2872553501798
2012,1,0.3335,5000,0,1.08,"Missing",0.930040207522801,2.58730713526871
2012,1,0.3105,7500,0,0.94,"Missing",0.998244937316472,6.34349410098173
2012,0,0.161,5000,0,0.34,"B",0.000149326825537115,-8.80922385618362
2012,0,0.115,5000,0,0,"AA",9.69801890142172e-05,-9.24090685239504
2012,0,0.2645,3500,1,0.96,"C",0.072714762564946,-2.54571679239318
2012,0,0.184,3500,1,0,"C",0.00157617065423165,-6.45117959614876
2012,0,0.253,15000,0,0.94,"C",2.88646344057346e-05,-10.4528645701402
2012,1,0.3335,1500,0,0.51,"Missing",0.999109269322186,7.02257731814105
2012,1,0.2185,25000,0,0.72,"A",0.945955346053722,2.86238473525346
2012,1,0.276,3000,0,0,"Missing",0.769736087509169,1.20682161588022
2012,0,0.1495,2500,0,0.57,"A",0.000506356975380924,-7.58776216725443
2012,0,0.253,6001,1,0.22,"C",0.395266205291584,-0.425228877097858
2012,1,0.1955,3000,0,0,"Missing",0.951222273846197,2.97047398428936
2012,0,0.2415,5000,0,0.95,"D",0.0284936723421841,-3.52916574254019
2012,0,0.115,3000,0,0.36,"A",0.00983112049282403,-4.61232259921588
2012,0,0.161,7500,1,0.54,"B",0.000282122359968546,-8.17288751837215
2012,0,0.184,8000,0,0.9,"B",0.000273453381180216,-8.20410591257774
2012,0,0.1725,10000,0,0.16,"A",9.08555734630466e-06,-11.6088154244295
2012,1,0.3335,4000,0,1,"Missing",0.998336520422663,6.39717887480947
2012,0,0.23,8500,0,0.64,"C",0.000508703053077811,-7.5831372719416
2012,1,0.3335,1300,0,0.55,"Missing",0.907711754871646,2.2860100992786
2012,0,0.1495,10800,1,0.68,"A",0.00196988778137129,-6.22780687106355
2012,0,0.1725,5000,0,0.53,"A",0.0226407129659226,-3.76510458534734
2012,0,0.1955,9500,0,0.37,"C",0.0170897481104659,-4.05203905774747
2012,0,0.3335,15000,0,0,"AA",0.540050088101551,0.160544294623169
2012,1,0.3335,7000,1,0,"Missing",0.979693589900318,3.87630325474759
2012,0,0.1495,21000,0,0.24,"A",0.0661401754236692,-2.6475499863538
2012,0,0.1725,25000,0,0.9,"B",0.00121391433085514,-6.7126905047778
2012,1,0.3335,3300,0,0.91,"Missing",0.888703213989271,2.07756295619263
2012,0,0.276,5000,0,0.9,"C",0.211031759491613,-1.3187174261278
2012,0,0.207,9999,0,0.92,"D",0.0426668628130968,-3.11072886418875
2012,1,0.3335,5000,0,0.77,"Missing",0.984510138356152,4.15195847357792
2012,0,0.1725,9000,0,0.97,"C",0.110713758558985,-2.08347104617851
2012,0,0.115,3600,1,0.28,"A",3.67454586755107e-05,-10.2114591672629
2012,0,0.299,9500,0,0.86,"D",0.00402778228557174,-5.51050344019427
2012,0,0.322,9000,0,0.7,"D",0.000177403282870488,-8.63690756376871
2012,0,0.2645,3000,1,0.7,"D",0.0352638106925697,-3.30899743978354
2012,0,0.1725,5000,0,0.17,"B",0.0101432658985426,-4.58075019259757
2012,0,0.2875,10000,0,0.93,"B",9.23866310364339e-05,-9.28943588463856
2012,0,0.1265,4000,0,0.11,"AA",8.6957861215011e-06,-11.6526633076675
2012,0,0.1495,25000,0,0.11,"AA",0.00374549885537936,-5.5834479343748
2012,0,0.2185,15000,1,0.94,"B",0.000170441558705556,-8.67694762810254
2012,0,0.161,2500,0,0,"C",0.000282363362417854,-8.17203339400792
2012,1,0.3335,3500,1,0,"Missing",0.9985008838139,6.50137931280728
2012,1,0.3335,5900,0,0.88,"Missing",0.0738579002499106,-2.52888469809184
2012,0,0.3105,3200,0,0.98,"Missing",0.305182027525027,-0.82274149100871
2012,0,0.2185,16000,0,0.99,"C",0.000158941827310873,-8.74681333419878
2012,1,0.1955,2550,0,0.25,"C",0.752421744036787,1.11157027883718
2012,0,0.3335,5000,0,0.93,"Missing",0.332603761827747,-0.696432052699051
2012,1,0.3335,7400,0,0,"Missing",0.739709187663696,1.04445760437771
2012,0,0.0805,2550,1,0,"A",0.000543212326594122,-7.51746692950563
2012,1,0.23,4100,1,0.8,"D",0.674294689896644,0.727674224909831
2012,0,0.2875,5000,0,1,"Missing",0.000185798732424462,-8.59066073787067
2012,0,0.2645,4900,0,1,"D",0.041761629977193,-3.13311859266972
2012,0,0.2185,5000,0,0.97,"Missing",0.614654770702881,0.466921129774867
2012,0,0.1265,23500,0,0.02,"AA",0.000847053368916789,-7.07289944362903
2012,0,0.2875,10000,0,0.93,"B",9.01985248805054e-06,-11.616073558005
2012,1,0.3335,3000,1,0.8,"Missing",0.908418145817431,2.29447163200008
2012,0,0.253,15000,0,0.95,"C",0.378858114801282,-0.494397766706528
2012,0,0.322,10500,0,0.94,"C",0.106914730416768,-2.12265045820737
2012,1,0.2875,1500,1,0,"Missing",0.153865643610803,-1.70459838316838
2012,0,0.2875,15000,1,1.04,"D",0.000690960844587523,-7.2767362009857
2012,1,0.276,4000,0,1,"Missing",0.999626598148584,7.89248189702107
2012,0,0.207,14000,0,0.91,"C",0.000173671545744068,-8.65817102414968
2012,1,0.23,3000,1,1.03,"Missing",0.859844507583636,1.81399910136548
2012,0,0.092,5000,0,0.13,"AA",7.6630526842081e-06,-11.7790924677763
2012,1,0.2645,6001,1,0.52,"D",0.523900097854563,0.0956733025283345
2012,0,0.1725,10000,0,0.59,"B",0.000593698593658706,-7.42854491056228
2012,0,0.23,6001,0,0.77,"C",0.51587504752345,0.0635215405234497
2012,0,0.115,1500,1,0.79,"A",0.532678769284359,0.130901676802885
2012,0,0.276,1000,0,0,"Missing",0.717603461029627,0.932604884022075
2012,0,0.3335,5500,0,1.02,"Missing",0.946742818030269,2.87789481266711
2012,0,0.322,3200,0,0.93,"D",0.0643933966342983,-2.67618400146064
2012,0,0.23,25000,0,0,"B",0.0043984949495435,-5.42208465670677
2012,0,0.207,25000,0,0.6,"A",0.000441244510790681,-7.72547004804078
2012,1,0.3335,1200,1,1,"Missing",0.980807277937127,3.93384483761611
2012,0,0.3335,20000,0,0.89,"C",0.00343990350006375,-5.66886602672609
2012,0,0.1265,5000,1,0,"A",0.032056564366632,-3.40767167247995
2012,0,0.1725,14000,0,0.69,"B",4.22074360647194e-05,-10.0728719340542
2012,0,0.092,1668,0,0.05,"AA",0.0014493698295603,-6.53517599613698
2012,0,0.276,4500,0,0.6,"D",0.28549697317029,-0.917355806467167
2012,0,0.161,1500,0,0.04,"AA",0.00202677688137225,-6.19927965732171
2012,1,0.2875,16000,1,0.67,"D",0.189149475232407,-1.45554615061832
2012,0,0.1725,2000,0,0.02,"B",0.000395025579746982,-7.83616493268389
2012,0,0.1725,5000,0,0.7,"C",7.74809519688763e-05,-9.46540094890707
2012,1,0.3335,6700,0,0.39,"Missing",0.999940866887347,9.7356603738053
2012,1,0.2875,4000,0,0.46,"C",0.824148224622107,1.54470894313442
2012,0,0.322,6215,1,0.91,"Missing",0.990989465264695,4.70030948491487
2012,0,0.276,1000,1,0.98,"Missing",0.778371779880772,1.25620298233377
2012,0,0.23,3500,0,0.8,"D",0.000603895793489415,-7.41150482403742
2012,0,0.276,4800,1,0,"C",0.147538958128845,-1.75403524561561
2012,0,0.1955,1000,0,0.35,"D",0.000264285058336362,-8.23821795093303
2012,0,0.092,2500,0,0.06,"AA",0.00143229259383762,-6.54704558670429
2012,1,0.2875,9000,0,0.86,"Missing",0.465502716833625,-0.138208714430702
2012,0,0.23,3500,0,0,"Missing",0.0604660894645114,-2.74330120926247
2012,1,0.3335,6000,0,0.92,"Missing",0.988597225573946,4.46243029795258
2012,1,0.3335,2550,0,1.7,"Missing",0.998126829045066,6.27824765882854
2012,0,0.161,2000,0,0.98,"B",0.00089450091737251,-7.01834972822381
2012,1,0.3335,6000,1,0.77,"Missing",0.610696011594642,0.45023880969985
2012,0,0.184,25000,0,0.63,"A",1.23219236663136e-06,-13.6067143311024
2012,0,0.3335,12000,1,0.97,"D",0.580039673078189,0.322936255954269
2012,1,0.3335,4000,0,0.95,"Missing",0.962475138211063,3.24450454105842
2012,0,0.3335,8500,1,0,"B",0.190604007371135,-1.44609026535904
2012,0,0.138,1000,1,0.45,"D",0.0903354862287592,-2.30954550063307
2012,0,0.322,9900,0,0.33,"D",0.00570271331547024,-5.16109416127553
2012,0,0.1725,25000,0,0.09,"C",0.00525011264671466,-5.24424180317538
2012,0,0.1955,2000,1,0.97,"Missing",0.0892702232594958,-2.32257824444627
2012,1,0.1725,1200,1,0,"Missing",0.819550358555728,1.51330410256037
2012,1,0.299,2600,0,0.36,"Missing",0.553689810827531,0.21559041999049
2012,1,0.3335,5000,0,0.73,"Missing",0.980676480842435,3.92691965689078
2012,0,0.299,9500,0,0.86,"D",0.00863834107977659,-4.74286885144004
2012,0,0.2875,14000,0,0.84,"B",0.0163127863521401,-4.09935873512804
2012,0,0.299,2000,1,0,"Missing",0.819539082705242,1.51322785831689
2012,0,0.138,15000,0,0.55,"A",4.17522036501913e-05,-10.0837165729445
2012,0,0.115,15000,0,0.21,"AA",9.44898702160036e-07,-13.8721871637806
2012,0,0.161,8000,0,0.21,"B",0.000628795476990508,-7.37107551670462
2012,1,0.3335,3025,1,0,"Missing",0.952385579520172,2.99583430668329
2012,0,0.23,3000,0,0.76,"C",0.0263073798028421,-3.61124616813074
2012,0,0.115,8000,0,0.21,"A",3.63618355204648e-08,-17.1297460506885
2012,0,0.23,3000,0,0,"D",0.000165421114953509,-8.70685068878741
2012,1,0.299,5000,0,0,"Missing",0.338593503108171,-0.66956834143624
2012,1,0.3335,6000,0,0.43,"D",0.501469229213331,0.00587693376823273
2012,0,0.322,3500,1,0.94,"Missing",0.175962723326171,-1.54394359424567
2012,1,0.3335,3500,0,0.83,"Missing",0.916872615035204,2.40059435783502
2012,0,0.184,3500,0,0,"C",0.0141325417285824,-4.24504185967606
2012,0,0.1725,16000,0,0.24,"C",0.0727158967985888,-2.5456999709417
2012,0,0.276,14900,0,0.93,"D",0.00651489207049705,-5.02712842824665
2012,1,0.3335,6000,1,0,"Missing",0.986420363491834,4.28551124082196
2012,0,0.1035,2000,0,0.13,"AA",0.000165182622490948,-8.70829369687645
2012,0,0.138,4000,0,0,"B",7.3178020866221e-05,-9.5225422627764
2012,0,0.23,11000,0,0.44,"C",0.00490728324715121,-5.31211543696216
2012,1,0.299,2500,0,0.65,"Missing",0.65316716377772,0.632990166170268
2012,1,0.207,6000,0,0.75,"C",0.74493837580011,1.07179631842001
2012,0,0.1725,1500,1,0.85,"D",3.61815957253866e-05,-10.2269237915401
2012,0,0.1955,1000,0,0.67,"D",0.0186677345461651,-3.96211449472663
2012,1,0.1495,15000,1,0.07,"AA",0.468856144301813,-0.124736906409146
2012,0,0.1955,1500,0,0,"Missing",0.70820446999934,0.886679534171116
2012,0,0.2415,2500,1,0.38,"A",0.00168387670103664,-6.38497128773937
2012,0,0.2415,5000,1,0.94,"C",0.18634682018156,-1.47392464409952
2012,0,0.1725,12000,0,0.45,"AA",0.366210793928251,-0.54850730930955
2012,1,0.3335,1500,1,0.91,"Missing",0.799703470939203,1.38444208381137
2012,0,0.1035,2500,0,0.04,"A",0.000115203501642986,-9.06869520381989
2012,0,0.1725,7500,0,0.72,"B",0.00435969400154853,-5.43098418203567
2012,0,0.1265,1500,0,0,"AA",5.1240734679967e-05,-9.87892450097447
2012,0,0.184,25000,0,0.78,"B",0.00116802169450186,-6.75127511632531
2012,0,0.1725,9000,0,0.3,"B",4.3086189582513e-05,-10.0522649524044
2012,1,0.3335,3000,1,1.01,"Missing",0.923157388085897,2.48604040901896
2012,0,0.3105,8500,0,0.96,"C",0.0925172622791736,-2.28327929782137
2012,0,0.115,6000,0,0,"AA",0.000276553041806334,-8.19283133117552
2012,1,0.2415,5000,0,0,"C",0.961713246176748,3.22361234214662
2012,1,0.3335,2560,0,1,"Missing",0.999755636278539,8.31660838729513
2012,1,0.322,11000,0,0.84,"Missing",0.969603479937446,3.46255907411971
2012,0,0.1955,10000,0,0.76,"C",0.165770681047015,-1.61590293352324
2012,1,0.3335,4000,1,0,"Missing",0.877611207490913,1.97000087807586
2012,1,0.299,2864,0,0.71,"Missing",0.99615397862982,5.55686263903327
2012,0,0.115,5000,1,0.06,"AA",2.84362296414354e-05,-10.4678180975665
2012,1,0.3335,3000,0,1.51,"Missing",0.18956481515602,-1.45284037010237
2012,0,0.276,9000,0,0.64,"D",0.00310994589383019,-5.77003515859936
2012,0,0.1725,10000,0,0.08,"B",0.0180000040698904,-3.99921932020881
2012,0,0.23,10000,0,0.35,"C",0.0470084908267186,-3.0092777527563
2012,0,0.138,4000,0,0.28,"AA",0.00174432599613393,-6.34964119747064
2012,0,0.3335,2550,1,0.75,"D",0.0343437646865829,-3.33638742757448
2012,0,0.23,2500,0,0,"Missing",0.0540940088466276,-2.86141975149815
2012,1,0.23,4000,0,0,"Missing",0.977667541660609,3.77912852416872
2012,0,0.1955,17000,0,0.7,"A",0.00460186629158086,-5.3766808547307
2012,1,0.276,2000,1,0.93,"Missing",0.857734145375017,1.79659667473924
2012,1,0.3335,3550,0,0,"Missing",0.995780186863962,5.46373569080017
2012,0,0.161,25000,0,0.58,"AA",0.00029582118145783,-8.12545953794358
2012,0,0.2875,4000,1,0.47,"C",0.0505551516895528,-2.93281259055972
2012,0,0.1725,5000,0,0.17,"B",0.00218085382453655,-6.12585558088011
2012,0,0.253,13000,0,0.82,"D",0.048949057749901,-2.96678750859022
2012,0,0.23,15000,1,0.8,"B",0.000393692070428963,-7.83954773178064
2012,0,0.207,4100,0,0.5,"C",0.000144165453726923,-8.84440475790415
2012,1,0.1265,1200,0,1,"Missing",0.888904596596774,2.07960059205964
2012,1,0.2875,3500,0,0.97,"Missing",0.993684896428912,5.05847599432122
2012,0,0.138,7500,1,0,"B",3.28817540261656e-05,-10.3225597606099
2012,1,0.3335,3001,1,0,"Missing",0.175435878263078,-1.54758129930563
2012,0,0.23,7500,0,0.36,"C",0.0260384136419788,-3.62179896836955
2012,0,0.3335,25000,0,0.38,"B",0.0132729408093468,-4.30866602826001
2012,0,0.1035,3600,0,0.23,"AA",0.0029876419109476,-5.81027874745801
2012,0,0.276,4500,0,0.6,"D",0.00146761616904425,-6.52264715403401
2012,1,0.3335,3000,0,0.85,"Missing",0.936396797472166,2.68937549227879
2012,0,0.0805,2550,0,0.01,"AA",2.43291987663018e-06,-12.9264159937058
2012,1,0.2875,4000,1,0.47,"C",0.0588920433892562,-2.77135186365219
2012,0,0.1955,3500,0,0.98,"Missing",0.233559813812206,-1.18831845404521
2012,0,0.2645,15000,0,0.86,"C",0.00202621866774201,-6.19955567398284
2012,1,0.23,1000,1,0.76,"C",0.85887116714685,1.80594574931821
2012,0,0.3335,4000,0,1.07,"Missing",0.952966165596371,3.00871217632877
2012,0,0.1035,3000,0,0.71,"AA",1.81717791795145e-07,-15.5208107660998
2012,0,0.3335,3800,0,0.73,"Missing",0.628613517222465,0.526273374892309
2012,1,0.276,1000,0,0.92,"Missing",0.929575424032709,2.5801856559155
2012,0,0.1265,1850,0,0.86,"C",0.000976154544960855,-6.9309130075456
2012,1,0.1955,1700,0,0.8,"Missing",0.978096096179636,3.79894304548595
2012,1,0.3335,5100,0,0.66,"Missing",0.989912509250704,4.58632044817976
2012,0,0.2645,15000,0,0.18,"D",0.0234033587302999,-3.73119416486756
2012,0,0.1035,6001,0,0.26,"AA",2.68831103490967e-06,-12.8265947412909
2012,0,0.276,1800,0,1.18,"Missing",0.152871837577367,-1.71225208910946
2012,0,0.184,8000,1,0.59,"C",0.000120543098348934,-9.0233826559686
2012,1,0.3335,2500,0,0.89,"Missing",0.923162247651062,2.48610891557448
2012,0,0.1035,2000,0,0.85,"A",0.0457548035937606,-3.03762387492353
2012,0,0.092,2000,0,0.05,"AA",1.99356471539754e-05,-10.8229811786078
2012,1,0.253,6001,0,0.25,"Missing",0.705422738365288,0.873255934804383
2012,0,0.1725,25000,0,0.44,"AA",5.59752208368231e-05,-9.79054547342375
2012,0,0.2185,5000,0,0.28,"B",0.127259296556944,-1.92541178371695
2012,0,0.207,2750,1,0,"D",0.307895070764738,-0.809978530371668
2012,0,0.2875,25000,0,0.71,"A",1.26432375201002e-05,-11.2783754258052
2012,0,0.1265,9000,0,0.33,"A",0.0187905302809904,-3.95543292902437
2012,0,0.207,17000,0,0.23,"B",0.00113574157683062,-6.77933308272613
2012,1,0.3335,6000,0,0,"Missing",0.60648512452282,0.432561331193363
2012,0,0.2645,10000,0,1.02,"D",0.00800718196023829,-4.81937698340182
2012,0,0.3335,5500,1,0.72,"C",0.00668319654265212,-5.00145325243672
2012,0,0.138,10000,0,0.81,"AA",0.00107704893478457,-6.83245281627391
2012,0,0.1955,1000,0,1.02,"D",0.00122309888464373,-6.70514372390013
2012,0,0.2645,6001,0,0.88,"D",0.0075127025851841,-4.88361894799335
2012,0,0.092,1668,0,0.05,"AA",0.00422750262283979,-5.46190739299186
2012,0,0.1265,1000,1,0.97,"Missing",0.136666054929343,-1.84326117970781
2012,0,0.3335,4000,0,0.77,"Missing",0.272528578985851,-0.98183122882828
2012,0,0.1265,12000,0,0.41,"A",0.109981073203487,-2.09093443936195
2012,0,0.322,25000,0,0.73,"C",0.0120839361344056,-4.40372076016376
2012,0,0.3335,3999,0,0.96,"Missing",0.331548016520071,-0.701191921356032
2012,0,0.115,6500,0,0.67,"A",0.00104239437236569,-6.86519199285322
2012,0,0.2645,4000,0,0.51,"D",0.416076650374087,-0.338900224578342
2012,0,0.115,8300,0,0.05,"AA",9.22603439466644e-06,-11.5934720187436
2012,0,0.2875,7000,0,0.14,"D",0.000163701129229823,-8.71730446091496
2012,0,0.1725,8942,0,0,"B",0.000272766974025807,-8.20661989809723
2012,0,0.207,12000,0,0.93,"B",0.0472623134867219,-3.0036263926352
2012,1,0.3335,10000,0,1.13,"Missing",0.984592842117463,4.15739599845761
2012,0,0.2645,15000,0,0.06,"D",0.00403873471965887,-5.50777691183143
2012,0,0.2645,25000,0,0.04,"AA",0.00366210043385266,-5.60604958480989
2012,0,0.3335,20000,0,0.95,"Missing",0.00511931963403469,-5.26960126449356
2012,1,0.3335,3000,1,0,"Missing",0.990734638362153,4.67216383522791
2012,1,0.3335,3000,0,0,"Missing",0.715401710862147,0.921765544122896
2012,0,0.3335,4000,0,2.68,"Missing",0.100635016878682,-2.19018866257523
2012,0,0.138,5250,1,0.39,"B",4.2977764063075e-05,-10.0547847121453
2012,1,0.3335,2700,0,0.47,"Missing",0.840837014141494,1.66446909563274
2012,1,0.1725,2000,1,0,"Missing",0.143582308642592,-1.78584976416581
2012,0,0.276,10000,0,0.54,"A",0.350708977155477,-0.615924278882487
2012,0,0.184,7000,0,0.98,"C",5.40025116768603e-05,-9.82642599597736
2012,0,0.1725,2600,0,0.68,"C",0.000541165543745352,-7.52124401806586
2012,1,0.276,1000,1,0,"Missing",0.958695755580981,3.14460850768533
2012,0,0.1495,24250,0,0,"AA",5.85720658167873e-05,-9.74519409380038
2012,0,0.253,10000,0,0.65,"C",0.00125366975087676,-6.68042577176123
2012,0,0.1265,2500,1,0,"B",0.0023470048371412,-6.05226553775634
2012,0,0.322,5000,0,0.95,"C",0.00731302277110782,-4.9107586849045
2012,0,0.138,11000,0,0.7,"A",0.0872220923555247,-2.34803494388397
2012,1,0.3335,4000,0,0.95,"Missing",0.997042010926976,5.82028323617304
2012,1,0.3335,3000,0,0.98,"Missing",0.845766063760348,1.70177228469909
2012,1,0.2875,6000,1,1,"Missing",0.866143326863691,1.86728077527309
2012,0,0.207,9500,1,0.36,"A",0.0135378243558429,-4.28863741091132
2012,1,0.2875,3000,0,0,"Missing",0.445480879524139,-0.218946961716901
2012,0,0.092,6001,0,0.04,"AA",7.1968470704638e-05,-9.53921047067691
2012,0,0.2645,18000,0,0.58,"C",0.0871401767269127,-2.34906428583737
2012,0,0.115,1500,1,0.79,"A",0.149535848585423,-1.73824610698053
2012,0,0.1265,14000,0,0.29,"AA",0.000100636375461151,-9.20389613911422
2012,0,0.1955,17000,0,0.7,"A",0.079219933451448,-2.45299325705657
2012,0,0.2415,13500,0,0.82,"C",0.00601652506033228,-5.10721072155423
2012,1,0.23,3000,0,0.89,"D",0.233229684457525,-1.19016356007976
2012,0,0.2415,10000,0,0.84,"D",0.368549943679976,-0.538442616463624
2012,1,0.23,3000,0,0.76,"C",0.157168088726425,-1.67945168314857
2012,0,0.3335,4750,1,1.19,"Missing",0.0174599212652321,-4.03023309455237
2012,0,0.1265,6500,0,0.34,"A",4.18364604445349e-05,-10.0817005018565
2012,0,0.299,2500,0,0.65,"Missing",0.0473755787995049,-3.00111384367055
2012,1,0.1725,9999,0,0.54,"C",0.211377503892885,-1.31664209478848
2012,0,0.1955,2000,0,0.73,"C",0.0462076163952743,-3.02730137897449
2012,0,0.1955,4000,1,0,"C",0.39328207020097,-0.433536897201193
2012,0,0.1495,5000,0,0.69,"A",0.000562754673010057,-7.48210386125024
2012,0,0.2875,3000,0,0.73,"D",0.0645433650749963,-2.67369746503364
2012,0,0.23,5500,1,0.47,"D",0.248904847917985,-1.10446165769074
2012,0,0.2875,25000,0,0.71,"A",0.00453126328280155,-5.39221294741415
2012,0,0.138,7000,0,0.2,"B",0.0121264130807369,-4.40016876832532
2012,0,0.1725,2000,0,0,"B",1.17096657539376e-07,-15.9602659932967
2012,0,0.1725,20000,0,0.75,"B",0.00346756240124585,-5.66082982157383
2012,0,0.1955,6001,0,0.56,"B",0.000245464148743733,-8.31211416074406
2012,0,0.092,2750,0,0.01,"AA",4.66983590686731e-06,-12.2743819547698
2012,0,0.1035,4900,0,0,"AA",0.196441650977781,-1.40868435548796
2012,0,0.1265,3000,1,0,"C",0.00238912767544072,-6.03443498282411
2012,0,0.3105,1700,1,0,"Missing",0.207426264933071,-1.34050961571836
2012,0,0.253,6500,1,0.97,"Missing",0.210745333482678,-1.32043858581193
2012,0,0.1035,3500,0,0,"AA",3.27997285150225e-05,-10.325057519323
2012,0,0.2875,15000,0,0,"C",0.00111261154032743,-6.79993205702917
2012,0,0.23,5500,0,0.95,"Missing",0.36179706542412,-0.567572850156985
2012,1,0.3335,4300,1,0.95,"Missing",0.992481426416215,4.88283186148557
2012,0,0.207,9200,0,0.71,"C",0.110996530723329,-2.08060219187563
2012,0,0.1725,7000,0,0,"A",0.00635486582791169,-5.05215934345883
2012,0,0.1725,8400,0,0.48,"B",0.0144134596714564,-4.22507446693434
2012,0,0.23,5000,1,0.43,"D",0.0709009331893305,-2.57293177574412
2012,1,0.2415,5000,0,0.26,"D",0.320237516379406,-0.752680489204857
2012,0,0.1265,6500,0,0.34,"A",4.41948719488812e-06,-12.3294824683645
2012,0,0.161,3000,0,0.95,"C",0.0613080228724216,-2.72857667930513
2012,0,0.23,2300,0,0.86,"C",2.36551469635621e-07,-15.2570997855464
2012,0,0.1955,25000,0,0.34,"AA",0.0118041470549772,-4.42742999476207
2012,0,0.0575,1000,1,0.48,"D",0.00235562482648028,-6.04859086392929
2012,1,0.23,7500,1,0.52,"D",0.0386457210948314,-3.21390693769746
2012,1,0.2875,2550,1,0.67,"Missing",0.966378537416967,3.35839098773896
2012,1,0.184,10000,1,0.83,"C",0.192726769784377,-1.43238870094758
2012,1,0.3335,6000,0,1.12,"Missing",0.997350944237327,5.9308994477321
2012,0,0.092,2000,0,0.06,"AA",0.000139820252343138,-8.87501304208255
2012,0,0.1495,7500,0,0.92,"B",0.00701280646939226,-4.95297979402139
2012,1,0.253,5000,0,0.47,"D",0.814007610081689,1.47626395649504
2012,0,0.1725,12000,0,0.43,"A",0.00160425983752147,-6.43348724114983
2012,0,0.1955,1700,0,0.8,"Missing",0.129927056707571,-1.90160386026952
2012,1,0.3335,5500,0,0.99,"Missing",0.991922598771956,4.81057488820293
2012,0,0.1265,3500,0,0,"D",0.001843710743211,-6.29412961745074
2012,0,0.207,9999,0,0.92,"D",0.0861431101124419,-2.36166399928331
2012,0,0.3335,10000,0,0.51,"D",0.0508918120036852,-2.92582074796704
2012,0,0.3335,6000,0,1.12,"Missing",0.00182111680546223,-6.30648255965745
2012,0,0.23,12000,0,0.26,"C",0.00555398443463294,-5.18767022749967
2012,0,0.253,17500,0,0,"AA",0.107575729528204,-2.11574659876254
2012,1,0.2645,1500,0,0.84,"Missing",0.888916053240578,2.07971661016364
2012,0,0.3335,4500,0,0.97,"D",0.0427353485888535,-3.10905348239938
2012,0,0.2645,8500,0,0.86,"D",0.392623493559342,-0.436297751963034
2012,1,0.3335,5000,0,0.72,"Missing",0.999650571249318,7.958861387968
2012,1,0.322,6000,0,0.53,"D",0.823965019892571,1.54344535152144
2012,0,0.092,1000,0,0.33,"A",3.0129471520914e-05,-10.4099766150135
2012,0,0.2415,20000,0,0.01,"B",0.00361622553566334,-5.61870168692359
2012,0,0.3335,1500,0,0,"Missing",0.226457940227083,-1.22842081113516
2012,0,0.253,12150,0,0,"D",6.13661784740219e-05,-9.69859034570267
2012,1,0.1725,1000,1,0.55,"B",0.808467120321277,1.44008052135109
2012,0,0.2415,5000,0,0.26,"D",0.000346121148981124,-7.96837552156513
2012,0,0.299,5050,1,0,"D",0.00738286523381171,-4.90118321918364
2012,0,0.1725,3000,0,0.91,"Missing",0.106030588160592,-2.13194393960622
2012,1,0.3335,5000,1,0,"Missing",0.351360166378059,-0.613065794353779
2012,0,0.23,5000,0,0.65,"B",0.00019534399806546,-8.54055309786083
2012,1,0.299,3000,0,1.17,"Missing",0.949875992099499,2.94183134851994
2012,1,0.092,1000,0,0.33,"A",0.293938066422524,-0.876333871539363
2012,0,0.1265,7000,0,0.83,"AA",0.000110113930586735,-9.11388487557255
2012,1,0.3335,1500,0,0,"Missing",0.973835514496463,3.61683943700115
2012,0,0.092,5000,0,0.13,"AA",0.00986589877227865,-4.60875614724161
2012,0,0.2185,5000,0,0.28,"B",0.0624934806656317,-2.70816146982518
2012,0,0.276,17500,0,0.15,"D",0.000191378675328967,-8.5610651023261
2012,0,0.1725,4000,0,0.46,"B",0.000461071825739423,-7.68149554474481
2012,1,0.3335,15000,0,0.98,"Missing",0.226023328044855,-1.23090351815995
2012,1,0.2645,1500,0,0.84,"Missing",0.973165060641387,3.59084896290644
2012,0,0.276,7000,0,1.14,"D",0.0402713445890245,-3.17101043024163
2012,0,0.1495,9999,0,0.61,"B",0.00185528056098736,-6.28786234481834
2012,0,0.1035,2000,0,0.06,"AA",3.16880840980469e-06,-12.6621517678889
2012,0,0.23,3000,0,0,"D",0.00260893206182834,-5.94620197183846
2012,0,0.207,3100,0,0.86,"D",0.00654830294396055,-5.0219795182909
2012,0,0.115,2000,0,0,"AA",2.22232415805176e-05,-10.7143496751927
2012,1,0.3335,5300,0,0.83,"Missing",0.996112863910822,5.54618790572142
2012,0,0.207,6500,0,0.85,"C",0.000296770915177337,-8.12225323119798
2012,0,0.3335,3000,1,1.01,"Missing",0.883776578531607,2.02868990567895
2012,0,0.1495,9900,0,0.86,"B",0.000174822361016016,-8.65156534184753
2012,0,0.23,6000,0,1,"C",7.93375978834153e-05,-9.44171907882741
2012,0,0.1495,2500,0,0.57,"A",4.34938565842099e-05,-10.04284736299
2012,1,0.3335,5000,1,0,"Missing",0.955264590735005,3.06122301885763
2012,0,0.1265,6000,0,0.1,"A",0.243744058204417,-1.13226113325039
2012,0,0.1035,2500,0,0.09,"AA",0.000172201402284203,-8.66667360642702
2012,0,0.3335,17000,1,0,"D",0.0758581071747467,-2.50000103912506
2012,1,0.322,11000,0,0.84,"Missing",0.997025534054821,5.8147118718639
2012,0,0.1955,6500,1,0,"D",0.224027731474109,-1.24234693769295
2012,0,0.138,1000,1,0.45,"D",0.0424555445050324,-3.11591463186029
2012,1,0.2645,7200,0,1.12,"Missing",0.958240305245445,3.13316695303381
2012,0,0.23,9999,0,0.9,"D",0.237740607969569,-1.16510671041236
2012,1,0.2875,5000,0,0.52,"C",0.102726577731321,-2.16728976075593
2012,0,0.138,19500,1,0,"AA",0.000710684090706313,-7.24857160702142
2012,0,0.2875,25000,0,0.71,"A",0.00692041520505211,-4.96633503808965
2012,0,0.138,5000,0,0.1,"AA",0.000593732187139164,-7.42848829515728
2012,0,0.2645,8000,0,0,"D",0.0271530198771299,-3.578738534203
2012,0,0.161,9500,0,0.77,"A",0.00120766087760678,-6.71786155865201
2012,1,0.3335,5000,0,0.9,"Missing",0.987388555838883,4.36045896707187
2012,0,0.115,4999,0,0.06,"AA",0.00578735323670276,-5.14627605370036
2012,0,0.1725,10000,0,0.59,"B",0.000798580247274192,-7.1318761985508
2012,0,0.1725,25000,0,0.01,"A",0.00139984214831613,-6.56999497707793
2012,0,0.207,2550,0,0.28,"D",0.00168211684136276,-6.38601872092267
2012,1,0.3335,5000,0,0,"Missing",0.990820998561003,4.68161546792475
2012,1,0.3335,4090,1,0.58,"Missing",0.788966229221957,1.31870534617976
2012,0,0.276,10000,0,0,"C",0.000400343232643055,-7.82278787379882
2012,1,0.3105,3200,0,0.98,"Missing",0.790427180911844,1.32750227053305
2012,0,0.1495,17500,0,0.08,"AA",0.0106941292418674,-4.52730863465663
2012,1,0.3335,2560,0,1,"Missing",0.998010245676186,6.21775236672215
2012,0,0.161,4000,0,0.16,"B",0.00117415322530088,-6.74603320742091
2012,0,0.1035,5000,0,0.02,"AA",0.00196514155640692,-6.2302239223912
2012,0,0.115,1000,0,0.3,"AA",0.000210677823544164,-8.46496979400708
2012,1,0.3335,3000,1,0,"Missing",0.728750256004048,0.988291127896145
2012,0,0.23,4500,0,0.39,"D",0.17108531120682,-1.57795491322531
2012,0,0.3335,5000,0,0.89,"Missing",0.597428733391469,0.394762860950913
2012,0,0.3335,8500,1,0.87,"Missing",0.14739895391374,-1.75514884845875
2012,0,0.276,25000,1,0.46,"C",0.114160993336954,-2.04892555163845
2012,0,0.207,10000,0,0.96,"C",0.00209393006015255,-6.16661644181294
2012,0,0.207,3001,0,1,"Missing",0.00420228334480355,-5.46791611014222
2012,0,0.0805,2550,1,0.63,"Missing",0.0933695704237837,-2.27316940875366
2012,0,0.1725,5000,0,0,"C",0.000305960814989687,-8.09174751217042
2012,1,0.276,1000,0,0,"Missing",0.955071340706018,3.05671015724844
2012,0,0.322,25000,1,0.75,"C",0.000346522882576393,-7.96721511939779
2012,1,0.1955,17000,1,0.59,"B",0.239909600112874,-1.15317518723752
2012,0,0.3335,3000,1,1.01,"Missing",0.280317623765369,-0.942886639711149
2012,1,0.2645,4500,1,0,"D",0.578964475956726,0.318523911284422
2012,0,0.1035,2550,0,0.05,"A",0.000242484333097137,-8.32433094172161
2012,1,0.3335,5000,0,0,"Missing",0.998862580303528,6.77785493909063
2012,0,0.1955,2800,0,0,"C",0.00387605729950464,-5.54905321323169
2012,0,0.276,5500,0,0,"D",0.000880914110099251,-7.03366912581203
2012,1,0.276,7100,0,0.9,"D",0.933250678123895,2.63772970635135
2012,0,0.161,1000,0,0.6,"A",0.00022626020001199,-8.39359860767381
2012,0,0.1495,4950,0,0,"B",0.00182444492174197,-6.30465337943314
2012,0,0.1725,9800,0,0.94,"B",0.0120946799813529,-4.40282117825874
2012,0,0.1725,3000,0,0.05,"AA",2.02224190535035e-05,-10.8086984922325
2012,1,0.2645,1000,0,0.92,"Missing",0.926690545663013,2.53693010440544
2012,0,0.23,6500,0,0.74,"D",0.0791361413492477,-2.45414252878094
2012,0,0.3335,5500,0,0.99,"Missing",0.132365121972578,-1.88020679914036
2012,0,0.2645,5000,0,0.97,"Missing",0.0113444587932493,-4.46761656830802
2012,0,0.276,1000,0,0,"D",0.00160890544401717,-6.43059097850173
2012,1,0.1725,3000,0,0,"C",0.188801831525881,-1.45781442049324
2012,0,0.299,9500,0,0.86,"D",0.00108408596508294,-6.82593340151569
2012,1,0.322,12000,0,0,"Missing",0.667819460528086,0.698339253632521
2012,0,0.161,8000,0,0.76,"AA",0.000226404233457814,-8.39296208292469
2012,0,0.0805,1000,1,0,"Missing",0.622272425714072,0.499204747474468
2012,0,0.138,2500,0,0,"C",0.00123456062701664,-6.69580481647558
2012,1,0.2875,7500,0,0.54,"D",0.950507891576227,2.95518323336396
2012,1,0.3335,3500,0,0,"Missing",0.840866869160056,1.66469219404051
2012,0,0.3335,2500,0,1.09,"Missing",0.696775763778954,0.831991057416632
2012,0,0.1265,12000,0,0.41,"A",0.00308076649163193,-5.779491330216
2012,0,0.161,4000,0,0.16,"B",0.000158297979906686,-8.75087304181903
2012,0,0.23,2700,1,0.87,"D",0.00100503223611552,-6.90173012462902
2012,0,0.2875,10000,0,0.93,"B",0.00128992572268965,-6.65187988318365
2012,0,0.23,1100,0,0,"Missing",0.897362359922556,2.16825502137153
2012,0,0.115,7000,0,0.17,"AA",0.00305396034570507,-5.78825742345064
2012,0,0.1495,5000,1,0.16,"A",5.04166056101361e-05,-9.89513954288422
2012,0,0.207,12000,0,0.54,"B",0.000738721327475396,-7.2098508078967
2012,0,0.299,5000,0,0.64,"D",0.728596475802808,0.987513315051326
2012,0,0.3335,25000,0,0.34,"C",0.000690060504502696,-7.2780409778264
2012,0,0.23,5000,0,0.97,"C",6.83638287110501e-06,-11.8932449498121
2012,0,0.1265,5000,1,0,"Missing",0.0519569701705898,-2.90398401204274
2012,0,0.3335,6000,0,0,"Missing",0.0157252282838678,-4.13663877788284
2012,0,0.253,5600,0,0.94,"D",0.00187344239191041,-6.27810248963688
2012,0,0.299,3675,0,0.85,"Missing",0.992614589561579,4.90083596962742
2012,0,0.184,3400,0,0.49,"C",0.000237962379791874,-8.34315997419092
2012,0,0.253,4000,0,0.47,"B",6.03745314917193e-06,-12.0175222615158
2012,1,0.3335,2500,1,1.01,"Missing",0.969712372918907,3.46626022280158
2012,0,0.2185,6500,0,0.7,"C",9.6542108966278e-05,-9.24543473568339
2012,1,0.2415,6000,0,0.89,"C",0.792801753555871,1.3418971476228
2012,0,0.207,3000,0,0.79,"B",0.00592510911246509,-5.12261344430609
2012,0,0.207,12000,1,0.68,"C",0.544267017641871,0.17753289468608
2012,0,0.2875,8500,0,0.87,"C",0.122346969344626,-1.97039031483748
2012,0,0.3335,1000,1,1,"Missing",0.283397861298199,-0.927669008734625
2012,1,0.23,2500,0,1,"C",0.769202633075249,1.20381431074626
2012,1,0.3335,5000,1,0,"Missing",0.732699535316023,1.00836234537853
2012,1,0.23,7500,1,0.9,"D",0.755252969437185,1.12682760318143
2012,0,0.23,24000,0,0.76,"C",0.0468348885349877,-3.01315973636317
2012,0,0.2185,3000,0,0.97,"C",0.00410514314093056,-5.49140107441537
2012,0,0.115,10000,0,0.12,"A",0.0011106747734387,-6.8016762523281
2012,0,0.207,2550,0,0.28,"D",0.12862833771653,-1.91314145037441
2012,0,0.207,5000,0,0.12,"C",0.032388033032473,-3.39704214261791
2012,1,0.3335,1750,1,0.98,"Missing",0.998451570141655,6.46896422617792
2012,0,0.23,5000,0,0.96,"C",0.0644371915904405,-2.67545730674248
2012,0,0.1265,9000,1,0.85,"A",0.00280580963005566,-5.87325339019705
2012,0,0.1955,6500,1,0,"D",0.179713345352594,-1.51829080235401
2012,0,0.138,20000,0,0,"AA",0.00018618989361471,-8.58855726440763
2012,0,0.207,20000,0,0.53,"A",0.0433794566745866,-3.0934208258417
2012,0,0.276,2600,0,0.96,"Missing",0.658268503165429,0.655587575875965
2012,1,0.3335,2550,0,0.95,"Missing",0.779529876127114,1.26292882199224
2012,0,0.207,15000,1,0.02,"C",0.39608101224343,-0.421821296004356
2012,0,0.1495,5000,0,0,"B",0.576500928298142,0.308425627816337
2012,0,0.3335,2550,0,0.63,"D",0.0697612218769237,-2.59036300897758
2012,0,0.115,1000,0,0.56,"A",0.123735035949533,-1.95752604306144
2012,0,0.2875,1000,1,0.95,"D",5.1499461331988e-05,-9.87388770913486
2012,0,0.161,9250,0,0.92,"B",0.000137247308556212,-8.89358883082988
2012,1,0.23,2000,0,0,"Missing",0.99686723008569,5.76270002181395
2012,1,0.2875,2550,0,0.86,"D",0.600032716544051,0.405601428900234
2012,0,0.1265,6000,0,0.1,"A",0.00299333696641513,-5.80836864565265
2012,1,0.3335,4000,1,0,"Missing",0.431243476850696,-0.276779597385034
2012,0,0.23,20000,1,0.2,"C",0.0792103239438404,-2.45312500226478
2012,0,0.184,2000,0,0.89,"C",0.109316955160949,-2.09773712634829
2012,0,0.1725,4000,0,0.46,"B",0.0153473737678949,-4.16134454589165
2012,0,0.276,2000,0,1.02,"Missing",0.794787682623196,1.35402987540525
2012,1,0.3335,6000,1,0.72,"Missing",0.899584938750806,2.19262126933366
2012,0,0.1725,2600,0,0.68,"C",0.110986747453609,-2.0807013407794
2012,0,0.253,18200,1,0.8,"C",0.0478732138477791,-2.99014206651294
2012,0,0.3335,2000,0,0,"Missing",0.319159421946266,-0.757637445703437
2012,0,0.2875,8500,0,0.78,"D",0.000352739977860975,-7.94942657687983
2012,0,0.3335,5300,0,0.83,"Missing",0.115376931707766,-2.03695720720225
2012,1,0.3335,2550,1,0.93,"Missing",0.977791341848289,3.78481407569955
2012,1,0.3335,3001,1,0,"Missing",0.999667181510654,8.00758041974557
2012,1,0.3105,1000,1,0,"Missing",0.855269308484192,1.77654168441447
2012,0,0.115,5000,0,0.52,"AA",8.93534147469951e-05,-9.32282174203247
2012,0,0.2645,6001,0,0.42,"C",0.0417035959175049,-3.13456977082982
2012,0,0.2875,25000,0,0.87,"A",0.0866280389456898,-2.35551966442599
2012,0,0.1495,9000,0,0.86,"B",0.000818927485295419,-7.10669575558439
2012,0,0.2185,4041,0,0.91,"D",0.0150403966417193,-4.18186093788339
2012,0,0.23,2300,0,0.86,"C",0.0138927398161281,-4.26239874353814
2012,0,0.276,18000,1,0.97,"C",0.0265360441510528,-3.60235683334416
2012,0,0.3335,2550,1,1.51,"D",0.00191173314850406,-6.25783147793262
2012,0,0.276,4800,1,0,"C",0.0854817089553431,-2.37009504606374
2012,0,0.23,8500,0,0.48,"B",0.0197516400905209,-3.9045694375788
2012,1,0.3335,1000,1,1.09,"Missing",0.993338920320966,5.00479032991743
2012,0,0.115,3900,0,0.41,"AA",5.00433427205294e-05,-9.90257102903191
2012,0,0.1495,10000,0,0.15,"A",0.00223189358661562,-6.10267052387384
2012,0,0.115,2000,0,0.06,"AA",0.00423173427943801,-5.46090266140256
2012,0,0.2185,4700,0,0.74,"D",0.0848148211436716,-2.37865612089928
2012,0,0.0805,1000,0,0,"AA",0.00173839670314186,-6.35305211604568
2012,0,0.1495,2500,1,0.9,"C",0.00368826214094205,-5.59890481583237
2012,1,0.322,3001,0,0,"Missing",0.854360025426379,1.76921503166788
2012,0,0.253,12150,0,0,"D",0.0306611855290608,-3.45361666485461
2012,0,0.23,2400,1,0,"D",0.000779067186132801,-7.15663389835556
2012,0,0.1725,5000,0,0.7,"C",0.0122849573940814,-4.38701869989033
2012,0,0.3335,6000,1,0,"D",0.228818768461687,-1.21499312017069
2012,0,0.1725,9500,0,0.37,"C",1.26499218743648e-05,-11.2778468687475
2012,0,0.1035,1000,0,0.02,"AA",0.00154532065502386,-6.47097733056738
2012,0,0.2185,10000,0,0.64,"C",0.307390660227182,-0.812346669449364
2012,0,0.207,8000,1,0,"C",0.0351108138837001,-3.31350409082786
2012,0,0.115,5000,0,0,"AA",8.03954459112835e-05,-9.42847262760031
2012,0,0.1725,9500,0,0.94,"B",0.000274099916490402,-8.2017437218352
2012,0,0.0575,1000,1,0.48,"D",0.000190132988662566,-8.56759663925225
2012,0,0.2185,7400,1,0.87,"C",0.000713584137716939,-7.24449636662115
2012,1,0.3335,3001,1,0,"Missing",0.994926546217507,5.27864710643143
2012,0,0.2875,15000,0,0,"C",0.261658332173478,-1.03736710495934
2012,0,0.23,5000,0,0,"B",0.00748609737390664,-4.88719340328116
2012,1,0.3335,1000,0,0,"Missing",0.972547898507275,3.56747660510629
2012,1,0.207,9750,0,0.92,"C",0.238428976858476,-1.16131196037757
2012,0,0.1955,15000,1,0,"A",0.0230707379052583,-3.74584918907887
2012,0,0.2875,15000,1,0.82,"D",0.043474621978991,-3.09112995563156
2012,0,0.2875,3000,1,0.93,"Missing",0.161539732893054,-1.64681605795074
2012,0,0.2875,5000,1,1.1,"Missing",0.0113216324007597,-4.46965380163042
2012,0,0.276,15000,0,1.03,"D",0.155438817054097,-1.69256498761116
2012,0,0.1035,7000,0,0.17,"AA",6.52272922711227e-05,-9.63756735408228
2012,1,0.3335,3000,0,0.91,"Missing",0.3636439658669,-0.559582935586348
2012,0,0.1725,1000,0,0.87,"C",0.000648679441116069,-7.3399230007599
2012,0,0.115,1425,0,0,"AA",1.39920759067351e-05,-11.1770054030792
2012,0,0.1725,6500,0,0.9,"C",0.000772767399995898,-7.16475939408743
2012,0,0.2415,9800,0,0.7,"D",0.000555729822155903,-7.49467242889367
2012,0,0.3335,20000,1,0.87,"D",0.0222257550467468,-3.78402705632766
2012,0,0.1955,5000,0,0.97,"D",0.0170397686428018,-4.05501871891852
2012,1,0.3335,5500,0,0.99,"Missing",0.997953977239325,6.18980936831524
2012,0,0.1725,9999,0,0.31,"A",0.00108686643632428,-6.8233690945554
2012,0,0.184,25000,0,0.92,"A",3.76001353849172e-05,-10.1884653060699
2012,0,0.253,2500,1,0.63,"D",0.000388515790391853,-7.85278815319106
2012,1,0.3335,3500,0,0.99,"Missing",0.924598736255548,2.50653580934198
2012,0,0.1955,6000,0,0.82,"C",0.0147415353607381,-4.20223496319111
2012,1,0.1035,1500,0,0.76,"A",0.111119051622403,-2.07936114651658
2012,1,0.207,2000,0,0,"D",0.824675353852875,1.54835042225503
2012,1,0.3335,5000,1,1.05,"Missing",0.761840024904708,1.16279398043981
2012,1,0.2875,5000,1,0.96,"Missing",0.975999904077861,3.70540466103647
2012,1,0.3335,3300,0,0.91,"Missing",0.986429137700673,4.28616647448894
2012,1,0.2875,1000,1,0.98,"C",0.0127434362710438,-4.34991361186478
2012,0,0.322,6000,0,0.53,"D",0.00660676187808394,-5.01303294430188
2012,0,0.207,1000,1,0.61,"D",0.00655485417840256,-5.02097297629377
2012,0,0.1265,7000,0,0.83,"AA",0.000113935034632134,-9.07976820213057
2012,0,0.3335,5200,0,0,"Missing",0.0122242861966074,-4.392031016826
2012,0,0.207,1500,0,0.1,"C",0.0421407588436117,-3.12368542138287
2012,0,0.3335,8500,1,0,"B",0.00166019364700194,-6.39915945530121
2012,1,0.3335,2550,0,0.98,"Missing",0.951046624015354,2.96669475302819
2012,0,0.1725,2500,0,0.94,"D",0.000243990538785249,-8.31813708858383
2012,0,0.23,9000,0,0.92,"C",0.00235689175696216,-6.04805190655655
2012,0,0.2185,11000,0,0.93,"B",6.46795175751752e-05,-9.64600130031364
2012,0,0.253,5000,0,0.93,"D",0.00167179836864084,-6.3921821671267
2012,0,0.184,4200,1,0.83,"C",0.00139917111419329,-6.57047512812083
2012,0,0.2185,19900,0,0.75,"C",0.00969047854663471,-4.62687373189629
2012,0,0.1495,2500,1,0.77,"B",0.000714282598047804,-7.24351734052654
2012,0,0.253,20000,1,0.89,"C",0.118969454947605,-2.0022255171725
2012,0,0.1265,23500,0,0.02,"AA",0.000312681472237693,-8.0700128158074
2012,1,0.23,1000,0,0,"Missing",0.30363419645643,-0.830051426341749
2012,0,0.1725,3000,0,0,"C",0.000559888623906803,-7.48721263447614
2012,0,0.299,5000,0,0,"Missing",0.423353724441487,-0.309020980298865
2012,0,0.2415,9975,0,0.62,"C",0.000280358916026656,-8.17915953447802
2012,0,0.184,9000,0,0.69,"C",0.0024464233603389,-6.01067875322834
2012,1,0.276,1000,0,0.97,"Missing",0.46972799123652,-0.121236313855444
2012,0,0.161,2400,0,0.94,"B",0.000483018763478947,-7.63497192182914
2012,1,0.3335,5500,1,0.72,"C",0.498012328564095,-0.00795072762650806
2012,1,0.23,5000,0,0.72,"Missing",0.998069748791837,6.24817300832181
2012,0,0.23,10000,0,0.45,"A",3.34510735809273e-05,-10.305393225177
2012,0,0.2185,21200,1,0.47,"B",0.000746992458533223,-7.19870819695772
2012,0,0.1725,10000,0,0.16,"A",0.00222845323719682,-6.10421660984539
2012,1,0.3335,3000,0,0,"Missing",0.28312621616993,-0.92900699964306
2012,0,0.322,10500,0,0.94,"C",0.133880527668324,-1.86707504017131
2012,1,0.3335,3000,1,0,"Missing",0.786487658844578,1.30388239613662
2012,0,0.138,5000,0,0.1,"AA",0.0190237844188173,-3.94285820637583
2012,0,0.2415,3500,0,1.03,"D",0.00245902695839438,-6.00552749732394
2012,0,0.092,3001,0,0.32,"AA",2.21748822268133e-07,-15.3217203051014
2012,0,0.1725,9999,0,0.83,"C",0.188486862946283,-1.45987226356279
2012,0,0.184,4500,0,0.88,"D",0.053944111197807,-2.86435311359236
2012,0,0.1265,15000,0,0.01,"AA",1.1471265477892e-05,-11.375653832206
2012,0,0.322,11000,0,0.84,"Missing",0.00944981523348756,-4.65226534164692
2012,1,0.322,3001,0,0,"Missing",0.937023680726044,2.69994978365022
2012,0,0.2875,13000,0,0.93,"D",0.00633160924011983,-5.05584911189645
2012,0,0.2185,3000,0,0.97,"C",0.0100506209689092,-4.59001938898206
2012,0,0.092,1000,0,0,"AA",7.76073144475949e-06,-11.7664262091043
2012,0,0.1725,15000,0,0.01,"AA",7.70245674445382e-05,-9.47130910174342
2012,0,0.1955,5000,0,0.17,"C",0.000314447061315528,-8.06438032598282
2012,0,0.276,12000,0,0.9,"D",0.190137636039142,-1.44911610207698
2012,1,0.1725,3000,0,0.73,"D",0.754387745116192,1.12215239388004
2012,0,0.138,8000,0,0.72,"B",0.00264757028622847,-5.93146185139169
2012,1,0.3335,3000,0,0.91,"Missing",0.792670351863394,1.34109740803222
2012,0,0.115,10000,0,0.12,"A",2.73313364733845e-06,-12.8100590177453
2012,0,0.23,5000,0,0.87,"D",0.751763082677066,1.10803762274861
2012,0,0.2185,6001,0,0.2,"C",0.201517336140305,-1.37683784341444
2012,0,0.2185,20000,1,0.82,"B",0.25857327498629,-1.05339722074391
2012,0,0.23,5950,0,0.74,"C",0.0223747436057357,-3.77719361805039
2012,0,0.2185,15000,1,0.94,"B",0.00266263880367508,-5.9257714265384
2012,0,0.138,3001,0,0.05,"AA",4.79815004375186e-05,-9.94464704624507
2012,0,0.1955,8000,0,0.8,"C",0.0120042298642725,-4.41041934013173
2012,0,0.207,13000,0,0.95,"B",0.000626938522782124,-7.37403493679691
2012,0,0.2875,5000,0,0.9,"D",0.297721339265934,-0.858172331984325
2012,1,0.23,2000,1,0,"D",0.541003152768233,0.164381765236365
2012,0,0.276,2500,1,0.96,"D",0.00417982560585371,-5.47329716890815
2012,0,0.276,4800,1,0,"C",0.395979161641476,-0.422247110180862
2012,0,0.2875,5000,1,0.92,"Missing",0.642444192108384,0.585988496523756
2012,1,0.3335,2550,0,0.9,"Missing",0.994584524626783,5.21306442194483
2012,1,0.1955,2000,0,0.25,"Missing",0.866196996334224,1.86774376477488
2012,0,0.1955,3000,0,0.88,"D",0.174971516536869,-1.55079471311877
2012,1,0.3335,3950,0,0.78,"Missing",0.917639678060087,2.41070101492215
2012,1,0.3335,2550,0,0.43,"Missing",0.986028310486551,4.25665196200866
2012,1,0.276,7100,0,0.9,"D",0.23086680516849,-1.20342321652858
2012,0,0.1265,3000,0,0.27,"B",6.51753758377694e-05,-9.63836365406741
2012,0,0.2875,6000,0,0.11,"D",0.000887034834192615,-7.0267388760239
2012,1,0.1725,9500,0,0.39,"B",0.157444687950082,-1.67736510338992
2012,0,0.3335,5000,0,0.9,"Missing",0.0134812330941143,-4.2928837718829
2012,0,0.1495,2550,0,0.53,"B",0.000834082381885148,-7.08834395082295
2012,0,0.0805,2550,0,0.01,"AA",0.000170896153645482,-8.6742835638009
2012,0,0.23,25000,0,0.08,"B",0.011376675265541,-4.46474816421273
2012,1,0.23,3000,0,0.39,"D",0.00394227717836634,-5.53204669014017
2012,1,0.3335,1800,0,0.98,"Missing",0.743742585613032,1.06551252365942
2012,0,0.138,2500,0,0,"B",0.00129276462052117,-6.64967863616265
2012,0,0.23,1000,0,0,"Missing",0.188131375480631,-1.4621980100811
2012,0,0.23,6500,1,0.92,"D",8.37165545046766e-05,-9.38799009615919
2012,1,0.2645,1300,0,0.43,"D",0.030769361158478,-3.44998317366143
2012,0,0.0805,3000,0,0.87,"C",8.2680232748123e-05,-9.40044732445627
2012,1,0.2875,5000,0,1,"Missing",0.953128418620875,3.01233809548678
2012,0,0.1955,2500,0,0.59,"C",2.17474394632559e-05,-10.7359927855112
2012,0,0.1725,5000,0,0.35,"B",0.0239973734356853,-3.70552089338228
2012,1,0.23,2000,0,1.03,"Missing",0.695070741962892,0.823933818538786
2012,1,0.2645,6001,1,0.85,"Missing",0.929236787234526,2.57502431837876
2012,1,0.207,4100,0,0.5,"C",0.13907765359945,-1.82297187422169
2012,0,0.1495,8500,0,0.21,"AA",1.61667859452927e-06,-13.335135146971
2012,1,0.2415,1000,0,0.42,"D",0.451796170799352,-0.19341604032248
2012,0,0.138,13000,0,0.36,"AA",0.00476298391079994,-5.34210657205867
2012,0,0.161,5000,0,0.34,"B",0.00487807855869856,-5.31811385940546
2012,0,0.1955,2000,0,0.79,"D",0.00247975268415124,-5.99711361554747
2012,0,0.1955,10000,0,0.39,"A",0.00131946044511789,-6.62921204794546
2012,0,0.1725,1500,1,0.64,"AA",0.0113085580736265,-4.47082250225988
2012,0,0.184,25000,0,0.85,"A",0.00308797999552102,-5.77714536733117
2012,0,0.276,2500,1,1,"D",0.916555055824852,2.39643507410412
2012,0,0.1495,1200,0,0.72,"D",0.000139272566216811,-8.87893835460394
2012,0,0.0575,2000,0,0.1,"AA",6.70908429417511e-05,-9.60939589903209
2012,0,0.2645,15000,0,0.18,"D",0.655526433026396,0.64342126853265
2012,0,0.1725,19300,0,0.39,"A",0.0277949989284188,-3.55471057882263
2012,0,0.115,3900,0,0.41,"AA",0.408830651611686,-0.368801506296763
2012,0,0.1725,5000,0,0.17,"B",0.000897584888732316,-7.01490487056957
2012,1,0.3335,12000,1,0,"Missing",0.4107645565515,-0.360805642740912
2012,0,0.2185,3000,0,0.97,"C",0.00263751483820161,-5.93527715512882
2012,1,0.253,13000,0,0.82,"D",0.0181364247013396,-3.99153004282863
2012,0,0.1955,5600,0,1.09,"B",0.00591776845174768,-5.12386050403672
2012,1,0.3335,2501,1,0,"Missing",0.999030253993073,6.93750615276889
2012,0,0.2185,4000,0,0.9,"D",0.0713967830314166,-2.56542872715283
2012,0,0.1725,2000,0,0.98,"C",0.0249945428505502,-3.66378555299619
2012,0,0.253,20000,1,0.89,"C",0.00142058205901746,-6.55526699859646
2012,0,0.1725,2300,0,0.46,"C",0.00183392647106635,-6.29946038789065
2012,0,0.23,7000,0,0.59,"C",0.00308001687944836,-5.77973543177777
2012,0,0.1725,9999,0,0.31,"B",6.39337697836188e-05,-9.65759892174591
2012,0,0.1265,3500,0,0,"D",0.206985903786833,-1.34319030398314
2012,1,0.299,4500,0,0.96,"Missing",0.681818548569139,0.762141742594688
2012,0,0.0805,2500,1,0.06,"AA",0.00327238963807572,-5.7189570291753
2012,0,0.207,1230,0,0,"C",0.0014878766707578,-6.50891624390301
2013,0,0.161,5000,0,0.34,"B",0.000390888621404387,-7.84669692926299
2013,0,0.2645,1750,1,0,"Missing",0.104047899703226,-2.15303558487654
2013,0,0.23,5000,1,0.43,"D",0.000564485617692682,-7.47903100765749
2013,0,0.1035,3001,0,0.21,"AA",0.0306815626378202,-3.45293127399615
2013,0,0.1725,3000,0,0.73,"D",0.000269836267131661,-8.21742532826308
2013,0,0.161,12000,1,0.37,"A",0.0385527899234362,-3.21641119085964
2013,0,0.1495,20000,0,0.52,"A",0.00630880966044905,-5.05947946927908
2013,0,0.23,15000,0,0.65,"B",0.0178801357586793,-4.00602299976729
2013,1,0.3105,1000,1,0.88,"Missing",0.96989590169348,3.47252742904751
2013,0,0.1955,3500,0,0.12,"D",0.01512253300431,-4.17633135098431
2013,1,0.3335,2500,0,0.89,"Missing",0.910572806790942,2.3206490489716
2013,1,0.3335,2000,0,0.4,"Missing",0.858913029183557,1.80629115574613
2013,1,0.276,25000,0,0.85,"B",0.674382738524673,0.728075163970368
2013,0,0.3105,10000,1,0.79,"D",0.0347795428065181,-3.32332716475657
2013,0,0.115,1000,0,0.3,"AA",1.91282015559754e-06,-13.1669299708142
2013,0,0.2875,8000,1,0.48,"D",0.0171968988115095,-4.0456797301978
2013,0,0.3335,5000,0,0.46,"Missing",0.870906135555383,1.90899443362844
2013,0,0.184,15000,0,0.59,"A",0.0302246264972242,-3.46840743195905
2013,0,0.2415,15500,0,0.66,"A",0.000154715587180777,-8.77376732043299
2013,1,0.276,3000,0,0.91,"Missing",0.914233220643583,2.36645395919353
2013,1,0.3335,2000,1,0.09,"Missing",0.997153865253334,5.85894324176307
2013,0,0.23,2000,1,0.78,"D",0.136050928827057,-1.84848452935832
2013,1,0.23,2000,0,0.77,"Missing",0.27032895561338,-0.992954236922048
2013,0,0.138,25000,1,0,"AA",0.0705131947231928,-2.578832760054
2013,0,0.1035,5000,0,0.17,"AA",0.000203362634803987,-8.50031641093807
2013,0,0.1955,15000,0,0.65,"B",0.00129580209076337,-6.64732875808912
2013,1,0.3105,1000,1,0,"Missing",0.934806061290389,2.66297258665955
2013,0,0.3335,3500,1,0.74,"Missing",0.417820402973582,-0.33172730384724
2013,0,0.23,12000,0,0.95,"C",0.00682742834826049,-4.97995635738323
2013,0,0.2875,10000,1,0.71,"D",0.050520126370869,-2.93354253433597
2013,0,0.0805,3000,1,0.09,"AA",0.00116420071412523,-6.75455563080037
2013,0,0.23,1750,0,0.96,"Missing",0.139072291200509,-1.82301666048252
2013,0,0.1265,8000,0,0,"A",0.00067981033895272,-7.29301667048772
2013,1,0.253,6001,0,0.25,"Missing",0.994084385202009,5.12422666679548
2013,0,0.1725,1800,1,1.02,"D",0.298972082368168,-0.852197512653976
2013,0,0.1035,5000,1,0,"AA",0.0105057277346572,-4.5452733695398
2013,0,0.1495,8500,0,0.21,"AA",3.39286853878109e-05,-10.2912157954909
2013,0,0.0805,1000,0,0.07,"AA",0.000841580067458558,-7.07938746596995
2013,0,0.0805,2550,1,0,"A",0.00022870095089893,-8.3828665719932
2013,0,0.115,7500,0,0.13,"AA",0.00980500267211968,-4.61500915855654
2013,0,0.207,15000,0,0.51,"B",5.19702206699806e-05,-9.86478771127862
2013,0,0.253,5000,1,0,"D",0.00129172176746226,-6.65048669031518
2013,0,0.161,1000,0,0,"B",5.4502361957664e-05,-9.81721201471417
2013,0,0.115,5000,0,1.13,"A",8.53695202902464e-05,-9.36843605297755
2013,0,0.1725,9999,0,0.31,"A",0.000743010134307566,-7.20405758732231
2013,0,0.2185,15000,0,0.3,"AA",0.0307731143819922,-3.4498573294715
2013,1,0.1955,1700,0,0.8,"Missing",0.786452088621573,1.30367058668268
2013,1,0.3335,8500,1,0.87,"Missing",0.960909162662883,3.2019917804133
2013,0,0.23,3000,0,0,"D",0.00521676816963402,-5.2506467704007
2013,0,0.3335,20000,0,1.05,"C",0.000107457747204063,-9.13830537340399
2013,0,0.2185,10000,1,1.02,"C",0.00974510076209859,-4.62119771118279
2013,0,0.207,10000,0,0.15,"B",6.62924424755693e-06,-11.924013120808
2013,0,0.207,5000,0,0.66,"C",7.47814080336516e-05,-9.50086647537447
2013,0,0.138,9000,0,0.12,"A",0.00074690974087487,-7.19881902013035
2013,0,0.1955,10000,0,0.05,"B",0.0349300432986064,-3.31885329430233
2013,0,0.2415,1000,0,0.42,"D",0.353516384320316,-0.603618021663471
2013,0,0.161,2100,0,0.92,"C",0.00550772913971528,-5.19607992251757
2013,0,0.276,3000,0,0.67,"Missing",0.650296618315397,0.620343280402611
2013,0,0.3335,3100,0,1,"Missing",0.300740660636838,-0.843773387454509
2013,1,0.3335,5000,0,0.71,"Missing",0.995143292823481,5.32252606709195
2013,1,0.3335,5000,0,0.77,"D",0.517151981650559,0.0686348573507547
2013,0,0.1265,1000,0,0.98,"D",0.00703983385840779,-4.94910597834603
2013,0,0.276,3500,0,0.83,"Missing",0.391732834741701,-0.440034138586765
2013,0,0.1725,5000,1,0.92,"C",0.00471384452090156,-5.3525264677016
2013,0,0.1035,6001,0,0.26,"AA",0.000197224632727674,-8.53096996710044
2013,1,0.1955,1800,0,0.96,"Missing",0.602578465729557,0.416220373914135
2013,0,0.2185,12500,0,0.88,"C",0.0363305247046432,-3.27809007900098
2013,0,0.23,20000,1,0.2,"C",0.00404410680925393,-5.5064422600657
2013,0,0.1035,6000,0,0,"AA",0.0312803376465422,-3.43298555395124
2013,0,0.1265,6000,0,0.4,"AA",0.000210349682631081,-8.46652888488561
2013,0,0.1725,1000,0,0,"D",0.00300584514274786,-5.80418613326187
2013,1,0.276,6000,0,0,"Missing",0.685487997269823,0.779108749499747
2013,0,0.115,9990,0,0.05,"AA",0.000677212264997955,-7.2968483548547
2013,1,0.3335,3000,0,1.34,"Missing",0.869216154350649,1.89404590633267
2013,0,0.1725,10000,0,0.08,"B",0.0345095936813327,-3.3313988022283
2013,0,0.115,3600,1,0.28,"A",0.000167622044232901,-8.69363121363515
2013,0,0.207,7500,0,0.58,"C",0.00229190000252429,-6.0760795795723
2013,1,0.3335,5000,0,0.89,"Missing",0.808998476553819,1.44351562976128
2013,0,0.2645,5300,0,0.45,"D",0.00313804071218858,-5.76101367614
2013,0,0.1035,3600,0,0.23,"AA",0.000173144694730294,-8.66120976763188
2013,0,0.3335,6500,1,0.85,"D",0.00156156648545654,-6.46050301720431
2013,0,0.207,7000,0,0.54,"B",0.000396852253667882,-7.83154957253218
2013,0,0.1955,2800,0,0,"C",0.0269825174510751,-3.58521289522831
2013,0,0.1265,25000,0,0.23,"AA",0.00113717444441658,-6.7780708292958
2013,0,0.23,1300,0,0,"Missing",0.0539126453697517,-2.86496984746355
2013,0,0.276,5500,0,0,"D",0.00983681481332553,-4.61173780223704
2013,0,0.0805,1000,1,0.08,"AA",0.0385400827759469,-3.21675406562835
2013,0,0.3335,7200,0,1.15,"Missing",0.557275743464345,0.23011303803095
2013,0,0.2645,7000,0,0.52,"D",0.0258837810042577,-3.62791406137667
2013,0,0.1955,2400,0,0.77,"D",0.000395024031977265,-7.83616885239056
2013,0,0.1035,3000,0,0.71,"AA",6.45790876353406e-06,-11.9501985554642
2013,1,0.322,6500,1,0,"Missing",0.999350488927506,7.33864095218266
2013,1,0.3335,2975,0,0.96,"Missing",0.976238567006631,3.71564318610802
2013,0,0.1955,8000,0,0.8,"C",0.0022028192550626,-6.11581201040781
2013,1,0.2645,1525,0,0.56,"D",0.727352941506113,0.981233703617811
2013,0,0.184,20000,0,0.29,"AA",4.5719368014942e-06,-12.2955690631253
2013,0,0.3335,20000,0,0.89,"C",0.0483697363275285,-2.97930224519472
2013,1,0.2415,5000,0,0,"D",0.486843481662755,-0.052638224072048
2013,0,0.115,7500,0,0.13,"AA",0.000117419255204427,-9.04964222420334
2013,0,0.1955,4500,0,0.05,"D",7.44518834674668e-05,-9.5052830460778
2013,0,0.1265,20000,1,0.87,"AA",0.105227388867662,-2.14044600334938
2013,0,0.2875,7000,0,0.62,"D",0.035131209191298,-3.31290223785992
2013,0,0.2875,4000,0,0.45,"D",0.02602856817808,-3.62218726154519
2013,0,0.3335,3000,0,0.98,"Missing",0.305069166239954,-0.823273795387481
2013,0,0.23,8000,1,0.52,"D",0.0195313153226285,-3.91601161556082
2013,1,0.276,8000,1,0.93,"Missing",0.929135817682417,2.57348980588962
2013,0,0.1955,6500,0,0.79,"C",0.0240296641718652,-3.7041431180515
2013,0,0.207,4500,1,0.71,"C",0.000823630218710351,-7.10096492289196
2013,0,0.138,10000,0,0.5,"B",0.00023979515703629,-8.33548568750764
2013,0,0.2185,18000,0,0.76,"C",0.000296971161086682,-8.12157850932864
2013,0,0.3335,25000,0,0.61,"A",0.0151585868786734,-4.17391346424088
2013,0,0.115,5000,0,0.71,"AA",0.000309572723777183,-8.08000790097345
2013,0,0.138,1000,1,0.45,"D",0.141399619014947,-1.80371354043777
2013,0,0.1265,12000,0,0.47,"A",0.00105970255808553,-6.84870675137514
2013,0,0.1955,8500,1,0.21,"B",7.32780166481991e-05,-9.52117662265336
2013,1,0.276,3500,0,0.94,"Missing",0.954507655540913,3.04365160545181
2013,0,0.3335,5000,0,0.46,"Missing",0.545845850451821,0.183899933842208
2013,0,0.276,1000,0,0,"D",0.0549343205699128,-2.84511612693556
2013,1,0.3335,10000,1,0.72,"Missing",0.976222861324424,3.71496634267362
2013,0,0.3335,7500,1,0.09,"D",0.211950733940201,-1.31320674769259
2013,0,0.23,10000,0,0.03,"D",0.0109787622040472,-4.50075310754739
2013,1,0.3335,6000,1,0.77,"Missing",0.990844521853584,4.68420522720184
2013,0,0.2875,5000,0,0.76,"C",0.000194066078817155,-8.54711775952456
2013,0,0.1265,18000,0,0.46,"AA",5.76172891370967e-06,-12.0642672079194
2013,0,0.23,8000,0,0.91,"D",0.00580316118273953,-5.14353241344749
2013,0,0.138,5000,0,0,"AA",0.00186873280547843,-6.2806242408844
2013,1,0.3335,5500,0,0.77,"Missing",0.945268138713866,2.84902261882207
2013,0,0.276,10000,0,0,"C",0.00553398773552741,-5.1912972568498
2013,0,0.207,3000,1,0.93,"C",0.00165221111308212,-6.40398724210638
2013,0,0.2875,5000,0,0.76,"C",0.0356012492793306,-3.29912412155247
2013,0,0.1955,20000,1,0.01,"AA",0.0033349831073988,-5.69994710831652
2013,0,0.23,5000,0,0.22,"D",0.102121743673928,-2.17386882010953
2013,0,0.3335,2550,0,0,"Missing",0.644513361198361,0.595007888977139
2013,0,0.1955,1000,0,1.02,"D",8.99858466733158e-06,-11.6184342535548
2013,1,0.3335,3000,0,0.91,"Missing",0.994330060934808,5.16689083399116
2013,0,0.1725,7500,0,0.72,"B",0.000140246422789724,-8.87196926358413
2013,0,0.207,15000,0,0.65,"B",0.00724805889122027,-4.91974713141801
2013,0,0.1725,9500,0,0.36,"A",0.00754612827496844,-4.8791459141641
2013,1,0.3335,5500,0,0.99,"Missing",0.745059200445611,1.07243231931266
2013,0,0.2875,5500,0,0.49,"Missing",0.407507871792463,-0.374277337418896
2013,1,0.3335,2550,0,0.43,"Missing",0.980238310824189,3.90405054314098
2013,1,0.3105,1700,1,0,"Missing",0.980875874221617,3.93749525398072
2013,0,0.1725,1500,1,0.85,"D",0.0777245912455932,-2.47367218998024
2013,1,0.3335,3001,0,0,"Missing",0.998919161604409,6.82893682386804
2013,1,0.299,5000,0,0,"Missing",0.994887770614842,5.27099434947553
2013,0,0.184,5000,0,0,"C",1.9476895735735e-05,-10.8462621518448
2013,0,0.1265,15000,0,0.21,"A",0.0102946679455762,-4.56578116842553
2013,0,0.276,7100,0,0.9,"D",0.0404856127012294,-3.16548064086039
2013,0,0.2415,5000,1,0.94,"C",0.00112969795066458,-6.78467464574543
2013,0,0.3335,8000,0,0.8,"Missing",0.0538262792984683,-2.86666437859243
2013,0,0.1725,14500,1,0,"A",0.00333438280333681,-5.70012772896118
2013,0,0.161,10000,0,0.44,"A",0.00770088475763055,-4.85868936344956
2013,1,0.3335,2500,0,1.09,"Missing",0.9054566998084,2.25938152444148
2013,0,0.161,1500,1,0.25,"AA",0.0502556011900214,-2.93907088731352
2013,0,0.1955,3800,0,1.1,"D",0.00330375573318614,-5.70938613150618
2013,0,0.2415,6000,0,0.89,"C",8.25412097480604e-05,-9.40213033262411
2013,0,0.253,12150,0,0,"D",0.0349131934603555,-3.31935325837257
2013,1,0.3335,5500,1,0.72,"C",0.333074837454656,-0.694310637706866
2013,0,0.1725,2600,0,0.68,"C",0.00345837415807604,-5.66349232870064
2013,1,0.322,3001,0,0.75,"Missing",0.905911703133698,2.26470817364172
2013,1,0.322,5000,0,0.95,"Missing",0.771261140069644,1.21544601607811
2013,0,0.2875,6000,0,0.11,"D",0.0939937635166268,-2.26581775505378
2013,0,0.1725,2000,0,0.36,"D",0.000232205228421236,-8.36765673987443
2013,1,0.1725,5100,0,0.19,"C",0.0929407201011792,-2.278245934543
2013,0,0.2645,7500,0,0.89,"D",0.0666365707816363,-2.63954111489088
2013,0,0.207,15000,0,0.58,"C",0.00530509175423367,-5.2337689975418
2013,1,0.3335,10000,0,0.62,"C",0.524931387862356,0.0998083240561787
2013,0,0.161,3000,0,0.35,"C",0.0263614451384919,-3.60913760990757
2013,0,0.1725,1000,0,0,"Missing",0.704737701521075,0.869961570334129
2013,0,0.2645,5000,0,0,"D",0.000147659912649347,-8.8204511450841
2013,0,0.115,3000,0,0.14,"AA",0.000180726274474723,-8.61834622448415
2013,0,0.23,7500,1,0.62,"C",0.0409329388332267,-3.15402591128879
2013,1,0.3335,7000,0,0.7,"D",0.392985577017924,-0.434779640372073
2013,0,0.322,1900,0,1.2,"Missing",0.0185368697850542,-3.96928273815258
2013,0,0.207,7500,0,0,"C",0.0016951066305271,-6.37831308631346
2013,0,0.207,15000,0,0.58,"C",0.000710318770625115,-7.24908614480904
2013,0,0.0805,1000,0,0.02,"AA",0.000323310579901414,-8.03657378619403
2013,0,0.23,1300,0,0,"Missing",0.0444388674457266,-3.06818426185533
2013,1,0.3335,3800,0,0.96,"Missing",0.95641568874449,3.08849538739651
2013,0,0.184,8000,0,0.8,"C",0.00014001253788444,-8.87363856070691
2013,0,0.1265,23500,0,0.02,"AA",0.00290613300755974,-5.83802158089088
2013,0,0.138,13000,0,0.36,"AA",0.0029550728720125,-5.82127252012797
2013,0,0.138,22000,0,0.37,"AA",0.249292724569655,-1.10238798939169
2013,0,0.1265,1600,0,0.9,"B",1.31254563447929e-05,-11.2409438554215
2013,0,0.2875,9000,0,0.97,"D",0.000427649485861622,-7.75677891522526
2013,0,0.161,14100,0,0.73,"B",5.21969721183153e-05,-9.86043387181989
2013,0,0.1035,6100,0,0.48,"A",0.00137127025119471,-6.59064556676214
2013,1,0.1725,4500,0,0.96,"A",0.242589101493993,-1.13853683299713
2013,0,0.161,25000,1,0.63,"AA",0.0106290566162804,-4.53347788932312
2013,0,0.115,2550,0,0.02,"AA",0.27223296965236,-0.983322777943949
2013,1,0.2185,10000,1,0.88,"D",0.841584064711945,1.67006183140258
2013,0,0.1955,3000,1,0.14,"AA",0.000683397974786969,-7.28774955012712
2013,0,0.138,11000,0,0.7,"A",0.00108165867361481,-6.82817736300324
2013,0,0.2645,10000,1,0,"D",0.0209162759401803,-3.84608954983471
2013,0,0.276,2500,1,1,"D",0.271671057865239,-0.986160801374572
2013,1,0.2645,1600,0,0.74,"Missing",0.986764853418386,4.31155585637941
2013,1,0.3335,9000,0,0.85,"Missing",0.992468604153639,4.88111498297117
2013,0,0.1035,3030,0,0.04,"AA",7.25787091909755e-06,-11.8334167760723
2013,0,0.2645,14000,0,1.04,"D",0.000291475924482888,-8.1402616289982
2013,1,0.3105,3000,1,0.79,"D",0.558872235305217,0.23658633830049
2013,0,0.322,25000,1,0.75,"C",0.175772793785498,-1.54525401094756
2013,0,0.161,22000,0,0.77,"B",6.89742875405809e-05,-9.5817077904892
2013,0,0.276,4592,0,0.6,"C",0.182144912470503,-1.50188257367427
2013,0,0.1035,4500,0,0.07,"AA",0.00269241426802968,-5.91462094513522
2013,0,0.2645,25000,0,0,"B",0.010780386034746,-4.51918798844655
2013,1,0.253,1100,1,0,"Missing",0.758185621028806,1.14275783549252
2013,1,0.1725,1000,1,1.75,"Missing",0.988837715390118,4.48398957841386
2013,0,0.207,2275,0,1.03,"D",0.375338923221531,-0.509379812445706
2013,0,0.1265,5000,1,0,"A",0.00272843395969166,-5.90129531259889
2013,0,0.23,4500,0,0.39,"D",0.0200542858680059,-3.8890542864753
2013,0,0.207,15000,0,0.61,"A",0.0392920433853012,-3.19664842749421
2013,0,0.23,15000,0,0.65,"B",0.000593024654255857,-7.42968138379424
2013,0,0.1725,8500,0,0.55,"AA",0.00100033249763368,-6.90642200344944
2013,0,0.1035,1500,0,0.29,"A",0.000136085903940263,-8.90208812984894
2013,0,0.1725,1800,1,1.02,"D",0.000430065780483205,-7.75114222482337
2013,1,0.2875,4800,0,0.85,"Missing",0.999923320692975,9.47580199481217
2013,1,0.23,1000,1,0.76,"C",0.83388603938779,1.61342268707361
2013,1,0.3335,5000,1,0,"Missing",0.834897930656709,1.62074559391887
2013,0,0.2415,9500,0,0.73,"D",0.0145461653609167,-4.21577487108335
2013,0,0.1725,5000,1,0.92,"C",0.000520023517606295,-7.56111636246879
2013,0,0.2185,7400,1,0.87,"C",0.220654049978746,-1.26185895199918
2013,1,0.207,12000,0,0.57,"A",0.524529145261102,0.09819540781481
2013,0,0.3335,5500,0,0.41,"D",0.0215843518263374,-3.81396597821804
2013,1,0.1265,1000,0,0.97,"Missing",0.66052305821341,0.665626007055029
2013,0,0.2185,15000,0,0.37,"C",0.0246857866763795,-3.67653204935294
2013,0,0.184,3500,1,0,"C",0.147260859231515,-1.75624812013476
2013,0,0.1035,3500,0,0.1,"AA",1.09237906942533e-05,-11.4245565908606
2013,0,0.161,9900,0,0.02,"AA",0.000458059687364741,-7.6880528959554
2013,0,0.1725,25000,0,0.9,"B",0.00398783277528401,-5.52051155435356
2013,0,0.2875,12000,0,0.43,"C",0.00237179221892329,-6.04173478972861
2013,0,0.2415,10000,0,0.21,"D",0.0251522688045129,-3.65733318227671
2013,1,0.3335,2550,0,0,"Missing",0.999441548330851,7.48978387242418
2013,1,0.276,5700,0,0.1,"A",0.886343602376142,2.05392484744159
2013,0,0.2875,13000,0,0.93,"D",0.354531755279841,-0.599178094601567
2013,0,0.138,5000,0,0,"AA",1.07301541816679e-05,-11.442441901999
2013,0,0.207,15000,0,0.65,"B",0.0804407302130393,-2.4363738580817
2013,1,0.2875,2500,0,0,"Missing",0.554124598328532,0.217350023649953
2013,0,0.23,3500,1,0.81,"C",0.00261649081305581,-5.94330132350816
2013,0,0.115,1500,1,0.79,"A",0.0181699585393648,-3.98964861891909
2013,0,0.161,6001,0,0.54,"A",0.12830988481952,-1.91598567501668
2013,0,0.1265,15000,0,0.01,"AA",0.00688152227693333,-4.97201008118864
2013,0,0.0805,2550,0,0.01,"AA",0.000846074274627696,-7.07405697474613
2013,0,0.2415,25000,1,0.01,"B",0.000198704391546186,-8.52349358312489
2013,0,0.253,13000,0,0.82,"D",0.0272073607772414,-3.57668339109265
2013,0,0.1955,1550,0,0.95,"Missing",0.0816404152414685,-2.42026459427535
2013,0,0.1725,10200,0,0,"C",0.0639451163580717,-2.68364895258586
2013,0,0.161,5000,0,0,"B",0.00134882732081177,-6.60716997747126
2013,0,0.2415,25000,0,0.99,"C",0.00405039278390969,-5.50488280104281
2013,0,0.322,6000,0,0.68,"D",0.14811775418614,-1.74944071433278
2013,0,0.1725,10200,0,0,"C",0.000894068101745675,-7.01883414122372
2013,0,0.1725,20000,1,0.79,"B",0.000164147597745174,-8.71458038756238
2013,0,0.115,5200,0,0,"A",0.0120222343710441,-4.40890239346438
2013,0,0.1725,10200,0,0,"C",0.0167310159867056,-4.07361847694886
2013,0,0.276,10000,0,0.54,"A",1.88037917397221e-05,-10.8814332162131
2013,0,0.1265,1000,0,0.05,"C",0.000135899180896027,-8.90346135566445
2013,0,0.092,4000,0,0.13,"AA",0.000117545889179335,-9.04856420161803
2013,0,0.1495,2600,1,0.1,"C",0.0356736662642508,-3.29701698085943
2013,0,0.1035,2000,0,0.85,"A",0.0337454449629167,-3.35458186988146
2013,0,0.1265,1500,0,0,"AA",5.09732999397699e-05,-9.88415761832356
2013,1,0.3335,2500,0,0.96,"Missing",0.720382064048273,0.946357558866033
2013,0,0.3335,25000,0,0.38,"B",0.00749060493008956,-4.88658691928215
2013,0,0.322,3500,0,0.93,"D",0.000126018171532384,-8.97895841678781
2013,0,0.1495,15000,0,0,"B",0.0458808610374849,-3.0347404880104
2013,0,0.299,7000,0,0.92,"C",0.00573672365823802,-5.15511378100046
2013,1,0.3335,2100,0,0,"Missing",0.924383230919788,2.50344866591462
2013,0,0.1725,9500,0,0.94,"B",0.0104217193024467,-4.5533868503314
2013,0,0.2185,15000,0,0.3,"AA",0.00070955479999379,-7.25016302021126
2013,0,0.0575,1000,0,0.64,"D",0.0971896515448976,-2.22884826728858
2013,0,0.23,3500,0,1,"D",0.00273466841205656,-5.89900667474566
2013,1,0.3335,2400,0,0.87,"Missing",0.884299226060041,2.03378817300753
2013,1,0.322,6000,0,0.98,"Missing",0.42030988803316,-0.32150140317846
2013,0,0.23,1500,0,0.88,"Missing",0.0770126641467205,-2.48364563600506
2013,0,0.2185,4000,0,0.85,"C",0.00383419856637883,-5.55995327683314
2013,0,0.2415,5000,0,0.97,"D",0.0810554875102201,-2.42809179125715
2013,0,0.3335,5000,0,0.71,"Missing",0.565451980666507,0.263318922224187
2013,0,0.322,3001,0,0,"Missing",0.0404775426161954,-3.16568840345738
2013,0,0.23,3000,0,0.98,"D",0.307409017973048,-0.812260444463945
2013,0,0.1955,5600,0,1.09,"B",0.00330316734340166,-5.70956483494937
2013,0,0.1265,15152,0,0.6,"A",1.23505732117178e-05,-11.3017957314136
2013,1,0.3335,1500,1,0.94,"Missing",0.999564114308623,7.73769454401274
2013,0,0.3335,15000,0,0,"AA",0.00054401613003837,-7.51598749658158
2013,0,0.184,6000,0,0.16,"A",0.00274347057296288,-5.89578428683055
2013,0,0.161,22000,0,0.77,"B",0.000180351270173222,-8.62042374028059
2013,0,0.1955,9000,0,1,"Missing",0.034901633408887,-3.31969639977526
2013,0,0.3335,10000,0,0.04,"B",0.0262424970043521,-3.61378218263869
2013,0,0.184,5000,1,0.69,"C",0.0113221352380296,-4.46960888017234
2013,0,0.253,5000,0,0.93,"D",0.0014247701673145,-6.55231897824717
2013,0,0.115,8000,0,0.45,"AA",0.000406691856176307,-7.80704799482848
2013,1,0.299,1200,1,0,"Missing",0.718183144397947,0.935467200549496
2013,1,0.23,10000,1,0.85,"Missing",0.921908115511464,2.46855942114582
2013,0,0.1725,3000,1,0,"C",0.000393749681071529,-7.839401350581
2013,1,0.3335,5000,0,0.46,"Missing",0.937338936066304,2.70530467670414
2013,0,0.1955,1000,1,0.14,"D",0.00184608087953975,-6.29284254347253
2013,0,0.2645,5000,0,0.78,"D",0.000402902971157076,-7.81641180720771
2013,0,0.1495,9900,0,0.86,"B",0.0193915417005718,-3.92333627863669
2013,0,0.161,5000,0,0.34,"B",0.000327221610663567,-8.02454563299708
2013,1,0.069,6000,1,0.81,"Missing",0.643925437300899,0.592442784107281
2013,0,0.069,9600,1,0.16,"C",0.0106614976734618,-4.53039763676363
2013,1,0.3335,4000,0,0.8,"D",0.5368312415966,0.147592306991054
2013,1,0.2875,4800,0,0.85,"Missing",0.986159300749594,4.26620443139265
2013,0,0.2415,14000,0,0.85,"C",0.00627190922240884,-5.06538280923385
2013,1,0.3335,3500,1,0,"Missing",0.823914608381768,1.54309783690919
2013,1,0.322,1200,0,0.81,"Missing",0.850592948351969,1.73925922120971
2013,0,0.276,6000,0,0,"Missing",0.00034530671001008,-7.9707321550082
2013,0,0.2875,3000,0,0.71,"D",0.00692028620866761,-4.96635380813629
2013,0,0.1265,1500,0,0.39,"B",0.000594926882860239,-7.42647694199684
2013,0,0.161,2400,0,0.94,"B",5.10365852022719e-05,-9.88291678762253
2013,0,0.3335,15000,0,0.97,"D",0.23905144590986,-1.15788696892072
2013,0,0.092,2000,0,0.05,"AA",0.000159851048910444,-8.7411082568115
2013,0,0.1725,9800,0,0.94,"B",1.32922984517902e-05,-11.2283124618471
2013,0,0.1725,9500,0,0.39,"B",7.37043946968294e-05,-9.5153744238994
2013,0,0.2875,15000,0,0.45,"C",0.00123381347005917,-6.69641094846514
2013,0,0.253,5000,0,0.86,"Missing",0.190163051905732,-1.44895105668431
2013,0,0.23,5000,0,0.61,"C",0.00075962072903408,-7.18193138060375
2013,1,0.3335,7100,1,1.12,"Missing",0.98334630314063,4.07832912483686
2013,1,0.23,1000,0,1.07,"Missing",0.876553203659399,1.96018713825791
2013,0,0.1035,5000,1,0,"AA",0.0825314425906104,-2.40843896644557
2013,0,0.322,1250,0,0,"Missing",0.303763170163818,-0.829441522929096
2013,0,0.23,15000,1,0.8,"B",0.000333280077120004,-8.00619401342733
2013,0,0.2185,13000,1,0.89,"C",0.0133037757213437,-4.30631433147873
2013,0,0.3335,3000,1,0.8,"Missing",0.964251937133923,3.29485652393269
2013,0,0.1725,2000,0,0.54,"C",0.0224300671154936,-3.77466749114572
2013,0,0.161,4000,0,0.18,"B",0.0378290331745974,-3.23611527385791
2013,0,0.1495,24250,0,0,"AA",3.32881168610003e-05,-10.3102767870144
2013,0,0.207,18000,0,0.15,"B",0.127259102770031,-1.92541352853433
2013,0,0.161,2000,0,0.98,"B",0.273510037987917,-0.9768863428457
2013,0,0.299,7000,0,0.92,"C",0.018833908778465,-3.95308284968306
2013,0,0.1725,2000,0,1.59,"Missing",0.00628249108779063,-5.06368639814208
2013,0,0.1725,8942,0,0,"B",0.00660025391462761,-5.01402502686599
2013,0,0.1265,15000,0,0.21,"A",3.2534686856208e-06,-12.6357855894121
2013,0,0.253,5000,0,0.55,"C",0.000782483673803151,-7.15225470994301
2013,0,0.2185,5500,0,0.29,"B",0.000452881259340973,-7.69942760365994
2013,0,0.138,10000,0,0.58,"A",0.219804778524506,-1.2668043902477
2013,1,0.115,7500,1,1.02,"D",0.210813067634139,-1.32003141051452
2013,1,0.322,3001,0,0,"Missing",0.997341882985921,5.92747564022451
2013,0,0.3335,4000,0,1,"Missing",0.250343871332733,-1.09677914819923
2013,1,0.253,1100,1,0,"Missing",0.914956911263224,2.37571891828949
2013,0,0.23,4000,1,0.98,"B",0.00122414504292495,-6.70428770787028
2013,0,0.1035,3001,0,0.34,"AA",2.10652715155901e-06,-13.070467759663
2013,0,0.3335,8500,1,0.93,"B",0.011953953362117,-4.41466725362197
2013,0,0.2185,6000,1,0.61,"D",0.320377477624475,-0.752037611715505
2013,0,0.299,3001,1,1.01,"Missing",0.206575117438222,-1.34569475843796
2013,0,0.299,2200,0,0.97,"Missing",0.074680059500776,-2.51692644391363
2013,0,0.1265,6001,0,0.01,"A",0.678128242524658,0.74518322081633
2013,0,0.3335,15000,0,0.49,"C",0.102193159824252,-2.17309019892073
2013,1,0.23,5000,0,0.45,"D",0.883475849268324,2.02576540215338
2013,0,0.1725,1500,1,0.42,"C",0.0115038516720675,-4.45350283882227
2013,0,0.2875,2000,1,1.4,"Missing",0.847676390942019,1.71649168382048
2013,0,0.2645,3890,0,0.97,"Missing",0.31789117181243,-0.763480120033506
2013,0,0.1955,3000,0,0.91,"D",0.0161398846997292,-4.11019020864173
2013,0,0.276,9000,0,1.03,"D",0.00542364135782806,-5.21154944917625
2013,0,0.2185,12500,0,0.88,"C",0.0438054809206269,-3.08320241946638
2013,0,0.1725,1000,0,0.87,"C",0.000233683554217485,-8.36130897937469
2013,0,0.276,5000,0,0.9,"C",0.0930323103957336,-2.27715996968587
2013,0,0.2645,25000,0,0.04,"AA",0.000153678318926854,-8.7804952882245
2013,0,0.0805,2000,0,0.39,"C",0.0118984654782166,-4.41937601981006
2013,1,0.2645,10000,1,0.72,"D",0.728972605557593,0.989416250918135
2013,0,0.1495,9000,0,0.86,"B",2.28257347912134e-05,-10.68759911362
2013,1,0.3335,2200,0,1.06,"Missing",0.895060547366072,2.14350782442081
2013,0,0.1035,2550,0,0.01,"AA",1.39006125880929e-05,-11.1835637470037
2013,0,0.1725,7500,1,0,"A",0.231481365534103,-1.19996543469247
2013,1,0.2645,7500,1,0.81,"Missing",0.425817161988388,-0.298937821792409
2013,0,0.3105,25000,1,0,"C",0.0471353374242145,-3.00644989808297
2013,0,0.1725,7000,0,0,"A",0.424150291243778,-0.30575885144523
2013,0,0.3105,3200,1,0,"Missing",0.0526028696064457,-2.8909476880458
2013,0,0.299,10000,0,0.46,"D",0.387284583795612,-0.458740799081411
2013,1,0.1955,1500,0,0.77,"Missing",0.3309289976842,-0.703986342648411
2013,0,0.2875,15000,0,0.65,"D",0.0037664081515225,-5.57785995769938
2013,0,0.2875,16000,1,0.67,"D",0.00245987309323941,-6.00518261493087
2013,0,0.115,3000,0,0.14,"AA",0.000228636145955828,-8.38315003802394
2013,0,0.1495,10000,0,0.51,"A",0.0106457383136197,-4.53189281566594
2013,1,0.23,5500,0,0.95,"Missing",0.919351483899504,2.43356810752111
2013,0,0.2185,6000,1,0.61,"D",0.03146983278481,-3.42675023316839
2013,0,0.1035,2000,0,0.02,"AA",0.0901417956110275,-2.31190483070634
2013,1,0.1725,1000,1,1.75,"Missing",0.279196579945957,-0.948450329749968
2013,1,0.3105,2000,0,0,"Missing",0.982254775522588,4.01373428405
2013,1,0.3335,2000,1,0.09,"Missing",0.955857244882632,3.07517975988194
2013,1,0.3335,4531,0,0,"Missing",0.957048281792726,3.10377718891837
2013,0,0.23,7500,0,0,"D",0.0437798489928909,-3.08381452715758
2013,0,0.138,17500,0,0.13,"AA",0.000196267973600913,-8.53583333303116
2013,0,0.1725,3010,0,0.34,"AA",0.0011921339328017,-6.73081751182818
2013,0,0.207,10000,0,0.66,"B",0.000185097159978265,-8.59444456738519
2013,1,0.3105,3750,0,0.88,"Missing",0.934720861703447,2.66157543062834
2013,0,0.1725,7500,1,0,"A",0.000236241852596763,-8.3504182087859
2013,0,0.3335,4750,0,1,"Missing",0.816657122752851,1.49386128246213
2013,1,0.2645,1500,0,0.84,"Missing",0.83440793062832,1.61719505769275
2013,0,0.1035,2000,0,0.06,"AA",0.000304613310536314,-8.0961627603313
2013,0,0.207,3000,1,0.95,"D",0.00234302544764179,-6.05396648375253
2013,0,0.1495,5000,0,0.95,"B",0.000173921367628554,-8.65673333457895
2013,0,0.1955,5000,0,0,"C",0.0119805275900996,-4.41241977551258
2013,1,0.3335,2550,0,0.91,"Missing",0.994556549400019,5.20788379756849
2013,0,0.2645,12500,1,0.41,"D",0.00705546782019319,-4.94687191010113
2013,0,0.1955,1275,0,0.91,"A",0.0151906151663875,-4.17177029060564
2013,0,0.1265,13000,1,0,"AA",8.25291321298521e-05,-9.40227667769135
2013,0,0.207,4800,0,0.89,"C",8.00915422845869e-06,-11.7349173827285
2013,0,0.161,3500,0,0.94,"C",0.00419808928398582,-5.46891886358925
2013,0,0.2415,5000,1,0.94,"C",0.00289836975933322,-5.84070427384381
2013,1,0.3335,3500,0,0.88,"Missing",0.641445106089426,0.58164183980914
2013,0,0.207,18000,0,0.15,"B",0.00201439496313299,-6.20541996852227
2013,1,0.3335,3000,1,0,"Missing",0.985169849403938,4.19615175132606
2013,0,0.2645,14000,0,1.04,"D",0.000107760427484045,-9.13549229263482
2013,0,0.2185,23000,0,0.27,"A",0.00791385855410288,-4.8311944697168
2013,0,0.253,2000,1,0.84,"D",0.0347301654365757,-3.32479905331049
2013,0,0.2415,4000,1,0.91,"D",0.00408212236975255,-5.49704776017707
2013,1,0.3335,3000,1,1.01,"Missing",0.946323735795437,2.86961382950116
2013,0,0.115,1000,0,0.24,"AA",0.128929825046855,-1.91045427740599
2013,0,0.1265,25000,0,0.23,"AA",0.000138652045060638,-8.88340437454686
2013,0,0.115,6500,0,0.69,"AA",0.0103244168171207,-4.56286554102207
2013,0,0.1035,4800,0,0.12,"AA",6.38594706689056e-05,-9.65876179813261
2013,1,0.3335,5900,0,0.88,"Missing",0.980534721913245,3.91946579000351
2013,0,0.1725,25000,0,0,"A",0.00883084134326073,-4.72063492223493
2013,0,0.276,10000,0,0.57,"D",0.00920490664471902,-4.67877107256563
2013,0,0.1725,5000,0,0.41,"B",0.000109541223721206,-9.11910005999207
2013,0,0.184,10000,0,0.35,"AA",0.00160124138967025,-6.43537355727608
2013,0,0.1265,3500,1,0.18,"A",5.64589308843858e-05,-9.7819406105996
2013,1,0.3335,5000,1,1.05,"Missing",0.991957297892645,4.81491495014715
2013,1,0.3335,3001,1,0,"Missing",0.999495875513033,7.59218307084128
2013,1,0.3105,1000,0,0,"Missing",0.404946500517487,-0.384896355706959
2013,0,0.115,1000,0,0.28,"A",0.000927082357249749,-6.9825406412087
2013,0,0.0805,5000,0,0.33,"AA",0.000842223094315545,-7.07862304323415
2013,1,0.3335,3100,0,1,"Missing",0.838894189619453,1.65002322718766
2013,0,0.3335,5500,0,0.72,"D",0.816406763777008,1.49219007801883
2013,1,0.276,1025,1,0.59,"Missing",0.990009672413254,4.59609732960642
2013,0,0.184,25000,0,0.63,"A",5.9295491611016e-07,-14.3381468746795
2013,0,0.23,7000,0,0.86,"D",0.00100493880480446,-6.90182318597249
2013,1,0.3335,3500,0,0,"Missing",0.966205737771422,3.35308575906739
2013,0,0.3335,3001,0,0,"Missing",0.0396087547887115,-3.18829057418346
2013,0,0.1725,5000,0,0,"C",0.00269691323375038,-5.91294685028003
2013,0,0.3335,7000,1,0.91,"D",0.0805028772414734,-2.43553398898659
2013,1,0.3335,5000,1,0.7,"C",0.0568238325908839,-2.80929725550948
2013,0,0.1265,1527,0,0.03,"AA",0.000439378521991837,-7.72970980444131
2013,0,0.23,5000,0,0.7,"D",0.0276880015705874,-3.55867757593641
2013,1,0.1955,1500,0,0,"Missing",0.762497120103372,1.1664189822791
2013,0,0.161,2400,0,0.94,"B",0.0588109987390682,-2.77281508011902
2013,0,0.1035,5000,0,0.28,"AA",1.3196280497126e-06,-13.5381593219654
2013,0,0.1265,12000,0,0.41,"A",0.0185042887747241,-3.97107511321679
2013,0,0.1035,5000,0,0,"AA",2.78793078584117e-05,-10.4875979184221
2013,0,0.23,2000,1,0.78,"D",0.032526573027843,-3.39263057198191
2013,0,0.184,5200,0,0.86,"C",0.00206472182999548,-6.18069291236024
2013,0,0.23,8000,1,0.52,"D",0.0441093638657025,-3.07597141668942
2013,0,0.1725,8000,0,0.54,"B",0.000514596874074179,-7.57161200328751
2013,0,0.1725,3000,0,0,"C",0.0293977790886929,-3.49699759486208
2013,1,0.3335,6500,0,0.89,"Missing",0.999762749875906,8.34615831915071
2013,1,0.3105,10000,1,0.79,"D",0.727395885208144,0.981450261925234
2013,0,0.1265,12000,0,0.47,"A",2.12950661709556e-05,-10.757013851954
2013,1,0.3335,2550,1,0.91,"Missing",0.875749248749393,1.95277809299938
2013,1,0.3335,3000,0,0.36,"Missing",0.972115892060491,3.55141810923176
2013,0,0.2415,7500,0,0.68,"C",6.68975665711114e-06,-11.9149263688306
2013,1,0.0805,1000,1,0.99,"D",0.134500773912281,-1.86173652741646
2013,0,0.3105,1000,1,0,"Missing",0.532438124448676,0.129934998522409
2013,1,0.3335,2550,1,0,"Missing",0.998943573470021,6.85180627934132
2013,0,0.2185,3000,0,0.97,"C",0.0335986191348616,-3.35909428710697
2013,0,0.184,15000,0,0.59,"A",0.0113942337132185,-4.46318822083321
2013,0,0.1955,10700,0,0.12,"C",0.0200592159046666,-3.88880345118078
2013,0,0.253,12500,0,0.96,"C",0.0170357974673558,-4.05525583945437
2013,1,0.3335,7000,0,0.36,"Missing",0.564235874920632,0.258371282581004
2013,0,0.1725,5000,0,0.7,"C",5.74507545079587e-05,-9.76452496805308
2013,0,0.1955,5000,0,0.15,"B",2.19932089973355e-05,-10.7247548407465
2013,1,0.3335,3000,0,0,"Missing",0.947931739448527,2.90172693420824
2013,1,0.2645,3000,0,0.86,"Missing",0.987058646863578,4.33430160332913
2013,0,0.0805,2550,0,0.01,"AA",0.0020124745895925,-6.20637567270315
2013,0,0.115,10000,0,0.12,"A",0.000454369829456639,-7.69614461611722
2013,0,0.161,4575,0,0.6,"C",0.00185317328707349,-6.28900092647517
2013,1,0.299,5000,0,0,"Missing",0.941124194629055,2.77164488083682
2013,0,0.1035,1500,0,0.03,"AA",9.25977997659881e-06,-11.5898210103921
2013,0,0.1035,3001,0,0.21,"AA",0.00261098622316386,-5.94541286494613
2013,0,0.276,10000,0,0,"C",0.668883825102015,0.703141095130147
2013,1,0.3335,7000,0,0.36,"Missing",0.633710977662734,0.548170279015483
2013,0,0.23,4000,0,0.48,"D",0.000314475559108785,-8.06428967331229
2013,0,0.1955,9500,0,0.95,"AA",0.000949224079050048,-6.95891599111613
2013,0,0.2185,25000,0,0.66,"A",4.89011797235142e-05,-9.92566013417379
2013,0,0.207,10000,0,0.87,"C",0.000857666534985493,-7.0604371533435
2013,0,0.276,9999,0,0.89,"B",0.000560062850782368,-7.48690132724829
2013,0,0.253,2000,0,0,"Missing",0.699529952768964,0.845060540873205
2013,0,0.161,7000,0,0.55,"C",0.110022522373278,-2.09051106268638
2013,1,0.322,6500,1,0,"Missing",0.999716235832908,8.16708325790226
2013,0,0.207,3001,0,0.8,"D",0.0411274571842119,-3.14908220324548
2013,0,0.23,1500,0,0,"D",0.605117334835208,0.426833710545671
2013,0,0.276,3000,0,0,"Missing",0.562106267837848,0.249714660393182
2013,0,0.253,5000,1,0,"D",0.0483237558680804,-2.98030161759402
2013,1,0.3335,8000,0,0.8,"Missing",0.450714672646007,-0.197783544051897
2013,0,0.1035,1400,1,0.9,"D",0.0240762303997628,-3.70215941511911
2013,0,0.1725,1500,1,0.42,"C",0.49824730012837,-0.00701082820256094
2013,0,0.299,17850,0,0.94,"C",0.0554452186903894,-2.83531820291389
2013,1,0.3335,3000,1,1.01,"Missing",0.995996886716645,5.51667175256912
2013,0,0.115,2100,0,0,"AA",0.0010898341301942,-6.82063934002326
2013,0,0.161,9999,0,0,"A",0.00562896635576714,-5.17418458077402
2013,0,0.1725,10200,0,0,"C",0.000501001358415505,-7.59840061857336
2013,0,0.2645,15000,0,0.77,"C",0.012490770299683,-4.3701958477145
2013,0,0.184,9000,0,0.97,"C",0.00233596743681403,-6.05699045376821
2013,0,0.299,2864,0,0.71,"Missing",0.228793981444105,-1.21513359312744
2013,0,0.207,15000,0,0.16,"B",0.00474711343984976,-5.34546012576274
2013,0,0.0805,1850,1,0.31,"AA",0.00407656577305148,-5.49841546968593
2013,1,0.3335,3000,0,0.98,"Missing",0.997256192467197,5.89566113401271
2013,0,0.253,12000,1,0.92,"C",0.0520716511508726,-2.90165824112921
2013,0,0.3335,3001,0,0.83,"Missing",0.0557849131557953,-2.82885052714807
2013,0,0.1955,5000,1,0.08,"C",0.00288957987724479,-5.84375039584779
2013,0,0.3335,25000,0,0.95,"C",0.037858240317382,-3.23531313312035
2013,0,0.322,5000,0,0.81,"D",0.0038491342729282,-5.556050458888
2013,0,0.253,6001,0,0.69,"D",0.0122754347441586,-4.38780378868324
2013,0,0.299,5050,1,0,"D",0.0856743248371767,-2.36763363932854
2013,0,0.184,15000,0,0.59,"A",0.0265775400027646,-3.60075167257643
2013,0,0.1495,8500,0,0.21,"AA",0.00605828997107193,-5.10025098584639
2013,0,0.115,5000,0,0.52,"AA",1.14597490126261e-05,-11.3766582882698
2013,0,0.1035,3500,0,0.67,"A",0.00260792344289757,-5.94658966006656
2013,0,0.23,9000,0,0.94,"D",0.014631865426946,-4.20981359815975
2013,1,0.3335,3000,1,1.01,"Missing",0.66606690919205,0.690449483760247
2013,0,0.207,7000,0,0.95,"C",0.00406598196817341,-5.50102572802059
2013,0,0.2875,5000,0,0.52,"C",0.000481106209020515,-7.63894128148098
2013,0,0.092,2500,0,0.47,"AA",1.41087821691656e-05,-11.1686989967113
2013,0,0.1725,4000,0,1,"D",5.69214988498051e-06,-12.0764168533487
2013,0,0.207,15000,0,0.65,"B",5.35474817239978e-05,-9.83488823989022
2013,1,0.23,2500,0,0,"Missing",0.809442776329224,1.44639354429307
2013,0,0.2185,7500,0,0.57,"C",0.0267643407048427,-3.59355582071283
2013,0,0.23,6500,0,0.9,"D",0.0381212189423858,-3.22811738078181
2013,0,0.2415,3001,1,0,"C",0.00142059425238715,-6.55525840306085
2013,1,0.3335,3500,0,1.24,"Missing",0.984898769581813,4.17776263874321
2013,0,0.2645,8100,0,0.93,"C",0.000858838542385721,-7.05907040606126
2013,1,0.3335,2560,0,1,"Missing",0.999058969789612,6.96759384108052
2013,0,0.115,5200,0,0,"A",0.000486937451788605,-7.62688782283828
2013,0,0.276,4500,0,1.46,"Missing",0.202210362718658,-1.37253639515041
2013,0,0.1725,2000,0,0.02,"B",0.000153253656624525,-8.78326285751252
2013,0,0.115,1000,0,0.24,"A",0.000776109807918087,-7.16044013160581
2013,1,0.207,2500,0,0.87,"D",0.195896287759262,-1.4121428810851
2013,0,0.207,4800,0,0.89,"C",0.0324257329408678,-3.39583984963887
2013,0,0.23,7000,0,0.28,"C",2.44780263071649e-05,-10.6177102499519
2013,0,0.2875,2550,0,0.53,"D",0.00847049037408618,-4.76266030773126
2013,0,0.207,17000,0,0.23,"B",0.00535083050034183,-5.22513829894606
2013,1,0.3335,5000,1,0.97,"Missing",0.688369197618518,0.792506157021019
2013,0,0.1035,6001,0,0.26,"AA",0.000973988040472965,-6.93313707049727
2013,0,0.1725,20000,0,0.75,"B",0.00119241967539938,-6.7305775644527
2013,0,0.138,7500,1,0,"B",0.000784861908811591,-7.149217597924
2013,0,0.1955,2800,0,0,"C",0.118413185336871,-2.00754340325041
2013,1,0.3335,3500,1,0,"Missing",0.992547786812806,4.89176409894357
2013,1,0.1955,1850,0,0.68,"D",0.664178053882213,0.681969169730511
2013,0,0.3335,5000,0,0.89,"Missing",0.269751929555402,-0.995881541705272
2013,0,0.23,12000,0,0.95,"C",0.0458934204644869,-3.03445362200758
2013,0,0.1265,4500,1,0.97,"AA",0.000893280892472639,-7.01971579720093
2013,0,0.253,15000,0,0.95,"C",0.198475289640076,-1.39585119477989
2013,1,0.2645,2400,0,0.91,"Missing",0.744510806007666,1.06954725129097
2013,1,0.3335,2550,0,0.9,"Missing",0.999730572074015,8.21894017520113
2013,0,0.207,8000,0,0.35,"C",0.011274643501768,-4.47386032845527
2013,0,0.1725,2000,0,0.62,"C",0.118677668313366,-2.00501228087541
2013,1,0.2645,2400,0,0.91,"Missing",0.958552339258625,3.14099272206061
2013,1,0.2875,16000,1,0.67,"D",0.925562390759322,2.52044022810802
2013,0,0.322,4000,0,0,"Missing",0.203222720273639,-1.36627266964014
2013,0,0.2185,6001,1,0.24,"D",0.00339055497034111,-5.68336534699583
2013,0,0.184,5200,0,0.86,"C",2.4979065995777e-06,-12.9000550391312
2013,0,0.092,2000,0,0.06,"AA",9.42947895077879e-06,-11.5716602877464
2013,1,0.253,7000,0,0.75,"C",0.23138969605597,-1.20048079910532
2013,0,0.2875,15000,1,0.82,"D",0.0475729647890908,-2.99674886734605
2013,0,0.23,8000,0,0.91,"D",0.00186764380228705,-6.28120825133497
2013,1,0.3335,2550,1,0.93,"Missing",0.992963617702367,4.94959986469271
2013,0,0.1265,2700,1,0.12,"AA",1.58187901331678e-06,-13.3568955867068
2013,1,0.207,1600,0,0.94,"D",0.232202006081267,-1.19591896111721
2013,0,0.23,20000,1,1,"C",0.00928339828962143,-4.67020084662683
2013,0,0.1265,15000,0,0.01,"AA",0.00613828820184894,-5.08705216523709
2013,1,0.1955,1800,0,0.96,"Missing",0.886892889342482,2.05938896724067
2013,1,0.2645,8500,1,1.13,"Missing",0.992426275242148,4.87546773950568
2013,0,0.2185,7000,0,1,"C",0.00513372009995412,-5.26677777400676
2013,0,0.1495,7500,0,0.92,"B",0.0131621452415671,-4.31716082015547
2013,0,0.161,11500,1,0.36,"A",0.00921136622214102,-4.67806304535506
2013,0,0.2415,4000,0,0,"D",0.0443902727975623,-3.06932923025644
2013,0,0.138,9000,0,0.12,"A",0.000142499066723784,-8.85603259836311
2013,0,0.1725,6500,0,1.05,"C",0.0151702823172395,-4.17313034735784
2013,0,0.1725,8500,0,0.55,"AA",0.00577550995333666,-5.14833647015737
2013,0,0.2185,16000,0,0.99,"C",0.000712534267960014,-7.24596976335439
2013,0,0.253,6001,0,0.98,"C",0.00973197045186578,-4.62255925466978
2013,1,0.3335,2550,1,0.93,"Missing",0.905642270836228,2.26155119493566
2013,0,0.1955,15000,1,0.89,"B",0.0459466344041726,-3.03323900728483
2013,0,0.276,4000,0,0.99,"Missing",0.138093496504616,-1.83121583350514
2013,1,0.3335,4669,1,0,"Missing",0.983561191723609,4.09153495648968
2013,0,0.161,18500,0,0.45,"A",0.000235007889989187,-8.35565643445298
2013,0,0.138,6000,0,0.03,"AA",0.0435290837555048,-3.08982107521548
2013,0,0.138,9000,0,0.43,"B",5.38479525638463e-07,-14.4345158236916
2013,1,0.3335,3000,0,0,"Missing",0.807525220012991,1.43400915473294
2013,0,0.1955,25000,0,0.91,"A",0.0173312019166778,-4.03776367764482
2013,0,0.23,12000,0,0.95,"C",0.0138095687100174,-4.26848773447011
2013,0,0.23,18000,1,0.75,"B",0.116850767406816,-2.02259656424257
2013,0,0.1265,3500,1,0.18,"A",0.00801956765797683,-4.81781886918626
2013,0,0.1725,12000,0,0.45,"AA",7.6055533968041e-05,-9.48397071598445
2013,1,0.0805,2550,1,0.63,"Missing",0.987347274731886,4.35714919813002
2013,0,0.2645,25000,0,0,"B",0.0342695159913936,-3.33862858082684
2013,0,0.1035,5000,0,0.02,"AA",0.00044198351579387,-7.72379588994674
2013,0,0.2645,4000,0,0.51,"D",0.191277563070151,-1.44173018120791
2013,0,0.0805,3000,0,0.06,"AA",0.00051494219992491,-7.57094082192647
2013,1,0.3335,6000,0,1.12,"Missing",0.997981523307999,6.20339164836436
2013,1,0.2875,3001,1,0.84,"D",0.155266278195936,-1.69387988874973
2013,1,0.3335,3000,0,0,"Missing",0.492113611861485,-0.03154816891709
2013,1,0.2645,7500,1,0.81,"Missing",0.746444508223623,1.07973857673348
2013,0,0.1725,2500,0,0.44,"D",0.0389847472670243,-3.20481980666036
2013,0,0.276,1000,0,0,"D",0.024612413660512,-3.67958398045039
2013,0,0.322,10000,0,0.87,"D",0.00828233378428131,-4.78531366941828
2013,1,0.0805,1500,1,0.91,"Missing",0.98630270216867,4.27676473286783
2013,0,0.115,15000,0,0.21,"AA",0.000404357638649792,-7.81280638800477
2013,1,0.3335,3550,0,0,"Missing",0.752269838215967,1.11075499052309
2013,0,0.1725,3200,0,0.7,"C",0.0978190529627023,-2.22169573277911
2013,0,0.207,6000,0,0.75,"C",4.07979958701405e-05,-10.1068367997624
2013,0,0.161,1500,0,0.04,"AA",0.00816405325854682,-4.79981694882883
2013,0,0.1955,4000,0,0.78,"C",0.00097235421357835,-6.9348175753694
2013,0,0.184,15000,0,0.59,"A",9.15287761625577e-05,-9.2987656085805
2013,1,0.2645,2000,0,1.13,"Missing",0.97578388754925,3.6962229198396
2013,0,0.2645,15000,0,0.77,"C",0.000562883737646053,-7.4818744140027
2013,0,0.161,10000,0,0.65,"C",0.0526520706097711,-2.88996086176226
2013,0,0.1035,1000,0,0.02,"AA",2.34696883788813e-06,-12.962383571635
2013,1,0.184,5000,0,0.89,"C",0.00737075897298173,-4.90283653943555
2013,0,0.1955,9000,0,0.94,"C",0.0087445976566386,-4.73053612394215
2013,1,0.3335,5000,0,0,"Missing",0.991604909301917,4.77167765674531
2013,0,0.3335,12000,1,0.18,"C",0.0161493563717481,-4.10959390486914
2013,0,0.2645,25000,0,0.04,"AA",0.000630397098703972,-7.36853002585838
2013,0,0.161,10000,0,0.44,"A",0.00055737091749034,-7.49172209326661
2013,1,0.322,12000,0,0,"Missing",0.625632899053229,0.513526906509423
2013,0,0.161,9700,0,0.23,"AA",0.000103822970988156,-9.17271948289093
2013,0,0.207,4000,0,0.19,"D",0.0710046921375154,-2.57135772675944
2013,0,0.3335,10000,0,0.51,"D",0.00867082673108944,-4.73908250028962
2013,0,0.207,7500,0,0.58,"C",0.00010954829320923,-9.11903551776626
2013,0,0.276,5000,0,0.9,"C",0.00138706384914033,-6.57917807800904
2013,1,0.3335,2000,1,0.83,"Missing",0.740714376991989,1.04968484922925
2013,0,0.3105,1700,1,0,"Missing",0.815526238510207,1.48632635707568
2013,1,0.253,6001,0,0.25,"Missing",0.929733986663346,2.58261027929497
2013,0,0.138,4000,0,0.04,"AA",0.0105484386747542,-4.54117295511078
2013,0,0.1955,25000,0,0.89,"B",0.00594151785287614,-5.11983140856458
2013,0,0.3335,15000,0,0.97,"D",0.0224604367706563,-3.77328336921027
2013,1,0.276,1750,1,0.91,"Missing",0.263305098001758,-1.02886040534752
2013,0,0.23,15000,0,0.65,"B",0.0100275390425461,-4.59234191332519
2013,0,0.253,20000,0,0.92,"D",0.166780443182977,-1.60861894510108
2013,0,0.276,5000,0,0.67,"D",0.0068943364121585,-4.97013680210889
2013,1,0.322,12000,0,0,"Missing",0.984367364399542,4.14263841049612
2013,0,0.1725,17500,0,0.55,"B",3.45692649258537e-05,-10.2725109977483
2013,0,0.3335,6000,0,0.43,"D",7.96263080913616e-05,-9.43808638657949
2013,0,0.253,20000,1,0.77,"B",0.0815346565952988,-2.42167600805343
2013,0,0.161,9999,0,0,"A",5.48598965685582e-05,-9.81067309642596
2013,0,0.1955,1700,0,0.56,"Missing",0.0267138572632455,-3.5954956925328
2013,0,0.1955,4500,0,0.89,"D",0.0237209354184219,-3.71739046316472
2013,0,0.207,2500,0,0.87,"D",0.0681444284565214,-2.61554843584448
2013,0,0.2185,5500,0,0.29,"B",0.00481343824577791,-5.33151857806
2013,0,0.3335,10000,0,0.93,"D",0.0657177434487178,-2.65440963770864
2013,0,0.1725,1600,0,0.82,"C",0.00674935827846561,-4.99153561026902
2013,0,0.1265,10000,0,0.43,"AA",0.000107257796301924,-9.14016804645748
2013,0,0.1725,2000,0,1.59,"Missing",0.135719486802224,-1.85130722555297
2013,0,0.2875,15000,0,0.45,"C",0.150401976703108,-1.73145176945485
2013,1,0.3335,3975,0,0.97,"Missing",0.986639232892852,4.30198186910311
2013,1,0.322,23500,0,0.89,"D",0.723671375997102,0.962746564672275
2013,0,0.1495,10000,0,0.12,"AA",4.442866522264e-06,-12.3242063338397
2013,0,0.3335,10000,0,1.13,"Missing",0.457184943369863,-0.17168066727701
2013,0,0.1955,2000,0,0.74,"B",0.00213152692645977,-6.14878288734133
2013,0,0.1955,1000,0,0.67,"D",0.00262768507996579,-5.93902087462142
2013,0,0.1035,5000,0,0.08,"A",0.00935266469192346,-4.66269730700852
2013,0,0.2185,8750,0,0.73,"D",0.0164200190871733,-4.09269769080257
2013,0,0.1725,8000,0,0.84,"A",0.0133165815041125,-4.30533924837298
2013,1,0.322,2550,0,0.94,"Missing",0.500397081307687,0.00158832556466337
2013,0,0.23,25000,0,0.08,"B",0.00183945512733484,-6.29644472866135
2013,0,0.1725,15000,0,0.04,"AA",0.00691520197004936,-4.9670938839825
2013,0,0.207,9750,0,0.92,"C",0.00213930981146602,-6.14513041857146
2013,0,0.2415,6001,1,0,"D",0.0770096942909295,-2.48368741761278
2013,1,0.3335,3000,0,0,"Missing",0.905226782109052,2.25669864262564
2013,1,0.299,2550,1,0.51,"Missing",0.852319321964203,1.75290888565652
2013,0,0.253,20000,0,0.92,"D",0.0261063677868855,-3.61912282942536
2013,0,0.1265,1600,0,0.69,"B",0.00124848465649456,-6.68457547320903
2013,0,0.23,2400,1,0,"D",0.0690373225921285,-2.60157192226812
2013,0,0.1955,15000,0,0.52,"B",0.357157092847498,-0.587724661048878
2013,0,0.115,6000,0,0.52,"A",4.80255393712419e-05,-9.94372959162872
2013,0,0.1495,24250,0,0,"AA",0.000105520612107799,-9.15649872252227
2013,1,0.3335,1500,0,0.95,"Missing",0.937041914364598,2.70025881614907
2013,0,0.23,15000,0,0.84,"C",0.00220982174258415,-6.1126311591681
2013,0,0.115,3000,0,0.04,"AA",0.00263994641551567,-5.93435322196396
2013,0,0.2185,5000,0,0.39,"C",0.00463983070449319,-5.36842677137947
2013,0,0.23,1500,0,0.88,"Missing",0.27744470132865,-0.957172316173797
2013,0,0.207,15000,1,0.02,"C",0.00179792158170628,-6.31932441828016
2013,0,0.184,4500,0,0.88,"D",0.000205846397860003,-8.48817444117271
2013,1,0.299,1500,0,0,"Missing",0.969496051815899,3.45892027838771
2013,0,0.2875,14000,0,0.84,"B",0.000815187395595691,-7.11127701806624
2013,0,0.184,7000,0,0.29,"C",0.000596257840709092,-7.42424093013886
2013,1,0.3335,2000,0,0.4,"Missing",0.854008720159548,1.76639451189169
2013,0,0.1725,9800,0,0.94,"B",0.000119110943192567,-9.03533608539717
2013,0,0.253,3600,0,0.57,"D",0.00726522914859005,-4.91736369155871
2013,0,0.276,1550,0,1.09,"Missing",0.107955524609493,-2.11179665850411
2013,0,0.1725,9000,0,0.49,"B",0.00074294909227808,-7.20413980682757
2013,0,0.2875,9900,0,0.37,"B",0.0025283538123188,-5.97765529958944
2013,0,0.138,3000,0,0.98,"B",0.00609393751821742,-5.09434827013439
2013,1,0.3335,2550,1,1.32,"Missing",0.999798719191647,8.51060826732998
2013,1,0.322,3900,0,1.08,"Missing",0.90405973591985,2.24316968914101
2013,0,0.115,7500,0,0.23,"AA",8.10803230339074e-05,-9.41998916864021
2013,1,0.3335,9000,1,0,"Missing",0.214753440797694,-1.29650717354601
2013,0,0.1725,3010,0,0.34,"AA",0.000257681133430354,-8.26352994001556
2013,0,0.115,1000,0,0.24,"A",0.0003489698815531,-7.96017590797492
2013,0,0.1725,5000,0,0.17,"B",0.000155782455194657,-8.76689424735228
2013,1,0.3335,20000,0,0.95,"Missing",0.863298104871068,1.84295745297472
2013,1,0.3335,25000,0,0.98,"D",0.289109395522824,-0.899713408762107
2013,0,0.276,2500,1,0.83,"D",0.0541253098108318,-2.86080818718183
2013,0,0.322,10000,0,0.87,"D",0.0722098951805504,-2.553228438182
2013,0,0.276,2600,0,0.96,"Missing",0.0292189857075698,-3.50328222344264
2013,0,0.322,10000,0,0.87,"D",0.00188745533510029,-6.27063650182066
2013,0,0.161,2400,0,0.94,"B",0.00146876471368162,-6.52186371789029
2013,0,0.1955,6500,1,0,"D",0.0146191712970786,-4.21069442468675
2013,0,0.1955,5000,0,0.03,"C",0.148481981489982,-1.74655704667011
2013,0,0.2415,5500,1,0,"C",0.141331455849049,-1.80427510267625
2013,0,0.2185,15000,0,0.37,"C",0.0057100189341081,-5.15980655594754
2013,1,0.3335,3500,0,1.01,"Missing",0.672295798103503,0.718587041413076
2013,0,0.23,6001,0,0,"A",0.0105189274897042,-4.54400438405797
2013,1,0.3335,2501,0,1.22,"Missing",0.912398029563955,2.34327283953774
2013,0,0.3335,2550,0,0.63,"D",0.0170165629435038,-4.05640511008486
2013,0,0.2645,6500,0,0.75,"D",0.257416425287733,-1.0594403174449
2013,0,0.115,1000,0,0.28,"A",0.000791343105241073,-7.14098726649469
2013,0,0.207,2550,0,0.28,"D",0.0339548659280504,-3.34817838572348
2013,1,0.3335,3500,0,0.88,"Missing",0.855409598171054,1.77767548628306
2013,0,0.1725,5000,0,0.17,"B",0.00621855064836944,-5.07398044774674
2013,0,0.184,5200,0,0.86,"C",0.0595825636072156,-2.7589608836158
2013,0,0.0805,2550,0,0.01,"AA",0.000189591835129344,-8.57044742292448
2013,0,0.115,5000,0,0.09,"AA",6.58780659039346e-05,-9.6276391307136
2013,0,0.3335,25000,0,0.82,"B",0.0572216385155252,-2.80189909689096
2013,0,0.2645,5000,0,0,"D",0.135500894589191,-1.85317202788529
2013,1,0.2875,5000,1,1.1,"Missing",0.474617835003446,-0.101616008786674
2013,0,0.253,6001,0,0.01,"D",0.365705951312136,-0.550683047330106
2013,0,0.253,6001,0,0,"D",0.00838923222810704,-4.77238165315441
2013,1,0.3335,3800,0,0.96,"Missing",0.282356347960005,-0.932803221037822
2013,0,0.138,3001,0,0.05,"AA",3.42018945345114e-07,-14.8883993636531
2013,0,0.3335,5000,1,0.75,"D",0.0702195181262159,-2.5833222089164
2013,0,0.23,18000,1,0.75,"B",0.142657337877976,-1.79339216172899
2013,1,0.3335,3001,0,0,"Missing",0.989040003793597,4.50248284414564
2013,0,0.23,2000,1,0.88,"D",0.041499216089538,-3.13969584268713
2013,0,0.1725,2500,1,0.9,"C",0.000960445264854748,-6.94715265668753
2013,0,0.1725,25000,0,0.09,"C",3.30967138841972e-05,-10.3160434616711
2013,0,0.207,9800,1,0.72,"C",0.453986967837707,-0.184574351463108
2013,0,0.115,9990,0,0.05,"AA",1.85508322656755e-06,-13.1975791417522
2013,0,0.1495,18000,0,0.53,"AA",0.00014854230614657,-8.8144921970794
2013,0,0.23,6500,0,0.9,"D",0.0015257506495376,-6.48374184503048
2013,0,0.2415,15000,0,0.24,"C",0.00993021108265541,-4.60219369960382
2013,1,0.3335,2000,1,0,"Missing",0.938925638823936,2.73264412676583
2013,0,0.1725,7000,1,0,"B",0.0088271634243089,-4.72105520534861
2013,0,0.207,5000,0,0.92,"B",0.00648076304671114,-5.03241516706218
2013,1,0.2645,10000,0,0.88,"C",0.208146294869781,-1.33613548581445
2013,0,0.1955,25000,0,0.89,"B",5.64861089647581e-05,-9.78145932136663
2013,1,0.3335,3000,1,0.53,"D",0.619456928548952,0.487243804624466
2013,1,0.3105,1000,1,0,"Missing",0.999745279503384,8.27508895271212
2013,0,0.138,4800,0,0.66,"B",8.92499235801859e-06,-11.6266461615112
2013,0,0.1725,3000,0,0.27,"C",0.00109795058611852,-6.81321138666712
2013,0,0.299,3000,1,0,"Missing",0.479297594490711,-0.0828569925624469
2013,1,0.3335,5000,1,0,"Missing",0.995775365911298,5.46258904507952
2013,0,0.1725,5500,1,0,"C",0.000171437064783125,-8.67112287614076
2013,1,0.322,4750,1,0.14,"Missing",0.95302903401462,3.01011570326753
2013,0,0.1035,3030,0,0.04,"AA",0.00678689377909714,-4.98595188254254
2013,0,0.2875,2800,0,0.97,"Missing",0.734223777247685,1.01615916891557
2013,0,0.207,8000,0,0.23,"C",0.115257554268813,-2.03812735435056
2013,0,0.1725,2000,0,0.87,"D",0.00151242880212637,-6.49252486846447
2013,0,0.1035,5000,0,0.01,"AA",6.16654440801543e-06,-11.9963657739084
2013,1,0.3335,9000,1,0,"Missing",0.994543841651391,5.20553923847745
2013,0,0.1035,6100,0,0.48,"A",0.00016351458304589,-8.71844485071018
2013,0,0.2875,9000,0,0.79,"D",0.345731387419011,-0.637855853121787
2013,0,0.3335,12000,0,0.91,"D",0.00211061873053365,-6.15866128803477
2013,0,0.23,1990,1,1,"D",0.0132940077581934,-4.30705872565225
2013,1,0.3105,2400,0,0,"Missing",0.300794770859923,-0.843516095245329
2013,0,0.1495,8500,0,0.21,"AA",0.000398024707809927,-7.82859837074161
2013,0,0.2185,4400,0,0.98,"D",0.0288912966464522,-3.51489801626569
2013,0,0.207,14000,0,0.28,"C",0.0122475447923057,-4.39010662316037
2013,0,0.161,22000,0,0.71,"A",7.54533107313271e-06,-11.7945740415421
2013,1,0.1955,17000,1,0.59,"B",0.404015923946296,-0.388759655784693
2013,0,0.253,12500,0,0.96,"C",0.00128383446201775,-6.65661934640441
2013,1,0.2645,1600,1,1.46,"Missing",0.618023805288833,0.481168687445939
2013,1,0.2645,15000,0,0.77,"C",0.135484435784797,-1.85331254001502
2013,0,0.1955,4000,1,0.76,"D",0.00863839553977285,-4.74286249207458
2013,0,0.276,2500,1,1,"D",0.000212022000774084,-8.45860846695988
2013,0,0.2185,6200,0,0,"C",0.00161042750768573,-6.42964387686933
2013,0,0.184,8000,1,0.59,"C",0.00223264827756703,-6.10233168534332
2013,0,0.23,9500,1,0.65,"AA",0.00141752349816629,-6.55742541617509
2013,0,0.276,5000,0,0.9,"C",0.14384043117563,-1.78375220262245
2013,1,0.23,5500,0,0.95,"Missing",0.93145280376996,2.60922301776607
2013,0,0.2185,3000,0,0,"D",0.00406235168852464,-5.50192261397874
2013,1,0.1955,1200,0,1.36,"Missing",0.321417117529444,-0.747266916105817
2013,0,0.299,5000,0,0.64,"D",0.00197478807725634,-6.22531744849928
2013,0,0.322,5500,0,0.35,"D",0.640682832292274,0.578329059087458
2013,1,0.322,1500,1,1,"Missing",0.999015367529056,6.92225699482629
2013,1,0.23,5000,1,0.43,"D",0.541496517798022,0.166368749323596
2013,0,0.184,23000,1,0.13,"A",0.00894500109945641,-4.70767519130239
2013,0,0.23,5500,0,0.8,"D",0.0145435666129573,-4.21595617933997
2013,0,0.2875,9000,0,0.78,"D",0.095734708787774,-2.2455418651074
2013,0,0.2645,10000,0,0.69,"A",0.0203680303138005,-3.8732104298757
2013,0,0.253,2500,1,1,"Missing",0.187777161551969,-1.46451878519885
2013,1,0.276,6000,0,0,"Missing",0.995627490325419,5.42803604142429
2013,0,0.1955,18000,0,0.22,"B",4.46892624317488e-05,-10.0157326089946
2013,1,0.3105,1000,0,0,"Missing",0.668396895616042,0.700943367159492
2013,1,0.276,2800,0,0,"Missing",0.970059831359572,3.47815673982071
2013,0,0.3335,5000,0,0.93,"Missing",0.149355318169995,-1.73966635841942
2013,0,0.3335,3500,0,0.94,"Missing",0.710304885449337,0.896865253177719
2013,0,0.1725,7000,0,0,"A",0.00540917267099801,-5.2142352684801
2013,0,0.2185,6000,0,0.49,"C",0.00954747465533148,-4.64188524947259
2013,0,0.1725,10000,0,0.68,"B",0.000167664549744585,-8.69337762378316
2013,0,0.1725,2300,0,0.46,"C",0.000171470416292126,-8.67092832087341
2013,0,0.2415,10001,0,0.69,"D",0.000602636630100121,-7.41359332806939
2013,0,0.1955,2400,0,0.86,"D",0.254686046688622,-1.07377394628482
2013,0,0.161,2000,0,0.5,"C",0.00104620149151636,-6.86154255223521
2013,0,0.161,8000,0,0.21,"B",2.54372901503224e-05,-10.5792689068006
2013,0,0.1265,2700,1,0.12,"AA",0.00502548817624249,-5.28819452184553
2013,0,0.23,7400,1,0.27,"D",3.20010197570939e-05,-10.3497107867313
2013,0,0.1725,3500,0,0.32,"A",0.00596954242538709,-5.11509756880701
2013,0,0.115,5000,0,0.09,"AA",7.08695848404289e-05,-9.55459833110696
2013,1,0.299,5000,0,0,"Missing",0.803394270253142,1.40764523855281
2013,0,0.1725,3000,0,0.96,"C",0.00394311985349991,-5.5318321135758
2013,0,0.1955,2800,0,0,"C",0.129387490985861,-1.9063852892409
2013,0,0.207,13000,0,0.73,"C",0.016929562694925,-4.06161940740382
2013,0,0.23,10000,0,0.64,"D",0.00103560578193333,-6.87173258453797
2013,0,0.3335,2550,0,1.16,"Missing",0.182131589043223,-1.50197201431416
2013,0,0.3335,9000,0,0.85,"Missing",0.432554668165505,-0.271435694379455
2013,0,0.23,15000,0,0.84,"C",0.149796103371664,-1.73620114056481
2013,0,0.1725,3000,0,0.08,"AA",0.000834655644963135,-7.08765631525202
2013,0,0.1955,4000,0,0.75,"B",0.000550000755206744,-7.50504075457443
2013,0,0.092,3500,0,0.46,"AA",2.02189895263724e-05,-10.8088681003945
2013,0,0.115,1425,0,0,"AA",0.0014363769249584,-6.54419395073387
2013,0,0.23,4000,0,0,"D",0.000211040882551271,-8.46324762393454
2013,0,0.253,2000,0,0,"Missing",0.115080635104206,-2.03986347027056
2013,0,0.276,9999,0,0.89,"B",0.000965102331571768,-6.94231085082522
2013,0,0.1035,6001,0,0.22,"AA",6.60787407720079e-05,-9.62459740412273
2013,0,0.1725,3500,0,0.9,"C",0.618981061750659,0.485225596723931
2013,0,0.2185,6000,1,0.61,"D",0.00117763885762282,-6.74306548041293
2013,1,0.2875,3000,1,0.93,"Missing",0.84864587451082,1.72401969732228
2013,0,0.207,2800,0,0.38,"C",0.00723359894871424,-4.92175869847767
2013,0,0.1265,25000,1,0.09,"AA",0.000722755328354926,-7.23171678811836
2013,0,0.207,1000,1,0,"C",0.284561921483605,-0.921944172207416
2013,1,0.3105,7500,0,0.69,"Missing",0.961775720788353,3.22531038983816
2013,0,0.1955,3500,0,0,"B",0.00219055962483352,-6.12140526893377
2013,0,0.1955,2000,0,0.53,"A",0.456604315296419,-0.174020570686823
2013,1,0.276,3000,0,0.91,"Missing",0.827825864253357,1.57029644159797
2013,0,0.1725,15000,0,0.04,"AA",0.00128700767138748,-6.65414755313484
2013,0,0.1265,15000,0,0.21,"A",0.0114451142826158,-4.45868122658589
2013,0,0.1495,9900,0,0.86,"B",1.21507732697194e-05,-11.3181055957575
2013,0,0.1955,10000,1,0.95,"D",0.039219103488844,-3.19858242568274
2013,0,0.1955,15000,1,0.41,"B",0.0563633834335653,-2.81792143419743
2013,0,0.253,6001,0,0.01,"D",0.279516271357042,-0.946862324913343
2013,1,0.3335,2550,1,1.26,"Missing",0.90639183311357,2.27035406669043
2013,1,0.3335,25000,0,0.6,"D",0.9782064346608,3.80410596784836
2013,0,0.2645,7100,0,0.27,"A",0.0512134958209036,-2.91918071648407
2013,0,0.3335,5000,1,0.97,"Missing",0.256781511453496,-1.06276449081015
2013,0,0.1725,7000,0,0.33,"A",0.00182573156629412,-6.30394711378101
2013,0,0.069,6000,1,0.81,"Missing",0.677921739667149,0.744237292532666
2013,1,0.276,1750,1,0.91,"Missing",0.988468233157353,4.45105094440398
2013,0,0.161,2400,0,0.94,"B",0.00362890339360885,-5.61518926793334
2013,0,0.3335,20000,0,0.95,"Missing",0.344970566208526,-0.641221073657636
2013,1,0.3335,6500,0,0.95,"Missing",0.849077189417134,1.72738158229918
2013,0,0.207,7500,0,0,"C",0.0262824631546193,-3.61221934177564
2013,0,0.1495,10000,0,0.51,"A",0.000139646713716125,-8.87625514167172
2013,0,0.1725,17500,0,0.55,"B",0.0181753673797061,-3.98934547387459
2013,0,0.1035,5500,1,0.48,"A",0.0159701284390667,-4.12093624915287
2013,0,0.2185,7400,1,0.87,"C",0.00100258602800562,-6.90416950003982
2013,1,0.2875,3001,1,0.89,"D",0.98693730488992,4.3248460502641
2013,0,0.138,25000,1,0,"AA",0.000378707904791147,-7.87836657015036
2013,0,0.253,4000,1,1,"D",0.020569787520396,-3.8631476127152
2013,0,0.3335,25000,0,0.47,"D",0.135342904454526,-1.85452141599817
2013,0,0.1265,3000,0,0.26,"A",0.00472887735433329,-5.34932735658635
2013,0,0.115,4000,0,0.51,"AA",0.000581025474189959,-7.45013476231703
2013,1,0.299,2550,1,0.51,"Missing",0.997788229188557,6.11174759176422
2013,0,0.2645,10000,1,0,"D",0.569055416950396,0.277998318744007
2013,0,0.207,10000,0,0.66,"B",0.000281993369082828,-8.17334496805661
2013,0,0.322,6500,1,0,"Missing",0.978054950710071,3.79702428607235
2013,0,0.1725,5000,0,0.27,"B",0.000345016509375513,-7.97157321277422
2013,0,0.2415,3500,0,1.03,"D",0.374517062961354,-0.512886686720912
2013,0,0.184,10000,0,0.11,"B",5.44585313774049e-06,-12.1206506852042
2013,0,0.1265,1527,0,0.03,"AA",0.00166090380401589,-6.39873107989395
2013,0,0.3335,4000,0,1,"Missing",0.224407457707958,-1.24016390082849
2013,0,0.2645,21000,0,0,"B",0.00201848029848857,-6.20338985801499
2013,0,0.069,9600,1,0.16,"C",0.00166982557642311,-6.39336488197478
2013,0,0.23,3000,0,0.76,"C",0.00411822203139519,-5.48820702928001
2013,0,0.2875,1500,0,0,"Missing",0.992716613415867,4.91484929487189
2013,0,0.322,3500,0,0,"Missing",0.0411427182080478,-3.14869528980077
2013,1,0.276,4592,0,0.6,"C",0.321888948428366,-0.745104462004176
2013,0,0.1265,14000,0,0.56,"AA",0.000245242880846896,-8.31301621512954
2013,0,0.1725,5000,0,0,"C",0.00247344680507273,-5.99966612263344
2013,0,0.115,3500,0,0.07,"AA",4.94993466501754e-06,-12.2161312305102
2013,0,0.092,1000,0,0.05,"AA",0.0145242258760614,-4.21730653862147
2013,0,0.253,6500,1,0,"B",0.0316589223112048,-3.42056436376957
2013,0,0.1725,3000,1,0,"C",0.0531483080568831,-2.88005620170447
2013,0,0.276,4100,1,0.91,"Missing",0.0246777035038267,-3.6768678330744
2013,0,0.115,3000,0,0.05,"AA",0.000354187373535219,-7.94533023097783
2013,0,0.1725,10000,1,0,"B",0.000265500275894681,-8.23362914260415
2013,0,0.3105,4700,0,0,"D",0.0649219744632207,-2.66744381960541
2013,0,0.23,3000,0,0,"D",0.0112177923207792,-4.47897297480932
2013,0,0.207,5000,0,0.92,"B",0.0129264651472769,-4.33546776846215
2013,0,0.184,25000,1,0.66,"AA",5.59607471843891e-05,-9.79080409382748
2013,0,0.1265,10000,0,0.17,"AA",0.0405515019456227,-3.16378581896598
2013,0,0.1725,16000,0,0.24,"C",0.000619071397251454,-7.38667068593598
2013,1,0.3335,4000,0,0.98,"Missing",0.722819154500601,0.958488893784607
2013,0,0.253,4000,1,1,"D",0.00082797166204844,-7.09570331412396
2013,0,0.161,3500,0,0.94,"C",0.000192658030186633,-8.55440112839453
2013,1,0.299,2550,0,0.88,"Missing",0.233437395115079,-1.18900244525699
2013,0,0.0805,2000,1,0.07,"AA",0.000109542775839562,-9.11908588927764
2013,0,0.23,7500,0,0.36,"C",0.0200319000099823,-3.89019401671346
2013,0,0.276,18000,1,0.97,"C",0.0682219218925293,-2.61432872413898
2013,0,0.161,8000,0,0.74,"B",1.37361159552112e-05,-11.195468256493
2013,0,0.1955,3000,0,0.53,"C",0.00425024648715843,-5.4565189962895
2013,0,0.115,7000,0,0.17,"AA",2.13011074760011e-05,-10.7567301910877
2013,0,0.1035,2000,0,0.13,"AA",3.46013938626361e-06,-12.5741982245134
2013,0,0.2645,8000,1,0.74,"D",0.0257343639457307,-3.63385677614919
2013,0,0.2875,3000,0,0.73,"D",0.0255021264155065,-3.64316049935613
2013,0,0.23,15000,0,0.93,"D",0.00202114872736513,-6.20206605828624
2013,0,0.1725,2000,0,0.98,"C",0.0146132993433155,-4.21110212561847
2013,0,0.115,2000,1,0,"B",0.0100560016345851,-4.58947874038481
2013,0,0.1725,15000,0,0.05,"AA",1.76527237863476e-05,-10.9446028114391
2013,1,0.3335,1300,0,0.55,"Missing",0.962172469795013,3.23615656729162
2013,0,0.3105,7000,0,0.71,"C",0.00927741768015993,-4.67085131717564
2013,0,0.2415,7000,0,0.52,"C",0.0216673263678127,-3.81004434077343
2013,0,0.276,9999,0,0.89,"B",0.00267184408724027,-5.92231095576063
2013,0,0.299,25000,1,0.09,"B",0.00184797092265833,-6.29181735985123
2013,0,0.2875,9000,0,0.78,"D",0.0012151006089491,-6.71171256045614
2013,1,0.276,3000,0,0.4,"Missing",0.285992480831774,-0.914927973655818
2013,1,0.3335,1890,1,0,"Missing",0.990015119978403,4.59664826478593
2013,0,0.276,9999,0,0.89,"B",5.82118142852093e-06,-12.0540015010319
2013,1,0.3335,6500,1,0.85,"D",0.846701433823184,1.70896070129208
2013,0,0.1265,1500,0,0.2,"B",0.00134017715591962,-6.6136123918511
2013,0,0.1955,3000,0,0.88,"D",0.00926726251813941,-4.67195677775157
2013,0,0.2415,5000,1,0.94,"C",0.0012871006997424,-6.65407517992566
2013,1,0.3335,8000,0,0.8,"D",0.91398738318337,2.36332277473876
2013,0,0.2875,15000,0,0,"C",0.0335698640029339,-3.35998025063123
2013,0,0.23,20000,1,0.2,"C",2.31258755470609e-05,-10.674535287645
2013,0,0.1725,5000,0,0.41,"B",0.0218122530707782,-3.80322974252498
2013,0,0.1725,2000,0,0,"B",0.000831012985852732,-7.09203377798411
2013,0,0.115,4500,0,0.04,"AA",0.0117058972330995,-4.43588757648
2013,0,0.1265,8000,0,0,"A",0.00247009157059822,-6.00102690863301
2013,0,0.1495,2600,1,0.1,"C",0.000101908168228915,-9.1913365483238
2013,1,0.3335,5000,1,0,"Missing",0.969977222577311,3.47531624834006
2013,0,0.1725,5000,0,0.33,"B",0.000167374930584495,-8.69510677974412
2013,0,0.2645,7000,0,0.52,"D",0.00244101761112404,-6.01289627112858
2013,0,0.2645,7000,0,0.52,"D",0.0180904305040652,-3.99411611899738
2013,0,0.1495,17500,0,0.08,"AA",5.85731031885697e-05,-9.74517638188693
2013,0,0.3335,12500,0,0.96,"D",0.0305020763099792,-3.45898357601739
2013,0,0.2415,6250,0,0,"C",0.0470437348524863,-3.00849131302283
2013,0,0.1035,2500,1,0.24,"AA",4.5916906650917e-05,-9.9886312541349
2013,0,0.1725,25000,0,0.31,"B",0.00773764862920523,-4.85388969265691
2013,0,0.2875,9900,0,0.37,"B",0.053429151500616,-2.87448931572684
2013,0,0.1955,4000,1,0,"C",0.391409515735971,-0.441391235173405
2013,0,0.23,7400,1,0.27,"D",0.258996180788418,-1.05119246381434
2013,0,0.207,8000,0,0.33,"C",6.06754017345711e-06,-12.0125512107201
2013,1,0.2875,2500,0,0.66,"D",0.971100114259027,3.51459192574865
2013,1,0.1725,2000,0,0.5,"D",0.173661803288532,-1.55989438024527
2013,0,0.276,3500,0,0,"C",0.140400117563447,-1.8119706990652
2013,0,0.2645,3500,1,0.95,"D",0.000817182642573545,-7.10883041864854
2013,1,0.3335,1000,1,1,"Missing",0.997426393433786,5.95987010668479
2013,0,0.1725,1000,0,0.87,"C",6.47402756030931e-05,-9.645062310028
2013,0,0.2185,4400,0,0.98,"D",0.0386059828252028,-3.21497707247437
2013,0,0.3335,3500,0,0.94,"Missing",0.472584365071045,-0.109772637364998
2013,0,0.138,25000,1,0,"AA",0.00020741845971447,-8.48056482078216
2013,0,0.299,6500,0,0.53,"Missing",0.354765579839595,-0.598156459999921
2013,0,0.1495,2000,1,0.54,"A",0.0077197561741476,-4.8562227913666
2013,0,0.1035,2500,0,0,"AA",3.60557075973157e-05,-10.2304093259329
2013,0,0.3335,3001,0,0.85,"Missing",0.0448108661876297,-3.05945870790731
2013,0,0.1035,1500,0,0.76,"A",5.30761051307735e-05,-9.84373065101916
2013,0,0.3335,3000,0,0.91,"Missing",0.108139926713188,-2.10988324551178
2013,0,0.1035,2500,1,0.24,"AA",0.00201654113546933,-6.20435296732756
2013,1,0.2875,5000,0,1,"Missing",0.811956064345946,1.46277059493564
2013,0,0.2875,15000,0,0,"D",0.804543603164479,1.41493784358925
2013,0,0.3335,5000,1,0.65,"D",0.00590901136633239,-5.12535020440362
2013,1,0.3335,7000,1,0,"Missing",0.990950275567633,4.69593004926861
2013,0,0.115,1500,0,0.16,"A",0.0195432793892303,-3.9153870424668
2013,0,0.1725,5000,0,0.33,"B",0.003869853009909,-5.55066139433213
2013,0,0.1035,2500,0,0.04,"A",1.04993495523999e-06,-13.7667812931686
2013,0,0.115,3000,0,0.36,"A",5.91417035546748e-05,-9.7355150950462
2013,1,0.3335,1500,0,0,"Missing",0.961548442289823,3.21914573800696
2013,0,0.1495,20000,0,0.79,"A",0.00187088020943002,-6.2794736261386
2013,0,0.1725,1000,0,0,"D",0.00163585970511795,-6.41394960011201
2013,0,0.115,3000,0,0.16,"AA",0.000825595445971463,-7.09857974283754
2013,0,0.3335,8500,1,0,"B",0.271468967880093,-0.987182387952783
2013,1,0.3335,2000,1,0,"Missing",0.994713968127258,5.23738738079636
2013,0,0.23,1500,0,0.8,"D",0.0026276352393008,-5.93903989229164
2013,0,0.1495,6000,0,0,"B",0.000916470390309581,-6.99406390795487
2013,0,0.184,25000,0,0,"AA",0.0343596232612854,-3.33590935149027
2013,0,0.2645,7000,0,0.52,"D",0.252961577912226,-1.08287900776607
2013,0,0.1725,9800,0,0.94,"B",0.000260679128057111,-8.25195958827327
2013,0,0.184,15000,0,0.46,"AA",8.48457070639743e-05,-9.37459131267129
2013,0,0.0805,3000,0,0.87,"C",0.000614134444208738,-7.394682366175
2013,0,0.1725,4500,0,0.96,"A",0.00967125967316972,-4.62887838186527
2013,1,0.2645,7500,1,0.81,"Missing",0.996405569680715,5.62476885929315
2013,1,0.1955,1700,0,0.56,"Missing",0.141453317686821,-1.80327130315118
2013,1,0.3335,5000,0,0.32,"Missing",0.960950535144361,3.20309376326037
2013,1,0.23,2500,0,0,"Missing",0.933720701403491,2.64529974853719
2013,1,0.276,3000,0,0.91,"Missing",0.31031433345365,-0.798650175431749
2013,1,0.2875,1500,1,0.97,"Missing",0.940687688968285,2.76379430140806
2013,1,0.3335,9200,1,0.98,"Missing",0.994513601914587,5.19998182158258
2013,1,0.3335,5000,1,0.94,"Missing",0.999338618857629,7.32051866955735
2013,0,0.2185,23000,0,0.27,"A",0.0042003268359568,-5.46838376564697
2013,0,0.207,7500,0,0.58,"C",0.0128186085069601,-4.34395589838646
2013,0,0.1495,9900,0,0.86,"B",0.0022509575907593,-6.09414606260908
2013,0,0.1035,3500,0,0,"AA",6.07949418016166e-05,-9.70794316971544
2013,1,0.1725,1100,0,0,"Missing",0.958436792319674,3.13808827077335
2013,0,0.207,3000,1,0.93,"C",0.00176548405165643,-6.33756333161097
2013,0,0.138,7500,0,0.81,"A",0.00740812778213589,-4.89774182834018
2013,0,0.2645,4900,0,1,"D",0.313846462250373,-0.782197526047697
2013,1,0.3335,3001,1,0,"Missing",0.878816196574044,1.98126734106479
2013,0,0.2645,5000,0,0.97,"Missing",0.419579734035421,-0.324498860577079
2013,0,0.1725,20000,0,0.37,"A",4.31978196492525e-05,-10.0496773363173
2013,0,0.2415,4000,1,0.91,"D",0.00929978521128037,-4.66842067645271
2013,1,0.2875,4000,1,0.99,"Missing",0.490719792342753,-0.0371250940830627
2013,0,0.253,6500,1,0,"B",0.000712022894690779,-7.24668821510131
2013,0,0.115,7500,1,1.02,"D",0.00121559094647978,-6.71130861435199
2013,0,0.322,4000,0,0,"Missing",0.124589578041568,-1.94966787052415
2013,0,0.23,2500,0,0.78,"Missing",0.181684657979907,-1.50497523016404
2013,0,0.1495,25000,0,0.27,"AA",0.00139864579464341,-6.57085117521513
2013,1,0.23,2000,0,1.03,"Missing",0.708809824275887,0.889610681086925
2013,1,0.3335,3000,1,0.98,"Missing",0.999116054873023,7.03023123477155
2013,0,0.23,2000,1,0,"Missing",0.494984260643905,-0.0200636304472659
2013,0,0.207,15000,0,0.26,"B",0.000652790679097977,-7.33360102891917
2013,0,0.299,2500,1,0.91,"Missing",0.169718686796276,-1.58762229210474
2013,0,0.2415,25000,0,0.07,"A",0.0160470848252184,-4.11605084322362
2013,0,0.23,9500,1,0.65,"AA",0.539767223742307,0.159405582645048
2013,0,0.1035,3500,0,0.67,"A",2.55327684697398e-05,-10.5755223596312
2013,0,0.115,7000,0,0.07,"AA",0.00439074375951263,-5.42385623355996
2013,0,0.1955,9000,0,0.9,"C",0.00311069910556818,-5.76979223787891
2013,1,0.3335,6000,1,0.77,"Missing",0.421764844154663,-0.315532712577168
2013,1,0.3335,2500,0,0,"Missing",0.870647855303014,1.90669910672726
2013,0,0.2185,6001,0,0.05,"D",0.0916282216153877,-2.29391442189462
2013,0,0.23,12000,0,0.95,"C",0.000171911902833555,-8.66835647851316
2013,0,0.1725,8000,0,0.64,"B",0.0723922262087271,-2.55051006506965
2013,0,0.161,25000,1,0.63,"AA",0.124857959400646,-1.94720943889579
2013,0,0.3335,6000,0,0.92,"Missing",0.878505013281202,1.97834861389291
2013,1,0.3335,10000,1,0.72,"Missing",0.41294744675766,-0.351794007038302
2013,0,0.1495,2500,1,0.9,"C",0.000436735901556279,-7.73574505852464
2013,0,0.3335,4750,1,1.19,"Missing",0.771735775127673,1.21813839225392
2013,0,0.1265,6000,0,0.1,"A",3.38868941137034e-05,-10.2924483351758
2013,0,0.1725,1100,0,0,"Missing",0.870757224861618,1.9076705930204
2013,0,0.1955,5000,0,0.78,"C",0.107500064019015,-2.11653499883055
2013,0,0.276,9000,0,1.03,"D",0.000573609877956255,-7.46298727338839
2013,0,0.1955,3000,0,0.91,"D",0.705976063145237,0.875920150127256
2013,1,0.322,3200,0,0.93,"D",0.0890808183232565,-2.32491015073529
2013,1,0.3335,2500,0,1.21,"Missing",0.943075343588998,2.80741760109063
2013,0,0.1955,12000,1,0.51,"A",0.0048572560981298,-5.32241249846701
2013,0,0.138,17000,0,0.19,"AA",0.00530575383980483,-5.23364353780432
2013,0,0.2415,9975,0,0.62,"C",0.0233097744413081,-3.73529675826124
2013,0,0.1495,6000,0,0,"B",0.00261777246256376,-5.94281032314654
2013,1,0.23,2000,1,0.87,"Missing",0.594975098670407,0.384571003714894
2013,0,0.23,3000,1,0.07,"D",0.00142370651343005,-6.55306686640675
2013,0,0.115,2000,0,0.06,"AA",0.00225747777838662,-6.09124708645995
2013,0,0.207,7500,0,0.9,"B",0.00174592332456674,-6.34872428821422
2013,0,0.276,4000,0,0.63,"D",0.00821984089240471,-4.79295061619647
2013,1,0.3335,3000,1,0.75,"Missing",0.95640437506705,3.08822401034416
2013,1,0.23,2000,0,1.03,"Missing",0.976649121845419,3.73349285745989
2013,0,0.23,2550,0,0,"AA",0.00703155369686689,-4.95029119649531
2013,0,0.161,1500,1,0.25,"AA",0.00397604477837973,-5.52348375782385
2013,0,0.23,8000,0,0.84,"D",0.00120607331246493,-6.71917859154865
2013,1,0.3335,7200,0,1.15,"Missing",0.854593850512473,1.77109546964262
2013,0,0.184,25000,0,0.92,"A",8.20281069660061e-06,-11.7110254917031
2013,0,0.3335,22000,0,0,"D",0.0393619313441803,-3.19479857884249
2013,0,0.3335,25000,0,0.34,"C",0.0986121219770052,-2.21274146722658
2013,0,0.322,6000,0,0,"D",0.00151182188623604,-6.49292684243015
2013,1,0.1495,1000,1,0.7,"C",0.317477129850998,-0.765390252100558
2013,0,0.2185,6600,0,0.27,"C",0.00511717642807095,-5.27002215693077
2013,0,0.115,6500,0,0.67,"A",5.53861176045262e-05,-9.80112619271701
2013,1,0.3335,5000,0,0.93,"Missing",0.754663225555753,1.12363973463891
2013,0,0.23,13000,0,1.01,"B",5.08307973324642e-05,-9.88695730828182
2013,0,0.1495,25000,0,0.1,"AA",0.222482581387682,-1.2512572345186
2013,0,0.276,23000,0,0.82,"B",0.0606423346983096,-2.74020306534444
2013,0,0.23,5950,0,0.74,"C",0.000933092946464968,-6.97607221245296
2013,0,0.0805,1000,1,0.34,"AA",5.11530947415418e-05,-9.88063640973783
2013,0,0.2645,6000,0,0,"C",0.00404416465001315,-5.50642789961175
2013,0,0.3335,5500,1,0.72,"C",0.0481894902046732,-2.9832250189118
2013,0,0.253,5600,0,0.94,"D",0.0152798204246664,-4.16582448780694
2013,0,0.23,9000,0,0.72,"D",0.0486490618537836,-2.97325048974186
2013,0,0.2875,5000,0,0.2,"D",0.00257381339741885,-5.95978953626184
2013,0,0.3335,1550,0,0,"Missing",0.422004320833256,-0.314550840229416
2013,0,0.184,5000,0,0.89,"C",0.253012935481865,-1.0826072526001
2013,0,0.207,5000,0,0.5,"D",0.00359678000816602,-5.62411301197462
2013,0,0.1955,2000,0,0.79,"D",0.015153986825541,-4.17422164301133
2013,0,0.207,20000,0,0.53,"A",0.0108912490942588,-4.50884465464735
2013,0,0.23,5500,0,0.95,"Missing",0.123365256428409,-1.96094090227985
2013,1,0.3335,3500,0,1.01,"Missing",0.841921702532512,1.67259655617959
2013,0,0.1955,11000,0,0,"C",0.00603851854237559,-5.10353974743617
2013,0,0.253,6001,0,0.98,"C",0.037727753541133,-3.23890141929073
2013,0,0.23,8000,1,0.52,"D",0.00235759178080827,-6.0477542375245
2013,0,0.1725,2890,1,0,"D",0.00283831346937322,-5.86170290290016
2013,1,0.3105,3750,0,0.88,"Missing",0.725077541906317,0.969789516152035
2013,0,0.207,10000,0,0.87,"C",0.00915809951873094,-4.6839163052273
2013,1,0.3335,2550,0,0.98,"Missing",0.953218087960517,3.01434708775134
2013,0,0.161,4500,0,0,"AA",0.0254193202250937,-3.64649778279597
2013,0,0.2645,6300,0,0.76,"D",0.00012299724381685,-9.00322560602741
2013,0,0.23,6000,1,0.25,"C",0.0575007698420236,-2.79673676624271
2013,0,0.276,2000,1,0.93,"Missing",0.04223713991867,-3.1213002840323
2013,0,0.3335,10500,0,0.76,"D",0.0246972520683335,-3.67605594834778
2013,0,0.23,10000,0,0.85,"D",7.77742461735725e-05,-9.46162243035702
2013,1,0.276,3000,0,0.4,"Missing",0.976163722483668,3.71242163523512
2013,0,0.1725,5000,0,0,"C",0.00135654338868196,-6.60145797629129
2013,0,0.207,5000,0,0.66,"C",0.0041836629621866,-5.472375670469
2013,1,0.299,2200,0,0.98,"Missing",0.958714545792454,3.1450831328149
2013,0,0.092,2499,0,0.01,"AA",1.68037154852024e-05,-10.9938937323171
2013,0,0.1265,25000,0,0.35,"AA",6.04058688614684e-05,-9.7143638834699
2013,1,0.3335,2875,1,1,"Missing",0.526996352274321,0.108090526480992
2013,0,0.1955,1000,0,0.72,"C",0.00129600590385823,-6.64717127917045
2013,0,0.299,7000,0,0.58,"D",0.00280242689699882,-5.87446312723569
2013,0,0.276,2000,1,0.93,"Missing",0.174353924786676,-1.55507891749287
2013,0,0.207,13000,0,0.52,"B",0.00553709865418601,-5.19073213882775
2013,1,0.3335,7000,0,0,"Missing",0.909689517289958,2.3098498102185
2013,1,0.3335,7400,0,0,"Missing",0.205703829640104,-1.35101898814028
2013,0,0.207,4100,0,0.5,"C",0.00296378497354041,-5.81831993453734
2013,0,0.2185,1100,1,1,"Missing",0.348392229982299,-0.626113858450445
2013,1,0.2875,5100,0,1.02,"Missing",0.990036968298652,4.59886087118178
2013,1,0.3335,3000,0,0.91,"Missing",0.906019518773993,2.26597373553493
2013,0,0.115,5000,0,0.52,"AA",0.000333543869545613,-8.00540255888652
2013,0,0.092,3000,0,0.46,"AA",0.000523696226541321,-7.55407492868373
2013,0,0.1725,5000,0,0,"C",0.000106781047103859,-9.1446233220121
2013,0,0.3335,3500,0,0,"Missing",0.566708044217646,0.268432494351764
2013,0,0.2185,21200,1,0.47,"B",0.000229333299245632,-8.38010479773714
2013,0,0.1265,11000,1,0.43,"AA",0.0177013411166085,-4.01625498938844
2013,0,0.1725,1800,1,1.02,"D",0.0393363887437121,-3.19547429467033
2013,0,0.138,15000,0,0.55,"A",1.30716946508696e-05,-11.245048307361
2013,0,0.2415,7500,0,0.68,"C",0.0685499471143732,-2.60917993399525
2013,0,0.322,3200,0,0.93,"D",0.0196152593152347,-3.9116372873301
2013,0,0.3335,5000,0,1.08,"Missing",0.206469309338554,-1.34634043850293
2013,0,0.1725,25000,0,0.31,"B",0.00807626454899228,-4.81071676740127
2013,0,0.276,25000,0,0,"A",0.00941632810642456,-4.65584912199327
2013,0,0.207,6800,1,0.89,"D",0.00180247107488626,-6.31679263867322
2013,1,0.2415,5000,0,0.26,"D",0.161172239720542,-1.64953178863845
2013,1,0.0805,1000,1,1.06,"Missing",0.428916463304067,-0.286273322163605
2013,1,0.276,8000,1,0.93,"Missing",0.385139676295191,-0.467789062019344
2013,0,0.2875,15000,1,1.04,"D",0.336580963763318,-0.678568095380325
2013,0,0.2415,10000,0,0.21,"D",0.00144176347851862,-6.54044547297181
2013,0,0.1035,6500,0,0.09,"AA",6.33388208793646e-05,-9.66694879193488
2013,0,0.1725,10000,0,0.66,"B",0.00628227867418717,-5.06372042288079
2013,1,0.3105,1000,0,0,"Missing",0.930968124464005,2.60165667652167
2013,0,0.184,8000,1,0.59,"C",0.0131460932878179,-4.31839738485688
2013,0,0.3335,3100,0,1,"Missing",0.394187331908224,-0.429744551719967
2013,0,0.1955,1100,0,0.29,"D",0.00377117256041207,-5.57659100053825
2013,1,0.3335,5000,0,0.82,"Missing",0.98733698566845,4.35632591811076
2013,0,0.069,1000,0,0.04,"AA",3.18069064824365e-05,-10.3557952993648
2013,0,0.1035,2550,0,0.05,"A",0.000722759876896405,-7.23171049025123
2013,0,0.115,3000,1,0.32,"A",0.00160529696682904,-6.43283992661706
2013,1,0.3335,10000,0,1.13,"Missing",0.949129837790606,2.92626905709226
2013,0,0.3335,22000,0,0.83,"D",0.219230831817532,-1.27015434556341
2013,0,0.1725,7500,0,0.98,"C",0.0047259576728728,-5.34994789616393
2013,0,0.1725,20000,1,0.72,"B",0.00135985872633949,-6.59901367814809
2013,1,0.3105,3000,1,0.65,"Missing",0.975105187290605,3.66788589273523
2013,1,0.3335,3000,1,0.95,"Missing",0.60167279055259,0.412439958443695
2013,0,0.138,25000,1,0,"AA",9.6118524990919e-05,-9.24983236956513
2013,0,0.1495,24250,0,0,"AA",0.109709572703274,-2.09371110626173
2013,0,0.184,25000,0,0,"AA",0.000223256184796963,-8.40696735402339
2013,0,0.1725,18000,0,0.61,"B",0.000189303195980308,-8.57197129562535
2013,0,0.115,5000,0,0.71,"AA",0.0032513730626644,-5.72542122077928
2013,0,0.23,25000,1,0.98,"B",0.341301953385285,-0.657497650862752
2013,1,0.3335,5300,0,0.83,"Missing",0.996054573865702,5.53124508182362
2013,0,0.2645,7500,0,0.89,"D",0.00710995362528329,-4.93912420785772
2013,0,0.1725,25000,0,0.16,"AA",0.287843516424639,-0.905880680843925
2013,0,0.138,25000,1,0.22,"AA",0.000140586995416781,-8.86954347946631
2013,0,0.1725,3000,0,0.91,"Missing",0.0118728134924939,-4.42156021472623
2013,0,0.207,1600,0,0.94,"D",3.83821665507525e-06,-12.4704988737544
2013,1,0.3335,1500,1,0.94,"Missing",0.977118260440457,3.75426849585882
2013,0,0.115,3000,0,0.07,"AA",9.06899906701702e-06,-11.6106395873347
2013,0,0.1035,5000,0,0,"AA",0.0188114763106375,-3.95429749046962
2013,0,0.23,2000,1,0.78,"D",0.000138926978186932,-8.88142316302652
2013,1,0.322,1200,0,0.81,"Missing",0.834672157108144,1.61910859234518
2013,1,0.3335,3500,0,0.88,"Missing",0.966053217089344,3.34842483296221
2013,0,0.207,20000,0,0.53,"A",0.0002159349511204,-8.44031738958749
2013,0,0.115,7500,0,0,"AA",4.50053325878065e-06,-12.3113101657142
2013,0,0.138,4000,0,0.28,"AA",3.48724104087962e-06,-12.5663961798378
2013,1,0.3335,2500,0,0.85,"Missing",0.937396504842948,2.70628524718924
2013,1,0.184,5000,0,0,"C",0.021116138551546,-3.83637539732826
2013,0,0.1495,5000,0,0.32,"B",4.22060169194635e-06,-12.3755286384395
2013,0,0.161,9250,0,0.92,"B",0.000442379433217038,-7.72290012063651
2013,0,0.1035,1500,0,0.76,"A",0.000446909839701184,-7.7127066748536
2013,0,0.138,25000,0,0.07,"AA",0.00582351950998439,-5.14000993089058
2013,0,0.1725,5000,0,0.53,"A",0.291252681733573,-0.889307858777288
2013,1,0.2645,6001,0,0.88,"D",0.0278865248953766,-3.55132894808597
2013,0,0.1495,12500,0,0,"AA",4.09868022054783e-05,-10.1022194528652
2013,1,0.299,6500,0,0.53,"Missing",0.999127071918762,7.04278407738363
2013,0,0.23,18000,1,0.75,"B",0.306576987501643,-0.816171314063946
2013,0,0.1265,1500,0,0.07,"B",0.00145091265511685,-6.53411053697957
2013,0,0.1725,25000,0,0.01,"A",0.0425742820101287,-3.1129977766351
2013,1,0.2645,2400,0,0.91,"Missing",0.995519421144813,5.40351238542175
2013,0,0.299,5050,1,0,"D",0.0687617004129863,-2.60586829552134
2013,0,0.115,15000,0,0.21,"AA",0.000165073406728154,-8.7089552067032
2013,0,0.2875,15000,1,1.04,"D",0.00098718794528191,-6.91966244037062
2013,0,0.138,9000,0,0.12,"A",0.000621756382004355,-7.38234026099798
2013,1,0.3335,3000,0,0,"Missing",0.998438541550729,6.46057231229559
2013,1,0.23,5500,0,0.8,"D",0.559079937184531,0.237428867701981
2013,0,0.161,7750,0,0.59,"C",0.000708898010624517,-7.25108974199467
2013,0,0.138,1800,0,0.39,"B",0.00230509775379201,-6.07032443539716
2013,1,0.322,3500,0,0,"Missing",0.835923578478467,1.62820489142863
2013,1,0.3335,2500,0,0.95,"D",0.983472727376943,4.0860780046344
2013,0,0.207,15000,0,0.58,"C",0.0131131846678874,-4.32093717014891
2013,0,0.23,7500,0,0.36,"C",0.111204620203087,-2.07849511052134
2013,0,0.3335,4090,1,0.58,"Missing",0.189484697642011,-1.45336195111065
2013,0,0.2875,8500,0,0.87,"C",0.00346149339629648,-5.6625876673801
2013,1,0.0805,1000,1,1.06,"Missing",0.980016924022365,3.89268412672062
2013,0,0.322,25000,0,0.73,"C",0.0486312584171463,-2.97363522681549
2013,1,0.3335,2000,1,0.83,"Missing",0.796220388492072,1.36283694337241
2013,0,0.184,2000,1,0,"C",0.137072139879314,-1.83982373990702
2013,0,0.3335,20000,1,0.87,"D",0.0275322625394812,-3.56447839980983
2013,0,0.184,5000,0,0.89,"C",0.00441400829166666,-5.41854831386845
2013,0,0.184,25000,0,0.63,"A",0.000988157630531415,-6.91867968168993
2013,0,0.1265,13000,1,0,"AA",0.00245237005808966,-6.00824496933523
2013,0,0.2185,16000,0,0,"A",0.00255651720504536,-5.96654962286949
2013,0,0.115,8000,0,0.45,"AA",1.19605431074538e-05,-11.3338854395359
2013,0,0.2645,5000,0,0,"D",0.00816955001838645,-4.79913834527337
2013,0,0.184,15000,0,0.46,"AA",0.000554595081746196,-7.49671754400543
2013,1,0.276,6000,0,0.52,"D",0.261941925107264,-1.03589969447601
2013,0,0.23,3200,1,0,"D",0.00397424540059327,-5.52393822152546
2013,0,0.184,15000,0,0.46,"AA",4.9970843055901e-05,-9.90402088941807
2013,0,0.1725,1000,1,0.73,"C",0.0615918278393255,-2.72365580911978
2013,0,0.1495,5000,0,0.69,"A",8.05920762220918e-05,-9.42602962786009
2013,1,0.1955,2500,0,0.59,"C",0.561045170165191,0.245404905043356
2013,0,0.23,4000,1,0.98,"B",0.000767118981628731,-7.17210122927715
2013,0,0.2645,10000,0,0.88,"C",0.00323167498784702,-5.73151779594371
2013,0,0.2875,15000,1,0.82,"D",0.001855619943536,-6.28767909364943
2013,1,0.23,3500,0,0,"Missing",0.575797811791862,0.305546377326541
2013,1,0.299,3672,0,0.94,"Missing",0.999332327770481,7.31104528399866
2013,0,0.1725,14000,1,0.25,"A",0.00299744216537656,-5.80699402204276
2013,0,0.1955,1500,0,0.61,"D",0.00346861331494307,-5.660525743046
2013,1,0.322,5000,0,0.56,"Missing",0.728983169350029,0.989469719760128
2013,1,0.3335,2500,1,1.01,"Missing",0.996285334964152,5.59174518865667
2013,1,0.3335,2000,0,1.26,"Missing",0.97546171337385,3.68267629387575
2013,0,0.207,1500,0,0.1,"C",0.018824829136961,-3.95357430994076
2013,0,0.2185,1500,0,0.86,"D",8.67655333434168e-05,-9.35221432715498
2013,1,0.3335,4000,1,0.98,"Missing",0.943066713453196,2.80725685519621
2013,0,0.2875,13000,0,0.93,"D",0.0385734702788726,-3.21585340826466
2013,0,0.1725,2000,0,0.5,"D",3.26417226471611e-05,-10.3298866098255
2013,1,0.3335,2875,1,1,"Missing",0.987553734386669,4.37381028268364
2013,1,0.3335,4000,1,0,"Missing",0.998940117960088,6.84853721604045
2013,0,0.276,4500,1,0.71,"D",0.209391824352095,-1.32859523741103
2013,1,0.1265,3500,0,0,"D",0.428434606032926,-0.288240786794908
2013,0,0.1955,7100,0,0.95,"D",0.125218321939361,-1.94391555510893
2013,0,0.3335,7400,0,0,"Missing",0.57948593503252,0.320663464566024
2013,0,0.1035,3500,0,0.1,"AA",9.41242457426104e-05,-9.27080075655934
2013,0,0.2185,18000,0,0.76,"C",0.00011633911215043,-9.0588849051381
2013,0,0.092,3001,0,0.14,"AA",0.00149595538054739,-6.50349315027298
2013,0,0.2185,3000,0,0,"D",0.0265166704179623,-3.60310709287109
2013,1,0.1725,3500,0,0.32,"C",0.0109155654841691,-4.50658990495821
2013,0,0.1725,3010,0,0.34,"AA",0.0017258024059024,-6.36033588049307
2013,1,0.1725,10000,0,0.68,"B",0.409151129444051,-0.367475669091103
2013,0,0.276,10000,0,0.54,"A",0.00101901506539411,-6.88789920574779
2013,0,0.1725,10200,0,0,"C",0.106788078266268,-2.12397757351834
2013,0,0.207,10000,0,0.15,"B",0.0274587126685947,-3.56722901043054
2013,0,0.115,4000,0,0.16,"A",0.00149639954898124,-6.50319583661991
2013,1,0.3335,1500,0,0.84,"Missing",0.941582004586098,2.77993746121874
2013,1,0.3335,3000,0,0.94,"Missing",0.872852579834424,1.92641947344145
2013,0,0.2875,15000,0,0.65,"D",0.0143432405663322,-4.23002938927479
2013,1,0.3335,4000,1,0,"Missing",0.90785284289918,2.28769546531324
2013,0,0.23,3000,0,0.98,"D",0.0130561634731628,-4.32535281553372
2013,0,0.138,4000,0,0.28,"AA",4.46414505812461e-05,-10.0168031028725
2013,0,0.1955,9000,0,0.94,"C",0.000487450960394913,-7.62583329684478
2013,1,0.3335,2560,0,1,"Missing",0.387911310479683,-0.456100457272987
2013,1,0.2875,5500,0,0.49,"Missing",0.995808832615329,5.47057599681531
2013,0,0.23,5000,1,0,"C",0.0391713619765563,-3.19985015877375
2013,0,0.23,9999,0,0.9,"D",0.00634127928427576,-5.0543132804334
2013,1,0.3335,2550,1,1.26,"Missing",0.743767433627855,1.06564290228849
2013,0,0.322,2550,0,0.94,"Missing",0.23154012999666,-1.19963513679082
2013,0,0.2185,25000,0,0.72,"A",0.000893926049548387,-7.01899317899839
2013,1,0.2875,15000,1,0,"D",0.948285861540662,2.90892478321498
2013,1,0.3335,4000,1,0,"Missing",0.989222353092516,4.51944487404474
2013,0,0.276,4000,0,0.99,"Missing",0.258757121113047,-1.0524384779572
2013,1,0.184,9000,0,0.97,"C",0.0197192615908886,-3.90624309461265
2013,0,0.2185,3000,1,0,"D",0.000858155804323054,-7.05986636061088
2013,0,0.1955,13000,1,0.88,"B",0.00848367353799693,-4.76109185801574
2013,0,0.23,19900,0,0.98,"A",0.0981162005403882,-2.2183331902712
2013,0,0.2415,4900,0,0,"D",0.0147573887493244,-4.20114402716325
2013,0,0.1265,25000,0,0.29,"AA",0.000912472073514516,-6.99844018871403
2013,0,0.23,5000,0,0,"B",0.00135361145296676,-6.60362457961949
2013,1,0.3335,3000,1,0.92,"Missing",0.999153876070345,7.07399823803827
2013,0,0.207,20000,0,0.53,"A",0.0001816015445894,-8.61351396834887
2013,0,0.092,2499,0,0.01,"AA",3.28237859169372e-06,-12.6269389356061
2013,0,0.1725,3500,0,0.32,"A",0.00829689691912089,-4.78354219150781
2013,0,0.322,7500,1,0,"C",0.000487904846813529,-7.62490213325011
2013,1,0.3335,3000,0,0,"Missing",0.99533170453799,5.36228204537284
2013,0,0.3335,18000,0,0.91,"C",0.032359444853011,-3.39795475429265
2013,0,0.1265,25000,0,0.35,"AA",4.73968067718919e-05,-9.95690830128412
2013,0,0.1035,2500,1,0.24,"AA",4.57469875807486e-05,-9.99233886560617
2013,0,0.115,7000,0,0.51,"AA",2.35877016565877e-05,-10.6547615100274
2013,0,0.253,6001,0,0.01,"D",0.000130534966513838,-8.94373888097003
2013,0,0.1955,6000,0,0.6,"C",0.000457394216077127,-7.68950742282117
2013,1,0.1495,6000,1,0.22,"A",0.15161120919258,-1.72201960070798
2013,0,0.115,5000,0,0.43,"A",0.0015465968756658,-6.47015053183094
2013,0,0.23,3500,0,0.8,"D",0.0435622218513796,-3.08902543171545
2013,0,0.138,15000,0,0,"A",0.0288667241483422,-3.51577419697607
2013,0,0.23,16950,0,0.55,"C",0.323377262446059,-0.738294224553335
2013,1,0.3335,15000,0,0.98,"Missing",0.992339022690988,4.86392524399733
2013,0,0.1495,15000,0,0.45,"A",0.000118908840684084,-9.03703448717556
2013,1,0.276,1500,0,0,"Missing",0.99299204670905,4.95367696614899
2013,0,0.276,4500,0,0.6,"D",0.0923904623885021,-2.2847905090409
2013,1,0.3335,2100,0,0,"Missing",0.917503335084213,2.40889834763097
2013,1,0.2875,5000,1,0.92,"Missing",0.982031235150398,4.00098815112752
2013,0,0.23,6000,0,0.85,"Missing",0.545421904679007,0.182189906453573
2013,1,0.3335,3000,1,0,"Missing",0.996801264741892,5.74179591699475
2013,1,0.2875,3000,0,0.62,"Missing",0.428112098738605,-0.289557921128835
2013,0,0.253,6001,0,0,"D",0.0167965236206139,-4.06964415637368
2013,0,0.1955,1500,0,0,"Missing",0.263873419716951,-1.02593257062721
2013,1,0.3335,3800,0,0.96,"Missing",0.990864209527296,4.68637778285354
2013,0,0.184,25000,0,0.63,"A",0.37993373804567,-0.489829482496823
2013,0,0.184,8000,0,0.8,"C",0.000234097806397281,-8.35953742866591
2013,0,0.1955,1700,0,0.56,"Missing",0.0796075521333277,-2.44769118845776
2013,1,0.276,1000,1,0.98,"Missing",0.984672288108552,4.16264645856061
2013,0,0.161,25000,0,0.58,"AA",0.000176732108441482,-8.6406987358088
2013,0,0.115,2000,0,0,"B",0.000565095048651336,-7.47795135849001
2013,0,0.2645,10000,0,0,"D",0.00369114585182276,-5.59812036524395
2013,0,0.1725,5000,0,0.53,"A",0.00228166095893587,-6.08056734256152
2013,0,0.0575,1000,0,0.42,"D",0.000359769045211934,-7.92968843968999
2013,0,0.253,25000,0,0.83,"A",0.0242471890867173,-3.69490859011343
2013,0,0.161,1500,0,0.04,"AA",9.29000623927459e-05,-9.28389333615493
2013,0,0.276,7500,0,0,"C",0.000355044224344858,-7.94291309336097
2013,1,0.276,5250,0,0.57,"Missing",0.480535606551941,-0.0778969393574387
2013,0,0.115,2750,0,0.37,"AA",2.5348876230446e-05,-10.5827508098721
2013,1,0.2875,3000,1,0.93,"Missing",0.90277207743913,2.22841217626324
2013,0,0.1955,5000,1,0.98,"B",0.00828143954449903,-4.78542254649666
2013,0,0.23,15000,0,0.59,"A",0.0438082927365963,-3.08313529221094
2013,0,0.138,15000,0,0,"A",0.00755511457069883,-4.87794671947209
2013,0,0.3335,15000,0,0.97,"D",0.0258090085449383,-3.63088377481811
2013,1,0.2875,3500,0,0.97,"Missing",0.993979056931146,5.10647223394149
2013,0,0.184,20000,0,0.29,"AA",0.000700720335983218,-7.26270073467149
2013,0,0.3335,7000,1,0.91,"D",0.0167862660124157,-4.07026547400186
2013,1,0.322,3200,0,0.93,"D",0.634879361968042,0.553207185560859
2013,0,0.184,20000,0,0.29,"AA",0.00182558165395658,-6.30402937817061
2013,0,0.253,6001,0,0.01,"D",0.114413973458205,-2.04642638564873
2013,0,0.23,3500,0,0.8,"D",0.0100300064829974,-4.59209338475622
2013,0,0.115,7500,0,0.13,"AA",0.0026603483177661,-5.9266343248996
2013,0,0.3335,3500,0,1.01,"Missing",0.252293468131511,-1.08641759789652
2013,0,0.1035,1500,0,0.76,"A",0.00198219887696409,-6.22156434051905
2013,0,0.276,9000,0,1.03,"D",0.00705095423022801,-4.94751638983406
2013,1,0.1955,25000,0,0.67,"A",0.689075846891702,0.795802345771638
2013,1,0.322,2000,0,0.77,"Missing",0.982077920930088,4.00363723407911
2013,1,0.3335,2550,0,0,"Missing",0.443261990217785,-0.227933774538957
2013,0,0.1725,1200,0,0.9,"D",0.00019812835559708,-8.52639732872295
2013,0,0.138,10000,0,0.58,"A",0.0100210622779373,-4.59299456207445
2013,0,0.1265,8000,0,0.62,"B",3.20325148300337e-05,-10.3487270495666
2013,0,0.1725,9000,0,0.49,"B",2.60166488107751e-05,-10.556747869009
2013,1,0.3335,6000,0,1.12,"Missing",0.908292660418614,2.29296422479098
2013,0,0.1265,10000,0,0.43,"AA",0.00249467475320123,-5.99109912607548
2013,0,0.253,5000,0,0.93,"D",0.168713647762028,-1.59477143715264
2013,0,0.276,25000,0,0.97,"C",0.0397815616718062,-3.18375726813597
2013,0,0.3335,5000,0,1,"D",0.000683069695956038,-7.28823035664575
2013,0,0.2415,13500,0,0.82,"C",0.00101257253805909,-6.89424803348633
2013,0,0.3335,10000,0,0.93,"D",0.011062458680449,-4.49307390103455
2013,1,0.3335,2500,0,1.21,"Missing",0.500982319527327,0.00392928316473706
2013,0,0.1955,10000,0,0.62,"B",0.119041794156856,-2.00153554250591
2013,0,0.1955,15000,0,0.65,"B",0.00153163298570383,-6.47988799469703
2013,0,0.1725,5000,1,0.84,"B",1.19866554298598e-05,-11.3317045877443
2013,0,0.1495,25000,0,0.27,"AA",0.000773590373190176,-7.16369416832388
2013,0,0.3335,6000,1,0,"D",0.00587251370928263,-5.13158268222165
2013,0,0.207,5000,0,0.12,"C",0.000548683253270259,-7.50744040126956
2013,0,0.1035,3500,0,0.1,"AA",0.163418224026802,-1.6330115689711
2013,1,0.3335,5000,0,0.78,"Missing",0.99984609326862,8.77900986084081
2013,0,0.1035,6100,0,0.48,"A",0.0101275522428963,-4.58231643957865
2013,0,0.161,5000,0,0.34,"B",0.0372978119366638,-3.25080944590793
2013,0,0.115,2550,0,0.58,"A",1.1635499321922e-05,-11.361438211057
2013,0,0.1955,1775,0,0.9,"D",0.0605959293886854,-2.74101798777168
2013,1,0.3335,3000,0,0,"Missing",0.93131874203587,2.60712523174976
2013,0,0.1955,1775,0,0.9,"D",0.020314136662422,-3.87591494166949
2013,0,0.2875,5000,1,0.96,"Missing",0.182584915530144,-1.4989316697836
2013,0,0.276,2500,1,0.83,"D",0.206951734414995,-1.34339848532833
2013,0,0.3335,6500,1,0.85,"D",0.000431774210369962,-7.74717590008408
2013,0,0.3335,3500,0,1.01,"Missing",0.187503888532863,-1.46631154426848
2013,0,0.1955,4000,1,0,"C",0.00387652139268705,-5.54893302118686
2013,0,0.1495,16000,0,0.34,"A",0.000500708543846166,-7.59898554103072
2013,0,0.2875,15000,0,0.11,"D",0.00927811691419133,-4.67077524476604
2013,0,0.207,13000,0,0.95,"B",0.00435212937920791,-5.43272841372988
2013,0,0.207,3002,1,0.8,"D",0.0441871555009866,-3.07412797720735
2013,0,0.3335,25000,1,0.97,"D",0.0550041039608076,-2.84377278475069
2013,0,0.1725,1000,0,0,"D",0.0251340485277717,-3.65807653392325
2013,0,0.1495,9500,0,0.27,"A",0.000728838545421429,-7.22332922025193
2013,1,0.23,6500,1,1.06,"Missing",0.94053080407104,2.76098593806034
2013,1,0.3335,3000,0,0.29,"Missing",0.986579926342174,4.29749272210532
2013,0,0.2185,7000,0,0.83,"C",0.000112999593569258,-9.08801333001213
2013,0,0.0805,2550,0,0.44,"AA",8.73524716426469e-05,-9.34547186964573
2013,0,0.1955,3000,1,0.14,"AA",0.0176378397838394,-4.01991345710971
2013,0,0.184,8000,0,0.9,"B",0.00204688553342526,-6.18938690978635
2013,0,0.253,7300,0,0.74,"D",0.0195882604936293,-3.91304219339802
2013,1,0.299,2000,1,0,"Missing",0.454120972184733,-0.184033769314536
2013,0,0.3335,20000,0,0.61,"D",0.0277399631984961,-3.55674920802747
2013,1,0.322,1000,0,0,"Missing",0.989307903095709,4.52750074938307
2013,0,0.207,9500,1,0.36,"A",0.00725900800155295,-4.91822661558748
2013,0,0.23,6000,0,1,"C",0.0025011816565647,-5.98848768131496
2013,1,0.3335,3999,0,0.94,"Missing",0.997995065461187,6.2101369206172
2013,0,0.1725,15152,0,0.85,"B",0.00190100720509528,-6.2634686089099
2013,1,0.3335,4000,1,0,"Missing",0.97319900651194,3.59214963278236
2013,0,0.1035,3000,0,0.71,"AA",0.00156441851944666,-6.45867543360234
2013,0,0.1035,9000,0,0.99,"Missing",0.00502649391963818,-5.28799340254773
2013,0,0.299,5000,0,0,"Missing",0.995149972918417,5.32390916358624
2013,0,0.1725,25000,0,0,"B",0.000150711417583394,-8.79999296876717
2013,0,0.3335,2100,0,0,"Missing",0.59582262574018,0.38808918814628
2013,0,0.2185,20000,1,0.82,"B",0.000835588143761343,-7.086538779833
2013,0,0.1955,2000,0,0.79,"D",6.52606219403021e-05,-9.63705647390143
2013,0,0.1725,1200,0,0.49,"C",0.000405000611349902,-7.8112168987067
2013,0,0.138,15000,0,0,"A",0.0071043128682439,-4.93992356446352
2013,0,0.3335,12000,0,0.6,"B",0.00595568925261822,-5.11743484425746
2013,1,0.2645,5000,0,0,"D",0.600708624585499,0.408418584738277
2013,1,0.276,2500,1,0.83,"D",0.0118358864125252,-4.42471265311053
2013,0,0.23,4000,1,0.98,"B",0.00972855080620874,-4.62291415232502
2013,0,0.138,12000,1,0,"AA",0.00209724478985886,-6.16503135342634
2013,0,0.2645,5000,0,0.78,"D",0.00129665931907654,-6.64666657584871
2013,0,0.115,1000,0,0.65,"A",0.011860940052516,-4.42257278391178
2013,0,0.1955,5600,0,1.09,"B",0.000212271256758998,-8.45743329436782
2013,0,0.253,10000,0,0.65,"C",0.0561957969294658,-2.82107676626013
2013,0,0.276,1000,1,0.18,"C",0.0113471074267131,-4.46738044276838
2013,1,0.3105,6000,0,0.95,"Missing",0.922721500459644,2.47991168216239
2013,0,0.2875,6000,0,0.11,"D",0.00738231562066236,-4.9012582200796
2013,1,0.1955,10000,1,0.95,"D",0.40382759479354,-0.389541854396543
2013,0,0.3335,4090,1,0.58,"Missing",0.118702372054232,-2.00477611353832
2013,0,0.2645,15000,0,0.18,"D",0.773019398761915,1.22543958696666
2013,0,0.0575,1000,0,0.64,"D",3.09955051722211e-06,-12.684250351875
2013,0,0.1495,5000,0,0,"B",8.48001796020007e-06,-11.6777895101607
2013,0,0.2875,25000,0,0.87,"A",0.001030683595969,-6.87650179636
2013,1,0.161,6001,0,0.56,"B",0.745294973887769,1.07367396287055
2013,1,0.299,1500,0,0,"Missing",0.446451569646186,-0.215018318906066
2013,0,0.1265,2700,1,0.12,"AA",0.0147161092281089,-4.20398705400826
2013,0,0.138,8000,0,0.61,"A",0.00722325627431414,-4.92319994992805
2013,0,0.1725,4000,0,0.46,"B",0.000185779408728706,-8.59076476598444
2013,0,0.3335,2610,0,1.39,"Missing",0.42935968870572,-0.284464080638413
2013,0,0.23,5000,0,0.45,"D",0.000249150204124526,-8.29720543270633
2013,0,0.1495,25000,0,0.1,"AA",0.000510604795134423,-7.57940392682692
2013,0,0.1725,7500,0,0.72,"B",0.00110286999101559,-6.80873593558438
2013,1,0.1725,12000,1,0.53,"B",0.114246422044793,-2.04808107081205
2013,0,0.161,9999,0,0.54,"A",0.0226554260145453,-3.76443989324126
2013,1,0.23,5128,0,0,"Missing",0.893263669770195,2.12452021033978
2013,0,0.115,6000,0,0.02,"AA",7.64884334313511e-06,-11.7809484696605
2013,0,0.1495,15000,1,0.07,"AA",0.00147144070942646,-6.52004075936967
2013,0,0.1725,11000,0,0.65,"B",0.308759293334959,-0.805926121140791
2013,1,0.3335,2500,0,0,"Missing",0.569380082895282,0.279322356955206
2013,0,0.2185,6500,0,0.7,"C",0.0520433264951708,-2.90223222466495
2013,0,0.2645,10000,1,0.72,"D",0.00376444703704921,-5.57838274742605
2013,0,0.23,20000,1,0.2,"C",0.000691459295060164,-7.27601457482845
2013,0,0.2415,25000,0,0.99,"C",0.00946446210582582,-4.65070179100317
2013,0,0.23,12000,0,0.66,"C",0.00159160490073967,-6.44141952743915
2013,0,0.2185,20000,1,0.82,"B",9.69704869372673e-05,-9.24100690894667
2013,1,0.322,1900,0,1.2,"Missing",0.904433121521756,2.24748206178618
2013,1,0.2645,2400,0,0.91,"Missing",0.38452232096014,-0.470396841033653
2013,0,0.1035,1000,0,0.18,"AA",0.000509622635769411,-7.58133028345549
2013,0,0.207,15000,0,0.26,"B",7.14232098576279e-06,-11.8494656240555
2013,0,0.207,8000,0,0.23,"C",0.0035928345552257,-5.62521451404098
2013,0,0.2645,16000,1,0,"A",0.0353706046147853,-3.30586288426997
2013,0,0.115,2550,0,0.02,"AA",0.000123171190957389,-9.00181219506404
2013,0,0.138,4000,0,0.04,"AA",1.00336448152967e-05,-11.5095565969503
2013,1,0.3335,2550,1,0.76,"Missing",0.961386888795696,3.21478503044879
2013,0,0.092,1000,0,0.05,"AA",0.00036068103497312,-7.9271558037355
2013,0,0.1955,13000,1,0.88,"B",0.000339067394868298,-7.98897254053045
2013,0,0.23,3000,0,0.98,"D",0.100533668338002,-2.19130894289645
2013,0,0.23,6500,0,0,"C",0.175224452746257,-1.54904354615098
2013,0,0.322,4000,0,0.53,"Missing",0.307603118077447,-0.811348945629855
2013,0,0.207,1000,1,0,"C",0.0698577217959075,-2.58887693390997
2013,0,0.1035,3500,0,0.14,"AA",0.000769740838714595,-7.1686866356266
2013,0,0.276,18000,1,0.97,"C",0.0169489080294299,-4.06045768564277
2013,0,0.23,8500,0,0.89,"D",0.0222863784598328,-3.7812411462085
2013,0,0.115,4000,1,0.43,"A",0.130396576894644,-1.8974568738729
2013,0,0.2875,3001,0,1.02,"D",0.00773211509708393,-4.85461066904883
2013,0,0.115,7500,0,0.2,"AA",0.000105880758406854,-9.15309113137629
2013,1,0.3335,4500,0,0.94,"Missing",0.978950463319974,3.83960249254966
2013,0,0.0805,3000,1,0.01,"AA",0.00200531449956659,-6.20994704505056
2013,0,0.092,2500,1,0.24,"AA",0.000130422941962609,-8.94459755720266
2013,0,0.1265,1600,0,0.9,"B",0.000428587140370898,-7.75458780016582
2013,0,0.161,9250,0,0.92,"B",0.000125374697280597,-8.98407834363944
2013,0,0.207,9500,1,0.36,"A",0.000759669134643697,-7.18186761079942
2013,1,0.2415,1000,0,0.42,"D",0.361308542092898,-0.569689205757971
2013,0,0.253,9000,0,0.99,"C",0.0228801972630285,-3.75433747948242
2013,0,0.1035,2000,0,0.06,"AA",3.00003370584462e-05,-10.4142719402966
2013,0,0.3335,5001,1,0.3,"D",0.00295568508557309,-5.82106475379636
2013,0,0.1955,3600,1,0.76,"D",0.426917932637433,-0.294437130949339
2013,0,0.2645,10000,1,0,"D",0.00413885296845717,-5.48318914856547
2013,1,0.3335,6000,0,0,"Missing",0.998770330227129,6.69977919654808
2013,0,0.207,15000,0,0.61,"A",0.0210529133607402,-3.83943864020606
2013,0,0.1955,10000,1,0.95,"D",0.0011616599054602,-6.75674300856319
2013,0,0.3335,20000,0,0.61,"D",0.311341388377163,-0.793855642406592
2013,1,0.1725,12000,1,0.53,"B",0.533847702446294,0.135598197354305
2013,0,0.276,15000,1,0.81,"D",0.00253789815107028,-5.97387791602331
2013,1,0.3335,2500,1,1.01,"Missing",0.97807282261092,3.79785728389243
2013,0,0.1955,3000,1,0.14,"AA",0.063166072095514,-2.69673870536022
2013,0,0.092,1000,0,0.05,"AA",0.000230714146064772,-8.37410033589035
2013,1,0.253,15000,0,0.94,"C",0.237259525330056,-1.16776324977816
2013,0,0.253,20000,1,0.77,"B",0.000996233963763524,-6.91053169405348
2013,0,0.23,4000,0,0,"D",0.100131781632429,-2.19576119381268
2013,0,0.1955,10000,1,0.95,"D",0.00236242199553039,-6.04570269998929
2013,0,0.115,3000,0,0.05,"AA",0.000157855687167158,-8.75367144652808
2013,0,0.3335,8500,1,0.93,"B",0.00442303423162256,-5.41649649588144
2013,0,0.299,6000,1,1.06,"Missing",0.329033238570391,-0.712560825120713
2013,0,0.184,20000,0,0.29,"AA",0.00101166100488727,-6.89514956656221
2013,0,0.253,6000,0,0.71,"C",0.131837326161623,-1.88481032433585
2013,0,0.2875,5000,0,0.52,"C",0.0745937411358632,-2.51817623515798
2013,0,0.2415,1500,0,0.01,"C",0.0503515735654664,-2.93706196744394
2013,0,0.1725,10000,0,0.16,"A",0.010499835031409,-4.54584038601607
2013,0,0.2185,19250,0,0.88,"B",2.96832248824382e-06,-12.7275106151661
2013,0,0.184,9000,0,0.05,"B",0.0151732469967457,-4.17293192931395
2013,0,0.3335,6000,1,0,"D",0.00110099931218499,-6.81043544010306
2013,0,0.1955,4000,1,0.76,"D",0.00248752035022223,-5.99397828860185
2013,1,0.1955,1800,0,0.96,"Missing",0.61952513415054,0.487533152383966
2013,0,0.2415,1500,0,0.01,"C",0.000720651280164989,-7.23463428795939
2013,0,0.1725,1000,1,0.73,"C",0.000255812999270735,-8.27080800628278
2013,0,0.1955,1100,0,0.29,"D",4.81514570712643e-06,-12.2437394369293
2013,0,0.23,5000,0,0.7,"D",0.00471655622615371,-5.35194864450853
2013,0,0.1035,7000,0,0.17,"AA",0.000682084038567505,-7.28967536724249
2013,1,0.3335,22000,0,0,"D",0.830997463778949,1.59271302080428
2013,0,0.184,15000,0,0.59,"A",0.00169357398075324,-6.37921919184073
2013,0,0.2875,8500,0,0.78,"D",0.0322306044892766,-3.40207737998134
2013,1,0.3335,1000,0,0,"Missing",0.99927987823067,7.23536985500291
2013,0,0.3335,2525,0,0,"D",0.0283451640091399,-3.53454420045487
2013,1,0.276,3000,0,0,"Missing",0.775880464148049,1.24181891555646
2013,1,0.3335,2100,0,0,"Missing",0.574172075325401,0.298893802212696
2013,0,0.23,5300,0,1.26,"D",0.0178143403679547,-4.00977658165155
2013,0,0.1955,6500,0,0.79,"C",0.000803503723223964,-7.12572491233481
2013,0,0.1265,2500,1,0,"B",0.00117818492624038,-6.74260134331545
2013,1,0.23,1000,0,1.07,"Missing",0.878611144389815,1.97934334023609
2013,1,0.1725,3000,0,0.91,"Missing",0.84209805300513,1.67392220822035
2014,0,0.253,9000,0,0.95,"D",0.0296213134110056,-3.48919224396792
2014,0,0.2415,4000,1,0.91,"D",0.00438555270068559,-5.4250444201693
2014,0,0.138,4500,0,0.09,"AA",0.0783024930498876,-2.46563764394972
2014,1,0.3335,4000,1,1.14,"Missing",0.998876907579991,6.79054558562575
2014,0,0.23,12200,0,0.35,"C",0.00696820418193154,-4.9594051415664
2014,0,0.3335,4500,1,1.32,"Missing",0.300397638059446,-0.845405062061333
2014,1,0.2645,8100,0,0.93,"C",0.820282392438692,1.51826188991588
2014,0,0.2875,3500,1,0.62,"Missing",0.635459400103211,0.555710271625482
2014,0,0.184,2000,0,0.89,"C",0.0123523204476167,-4.3814820985877
2014,0,0.161,9999,0,0,"A",0.000628872063164341,-7.37095364926071
2014,0,0.115,6000,0,0.02,"AA",0.0652663465528194,-2.66178508937456
2014,0,0.207,6000,0,0.58,"C",0.0395458171679282,-3.18994635168676
2014,0,0.115,5000,0,0,"A",0.00326597012219182,-5.72092711756713
2014,1,0.3335,3800,0,0.84,"Missing",0.998733327622909,6.67009451741388
2014,1,0.299,2550,1,0.51,"Missing",0.466031761857843,-0.136082567760515
2014,0,0.2645,4500,1,0,"D",0.000216142930393819,-8.43935448803796
2014,0,0.276,2350,0,1.37,"Missing",0.260814055145655,-1.04174178512095
2014,0,0.1955,18000,0,0.22,"B",5.99945045384299e-05,-9.72119759465878
2014,0,0.2645,7000,0,0.52,"D",0.0183564949170272,-3.97924475468793
2014,0,0.299,2200,0,0.98,"Missing",0.0156074803488765,-4.14427441072555
2014,0,0.1035,5000,0,0.01,"AA",2.850107446929e-05,-10.4655402692428
2014,0,0.276,3000,0,0.4,"Missing",0.206412465226715,-1.34668742333231
2014,0,0.1035,2550,0,0.05,"A",9.59412064400783e-06,-11.5543504858533
2014,0,0.1955,10000,1,0.6,"A",0.0230765791920351,-3.74559005158808
2014,0,0.161,3000,0,0,"C",0.0161548712337121,-4.10924686663244
2014,0,0.1495,2600,1,0.1,"C",0.00301625473830349,-5.80071855729849
2014,0,0.1495,25000,0,0.05,"AA",0.0105527159795472,-4.54076322264246
2014,0,0.184,5200,0,0.86,"C",0.00667406552629138,-5.00282964386247
2014,0,0.3335,5001,1,0.3,"D",0.0087731347078062,-4.72724925590833
2014,0,0.1495,10000,0,0.12,"AA",0.000566830152495537,-7.47488386293214
2014,0,0.1725,3000,0,0.73,"D",0.000310747779914461,-8.07621817580867
2014,1,0.23,20000,1,1,"C",0.098024954710276,-2.21936476754789
2014,0,0.138,10000,0,0.58,"A",1.32312828029332e-07,-15.8380966765402
2014,0,0.1725,10000,1,0,"B",0.000290269632211055,-8.14440998893505
2014,0,0.1955,9200,0,0.06,"A",0.00807125104687348,-4.81134278439066
2014,0,0.276,3000,0,0,"Missing",0.21732318131332,-1.28133430284152
2014,0,0.115,1000,0,0.56,"A",0.000133776785209715,-8.91920414325384
2014,1,0.3335,6000,0,0,"Missing",0.943486650879728,2.81510533833634
2014,0,0.2645,10000,1,0.64,"C",0.0113388875683113,-4.46811342065426
2014,0,0.207,4100,0,0.5,"C",0.000327402964660781,-8.02399138133126
2014,1,0.322,3900,0,1.08,"Missing",0.414162043574317,-0.346785919621753
2014,0,0.1725,9999,0,0.83,"C",0.0288108489644681,-3.51776923319944
2014,0,0.23,1800,0,0.61,"Missing",0.331238303374105,-0.702589722230714
2014,0,0.207,2500,0,0,"C",0.173673117473439,-1.55981553963743
2014,0,0.115,5000,0,0.43,"A",7.63822920760845e-05,-9.47968328255622
2014,1,0.23,4600,0,0.91,"Missing",0.977578154280305,3.77504250293936
2014,0,0.184,3400,0,0.49,"C",0.0254100320528222,-3.64687277809172
2014,0,0.1725,5000,0,0.53,"A",0.000739297319949329,-7.20907081979207
2014,0,0.207,8000,1,0,"C",0.00875107537544833,-4.72978909521126
2014,0,0.184,15000,0,0.46,"AA",0.000144937608229226,-8.83906224810578
2014,1,0.2645,3500,0,0.92,"Missing",0.730358514021061,0.996442281738515
2014,0,0.207,5000,1,0,"D",0.0730946283589652,-2.54009659954648
2014,0,0.1495,10200,0,0.95,"A",0.00136127946701715,-6.59796803007356
2014,1,0.2875,4500,1,0.93,"Missing",0.850869342016108,1.74143576122485
2014,0,0.3335,22000,0,0,"D",0.0389967333247107,-3.20449992649374
2014,0,0.23,2000,0,0.01,"D",0.0239928737650177,-3.70571302805774
2014,0,0.1265,1000,0,0.03,"AA",0.000288006497239538,-8.15223947024421
2014,1,0.3105,6000,0,0.85,"Missing",0.889796322183346,2.08866231487757
2014,0,0.1035,2500,0,0,"AA",0.00766000680618803,-4.86405291135063
2014,0,0.322,9000,0,0.7,"D",0.00983198048514461,-4.61223425797899
2014,0,0.092,2500,0,0.47,"AA",0.000227201209689374,-8.38944731977062
2014,0,0.184,8000,0,0.66,"B",0.00384572166698209,-5.55694086844551
2014,0,0.299,25000,0,0.92,"C",0.00572167999019975,-5.15775470062441
2014,0,0.2875,2550,0,0.53,"D",0.00314500766936522,-5.75878898664314
2014,0,0.23,20000,1,1,"C",0.00251924634088303,-5.98127306828605
2014,0,0.1725,20000,1,0.72,"B",0.0548349641207531,-2.84703153148874
2014,0,0.253,3200,0,0,"D",0.000442699171152638,-7.72217729329174
2014,1,0.3335,3800,0,0.84,"Missing",0.486497840203282,-0.0540217732329951
2014,0,0.0575,1000,0,0.42,"D",0.000753647276000417,-7.18983217171271
2014,0,0.3335,2500,0,0.95,"D",0.537085800993675,0.148616138540274
2014,0,0.3335,5000,0,0,"Missing",0.753050138749635,1.11494648577474
2014,0,0.092,4000,0,0.13,"AA",0.000266355701031329,-8.23041152936525
2014,0,0.161,4000,0,0.16,"B",0.0052490862944257,-5.24443834553451
2014,0,0.1265,3500,0,0.1,"AA",0.00128633946274647,-6.65466755257154
2014,0,0.253,25000,0,0.83,"A",0.0171804146800413,-4.04665551489521
2014,0,0.3105,3750,0,0.88,"Missing",0.795924495492355,1.3610142809341
2014,0,0.184,20000,1,0.32,"A",0.0153622762558008,-4.16035886988955
2014,0,0.184,5000,0,0,"C",0.0497810270336596,-2.94905852771514
2014,0,0.207,14500,1,0.66,"B",5.99920650377609e-05,-9.72123825999391
2014,0,0.207,1230,0,0,"C",3.97736044738957e-06,-12.4348881854902
2014,0,0.1725,2000,0,0.98,"C",0.00138224311163229,-6.58266445691341
2014,0,0.1035,1000,0,0.02,"AA",0.00043337236708623,-7.7434797630482
2014,0,0.3335,4500,1,1.32,"Missing",0.309296188700942,-0.803411736826151
2014,0,0.115,4000,0,0.16,"A",0.125910810719149,-1.93760861281012
2014,0,0.1495,15000,1,0.07,"AA",0.00127876171053146,-6.66058350292053
2014,0,0.1035,3030,0,0.04,"AA",0.00012225871028937,-9.00924891615214
2014,1,0.2875,2000,1,1.4,"Missing",0.539467698807721,0.158199913470138
2014,1,0.3335,2500,1,0.89,"Missing",0.99993634500834,9.66196915545849
2014,0,0.2875,8500,1,0.73,"D",0.00740351673690226,-4.89836909815391
2014,0,0.3335,12000,1,0.97,"D",0.478100025169502,-0.0876559821457876
2014,0,0.161,9900,0,0.02,"AA",0.00100641197472859,-6.90035685476389
2014,0,0.161,25000,0,0.58,"AA",0.000152224510963059,-8.79000184496932
2014,0,0.2645,5000,0,0.39,"D",0.0315375882034324,-3.42452956060936
2014,1,0.3335,1890,1,0,"Missing",0.979339637255177,3.85866148362715
2014,0,0.184,25000,1,0.66,"AA",0.105938658252716,-2.13291415687549
2014,0,0.253,10000,0,0.8,"D",0.270916614895059,-0.989977028909458
2014,0,0.253,6001,0,0,"D",0.0009799210240342,-6.9270581758067
2014,0,0.3335,3500,0,1.24,"Missing",0.710656903990134,0.898576591780973
2014,0,0.0805,3000,0,0.06,"AA",0.0191316363289731,-3.93709494758509
2014,0,0.207,9999,0,0.92,"D",0.000552792332924943,-7.49997520995602
2014,0,0.161,3000,0,0.85,"C",0.0673432527072996,-2.62823451568521
2014,0,0.1955,10000,0,0.28,"B",0.00097717867700981,-6.92986338288894
2014,0,0.138,15000,0,0.09,"AA",0.00255090115580819,-5.96875442755857
2014,0,0.1035,2000,0,0,"AA",0.000473399768271818,-7.65509683852483
2014,0,0.1725,3500,0,0.32,"C",0.0328039566339461,-3.3838520712809
2014,1,0.184,2000,1,0.41,"C",0.832812645818477,1.60569363698119
2014,1,0.3335,3442,0,0.26,"Missing",0.987644692458956,4.38123727888887
2014,0,0.3335,3000,0,0.85,"D",0.00646997400274762,-5.03409219359605
2014,0,0.2185,12200,1,0,"C",0.00158359671676498,-6.44647176407599
2014,0,0.1725,7500,0,0.98,"C",0.491490575972593,-0.0340409829204376
2014,0,0.207,15000,1,0.02,"C",0.00281248313947775,-5.87087106072042
2014,0,0.1955,25000,0,0.54,"A",4.29529546098976e-06,-12.3579859177408
2014,0,0.115,3500,0,0.07,"AA",0.000403302986175636,-7.81541906742449
2014,0,0.3335,12500,0,0.96,"D",0.0600525074866333,-2.75060471037465
2014,0,0.253,12800,0,0,"A",0.000215513696606199,-8.44227055617978
2014,0,0.1495,10000,0,0.51,"A",3.32154112772463e-05,-10.3124633786863
2014,0,0.161,25000,0,0.58,"AA",2.78375833789746e-05,-10.489095692211
2014,0,0.1265,25000,0,0.29,"AA",1.86795493952929e-05,-10.8880625680383
2014,0,0.138,25000,1,0.22,"AA",0.00337109992863523,-5.68913940466343
2014,0,0.23,2300,0,0.86,"C",0.00119165400319825,-6.73122065366012
2014,0,0.1035,5500,1,0.48,"A",0.0227139799353322,-3.76179877148377
2014,0,0.0575,1000,0,0.42,"D",0.00013167634143031,-8.93503192020166
2014,0,0.253,6000,0,0.71,"C",0.00157458237640172,-6.45218937637121
2014,1,0.3335,15000,0,0,"Missing",0.89949800017296,2.19165920404526
2014,0,0.23,5000,0,0,"A",0.00115187666135257,-6.76521024665724
2014,0,0.184,9000,0,0.05,"B",0.0043419394978489,-5.43508274869796
2014,0,0.1035,8000,0,0,"AA",0.0790465442331796,-2.45537265186701
2014,1,0.1725,4400,0,0.8,"Missing",0.790494874466636,1.32791096809936
2014,1,0.3105,7500,0,0.94,"Missing",0.997736336132625,6.08850436831012
2014,0,0.184,8500,0,0.56,"C",0.00177118456931563,-6.3343339530709
2014,1,0.3335,1000,1,1.09,"Missing",0.982548060483072,4.03069846949531
2014,0,0.2185,2500,0,0.82,"C",0.000106227015378621,-9.14982586675196
2014,0,0.092,3000,0,0.03,"AA",3.1570334329184e-06,-12.6658746013147
2014,1,0.3335,2500,0,0.85,"Missing",0.928210418744978,2.5595190937646
2014,1,0.2645,12500,1,0.41,"D",0.639804438800994,0.574515455776601
2014,0,0.3335,7000,0,0.12,"D",0.0427461101167615,-3.10879045412937
2014,1,0.3335,6000,1,0.72,"Missing",0.81520497099282,1.48419232023721
2014,0,0.161,5000,0,0.68,"B",3.33716916072435e-05,-10.3077692017818
2014,1,0.23,2000,1,0.87,"Missing",0.0676395404610013,-2.62352676896239
2014,0,0.1725,4000,0,0.72,"C",0.000339082064033577,-7.98892926351911
2014,0,0.1955,4000,0,0.75,"B",0.00672814539792115,-4.99470486427048
2014,0,0.1495,20000,0,0.13,"AA",0.000605921027136373,-7.40815479397246
2014,1,0.3335,3500,0,1.01,"Missing",0.793228101534087,1.34449457816902
2014,0,0.276,17500,0,0.15,"D",0.000932568666364313,-6.97663476852649
2014,0,0.1035,2000,0,0.85,"A",0.00116013036359535,-6.75806209393276
2014,1,0.3335,2975,0,0.96,"Missing",0.991600182440026,4.77110999758379
2014,0,0.115,5000,0,0.52,"AA",6.62500997230731e-05,-9.62200733555078
2014,1,0.3335,1000,0,0.45,"Missing",0.890297886797049,2.09378748042325
2014,0,0.3335,10000,0,0.04,"B",0.08634515393037,-2.35910018824179
2014,0,0.138,5000,0,0,"AA",0.0347076727811163,-3.32547020510419
2014,0,0.23,5000,0,0.61,"C",0.000171628860687864,-8.67000455563474
2014,0,0.2875,4449,0,0.94,"D",0.000321142388029581,-8.04330476280376
2014,1,0.3335,3000,1,0.98,"Missing",0.971993799073407,3.54692347756576
2014,0,0.3335,3000,0,0,"Missing",0.186843780869298,-1.47065037124569
2014,0,0.161,24000,0,0.54,"A",5.19162249393589e-07,-14.4710488642179
2014,0,0.1725,5000,0,0.35,"B",0.00221543435470928,-6.11008890571533
2014,0,0.1955,6550,0,0.77,"C",0.00468684900400647,-5.35829690975564
2014,0,0.2645,2000,0,1.13,"Missing",0.576785110726551,0.309589709538276
2014,0,0.0805,1000,1,0,"Missing",0.062187650417464,-2.71339344155366
2014,1,0.2645,4000,1,1,"Missing",0.989430275018553,4.5391355169383
2014,0,0.1955,4000,0,0.75,"B",4.24783034613638e-05,-10.0664746399726
2014,0,0.2415,9500,0,0.73,"D",0.027265650950975,-3.57448331928845
2014,0,0.23,7500,1,0.9,"D",0.00267636801095886,-5.9206146675048
2014,0,0.207,2800,0,0.38,"C",0.0261171350359352,-3.61869942086274
2014,0,0.092,2750,0,0.01,"AA",0.0830248688345648,-2.40194016468178
2014,0,0.1265,6001,0,0.01,"A",0.00013278396868058,-8.92665425319038
2014,0,0.1035,2550,0,0.05,"A",0.000519785889787038,-7.56157366056552
2014,0,0.115,3000,0,0.36,"A",0.0268787711805466,-3.58917186765015
2014,0,0.2415,5000,0,0.73,"D",0.00400904086875157,-5.5151861525067
2014,1,0.253,8000,1,0.93,"D",0.338173482106756,-0.671444439550159
2014,0,0.3335,5000,0,0,"Missing",0.275505566440085,-0.966866245331059
2014,0,0.2875,15000,0,0,"C",0.00486301400107608,-5.32122199153299
2014,0,0.2415,6250,0,0,"C",0.091757093259247,-2.29236706658772
2014,1,0.276,3000,0,0.92,"Missing",0.659857296322574,0.662658347696883
2014,0,0.253,12150,0,0,"D",0.106531876807435,-2.12666640451547
2014,1,0.276,3000,0,0.97,"Missing",0.935301596065858,2.67113250742621
2014,0,0.1725,20000,1,0.72,"B",0.0044254600497952,-5.41594575848614
2014,0,0.1725,3000,1,0,"C",0.000328936248439496,-8.01931760935576
2014,0,0.184,7000,0,0.98,"C",0.209399859096291,-1.32854670354271
2014,0,0.1265,1500,0,0.2,"B",0.00356621746796453,-5.63267718609498
2014,0,0.2185,15000,0,0.3,"AA",0.00193385449516927,-6.24630439315151
2014,0,0.1265,6100,0,0.76,"B",8.35936910763158e-07,-13.9947118563664
2014,0,0.161,4500,0,0,"AA",0.0486166111333276,-2.97395185879691
2014,0,0.1725,8500,0,0.22,"B",4.55489207525722e-05,-9.99667807826754
2014,0,0.1725,2500,0,0.7,"D",0.0411383750933253,-3.14880538700464
2014,0,0.2645,2500,0,0.79,"D",0.00199670314507435,-6.21425918682223
2014,1,0.3335,4000,1,0,"Missing",0.991885369835958,4.80593892044236
2014,0,0.1955,8500,1,0.21,"B",0.00042378143465104,-7.76586884869824
2014,1,0.2185,5000,0,0.97,"Missing",0.996539373082113,5.66283888744669
2014,1,0.3335,2550,1,0,"Missing",0.919781439610632,2.4393811617804
2014,0,0.3335,3000,1,0.95,"Missing",0.528153445214964,0.112733020487015
2014,0,0.23,3000,1,0,"D",0.00160224445931632,-6.43474631622461
2014,0,0.1495,9999,0,0.61,"B",1.39735555978554e-05,-11.1783299267578
2014,0,0.1955,1700,0,0.28,"D",0.000782889217451951,-7.15173616088382
2014,0,0.2875,10500,0,0.81,"D",0.0112221087724345,-4.47858389719112
2014,0,0.253,2500,1,0.74,"D",0.00133268207130635,-6.61922820149764
2014,1,0.2645,1500,1,1.11,"Missing",0.719851106164355,0.943723168098934
2014,0,0.3105,8500,0,0.96,"C",0.0186086298455318,-3.96534588690616
2014,0,0.184,4200,1,0.83,"C",0.0218521543498568,-3.80136131610232
2014,0,0.23,16950,0,0.55,"C",0.00615207510238764,-5.08479476196203
2014,1,0.3335,6000,1,0.79,"Missing",0.999734936886144,8.23527749659242
2014,0,0.2415,15000,0,0.82,"C",0.000221254115651161,-8.41597739384013
2014,0,0.1725,9999,0,0.57,"B",0.00150734110329409,-6.49589956075024
2014,0,0.2415,14000,0,0.85,"C",0.00229918657042269,-6.07289804987664
2014,0,0.1725,1200,0,0.49,"C",0.00053853192197423,-7.52612510671023
2014,1,0.3335,15000,0,0,"Missing",0.984980692092888,4.18328547185786
2014,0,0.207,2275,0,1.03,"D",0.00848008320143569,-4.76151877405504
2014,0,0.1955,3800,0,0.7,"C",0.169863647380697,-1.58659392657691
2014,0,0.1725,1000,0,0.87,"C",0.00356354786876386,-5.63342872560701
2014,0,0.23,6000,0,1,"C",0.000125163227857732,-8.98576667858387
2014,0,0.2415,5000,0,0,"D",0.0040176479448033,-5.51303289556498
2014,1,0.3335,2550,0,0.95,"Missing",0.973872061988614,3.6182747780927
2014,0,0.1725,5000,0,0.92,"B",8.45427509629999e-05,-9.37816867665873
2014,1,0.3335,20000,1,0.87,"D",0.068304150689205,-2.61303588331518
2014,0,0.0805,1100,1,0.18,"A",2.5496684906421e-05,-10.5769366209109
2014,0,0.1265,1500,0,0,"AA",0.0261020260343999,-3.61929361147895
2014,1,0.3335,2500,0,1.21,"Missing",0.976188415106437,3.71348339356463
2014,1,0.2415,3000,1,0.65,"Missing",0.97792489934345,3.79098257081618
2014,0,0.1955,5000,0,0.15,"B",0.106321762754439,-2.12887580281904
2014,0,0.1955,1500,0,0.92,"D",0.00017736103218601,-8.63714579618798
2014,0,0.115,2000,1,0,"B",0.339472910008804,-0.66564398746447
2014,0,0.23,5000,1,0.43,"D",0.00841639779278855,-4.76912134219149
2014,1,0.3335,1500,0,0.84,"Missing",0.0808349760211558,-2.43105593189477
2014,0,0.276,3500,0,0,"C",0.00204092580757406,-6.19230873549752
2014,0,0.1725,3010,0,0.34,"AA",0.000131301254221648,-8.93788491449069
2014,0,0.2185,8500,0,0.79,"C",0.0367408521643663,-3.26643320633042
2014,0,0.1725,5000,1,0.84,"B",0.0522344573795144,-2.89836477358379
2014,0,0.3335,7000,1,0,"Missing",0.177422702587389,-1.53390742115465
2014,1,0.23,1000,0,0,"Missing",0.685103538698931,0.7773260877138
2014,0,0.207,15000,0,0.51,"B",9.23341737269943e-05,-9.29000390031328
2014,0,0.1955,5500,0,0.91,"C",0.00372422788601562,-5.58916454746872
2014,0,0.1265,1600,0,0.9,"B",6.58892137152569e-06,-11.9301143104547
2014,0,0.1955,1000,0,0.35,"D",0.318230501327733,-0.761915655081383
2014,1,0.23,1750,0,0.96,"Missing",0.984365025643548,4.14248643851201
2014,0,0.1265,8000,0,0,"A",0.000242710930935773,-8.3233966669776
2014,0,0.322,3500,0,0.93,"D",0.00791107328177311,-4.83154928786435
2014,0,0.115,3885,0,0.38,"A",0.00023103855822694,-8.37269487738878
2014,0,0.0805,1000,0,0.07,"AA",0.000390105880537873,-7.84870218513665
2014,0,0.276,4000,0,0.92,"D",0.0032865617920813,-5.71462133424908
2014,0,0.3335,25000,1,0.96,"Missing",0.726538344434226,0.977129848288019
2014,0,0.253,8000,1,0.93,"D",0.00290962017890067,-5.83681886767962
2014,0,0.1725,11000,0,0.65,"B",0.00397888894280357,-5.52276583297622
2014,0,0.23,1500,0,0.88,"Missing",0.0531683670025856,-2.87965767322888
2014,0,0.23,7500,1,0.52,"D",0.00354996721084346,-5.63726062862279
2014,1,0.322,2000,0,0.77,"Missing",0.917624558952698,2.41050098284223
2014,0,0.1495,18000,0,0.53,"AA",0.000880568279230276,-7.03406213085313
2014,0,0.2875,14000,0,0.8,"D",0.0723760385320842,-2.55075115161852
2014,0,0.1495,10200,0,0.95,"A",0.0109285443396013,-4.50538846638292
2014,0,0.3335,7000,1,0.91,"D",0.0550168846977541,-2.84352692730517
2014,0,0.1725,3000,0,0,"C",0.000206880704103418,-8.48316133740085
2014,1,0.23,1800,0,0.61,"Missing",0.974612907957194,3.64779951712327
2014,0,0.1035,3500,0,0,"AA",0.00600891890589095,-5.10848338405493
2014,0,0.207,9200,0,0.71,"C",0.000422599055287974,-7.76866399988507
2014,1,0.3335,2100,0,0,"Missing",0.987216384128962,4.34672490864065
2014,0,0.138,6000,0,0.6,"A",0.00246189132928645,-6.0043604646286
2014,0,0.207,10000,0,0.97,"C",0.405819152551214,-0.381276106710315
2014,0,0.161,2500,0,0.24,"C",7.45130887293961e-05,-9.50446124450216
2014,1,0.23,2000,0,0.77,"Missing",0.991936454762334,4.81230573193367
2014,0,0.3335,3000,1,0.4,"Missing",0.362455021172898,-0.564724442493408
2014,0,0.1955,3650,0,0.85,"D",0.0267725170526421,-3.59324197204502
2014,0,0.092,3000,0,0.03,"AA",5.71765146791433e-06,-12.0719467017493
2014,0,0.3105,15000,0,0.94,"D",0.189808012306769,-1.45125814166801
2014,0,0.23,13000,0,0.8,"D",6.72761228531305e-05,-9.60663789260842
2014,0,0.2185,3001,0,0.48,"D",0.0430829024121778,-3.10059053767866
2014,0,0.2185,24000,1,0.18,"B",8.2891706831298e-05,-9.39789264390783
2014,0,0.161,9000,1,0.54,"B",2.06991361437969e-05,-10.7853978913971
2014,0,0.1725,3600,0,0.28,"A",0.0110914847517971,-4.49042415062879
2014,0,0.2185,7500,0,0.98,"D",3.80455243088577e-05,-10.1766890609011
2014,0,0.276,7100,0,0.9,"D",0.00570861723646773,-5.16005347621307
2014,0,0.276,15000,0,1.03,"D",0.719659274647062,0.942772130708824
2014,0,0.1495,6000,0,0.92,"C",7.17620041783262e-06,-11.8447333284652
2014,0,0.1035,5000,0,0.54,"A",0.0622751301348225,-2.71189443944592
2014,0,0.184,9000,0,0.05,"B",0.00151533909064546,-6.49059955447892
2014,0,0.2645,1600,1,1.46,"Missing",0.446858808399004,-0.213370608446136
2014,0,0.23,5000,0,0.7,"D",0.0163757181424512,-4.09544436016985
2014,0,0.1495,4000,0,0.01,"A",0.000983937418386175,-6.92296384033301
2014,1,0.3335,5000,0,0.93,"Missing",0.938782659999005,2.73015351068093
2014,1,0.276,4000,0,0.7,"Missing",0.920736462411659,2.45239563296004
2014,0,0.161,8000,0,0.74,"B",0.00016273893505922,-8.7232005143557
2014,0,0.1035,2500,0,0,"AA",0.00059557475456175,-7.42538789243833
2014,1,0.3335,5000,0,0.82,"Missing",0.810940095008797,1.45613026333544
2014,0,0.23,5000,0,0.96,"C",5.14334700113702e-05,-9.8751699950916
2014,0,0.2645,10000,0,0.88,"C",0.000664148859461222,-7.31633987817416
2014,1,0.253,6001,0,0.25,"Missing",0.99963921272381,7.92686118357196
2014,0,0.23,1990,1,1,"D",1.50620519314511e-05,-11.10331703228
2014,1,0.253,10001,1,0.81,"D",0.464929217590757,-0.140513867947589
2014,0,0.2185,7500,0,0.57,"C",0.0432304180416915,-3.09701822245108
2014,0,0.2645,16000,1,0,"A",0.00270968128163932,-5.90821090014479
2014,0,0.138,4800,0,0.66,"B",0.000171797647213781,-8.66902143101574
2014,0,0.115,4000,0,0.51,"AA",0.00113089722199205,-6.78361242237888
2014,0,0.23,5000,0,0.22,"D",0.00379948543440126,-5.56908291160382
2014,0,0.3335,3600,1,0,"Missing",0.267752921822846,-1.00605337372944
2014,1,0.3335,6000,0,0,"Missing",0.999663609832827,7.99690241310209
2014,0,0.1955,2550,0,0.25,"C",6.6542526415822e-05,-9.61760277497701
2014,0,0.115,5000,0,1.13,"A",1.18398503711611e-06,-13.6466234751674
2014,0,0.115,1000,0,0.65,"A",0.055241691032287,-2.83921119654356
2014,0,0.1955,5600,0,1.09,"B",0.00137845039781824,-6.5854159095349
2014,0,0.0805,2000,1,0.07,"AA",1.34572519576916e-05,-11.2159789608682
2014,1,0.276,4000,0,1,"Missing",0.814804086916994,1.48153344581081
2014,0,0.138,1800,0,0.39,"B",0.00188661141584165,-6.27108456744488
2014,0,0.0805,1850,1,0.31,"AA",0.0079308014778901,-4.82903876179628
2014,0,0.184,24000,1,0.35,"A",0.00116083055576546,-6.75745802887601
2014,1,0.3335,3000,1,0.8,"Missing",0.998284881331226,6.36655641496898
2014,0,0.3335,5500,0,0.72,"D",0.0196632788811394,-3.90914322551044
2014,0,0.3335,7000,0,0.7,"D",0.407443306947009,-0.37454475396359
2014,0,0.1955,5000,0,0.34,"D",0.541827217862988,0.167700797839657
2014,0,0.115,1000,0,0.56,"A",0.000218975692963847,-8.42633082566875
2014,0,0.3335,5000,1,0,"Missing",0.198364850159904,-1.39654556634797
2014,0,0.23,9000,0,0.92,"C",0.0273028555032348,-3.57308148031561
2014,0,0.1955,25000,0,0.91,"A",0.000317692369670157,-8.05410929153851
2014,0,0.1035,9000,0,0.37,"AA",3.34914825035704e-07,-14.9093892561592
2014,1,0.3335,5500,0,0.99,"Missing",0.483076954076873,-0.0677180499129393
2014,0,0.207,3000,1,0.95,"D",0.000871463140116701,-7.04446514557373
2014,0,0.2645,8800,1,0.61,"C",0.00164178702724703,-6.41032684338761
2014,1,0.3335,3005,1,0.76,"Missing",0.985056017753076,4.18838981685806
2014,0,0.1035,2000,0,0.02,"AA",0.00138639197162037,-6.57966325648796
2014,0,0.322,25000,0,0.73,"C",0.195610303924049,-1.41395941360183
2014,0,0.1265,1500,0,0.39,"B",0.0051497410750908,-5.26364579556017
2014,0,0.207,15000,0,0.61,"A",6.23301327106494e-05,-9.68300324590876
2014,0,0.138,10000,1,0.08,"AA",0.000166382118895437,-8.70105709795039
2014,0,0.1725,3000,0,0.08,"AA",0.000490360396903428,-7.6198794526626
2014,0,0.1955,10000,1,0.95,"D",0.00726681706298412,-4.91714355233709
2014,0,0.1725,14500,1,0,"A",0.00391299687276984,-5.53953106226893
2014,1,0.3335,8500,1,0.87,"Missing",0.268084024690129,-1.0043652632093
2014,0,0.2645,15000,1,0.76,"B",0.0244346032012567,-3.6870169054365
2014,0,0.1725,14000,0,0.69,"B",0.0220306824538604,-3.79304215816928
2014,0,0.253,15000,0,0.04,"D",0.00588402048579234,-5.12961359509882
2014,0,0.0805,2500,1,0,"AA",3.54404229514427e-07,-14.8528273295866
2014,0,0.3335,6500,1,0.85,"D",0.00112909573839658,-6.78520846447428
2014,0,0.276,9500,0,0.86,"D",0.00393879450113977,-5.53293399468509
2014,0,0.0805,2500,1,0,"AA",0.00076085209853427,-7.18031042876402
2014,0,0.207,9500,1,0.36,"A",0.0178066268504192,-4.01021752365549
2014,0,0.1035,2000,0,0,"A",0.00216335822686899,-6.1339278283065
2014,0,0.1725,6000,0,0.39,"B",0.00876152330743463,-4.72858536448173
2014,0,0.23,5000,0,0.72,"Missing",0.0912093872959024,-2.29895689592327
2014,0,0.115,1000,0,0.65,"A",1.22326032852407e-05,-11.3113935376303
2014,0,0.299,6000,1,0,"Missing",0.52430743711327,0.0973064550459521
2014,0,0.1725,15000,0,0.01,"AA",0.00397616967775871,-5.52345221994833
2014,0,0.1725,15152,0,0.85,"B",0.000234317970696286,-8.35859717044968
2014,0,0.1955,6550,0,0.77,"C",0.033476120233334,-3.36287365001793
2014,1,0.3335,5000,0,0.88,"Missing",0.936486375050458,2.69088052396294
2014,0,0.2185,7500,0,0.98,"D",0.000662244593154796,-7.31921313022813
2014,0,0.1725,5000,0,0,"C",0.240981578649735,-1.14730555422366
2014,0,0.23,1500,0,0.88,"Missing",0.172150657871425,-1.57046117260024
2014,0,0.1955,4600,0,0.88,"B",2.38580457610656e-05,-10.6433651907164
2014,1,0.3335,4200,0,1,"Missing",0.833402194915318,1.60993379778843
2014,1,0.3335,3001,0,0.85,"Missing",0.990808269762856,4.68021685158488
2014,1,0.253,7300,0,0.74,"D",0.780240124014041,1.26706624613614
2014,0,0.2185,11000,0,0.93,"B",0.106166873941263,-2.13050695916764
2014,0,0.1955,17000,0,0.7,"A",0.000295782388213243,-8.12559072282865
2014,0,0.1725,10000,0,0.68,"B",4.42632082670947e-06,-12.3279374058019
2014,0,0.115,3000,0,0.04,"AA",0.0037127077274651,-5.59227420595936
2014,1,0.3335,2000,1,0,"Missing",0.993832309718342,5.08224406866672
2014,0,0.1955,1275,0,0.91,"A",0.000467971776551841,-7.66663448906878
2014,0,0.1725,12000,0,0.61,"B",0.000707436283157946,-7.25315530500888
2014,0,0.276,15000,0,0.85,"C",0.000850395393101936,-7.06895839109756
2014,0,0.1265,23500,0,0.02,"AA",0.00219013417538991,-6.12159993370236
2014,0,0.2185,5000,0,0.39,"C",0.000122628074025565,-9.00623193629336
2014,0,0.115,2000,0,0.29,"A",9.68687138282136e-06,-11.5447293679871
2014,0,0.092,3001,0,0.14,"AA",7.35854331527187e-05,-9.51698988279799
2014,0,0.1955,8500,1,0.21,"B",0.00309614898123984,-5.77449525189001
2014,0,0.1955,11000,0,0.61,"C",0.00147421930968298,-6.51815140384002
2014,0,0.1725,16000,0,0.24,"C",0.00236241290204071,-6.04570655833498
2014,0,0.1725,9500,0,0.94,"B",1.88654784305134e-05,-10.8781579784651
2014,0,0.1725,5000,0,0.46,"C",2.71282388652506e-05,-10.5149082194545
2014,0,0.184,3300,0,0.3,"C",6.56286973264406e-07,-14.236667028128
2014,0,0.207,8000,0,0.23,"C",0.0625252084822135,-2.70762005729557
2014,0,0.184,9000,0,0.69,"C",0.00322117128653161,-5.73478386156023
2014,0,0.115,3500,0,0.07,"AA",0.00109305221443753,-6.81768764922505
2014,0,0.23,1500,0,0.88,"Missing",0.325048218401251,-0.730667718016051
2014,0,0.1265,6001,0,0.28,"A",7.32009140463586e-06,-11.8248804229787
2014,0,0.2645,8000,0,0,"D",0.00274314017716944,-5.89590505525345
2014,0,0.207,1500,0,0.1,"C",0.00864634405976644,-4.74193475886671
2014,0,0.2875,5000,0,0.52,"C",0.000346870023996618,-7.96621348860412
2014,0,0.1265,10000,0,0.43,"AA",0.003458745059235,-5.66338471500096
2014,0,0.1955,4800,0,0.88,"C",0.00102535357685348,-6.88169189323515
2014,0,0.1725,2500,0,0.94,"D",0.107704156705877,-2.11440956183392
2014,0,0.1725,6000,0,0.72,"B",7.39043466039142e-05,-9.51266500728846
2014,0,0.115,2300,0,0.62,"A",4.65795598584767e-05,-9.9743021620605
2014,0,0.2415,3000,0,0.04,"C",0.423125239128503,-0.3099569819181
2014,0,0.1725,4000,0,0,"C",0.00173093402485511,-6.35736168358306
2014,0,0.207,5000,0,0.66,"C",0.00239331357480427,-6.03268025814946
2014,1,0.23,5000,0,0.87,"Missing",0.887684288852788,2.06730239388721
2014,0,0.276,25000,0,0,"A",0.0133479397036695,-4.30295541116358
2014,0,0.115,1000,0,0.3,"AA",8.69188748017854e-05,-9.35044842522383
2014,0,0.207,20000,0,0.67,"B",0.197623697561113,-1.40121299780845
2014,0,0.1955,2500,1,0.59,"C",0.0683690984714946,-2.61201576202863
2014,0,0.253,19000,0,0.75,"C",0.00212909717357595,-6.14992588436347
2014,1,0.2415,5500,1,0,"C",0.993018424988474,4.95747468107525
2014,1,0.3335,5000,0,0.93,"Missing",0.996815679895156,5.74632707977157
2014,0,0.115,9990,0,0.05,"AA",0.00495790855952708,-5.30180104879209
2014,0,0.1035,3030,0,0.04,"AA",0.00247235865731482,-6.00010724201758
2014,0,0.2875,5000,0,0.2,"D",0.00979405301512146,-4.61613758246558
2014,0,0.1955,5000,0,0.61,"C",0.00131753085828658,-6.63067745640846
2014,0,0.115,2300,0,0.62,"A",0.00439802856882164,-5.42219116265714
2014,0,0.1265,3000,0,0.89,"B",5.61197336533482e-05,-9.78796692745302
2014,1,0.0805,1000,1,0,"Missing",0.961768157176607,3.22510467062401
2014,1,0.3335,4000,1,0.92,"Missing",0.999438014349396,7.48347209750524
2014,0,0.2645,14000,1,0.83,"C",0.0123009098751598,-4.38570485347497
2014,0,0.2645,12500,1,0.41,"D",0.0026801098177267,-5.91921380079316
2014,0,0.2415,15500,0,0.66,"A",0.0245148527260796,-3.68365576660733
2014,0,0.276,23000,0,0.82,"B",0.000510477476172264,-7.57965343463088
2014,0,0.115,2500,1,0,"B",0.000443829986094141,-7.71962505455702
2014,0,0.1725,1000,0,0.16,"A",0.000233818788937375,-8.36073030273571
2014,1,0.3335,12000,1,0.97,"D",0.993971632255318,5.10523238228209
2014,0,0.207,10000,0,0.96,"C",0.0289456004143112,-3.51296427041382
2014,1,0.3335,2550,0,0.63,"D",0.328194410279417,-0.716362850591568
2014,0,0.161,8000,0,0.74,"B",0.000571851339475812,-7.46605948147579
2014,0,0.1265,1550,0,0.95,"D",0.000136275444111956,-8.90069611134946
2014,1,0.1955,1775,0,0.9,"D",0.631939550673485,0.540546552750565
2014,0,0.1495,17500,0,0.08,"AA",3.10625783787407e-06,-12.6820887175827
2014,1,0.1725,3000,1,0.99,"C",0.508705935991679,0.0348272638166431
2014,0,0.1955,5000,0,0.97,"D",0.0304570247704085,-3.46050813482509
2014,0,0.1725,5000,0,0,"C",0.00149881910159312,-6.50157780308032
2014,0,0.23,3000,0,0.76,"C",2.3165411576619e-05,-10.6728271063982
2014,0,0.23,8000,1,0.52,"D",0.0221507017626263,-3.78748638810475
2014,0,0.276,3000,0,1,"Missing",0.475729586659294,-0.0971580096530684
2014,1,0.23,5000,0,0.7,"D",0.942568278473554,2.79801157019207
2014,0,0.322,6000,0,0.53,"D",0.209316693620221,-1.32904913083113
2014,1,0.2875,2000,0,0,"D",0.0149222444619001,-4.18986756112419
2014,0,0.138,10000,0,0.12,"AA",0.138373813331235,-1.82886270320326
2014,0,0.115,4500,0,0.15,"AA",3.92907906402098e-06,-12.4471015653117
2014,0,0.1265,14000,0,0.56,"AA",8.93390339963495e-05,-9.32298271174058
2014,0,0.1035,2000,0,0.13,"AA",0.00162157116694441,-6.42273685626941
2014,0,0.1955,6500,0,0.79,"C",0.000141386591410282,-8.86387123977794
2014,0,0.3335,2000,0,0.28,"Missing",0.0178061407392339,-4.01024531840582
2014,0,0.1035,1500,0,0.03,"AA",0.000620554766462015,-7.38427594799983
2014,1,0.3335,2400,0,1.05,"Missing",0.672125655965212,0.717814873557884
2014,0,0.1035,3600,0,0.23,"AA",0.0010733508198259,-6.83589598919003
2014,1,0.3335,2550,1,0,"Missing",0.910225612902312,2.31639278205311
2014,0,0.1035,5000,0,0.02,"AA",3.80172379971554e-07,-14.7826406754091
2014,1,0.322,23500,0,0.89,"D",0.599478313563057,0.403291886157231
2014,0,0.3105,2800,0,0,"Missing",0.229606582312556,-1.21053398378483
2014,0,0.207,3002,1,0.8,"D",0.010096896504401,-4.58537896324552
2014,1,0.3335,2550,0,0.98,"Missing",0.890367451762776,2.09449994127563
2014,0,0.2645,7000,0,0.98,"C",0.11025612006873,-2.08812762233902
2014,1,0.3335,2550,0,0,"Missing",0.916082855482991,2.39027687690945
2014,0,0.23,15000,0,1.03,"D",0.190389810114719,-1.44747928215468
2014,1,0.2645,2400,0,0.91,"Missing",0.97458719657437,3.64676087431682
2014,0,0.253,15000,0,0.83,"D",0.000492365257443387,-7.61579723722283
2014,0,0.23,5000,0,0.45,"D",0.00370135284844099,-5.59534867164144
2014,0,0.207,9995,0,0.53,"C",0.0081619247622625,-4.8000798444647
2014,1,0.3335,7000,1,0,"Missing",0.982318075461066,4.0173722563757
2014,0,0.1265,1200,0,0.87,"Missing",0.263275032482823,-1.02901540749172
2014,1,0.23,2000,1,0,"Missing",0.954748078047851,3.0492023697367
2014,1,0.1725,1000,1,0.46,"D",0.628460333231,0.525617279571642
2014,0,0.1725,15152,0,0.85,"B",0.00266372858467226,-5.92536113150253
2014,0,0.092,3500,0,0.46,"AA",0.000434642937199515,-7.74055096054659
2014,0,0.184,25000,0,0.85,"A",9.10369970511417e-05,-9.30415353192823
2014,0,0.1955,2800,0,0,"C",7.8612806928287e-05,-9.45089731788607
2014,1,0.3335,2000,1,0.09,"Missing",0.998497657356201,6.49922615433236
2014,1,0.2645,6001,1,0.52,"D",0.81115138290026,1.45750897233138
2014,0,0.253,15000,0,0,"C",0.000737519448480356,-7.21148030772744
2014,0,0.1495,21000,0,0.24,"A",0.00301159097021423,-5.80227064339219
2014,0,0.184,8500,0,0.56,"C",0.0117308997060685,-4.43372866837219
2014,1,0.3335,3600,0,0.3,"Missing",0.996550968959858,5.66620695265708
2014,1,0.276,3000,0,1.62,"Missing",0.999441778582096,7.49019649072845
2014,1,0.2185,16000,0,0.99,"C",0.505208022929289,0.0208328451519355
2014,0,0.1495,5000,0,0,"B",0.000312874770665943,-8.06939461747581
2014,0,0.138,3001,0,0.05,"AA",7.81451987321001e-05,-9.45686379130128
2014,0,0.1725,3000,1,0,"C",0.0185650140265361,-3.9677369289008
2014,0,0.2415,5000,0,0.85,"C",0.00114580821071087,-6.7704985649449
2014,0,0.207,3000,1,0.93,"C",0.000213807790757429,-8.45021928992221
2014,0,0.1495,2550,0,0.27,"A",0.15862902532344,-1.66846437203695
2014,0,0.1725,3000,0,0.96,"C",3.04694642338786e-05,-10.3987550785903
2014,1,0.322,4000,0,0,"Missing",0.960281409208577,3.18540701611539
2014,0,0.276,3000,0,0.56,"Missing",0.567859779550018,0.27312440130212
2014,0,0.1725,3010,0,0.34,"AA",0.00245129039059932,-6.00868640331576
2014,1,0.3335,5000,0,0,"Missing",0.996028897413572,5.52473248491288
2014,0,0.23,5000,1,0,"C",0.00273930208560323,-5.89730904347122
2014,0,0.23,5000,0,0.7,"D",0.0109902245504697,-4.49969801528869
2014,1,0.1725,2000,0,0.36,"D",0.827183269606865,1.56579460713146
2014,1,0.299,2600,0,0.36,"Missing",0.791525423099136,1.33414489848055
2014,0,0.3335,3001,0,0.85,"Missing",0.461645147117183,-0.153721404460662
2014,0,0.207,15000,0,0.29,"C",0.000856120214897193,-7.0622432668239
2014,0,0.2185,25000,0,0.72,"A",0.000504014006766969,-7.59240235801025
2014,0,0.184,20000,1,0.32,"A",0.000377420503861657,-7.88177310550353
2014,1,0.3335,3000,0,0.65,"Missing",0.994517964821422,5.20078174733879
2014,0,0.23,9900,0,0.96,"D",0.342897236567929,-0.6504096189584
2014,0,0.1955,25000,0,0.34,"AA",0.0481477700547085,-2.98413497739312
2014,0,0.1495,15000,1,0.07,"AA",0.0641233037471666,-2.68067588217203
2014,1,0.23,15000,0,0.84,"C",0.455199077361296,-0.179685592446766
2014,0,0.2645,6000,0,0,"C",0.00111142105492878,-6.80100381364624
2014,0,0.322,3500,0,0.93,"D",0.272424449478973,-0.982356517123027
2014,1,0.3335,1000,0,0,"Missing",0.923324171427137,2.4883938715825
2014,0,0.184,9000,0,0.05,"B",6.99160630931191e-05,-9.56814521557134
2014,0,0.2875,8500,0,0.78,"D",0.00738417719162286,-4.90100421018508
2014,1,0.3335,20000,0,0.04,"C",0.638144940087156,0.567321691695174
2014,1,0.3335,25000,1,0.42,"D",0.700472551067956,0.849549117693608
2014,0,0.1495,20000,0,0.46,"A",0.00036365643409341,-7.91893727585373
2014,0,0.2185,1100,1,1,"Missing",0.0548339427442722,-2.84705123866732
2014,0,0.23,8000,1,0.92,"C",0.00609189256749944,-5.09468595526787
2014,1,0.23,1800,0,0.61,"Missing",0.980239405704018,3.90410706578997
2014,0,0.1725,15000,1,0.72,"C",0.391889968449235,-0.439374730880536
2014,0,0.1955,17000,0,0.7,"A",0.00144472648940751,-6.53838948490746
2014,1,0.3335,5824,0,0,"Missing",0.713426794399443,0.912085810505232
2014,0,0.23,5000,0,0.08,"D",0.00754281332897794,-4.87958864179373
2014,1,0.2875,2000,1,1.4,"Missing",0.99566397362554,5.43645147799317
2014,0,0.1265,5000,0,0.18,"A",8.07862011577669e-05,-9.42362359530728
2014,0,0.0805,2000,0,0.39,"C",3.2358873393834e-05,-10.3385899217595
2014,0,0.2415,3000,0,0.04,"C",0.00193727232598069,-6.24453516154769
2014,0,0.3335,23500,0,0.86,"C",0.0423833338453734,-3.11769234289909
2014,0,0.2875,3500,0,0.97,"Missing",0.294517764654831,-0.873542268061233
2014,0,0.1035,5000,0,0.18,"AA",0.0518112565421246,-2.90694614549195
2014,1,0.2185,1000,1,0,"Missing",0.723415518284206,0.961467457205968
2014,0,0.1725,5600,0,0.07,"A",0.103646414681542,-2.15734971394506
2014,0,0.1725,1200,0,0.9,"D",0.0920314260096888,-2.28907966207622
2014,0,0.3335,2000,0,0.98,"Missing",0.177821499663759,-1.53117728891236
2014,0,0.3335,3500,1,0.95,"Missing",0.251131944405755,-1.0925843313073
2014,0,0.2645,7000,0,0.52,"D",0.0521466321238474,-2.90014021625309
2014,0,0.115,1500,1,0.79,"A",0.018708478528541,-3.95989276472149
2014,0,0.1265,4000,0,0.11,"AA",0.000259988669737537,-8.25461248335819
2014,0,0.092,3000,0,0.03,"AA",2.2127958898235e-05,-10.7186465122949
2014,0,0.161,5000,0,0.29,"B",0.000701691486860454,-7.26131479015616
2014,0,0.1955,6500,0,0.79,"C",0.00119224503304212,-6.73072421050928
2014,0,0.1955,10000,0,0.76,"C",3.62367702960229e-05,-10.225399963201
2014,1,0.1725,2000,1,0,"Missing",0.722607395534198,0.957432205933718
2014,1,0.3335,7500,0,0.35,"Missing",0.953413417335966,3.01873604180766
2014,1,0.2875,5000,0,0.52,"C",0.941517027231294,2.77875678506241
2014,1,0.322,12000,0,0,"Missing",0.998586989039879,6.56061840847655
2014,0,0.2415,6000,0,0.89,"C",0.000529074178467975,-7.54385269780181
2014,1,0.2645,7500,1,0.81,"Missing",0.99457848601971,5.21194390665766
2014,0,0.2875,9000,0,0.97,"D",0.0229894628424891,-3.74946146353302
2014,1,0.3335,5000,1,0,"Missing",0.999940012870519,9.7213205384762
2014,0,0.23,5000,1,0.43,"D",0.0423083499720328,-3.11954139227563
2014,1,0.23,1800,0,0.61,"Missing",0.978045614354664,3.79658938821827
2014,0,0.1035,6100,0,0.48,"A",0.00323651003132954,-5.73001792168776
2014,0,0.1035,3000,0,0.13,"A",0.00220223838556264,-6.11607632100564
2014,0,0.115,6500,0,0.69,"AA",1.28366131798633e-05,-11.2631962288393
2014,0,0.207,9900,0,0.55,"C",0.0434554485295022,-3.09159112385471
2014,1,0.322,3001,0,0.75,"Missing",0.504985690522112,0.0199434230871214
2014,0,0.253,15000,0,0.94,"C",0.117779082249384,-2.01363181287278
2014,0,0.1495,9000,0,0.86,"B",0.000102177292506879,-9.18869890919
2014,0,0.207,10000,0,0.15,"B",0.00380204211067674,-5.56840767080428
2014,0,0.1265,5000,1,0,"Missing",0.107176573088764,-2.11991114096793
2014,0,0.3335,1000,0,0,"Missing",0.443140852783631,-0.228424658802816
2014,1,0.23,2000,0,0.84,"Missing",0.998574010567036,6.551462360158
2014,0,0.276,5000,0,0.95,"D",0.0353639695675361,-3.30605736666205
2014,0,0.184,25000,0,0,"A",1.86520610586809e-05,-10.8895352532157
2014,0,0.092,2500,1,0.24,"AA",0.0159618453836674,-4.1214634604365
2014,0,0.23,17850,0,0.43,"C",0.0882124937668676,-2.33565835970827
2014,0,0.2645,6001,1,0.92,"D",0.00312322188417754,-5.76576204547656
2014,0,0.253,15000,0,0.83,"D",0.0271665133990278,-3.57822784371419
2014,0,0.138,25000,0,0.17,"AA",0.283121053833914,-0.929032434299841
2014,0,0.1035,1400,1,0.9,"D",0.00105674370451329,-6.85150577348734
2014,0,0.138,25000,0,0.07,"AA",0.0038379419993948,-5.55897366790879
2014,0,0.2185,9900,0,0.36,"C",0.0190472855445166,-3.94159965671468
2014,0,0.0805,1000,0,0.07,"AA",0.000151674832817196,-8.79361990004355
2014,0,0.2415,7000,0,0.52,"C",0.193704589734342,-1.42611592413551
2014,0,0.184,3800,0,0,"B",9.51808824015778e-05,-9.2596362660301
2014,0,0.184,20000,1,0.32,"A",0.0215558966197082,-3.81531425623576
2014,1,0.3335,3500,0,0.9,"Missing",0.997008584293799,5.80901262436805
2014,0,0.1035,1500,0,0.03,"AA",0.00119119673125144,-6.73160491390863
2014,0,0.138,5000,0,0.1,"AA",2.24367179777216e-05,-10.7047893087141
2014,0,0.3335,10000,0,0.51,"D",0.000145784958389704,-8.83323211417706
2014,0,0.1725,6000,0,0.14,"C",6.72279273292133e-05,-9.60735458132343
2014,0,0.3335,12000,0,0.91,"D",0.0100979552717913,-4.58527303850001
2014,0,0.322,9000,0,0.7,"D",0.0836685673729179,-2.39351475743275
2014,1,0.2185,1500,0,0.86,"D",0.974362366333348,3.63772193670844
2014,1,0.3335,3500,1,1,"Missing",0.914860444666202,2.37447979653127
2014,0,0.207,2750,1,0,"D",4.44630143069812e-05,-10.0208083895459
2014,0,0.23,25000,1,0.98,"B",0.0141560793603532,-4.24335387797939
2014,0,0.1725,25000,0,0,"A",0.00496266131373779,-5.30083811074071
2014,1,0.0805,1325,0,0.02,"AA",0.0140547087124248,-4.25064338824634
2014,0,0.2185,3000,0,0.97,"C",0.00574967486513596,-5.15284570308618
2014,1,0.3335,2550,0,1.7,"Missing",0.327175690482897,-0.720986933490147
2014,0,0.1725,2000,0,0.02,"B",0.00250159846424233,-5.98832063304118
2014,0,0.161,2100,0,0.92,"C",0.00346231972097749,-5.66234814754689
2014,0,0.1495,15000,1,0.07,"AA",0.00143366499782628,-6.54608648420707
2014,1,0.1035,2500,0,0.04,"A",0.0507033243874624,-2.92972989072606
2014,0,0.138,4700,0,0.09,"B",4.73792628010904e-05,-9.95727853825416
2014,0,0.2185,4700,0,0.74,"D",0.0107646161439467,-4.52066783278567
2014,0,0.23,1500,0,0.8,"D",0.00111708567023386,-6.79591435504276
2014,1,0.3335,4500,0,0.45,"Missing",0.996648919307761,5.69511568233089
2014,0,0.3335,25000,0,0.95,"C",0.0115576616142769,-4.4487817481916
2014,1,0.3335,2500,1,0.82,"Missing",0.859560451339613,1.81164401795532
2014,0,0.299,17850,0,0.94,"C",0.00227570580966302,-6.08318672952649
2014,1,0.3335,2700,0,0.47,"Missing",0.943963257111307,2.8240796442435
2014,0,0.1725,3000,0,0.73,"D",0.410065392999279,-0.363695053064498
2014,0,0.3335,5500,1,0.72,"C",0.094437879696974,-2.26061361764539
2014,0,0.115,9990,0,0.05,"AA",0.0018480416572581,-6.29177901281737
2014,1,0.276,2350,0,1.37,"Missing",0.947886086547586,2.90080236722886
2014,0,0.1725,7000,0,0.95,"C",0.000305622042711778,-8.09285570522599
2014,1,0.3105,2000,1,0,"Missing",0.959549920693764,3.16639573781311
2014,0,0.1725,25000,0,0.44,"AA",0.0338204789027746,-3.35228315287921
2014,0,0.1265,10000,0,0.43,"AA",3.83732040141103e-05,-10.1681127801471
2014,0,0.1495,15000,0,0.09,"AA",0.000275526055987836,-8.19655279273483
2014,0,0.3335,3600,0,0.92,"Missing",0.739206591439507,1.04184888146977
2014,0,0.0805,1000,0,0.34,"AA",1.39985770324789e-05,-11.176540875377
2014,0,0.1265,6500,0,0.34,"A",0.000202429531448581,-8.50491627480468
2014,0,0.322,3500,0,0.93,"D",0.20375073630338,-1.36301491629876
2014,0,0.276,5000,0,0.7,"B",0.00486335947585444,-5.32115060560518
2014,1,0.322,1000,0,0,"Missing",0.683429551731905,0.769577778783443
2014,1,0.23,2000,1,0.78,"D",0.308343573464944,-0.807874679347045
2014,0,0.23,5000,0,0.16,"A",0.00611304642579643,-5.09119822577154
2014,1,0.276,3000,0,0,"Missing",0.999391089641774,7.40323040030048
2014,1,0.3335,1000,1,1,"Missing",0.924930776762981,2.51130823443116
2014,0,0.115,2750,0,0.37,"AA",0.000170742050405547,-8.67518586089082
2014,0,0.1035,5000,0,0,"AA",1.42099623277125e-05,-11.1615530569065
2014,0,0.253,15000,0,0.95,"C",0.0131850790282151,-4.3153966915197
2014,0,0.1955,7000,0,0.51,"B",0.000400399981954863,-7.82264607542755
2014,0,0.0575,1000,0,0.42,"D",0.01026647273324,-4.56855223100686
2014,0,0.1725,15000,1,0.45,"A",0.0196828104929225,-3.90813049103194
2014,0,0.207,1500,0,0.1,"C",0.0347684480008335,-3.32365771394683
2014,0,0.2185,6000,0,0.5,"B",2.67376722568738e-05,-10.529410303027
2014,1,0.3105,1000,1,0.88,"Missing",0.999891487955163,9.12854086089002
2014,0,0.253,25000,1,0.69,"AA",0.000136764114443948,-8.89711613503674
2014,0,0.23,3300,0,0.55,"D",0.0363774123272386,-3.27675166982102
2014,0,0.161,16500,0,0.2,"AA",6.6323694586266e-06,-11.9235418008134
2014,1,0.23,10000,0,0.45,"A",0.0558538097600014,-2.82754327936412
2014,0,0.2185,5000,0,0.39,"C",0.00486828345432811,-5.32013370531799
2014,0,0.2415,15000,0,0.82,"C",0.010171292386469,-4.57796262524366
2014,0,0.1265,2400,0,0.25,"B",0.00148167411422878,-6.5130998993421
2014,0,0.1495,15000,0,0.45,"A",0.00107507663660699,-6.83428767513053
2014,0,0.1725,10000,0,0.66,"B",0.000645281945256089,-7.34517772202225
2014,1,0.23,2500,0,0,"Missing",0.986801203355923,4.31434294199798
2014,0,0.1955,20000,0,0.56,"B",4.15702078455275e-06,-12.3907077407844
2014,0,0.1725,9800,0,0.94,"B",0.0330190131704444,-3.37709528101091
2014,1,0.253,10000,0,0.8,"D",0.650033726477684,0.619187459956757
2014,0,0.184,5000,0,0.94,"C",0.00328371137707761,-5.71549186427878
2014,0,0.2185,6001,0,0.52,"C",7.0354214023395e-05,-9.5618975186788
2014,0,0.1725,5000,0,5.95,"B",0.00621546011116817,-5.07448066789478
2014,0,0.1725,15000,0,0.16,"AA",5.17883838761605e-05,-9.86829289361654
2014,0,0.2645,15000,0,0.86,"C",0.0262864538278962,-3.61206341703238
2014,0,0.161,22000,0,0.71,"A",0.00685252270423155,-4.97626230746535
2014,0,0.184,20000,0,0.29,"AA",8.3727510976749e-06,-11.6905196691772
2014,1,0.3335,12000,1,0,"Missing",0.820811095120785,1.52185240788499
2014,1,0.3335,3001,0,0.85,"Missing",0.938038492951007,2.71727764723851
2014,0,0.322,4000,0,0,"Missing",0.630536445419165,0.534518856628967
2014,0,0.2875,25000,0,0.47,"AA",0.000172131137907793,-8.66708179600205
2014,0,0.138,7000,0,0.2,"B",0.00015319809868202,-8.78362550159186
2014,1,0.2645,1000,1,0,"Missing",0.393365289110484,-0.43318814666469
2014,0,0.184,8000,0,0.9,"B",0.00046132359505355,-7.68094938962802
2014,1,0.3335,1750,1,0.98,"Missing",0.981552339974273,3.97419780424018
2014,0,0.138,8000,0,0.61,"A",8.05425296328476e-05,-9.42664464885697
2014,0,0.184,3000,0,0.81,"B",0.000103839763647406,-9.17255773597854
2014,0,0.2645,7500,0,0.89,"D",0.175699841221441,-1.5457576424401
2014,0,0.23,5000,0,0.43,"D",0.14712414307551,-1.75733725878517
2014,0,0.23,9999,0,0.9,"D",0.00317847425635221,-5.74817045459281
2014,0,0.2645,1525,0,0.56,"D",0.000130759257783429,-8.9420218844913
2014,1,0.2415,2550,0,0.24,"Missing",0.98935237674893,4.53171386583341
2014,0,0.1955,15000,1,0.89,"B",0.00134993355375019,-6.60634906165254
2014,0,0.1725,25000,0,0,"B",0.00147803788240853,-6.51556069466842
2014,0,0.1955,15000,1,0.89,"B",0.00261507975105523,-5.94384217934981
2014,0,0.161,15000,0,0.59,"AA",0.000126025707389342,-8.97889861127462
2014,0,0.1955,6000,0,0.6,"C",0.0198002619782043,-3.90206119636986
2014,0,0.3335,15000,0,0.49,"C",0.00738762201590159,-4.90053433420892
2014,0,0.1495,5000,0,0.95,"B",0.123190093111986,-1.96256158023011
2014,1,0.3335,3600,0,0.3,"Missing",0.538173884808883,0.152993267716405
2014,0,0.115,6000,0,0.02,"AA",0.000164508672801516,-8.71238274474511
2014,0,0.207,5000,1,0,"D",0.00715045154824422,-4.93340363212047
2014,1,0.3335,3000,0,0.91,"Missing",0.999394003173889,7.40802962883218
2014,0,0.0805,1850,1,0.31,"AA",3.76644603013713e-05,-10.1867559405359
2014,0,0.1955,1000,0,1.02,"D",9.94491199554568e-05,-9.21576494775367
2014,1,0.3105,2000,0,0,"Missing",0.962302936156789,3.23974709426616
2014,0,0.276,14900,0,0.93,"D",0.0838273626776068,-2.39144533781877
2014,0,0.23,15000,0,1.03,"D",6.07347185592425e-05,-9.70893431717364
2014,0,0.23,20000,1,0.05,"AA",0.000286972359162753,-8.15583764283655
2014,0,0.0575,1000,0,0.64,"D",0.0160165589390042,-4.11798594796772
2014,0,0.1725,5000,0,0.53,"A",2.28464218369512e-05,-10.6866931997722
2014,0,0.3335,5000,0,0.75,"Missing",0.0028519698008586,-5.85688932082971
2014,0,0.138,15000,0,0,"AA",3.36469632481397e-05,-10.2995541036427
2014,0,0.115,5200,0,0,"A",2.67848215530412e-05,-10.5276484056707
2014,0,0.2185,10000,1,0.81,"C",0.00262473366379633,-5.94014766518048
2014,0,0.1725,2000,0,0.36,"D",0.0146380536742696,-4.20938447792608
2014,0,0.1265,15152,0,0.6,"A",0.106056802787581,-2.13166740942451
2014,0,0.299,1200,1,0,"Missing",0.193389263441905,-1.42813612653348
2014,1,0.322,2250,0,0.57,"Missing",0.993488823293436,5.02770261851517
2014,0,0.3335,25000,0,0.82,"B",0.0256703390974749,-3.63641350259296
2014,0,0.2875,12000,0,0.43,"C",0.000595124517604629,-7.42614459935366
2014,1,0.3335,7000,1,0.27,"Missing",0.998215408641471,6.3267796351166
2014,0,0.23,20000,1,0.2,"C",0.00970474858669181,-4.62538782167557
2014,1,0.3335,5000,0,0,"Missing",0.611207015560833,0.452388687839954
2014,0,0.1725,5000,0,5.95,"B",0.0256495265710611,-3.63724595372423
2014,0,0.276,9000,0,1.03,"D",0.00420988602331107,-5.46610093195898
2014,0,0.138,10000,0,0.85,"A",0.00059852290983866,-7.42044705284134
2014,0,0.3335,4000,0,1.12,"Missing",0.029610835789279,-3.48955682295196
2014,0,0.092,2499,0,0.01,"AA",0.00324460716415973,-5.72751111264925
2014,0,0.2645,8000,1,0,"C",0.00250664544398559,-5.98630010387991
2014,1,0.3335,3600,1,0,"Missing",0.99469043637923,5.23292191830326
2014,0,0.2875,1250,0,0.99,"Missing",0.815233899001881,1.48438435848295
2014,1,0.2875,3500,1,0.62,"Missing",0.598846458116001,0.400660983413573
2014,0,0.23,8000,0,0.87,"D",0.00172301497534504,-6.36195512896471
2014,0,0.092,2000,0,0.06,"AA",0.0201826373933518,-3.8825434897969
2014,1,0.3335,4500,0,0.45,"Missing",0.93685781376601,2.69714241676383
2014,0,0.1725,1200,0,0.49,"C",0.000123069050305232,-9.00264189888994
2014,0,0.2185,5500,0,0.29,"B",0.0127031202628667,-4.35312313093525
2014,0,0.276,1000,1,0,"Missing",0.0216777997489249,-3.80955038006267
2014,0,0.23,8000,0,0.84,"D",0.140913881850327,-1.80772023415182
2014,1,0.276,4000,0,0.99,"Missing",0.903400206808715,2.23558905180391
2014,1,0.1955,3000,0,0.88,"D",0.912262880613382,2.34158313087122
2014,1,0.3105,3001,1,1.02,"Missing",0.928798824247117,2.5683828328343
2014,1,0.3105,2800,0,0,"Missing",0.943380172705491,2.81311012435803
2014,0,0.1725,20000,0,0.37,"A",4.58337276057491e-05,-9.9904444924775
2014,0,0.23,3000,1,0.07,"D",0.000160238364384335,-8.73868782274186
2014,0,0.1265,2500,1,0,"B",0.000867819901263915,-7.04865815518052
2014,0,0.092,1000,0,0.05,"AA",2.98230788415041e-06,-12.7228101171037
2014,0,0.1725,10200,0,0,"C",0.237494217974551,-1.16646681362898
2014,0,0.207,5000,0,0,"B",0.000209130722678775,-8.47234188156653
2014,1,0.299,3000,0,1.17,"Missing",0.884089260059345,2.03173761882609
2014,0,0.3335,3600,0,0.3,"Missing",0.0392828890165039,-3.19689096612942
2014,0,0.1725,6000,0,0.14,"C",0.00278899103648379,-5.8792824967052
2014,0,0.115,4000,1,0.43,"A",0.000564474126319593,-7.47905137660947
2014,0,0.161,3000,0,0.85,"C",0.0200038833335851,-3.89162218768614
2014,0,0.253,25000,0,0.73,"C",0.0239557072428726,-3.70730137359721
2014,0,0.3335,3800,0,0.84,"Missing",0.0875119226721541,-2.34439997623773
2014,1,0.3335,3000,0,0.98,"Missing",0.983506804364801,4.0881766462189
2014,1,0.1265,1000,1,0.97,"Missing",0.988027174675115,4.41307067655824
2014,0,0.1725,5000,0,0.7,"C",0.00441008939872109,-5.41944047538169
2014,0,0.2875,9500,0,0.64,"D",0.19463064114826,-1.42019738862022
2014,1,0.3335,4000,1,0,"Missing",0.854770922143518,1.77252116265953
2014,1,0.3335,3500,0,0.71,"Missing",0.91030273882199,2.31733698874328
2014,1,0.23,5000,0,0.97,"C",0.00319284124920016,-5.74364613562701
2014,1,0.184,7000,0,0.29,"C",0.124046498703369,-1.95465652395862
2014,0,0.138,1500,1,0.59,"D",0.00113517413082724,-6.77983340165625
2014,0,0.2185,7000,0,0.83,"C",0.000304883228852479,-8.0952767811712
2014,0,0.1265,10121,0,0,"AA",0.0111747758028043,-4.48285851837672
2014,0,0.23,12500,0,0.52,"A",0.000126395432895744,-8.97596880563675
2014,0,0.1265,18000,0,0.46,"AA",0.000198428149478017,-8.52488504288923
2014,1,0.3335,3500,0,0.71,"Missing",0.999680778317042,8.04930549298326
2014,0,0.1265,8000,0,0,"A",0.00107577569894116,-6.83363694244515
2014,1,0.276,3000,0,0,"Missing",0.87287686043345,1.92663827296625
2014,0,0.184,9000,0,0.69,"C",0.0012080961396016,-6.71750077039737
2014,1,0.3335,3001,0,0.85,"Missing",0.999548457011831,7.70238833278362
2014,0,0.1725,10200,0,0,"C",0.0016473528090622,-6.40693692638775
2014,1,0.3335,1550,0,0,"Missing",0.911787587283074,2.33565936740338
2014,0,0.3335,25000,0,0.58,"D",0.654784318055644,0.640136509244481
2014,0,0.1725,5000,0,0.46,"C",1.46907527032988e-07,-15.7334623690091
2014,0,0.2415,5000,0,0.85,"C",0.124457740825204,-1.95087719201659
2014,0,0.2645,3100,0,0.78,"Missing",0.885402691620383,2.04461824338241
2014,0,0.299,5000,0,0.61,"D",0.0398168972035509,-3.1828326233081
2014,0,0.276,1000,0,0.81,"Missing",0.281542793882932,-0.936821686789141
2014,0,0.253,9000,0,0.95,"D",0.000567477326987372,-7.47374212344881
2014,0,0.207,14500,1,0.66,"B",0.0123031938839946,-4.38551688021429
2014,0,0.253,25000,1,0.69,"AA",0.0821296336871585,-2.41375726989877
2014,1,0.2645,3000,0,0.86,"Missing",0.862887923706699,1.83948614788665
2014,0,0.1495,6000,0,0.92,"C",0.00676432655524745,-4.98930526238088
2014,0,0.207,13000,0,0.52,"B",0.000128012094305745,-8.96325779145607
2014,1,0.3335,2000,0,1.23,"Missing",0.963505347182884,3.27341228589239
2014,0,0.1725,5000,1,0.6,"D",0.00105321455307995,-6.85485454290007
2014,0,0.3335,3000,0,0.36,"Missing",0.844013931958998,1.68840230568822
2014,0,0.3335,13531,0,0.82,"D",2.10348573974659e-05,-10.7693085851642
2014,0,0.2645,1400,0,0,"Missing",0.407233695441225,-0.375413020271982
2014,0,0.207,17000,0,0.23,"B",5.32693983804733e-05,-9.84009526005938
2014,0,0.2875,4449,0,0.94,"D",0.0119465220369062,-4.41529663069645
2014,1,0.3335,5300,0,0.83,"Missing",0.998482767213543,6.48934875358818
2014,1,0.276,3200,1,0.73,"Missing",0.963882805334654,3.28420065753039
2014,0,0.092,1668,0,0.05,"AA",0.00110116996968154,-6.81028027890472
2014,0,0.23,25000,0,0.08,"B",0.000268749935432843,-8.22146043271715
2014,0,0.092,3001,0,0.14,"AA",0.000813665890553862,-7.1131467329897
2014,0,0.1725,2000,0,0.5,"D",0.0375528202574659,-3.24373070435327
2014,0,0.1725,3000,0,0.03,"AA",0.0173922985615221,-4.03418246068795
2014,0,0.2875,15000,0,0.45,"C",0.00704219313477303,-4.94876852609179
2014,0,0.0805,1000,1,0.08,"AA",2.68698883315128e-05,-10.5244774209759
2014,0,0.138,12000,1,0,"AA",0.601472380796309,0.411603813404895
2014,1,0.322,3000,0,0.98,"Missing",0.269156792502969,-0.998904864758952
2014,0,0.0805,3000,0,0.06,"AA",0.00013230191349476,-8.93029171298051
2014,0,0.115,7000,0,0.51,"AA",0.000545908918248031,-7.51251235454955
2014,1,0.1725,4000,0,0.84,"Missing",0.92243357449893,2.47588069486323
2014,0,0.23,20000,1,0.05,"AA",0.0316145092331923,-3.42201407410206
2014,0,0.092,3500,0,0,"AA",0.000688286405525833,-7.28061699616951
2014,0,0.0805,1000,1,0,"Missing",0.000446758314241768,-7.71304593545544
2014,1,0.299,1000,1,0.33,"Missing",0.26216547044474,-1.034743713776
2014,1,0.322,5000,0,0.95,"C",0.131526700987163,-1.88752696107404
2014,1,0.23,4200,1,0.97,"Missing",0.902680076525055,2.22736446948812
2014,0,0.0805,1500,1,0.07,"AA",7.70842732523403e-06,-11.7731886613073
2014,0,0.1035,3500,0,0,"AA",0.000264218952376997,-8.23846817962239
2014,1,0.23,4000,0,0,"D",0.358018659072497,-0.583974133935024
2014,0,0.276,1800,0,1.18,"Missing",0.179564575508689,-1.5193003094314
2014,0,0.1725,17000,1,0.58,"A",0.0318335833003116,-3.41488217942499
2014,0,0.23,3500,1,0.81,"C",0.00507718394511118,-5.27790839597283
2014,0,0.1725,5000,0,0.33,"B",0.00201424766047345,-6.20549324380984
2014,0,0.1265,5000,0,0.46,"A",0.00101621660188946,-6.89065202841164
2014,0,0.1725,12000,0,0.52,"C",0.0106059413794837,-4.53567834215192
2014,0,0.1265,10000,0,0.37,"AA",1.09306428578731e-05,-11.4239295108949
2014,0,0.1725,25000,1,0.37,"AA",0.00985593017627052,-4.60977713523743
2014,0,0.1725,3000,0,0.46,"B",0.00181226636661993,-6.3113631702111
2014,0,0.1495,2550,0,0.27,"A",0.0633534955828444,-2.6935758637573
2014,0,0.1725,5000,0,0,"C",0.00217389538222751,-6.12905835196862
2014,0,0.161,14100,0,0.73,"B",6.91069147062704e-06,-11.8824339463677
2014,0,0.207,5500,0,1.02,"C",0.0725771680443013,-2.54775920835195
2014,0,0.092,2000,0,0.15,"AA",0.00417917667383759,-5.47345308598796
2014,1,0.2185,1100,1,1,"Missing",0.826346678589919,1.55995348715953
2014,0,0.115,8000,0,0.45,"AA",4.63686124832757e-07,-14.5840575050347
2014,1,0.3335,3600,0,0.92,"Missing",0.989082323330655,4.50639437865497
2014,1,0.3335,3000,0,0.94,"Missing",0.987145586350312,4.3411303054057
2014,0,0.184,7000,0,0.29,"C",0.00396955509480821,-5.52512380267111
2014,1,0.207,5000,0,0.5,"D",0.247788555285207,-1.11044167807083
2014,0,0.2185,25000,0,0.85,"A",0.000876082295338309,-7.03917406071055
2014,0,0.2875,2500,0,0.66,"D",0.00124282644956693,-6.68912349903375
2014,0,0.1725,2000,0,0.98,"C",0.000681882842785541,-7.28997058421881
2014,0,0.1725,4000,0,0.46,"B",9.33649251523537e-06,-11.5815705734186
2014,1,0.1955,25000,0,0.34,"AA",0.279618182801667,-0.946356333389518
2014,0,0.184,20000,0,0.29,"AA",7.20089142316141e-06,-11.8412985299162
2014,0,0.1265,1000,0,0.01,"AA",0.000989970336572489,-6.91684511766178
2014,0,0.2185,6001,0,0.05,"D",0.679437052289797,0.751185929233697
2014,0,0.115,2000,0,0.06,"AA",8.44499831956394e-05,-9.3792666601471
2014,0,0.2875,2000,0,0.19,"D",0.00137256157089725,-6.58970302079171
2014,0,0.3335,2200,0,1.06,"Missing",0.169833330342599,-1.58680894106295
2014,0,0.1725,2000,0,0.62,"C",3.58049526162871e-06,-12.5400058453812
2014,1,0.3335,3000,1,0.92,"Missing",0.951054820828368,2.96687082696012
2014,0,0.3335,1500,0,0,"Missing",0.456539393467087,-0.174282231981347
2014,1,0.2875,2800,0,0.97,"Missing",0.999568034855602,7.74673359877142
2014,0,0.207,5000,1,0,"D",0.000218964390008208,-8.42638245570506
2014,0,0.23,2850,0,0.7,"C",0.00149424910399366,-6.50463610328871
2014,0,0.1725,1500,1,0.64,"AA",0.00850910421193145,-4.75807309160458
2014,0,0.1955,4000,0,0.78,"C",0.0040998242785137,-5.49270291348979
2014,0,0.1265,23500,0,0.02,"AA",0.000346098693182308,-7.96844042456941
2014,1,0.299,5500,0,0.99,"Missing",0.810207178799115,1.45135692876287
2014,0,0.3105,6000,0,0.95,"Missing",0.196738584321264,-1.4068043453823
2014,0,0.2875,15000,0,0,"C",0.000544940089217068,-7.51428960876261
2014,0,0.115,3000,0,0.07,"AA",0.00356355016135988,-5.63342807995993
2014,0,0.1725,2500,0,0.94,"D",0.00934862783060963,-4.66313310201324
2014,0,0.1265,10500,0,0.16,"AA",0.000261992898730029,-8.24693113142949
2014,1,0.207,9750,0,0.92,"C",0.018999296672402,-3.94417121527546
2014,0,0.1035,3000,0,0.13,"A",2.7096675590389e-05,-10.5160724125021
2014,0,0.207,10000,0,0.66,"B",8.38119683602148e-05,-9.38685092466572
2014,0,0.23,5000,0,0.7,"D",0.000566616322570932,-7.47526138614643
2014,0,0.138,25000,1,0,"AA",1.96630055399135e-05,-10.836751915845
2014,0,0.1035,1000,0,0.18,"AA",0.000112932911050346,-9.08860368379665
2014,0,0.1265,1000,0,0.01,"AA",0.000370443727360338,-7.90043849537298
2014,0,0.2875,5000,0,0.52,"C",0.0318315353483613,-3.41494862984535
2014,1,0.299,6500,0,0.53,"Missing",0.841938881749691,1.67272564201339
2014,0,0.3335,13500,0,0.78,"D",0.396853738406755,-0.418591928160996
2014,0,0.1955,1700,0,0.8,"Missing",0.123350827549228,-1.96107432902039
2014,0,0.1725,20000,0,0.66,"A",0.0196683774857031,-3.90887876249164
2014,1,0.3335,5000,1,0.65,"D",0.0301973752044271,-3.46933756435754
2014,0,0.207,1600,0,0.94,"D",0.0628221314769898,-2.70256566844381
2014,1,0.23,1000,0,0.98,"Missing",0.612968772824686,0.459808612930245
2014,0,0.1495,9999,0,0.61,"B",0.00117745993361919,-6.74321760561879
2014,1,0.3335,5224,0,0.67,"Missing",0.857577699809851,1.79531519778232
2014,0,0.1955,5600,0,1.09,"B",0.00553922514045993,-5.1903460308103
2014,0,0.2185,7400,1,0.87,"C",0.00111432614126185,-6.79839046691617
2014,0,0.1725,5000,0,0.41,"B",0.00262771919647327,-5.9390078570152
2014,1,0.3335,2550,0,0.98,"Missing",0.761405889751997,1.16040275461052
2014,0,0.2185,12500,0,0.02,"AA",0.00461946776430335,-5.37284561257775
2014,0,0.115,5000,0,0.43,"A",0.000242890339790466,-8.32265757321967
2014,0,0.3335,3500,0,0.71,"Missing",0.962586986916205,3.24760585077592
2014,1,0.3335,5500,0,0.41,"D",0.48351295228035,-0.0659721081076752
2014,0,0.207,7000,0,0.54,"B",0.00671458429082483,-4.99673612993655
2014,0,0.1265,6000,0,0.1,"A",0.00297770173930937,-5.81362136052049
2014,0,0.161,6001,0,0.56,"B",0.0288847683325711,-3.51513072557591
2014,0,0.115,6500,0,0.69,"AA",5.19195784015069e-06,-12.16839450678
2014,0,0.1725,1800,1,1.02,"D",0.113386571995606,-2.05660609615573
2014,0,0.2645,1525,0,0.56,"D",0.000829789107650354,-7.09350884305429
2014,0,0.23,19900,0,0.98,"A",2.02103840465684e-05,-10.809293813342
2014,0,0.23,18000,0,0.71,"B",0.0104195055524853,-4.55360152691939
2014,0,0.2185,9750,0,0.78,"B",0.00489837463950925,-5.31394142411646
2014,0,0.2185,13000,1,0.89,"C",0.0399713794483152,-3.1787994128725
2014,0,0.1265,9000,0,0.33,"A",0.0166733748687658,-4.07712821083429
2014,0,0.161,3210,0,0.08,"B",0.00320262550776694,-5.74057656951299
2014,0,0.3335,3000,0,0.85,"D",0.0904202351750485,-2.30851461317266
2014,0,0.299,25000,0,0.92,"C",0.0079600816524793,-4.82532408909209
2014,0,0.184,3500,1,0,"C",0.0484435719696121,-2.9776993332171
2014,0,0.1265,10000,1,0.23,"AA",0.00304082814352784,-5.79257992417292
2014,0,0.2645,8000,0,0,"D",0.124063866729804,-1.95449669377
2014,0,0.3335,2500,1,0,"Missing",0.274947837313799,-0.969662203619901
2014,0,0.207,3002,1,0.8,"D",0.00169718592690143,-6.37708510884253
2014,1,0.3335,7500,0,0.35,"Missing",0.952563916589098,2.99977401629084
2014,0,0.1955,13000,1,0.88,"B",0.0493051704512618,-2.95916416392034
2014,0,0.23,20000,1,1,"C",0.0167959280523058,-4.06968022057655
2014,0,0.1035,3030,0,0.04,"AA",0.0602692129387032,-2.74677202901481
2014,0,0.184,25000,0,0.78,"B",0.0147789478656144,-4.19966230777738
2014,0,0.1725,5000,1,0.84,"B",0.000711047241358615,-7.24806038667061
2014,0,0.23,7500,1,0.52,"D",0.00736929188788698,-4.9030370784768
2014,0,0.322,3900,0,1.08,"Missing",0.279985903479636,-0.944531533132625
2014,0,0.207,12000,0,0.93,"B",5.7476136481492e-05,-9.76408323622954
2014,0,0.1955,4000,1,0,"C",0.219326461774075,-1.26959574475004
2014,0,0.1955,12000,0,0.91,"D",0.0029705469777122,-5.81603420773502
2014,1,0.3335,5000,0,0.92,"Missing",0.638068104602039,0.566988964806347
2014,0,0.1725,1000,0,0,"D",8.84304501966113e-05,-9.33320575403506
2014,0,0.161,25000,0,0.23,"B",0.000169049034372784,-8.68515267758246
2014,0,0.2645,7100,0,0.27,"A",0.00103306650511829,-6.87419010987104
2014,0,0.2185,7400,1,0.87,"C",0.000355719525708433,-7.94101220395318
2014,0,0.23,10000,0,0.64,"D",0.00167656239718007,-6.38933180463222
2014,0,0.2875,14000,0,0.8,"D",0.00460256852308261,-5.37652756378309
2014,0,0.207,14000,0,0.28,"C",0.0275685326031686,-3.56312460325157
2014,0,0.2415,10000,0,0.21,"D",0.360119566118623,-0.574845232424842
2014,0,0.276,1025,1,0.59,"Missing",0.170734994596559,-1.58042715760047
2014,0,0.23,19900,0,0.98,"A",0.0315281727386935,-3.42483787460478
2014,0,0.1955,4000,0,0.02,"AA",5.46536138402456e-05,-9.81444056342619
2014,0,0.161,5000,0,0,"B",0.000201985567094741,-8.50711230717285
2014,0,0.23,5000,0,0.95,"Missing",0.00429241498119601,-5.44660411790778
2014,1,0.1725,1000,0,0.16,"A",0.10848339776346,-2.106326914674
2014,1,0.2185,16000,0,0.99,"C",0.334569058921709,-0.687591550035598
2014,0,0.1265,18800,0,0.63,"AA",1.20015311834095e-05,-11.3304643160956
2014,1,0.3335,12000,0,0.6,"B",0.365080970544539,-0.553378312005091
2014,0,0.2415,5500,1,0,"C",0.043208932842442,-3.09753779435351
2014,0,0.3335,3000,0,0.91,"Missing",0.423813219731819,-0.307139040755932
2014,0,0.1955,15000,0,0.96,"B",0.000629944414993508,-7.3692488297269
2014,0,0.0575,1000,0,0.42,"D",0.000815179100538451,-7.11128720206446
2014,0,0.1955,4000,1,0,"C",0.000407218136028989,-7.80575425426631
2014,0,0.23,2850,0,0.7,"C",0.000858906383413359,-7.05899134968504
2014,0,0.23,6000,1,0.25,"C",0.00395398286434316,-5.52907006747408
2014,0,0.1955,5000,1,0.28,"B",0.00145588604228342,-6.53068365305908
2014,0,0.0805,2000,1,0.07,"AA",0.000776902947142855,-7.15941791765759
2014,0,0.1265,12000,0,0.02,"AA",7.46859466149942e-05,-9.50214392577931
2014,0,0.1265,12000,0,0.47,"A",0.00158037930292272,-6.44850876619375
2014,0,0.1035,2550,0,0.17,"A",0.000376474896533751,-7.88428264303943
2014,1,0.184,8000,0,0.8,"C",0.777616051012221,1.25182750671264
2014,0,0.207,14000,0,0.91,"C",0.00141573968049658,-6.55868639928195
2014,0,0.322,2550,0,0.94,"Missing",0.367415429967193,-0.54332074959298
2014,0,0.0575,1000,0,0.64,"D",0.00037949035864162,-7.87630180449191
2014,0,0.2645,7500,0,0.89,"D",0.00830203997940158,-4.78291731988279
2014,0,0.1955,25000,0,0.06,"AA",0.000761275314140892,-7.17975392087466
2014,1,0.2645,5000,0,0.97,"Missing",0.987132004311423,4.34006049913398
2014,0,0.1035,2000,1,0.01,"AA",0.00349777492846497,-5.65212434093093
2014,0,0.207,20000,0,0.53,"A",2.58450343353299e-06,-12.8659745792949
2014,0,0.23,5500,0,0.8,"D",0.000962950200193921,-6.944545446563
2014,0,0.276,10000,0,0.89,"D",0.0164117266813901,-4.09321126720749
2014,0,0.115,3000,0,0.04,"AA",4.09947740153447e-05,-10.1020249668101
2014,0,0.1725,10000,0,0.68,"B",0.00312175852552281,-5.76623216458683
2014,0,0.3335,1000,0,0,"Missing",0.192556256042839,-1.43348503552598
2014,0,0.1725,2000,0,0.5,"D",6.31390792294385e-05,-9.67010751686725
2014,0,0.3335,8500,1,0,"B",0.148616304239342,-1.74549505805601
2014,1,0.2645,15000,0,0.96,"C",0.0742020208534156,-2.52386466075254
2014,1,0.3335,3000,0,0.94,"Missing",0.848540890102372,1.72320258770535
2014,0,0.1725,25000,0,0.44,"AA",7.53472709634221e-05,-9.49332750157435
2014,0,0.069,1000,0,0.04,"AA",7.81317675393941e-06,-11.7596911089419
2014,0,0.1035,2000,0,0.85,"A",2.31824839183237e-05,-10.6720903852186
2014,0,0.115,2000,0,0.06,"AA",0.00133595708367214,-6.6167704771136
2014,0,0.207,15000,0,0.61,"A",0.00451467092510851,-5.39589808674455
2014,0,0.1725,4500,1,0,"C",0.00123652757416648,-6.69421087837118
2014,0,0.23,3000,0,0.76,"C",0.0590741239480359,-2.76807137154263
2014,0,0.1265,3500,0,0.1,"AA",0.00397124673770229,-5.52469604078271
2014,0,0.2875,15000,0,0.83,"C",9.76022681014325e-05,-9.23451221903954
2014,0,0.092,3001,0,0.14,"AA",0.000395894120801297,-7.83396778166631
2014,0,0.1725,1600,0,0.82,"C",0.000123068718520128,-9.00264459515182
2014,0,0.23,13000,0,0.8,"D",0.0360248882499554,-3.28685543672354
2014,0,0.2185,8750,0,0.73,"D",0.0206380014007704,-3.85976723325348
2014,0,0.1955,2000,0,0.25,"Missing",0.562872737452951,0.25282918764474
2014,1,0.276,1000,0,0.81,"Missing",0.735052826725122,1.02041190974389
2014,0,0.1725,2500,0,0.44,"D",0.00479646110841416,-5.33506890102183
2014,1,0.2645,6500,0,0.75,"D",0.088248409460897,-2.33521190163264
2014,0,0.1265,1850,0,0.86,"C",0.140106433783004,-1.81440624629639
2014,0,0.1955,1000,0,0.72,"C",0.10479462614756,-2.14505066658837
2014,0,0.207,9800,0,0.57,"C",0.0101849316366852,-4.57660878854674
2014,0,0.2875,10700,0,0,"Missing",0.00568952571574258,-5.16342261559593
2014,1,0.3335,5000,0,0.46,"Missing",0.998680315330279,6.6290419012766
2014,1,0.3335,2501,1,0,"Missing",0.785846434356141,1.30006804306433
2014,0,0.207,3001,0,0.8,"D",0.000522260022431715,-7.55682257039431
2014,1,0.276,1000,1,0.98,"Missing",0.900121382116662,2.19857399570493
2014,0,0.322,5000,0,0.81,"D",0.0179127763189849,-4.00416590781801
2014,0,0.276,6500,0,0.98,"C",0.266404054444515,-1.01294423621201
2014,1,0.1955,2000,1,0.97,"Missing",0.856629912285829,1.78757667129344
2014,0,0.3335,25000,1,0.42,"D",0.0123577268818489,-4.38103903456067
2014,0,0.1495,4000,0,0.01,"A",0.0015340953396329,-6.47827915370034
2014,1,0.2875,3001,0,1.02,"D",0.80766134418168,1.43488519148492
2014,0,0.207,1230,0,0,"C",0.0133647230588121,-4.3016818162326
2014,0,0.23,5000,0,0,"C",0.00482361057433282,-5.32939726779924
2014,1,0.1955,1675,0,0.95,"Missing",0.347824098028006,-0.628617427293947
2014,0,0.1955,9500,0,0.95,"AA",0.059523561814664,-2.76001436494213
2014,1,0.3335,4750,1,1.19,"Missing",0.782370345914949,1.27953343290321
2014,0,0.23,15000,0,0.65,"B",0.000138101164016424,-8.88738595808988
2014,0,0.23,2600,0,0,"Missing",0.431539625975495,-0.275572268687375
2014,1,0.23,3500,0,0,"Missing",0.591628450736222,0.370701400885198
2014,0,0.1725,18000,0,0.37,"B",0.00364117849822649,-5.61180006275993
2014,0,0.2875,5000,0,0.76,"C",0.076248731551832,-2.49444206544905
2014,0,0.2875,25000,0,0.47,"AA",0.00652114177763177,-5.02616330179153
2014,1,0.23,3000,0,0.76,"C",0.80378621046837,1.41012849874432
2014,0,0.276,3000,0,0,"Missing",0.291738679372145,-0.886954654607162
2014,0,0.2415,1500,0,0.01,"C",0.00387170276806738,-5.55018165974846
2014,0,0.2185,11000,0,0.93,"B",0.000921896092018033,-6.98815571792106
2014,0,0.23,24000,0,0.76,"C",0.00115066481212292,-6.76626407880762
2014,0,0.3335,15000,0,0,"AA",0.00021963077356806,-8.42334306860582
2014,0,0.1265,20000,0,0.01,"AA",0.0533856489375357,-2.87534981463866
2014,1,0.322,3900,0,1.08,"Missing",0.969190688348383,3.44864441069229
2014,0,0.1725,3500,0,0.32,"A",5.93687174317899e-06,-12.0343222689877
2014,0,0.1955,2000,0,0.73,"C",0.412686695423744,-0.352869717719877
2014,0,0.161,8000,0,0.74,"B",0.000269479299696398,-8.21874946498141
2014,0,0.2645,10000,0,0.44,"C",0.462205755364801,-0.151465892223289
2014,0,0.23,1500,0,0,"D",0.0014597160295948,-6.52805258000411
2014,0,0.276,14900,0,0.93,"D",0.00129709824534179,-6.64632768816791
2014,0,0.207,20000,0,0.67,"B",1.93609985168955e-06,-13.1548330580522
2014,0,0.1035,5000,0,0.02,"AA",0.00139451697513988,-6.57381168782987
2014,0,0.207,3001,0,0.8,"D",0.000506128361458035,-7.58821398558936
2014,0,0.207,9995,0,0.53,"C",9.45424287994395e-05,-9.26636729532397
2014,0,0.1035,2500,0,0.09,"AA",0.000244005682731863,-8.31807500760063
2014,0,0.23,9900,0,0.96,"D",0.0330983076292697,-3.37461467574303
2014,0,0.3105,6500,0,0.67,"D",0.000777643733078483,-7.15846411904583
2014,0,0.1725,2500,0,0.94,"D",0.0250892725868143,-3.65990553737594
2014,1,0.3335,6000,0,0,"Missing",0.99569797025599,5.44435702406481
2014,0,0.3335,4000,0,0.8,"D",4.9088584839471e-05,-9.92183494839808
2014,1,0.253,1100,1,0,"Missing",0.98123927262062,3.95705062096123
2014,0,0.1035,9000,0,0.37,"AA",0.000549379689278039,-7.50617122324798
2014,1,0.161,2500,0,0.24,"C",0.0370283390959455,-3.25834044244772
2014,0,0.207,2800,0,0.38,"C",0.0572724325944254,-2.80095793960853
2014,1,0.1725,2300,0,0.46,"C",0.614675956274753,0.467010576285337
2014,0,0.207,9800,1,0.72,"C",0.0112994807203126,-4.47163470340982
2014,1,0.3335,5000,1,0.75,"D",0.76122770409973,1.15942216908589
2014,0,0.2185,9000,0,0.76,"C",0.000641878467573313,-7.35046949047991
2014,0,0.207,9800,0,0.57,"C",0.00900688322682045,-4.7007185005639
2014,1,0.3335,5500,0,1.02,"Missing",0.947348669321419,2.88997569613718
2014,1,0.23,2000,0,0,"Missing",0.999948905067509,9.88177413790994
2014,1,0.207,8000,0,0.33,"C",0.0478998011638494,-2.9895589267908
2014,1,0.3105,3000,1,0.65,"Missing",0.90080983018807,2.20625525531403
2014,0,0.2645,8100,0,0.93,"C",0.00249242631556175,-5.99200308144711
2014,0,0.207,3000,1,0.93,"C",4.72374149096046e-05,-9.96027705209113
2014,0,0.1955,3800,0,1.1,"D",0.00232277636904498,-6.06266661979755
2014,1,0.23,2000,1,0,"D",0.486162915594212,-0.0553624738051148
2014,0,0.184,5000,0,0.89,"C",0.00495462439331139,-5.30246697840473
2014,1,0.23,6500,1,1.06,"Missing",0.955039767304728,3.05597459959191
2014,0,0.23,7500,0,0.38,"C",0.413679246447225,-0.348776094338642
2014,0,0.184,25000,0,0.76,"AA",0.000435886221566384,-7.7376933271337
2014,0,0.2185,15000,0,0.3,"AA",1.41705173462836e-05,-11.1643328243398
2014,1,0.3335,3001,0,0.83,"Missing",0.977633311060732,3.77756191105902
2014,0,0.276,14900,0,0.93,"D",0.00166143950796371,-6.39840805769003
2014,0,0.253,12000,1,0.92,"C",0.00443599076465766,-5.41355843243783
2014,0,0.2875,3001,1,0.89,"D",0.00069296516989435,-7.27383761454892
2014,0,0.3105,3200,0,0.98,"Missing",0.0682129943113123,-2.61446917477442
2014,0,0.2415,15000,0,0.82,"C",0.00129546439765396,-6.64758973565115
2014,0,0.1265,8000,0,0.32,"A",0.00075571795909237,-7.18708631771844
2014,0,0.299,12000,0,0.59,"D",0.00161793402726848,-6.42498599112805
2014,0,0.1725,1000,1,0.55,"B",0.0104619353098209,-4.54949477133127
2014,0,0.2645,5000,0,0.78,"D",0.227967440559339,-1.21982391038409
2014,0,0.207,2550,0,0.28,"D",0.171768911672913,-1.57314217095545
2014,1,0.3335,6000,1,0.72,"Missing",0.894688343446605,2.13955132649352
2014,0,0.138,13000,0,0.36,"AA",1.39882409054275e-07,-15.7824635627246
2014,0,0.0805,2550,1,0,"A",0.00743916574386349,-4.89352959328711
2014,1,0.3335,9200,1,0.98,"Missing",0.871298892054922,1.91249235432954
2014,0,0.2875,6500,0,0.64,"D",0.000669469440162366,-7.30835534600191
2014,0,0.23,10000,0,0.35,"C",0.0164905899356377,-4.08833729443
2014,0,0.253,7500,0,0.92,"D",0.00487379031225699,-5.31899764043963
2014,0,0.1725,16000,0,0.77,"B",0.0745150469674252,-2.51931679596891
2014,0,0.3335,1000,1,1,"Missing",0.96117794029995,3.20917091939559
2014,0,0.1495,6000,1,0.22,"A",0.00270356637005463,-5.91047627215946
2014,0,0.1265,5000,0,0.12,"A",0.000866240307781237,-7.05048158052056
2014,0,0.1955,9000,0,0.99,"C",0.00724323669945686,-4.92041751824769
2014,0,0.322,10500,0,0.94,"C",0.304418657882769,-0.826344041328656
2014,0,0.3335,4000,1,0.94,"D",0.45261859692576,-0.190096001383322
2014,0,0.2415,5500,1,0,"C",0.166277029375151,-1.61224592863516
2014,1,0.322,8423,0,0.92,"Missing",0.999243638846574,7.18623493234363
2014,0,0.2645,8500,0,1,"D",0.0614408601828951,-2.72627078018244
2014,1,0.2875,2550,0,0,"Missing",0.959231452890207,3.15822151398967
2014,0,0.3335,3000,0,0,"Missing",0.693999732563906,0.818885599225968
2014,0,0.092,3000,0,0,"AA",3.12471525952686e-05,-10.3735510552439
2014,0,0.1265,6475,0,0.1,"AA",3.66257287044337e-05,-10.2147229680587
2014,0,0.1955,10000,0,0.62,"B",0.000620520212630831,-7.38433166628767
2014,0,0.1265,3000,0,0.32,"AA",0.00236544098230552,-6.04442256949984
2014,0,0.1725,2500,0,0.56,"C",0.00145553183553417,-6.53092733029093
2014,0,0.207,2700,1,0.74,"C",0.0379311860342713,-3.23331235605533
2014,0,0.2185,19250,0,0.88,"B",0.000142405221116088,-8.85669147915578
2014,0,0.1725,10000,0,0.66,"B",0.0068258172763653,-4.98019397790569
2014,0,0.1035,9000,0,0.37,"AA",1.43138034793797e-05,-11.1542718940957
2014,0,0.2645,6001,1,0.52,"D",0.00030393600952383,-8.0983893914952
2014,0,0.1035,3030,0,0.04,"AA",6.78128693788766e-07,-14.2039280750417
2014,0,0.1955,7500,0,0.2,"C",0.00446712398002755,-5.40653335095359
2014,0,0.1725,2000,0,1.59,"Missing",0.546249001594365,0.185526332743624
2014,1,0.276,4500,0,0.6,"D",0.62160214979719,0.496354101657774
2014,0,0.207,3001,0,0.8,"D",0.021416223129162,-3.8219576758511
2014,1,0.3335,6000,0,0,"Missing",0.534913993921175,0.139883627153253
2014,0,0.1955,8500,1,0.21,"B",0.0322568892325646,-3.40123503057532
2014,1,0.2415,15000,0,0.24,"C",0.363114823561314,-0.561870279958329
2014,0,0.276,7000,0,1.14,"D",0.0534473663423172,-2.87412921486684
2014,1,0.3335,3800,0,1,"Missing",0.672348356723169,0.718825613372417
2014,0,0.138,17000,0,0.19,"AA",0.000943469916478323,-6.96500216342528
2014,0,0.1495,19000,0,0.08,"AA",0.000250166704293132,-8.29313284715208
2014,0,0.161,7500,0,0.14,"A",0.00651103497438842,-5.02772452893412
2014,0,0.1265,2593,0,1.01,"Missing",0.769105818692164,1.20326904963011
2014,0,0.276,1000,1,0.29,"Missing",0.817268523862423,1.49794997970975
2014,0,0.23,9000,0,0.92,"C",0.0106541677693369,-4.53109279374987
2014,0,0.253,9000,0,0.99,"C",0.180682929824607,-1.51172742580425
2014,0,0.1035,2000,0,0,"AA",6.138457944279e-05,-9.69829051703108
2014,1,0.3335,25000,0,1.31,"Missing",0.994843325346345,5.26229333801444
2014,1,0.3335,3500,1,0.95,"Missing",0.977483295649232,3.77072375351768
2014,1,0.3335,2000,0,0.28,"Missing",0.975180054199362,3.67097452884499
2014,0,0.3335,23800,0,0.5,"C",0.0260452571875252,-3.62152915139266
2014,0,0.092,4000,0,0.13,"AA",0.000323129760115825,-8.03713339933265
2014,0,0.253,17500,0,0,"AA",0.000518971564581433,-7.56314235888285
2014,0,0.1495,5000,1,0.16,"A",0.0505856856369513,-2.93217663955522
2014,1,0.3335,15000,0,0.49,"C",0.106595625036708,-2.12599683592945
2014,0,0.3335,3500,0,1.01,"Missing",0.647141206422817,0.606496559927266
2014,0,0.23,5000,0,0.95,"Missing",0.0428358756419316,-3.10659890814153
2014,0,0.1725,10000,0,0.68,"B",9.84245336582744e-05,-9.22612202980944
2014,0,0.1955,9000,0,0.94,"C",0.00253311434690947,-5.97576943799429
2014,0,0.1725,19300,0,0.39,"A",0.0488107936966621,-2.9697615271493
2014,0,0.092,2750,0,0.01,"AA",0.00338265059691362,-5.68570729184722
2014,0,0.1265,4000,0,0,"B",0.00175282758539834,-6.34477066631757
2014,1,0.3105,5000,0,0.96,"Missing",0.378048310502863,-0.497840427087705
2014,0,0.1725,25000,0,0.16,"AA",6.37507522881222e-06,-11.9631082912959
2014,0,0.23,9000,1,1.01,"D",0.00157429484290511,-6.45237229040378
2014,0,0.115,1000,0,0.2,"A",0.132898971852394,-1.87556626667429
2014,0,0.23,9500,1,0.65,"AA",0.00908282797229627,-4.692245355827
2014,0,0.1955,3000,0,0.88,"D",0.302304165885838,-0.836349557718206
2014,1,0.2875,9000,0,0.99,"Missing",0.909939872683077,2.31290099479083
2014,1,0.2645,4000,0,0.51,"D",0.820676392345219,1.52093683133999
2014,0,0.115,3885,0,0.38,"A",0.0012205971538095,-6.70719372696361
2014,0,0.092,2000,0,0.15,"AA",0.00091545255481052,-6.99517614770201
2014,0,0.1955,10000,0,0.72,"B",0.0424013809963067,-3.11724777972444
2014,0,0.1265,6001,0,0.01,"A",0.000148292861221588,-8.81617314353477
2014,0,0.3335,5000,0,0.73,"Missing",0.585795872791155,0.346612475744061
2014,0,0.1265,25000,0,0.35,"AA",1.51277544796916e-05,-11.0989643283995
2014,1,0.1725,2500,0,1.01,"D",0.311584248490667,-0.79272318310435
2014,0,0.3335,1000,0,0.95,"Missing",0.0162051013846338,-4.10609134600619
2014,0,0.1725,5000,0,0.83,"C",9.93110417507808e-06,-11.5198289590565
2014,0,0.23,1500,0,0,"D",0.0444102339169447,-3.06885876947585
2014,0,0.2875,15000,1,1.04,"D",0.0747523478662919,-2.51588081235501
2014,0,0.138,6000,0,0.6,"A",2.44659735288605e-06,-12.92080988769
2014,1,0.2645,4000,1,1.35,"Missing",0.994648399352097,5.22499360453982
2014,0,0.2415,3000,1,0.65,"Missing",0.263658002806708,-1.02704186148324
2014,0,0.23,2400,1,0,"D",0.000444578357177287,-7.71793955972096
2014,0,0.207,15000,0,0.58,"C",8.91335283897559e-05,-9.32528585609917
2014,0,0.115,6000,0,0.52,"A",0.0147293938665444,-4.20307125044235
2014,1,0.3335,5200,0,0,"Missing",0.736842744779906,1.02962271526296
2014,0,0.2415,5000,0,0.95,"D",0.00101750973990309,-6.88937904055265
2014,0,0.1725,1700,0,0.83,"D",0.0116347516216593,-4.44205586501374
2014,0,0.276,6001,0,0.74,"D",0.130369349637932,-1.89769700861698
2014,0,0.23,3500,0,0.51,"D",0.00370260284939112,-5.59500975939412
2014,0,0.1725,3500,0,0.3,"C",0.591044547953932,0.368285160906087
2014,0,0.2185,8500,0,0.79,"C",0.0048499866730534,-5.32391753583555
2014,0,0.1035,1000,1,0.05,"AA",0.00765117709136314,-4.86521517731804
2014,0,0.0805,5000,0,0.05,"AA",0.00121202635746873,-6.71424888302962
2014,0,0.1035,3000,0,0,"AA",0.000417091371193339,-7.78178806621823
2014,0,0.2185,9000,0,0.76,"C",0.156057314831298,-1.68786124118378
2014,0,0.253,3200,0,0,"D",0.0158235603213231,-4.13030520065904
2014,1,0.3335,1500,1,1.29,"Missing",0.991626355325854,4.77425714373123
2014,0,0.1265,1527,0,0.03,"AA",4.97362316052665e-05,-9.90872714684692
2014,0,0.1955,4000,0,0.73,"B",0.000430716880433643,-7.74962876398681
2014,0,0.299,5500,0,0.99,"Missing",0.384642987522609,-0.469887008531876
2014,0,0.138,25000,0,0.07,"AA",1.398963675492e-05,-11.1771797445127
2014,0,0.1725,7000,0,0,"A",0.000833549523063938,-7.08898354462627
2014,0,0.1955,2400,0,0.86,"D",0.00384425291629036,-5.55732433390931
2014,1,0.299,9000,1,0.83,"Missing",0.333622842227505,-0.691844673167595
2014,0,0.184,2000,1,0.41,"C",0.0043122971524036,-5.44196291293186
2014,1,0.3105,3001,1,1.02,"Missing",0.769570520169454,1.20588772193455
2014,0,0.1955,17000,1,0.59,"B",0.0318267966762815,-3.41510240260278
2014,0,0.115,2000,0,0,"AA",0.000191871307687247,-8.55849379341442
2014,0,0.1035,6100,0,0.48,"A",0.00343900325470714,-5.66912867090267
2014,0,0.1725,1500,0,0.77,"C",0.00196628929075292,-6.22963889623353
2014,1,0.276,1500,0,0.96,"Missing",0.911199259029489,2.32836660472584
2014,0,0.23,6001,0,0,"A",0.00266258177555254,-5.92579290184472
2014,0,0.2645,15000,0,0.86,"C",0.000716411394358792,-7.24053931474113
2014,1,0.3335,5001,1,0.3,"D",0.961479600534614,3.21728539129784
2014,0,0.3335,3600,0,0.92,"Missing",0.00522580868290307,-5.24890621028072
2014,0,0.3335,3550,0,0,"Missing",0.976130074248146,3.71097652050381
2014,0,0.23,3000,0,0.98,"D",0.0885972641238341,-2.33088390249361
2014,0,0.1725,5000,0,0,"C",0.00113090411741009,-6.78360631819565
2014,0,0.161,5000,0,0.68,"B",0.000335412984925879,-7.99981252532991
2014,1,0.2185,1100,1,1,"Missing",0.93666884978914,2.69395249184929
2014,0,0.1495,10000,0,0.51,"A",2.44541691303299e-05,-10.6186853855336
2014,0,0.184,5000,0,0,"C",0.011491466360091,-4.4545925712265
2014,0,0.1955,1700,0,0.8,"Missing",0.000583948514590565,-7.4451136198911
2014,0,0.23,3500,0,1,"D",0.00266979099745306,-5.92308172649594
2014,0,0.2185,5000,0,0.42,"B",0.000166089433477966,-8.70281805556536
2014,0,0.2185,3001,0,0.48,"D",0.00582608033205421,-5.13956771385041
2014,0,0.1725,8000,0,0.64,"B",8.42637588636493e-06,-11.6841353586938
2014,0,0.23,2500,0,1,"C",0.000635893703304117,-7.35984304579263
2014,0,0.2185,2100,0,0.86,"D",0.00860134794865864,-4.74719779675054
2014,0,0.1725,5000,1,0.42,"B",0.00220822643208743,-6.11335493690169
2014,0,0.1955,4000,1,0,"C",0.00356153630858437,-5.63399538617464
2014,0,0.2415,25000,0,0.07,"A",0.00644768516059185,-5.03756554115557
2014,0,0.207,1600,0,0.94,"D",0.00696810499911775,-4.95941947517271
2014,0,0.115,3000,0,0.14,"AA",0.00107747116772782,-6.83206044277656
2014,0,0.092,3000,0,0.46,"AA",7.90544691841669e-05,-9.44529440214365
2014,1,0.2415,5000,0,0.85,"C",0.140312442376023,-1.81269735089452
2014,1,0.253,7500,0,0.92,"D",0.244947567618021,-1.12574301578224
2014,1,0.184,7000,0,0.29,"C",0.960572805956352,3.19307399701855
2014,1,0.1035,2500,0,0.09,"AA",0.387984778468517,-0.455791045884014
2014,0,0.2875,9900,0,0.37,"B",0.00127992136170061,-6.65967589794865
2014,1,0.3335,4000,1,0,"Missing",0.944827315676588,2.84053419447073
2014,1,0.3335,2550,0,0,"Missing",0.645203338305575,0.598020678888217
2014,0,0.1265,5000,1,0.45,"B",0.00169612204921926,-6.37771321912581
2014,0,0.23,7500,1,0.38,"C",0.000682134565209274,-7.28960124256794
2014,0,0.276,3000,0,0.85,"Missing",0.653419081010821,0.634102377587718
2014,0,0.1725,1500,1,0.64,"AA",0.00190142078030221,-6.26325066237528
2014,1,0.299,1000,0,0,"Missing",0.989476692043296,4.54358360704215
2014,0,0.2875,1000,1,0.95,"D",0.00483892135990102,-5.32621277576955
2014,0,0.138,15000,0,0.55,"A",0.0927866553598017,-2.28007481311589
2014,1,0.1955,2550,0,0.25,"C",0.109448939181253,-2.09638230892536
2014,0,0.3335,9000,1,0.95,"D",0.109978243238514,-2.09096335073795
2014,1,0.3335,3000,0,0.91,"Missing",0.997011655879355,5.81004303265463
2014,0,0.3335,5000,1,0.42,"D",0.0355985511704569,-3.29920270904699
2014,0,0.115,7000,0,0.51,"AA",1.04819049014218e-05,-11.465849648226
2014,0,0.2415,3000,0,0.04,"C",0.00493065164946778,-5.30734127182562
2014,0,0.2875,25000,0,0.71,"A",0.00346693278541385,-5.66101204290247
2014,0,0.3105,2550,0,0.98,"Missing",0.495359773198576,-0.018561440097199
2014,0,0.253,15000,0,0.04,"D",0.0174822205873918,-4.02893404162295
2014,0,0.2415,1500,0,0.01,"C",0.00241080061199358,-6.0253826712297
2014,0,0.1725,11000,0,0.54,"B",6.87589778761702e-05,-9.58483448131174
2014,0,0.1495,6000,1,0.22,"A",4.32439708735216e-05,-10.0486094911661
2014,0,0.1265,6500,0,0.34,"A",0.0221453668712485,-3.78773271809093
2014,0,0.161,14500,0,0.48,"A",0.00530176879952002,-5.2343989052935
2014,0,0.207,5000,0,0.12,"C",0.0134728032850627,-4.29351781198875
2014,0,0.253,8000,1,0.93,"D",0.774036127302284,1.23124341742735
2014,1,0.3335,2500,0,0.89,"Missing",0.345804204633995,-0.637533955620094
2014,0,0.1035,1000,1,0.05,"AA",0.00211380243711291,-6.15715081076553
2014,0,0.1725,3000,0,0.46,"B",0.00186666044299108,-6.28173589920191
2014,0,0.2415,4900,0,0,"D",0.000107557117676743,-9.13738096137301
2014,0,0.092,2500,0,0.47,"AA",0.000392695634857328,-7.84208293940065
2014,0,0.2645,3000,0,0.89,"Missing",0.58714894649472,0.352191646892853
2014,0,0.1495,10000,0,0.12,"AA",0.00141854767755244,-6.5567021382654
2014,1,0.2875,1250,0,0.99,"Missing",0.707420759672708,0.882890085697209
2014,0,0.253,15000,0,0.04,"D",0.0207111310192141,-3.85615537821753
2014,0,0.1725,1000,1,0.55,"B",0.000939013199711361,-6.96974156730542
2014,0,0.115,1000,0,0.28,"A",0.000495747134919663,-7.6089486998075
2014,0,0.2875,3000,0,0.71,"D",0.010388086319537,-4.55665325658129
2014,0,0.1035,4800,0,0.12,"AA",3.79292179099076e-07,-14.784958628473
2014,1,0.3335,2200,0,1.06,"Missing",0.892715234080783,2.11878098017837
2014,0,0.2185,8500,0,0.79,"C",0.446124517910335,-0.216341798719541
2014,0,0.207,15000,0,0.58,"C",0.160139010991398,-1.65719413214146
2014,0,0.299,25000,0,0.92,"C",1.90301579867857e-05,-10.869466544366
2014,0,0.3335,2000,0,0,"Missing",0.437787967417605,-0.250144360403847
2014,0,0.2185,6001,0,0.52,"C",0.0530818649411054,-2.88137729945627
2014,0,0.1265,1500,0,0,"AA",0.000164955115230933,-8.70967218125188
2014,1,0.322,9900,0,0.33,"D",0.881663744184351,2.00828054335806
2014,1,0.3335,2501,0,1.22,"Missing",0.99755256892086,6.01026591271965
2014,0,0.2185,13000,1,0.89,"C",0.00262423719970514,-5.94033732921063
2014,1,0.2875,4000,0,0.02,"Missing",0.886179970258362,2.05230154220099
2014,0,0.276,1000,1,0,"Missing",0.603504978756652,0.420090806074699
2014,0,0.3335,2550,1,0.93,"Missing",0.0955144507393163,-2.24808877553165
2014,1,0.2875,1500,1,0,"Missing",0.983846809057395,4.10935259134288
2014,0,0.1035,9000,0,0.37,"AA",0.0066134485642123,-5.01201462760631
2014,0,0.23,25000,1,0.98,"B",3.87764631279008e-05,-10.1576583386036
2014,0,0.3335,5224,0,0.67,"Missing",0.188639952149643,-1.45887172789283
2014,0,0.138,4500,0,0.09,"AA",0.0245195380943258,-3.68345985808702
2014,0,0.2645,18000,0,0.58,"C",0.0225849771249091,-3.76762639869886
2014,1,0.1955,4500,0,0.89,"D",0.508562538460512,0.0342535025923203
2014,0,0.322,5000,0,1.19,"Missing",0.0887152915060787,-2.32942310123821
2014,0,0.1495,20000,0,0.46,"A",6.83317734139626e-06,-11.8937139556363
2014,0,0.2185,25000,0,0.66,"A",0.00631232493201111,-5.05891888641494
2014,0,0.253,6000,0,0.71,"C",0.000785603521809044,-7.14827240570961
2014,0,0.23,10000,1,0.85,"Missing",0.235264336780418,-1.17882051648728
2014,0,0.23,5000,1,0.95,"C",0.0136207884144909,-4.28244369102058
2014,0,0.2875,4800,0,0.85,"Missing",0.00540090915396451,-5.21577243094593
2014,0,0.3105,10000,0,0.45,"Missing",0.3128698154793,-0.786736592355857
2014,0,0.115,6500,0,0.69,"AA",3.61437505015684e-05,-10.2279703567591
2014,0,0.299,2600,0,0.73,"D",0.00366543694892967,-5.60513555754437
2014,0,0.23,2500,0,0,"Missing",0.76010036719457,1.15322984742972
2014,0,0.1955,2400,0,0.77,"D",0.000828075404892903,-7.09557792056556
2014,0,0.23,2000,1,0.88,"D",0.147825116524553,-1.75176183809431
2014,0,0.1265,5000,0,0.18,"A",0.000282435035714632,-8.17177952096721
2014,0,0.3335,5500,0,0.99,"Missing",0.13849457062135,-1.82785023461773
2014,1,0.299,1000,1,0.33,"Missing",0.996983663003833,5.80069120363949
2014,0,0.2185,6000,0,0.49,"C",0.0338799752746542,-3.35046393570051
2014,0,0.1495,5000,0,0.32,"B",0.326628752071075,-0.723472597775307
2014,1,0.3335,5000,0,0,"Missing",0.9604399415442,3.18957146752645
2014,1,0.3335,5500,0,1.02,"Missing",0.989068845603371,4.50514702665867
2014,0,0.1725,3500,0,0.56,"C",0.000780834039478516,-7.1543667891229
2014,0,0.1265,5000,0,0.05,"A",4.60243716503849e-06,-12.2889199738391
2014,1,0.253,3000,0,0.3,"Missing",0.639842062120779,0.574678716389296
2014,0,0.1265,7000,0,0.83,"AA",1.39005800761561e-05,-11.1835660859241
2014,0,0.1035,5500,1,0.48,"A",0.0011180777631765,-6.79502564777565
2014,1,0.299,2200,0,0.98,"Missing",0.383260813649339,-0.475730488969822
2014,0,0.138,20000,0,0,"AA",0.000449826815580585,-7.70619797552267
2014,0,0.1955,5000,0,0.03,"C",0.000225046803991908,-8.39897708751991
2014,1,0.3335,2000,1,0,"Missing",0.971256517326194,3.52017955996646
2014,1,0.3335,3000,0,0.65,"Missing",0.969426440395813,3.45656902783434
2014,0,0.1265,3000,0,0.27,"B",0.00224449375132533,-6.09702826733737
2014,0,0.23,15000,0,0.59,"A",2.60655753194115e-05,-10.5548690015843
2014,1,0.23,2000,0,1.44,"Missing",0.772361652831436,1.22169472956392
2014,0,0.115,3500,1,0.21,"AA",0.000188250037876348,-8.57755122232277
2014,1,0.3335,5000,1,0,"Missing",0.990481065915394,4.64490787364041
2014,0,0.069,9600,1,0.16,"C",0.0019121772794719,-6.25759874143766
2014,1,0.3335,4500,0,0.45,"Missing",0.864557230032785,1.85366831385152
2014,1,0.276,4000,0,0.7,"Missing",0.998550780462934,6.5352798470863
2014,0,0.138,5000,0,0.1,"AA",0.000148620826752072,-8.81396365051972
2014,0,0.276,25000,0,0,"A",0.00668119848261398,-5.00175427635858
2014,0,0.138,25000,1,0.22,"AA",0.00536623721145354,-5.22224763439216
2014,0,0.23,9500,1,0.65,"AA",0.0625307866869209,-2.70752489572069
2014,0,0.1725,25000,0,0,"B",0.00333517160057208,-5.69989040081138
2014,0,0.0805,6500,0,0.75,"Missing",0.0166895215005686,-4.07614385075705
2014,0,0.276,25000,0,0.89,"B",0.241462647940306,-1.14467724799982
2014,0,0.1265,1550,0,0.95,"D",5.49729007645354e-05,-9.80861523311518
2014,0,0.1035,6001,0,0.22,"AA",2.76613325077205e-05,-10.4954473966349
2014,0,0.1725,8500,0,0,"B",0.000603624510109501,-7.41195441858703
2014,0,0.161,4500,1,0.76,"B",0.0377198984550267,-3.23911780844315
2014,0,0.3335,25000,0,0.98,"D",0.268303144514424,-1.00324881882862
2014,1,0.253,1500,1,1,"Missing",0.832887795511866,1.60623346386182
2014,0,0.115,2300,0,0.62,"A",0.00483133030724712,-5.32779038439851
2014,0,0.115,2550,0,0.58,"A",0.000515363597610522,-7.57012239519094
2014,0,0.1725,8942,0,0,"B",0.000125501802738604,-8.98306492536583
2014,0,0.2185,8500,0,0.79,"C",0.0547232001540648,-2.84919004054195
2014,0,0.1725,2500,0,1.01,"D",0.00212462377348161,-6.15203365606538
2014,0,0.115,6500,0,0.67,"A",2.81561659248093e-05,-10.4777160326201
2014,0,0.299,5050,1,0,"D",0.0143101568038674,-4.232372193314
2014,0,0.23,9000,0,0.92,"C",0.0162075370542073,-4.10593857886411
2014,0,0.3335,2525,0,0,"D",0.13799072794017,-1.83207953299518
2014,0,0.115,4000,0,0.34,"A",0.0642857690906365,-2.67797183477414
2014,1,0.3335,1300,0,0.55,"Missing",0.744928778273429,1.07174580712693
2014,0,0.23,1000,0,1.07,"Missing",0.834209161658284,1.61575718038375
2014,1,0.276,1500,0,0,"Missing",0.995642897708344,5.43158143245466
2014,1,0.3335,8000,0,0.8,"Missing",0.981203586344947,3.9551138788285
2014,1,0.322,6000,0,0.53,"D",0.95466667728239,3.0473198876347
2014,0,0.23,2700,1,0.8,"D",0.0193918341870901,-3.92332089727911
2014,0,0.184,3500,0,0.53,"B",0.00161397207420855,-6.427441735579
2014,0,0.3335,4500,0,0.98,"Missing",0.235064639534501,-1.17993079596248
2014,0,0.3335,12000,0,0.6,"B",0.127602310920278,-1.92232690399395
2014,0,0.1265,18000,0,0.46,"AA",0.0212019667384928,-3.83223137417142
2014,0,0.23,6000,1,0.25,"C",3.30331123519668e-05,-10.3179670613087
2014,1,0.3335,20000,0,1.05,"C",0.679142393523704,0.749833385029721
2014,0,0.253,5000,1,0,"D",0.00107360423177298,-6.83565966913067
2014,0,0.1725,15000,0,0.62,"B",0.00330263349171354,-5.70972700174937
2014,0,0.2875,10000,1,0,"A",0.00167862966156716,-6.38809745591257
2014,0,0.1725,8000,0,0.64,"B",0.000694502616040767,-7.27161988508491
2014,0,0.2645,5000,0,0.39,"D",0.00672321844079479,-4.9954423833699
2014,1,0.3335,4000,1,0.98,"Missing",0.986475754016245,4.28965467401314
2014,0,0.161,5000,0,0.29,"B",0.0074957513059159,-4.88589492587207
2014,1,0.2875,5000,1,0.96,"Missing",0.992503475047003,4.88579094029515
2014,0,0.115,10000,0,0.18,"AA",0.00022222095669059,-8.41161612501555
2014,0,0.3335,4531,0,0,"Missing",0.0611119652216999,-2.73198855616328
2014,1,0.3335,7200,0,1.15,"Missing",0.998449833495512,6.46784156231447
2014,0,0.23,10000,1,0.89,"D",0.000732179987804399,-7.21875174108655
2014,1,0.1725,14000,1,0.25,"A",0.136250918494012,-1.84678413694077
2014,0,0.1955,10000,0,0.39,"A",0.0133469722890027,-4.30302887099541
2014,0,0.1265,8000,1,0.17,"AA",0.00411211833311959,-5.4896963773923
2014,0,0.161,7000,0,0.32,"A",0.000161223104291348,-8.73256017519052
2014,0,0.1725,3000,0,0.03,"AA",0.112514425012503,-2.06531083192422
2014,0,0.138,6000,0,0.03,"AA",0.0262466031507567,-3.6136215087156
2014,0,0.1955,5000,0,0.03,"C",0.029391411950048,-3.49722076398915
2014,0,0.276,6000,0,0.52,"D",0.0400528775840784,-3.17667768140511
2014,1,0.2645,1300,0,0.43,"D",0.0681258601154131,-2.61584088407311
2014,0,0.2645,5000,0,0,"D",0.0799241524748387,-2.44337801872307
2014,0,0.23,4000,0,0,"D",0.56193746058389,0.249028879362942
2014,0,0.207,10000,0,0.15,"B",0.000335750727141322,-7.99880574973676
2014,0,0.1955,1850,0,0.68,"D",0.0658562457608175,-2.65215606685173
2014,1,0.2875,10700,0,0,"Missing",0.874339999511867,1.93988946460908
2014,0,0.0805,3000,0,0.06,"AA",0.000175068269496634,-8.65015946510936
2014,0,0.276,6000,0,0,"Missing",0.248735645577632,-1.105366924898
2014,0,0.0805,2550,0,0.01,"AA",0.000201973512191018,-8.50717200301672
2014,0,0.23,2500,0,0.8,"Missing",0.3114990668138,-0.793120331117383
2014,0,0.161,1000,0,0.6,"A",0.000351638370696686,-7.95255556622341
2014,0,0.1265,6001,0,0.28,"A",0.000121721412579226,-9.01365389902859
2014,0,0.3335,8500,1,0.93,"B",0.00883777451597097,-4.71984312633798
2014,0,0.253,12800,0,0,"A",0.00144782023223717,-6.53624727239654
2014,0,0.3335,10000,0,1.13,"Missing",0.295357430669996,-0.869504428090157
2014,0,0.1725,4000,0,1,"D",0.00129670598569681,-6.64663053988374
2014,0,0.1265,5000,0,0.18,"A",0.000205247639261519,-8.49108804276336
2014,0,0.1265,1000,0,0.98,"D",0.000547156325780572,-7.51022870276831
2014,1,0.207,5500,0,1.02,"C",0.447668911522138,-0.210093742025591
2014,0,0.2645,8000,1,0.74,"D",0.00508597890804374,-5.27616880253255
2014,0,0.3335,5001,1,0.3,"D",0.00195018796338133,-6.23787742751835
2014,0,0.3105,25000,1,0,"C",0.0429439458489796,-3.10396628213805
2014,1,0.276,2000,0,1.02,"Missing",0.997192744817346,5.87273687343228
2014,0,0.115,3000,1,0.32,"A",4.01936157663459e-05,-10.1217621923101
2014,0,0.23,5200,1,0.77,"D",0.366342465667207,-0.547940047374484
2014,0,0.276,3000,0,0.85,"Missing",0.890964083990432,2.10062678425397
2014,1,0.2415,3000,1,0.65,"Missing",0.99915602859574,7.07654761740192
2014,0,0.1265,15152,0,0.6,"A",0.00100622323005771,-6.90054460344224
2014,0,0.299,25000,0,0.92,"C",0.000856873619005339,-7.06136287836802
2014,0,0.2415,10000,0,0.72,"A",0.000389978581240009,-7.84902868560348
2014,0,0.2645,5000,0,0.39,"D",0.015781598959402,-4.13300318619143
2014,0,0.299,5000,1,0,"Missing",0.140874805668728,-1.80804306273839
2014,0,0.207,15000,0,0.29,"C",0.00129045622992079,-6.65146816694301
2014,0,0.1035,6001,0,0.22,"AA",0.041417090493001,-3.141762448482
2014,0,0.161,3000,0,0,"C",1.65379111136852e-05,-11.0098386313022
2014,0,0.1955,1000,0,1.02,"D",0.000125701519801506,-8.98147464231616
2014,0,0.2875,13000,0,0.74,"D",0.74072453593179,1.04973774545751
2014,0,0.138,25000,0,0.06,"AA",2.11021501302823e-05,-10.766114518392
2014,1,0.23,12500,0,0.52,"A",0.47333732659986,-0.106751956802336
2014,0,0.2875,9000,0,0.86,"Missing",0.487529307148978,-0.0498931188369185
2014,0,0.161,1500,0,0.04,"AA",0.0135583451976646,-4.28710194058201
2014,1,0.276,10000,1,0,"C",0.733786516267077,1.01391957921835
2014,0,0.115,3900,0,0.53,"A",0.00432529480614492,-5.43894030169648
2014,0,0.276,10000,1,0.73,"D",0.00933260219227307,-4.66486497330215
2014,1,0.322,4000,0,0.53,"Missing",0.999993976510681,12.0198378219692
2014,0,0.23,5000,0,0,"B",0.0284739888135189,-3.52987704538679
2014,0,0.23,3000,1,0,"D",0.026238027450367,-3.61395710454584
2014,1,0.3335,3000,1,1.01,"Missing",0.781698597283398,1.27559255160857
2014,0,0.2645,25000,0,0.67,"D",0.00841427605766703,-4.76937560910911
2014,0,0.2645,7000,0,0.52,"D",0.00514958847176411,-5.26367558259627
2014,0,0.2645,12000,0,0.79,"D",0.00150355688071712,-6.49841703569171
2014,0,0.2875,7000,0,0.96,"D",0.0435794345562959,-3.08861238373809
2014,0,0.207,3100,0,0.98,"C",0.29607579593508,-0.866055196788618
2014,0,0.1725,3800,0,0.2,"B",0.00344837753533302,-5.66639710127546
2014,0,0.1035,5000,0,0.54,"A",0.0702779979201481,-2.58242684324513
2014,0,0.1725,8500,0,0.22,"B",0.000251975492412924,-8.28592672026826
2014,1,0.3335,4500,1,1.32,"Missing",0.994671461255119,5.2293354490335
2014,0,0.2415,1500,0,0.01,"C",0.00429880856766127,-5.44510929695251
2014,0,0.3335,5000,0,0.9,"Missing",0.363801734572542,-0.558901218851809
2014,1,0.3335,3000,0,0.65,"Missing",0.999802198736038,8.52804992786582
2014,0,0.1725,9800,0,0.94,"B",0.000294319243396324,-8.13055115529112
2014,0,0.2415,13500,0,0.82,"C",0.000725004181060169,-7.228607869023
2014,0,0.23,12000,0,0.95,"C",0.441940756171145,-0.233289291199585
2014,0,0.184,25000,0,0.63,"A",0.416171432145397,-0.33851011966417
2014,0,0.1725,3600,0,0.28,"A",3.12055945961501e-05,-10.374881959163
2014,1,0.299,2550,0,0.88,"Missing",0.596893591720645,0.392538291692813
2014,0,0.161,2400,1,0.22,"B",0.0332136504961424,-3.37101657853234
2014,1,0.322,1900,0,1.2,"Missing",0.920321050620472,2.4467171495421
2014,1,0.3105,1800,1,0.1,"Missing",0.854920532027893,1.77372687234715
2014,0,0.1955,10000,1,0.6,"A",0.04432297310352,-3.07091689514717
2014,0,0.2645,8800,1,0.61,"C",0.0285935738179006,-3.52556294437474
2014,0,0.2185,21200,1,0.47,"B",0.000345587396436841,-7.96991934321725
2014,0,0.23,2000,1,0.78,"D",3.44977935975018e-05,-10.274580691279
2014,1,0.1035,5000,0,0.17,"AA",0.0282555937133349,-3.5378013678429
2014,1,0.276,1500,0,0.96,"Missing",0.964696013928598,3.30781716280547
2014,0,0.1495,25000,0,0.27,"AA",0.0286607522202,-3.52314711866731
2014,0,0.115,3000,0,0.14,"AA",2.81272111288863e-05,-10.4787449550073
2014,0,0.207,9500,1,0.36,"A",0.0158598166157513,-4.12797969624348
2014,0,0.3335,15000,0,0,"AA",0.000130884996339086,-8.9410606173135
2014,0,0.115,5000,0,0.09,"AA",0.000147229480850792,-8.82337085388322
2014,1,0.23,1000,0,0,"Missing",0.99999323869575,11.9042879887509
2014,0,0.2875,3001,1,0.84,"D",0.00521115828118524,-5.25172834535716
2014,0,0.3335,3000,0,0,"Missing",0.0514003524027454,-2.91534181342353
2014,0,0.207,12000,0,0.57,"A",0.0340652093584105,-3.34481971736454
2014,0,0.161,3500,0,0.65,"B",0.0056040764788962,-5.17864116517297
2014,0,0.322,1000,0,0,"Missing",0.583650191061412,0.337776021669187
2014,0,0.0805,3000,0,0.06,"AA",6.01822009298137e-05,-9.71807373097296
2014,1,0.2415,4500,0,0,"D",0.948594759746771,2.91524157151482
2014,0,0.1265,14000,0,0.56,"AA",0.000956115823584068,-6.95167492468096
2014,0,0.23,1000,1,0.76,"C",0.0163962413824643,-4.09417100705397
2014,0,0.1265,10000,1,0.23,"AA",6.56976007874554e-05,-9.63038245107627
2014,0,0.0805,2000,1,0.07,"AA",0.00174080692926765,-6.35166419690856
2014,0,0.2875,12000,0,0.43,"C",0.00715542421638072,-4.93270343118728
2014,0,0.23,7500,1,0.38,"C",0.000100678391361325,-9.20347868210316
2014,0,0.1955,3650,0,0.85,"D",0.0029136798362117,-5.83542051527584
2014,0,0.1035,2550,0,0.05,"A",0.0010219710329882,-6.88499963745663
2014,0,0.23,8000,1,0.52,"D",0.137938281724531,-1.83252051578998
2014,0,0.1495,25000,0,0.27,"AA",0.00731265287947818,-4.91080963865498
2014,0,0.1265,6000,0,0,"A",0.000301953772803274,-8.10493462312365
2014,0,0.1265,1200,0,0.87,"Missing",6.80572673485613e-06,-11.8977393275653
2014,0,0.207,8000,0,0.35,"C",0.000241348416058451,-8.32902758117451
2014,0,0.23,9000,0,0.92,"C",1.68795157282107e-05,-10.9893928786369
2014,0,0.23,20000,1,0.05,"AA",0.00855273061506984,-4.75291516173338
2014,0,0.2185,10000,0,0.64,"C",0.0211131455265183,-3.83652020607455
2014,1,0.1955,6750,1,0.73,"C",0.450655644837477,-0.198021974695322
2014,0,0.115,1500,0,0.89,"A",0.000573710709760702,-7.46281140330955
2014,0,0.2645,8100,0,0.93,"C",0.0494159072686568,-2.95680424826844
2014,0,0.184,7000,0,0.29,"C",0.00288022345120855,-5.84700302134233
2014,1,0.3335,3500,0,0.88,"Missing",0.796479667622167,1.36443568857447
2014,0,0.1035,2500,0,0.04,"A",0.0242497844762544,-3.69479889717393
2014,1,0.1955,13000,1,0.88,"B",0.49113257190943,-0.0354734317694358
2014,0,0.184,20000,0,0.29,"AA",6.81042813951044e-06,-11.8970487600898
2014,1,0.3105,10000,1,0.79,"D",0.897286484537864,2.16743148216352
2014,0,0.1035,2550,0,0.17,"A",5.88276608275728e-05,-9.74083956204467
2014,0,0.3335,2500,0,0.95,"D",0.131321786959918,-1.88932206077682
2014,0,0.161,4500,1,0.76,"B",0.00409259064816621,-5.4944761109205
2014,0,0.2185,2500,0,0.82,"C",0.000315258747155931,-8.06180152832476
2014,0,0.184,10999,0,0.97,"B",0.000510495245802856,-7.57961860763502
2014,0,0.1725,3000,0,0.96,"C",0.00231951502706627,-6.0640749459444
2014,0,0.1265,7000,0,0,"AA",0.00462430752009417,-5.37179361190549
2014,0,0.3335,20000,0,0.03,"D",0.935560071233244,2.67541190373389
2014,0,0.1265,1000,1,0.97,"C",0.000153427025487025,-8.78213206917404
2014,0,0.1725,2000,0,0.54,"C",0.00569459589230114,-5.16252677100914
2014,0,0.1265,7000,0,0,"AA",0.622161483331691,0.498732778787673
2014,1,0.2645,1600,1,1.46,"Missing",0.948576876072286,2.9148748830892
2014,0,0.23,8500,0,0.64,"C",0.00105099532528483,-6.85696608696268
2014,1,0.0805,1000,1,1.06,"Missing",0.736311404122875,1.02688428682857
2014,0,0.1725,3500,0,0.9,"C",0.000361677151937066,-7.92439684697412
2014,1,0.276,1000,0,0.92,"Missing",0.829480983883466,1.58195336259416
2014,0,0.1725,2000,0,0.54,"C",0.118336571497367,-2.00827751764232
2014,0,0.1955,4500,0,0.89,"D",0.0285180758280839,-3.52828453673083
2014,0,0.23,5000,0,0,"A",0.000344313498943656,-7.97361360867673
2014,1,0.3335,3000,1,0.92,"Missing",0.996581308257903,5.67507278382045
2014,1,0.3335,3800,0,1,"Missing",0.709241493338393,0.891703031113579
2014,0,0.1265,2700,1,0.12,"AA",0.000295978540419901,-8.12492758249907
2014,0,0.207,15000,0,0.65,"B",0.0053859089449304,-5.21856872537366
2014,1,0.276,1500,0,0.99,"Missing",0.581952771260432,0.330794881844223
2014,0,0.161,11500,1,0.36,"A",0.0507076696792441,-2.92963961667452
2014,1,0.253,1500,1,1,"Missing",0.993013835058396,4.95681284012183
2014,0,0.23,7500,1,0.52,"D",0.591845747013993,0.371600864457893
2014,0,0.23,10000,0,0.87,"C",0.00177073680914987,-6.33458723624275
2014,1,0.276,4000,0,0.99,"Missing",0.996014546799634,5.52111083035662
2014,0,0.1035,3500,0,0.67,"A",0.0688943556780337,-2.60379849069845
2014,0,0.1955,9200,0,0.06,"A",0.0124432968106812,-4.37405184694193
2014,0,0.1955,3500,0,0.12,"D",0.00444371566535285,-5.41181077262837
2014,0,0.0805,1000,0,0,"AA",3.82451817451546e-05,-10.1714547271601
2014,0,0.3335,7200,0,1.15,"Missing",0.482825598439896,-0.068724642783176
2014,0,0.2415,13500,0,0.84,"D",0.0462281049612621,-3.02683659350211
2014,0,0.1955,12000,1,0.51,"A",1.71821448632713e-05,-10.971622620385
2014,0,0.23,5000,0,0,"D",0.0177964244738191,-4.01080102905931
2014,1,0.2645,5000,0,0.97,"Missing",0.942044130845519,2.78837027722437
2014,0,0.23,20000,1,0.2,"C",0.00230951210565203,-6.06840680328873
2014,1,0.2185,2500,0,0.82,"C",0.81972558951007,1.51448944457512
2014,1,0.1955,2000,1,0.97,"Missing",0.794775541220259,1.35395543567519
2014,1,0.1035,3500,0,0.14,"AA",0.471593854687636,-0.11374706481338
2014,1,0.3335,2550,0,0,"Missing",0.855335017480913,1.77707262170975
2014,1,0.0805,2550,1,0.63,"Missing",0.454249706631915,-0.183514471533727
2014,0,0.2645,2000,0,1.13,"Missing",0.0931896819364173,-2.27529629038637
2014,0,0.1495,25000,0,0.11,"AA",0.00010016783234608,-9.20856328247688
2014,1,0.3335,2000,0,0,"Missing",0.997223845560995,5.88390858913512
2014,0,0.115,5000,1,0.06,"AA",0.000117415425432966,-9.04967484477868
2014,1,0.1955,1500,0,0.77,"Missing",0.456960960375027,-0.172583252158123
2014,0,0.3335,3001,0,0.84,"Missing",0.113028677700262,-2.06017107919804
2014,0,0.322,5000,0,0.81,"D",4.22142612375096e-05,-10.0727102348434
2014,0,0.3335,2550,1,1.51,"D",0.243658393959858,-1.13272591437489
2014,0,0.138,8000,0,0.72,"B",0.000519800996862439,-7.56154458183773
2014,1,0.1955,5500,0,0.07,"C",0.23576990769783,-1.17601254970565
2014,0,0.207,3500,0,0.01,"C",0.122261912806287,-1.97118267309989
2014,0,0.1035,2500,0,0.09,"AA",3.32950048078975e-05,-10.3100698824396
2014,0,0.1265,4500,1,0.97,"AA",0.0187653820332472,-3.95679780181709
2014,0,0.3335,4600,0,0.9,"Missing",0.18801094519189,-1.46298668052939
2014,0,0.0805,2550,1,0.63,"Missing",0.0436560707217666,-3.08677525715223
2014,1,0.276,1800,0,1.18,"Missing",0.887202844035882,2.06248251600004
2014,1,0.3335,6000,0,0,"Missing",0.984157311480147,4.12907765189241
2014,1,0.207,3001,0,0.8,"D",0.937675659498784,2.71105206268043
2014,1,0.3335,2550,0,0.95,"Missing",0.883190466817975,2.02299619478123
2014,0,0.2645,10000,1,0,"D",0.0233461408096686,-3.73370060516186
2014,1,0.299,5000,0,0,"Missing",0.966347926449229,3.35744926635904
2014,0,0.1955,1500,0,0.92,"D",0.0312369760169879,-3.43441750283435
2014,1,0.2645,1000,1,0,"Missing",0.952199424717698,2.99173681797945
2014,0,0.1265,3000,0,0.27,"B",0.00364675560231241,-5.6102639615254
2014,0,0.276,11520,0,0.6,"D",0.0055667625065912,-5.18535931695018
2014,0,0.138,5900,1,0.31,"A",0.022193163482446,-3.78552785164381
2014,0,0.3335,6500,1,0.85,"D",0.677009419366672,0.740062025536396
2014,0,0.161,3210,0,0.08,"B",0.0504244176520175,-2.93553959436778
2014,1,0.3335,3442,0,0.26,"Missing",0.994224020999951,5.14825478864493
2014,1,0.276,4000,0,1,"Missing",0.646554671766753,0.603928945488395
2014,0,0.1495,20000,0,0.13,"AA",4.05476222404867e-05,-10.112992868397
2014,0,0.138,25000,1,0.22,"AA",0.139782893012098,-1.81709435264272
2014,1,0.3335,3000,0,0,"Missing",0.64741486949686,0.607695211181343
2014,0,0.207,2275,0,1.03,"D",0.000398879307124183,-7.82645271636319
2014,1,0.276,9000,0,1.03,"D",0.835726826610243,1.62677106375847
2014,0,0.1265,3500,0,0.1,"AA",4.55791129560131e-05,-9.99601541543904
2014,0,0.1265,6100,0,0.76,"B",6.96107739601566e-05,-9.5725215911289
2014,0,0.1725,5500,1,0,"C",0.0686397921865432,-2.60777367906264
2014,0,0.1035,2000,0,0.85,"A",0.000492875783565708,-7.61476037869512
2014,0,0.1955,6000,0,0.82,"C",0.00534492748075538,-5.22624803956727
2014,0,0.2185,6000,0,0.5,"B",5.76741639661566e-05,-9.7606435737843
2014,0,0.1265,10000,1,0.23,"AA",0.000603259894406749,-7.41255900983013
2014,0,0.2645,6500,0,0.75,"D",0.0281611795491985,-3.54124555031577
2014,0,0.0805,1000,1,1.06,"Missing",0.297859463492545,-0.857511802195333
2014,0,0.1725,15000,0,0.01,"AA",2.83723464012947e-06,-12.7726778611884
2014,0,0.2185,6001,0,0.2,"C",0.057106116943612,-2.80404250729536
2014,0,0.276,4500,0,1.46,"Missing",0.956695304855114,3.09522389298879
2014,0,0.2415,13500,0,0.82,"C",0.000616905291767615,-7.39017794813029
2014,0,0.1955,10000,0,0.05,"B",0.0232735370259228,-3.73688967119846
2014,1,0.3105,1700,1,0,"Missing",0.779297498565032,1.26157722370145
2014,0,0.322,23500,0,0.89,"D",0.012181229397291,-4.39560305743211
2014,0,0.1495,15000,0,0,"B",5.04843655978568e-05,-9.89379637609817
2014,0,0.2875,9000,0,0.79,"D",0.000525236765265755,-7.55113604082523
2014,1,0.3335,4000,1,0.98,"Missing",0.998673660010542,6.62400479742054
2014,1,0.3335,2000,1,0.98,"Missing",0.998842641968215,6.7604574019644
2014,0,0.115,3885,0,0.38,"A",0.0151347111159783,-4.17551401412385
2014,0,0.1265,7500,0,0,"AA",0.0935407777187247,-2.2711485789354
2014,1,0.2185,7500,0,0.57,"C",0.445653370434562,-0.218248722712763
2014,0,0.23,1500,0,0.6,"Missing",0.0612955241027462,-2.72879388351077
2014,0,0.276,1000,1,0,"Missing",0.439466000490944,-0.24332954530871
2014,1,0.3335,3000,1,0.61,"Missing",0.999407310968335,7.430247830312
2014,0,0.207,3100,0,0.98,"C",0.106088558252009,-2.13133251129821
2014,0,0.161,14100,0,0.73,"B",5.74424492496169e-05,-9.76466954989467
2014,0,0.2875,5000,0,0.2,"D",0.0243438866146553,-3.69082942652906
2014,1,0.2185,7500,0,0.57,"C",0.340193754077016,-0.662430904906702
2014,0,0.299,12000,0,0.59,"D",0.000451074520472232,-7.70342682196298
2014,0,0.2185,23000,0,0.27,"A",0.0102155702900811,-4.57357411624792
2014,0,0.23,7500,0,0.99,"D",0.0174692977125762,-4.02968666868831
2014,0,0.1265,1000,1,0.97,"Missing",0.090304279422091,-2.30992532014066
2014,0,0.161,5000,0,0.29,"B",0.0201460028156086,-3.88439768082006
2014,0,0.253,3000,0,0.3,"Missing",0.00100737677481561,-6.89939769497916
2014,1,0.322,3200,0,0.99,"Missing",0.683071428254562,0.767923011506946
2014,1,0.2415,5000,1,0.94,"C",0.801967083756961,1.39863430379788
2014,0,0.115,6500,0,0.69,"AA",6.47815253589704e-06,-11.947068712561
2014,1,0.3335,5000,0,0.97,"Missing",0.933629531233075,2.64382750197453
2014,0,0.1955,5000,1,0.08,"C",0.000251287793748309,-8.28866036765272
2014,1,0.23,1100,0,0,"Missing",0.229704845197687,-1.2099785562624
2014,1,0.23,12000,0,0.66,"C",0.142976226312767,-1.79078729192704
2014,0,0.115,1000,0,0.3,"AA",1.12345754218062e-05,-11.396503209074
2014,0,0.23,9000,0,0.94,"D",0.00776598404315489,-4.85020580604481
2014,0,0.2875,9000,0,0.56,"B",0.00595912626825735,-5.11685445522077
2014,0,0.1725,17000,1,0.58,"A",0.000248008491938884,-8.30179953144535
2014,0,0.092,5000,0,0.13,"AA",4.25299329376031e-06,-12.3678832655174
2014,0,0.207,1600,0,0.94,"D",0.000952194721515408,-6.95578835633441
2014,0,0.23,1000,1,0.9,"D",0.00230103304058734,-6.07209342431712
2014,0,0.184,23000,1,0.13,"A",0.000615391059741247,-7.3926370422486
2014,0,0.253,6000,0,0.71,"C",0.0726576138413443,-2.54656465978517
2014,0,0.1265,6500,0,0.34,"A",0.00224374983072533,-6.09736051036139
2014,1,0.1725,3000,1,0.99,"C",0.691559075840823,0.807418247699106
2014,0,0.0805,5000,0,0.05,"AA",0.000239643749392732,-8.33611744246378
2014,1,0.23,1000,0,0.98,"Missing",0.687502560602369,0.788469278831024
2014,0,0.23,2400,1,0,"D",0.0217826754202496,-3.80461691026474
2014,1,0.3335,4000,0,1,"Missing",0.945622766141667,2.85589815121386
2014,0,0.23,1500,0,0.8,"D",0.0411190826054072,-3.14929458272673
2014,1,0.3335,4000,1,0,"Missing",0.973218939425494,3.59291412899066
2014,0,0.1265,1200,0,1,"Missing",0.00233896348150458,-6.05570570123939
2014,0,0.2875,4500,0,0.87,"D",0.468188286000146,-0.12741897012232
2014,0,0.276,9950,0,0,"D",0.00423981265576933,-5.45898736952704
2014,0,0.115,3900,0,0.41,"AA",0.0107796655400137,-4.51925555287906
2014,0,0.1725,1000,0,0.27,"A",0.000831997263649133,-7.09084906246626
2014,1,0.3335,3000,1,0.82,"Missing",0.830256913589472,1.58744914979808
2014,0,0.184,17000,0,0,"A",4.06126369597611e-05,-10.1113906711582
2014,0,0.299,12000,0,0.59,"D",0.0497586070041965,-2.94953259645708
2014,0,0.2875,5000,0,0.52,"C",0.0228629121913133,-3.75511091455566
2014,0,0.3105,2000,0,0,"Missing",0.105541419326206,-2.13711512131431
2014,1,0.3335,3000,0,0.82,"Missing",0.995814268837865,5.47187936425612
2014,0,0.161,7000,0,0.55,"C",0.00183797110791575,-6.29725331222879
2014,0,0.1725,5500,0,0.28,"C",0.0171061728893726,-4.05106171921982
2014,0,0.3335,12000,1,0,"Missing",0.468561315444896,-0.125920858909646
2014,0,0.2875,8500,0,0.87,"C",0.0469463333626256,-3.01066610947234
2014,0,0.253,7300,0,0.74,"D",0.0201422550606653,-3.88458755263212
2014,0,0.23,24000,0,0.76,"C",0.000172992968124065,-8.66208660304117
2014,0,0.115,3500,0,0.07,"AA",0.000599477977032214,-7.41885166199495
2014,0,0.1725,1500,1,0.42,"C",0.00587473817879121,-5.13120172292074
2014,0,0.23,7500,1,0.38,"C",0.0227046602313931,-3.76221869890358
2014,1,0.2875,5000,1,1.1,"Missing",0.975574252026083,3.68738845330393
2014,0,0.1725,3000,0,0.96,"C",0.0124413487561955,-4.37421038632621
2014,1,0.276,2000,0,1.02,"Missing",0.593023939259155,0.376480403034375
2014,0,0.276,9000,0,1.03,"D",0.00703550501287831,-4.94972543434802
2014,0,0.2415,7000,0,0.52,"C",0.00251702665187509,-5.98215677444947
2014,0,0.1265,23500,0,0.02,"AA",0.0190704282595222,-3.94036178807687
2014,1,0.3335,10000,0,0,"Missing",0.999722894893722,8.1908365351942
2014,0,0.2645,10000,1,0.64,"C",0.0020023836208023,-6.21141260659215
2014,0,0.1265,1500,0,0.39,"B",5.59239207490805e-05,-9.79146242347337
2014,0,0.299,5000,0,0.61,"D",0.00412161665070884,-5.48737966771319
2014,0,0.23,3000,0,1,"C",0.35608498933776,-0.592397309919631
2014,1,0.276,4000,0,1,"Missing",0.892704373743841,2.11866759064803
2014,0,0.253,12150,0,0,"D",0.000429893779037542,-7.75154241907672
2014,1,0.2875,8000,1,0.48,"D",0.693389718486785,0.816014705622147
2014,0,0.276,2500,1,0.83,"D",0.0649533533654868,-2.66692704575549
2014,0,0.3335,4500,0,0.94,"Missing",0.077795597254659,-2.4726820549115
2014,0,0.253,25000,0,0.73,"C",0.00301106151306056,-5.80244699636637
2014,0,0.1725,2500,1,0.9,"C",0.0337592157581763,-3.35415962265605
2014,0,0.207,7500,1,0.96,"D",0.00538904995096779,-5.21798254775133
2014,1,0.23,1990,1,1,"D",0.0739857369505923,-2.52701730667293
2014,1,0.2645,6001,1,0.52,"D",0.496810524155388,-0.0127580764267266
2014,1,0.3335,1000,0,0.45,"Missing",0.698251655715094,0.838986203137819
2014,0,0.2875,8500,0,0.87,"C",0.00302656954769994,-5.79729430444461
2014,0,0.2185,9000,1,0.98,"C",0.000151403085170153,-8.79541342501078
2014,0,0.2185,7500,0,0.8,"D",0.00530607316366617,-5.23358303414102
2014,0,0.1725,17000,1,0.58,"A",0.0387450466257383,-3.2112367552464
2014,0,0.1265,6001,0,0.01,"A",2.73546199356564e-05,-10.5065977693306
2014,0,0.161,7500,0,0.14,"A",0.000289712283442512,-8.14633249926873
2014,0,0.1495,15000,1,0.07,"AA",0.0501005597460157,-2.94232394602403
2014,0,0.1955,12000,1,0.51,"A",0.00454825316771199,-5.38845341097813
2014,1,0.3335,4000,0,0,"Missing",0.407812133582568,-0.37301731500719
2014,0,0.2875,7000,0,0.96,"D",0.0348044271794994,-3.32258615044958
2014,0,0.1035,3500,0,0.67,"A",0.00557457134060875,-5.18394968691824
2014,0,0.2875,9000,0,0.86,"Missing",0.340314010067857,-0.661895198559493
2014,1,0.3335,3000,0,1.02,"Missing",0.965282353908889,3.3251725626869
2014,0,0.2415,5000,0,0,"C",0.00148354343951024,-6.51183719190943
2014,1,0.3335,5000,0,0,"Missing",0.837728396947852,1.64142244587199
2014,0,0.3335,10000,0,0.98,"C",0.0411064259202637,-3.14961563508566
2014,0,0.299,7000,0,0.58,"D",0.000599307529931947,-7.41913619884738
2014,0,0.2645,1000,1,0,"Missing",0.175178538290468,-1.54936128020892
2014,0,0.1725,5000,1,0.6,"D",0.00869143076713404,-4.7366882864764
2014,0,0.276,5700,0,0.1,"A",0.00859576510697662,-4.74785270465143
2014,0,0.1955,1000,1,0.59,"D",0.00446159065832135,-5.4077783534296
2014,0,0.23,10000,0,0.64,"D",0.00484145570321525,-5.32568662483206
2014,0,0.3105,7000,0,0,"D",0.129457073968325,-1.90576771887706
2014,1,0.1495,16000,0,0.34,"A",0.11406805946999,-2.04984484794914
2014,1,0.299,1500,0,0,"Missing",0.987040930836086,4.33291564394637
2014,0,0.1265,13000,1,0,"AA",1.84191396041479e-05,-10.9021018187913
2014,0,0.276,25000,0,0.97,"C",0.123716216766236,-1.95769962358774
2014,0,0.1265,25000,0,0.35,"AA",2.50237198803438e-05,-10.595661363671
2014,1,0.322,1250,0,0,"Missing",0.568212000868648,0.274559865011023
2014,0,0.23,25000,0,0,"B",0.0326233168679797,-3.3895606834267
2014,0,0.1265,15000,0,0.21,"A",0.00156924514449776,-6.45559009722682
2014,0,0.322,3200,0,0.99,"Missing",0.357473909231278,-0.586345045845672
2014,1,0.2875,7000,0,0.96,"D",0.0403528732923923,-3.16890303913314
2014,0,0.1725,14500,1,0,"A",0.00199714828470119,-6.21403582832934
2014,0,0.253,15000,0,0.04,"D",0.140722807640009,-1.80929950965957
2014,0,0.1955,1200,0,1.36,"Missing",0.00198753771474445,-6.21886922015492
2014,0,0.2875,4449,0,0.94,"D",9.75073424705235e-05,-9.23548536330933
2014,0,0.184,10999,0,0.97,"B",0.00190934037861721,-6.25908628258797
2014,0,0.1495,25000,0,0.27,"AA",0.00100472924904291,-6.90203194337645
2014,0,0.207,10000,0,0.27,"C",0.0313254326677429,-3.43149839875105
2014,0,0.1265,1600,0,0.9,"B",8.42574525969775e-07,-13.9868028779328
2014,0,0.115,6000,0,0,"AA",2.55609958783626e-06,-12.8770255037279
2014,1,0.3335,6000,0,0.43,"D",0.999191590146341,7.1196326466276
2014,0,0.2875,15000,0,0,"D",0.34680489744821,-0.633113496814222
2014,1,0.2645,2600,0,0.5,"Missing",0.999123139287749,7.0382851558012
2014,0,0.253,5400,0,0.63,"D",7.99156020722736e-06,-11.7371165556657
2014,0,0.1955,1000,1,0.71,"Missing",0.0174455278824292,-4.03107245057197
2014,0,0.23,1500,0,0.6,"Missing",0.182150048695618,-1.50184809537097
2014,0,0.1035,3600,0,0.23,"AA",1.18244358218773e-07,-15.9505124030917
2014,1,0.322,8423,0,0.92,"Missing",0.599432508576601,0.403101118386112
2014,0,0.1955,1500,0,0.67,"C",0.000660170405542485,-7.3223521776393
2014,0,0.1955,2000,1,0.97,"Missing",0.456645958539074,-0.173852734663595
2014,0,0.345,3000,0,1.03,"D",0.00176514820204944,-6.33775391704328
2014,0,0.1725,9990,0,0.2,"A",0.000105744488124186,-9.15437911307391
2014,0,0.2645,10000,1,0,"D",0.0411247525515621,-3.14915078825649
2014,0,0.2185,10300,0,0.38,"B",7.31747607192962e-05,-9.52258681793242
2014,0,0.1035,5400,0,0.18,"AA",0.00226326091955663,-6.08868279493082
2014,0,0.322,9000,0,0.7,"D",0.0614711527082311,-2.72574559009803
2014,0,0.1955,2000,0,0.25,"Missing",0.528818775606106,0.115403008789351
2014,0,0.3335,23250,0,0.92,"C",0.019987398520778,-3.89246342922134
2014,0,0.299,2000,1,0,"Missing",0.255932077185546,-1.06722023899039
2014,0,0.115,4000,0,0.16,"A",0.00342569467752919,-5.67301942647362
2014,0,0.207,6000,0,0.58,"C",0.0105324031524634,-4.5427104977956
2014,0,0.0805,3000,1,0.09,"AA",0.0506462648388128,-2.93091599089152
2014,1,0.3335,3001,0,0.85,"Missing",0.541625208737724,0.166887094446573
2014,0,0.1035,6001,0,0.22,"AA",0.0236295062049077,-3.72134592465632
2014,0,0.1265,3000,0,0,"B",0.00825462975919687,-4.78869216523581
2014,0,0.3335,25000,0,0.44,"AA",0.00529029421105193,-5.23657708083487
2014,0,0.115,1000,0,0.53,"A",6.11388393408719e-06,-12.004942204403
2014,0,0.2645,15900,0,0.74,"D",0.567890269655168,0.273248651413233
2014,0,0.0805,1000,1,0.34,"AA",1.87921149062107e-05,-10.8820544037004
2014,0,0.276,25000,1,0.46,"C",0.0030178744353964,-5.80018008733738
2014,0,0.322,10000,0,0.24,"C",0.0612664991150804,-2.72929844084417
2014,1,0.3105,1700,1,0,"Missing",0.998689751645949,6.63622746901241
2014,0,0.184,23000,1,0.13,"A",0.0146385492884829,-4.20935011759118
2014,0,0.207,15000,1,0.02,"C",0.0523582041266211,-2.89586793651791
2014,0,0.1265,13000,0,0.82,"A",0.00690331630254178,-4.96882610486224
2014,0,0.1725,18000,0,0.37,"B",9.71577011121219e-05,-9.23907795253583
2014,0,0.276,7500,1,0.94,"C",0.358033342782814,-0.583910248213845
2014,0,0.1725,12000,0,0.52,"C",0.0141642951195988,-4.242765342882
2014,1,0.3335,3000,1,0.74,"Missing",0.968983424851054,3.44172576251
2014,0,0.2645,6000,0,0,"C",0.0709871182876945,-2.57162417691841
2014,0,0.1495,2500,1,0.9,"C",0.00076716724874724,-7.17203826296254
2014,0,0.23,1990,1,1,"D",0.105603863833689,-2.13645382242582
2014,0,0.1725,7500,0,0.65,"B",0.00222402614894883,-6.10620964207392
2014,0,0.138,4000,0,0,"B",5.34531510146082e-06,-12.1392847173303
2014,0,0.299,5000,0,0.64,"D",0.0861925276547433,-2.36103641854519
2014,0,0.2185,2500,0,0.82,"C",0.0389064583385192,-3.20691148110002
2014,0,0.1955,15000,0,0.65,"B",0.0167486005015187,-4.07255013201806
2014,0,0.184,9000,0,0.97,"C",0.000933963302027266,-6.97513901198121
2014,0,0.1265,25000,0,0.23,"AA",0.000202901419353908,-8.50258739381319
2014,0,0.3335,2000,0,0.4,"Missing",0.357493728915969,-0.586258756677396
2014,0,0.161,9900,0,0.02,"AA",0.00152113141011696,-6.48677858274788
2014,0,0.1265,5000,0,0.05,"A",0.0149590412886147,-4.18736733724852
2014,0,0.3335,4850,0,0.89,"Missing",0.690009580401786,0.800164089655439
2014,1,0.3335,5000,0,0.71,"Missing",0.704961119837891,0.871035507310355
2014,1,0.2645,8500,1,1.13,"Missing",0.875611521741285,1.95151296672672
2014,0,0.1495,25000,0,0.27,"AA",0.000313500718976715,-8.06739535463668
2014,1,0.299,2864,0,0.71,"Missing",0.968520466209354,3.42643200074722
2014,0,0.3335,7000,1,0.91,"D",0.0515153561337974,-2.91298565875068
2014,0,0.1725,3000,1,0,"C",0.0604690325077439,-2.74324940536787
2014,1,0.276,15000,0,1.03,"D",0.163710747745141,-1.63087341140814
2014,0,0.23,5500,0,0.8,"D",0.000422484628391125,-7.76893492043495
2014,0,0.184,5000,0,0.94,"C",0.0770342748611612,-2.48334164873865
2014,1,0.3335,2550,0,1,"Missing",0.999916576377495,9.3914956181425
2014,0,0.138,8000,0,0.72,"B",0.000387392477848105,-7.85568475666193
2014,0,0.1495,5000,0,0.69,"A",2.53874189852642e-05,-10.5812314344486
2014,0,0.322,8000,0,0.92,"D",0.316297224455837,-0.770840929268904
2014,0,0.092,3500,0,0.46,"AA",0.000127230179350884,-8.9693854378781
2014,0,0.1035,2500,0,0.1,"AA",0.00012140482648325,-9.01625851106884
2014,0,0.184,5200,0,0.86,"C",0.0124558464219856,-4.37303110344557
2014,0,0.23,7500,0,0.38,"C",0.0232173226862188,-3.7393655209573
2014,0,0.23,5500,1,0.47,"D",0.0211640050184775,-3.8340622433303
2014,0,0.161,8000,0,0.53,"B",0.000523948915699424,-7.55359228129395
2014,0,0.1035,4500,0,0.07,"AA",0.00258987355195591,-5.95355299302494
2014,0,0.276,15000,0,0.86,"B",0.00190666295346605,-6.26049222679422
2014,0,0.138,15000,0,0.09,"A",7.08910632461814e-06,-11.8569441835369
2014,0,0.1265,6000,0,0,"A",1.88254631737128e-05,-10.8802813547593
2014,0,0.276,17500,0,0.15,"D",0.416000445208294,-0.33921389001203
2014,0,0.23,7500,0,0.74,"C",0.000481850529738388,-7.63739462962614
2014,0,0.1955,9200,0,0.06,"A",2.98678193078308e-05,-10.4186990662347
2014,0,0.1265,6475,0,0.1,"AA",0.0105423036362124,-4.5417609310482
2014,0,0.1495,18000,0,0.53,"AA",1.34697243370706e-06,-13.517649778726
2014,0,0.1725,15000,0,0.01,"AA",0.00192443680700985,-6.25119563092114
2014,0,0.1725,10200,0,0,"C",2.06918550551237e-05,-10.7857497186535
2014,0,0.1955,1000,1,0.71,"Missing",0.104507152532373,-2.14811871992625
2014,0,0.115,3000,0,0.05,"AA",0.00010879978556491,-9.12589238875043
2014,0,0.276,2500,1,0.83,"D",0.195927195793638,-1.41194667738141
2014,1,0.3335,4531,0,0,"Missing",0.998413377436708,6.44455981345605
2014,1,0.2875,3000,0,0.97,"Missing",0.397979713214712,-0.413890111556908
2014,1,0.2645,4400,1,0,"Missing",0.992318056906144,4.86117115560667
2014,0,0.2185,6001,0,0.05,"D",0.161511924979185,-1.64702138054511
2014,0,0.207,7500,0,0.9,"B",1.28570385274586e-05,-11.2616062941321
2014,1,0.3335,3000,0,1.01,"Missing",0.999950601950463,9.91555021832967
2014,0,0.276,1500,0,0.96,"Missing",0.960264995491485,3.18497675848428
2014,0,0.322,2550,0,0.94,"Missing",0.0250368373081841,-3.66205145575857
2014,1,0.2185,3000,1,0.77,"D",0.776544249633606,1.24564021745685
2014,0,0.2645,6500,0,0.75,"D",0.731483165245352,1.00216059492086
2014,0,0.2415,10000,0,0.21,"D",0.00886560358118444,-4.71667111903395
2014,0,0.207,2500,0,0.82,"D",0.0412012902440879,-3.14721158440376
2014,0,0.2875,7500,0,0.54,"D",0.309988780138457,-0.80017175440555
2014,0,0.207,10000,0,0.66,"B",0.000190987255233576,-8.56311285317412
2014,0,0.0805,1000,1,0.34,"AA",2.15774989137165e-05,-10.7438379254642
2014,1,0.3335,4750,1,1.19,"Missing",0.982516040902209,4.02883283263779
2014,0,0.1725,3000,1,0.99,"C",0.151448072397364,-1.7232884723557
2014,1,0.3335,7000,1,1.02,"Missing",0.977648647548033,3.77826351778
2014,0,0.2415,25000,0,0.07,"B",0.000240368104475837,-8.33309864399726
2014,0,0.2875,15000,1,0,"D",0.0246673487386778,-3.67729813786798
2014,0,0.253,6500,1,0,"B",3.3434038016475e-05,-10.3059026400272
2014,0,0.23,25000,0,0.08,"B",0.00326784530739504,-5.72035124228848
2014,0,0.161,11500,1,0.36,"A",0.00598036507457569,-5.11327534454832
2014,0,0.1265,11000,1,0.43,"AA",0.00788822315873512,-4.83446487138971
2014,0,0.1265,23500,0,0.02,"AA",0.00174005706747174,-6.35209579617073
2014,0,0.2645,1000,1,0,"Missing",0.0251537081500905,-3.65727448215234
2014,0,0.0575,1000,0,0.64,"D",0.114972618419349,-2.04092458485699
2014,1,0.3335,4850,0,0.89,"Missing",0.998845783481748,6.76317862122096
2014,0,0.2875,12000,0,0.43,"C",0.012261411761669,-4.38896100020768
2014,0,0.1035,6500,0,0.09,"AA",0.0171285454652039,-4.04973194588193
2014,1,0.3105,1000,0,0,"Missing",0.964729295569983,3.30879482271285
2014,0,0.1955,3000,0,0.88,"D",0.00453462403309086,-5.39146816562125
2014,0,0.1725,19300,0,0.39,"A",7.77948293937847e-05,-9.46135779136707
2014,0,0.2875,12000,0,0.43,"C",0.0464108695482619,-3.0226992085066
2014,1,0.1725,4400,0,0.8,"Missing",0.970349819764155,3.48818844120909
2014,0,0.0575,1000,0,0.42,"D",6.76247898860463e-06,-11.9041142583402
2014,0,0.1035,2500,0,0.09,"AA",2.72450573829158e-05,-10.5106111883214
2014,0,0.1725,2000,0,0.87,"D",0.00741995910338952,-4.89613410955778
2014,1,0.2645,25000,0,0.67,"D",0.816887153526125,1.49539835215034
2014,0,0.1955,15000,0,0.65,"B",8.95431050654235e-05,-9.32070088066855
2014,1,0.1725,4400,0,0.8,"Missing",0.536994353444203,0.148248329855355
2014,0,0.1035,2500,0,0.09,"AA",5.00292173710988e-06,-12.2054834658384
2014,0,0.1265,2000,0,0.75,"B",0.0755316401700395,-2.50466718258539
2014,0,0.1955,10000,0,0.85,"C",0.00113999553804188,-6.77559028475453
2014,0,0.276,4000,0,0.92,"D",0.160700560970322,-1.6530247791801
2014,0,0.3335,2501,0,1.22,"Missing",0.537541553002995,0.150449356340826
2014,1,0.1955,4000,1,0.31,"D",0.410907214927043,-0.360216266505858
2014,0,0.1035,5400,0,0.18,"AA",3.52330489108464e-07,-14.8586958599862
2014,1,0.2415,10000,0,1.01,"D",0.0799646415664252,-2.44282754583246
2014,0,0.0805,2500,1,0.06,"AA",0.090861988612289,-2.3031551637164
2014,0,0.1725,20000,1,0.72,"B",2.54447582147247e-05,-10.5789753551573
2014,0,0.1495,12500,0,0,"AA",0.00011563457267013,-9.06495993363919
2014,0,0.1495,9000,0,0.86,"B",0.0839977912681764,-2.38922827187937
2014,0,0.1495,9000,0,0,"A",1.16299570707773e-05,-11.3619146526645
2014,1,0.23,6001,0,0,"A",0.230904775707323,-1.20320939141068
2014,1,0.3335,1500,0,0.51,"Missing",0.999772232677555,8.38695817241724
2014,0,0.1035,2550,0,0.05,"A",0.00535237691684986,-5.22484778101183
2014,1,0.3335,6000,0,0.94,"Missing",0.995084009853498,5.3103339782792
2014,0,0.2415,5000,0,0.97,"D",0.00361815344682738,-5.61816676605454
2015,0,0.2185,9750,0,0.78,"B",1.85540616061148e-05,-10.8948032841366
2015,1,0.3335,3000,1,0,"Missing",0.677973253964076,0.74447323441342
2015,0,0.1035,1000,0,0.18,"AA",0.000586695235304228,-7.44041819583623
2015,0,0.161,25000,1,0.63,"AA",0.00680459962999604,-4.98332862281003
2015,1,0.3335,3975,0,0.97,"Missing",0.998122916587163,6.27615723557947
2015,0,0.1725,5000,0,0.83,"C",0.0484627139119842,-2.97728415565194
2015,0,0.1725,18000,0,0.61,"B",0.0023421147959855,-6.05435613695167
2015,0,0.23,3000,0,0.62,"C",0.0560629242710031,-2.82358479924502
2015,1,0.23,5000,0,0.95,"Missing",0.925390775382017,2.51795195421214
2015,0,0.161,1500,0,0.04,"AA",0.0670355040497617,-2.6331447562513
2015,0,0.2185,24000,1,0.18,"B",0.000435090093465004,-7.73952225213377
2015,1,0.161,5000,0,0,"B",0.100803010738075,-2.18833390726858
2015,0,0.207,5500,0,1.02,"C",0.05091435056335,-2.92535422661013
2015,0,0.092,1500,1,0.22,"AA",0.000199968972730901,-8.51714835082743
2015,0,0.115,5000,1,0.06,"AA",0.000813891969101404,-7.11286869350194
2015,0,0.115,5200,0,0,"A",0.00586846766822721,-5.13227596902482
2015,0,0.1725,10000,0,0.64,"AA",1.89318784235957e-06,-13.1772465674865
2015,0,0.276,4592,0,0.6,"C",0.130527346212796,-1.8963041284626
2015,0,0.2645,1500,0,0.84,"Missing",0.623673082532301,0.505168097906797
2015,0,0.138,3000,0,0.56,"B",0.0117067072663944,-4.43581756050979
2015,0,0.138,5250,1,0.39,"B",4.2353056985757e-05,-10.0694276016743
2015,0,0.2185,25000,0,0.89,"B",1.32278303489396e-06,-13.5357713582853
2015,0,0.23,3500,0,0.51,"D",0.0414473413568564,-3.14100076101576
2015,0,0.207,20000,1,0.43,"B",4.02529840256497e-05,-10.1202861657703
2015,0,0.1495,2550,0,0.53,"B",9.17559065735589e-05,-9.29628693616176
2015,0,0.1725,7500,0,0.98,"C",1.62107407666493e-05,-11.029820314261
2015,0,0.092,6001,0,0.04,"AA",0.00298122509419411,-5.81243527971364
2015,0,0.138,10000,0,0.85,"A",0.00273330901075727,-5.89950526060242
2015,0,0.2185,4000,0,0.85,"C",0.0419069090821418,-3.1294942375017
2015,0,0.2415,5000,0,0,"D",0.0412381040282849,-3.14628007640166
2015,0,0.23,15000,0,0.65,"B",4.6904750577518e-06,-12.2699719985182
2015,0,0.3335,3500,0,0.88,"Missing",0.0975225852872332,-2.22505966949479
2015,0,0.2645,4500,1,0,"D",0.0599783299705371,-2.75191959839334
2015,0,0.1265,14000,0,0.56,"AA",1.23124030833321e-05,-11.3048911104227
2015,0,0.3105,6500,0,0.67,"D",0.278796385754711,-0.950439787524076
2015,1,0.23,2000,1,0.87,"Missing",0.890465705633097,2.09550689983926
2015,0,0.1725,6500,0,1.05,"C",0.00400706176181576,-5.51568192242159
2015,1,0.3335,3000,1,0.61,"Missing",0.981267993261928,3.95861195498031
2015,0,0.1495,2550,0,0.27,"A",0.000204427724159569,-8.49509162342171
2015,1,0.23,7000,0,0.28,"C",0.850395394979205,1.73770556459867
2015,0,0.207,4500,1,0.71,"C",0.00175779426079291,-6.34193617583947
2015,0,0.1725,2000,1,0,"C",0.0473528824853674,-3.00161685523552
2015,0,0.161,7500,1,0.54,"B",0.0270341550441952,-3.5832479105488
2015,0,0.1495,25000,0,0.27,"AA",0.0107663334562984,-4.52050657643005
2015,0,0.1955,4000,0,0.78,"C",8.87345777742558e-05,-9.32977217775154
2015,0,0.184,10000,0,0.35,"AA",0.121284993484789,-1.98031752620416
2015,0,0.2185,10300,0,0.38,"B",0.00154889632285958,-6.46866255434398
2015,0,0.3335,20000,0,0.61,"D",0.318823233508153,-0.759185019205404
2015,1,0.3335,2550,0,1,"Missing",0.949251087826794,2.92878316241537
2015,0,0.1955,8500,1,0.21,"B",7.61636288008876e-05,-9.48255035501638
2015,0,0.23,3500,0,1,"D",0.00250796783907194,-5.98577136157162
2015,0,0.138,10000,0,0.58,"A",0.00190824110509332,-6.25966328446989
2015,1,0.276,3000,0,1,"Missing",0.967231308961898,3.38496415149428
2015,1,0.322,4000,0,0,"Missing",0.985830195710203,4.24237088244868
2015,0,0.1725,2500,0,0.44,"D",0.0015027818464584,-6.49893341199386
2015,0,0.2875,15000,0,0,"D",0.0222560937862377,-3.7826319320101
2015,1,0.2645,8500,0,1,"D",0.911284427022302,2.32941961961777
2015,0,0.1725,5000,0,5.95,"B",0.000252129891113926,-8.28531400063742
2015,0,0.2875,5000,0,0.76,"C",0.213073197610894,-1.30649947826134
2015,0,0.207,1000,1,0.61,"D",0.021983578044052,-3.79523073917904
2015,0,0.1035,2000,0,0.13,"AA",0.000295829620114887,-8.12543100369958
2015,0,0.23,6000,0,0.25,"A",0.000155333966126541,-8.76977779270733
2015,0,0.1955,4000,0,0.78,"C",0.122287124327102,-1.97094776154621
2015,0,0.138,6000,0,0.33,"AA",0.000123308077066785,-9.00070132682396
2015,0,0.138,5250,1,0.39,"B",0.000403143417377428,-7.81581496023865
2015,0,0.184,5200,0,0.86,"C",0.384051155897097,-0.472388152600618
2015,0,0.1955,9000,0,0.99,"C",0.0315088028274019,-3.42547243204107
2015,0,0.23,5000,0,0.64,"D",0.00663006711594332,-5.00948820812296
2015,1,0.3335,10000,1,0.72,"Missing",0.99723137203997,5.88663093508467
2015,0,0.23,6500,0,0.74,"D",0.000394238214990824,-7.83816090884426
2015,0,0.1035,6100,0,0.48,"A",3.44199027218226e-06,-12.5794572443936
2015,0,0.3335,25000,0,0.34,"C",0.00123629981346472,-6.69439531717076
2015,0,0.207,7500,0,0.58,"C",0.0162087787484377,-4.10586070749911
2015,0,0.3335,2500,0,0.96,"Missing",0.501301469776263,0.00520589086222145
2015,0,0.1265,1500,0,0.07,"B",0.00027546334650494,-8.19678048046812
2015,1,0.1955,3800,0,0.7,"C",0.765400728996586,1.18252069661763
2015,0,0.1725,14000,0,0.69,"B",0.00376818099358407,-5.57738759055778
2015,0,0.138,6000,0,0.53,"AA",0.000232696480598607,-8.365542888412
2015,1,0.322,5200,1,0.92,"Missing",0.961320514160831,3.21299849704612
2015,0,0.1035,9000,0,0.37,"AA",0.000230522710718897,-8.37493062303135
2015,0,0.23,9000,0,0.92,"C",0.00145004652435184,-6.53470853844528
2015,0,0.1725,2000,0,0.5,"D",0.000341352754077147,-7.98225273491291
2015,0,0.161,9500,0,0.77,"A",0.000713152375537234,-7.24510204316224
2015,0,0.1725,2650,1,0.42,"D",0.0293776931663979,-3.49770176870459
2015,0,0.161,2400,1,0.22,"B",0.0160218643838489,-4.11764936351693
2015,0,0.3335,2500,1,0.89,"Missing",0.836643411515242,1.63346247728991
2015,0,0.1725,2000,0,0.36,"D",0.00140256726547324,-6.56804740881217
2015,1,0.3335,5000,0,1.08,"Missing",0.884467502278884,2.03543391564143
2015,0,0.184,5000,1,0.69,"C",0.339251344820375,-0.666632255383031
2015,0,0.322,3500,1,0.94,"Missing",0.321344276447428,-0.747600903744039
2015,0,0.1725,2000,0,0.62,"C",0.00135439477270102,-6.60304527385272
2015,0,0.2875,5000,0,1,"Missing",0.769020818498663,1.20279045821951
2015,0,0.161,9000,0,0.14,"B",0.000138994250406058,-8.88093898576328
2015,0,0.23,5000,0,0.97,"C",0.0339504054168484,-3.34831437752333
2015,1,0.3335,3000,1,0,"Missing",0.998779509470715,6.70728119192751
2015,0,0.161,3000,0,0.85,"C",0.00802264615928531,-4.81743196572812
2015,0,0.1265,2500,1,0,"B",0.00194785539527526,-6.23907655398937
2015,0,0.2875,9000,0,0.56,"B",0.000403176026972171,-7.81573404256473
2015,0,0.23,15000,1,0.8,"B",0.39769940154828,-0.415060206229155
2015,0,0.1035,3000,0,0.13,"A",5.76126262198843e-05,-9.76171119479216
2015,0,0.2185,6000,0,0.5,"B",0.0149390328073101,-4.18872609574121
2015,0,0.161,8000,0,0.53,"B",4.1220733435734e-05,-10.0965279678765
2015,0,0.1725,6088,0,0.69,"B",0.00123381806349166,-6.69640722091759
2015,0,0.3105,15000,0,0.94,"D",0.00943482472824102,-4.65386806246423
2015,0,0.3105,1000,0,0,"Missing",0.528612957165936,0.114577010540983
2015,0,0.1725,10000,1,0,"B",0.000932375446210665,-6.97684217473625
2015,0,0.1725,5000,0,0.27,"B",0.442506952897938,-0.230993854602453
2015,0,0.1725,6500,0,1.05,"C",0.000102614578205465,-9.18442792770511
2015,0,0.253,12000,1,0.92,"C",0.231777208002787,-1.19830318488487
2015,1,0.2415,7500,0,0.68,"C",0.724318455905663,0.965984778098028
2015,1,0.299,2000,1,0,"Missing",0.793496846369533,1.34613388152634
2015,0,0.1725,14000,1,0.25,"A",5.49697800906966e-06,-12.1113065726337
2015,0,0.1265,8000,0,0.32,"A",0.102166441537921,-2.17338144103742
2015,0,0.115,9990,0,0.05,"AA",7.92052984296504e-07,-14.0486367559521
2015,0,0.138,6000,0,0.03,"AA",0.00445710121737223,-5.40878961181531
2015,1,0.3335,10000,1,0.9,"Missing",0.748035446272688,1.08816194711114
2015,0,0.138,7000,0,0.2,"B",0.00955385803675186,-4.64121043424538
2015,0,0.299,7300,0,0,"C",0.524256501726398,0.0971022318468231
2015,1,0.3335,2500,0,0.96,"Missing",0.808126943091762,1.43788516254021
2015,0,0.1955,15000,1,0.41,"B",6.95732452336125e-05,-9.5730608964249
2015,0,0.115,2300,0,0.62,"A",0.035348797465311,-3.30650221404075
2015,1,0.3335,5000,1,0.94,"Missing",0.843955214818176,1.68795637962889
2015,0,0.276,3000,0,0.4,"Missing",0.952117494792002,2.98993824411415
2015,0,0.115,5000,0,0.71,"AA",8.43600455078969e-05,-9.38033229930108
2015,0,0.1035,5000,0,0.28,"AA",0.0633960248663529,-2.69285938074882
2015,1,0.3335,3001,0,0,"Missing",0.803095975939853,1.40575780601133
2015,0,0.1725,17000,1,0.58,"A",0.000807102322734565,-7.12125267555587
2015,0,0.207,15000,0,0.26,"B",0.01552201722,-4.14985205214483
2015,1,0.276,11520,0,0.6,"D",0.892222905276828,2.11365083864879
2015,0,0.1035,2500,0,0.04,"A",0.00139903953589204,-6.57056930448398
2015,0,0.276,2500,1,0.83,"D",0.394188658632313,-0.429738996012814
2015,0,0.2185,19900,0,0.75,"C",0.000105864564123374,-9.15324410758404
2015,0,0.1265,6100,0,0.76,"B",0.000231744402443152,-8.36964373597829
2015,0,0.161,4000,0,0.16,"B",1.04924258665666e-05,-11.4648464146564
2015,0,0.115,5000,0,1.13,"A",0.000327821486435492,-8.02271347117783
2015,0,0.207,3001,0,0.8,"D",0.00899353197311699,-4.70221541176076
2015,1,0.23,2000,1,0.87,"Missing",0.819115802928344,1.51036843804924
2015,0,0.23,2500,0,0.8,"Missing",0.011430535044373,-4.45997062599541
2015,0,0.1265,5000,0,0.18,"A",0.000481353772467856,-7.6384265948449
2015,0,0.207,10000,0,0.15,"B",2.96748429060532e-05,-10.4251812360139
2015,1,0.2875,1250,0,0.99,"Missing",0.998998302131087,6.90505664991518
2015,0,0.1035,2500,1,0.24,"AA",0.000428516358841991,-7.7547530354628
2015,0,0.207,15000,0,0.61,"A",0.0967353750213565,-2.23403640348989
2015,1,0.276,3000,0,0.85,"Missing",0.97952747692165,3.86798663953158
2015,0,0.1725,10000,0,0.66,"B",1.05907120487652e-05,-11.4555225719995
2015,0,0.115,9990,0,0.05,"AA",0.000183159367543137,-8.60497074706746
2015,0,0.276,6001,0,0.74,"D",0.532803856267842,0.131404179457926
2015,0,0.276,10000,0,0.54,"A",0.000730774027115394,-7.22067523326504
2015,1,0.3335,5000,0,0.89,"Missing",0.556577269333174,0.22728244949373
2015,1,0.1955,9000,0,1,"Missing",0.764947917602899,1.18000063313386
2015,0,0.184,5000,0,0.94,"B",8.54473505589212e-05,-9.36752470362894
2015,0,0.2185,2100,0,0.86,"D",0.00763853282403803,-4.86688187714947
2015,0,0.322,25000,0,0.73,"C",0.00252595746336479,-5.97860594164229
2015,0,0.1955,17000,1,0.59,"B",0.0120687130668924,-4.40499674072718
2015,0,0.092,3500,0,0,"AA",0.00473387766139715,-5.34826549282047
2015,0,0.161,5000,0,0.84,"C",0.268642587332503,-1.0015204523682
2015,0,0.2415,10000,0,0.84,"D",0.180969061693533,-1.50979577206389
2015,1,0.3335,2550,0,0.94,"Missing",0.997310126237807,5.91556751704914
2015,0,0.1725,15152,0,0.85,"B",0.000955854276572369,-6.9519487754986
2015,0,0.1495,2550,0,0.27,"A",0.000363704875921249,-7.91880402859131
2015,0,0.1955,25000,0,0.11,"A",0.0151720923708601,-4.17300920078755
2015,1,0.1725,10000,0,0.68,"B",0.144903979362527,-1.77514245570128
2015,1,0.1725,3500,1,0.89,"C",0.771784464272513,1.21841480513925
2015,0,0.1035,5000,0,0.17,"AA",0.000187411615510486,-8.58201577845496
2015,0,0.2415,25000,0,0.07,"B",0.00858651169779537,-4.74893912601359
2015,0,0.276,4800,1,0,"C",0.000114615821848743,-9.07381007931515
2015,0,0.115,2000,0,0,"A",0.00793461968406678,-4.82855358877394
2015,0,0.1955,5233,0,0.38,"B",0.0288964277640308,-3.51471514744199
2015,0,0.1725,5000,0,0.83,"C",8.62119936166573e-05,-9.35861503717902
2015,1,0.207,9750,0,0.92,"C",0.71919671392172,0.940480539431453
2015,0,0.23,7500,0,0.38,"C",0.00158546749733883,-6.44528923845899
2015,0,0.1725,5100,0,0.19,"C",0.000997890542357854,-6.90886857589731
2015,0,0.253,17500,0,0,"AA",0.000273508967582048,-8.2039026020276
2015,1,0.3335,4000,0,0.98,"Missing",0.960388334255696,3.18821405313741
2015,1,0.3335,1800,0,0.85,"Missing",0.998224361479565,6.33181797408412
2015,1,0.23,2000,0,1.03,"Missing",0.904010684563613,2.2426042917937
2015,1,0.092,2000,0,0.15,"AA",0.915816729041264,2.38682004788202
2015,0,0.23,20000,1,0.2,"C",0.79395610775676,1.34893896458031
2015,0,0.207,5000,0,0.5,"D",0.000639545998462342,-7.35411226014511
2015,0,0.2185,9000,0,0.76,"C",0.0643413370832124,-2.67704843047774
2015,0,0.2185,4041,0,0.91,"D",0.000188265312584886,-8.57747006980322
2015,1,0.3335,7000,1,1.02,"Missing",0.975826181112787,3.69801429407007
2015,1,0.2875,4449,0,0.94,"D",0.998471247496676,6.48177331122932
2015,1,0.3335,20000,0,0.95,"Missing",0.94031604330179,2.75715278277416
2015,0,0.1265,13000,0,0.82,"A",1.60701886669423e-05,-11.038528567646
2015,0,0.2185,8750,0,0.73,"D",6.06365166610069e-05,-9.71055262285028
2015,0,0.1495,2600,1,0.1,"C",0.0248268311616227,-3.67069009427679
2015,1,0.2185,6001,0,0.52,"C",0.133660143176783,-1.86897694266112
2015,0,0.1725,2200,1,0,"C",0.000425661326317965,-7.76144078457932
2015,0,0.276,5000,0,0.67,"D",0.431476192330487,-0.275830855564167
2015,0,0.23,3000,0,0,"D",0.0488760258002421,-2.96835740965803
2015,1,0.253,2000,0,0,"Missing",0.17543146736336,-1.54761179149673
2015,0,0.161,4000,0,0.18,"B",0.00262731142474006,-5.9391634587662
2015,0,0.23,1000,0,0,"Missing",0.268364253773946,-1.00293756209736
2015,0,0.1955,6500,1,0,"D",0.00366795550881243,-5.60444615525855
2015,0,0.3105,12000,1,0,"D",0.0164827408268134,-4.08882136344271
2015,0,0.2185,25000,0,0.89,"B",0.00667663587947272,-5.00244200482407
2015,0,0.2875,3001,1,0.89,"D",0.475189532875171,-0.0993234413816899
2015,1,0.3335,6000,1,0.72,"Missing",0.883908747624164,2.02997729037472
2015,0,0.0805,2500,1,0,"AA",0.00678067931772146,-4.98687421511985
2015,0,0.1495,9500,0,0.27,"A",0.00737243707625079,-4.9026072044339
2015,0,0.1265,5000,0,0.18,"A",0.000728169129607374,-7.22424878148714
2015,0,0.23,7000,0,0.59,"C",0.0449559003142078,-3.05607550085043
2015,0,0.2645,10000,0,0.69,"A",5.23902831352754e-05,-9.85673702852688
2015,0,0.2875,9000,0,0.56,"B",0.0292752530592782,-3.50130040064811
2015,0,0.3335,4000,0,1,"Missing",0.238266612701769,-1.16220634089942
2015,0,0.1725,6010,0,0.63,"B",0.0260687304000188,-3.62060420895479
2015,0,0.3335,2500,0,0.83,"D",0.485611898459524,-0.0575682998636839
2015,1,0.3335,6000,0,1.12,"Missing",0.998563390803307,6.54403202452735
2015,0,0.1955,7500,0,0.62,"D",0.000528737626494746,-7.54448935184845
2015,0,0.322,3500,0,1.01,"Missing",0.728550971012746,0.987283207048679
2015,0,0.2875,10000,1,0.71,"D",0.0345489876326563,-3.33021711421498
2015,0,0.1265,10121,0,0,"AA",0.000119611732052766,-9.03114000828587
2015,0,0.276,10000,0,0,"C",4.62371298049395e-06,-12.2843078764895
2015,1,0.3335,1300,0,0.55,"Missing",0.961147352030521,3.20835149590029
2015,1,0.322,2000,0,0.77,"Missing",0.300951849506524,-0.842769341151807
2015,1,0.207,9995,0,0.53,"C",0.148835666205929,-1.74376243070017
2015,0,0.2645,6300,0,0.76,"D",0.00491239006832791,-5.31107018446852
2015,0,0.115,2000,0,0,"A",5.01517207556955e-06,-12.203037809777
2015,0,0.1265,1253,0,0.73,"A",9.29452504960742e-06,-11.5860757409346
2015,0,0.2185,12500,0,0.88,"C",0.0118291845011082,-4.42528583218853
2015,0,0.2645,25000,0,0.04,"AA",0.00551796538189502,-5.19421283128639
2015,0,0.1955,25000,1,0.02,"A",0.000730338110261537,-7.22127236137062
2015,1,0.3335,5100,0,0.81,"Missing",0.894094369765658,2.13326291185589
2015,1,0.3335,3000,0,0.82,"Missing",0.973328087667776,3.59711017807846
2015,1,0.3335,1000,0,0,"Missing",0.617909803838653,0.480685801983739
2015,0,0.2645,7100,0,0.27,"A",1.95460948707174e-05,-10.8427154960583
2015,0,0.276,23000,0,0.82,"B",0.00599930730311404,-5.11009389045223
2015,0,0.0805,2500,1,0.06,"AA",0.0556875797772754,-2.83069992719964
2015,0,0.1035,1000,0,0.18,"AA",0.0384663876553188,-3.21874471060296
2015,0,0.115,4500,0,0.4,"A",0.000443399365602257,-7.72059619384412
2015,0,0.276,1000,0,0,"D",0.0527199848173323,-2.888600133843
2015,1,0.3335,5000,0,0.97,"Missing",0.999906733488229,9.27995617432135
2015,0,0.253,1500,1,1,"Missing",0.0119867909300029,-4.41189077948428
2015,0,0.23,5000,0,0.16,"A",0.00142982620262592,-6.54877152934219
2015,0,0.1035,5000,0,0,"AA",5.77709139399155e-05,-9.75896735539299
2015,0,0.23,10000,0,0.35,"C",0.0633534374894344,-2.69357684275293
2015,1,0.276,1025,1,0.59,"Missing",0.99743853170111,5.9646098761845
2015,0,0.1725,3000,0,0.73,"D",0.0372783100180505,-3.25135271023864
2015,0,0.1495,25000,0,0.11,"AA",0.00967926195339052,-4.62804321458673
2015,0,0.2185,6500,0,0.7,"C",0.0733514747446537,-2.53631173079057
2015,1,0.1955,2400,0,0.86,"D",0.78320880644115,1.28446468670782
2015,0,0.3335,13200,0,0.98,"D",0.00823424269572634,-4.79118554991122
2015,0,0.23,15000,0,0.84,"C",0.0258400963360103,-3.62964805522616
2015,0,0.253,9000,0,0.99,"C",0.00092815417212394,-6.98138412004859
2015,0,0.2415,10000,0,1.01,"D",0.197034651693278,-1.4049319500319
2015,0,0.184,3500,1,0,"C",0.0117423314098712,-4.43274308035841
2015,1,0.3335,1890,1,0,"Missing",0.536840490040853,0.147629502648393
2015,0,0.115,3000,0,0.36,"A",0.0171396251422326,-4.04907402765708
2015,0,0.253,18200,1,0.8,"C",0.00168792971244121,-6.38256316735351
2015,0,0.1725,10000,0,0.66,"B",0.000484988351838375,-7.63090057814656
2015,1,0.3335,3000,0,0,"Missing",0.919481568571475,2.43532387872619
2015,0,0.23,3200,1,0,"D",0.000470746220469187,-7.66072056214608
2015,0,0.23,13000,0,1.01,"B",0.0018814867511118,-6.27380973064759
2015,0,0.0805,1500,1,0.91,"Missing",0.0781849658223997,-2.46726721358292
2015,0,0.2875,13000,0,0.74,"D",0.0552713062631702,-2.83864388991602
2015,0,0.1035,1000,0,0.6,"A",6.6456617036622e-06,-11.9215396458913
2015,0,0.276,5000,0,0.67,"D",0.191236287548728,-1.44199702974434
2015,0,0.1265,8000,0,0,"A",5.37246264130928e-05,-9.83158534307861
2015,1,0.23,10000,0,0.85,"D",0.716526474273039,0.927296460896476
2015,1,0.3335,7000,1,0.91,"D",0.871876477336488,1.91765294004934
2015,0,0.1725,1100,0,0,"Missing",0.283506453241253,-0.927134354945946
2015,0,0.1955,9000,0,0.99,"C",0.000316519137219309,-8.05781028382012
2015,0,0.2415,5000,0,0.73,"D",0.00548817042618991,-5.19965704894327
2015,0,0.3105,1000,0,0,"Missing",0.281330999556055,-0.937868980249911
2015,0,0.276,5000,0,0.7,"B",0.000407092824801894,-7.80606215204996
2015,0,0.161,5000,0,0.29,"B",0.000145000576745688,-8.8386278269048
2015,0,0.3105,3750,0,0.88,"Missing",0.0195929568030027,-3.91279768076125
2015,0,0.161,11500,1,0.36,"A",0.0019739788493405,-6.22572812293474
2015,0,0.1725,3000,0,0.05,"AA",0.0441599932082928,-3.07477129396212
2015,0,0.184,2000,1,0.41,"C",0.418617698904716,-0.328450455484148
2015,0,0.0805,1000,1,0.34,"AA",1.36389993355044e-05,-11.2025636316474
2015,1,0.2415,3000,1,0.65,"Missing",0.0449263743301854,-3.05676340859269
2015,0,0.2185,9000,1,0.98,"C",0.00276453209001981,-5.88811552389453
2015,0,0.23,5000,0,0.22,"D",0.000659709922358802,-7.3230504035082
2015,0,0.0805,2550,1,0,"A",0.000882197973125759,-7.03221148047968
2015,0,0.115,2000,0,0,"AA",0.139427879463762,-1.82004995001696
2015,0,0.1955,11000,0,0.61,"C",0.0226748668512378,-3.76356226000432
2015,1,0.3335,3500,0,0.98,"Missing",0.999846209735784,8.77976700239035
2015,1,0.138,8000,1,0.91,"A",0.0846939861036266,-2.38021385396049
2015,1,0.1725,4200,0,0.3,"C",0.873599833948308,1.93316961950115
2015,0,0.1725,4500,1,0.49,"C",0.00345506060456733,-5.66445423768663
2015,0,0.1955,15000,1,0,"A",0.00137256992315719,-6.58969692728417
2015,0,0.2185,4700,0,0.74,"D",0.443055443961976,-0.228770776761918
2015,1,0.322,3000,0,0.98,"Missing",0.528798787389634,0.115322789613146
2015,1,0.3335,5300,0,0.96,"Missing",0.944777368469138,2.83957645005615
2015,0,0.184,25000,0,0.92,"A",0.000122590686532348,-9.00653690544043
2015,0,0.2645,5000,1,0.98,"D",0.00193181042842819,-6.24736399115688
2015,0,0.1955,5000,0,0.93,"C",0.00291114102113307,-5.83629478453519
2015,0,0.115,2000,0,0.29,"A",0.000999059951076522,-6.90769621068459
2015,0,0.2185,4041,0,0.91,"D",0.00024922962386191,-8.29688664157906
2015,0,0.322,2000,1,0.97,"Missing",0.260292156801458,-1.04445062158786
2015,0,0.1955,4500,0,0.05,"D",0.000158560356473674,-8.74921666626242
2015,1,0.3335,3600,1,0,"Missing",0.994797436102254,5.2533875732927
2015,0,0.207,5600,0,0.48,"B",0.0571090622966844,-2.80398780804264
2015,0,0.1725,1500,1,0.85,"D",0.121470727449172,-1.97857592072265
2015,0,0.1725,1000,1,0.55,"B",0.000217503423124632,-8.43307844197491
2015,1,0.276,4592,0,0.6,"C",0.557186288254153,0.229750466943501
2015,0,0.115,3000,1,0.32,"A",0.0104590614095127,-4.54977241398731
2015,0,0.207,15000,0,0.51,"B",0.0238349062524469,-3.7124805700778
2015,1,0.23,4200,1,0.97,"Missing",0.984437983284857,4.14723778369266
2015,0,0.1955,5600,0,0.84,"C",0.00520425664244116,-5.25306055721324
2015,1,0.3335,2000,1,0,"Missing",0.995992320660593,5.51552719193079
2015,0,0.1955,6000,0,0.82,"C",0.00221268172560179,-6.11133491526706
2015,0,0.0805,1000,1,1.06,"Missing",0.237778144859151,-1.1648995873113
2015,0,0.138,25000,1,0.22,"AA",0.0358500307111006,-3.29190242861179
2015,1,0.3335,3001,0,0.92,"Missing",0.999798781940495,8.51092012648705
2015,1,0.3335,5000,0,0.89,"Missing",0.994999180046798,5.29314002345512
2015,0,0.2185,21200,1,0.47,"B",0.27605783993082,-0.964101091058961
2015,1,0.3335,3500,0,0.83,"Missing",0.761574522497604,1.16133123211543
2015,0,0.1265,1500,0,0.39,"B",2.66020617101383e-05,-10.5344952348647
2015,0,0.207,8000,0,0.35,"C",0.00375405060225696,-5.5811587466165
2015,0,0.2185,25000,0,0.72,"C",0.0344607779295403,-3.33286491892652
2015,0,0.1725,4200,0,0.3,"C",0.0437845903894932,-3.08370127364156
2015,1,0.207,6000,0,0.58,"C",0.651549029613818,0.625855117493944
2015,0,0.23,3500,0,1,"D",0.0609702860781119,-2.73446049090543
2015,0,0.115,10000,0,0.18,"AA",9.03389146880055e-05,-9.3118518984518
2015,0,0.0805,1000,0,0.07,"AA",0.000394360480157292,-7.83785070443664
2015,0,0.184,7000,0,0.29,"C",1.44731814435113e-05,-11.1431987034114
2015,0,0.115,3000,0,0.04,"AA",0.000498211830820342,-7.60398687230823
2015,0,0.161,7000,0,0.32,"A",0.00546970848915209,-5.2030452345115
2015,0,0.1725,5000,0,0.64,"C",0.0048997391118865,-5.31366153556684
2015,0,0.1495,6001,0,0.94,"A",0.00403007860125667,-5.50993117792743
2015,0,0.207,20000,0,0.53,"A",0.0006899946972975,-7.27813641262539
2015,0,0.3335,25000,0,0.57,"B",0.00161500283425917,-6.42680225899267
2015,1,0.23,1000,0,0.9,"Missing",0.984392711266236,4.14428688258706
2015,0,0.1035,5000,0,0.18,"AA",0.00031755982616505,-8.05452671825675
2015,0,0.1725,15000,1,0.45,"A",0.000433642848315142,-7.74285555590764
2015,0,0.184,25000,0,0.76,"AA",0.0456516087300895,-3.03998994784529
2015,0,0.161,3000,0,0.85,"C",1.22337626498907e-05,-11.3112987643536
2015,0,0.23,8000,1,0.52,"D",0.0196018414002863,-3.91233526262119
2015,0,0.253,6000,0,0.71,"C",0.63628977024609,0.559296594675811
2015,0,0.1725,16000,0,0.77,"B",0.000624282950473884,-7.37828236820208
2015,1,0.3335,1500,0,0.95,"Missing",0.980654801007145,3.92577623820918
2015,0,0.253,3600,0,0.57,"D",0.00215952417179087,-6.13570551308464
2015,0,0.207,7500,1,0.96,"D",0.0147649289089855,-4.20062556320238
2015,0,0.115,1000,0,0.53,"A",0.000269985440368735,-8.21687250308712
2015,0,0.115,6000,0,0.52,"A",0.00238991611535989,-6.03410423530724
2015,0,0.161,1000,0,0,"B",1.90933768606779e-05,-10.8661499507092
2015,0,0.092,1000,0,0.33,"A",0.000237629382649176,-8.34456065615222
2015,0,0.2875,4000,0,0.46,"C",0.0665988742002657,-2.64014736613928
2015,0,0.207,3002,1,0.8,"D",0.11978627332059,-1.99445565005554
2015,0,0.1725,16000,0,0.77,"B",0.000474023314895329,-7.65377991423651
2015,0,0.1955,5000,0,0,"C",0.0342456079454817,-3.33935122803633
2015,0,0.276,2350,0,1.37,"Missing",0.247245065753147,-1.11335970850663
2015,0,0.299,25000,1,0.38,"D",0.120132173088143,-1.99117912045992
2015,0,0.0805,2500,1,0,"AA",6.15557703846697e-07,-14.3007365289858
2015,0,0.2415,1000,0,0.42,"D",0.0385312251029241,-3.21699313488385
2015,0,0.138,3500,0,0.31,"A",0.00109603042614937,-6.81496369824972
2015,0,0.1495,6000,0,0.92,"C",0.0393640199937908,-3.19474334333524
2015,1,0.1725,5000,0,0.17,"B",0.0775906257615804,-2.47554251393041
2015,0,0.3335,3800,0,0.84,"Missing",0.417971085324376,-0.331107871803583
2015,1,0.276,3000,0,0,"Missing",0.93011353283181,2.58843462925785
2015,0,0.2415,7500,0,0.68,"C",0.012137341143206,-4.3992569333975
2015,0,0.1955,2500,0,0.59,"C",0.000300816806506163,-8.10870823269509
2015,0,0.115,4500,0,0.15,"AA",0.000258823545876488,-8.25910516145396
2015,0,0.115,5000,0,0,"A",0.00195142506906711,-6.23724203708472
2015,0,0.1725,2000,0,0.62,"C",0.000184262888994377,-8.59896279563749
2015,0,0.23,3000,1,0,"D",0.0108518747704393,-4.51250623817523
2015,0,0.161,9000,0,0.14,"B",0.00369946050359664,-5.59586195937047
2015,0,0.1035,5000,0,0.17,"AA",0.0584837807497514,-2.77874211132509
2015,1,0.299,2500,1,0.91,"Missing",0.740281902764191,1.04743426193678
2015,0,0.1725,15000,0,0.01,"AA",0.00017899639806368,-8.62796586245542
2015,0,0.138,25000,1,0,"AA",0.00201840780935931,-6.20342584402129
2015,0,0.23,25000,0,0,"B",0.000250172254267963,-8.29311065674089
2015,0,0.1035,1000,0,0.02,"AA",2.72563161145226e-05,-10.510198023006
2015,0,0.1725,9999,0,0.31,"B",0.00186708123640192,-6.28151007723292
2015,1,0.3335,3000,0,0.98,"Missing",0.996312267456112,5.59904894756238
2015,1,0.1955,1500,0,0,"Missing",0.904485881313686,2.24809261912445
2015,0,0.138,3000,0,0.56,"B",0.00333656938969107,-5.69946998053677
2015,1,0.207,5000,0,0.99,"D",0.858334660252314,1.80152655662804
2015,0,0.1265,8000,0,0,"A",0.000881966593739082,-7.03247402249894
2015,0,0.2875,5000,0,0.76,"C",0.268061382280102,-1.00448066222716
2015,0,0.3335,15000,0,0.49,"C",0.0190524729597825,-3.94132206156973
2015,0,0.23,6000,0,1,"C",0.00265983413189536,-5.92682813678732
2015,0,0.1725,5000,0,0.53,"A",0.187413569228658,-1.46690450986027
2015,0,0.1035,5000,0,0.08,"A",1.4891327848826e-05,-11.1147166465843
2015,0,0.161,2000,0,0.98,"B",0.0180328817528603,-3.99736096788072
2015,0,0.138,7500,1,0,"B",1.23892724772178e-05,-11.2986671932438
2015,0,0.1725,2000,0,0.62,"C",0.000389446256374601,-7.85039516112997
2015,0,0.2645,3550,0,0.66,"D",0.00896829224229221,-4.7050512570669
2015,0,0.161,25000,0,0.23,"B",0.0103149320397974,-4.56379422132993
2015,1,0.3335,2500,0,1.09,"Missing",0.994494336398726,5.19645709525421
2015,0,0.1265,6001,0,0.01,"A",2.88546235171588e-06,-12.755822524818
2015,1,0.2645,6001,1,0.92,"D",0.862816706080252,1.83888433351655
2015,0,0.1725,1500,0,0.8,"C",0.0011471811880933,-6.76929964665483
2015,0,0.1725,12000,1,0.53,"B",0.000694561287427915,-7.27153535022008
2015,0,0.115,4000,1,0.43,"A",0.0339883174893251,-3.34715906551985
2015,0,0.1725,7500,0,0.72,"B",0.00988148436435414,-4.60716190894483
2015,0,0.184,3500,0,0.53,"B",0.0653691597325197,-2.66010104456306
2015,0,0.1955,2000,0,0.25,"Missing",0.00764828791510837,-4.86559577207565
2015,0,0.2875,7000,0,0.14,"D",0.000473118392475647,-7.65569166922716
2015,0,0.115,6000,0,0.02,"AA",7.59767019916142e-05,-9.48500783782839
2015,1,0.2875,2000,0,0.19,"D",0.174504616166689,-1.55403247641016
2015,0,0.1955,1000,0,0.67,"D",0.000382206609152353,-7.86916695424656
2015,0,0.115,2750,0,0.37,"AA",4.2376664449048e-06,-12.3714935693201
2015,0,0.3335,4000,1,0,"Missing",0.307601432935038,-0.811356857723749
2015,0,0.3335,6000,0,0.84,"Missing",0.673805527249445,0.725447788354027
2015,1,0.3335,12000,1,0,"Missing",0.995586849572539,5.4187435448079
2015,0,0.276,12000,0,0.9,"D",0.0657938459401949,-2.65317082835222
2015,0,0.276,25000,0,0.97,"C",0.000200816311175469,-8.51291910601475
2015,0,0.138,5000,0,0.1,"AA",0.000333878217580483,-8.00440031553207
2015,0,0.184,6000,1,0.55,"C",0.00443709249046062,-5.41330899593172
2015,1,0.299,2864,0,0.71,"Missing",0.658206971508387,0.655314054213028
2015,0,0.253,25000,1,0.69,"AA",0.00353045324248608,-5.64279231897486
2015,0,0.2875,25000,0,0.18,"A",0.0948480530432046,-2.25582665731888
2015,0,0.161,22000,0,0.71,"A",0.000314233689867672,-8.06505933054276
2015,0,0.161,7500,0,0.67,"B",0.000474358722981675,-7.6530722516915
2015,0,0.1955,1100,0,0.29,"D",5.82301141942475e-05,-9.75104967921793
2015,1,0.299,3000,0,1.17,"Missing",0.998780357382335,6.70797701250425
2015,0,0.138,10000,1,0.08,"AA",0.000475883001223044,-7.64986253342601
2015,1,0.2415,6250,0,0,"C",0.0551990387106025,-2.84002874386701
2015,0,0.2875,2500,0,1.01,"D",0.109506896953966,-2.09578782451039
2015,0,0.138,15000,0,0.09,"A",0.239622261149405,-1.15475156304383
2015,0,0.138,3000,0,0.56,"B",0.000759907122708373,-7.18155414311596
2015,0,0.138,13000,0,0.36,"AA",4.90135692676796e-05,-9.92336435958931
2015,0,0.2875,25000,0,0.73,"A",0.0692014873857067,-2.59902047705625
2015,0,0.23,3500,0,1,"D",0.0322781245443895,-3.40055498515072
2015,0,0.1265,8000,0,0.32,"A",0.000467814105188263,-7.66697162852771
2015,0,0.1955,1000,0,0.35,"D",0.00190454638589352,-6.26160505405873
2015,0,0.138,18950,0,0,"AA",0.00139976097541513,-6.57005304722763
2015,0,0.1725,3000,0,0.27,"C",0.00470288328827249,-5.35486551613129
2015,0,0.1725,14000,0,0.69,"B",0.201580308287645,-1.37644653437961
2015,0,0.1725,6500,0,1.05,"C",0.000388041484412624,-7.85401018867516
2015,0,0.2645,10000,0,0.88,"C",0.0958530556561966,-2.24417554768801
2015,0,0.161,5000,1,0.39,"B",0.204328191548258,-1.35945931664509
2015,0,0.2875,3000,0,0.73,"D",0.0573126422457122,-2.80021345568931
2015,0,0.207,6000,0,0.75,"C",0.00867115144541574,-4.73904472437445
2015,0,0.1955,6500,0,0.79,"C",0.183985520012403,-1.48957504096195
2015,0,0.253,4500,1,0.68,"D",0.186927269933976,-1.47010095405538
2015,0,0.207,20000,1,0.43,"B",0.0604134424705753,-2.74422830845551
2015,0,0.276,4000,0,0.89,"D",0.109016870027594,-2.1008228523296
2015,0,0.276,4800,1,0,"C",0.220033265979255,-1.26547252616476
2015,0,0.207,5000,0,0,"B",0.00930066792118721,-4.66832487272478
2015,0,0.069,9600,1,0.16,"C",0.00555847296415209,-5.18685787641648
2015,0,0.092,5000,0,0.13,"AA",1.56573369759536e-05,-11.0645552770238
2015,0,0.23,6000,0,0.02,"C",0.00051693893758175,-7.56706872696091
2015,0,0.2185,5500,0,0.29,"B",1.62362451751634e-05,-11.0282482220124
2015,1,0.276,3000,0,0.4,"Missing",0.832065316462473,1.60033582776505
2015,0,0.1265,23500,0,0.02,"AA",0.00174155337302599,-6.35123474925532
2015,0,0.1725,1250,0,0.74,"C",0.000244428010248129,-8.31634527112965
2015,1,0.2875,15000,1,0.82,"D",0.991032560863115,4.70514724703844
2015,0,0.207,9800,1,0.72,"C",0.0104320753411313,-4.55238318084671
2015,0,0.3335,3999,0,0.96,"Missing",0.166882681234139,-1.60788341314189
2015,1,0.2185,8750,0,0.73,"D",0.47258651477576,-0.109764012618147
2015,0,0.161,3000,0,0.98,"C",0.00416492334629892,-5.47688378698523
2015,0,0.23,3100,1,0.92,"C",0.00771661168415455,-4.85663337351821
2015,1,0.3335,25000,1,0.42,"D",0.0649077939859546,-2.66767743175119
2015,0,0.1495,15000,1,0.07,"AA",0.00041935411732382,-7.77637540416419
2015,0,0.0805,1000,0,0.02,"AA",0.00351075618606983,-5.64840689372849
2015,0,0.2645,8500,0,1,"D",0.039214938795852,-3.1986929564258
2015,0,0.1725,10200,0,0,"C",0.000550046641829065,-7.50495728203481
2015,1,0.322,2550,0,0.74,"Missing",0.973000285196952,3.58455807219845
2015,0,0.069,1000,0,0.04,"AA",2.05933254574564e-05,-10.7905229480524
2015,0,0.1265,3000,0,0.32,"AA",1.49074971799846e-06,-13.4162299073599
2015,1,0.3335,20000,0,0.89,"C",0.038709996582035,-3.21217825970057
2015,0,0.1725,12000,1,0.53,"B",9.40587344275904e-07,-13.8767603818862
2015,0,0.1725,5000,0,0.74,"C",8.99564636463041e-07,-13.921354028359
2015,0,0.2645,6500,0,0.75,"D",0.0488549300963559,-2.96881129894394
2015,0,0.23,6000,0,0.02,"C",0.00800001621361511,-4.82027952256083
2015,0,0.1265,6500,0,0.34,"A",0.00731482876061696,-4.91050994082775
2015,1,0.2875,3000,0,0,"Missing",0.999114491832082,7.02846297624725
2015,0,0.161,5000,1,0.39,"B",0.000243568063972644,-8.31987053326793
2015,0,0.3105,1700,0,0.95,"Missing",0.0924956285192269,-2.28353699903608
2015,1,0.3335,1000,0,0,"Missing",0.99734691494543,5.92937553384838
2015,0,0.276,5250,0,0.57,"Missing",0.907810326418392,2.28718734108012
2015,0,0.207,2275,0,1.03,"D",0.00272001796571678,-5.9043930697168
2015,1,0.2645,6001,0,0.61,"D",0.839926857432018,1.65768396173388
2015,0,0.1495,13000,0,0.81,"B",0.0663310655383541,-2.64446356789396
2015,0,0.23,4100,1,0.8,"D",0.352180058485999,-0.609470215104746
2015,1,0.1955,3500,0,0.76,"Missing",0.968274803850691,3.41840473888276
2015,0,0.138,8000,1,0.91,"A",0.0271565985287177,-3.5786030686336
2015,0,0.1035,3000,0,0.13,"A",2.3241988407406e-05,-10.669526827683
2015,0,0.253,25000,0,0.63,"AA",0.00313780321880895,-5.76108959930313
2015,0,0.184,6001,1,0.77,"C",0.00755456564583677,-4.87801993127574
2015,0,0.1265,1500,0,0,"AA",0.00759328057959811,-4.87286930072215
2015,1,0.23,2500,0,0,"Missing",0.541583976149399,0.16672101419195
2015,1,0.2645,15000,0,0.77,"C",0.403028803555175,-0.392860832833327
2015,0,0.1265,10121,0,0,"AA",0.0128324794263841,-4.34286033984839
2015,0,0.1955,11000,0,0,"C",0.00105814223196414,-6.85018181737317
2015,0,0.115,10000,0,0.12,"A",0.000112607304836919,-9.09149135649966
2015,0,0.1725,25000,0,0.16,"AA",2.32022561165919e-05,-10.67123783509
2015,0,0.276,9999,0,0.89,"B",0.040648124169042,-3.16130523809065
2015,0,0.1035,1500,0,0.76,"A",0.0204504990918227,-3.86908548536348
2015,0,0.207,2000,0,0,"D",0.000398345222470694,-7.82779311092242
2015,0,0.1725,14700,0,0.37,"AA",4.67207267653365e-05,-9.97127594198217
2015,0,0.115,7500,0,0,"AA",7.68728299045269e-06,-11.7759354668017
2015,0,0.299,4000,0,0.99,"Missing",0.208040668310221,-1.33677646030764
2015,0,0.207,7000,0,0.54,"B",0.00175016600903813,-6.34629293389947
2015,0,0.207,5000,0,0,"B",0.000867061582214149,-7.04953311692658
2015,0,0.2875,15000,1,1.04,"D",0.0624745806119811,-2.70848410768585
2015,0,0.1955,5000,0,0.03,"C",0.0020319983416712,-6.19670149972164
2015,0,0.1035,6001,0,0.26,"AA",0.00044606817356702,-7.71459259440242
2015,0,0.299,7000,0,0.92,"C",0.000493729737456308,-7.61302842899208
2015,0,0.1725,10000,0,0.64,"AA",0.00257437191583951,-5.95957199948831
2015,0,0.23,12000,0,0.66,"C",0.0387772618771581,-3.21037211880691
2015,0,0.138,25000,0,0.07,"AA",8.07053088219167e-05,-9.42462549162822
2015,0,0.138,4800,0,0.66,"B",0.000334681115937124,-8.00199763506764
2015,0,0.115,6500,0,0.67,"A",9.3538255642447e-05,-9.27704651146245
2015,0,0.1955,10000,0,0.79,"A",0.000229052780856195,-8.38132901786177
2015,0,0.23,1000,0,1,"Missing",0.0155182264394008,-4.15010015209746
2015,0,0.1955,1275,0,0.91,"A",0.00365580890989763,-5.60777538657907
2015,0,0.276,5500,0,0,"D",0.00489452590030215,-5.31473131823988
2015,1,0.299,2550,1,0.51,"Missing",0.999587283651997,7.79233720813389
2015,1,0.276,3000,0,0,"Missing",0.973200840971645,3.59221996755385
2015,0,0.2875,2550,0,0.86,"D",0.000505750964617915,-7.58896029571661
2015,0,0.1725,15000,0,0.63,"B",0.000280667852584967,-8.17805789978969
2015,0,0.1265,1000,1,0.97,"C",0.000601362990713351,-7.41571028397591
2015,0,0.1265,15000,0,0.21,"A",0.001557442796064,-6.46315137915513
2015,0,0.207,7500,0,0.58,"C",0.000608151800872907,-7.40447769787257
2015,0,0.23,3100,1,0.92,"C",0.0310132562793153,-3.44183619643203
2015,1,0.3335,16000,1,0,"D",0.211965511541569,-1.31311827594909
2015,0,0.2875,8500,0,0.78,"D",0.00344020250114563,-5.66877880911283
2015,0,0.207,17000,0,0.23,"B",0.000861724639441476,-7.05571268599946
2015,0,0.23,3000,0,0.27,"D",0.0148292595614225,-4.1962127402211
2015,0,0.3335,25000,1,0.42,"D",0.0612862899708864,-2.72895438127958
2015,1,0.3105,3000,1,0.65,"Missing",0.953152305199497,3.01287290382102
2015,0,0.1265,25000,0,0.29,"AA",0.00029402165873325,-8.13156305928674
2015,0,0.115,3600,1,0.28,"A",0.000121395114771424,-9.01633851842737
2015,0,0.1035,2550,0,0.05,"A",0.000186735673551702,-8.58562969836582
2015,0,0.1955,10000,0,0.28,"B",0.000322348857554036,-8.03955378950734
2015,0,0.2185,7000,0,0.62,"C",0.0556206393429379,-2.83197360694354
2015,1,0.3335,7000,1,0.27,"Missing",0.993766546783389,5.0715718490623
2015,0,0.1955,4500,0,0.89,"D",0.000833993976091671,-7.08845003660073
2015,0,0.3335,3600,0,0.3,"Missing",0.294566472392346,-0.873307856265582
2015,0,0.1955,10000,0,0.76,"C",0.000653373604482888,-7.3327078696468
2015,0,0.23,4200,1,0.97,"Missing",0.152850163761924,-1.71241946156883
2015,1,0.276,1750,1,0.91,"Missing",0.921349417828551,2.46082432238317
2015,1,0.3335,7000,1,0,"Missing",0.999860224927568,8.87533626800711
2015,0,0.092,3001,0,0.14,"AA",4.23441763746307e-05,-10.069637313064
2015,0,0.184,8200,0,0.87,"C",0.00652133840465997,-5.02613295208898
2015,0,0.1035,2000,0,0.85,"A",0.00410113326448286,-5.49238237151835
2015,0,0.2185,12500,0,0.88,"C",0.00726892111524897,-4.91685193230601
2015,0,0.276,15000,0,1.03,"D",0.0256640660309876,-3.63666434099929
2015,0,0.207,3100,0,0.86,"D",0.00466678173182912,-5.36260787636267
2015,1,0.276,2550,0,0,"Missing",0.96186302939423,3.22768789069411
2015,0,0.1035,2500,0,0,"AA",0.00118973085054146,-6.7328377343138
2015,0,0.207,15000,0,0.61,"A",0.00477935505009798,-5.33865885565118
2015,0,0.161,8000,0,0.44,"A",0.00103827577564182,-6.86915503455868
2015,0,0.2415,20000,0,0.01,"B",0.0115501813169682,-4.44943674092289
2015,0,0.1725,1500,1,0.42,"C",0.00272896073257062,-5.9011017351697
2015,0,0.23,3000,1,1.03,"Missing",0.0109611223321263,-4.50237896208548
2015,1,0.1725,4400,0,0.8,"Missing",0.318296820889727,-0.761609995402787
2015,1,0.2875,10000,0,0.87,"Missing",0.677569984685923,0.742626739939954
2015,0,0.161,2000,0,0.5,"C",0.0055986013994549,-5.17962413022131
2015,0,0.138,25000,0,0.01,"AA",0.000453484129539185,-7.69809669754033
2015,0,0.138,25000,1,0,"AA",2.62773573839716e-05,-10.5467766478668
2015,0,0.1265,15152,0,0.6,"A",0.00292009825581346,-5.83321364395607
2015,1,0.276,3000,0,0.85,"Missing",0.943072086444423,2.80735693045388
2015,0,0.1035,5000,0,0.08,"A",0.0661661418898643,-2.64712966000475
2015,1,0.3335,5000,0,0.73,"Missing",0.769928121425145,1.20790538604871
2015,0,0.3335,4000,0,0.77,"Missing",0.0328569009225712,-3.38218467039021
2015,1,0.3335,7000,1,0.27,"Missing",0.911446085393208,2.33142087192694
2015,0,0.115,1500,0,0.89,"A",3.29894032572917e-05,-10.3192911715337
2015,0,0.276,1200,0,1.09,"Missing",0.935322370325558,2.67147586388767
2015,1,0.3335,2501,1,0,"Missing",0.970644524656946,3.49848122695068
2015,0,0.2645,2400,0,0.91,"Missing",0.13145978419665,-1.88811290826185
2015,0,0.23,7500,1,0.62,"C",0.0256942661488741,-3.63545728955073
2015,0,0.2875,15000,0,0,"C",0.0702257205709719,-2.58322721256976
2015,0,0.184,3300,0,0.3,"C",0.00054184880090792,-7.51998156490315
2015,0,0.322,9000,0,0.7,"D",0.000299121811135068,-8.11436050587889
2015,0,0.2415,5000,0,0.85,"C",0.00735689002039497,-4.90473390171804
2015,1,0.3335,3000,1,0.8,"Missing",0.988647946451409,4.46693964208783
2015,0,0.1725,1000,1,0.55,"B",0.0302917381063219,-3.46612025974962
2015,1,0.1725,11000,0,0.65,"B",0.0379406363497715,-3.23305342044216
2015,0,0.2185,5000,0,0.39,"C",0.000590174594422508,-7.434501793275
2015,0,0.0805,1000,0,0.12,"C",0.00145229752725962,-6.53315512185595
2015,0,0.161,14100,0,0.73,"B",3.2346002642801e-06,-12.6416019689511
2015,0,0.115,3000,0,0.07,"AA",9.16416930578762e-05,-9.29753257956037
2015,0,0.23,10000,0,0.87,"C",0.00066702491194443,-7.31201591603206
2015,0,0.253,5000,0,0.93,"D",0.00199463193089992,-6.21529911759288
2015,0,0.299,2500,1,0.91,"Missing",0.0299434612341587,-3.47804337919327
2015,0,0.322,11000,0,0.9,"Missing",0.643356410188481,0.589961928115197
2015,0,0.115,4500,0,0.4,"A",8.9665996285053e-05,-9.31932927341685
2015,0,0.1495,15000,1,0.07,"AA",0.013314607053193,-4.30548953056641
2015,0,0.1955,15000,0,0.65,"B",0.000523582542046471,-7.55429214698238
2015,1,0.3335,3800,0,0.73,"Missing",0.984781600484059,4.1699147009262
2015,0,0.3335,6000,0,0,"Missing",0.335872914570604,-0.681740666910565
2015,0,0.184,24000,1,0.35,"A",0.141152784383334,-1.8057481621686
2015,0,0.0805,1000,1,0,"Missing",0.593517896558116,0.378527465817723
2015,0,0.1495,9000,0,0.86,"B",0.00257802950033202,-5.95814857308192
2015,0,0.138,4800,0,0.66,"B",0.00032376431514155,-8.03517091253649
2015,0,0.1725,19500,0,0.59,"AA",0.000171846047487905,-8.66873969389765
2015,0,0.253,9000,0,0.95,"D",0.0538115554084161,-2.86695352203703
2015,0,0.207,5000,0,0.5,"D",0.107439386561672,-2.11716758295546
2015,1,0.322,2000,0,0.77,"Missing",0.993939217982947,5.09983721840261
2015,0,0.1265,4999,0,0.28,"A",0.0108370807456186,-4.5138853935217
2015,0,0.138,13000,0,0.36,"AA",0.000936613981206752,-6.97230228083038
2015,0,0.161,1000,0,0.6,"A",0.0156713426315608,-4.14012610832271
2015,0,0.1035,1000,0,0.18,"AA",0.00022034090199724,-8.42011429121922
2015,1,0.207,6800,1,0.89,"D",0.486253293825626,-0.0550006856063128
2015,1,0.2875,5500,0,0.49,"Missing",0.351061606462729,-0.614376061933796
2015,0,0.23,5000,1,0.43,"D",0.0165000110486394,-4.08775657607429
2015,1,0.1725,1800,1,1.02,"D",0.225385707527022,-1.23455202811349
2015,0,0.115,6000,0,0.02,"AA",0.0089237276633982,-4.71007773760978
2015,0,0.322,6000,0,0.68,"D",0.0212086631595619,-3.83190874292338
2015,1,0.276,2000,0,1.02,"Missing",0.991496147605896,4.75869577887458
2015,1,0.3335,5000,0,0.92,"Missing",0.405888139611569,-0.380990015343921
2015,1,0.3335,3500,0,0.94,"Missing",0.952960732015842,3.00859095629687
2015,0,0.0805,2000,0,0.39,"C",0.000733608151765115,-7.21680164770724
2015,1,0.3335,2600,0,0.98,"Missing",0.937463449889267,2.70742658271561
2015,1,0.23,6500,1,0.92,"D",0.782392665502895,1.27966452357708
2015,1,0.1955,1000,0,0.67,"D",0.651362385352321,0.625033117563526
2015,0,0.207,2550,1,0.99,"Missing",0.0498360415686222,-2.94789610898094
2015,0,0.1725,17000,1,0.58,"A",0.614524519581454,0.466371243529192
2015,0,0.115,7000,0,0.17,"AA",0.000200533969208255,-8.51432634900412
2015,0,0.115,4000,0,0.88,"A",6.23075745908936e-05,-9.68336524752728
2015,0,0.1955,10000,0,0.05,"B",0.00358206386882772,-5.62822765018749
2015,0,0.1265,6001,0,0.28,"A",0.0388274678304033,-3.20902599691581
2015,0,0.253,8500,0,0.93,"D",0.0972645812150269,-2.22799460139802
2015,0,0.1495,25000,0,0.11,"AA",2.19166166310945e-05,-10.7282435417122
2015,0,0.1265,18000,0,0.46,"AA",0.00016984012736278,-8.68048313611911
2015,0,0.1035,2500,0,0.28,"AA",0.000242037256797474,-8.32617682339613
2015,0,0.207,4500,0,0.49,"B",0.077161307959909,-2.48155631521329
2015,0,0.138,9000,0,0.05,"AA",0.000464964766164807,-7.67308385404052
2015,0,0.207,2800,0,0.99,"C",0.00081215132288319,-7.11501139563816
2015,0,0.2875,14000,0,0.8,"D",0.00601837497086505,-5.10690143611323
2015,1,0.3335,2550,0,1,"Missing",0.999734205751905,8.23252222231429
2015,1,0.3335,3000,0,0.63,"Missing",0.612436479470492,0.45756547074753
2015,1,0.207,15000,0,0.29,"C",0.560292360334418,0.242348668764206
2015,0,0.1725,9999,0,0.57,"B",0.0932497825244145,-2.27458529166037
2015,1,0.23,3000,1,0.07,"D",0.407310873690087,-0.375093311295811
2015,1,0.23,5000,0,0.97,"C",0.988206729829591,4.42836287234517
2015,0,0.184,10000,0,0.35,"AA",0.00942910945552796,-4.6544797792333
2015,0,0.23,3000,0,0.39,"D",0.0171428803975085,-4.04888080796468
2015,0,0.1725,3500,0,0.32,"A",0.0021465425616288,-6.14174799242479
2015,1,0.253,6500,1,0.97,"Missing",0.986708382573071,4.30724096951815
2015,0,0.115,6500,0,0.34,"A",0.00718721674853556,-4.92823811331835
2015,1,0.3335,6000,1,0.77,"Missing",0.962407567023322,3.2426352477669
2015,0,0.1725,5000,0,5.95,"B",0.00010689796276665,-9.14352889381276
2015,1,0.253,1100,1,0,"Missing",0.998933115595447,6.84194519547668
2015,0,0.1495,10000,0,0.51,"A",0.00302150290767719,-5.7989748429707
2015,0,0.207,9999,0,0.92,"D",0.102697372229213,-2.16760665308605
2015,0,0.2875,8500,0,0.86,"Missing",0.330788787145127,-0.704619658183788
2015,0,0.1725,9000,0,0.3,"B",0.002591932884754,-5.95275609629657
2015,1,0.3335,3000,0,0,"Missing",0.951789730959936,2.98277209056718
2015,0,0.276,1000,1,0.9,"D",0.100812232315483,-2.18823217488239
2015,0,0.1955,2000,1,0.97,"Missing",0.493019550375265,-0.0279236127597176
2015,0,0.092,2500,1,0.24,"AA",0.00322756591327065,-5.73279422732115
2015,0,0.1725,10000,0,0.16,"A",0.000889322692119839,-7.02416068667679
2015,1,0.3335,2700,0,0.47,"Missing",0.355354162853865,-0.595586142291503
2015,1,0.3335,2550,0,0.94,"Missing",0.999725574135586,8.20055494496051
2015,0,0.3335,20000,1,0.87,"D",0.0226129466962379,-3.76636013377074
2015,0,0.0575,1000,0,0.64,"D",8.92052196636387e-06,-11.6271471761141
2015,0,0.1955,2000,0,0.79,"D",0.0357082017739245,-3.29601354009729
2015,1,0.2875,8500,0,0.86,"Missing",0.985012823351339,4.18545971433214
2015,1,0.3335,7000,0,0,"Missing",0.983418746727007,4.08276228167676
2015,1,0.2875,7000,0,0.62,"D",0.00125859919000694,-6.67649653854719
2015,0,0.23,12000,0,0.26,"C",0.392531916218255,-0.436681787727499
2015,0,0.2185,18000,0,0.76,"C",6.99828499021007e-06,-11.8698384420158
2015,0,0.1955,2500,1,0.59,"C",0.14129983992186,-1.8045356473033
2015,0,0.184,3000,1,0.96,"C",0.000288517421606764,-8.1504665279367
2015,0,0.1035,5000,0,0,"AA",5.48136105480234e-05,-9.81151721207092
2015,0,0.1955,1275,0,0.91,"A",0.000839512202333067,-7.08184968152335
2015,0,0.1725,6010,0,0.63,"B",3.15424992592624e-05,-10.3641431956316
2015,1,0.23,4000,0,0,"Missing",0.977802055268737,3.78530754715433
2015,0,0.1035,2500,0,0,"AA",0.00426967596028334,-5.45193852508703
2015,0,0.3335,10000,0,0.62,"C",0.00189719399508729,-6.26548033316358
2015,0,0.184,4200,1,0.83,"C",8.56376862423536e-05,-9.36529947050857
2015,0,0.2875,13000,0,0.74,"D",0.00322604056152193,-5.73326847059174
2015,0,0.3335,15000,0,0.97,"D",0.0337574057176394,-3.35421511356305
2015,0,0.23,5950,0,0.74,"C",7.58695097060691e-05,-9.48641979853708
2015,1,0.3335,4000,1,0.92,"Missing",0.937043277031529,2.70028191463797
2015,0,0.1265,6500,0,0.34,"A",0.000887731195312214,-7.02595344331715
2015,1,0.1955,1000,0,0.89,"Missing",0.913987667923729,2.36332639672936
2015,0,0.2875,6000,0,1.02,"D",0.468985943815821,-0.124215694593037
2015,0,0.138,15000,0,0,"AA",0.000370156397838175,-7.9012147198546
2015,0,0.1265,3500,0,0,"D",0.0747981275235289,-2.51521910265734
2015,0,0.161,25000,1,0.63,"AA",0.00450776116811195,-5.39743671201556
2015,1,0.3335,2500,1,0.82,"Missing",0.971270230178812,3.52067086931175
2015,0,0.2185,7500,0,0.57,"C",0.0393361283480621,-3.19548118546447
2015,0,0.184,9000,0,0.97,"C",8.05574195757727e-05,-9.42645978048772
2015,0,0.2415,7000,0,0.78,"D",0.0113798551009238,-4.46446548203077
2015,0,0.1955,9500,0,0.37,"C",0.000911314600064017,-6.99971065535181
2015,1,0.3335,3800,0,0.96,"Missing",0.994689333228493,5.23271306410146
2015,0,0.23,8500,0,0.64,"C",0.00551566893770482,-5.19463140299174
2015,0,0.1955,9000,0,0.94,"C",0.0503302677322048,-2.93750763359652
2015,1,0.069,6000,1,0.81,"Missing",0.440053936595275,-0.240943161171184
2015,0,0.184,3000,0,0.81,"B",0.00472763839375753,-5.34959063464169
2015,0,0.092,3000,0,0,"AA",2.28558239590551e-05,-10.6862817391568
2015,0,0.2875,2550,0,0.53,"D",0.0165105363865397,-4.08710817862878
2015,0,0.207,25000,0,0,"A",0.00856568692231734,-4.75138836606951
2015,1,0.3105,1800,1,0.1,"Missing",0.982907719721845,4.05188832371305
2015,0,0.2875,2550,0,0.86,"D",0.499959417817657,-0.00016232872972699
2015,1,0.23,6000,0,0.25,"A",0.111508582581828,-2.07542342615151
2015,0,0.1725,4999,0,0.89,"C",0.019285421228883,-3.92893203423823
2015,0,0.161,14100,0,0.73,"B",3.22273975167967e-06,-12.6452754828757
2015,0,0.138,25000,0,0.01,"AA",0.0334324017718499,-3.36422569480613
2015,0,0.2645,10000,0,0.88,"C",0.486097333889217,-0.0556250026397711
2015,0,0.115,4000,1,0.43,"A",0.00156590943357212,-6.45772137930275
2015,0,0.1035,6100,0,0.48,"A",0.0202245978675838,-3.88042378409186
2015,0,0.1265,6000,0,0.4,"AA",0.00770974496837395,-4.85753055128885
2015,0,0.207,9900,0,0.55,"C",0.255848758675156,-1.06765781205351
2015,0,0.138,4700,0,0.09,"B",0.00167357182477572,-6.3911201455254
2015,1,0.2875,1500,0,0,"Missing",0.933964023275033,2.6492382231037
2015,1,0.3335,9000,1,0.95,"D",0.963048807913241,3.26050618467272
2015,0,0.092,6001,0,0.04,"AA",0.00088372880957135,-7.03047619936708
2015,0,0.2645,15000,0,0.96,"C",0.000191037886557108,-8.56284773451382
2015,1,0.276,4100,1,0.91,"Missing",0.391098720081085,-0.442696143487384
2015,0,0.115,1425,0,0,"AA",0.000511169843650735,-7.57829734739906
2015,1,0.2875,9000,0,0.42,"C",0.695086629020362,0.824008777181165
2015,0,0.1265,2500,1,0,"B",5.92509089293511e-06,-12.0363086053725
2015,0,0.2875,3000,0,0.71,"D",0.00972590737504433,-4.62318857754848
2015,0,0.115,10000,0,0.15,"AA",0.000619539836231033,-7.38591382328867
2015,0,0.3335,13500,0,0.78,"D",0.705086312066822,0.871637493530474
2015,0,0.1725,5600,0,0.07,"A",8.77002512691023e-05,-9.34149808939499
2015,1,0.23,4500,0,0.39,"D",0.452088264573772,-0.192236770860792
2015,0,0.184,8000,0,0.8,"C",0.0109399772600014,-4.5043313017336
2015,0,0.161,9900,0,0.02,"AA",0.00290387502830744,-5.83880111782147
2015,1,0.3335,3800,0,0.84,"Missing",0.702315454228636,0.858348313503531
2015,0,0.1955,3800,0,0.7,"C",0.190083474965053,-1.44946786924407
2015,0,0.161,20200,0,0.86,"A",9.06435019986322e-05,-9.30848565803197
2015,0,0.1725,3000,0,0.05,"AA",0.110113583442456,-2.08958142293502
2015,0,0.276,4000,0,0.92,"D",0.288986708382378,-0.900310428588464
2015,1,0.276,3500,0,0.83,"Missing",0.91109561533059,2.32708638553822
2015,0,0.2645,8000,0,0.75,"C",0.196776715334106,-1.40656307716367
2015,0,0.161,10000,0,0.44,"A",1.75145080521259e-05,-10.9524634742802
2015,1,0.1725,1000,1,0.73,"C",0.73219127924502,1.0057687931105
2015,0,0.207,13000,0,0.95,"B",0.0369913633607937,-3.25937791751495
2015,0,0.161,16500,0,0.2,"AA",0.218593356167565,-1.27388250242338
2015,0,0.3335,11700,0,0.56,"Missing",0.0678064322273946,-2.62088342280704
2015,1,0.2645,6001,1,0.85,"Missing",0.953448959913602,3.01953654751612
2015,0,0.1725,9999,0,0.31,"A",0.0214619510339709,-3.81977802309337
2015,0,0.138,25000,0,0.07,"AA",3.31932510649687e-07,-14.9183338379374
2015,1,0.322,4000,0,0,"Missing",0.340940368218861,-0.659106429962763
2015,0,0.23,7500,0,0.36,"C",0.0465037598700613,-3.02060231505723
2015,0,0.1495,12500,0,0,"AA",0.000185215109105661,-8.59380742417238
2015,0,0.299,5050,1,0,"D",0.00279874620053553,-5.87578107759632
2015,0,0.2875,15000,0,0.45,"C",0.013867184817128,-4.26426580200729
2015,0,0.207,15000,0,0.16,"B",0.000366626763279223,-7.91079952720105
2015,1,0.299,5000,1,0,"Missing",0.880135350017863,1.99371251309404
2015,1,0.299,5000,1,0,"Missing",0.977932636350713,3.7913410295844
2015,0,0.207,1500,0,0.1,"C",0.00556420874434537,-5.18582074205035
2015,1,0.2645,4000,0,0.51,"D",0.1375957867422,-1.83540378022146
2015,0,0.1035,2000,0,0,"AA",0.000466487809739735,-7.66981207268817
2015,0,0.276,25000,0,0,"A",0.0185153755352476,-3.97046485133272
2015,0,0.2645,3500,1,0.96,"C",0.0465625966612627,-3.01927620144492
2015,1,0.2875,5000,0,1,"Missing",0.998132216720049,6.28113343330048
2015,0,0.207,2500,0,0.84,"A",0.0114949827229629,-4.45428306303528
2015,0,0.1725,7500,0,0.72,"B",0.000180546967764318,-8.61933904155096
2015,0,0.23,4500,0,0.39,"D",0.120958504565116,-1.9833845548173
2015,0,0.3105,3750,0,0.88,"Missing",0.444262447612521,-0.223880668701306
2015,0,0.253,7500,0,0.92,"D",0.0428692177677178,-3.10578600683514
2015,0,0.2185,6001,0,0.2,"C",0.0100689325833948,-4.58818061038308
2015,0,0.0805,1000,0,0.07,"AA",2.18920823024985e-05,-10.7293636328895
2015,0,0.3335,2000,0,0.4,"Missing",0.111302169537728,-2.07750852869927
2015,0,0.184,3500,0,0.53,"B",0.00230288942263584,-6.07128512863309
2015,1,0.253,9000,0,0.99,"C",0.325847874142578,-0.727025162744236
2015,0,0.23,8500,0,0.89,"D",0.0138110830257529,-4.26837654797039
2015,1,0.276,2800,0,0,"Missing",0.988436903089653,4.44830608342228
2015,0,0.1035,3030,0,0.04,"AA",6.78794440349831e-05,-9.59770942629364
2015,0,0.1725,15152,0,0.85,"B",0.00381957065331292,-5.56379037325968
2015,0,0.2875,25000,0,0.18,"A",0.0550808311525448,-2.84229762456212
2015,0,0.23,5000,0,0.87,"D",0.000509477142805657,-7.58161596134793
2015,0,0.1725,2600,0,0.68,"C",9.81645046268983e-05,-9.22876769863441
2015,0,0.115,4500,0,0.04,"AA",0.0176310546763953,-4.02030512841778
2015,0,0.2185,6001,0,0.05,"D",0.000533154252033455,-7.53616647579835
2015,1,0.2875,3500,0,0.97,"Missing",0.999254781473058,7.20108756150092
2015,0,0.3335,2500,0,0,"Missing",0.40428273664578,-0.387651687793652
2015,0,0.207,15000,0,0.29,"C",0.0855785805489507,-2.36885651219901
2015,1,0.3335,2500,0,0,"Missing",0.968828109083054,3.43657044956516
2015,0,0.1955,3000,0,0.53,"C",0.146443012807376,-1.76277594712659
2015,1,0.3335,3500,0,0.71,"Missing",0.99942010407408,7.45208184446282
2015,1,0.2645,4000,0,0.51,"D",0.367398174818605,-0.543394991136603
2015,0,0.2645,7100,0,0.27,"A",0.00545103381307157,-5.20648405291426
2015,0,0.23,6500,0,0,"C",0.00444443067962938,-5.41164916276949
2015,0,0.276,10000,1,0,"C",0.236703214963768,-1.17083982800007
2015,1,0.299,1000,0,0,"Missing",0.995961292961132,5.5077837934755
2015,0,0.1955,15000,0,0.96,"B",0.00866336273435786,-4.73995121745244
2015,1,0.3105,3000,1,0.79,"D",0.973625363938925,3.60862379996909
2015,0,0.1955,15000,1,0,"A",4.92261879701179e-05,-9.91903557285951
2015,0,0.115,4500,0,0.15,"AA",0.000143748990011124,-8.84729814499818
2015,1,0.3335,6000,0,0,"Missing",0.999473721082758,7.54915280739914
2015,0,0.184,5300,0,0.92,"C",0.000295615168367049,-8.12615639750931
2015,0,0.1725,5000,0,0.83,"C",0.000768720728654629,-7.17001379976936
2015,0,0.207,9750,0,0.92,"C",0.00176846726286573,-6.33587202788649
2015,0,0.3335,7000,1,0.91,"D",0.121441587801917,-1.97884900790414
2015,0,0.069,1000,0,0.04,"AA",4.17895691326223e-05,-10.0828220014138
2015,1,0.1955,2500,0,0.59,"C",0.736361829911348,1.02714401943921
2015,0,0.1495,6000,0,0.92,"C",0.107035971253209,-2.12138134080398
2015,1,0.23,5000,0,0.43,"D",0.829758734078294,1.58391833447523
2015,0,0.2185,9000,0,0.76,"C",0.000878374467037027,-7.03655879474834
2015,0,0.2645,3150,0,0.88,"Missing",0.0172944844295815,-4.03992186645145
2015,1,0.3335,15000,0,0.98,"Missing",0.951156013729007,2.96904683648951
2015,0,0.1725,14700,0,0.37,"AA",3.01706542511594e-05,-10.4086106484315
2015,0,0.23,5500,1,0.47,"D",0.0572094760890134,-2.80212456944836
2015,1,0.3335,2550,0,0.9,"Missing",0.369383215152503,-0.534863735425387
2015,1,0.2645,2000,0,0.9,"Missing",0.992084331728687,4.83096399473255
2015,0,0.1265,15152,0,0.6,"A",5.62798994659806e-05,-9.78511683055519
2015,0,0.23,3500,0,0.8,"D",0.00240686200471468,-6.02702168949222
2015,0,0.115,7000,0,0.17,"AA",0.000445822427704225,-7.7151439075495
2015,1,0.184,8000,0,0.66,"B",0.47883862673856,-0.08469608685356
2015,0,0.1725,20000,0,0.66,"A",0.0969339802458792,-2.23176553156428
2015,1,0.3335,5000,0,0.89,"Missing",0.765776703230005,1.18461569705746
2015,0,0.161,16500,0,0.2,"AA",0.00235353621333106,-6.04948000009728
2015,0,0.1955,1500,0,0.61,"D",0.0039297149544517,-5.53525092983282
2015,0,0.1725,6010,0,0.63,"B",0.00453193986001423,-5.39206296574903
2015,0,0.2875,25000,0,0.71,"A",0.00022023475803216,-8.42059623956155
2015,0,0.3335,3600,0,0.92,"Missing",0.016676058607323,-4.0769645350104
2015,0,0.1035,3001,0,0.21,"AA",1.89135196384786e-06,-13.1782167684746
2015,0,0.1495,10000,0,0.51,"A",0.0296944571680985,-3.48665061345302
2015,0,0.115,6500,0,0.34,"A",3.01624466789579e-05,-10.4088827319056
2015,0,0.23,3000,0,0.89,"D",0.00235278991130988,-6.04979789661371
2015,0,0.207,2750,1,0,"D",0.00260771199627599,-5.9466709538917
2015,0,0.2415,5000,1,0.94,"C",0.00189625837462041,-6.26597455235111
2015,1,0.2415,4500,0,0,"D",0.479655812535498,-0.081421702111423
2015,0,0.2645,6001,1,0.92,"D",0.00348414569071689,-5.65604217432168
2015,1,0.3335,5000,0,0,"Missing",0.823709837070904,1.54168703790887
2015,1,0.2875,3500,1,0,"D",0.998124675038943,6.27709623642871
2015,0,0.23,7000,0,0.28,"C",0.00286684962385845,-5.85167057724292
2015,0,0.1265,7000,0,0,"AA",0.000405376901883841,-7.81028784259314
2015,0,0.1955,2400,0,0.77,"D",0.0168837438591686,-4.06437612264827
2015,0,0.1265,5000,0,0.05,"A",0.0001265430676003,-8.97480130132528
2015,1,0.2645,1600,0,0.74,"Missing",0.958083692326375,3.12926017983611
2015,0,0.1495,9000,0,0.86,"B",0.000591555513534674,-7.43216329626851
2015,0,0.2645,7500,0,0.89,"D",0.383380922031219,-0.475222386151827
2015,0,0.3335,10000,0,0.93,"D",0.0302487505842755,-3.46758471408405
2015,0,0.1725,2000,0,0.02,"B",5.44347330761749e-05,-9.81845369596157
2015,1,0.276,3000,0,0,"Missing",0.332375705676284,-0.697459608970593
2015,1,0.3335,5000,0,0.72,"Missing",0.887939315812241,2.06986285494079
2015,0,0.3335,5824,0,0,"Missing",0.600132687676004,0.406018004006627
2015,1,0.3105,7500,0,0.69,"Missing",0.887301302172852,2.06346674475773
2015,0,0.2185,6000,0,0.5,"B",1.23111256636408e-05,-11.3049948677219
2015,0,0.1265,2500,1,0,"B",3.38185878254837e-05,-10.2944661518096
2015,1,0.2875,3000,1,0.93,"Missing",0.996561835076852,5.66937331351179
2015,0,0.1955,11300,0,0.27,"C",0.0440187924758869,-3.07812161099565
2015,0,0.2185,3000,1,0,"D",0.00554867586576303,-5.18863183548501
2015,0,0.1035,1500,0,0.76,"A",0.0445687418569928,-3.06513005966906
2015,1,0.3335,4000,0,1.21,"Missing",0.999367473891592,7.3651563338619
2015,1,0.23,5000,0,0.95,"Missing",0.803456736558424,1.40804076273076
2015,0,0.1955,1000,1,0.76,"D",0.493303654608941,-0.0267869831824803
2015,0,0.161,3500,0,0.65,"B",0.000661269178493931,-7.3206880839055
2015,1,0.23,1000,1,0.76,"C",0.806252697821718,1.42584247034446
2015,0,0.322,5000,0,0.96,"Missing",0.0557722107356148,-2.82909170937807
2015,0,0.253,5000,1,0,"D",0.203973110944196,-1.36164478943515
2015,0,0.1955,2800,0,0,"C",0.000471947557580161,-7.65817062641335
2015,0,0.2645,5000,0,0.37,"D",0.0680698504725066,-2.61672347423302
2015,0,0.207,5000,0,0.66,"C",0.328582542386967,-0.714603009068743
2015,1,0.1495,24250,0,0,"AA",0.0626206000036557,-2.70599381205178
2015,1,0.3105,2000,0,0,"Missing",0.933060675930806,2.63468363371466
2015,0,0.3335,5001,1,0.3,"D",0.178161303333576,-1.52885480458876
2015,1,0.1955,5000,0,0.97,"D",0.864408975739282,1.85240282781076
2015,1,0.3335,2500,1,0,"Missing",0.882181180348362,2.01324943699803
2015,0,0.2875,2550,0,0.53,"D",0.261157654392752,-1.03996029863914
2015,0,0.276,3000,0,0,"Missing",0.0838657087333667,-2.39094614612
2015,1,0.299,1200,1,0,"Missing",0.99098455505392,4.69975973736526
2015,0,0.276,15000,0,0.86,"B",0.0154552232122101,-4.1542323606019
2015,1,0.3335,6000,1,0.79,"Missing",0.88548493956068,2.04542910267581
2015,0,0.1725,5000,0,0.41,"B",0.00300676136563094,-5.80388044698807
2015,1,0.3335,4750,1,1.19,"Missing",0.999897585676945,9.18638156198677
2015,0,0.23,5000,0,0.65,"B",0.00388860694073204,-5.54580811118162
2015,0,0.115,4000,0,0.51,"AA",0.00334752599291617,-5.69618057406138
2015,0,0.1265,10000,0,0.17,"AA",0.00133817779469724,-6.61510737121017
2015,0,0.23,7500,1,0.9,"D",0.000272165958148152,-8.20882633447558
2015,0,0.1725,2500,0,0.56,"C",0.019543753735488,-3.9153622873805
2015,0,0.115,6000,0,0.02,"AA",0.00100758845614483,-6.89918737392043
2015,0,0.3105,14000,1,0.65,"D",0.0114697125943267,-4.45650940824108
2015,1,0.3335,6000,0,0.59,"Missing",0.800515759673192,1.38952098217593
2015,0,0.23,10000,0,0.03,"D",0.0693450767072876,-2.59679340461939
2015,0,0.1035,9000,0,0.99,"Missing",0.180520902026586,-1.51282232026009
2015,0,0.161,9999,0,0.54,"A",0.061979653883698,-2.71696547170491
2015,0,0.115,5000,0,0.09,"AA",0.000111412813173717,-9.10215679855256
2015,0,0.184,10999,0,0.97,"B",0.0013970295811999,-6.57200901779158
2015,0,0.0805,3000,1,0.09,"AA",4.73677652973141e-05,-9.95752124873841
2015,0,0.2875,15000,0,0.65,"D",0.108852287871686,-2.10251839010874
2015,0,0.1495,6000,0,0,"B",0.000161150339552855,-8.73301167931854
2015,0,0.115,2000,0,0.06,"AA",0.000755846990075021,-7.18691546356342
2015,0,0.2185,11000,0,0.93,"B",0.00139444744455106,-6.57386161868083
2015,1,0.3335,5000,1,0.94,"Missing",0.999565662608196,7.74125449366964
2015,0,0.161,25000,0,0.23,"B",0.000101524874656117,-9.19510518897504
2015,0,0.1725,1200,0,0.9,"D",0.00166711941394545,-6.3949895331347
2015,0,0.184,2000,1,0,"C",0.19577134171536,-1.41293627530235
2015,0,0.1265,1000,0,0.01,"AA",0.100610014696445,-2.19046493703352
2015,1,0.322,23500,0,0.89,"D",0.286210449473344,-0.913860794187865
2015,1,0.2645,7000,0,0.52,"D",0.590250287257514,0.365000146068293
2015,0,0.184,8000,0,0.9,"B",0.00496461406006614,-5.30044273792066
2015,0,0.161,3000,0,0,"C",0.0805662079124549,-2.43467873226633
2015,0,0.2645,15000,0,0.96,"C",0.00521299773948577,-5.25137357400719
2015,0,0.1955,25000,0,0.78,"B",0.000127936387165954,-8.96384944827206
2015,0,0.115,3500,1,0.21,"AA",0.00153510125302559,-6.47762265650712
2015,0,0.1035,5400,0,0.18,"AA",0.00135365538509786,-6.60359208065848
2015,0,0.3335,5000,1,0.42,"D",0.00466900742595194,-5.3621288312265
2015,0,0.1955,1500,1,0.56,"C",0.604320284879372,0.423499246570177
2015,0,0.1725,9500,0,0.39,"B",0.000170328333034372,-8.67761226998162
2015,0,0.23,15000,0,0.61,"B",0.000287347570990894,-8.1545306373207
2015,0,0.1725,8575,0,0.9,"B",2.32834618847619e-06,-12.9703500044118
2015,0,0.1265,6000,0,0,"A",0.000103906852335732,-9.17191179852451
2015,1,0.3105,3750,0,0.88,"Missing",0.953592217080985,3.02276895416987
2015,0,0.322,12000,0,0,"Missing",0.550636498122138,0.203242737191507
2015,0,0.1955,1000,0,1.02,"D",0.00106992454784056,-6.83909665170585
2015,0,0.138,4000,0,0.04,"AA",0.0143763195165777,-4.22769224402681
2015,1,0.2875,2800,0,0.97,"Missing",0.854062470772255,1.7668256937614
2015,0,0.115,2000,0,0,"A",4.96747025757391e-06,-12.2125948824591
2015,1,0.2875,15000,0,0.9,"D",0.808500301853161,1.44029482000396
2015,0,0.1725,18000,0,0.61,"B",0.00929958152401923,-4.66844278465373
2015,1,0.3335,2000,0,0.4,"Missing",0.78798899324624,1.3128459298246
2015,0,0.3335,25000,0,0.82,"B",0.236603333796994,-1.17139273138303
2015,0,0.3335,10000,0,0.62,"C",0.0079093181020088,-4.83177294532558
2015,1,0.115,4000,0,0.34,"A",0.351620122909382,-0.611925358098342
2015,1,0.3335,5000,0,0.78,"Missing",0.599659069167982,0.404044764502161
2015,0,0.23,5000,0,0,"A",0.00210513854699722,-6.16126663849698
2015,0,0.3335,2000,1,0.09,"Missing",0.742634717789624,1.05970788500196
2015,0,0.1725,20000,0,0.66,"A",1.66998309591769e-05,-11.0000952608274
2015,0,0.23,6001,0,0.77,"C",0.0143264114925251,-4.2312204624
2015,1,0.1725,2200,1,0,"C",0.480531425181515,-0.0779136902297104
2015,0,0.2415,7500,0,0.68,"C",0.000188045263901592,-8.57863979573304
2015,0,0.1955,1775,0,0.9,"D",0.00423647276436315,-5.45977877911158
2015,0,0.092,2500,1,0.24,"AA",4.13184675092547e-05,-10.0941596834325
2015,0,0.1955,25000,0,0.34,"AA",0.0045500367780097,-5.38805954327044
2015,1,0.322,3500,0,0,"Missing",0.992986763557618,4.95291805034939
2015,0,0.3335,3000,0,0,"Missing",0.239456640606474,-1.15566076524633
2015,0,0.1035,3000,0,0,"AA",0.0102724690513527,-4.56796227498026
2015,0,0.1725,12000,0,0.61,"B",0.00370252660756895,-5.59503042754367
2015,0,0.184,8000,0,0.66,"B",0.0022030652507253,-6.1157000970005
2015,0,0.1725,8000,0,0.54,"B",0.00106024135260388,-6.84819790183406
2015,0,0.138,11000,0,0.7,"A",0.0189708122850883,-3.94570060965847
2015,0,0.115,3500,1,0.21,"AA",0.000978757605206375,-6.92824730346245
2015,0,0.2185,25000,0,0.72,"C",1.39962962495453e-05,-11.1767038205592
2015,0,0.1265,12000,0,0.41,"A",0.000340791313758342,-7.98389940173591
2015,1,0.2875,10000,0,0.87,"Missing",0.511464044040622,0.0458642141861354
2015,1,0.3335,3300,0,0.91,"Missing",0.99948441502639,7.56969271289257
2015,0,0.092,3000,0,0,"AA",0.000853955595661852,-7.06477704081619
2015,0,0.1725,19300,0,0.39,"A",0.000103855718160008,-9.17240408632273
2015,1,0.2875,1500,1,0,"Missing",0.99573965479724,5.45413564214017
2015,0,0.138,4000,0,0.43,"B",0.0155487545737527,-4.14810383098792
2015,1,0.3335,4000,1,0.98,"Missing",0.997417601504417,5.95645092381621
2015,1,0.3335,3000,1,0.4,"Missing",0.988447661059782,4.44924777125563
2015,0,0.1265,10000,1,0.23,"AA",0.000559121390238214,-7.48858467456604
2015,0,0.1725,15000,0,0.65,"B",1.02207915111282e-05,-11.491076308071
2015,0,0.2875,7900,0,0.68,"C",0.672413984247024,0.719123534719055
2015,1,0.3335,2000,1,0.09,"Missing",0.997386510521518,5.94445207504954
2015,0,0.092,1000,0,0.05,"AA",0.000242230092095432,-8.32538023030837
2015,0,0.092,2500,0,0.06,"AA",0.000873213888214121,-7.04245643308993
2015,0,0.1955,4000,0,0.02,"AA",0.548952009533673,0.196437280502325
2015,0,0.1725,9000,0,0.3,"B",6.85688235774466e-06,-11.890250829423
2015,0,0.3105,3500,1,1.09,"Missing",0.0812621399422629,-2.42532061217456
2015,0,0.2415,6000,0,0.76,"D",0.0281919284451328,-3.54012261609124
2015,0,0.3335,2550,1,0.75,"D",0.0147752475139629,-4.19991647489092
2015,0,0.115,6000,0,0,"AA",0.00132433298524943,-6.62552114296572
2015,0,0.115,5000,1,0.06,"AA",8.90077945402485e-08,-16.2345418029374
2015,0,0.253,4000,0,0.47,"B",7.57521354602347e-05,-9.48796816807317
2015,0,0.2185,12200,1,0,"C",0.309270102732651,-0.803533846664102
2015,1,0.3335,4000,0,1.07,"Missing",0.997231332086808,5.88661646445241
2015,0,0.1495,3500,1,0.71,"C",0.000489066070847402,-7.62252377770647
2015,0,0.1495,25000,0,0.1,"AA",7.5874880249334e-05,-9.48634900908945
2015,0,0.115,8000,0,0.21,"A",0.00170239141377859,-6.37401746029904
2015,0,0.207,25000,0,0.69,"B",0.000687343938120545,-7.28198817302187
2015,0,0.23,5000,1,0.95,"C",0.152784727683063,-1.71292489891991
2015,0,0.3335,5500,0,1.02,"Missing",0.571605459332975,0.288404402026148
2015,0,0.138,15000,0,0.09,"A",0.00973201537912711,-4.62255459285072
2015,1,0.276,3000,0,1,"Missing",0.878482991607326,1.97814230696521
2015,0,0.276,3000,0,0,"Missing",0.0247533738612788,-3.67372859154557
2015,1,0.299,4500,0,0.96,"Missing",0.996228416556471,5.57648164035773
2015,0,0.092,2499,0,0.01,"AA",0.0595566606393026,-2.75942326262264
2015,0,0.2185,6000,1,0.61,"D",0.00269685844502286,-5.91296722077003
2015,1,0.3335,6500,0,0.89,"Missing",0.976332645336586,3.71970669524955
2015,0,0.161,22000,0,0.71,"A",0.0170615760646645,-4.05371755580142
2015,0,0.1035,5000,0,0.18,"AA",0.0321280540071221,-3.40537018626199
2015,0,0.299,1000,1,0,"Missing",0.577213403161748,0.311344495087673
2015,1,0.299,6000,1,0,"Missing",0.512663126667871,0.0506633406698205
2015,0,0.207,3000,1,0.95,"D",0.0416156666378785,-3.13677218232608
2015,0,0.184,25000,0,0.78,"B",2.50941968608158e-05,-10.5928488448101
2015,0,0.1725,11000,0,0.42,"A",0.00586960374027123,-5.13208125576762
2015,0,0.207,7500,0,0,"C",0.000738208022695233,-7.21054641887951
2015,0,0.115,6000,0,0.52,"A",0.00186513145118466,-6.28255687218662
2015,1,0.3335,5100,0,0.66,"Missing",0.871581589716059,1.91501571719598
2015,0,0.161,5000,1,0.39,"B",0.000834497753160233,-7.08784566116407
2015,0,0.138,15000,0,0.55,"A",0.00507278615001352,-5.27877937941827
2015,0,0.0575,1000,0,0.64,"D",0.00275881362176274,-5.89019191268954
2015,0,0.3335,10000,0,0.51,"D",0.000110834336393119,-9.10736309593497
2015,0,0.3335,5001,1,0.3,"D",0.0135723593604664,-4.28605464854383
2015,1,0.1955,5000,1,0.08,"C",0.566501170249632,0.26759004954075
2015,0,0.115,3000,1,0.32,"A",0.000292362969868572,-8.13722207442853
2015,0,0.23,12200,0,0.35,"C",0.105562087875539,-2.13689619935459
2015,0,0.23,10000,0,0.87,"C",0.00607515471555984,-5.09745413894818
2015,0,0.1955,10000,1,0.95,"D",0.0081051756372771,-4.80711425264544
2015,0,0.092,2500,1,0.24,"AA",0.00370647546322776,-5.593960502356
2015,1,0.3335,1000,0,0.45,"Missing",0.989556301401805,4.55125787069078
2015,0,0.1955,15000,1,0,"A",0.0011640187954024,-6.75471208575887
2015,0,0.3335,25000,0,0.6,"D",0.0015019882572604,-6.49946242636735
2015,0,0.1265,9000,1,0.85,"A",0.024501190626376,-3.68422722616825
2015,0,0.1955,1600,0,0.98,"C",0.000215448846541383,-8.44257157557612
2015,0,0.1725,7500,0,0.65,"B",0.00136416530216679,-6.59584744100912
2015,1,0.3105,1000,1,0,"Missing",0.908741056894649,2.29835919339876
2015,0,0.23,2400,1,0,"D",0.00581909967448612,-5.14077362770583
2015,0,0.161,1500,1,0.25,"AA",0.00034397687309601,-7.97459209617623
2015,0,0.1725,1100,0,0,"Missing",0.265318752678624,-1.01850478458384
2015,0,0.3105,2000,0,0,"Missing",0.247085665145995,-1.11421635724164
2015,1,0.2875,3000,0,0.62,"Missing",0.852809561430463,1.75680901634234
2015,0,0.1495,8000,0,0.57,"A",0.0042753245488432,-5.45061077173562
2015,0,0.092,3000,0,0.46,"AA",7.41049359740394e-06,-11.8126060980185
2015,1,0.1495,19000,0,0.08,"AA",0.940893428571036,2.76748776987129
2015,0,0.276,1500,0,0,"Missing",0.260443540804699,-1.04366452328459
2015,0,0.207,5600,0,0.33,"C",0.00123256528439403,-6.69742435885013
2015,0,0.2875,10000,1,0,"A",0.0417254637424373,-3.1340227254661
2015,1,0.299,3001,1,1.01,"Missing",0.796236285409707,1.36293492203449
2015,1,0.3335,3550,0,0,"Missing",0.917638288997715,2.41068263565485
2015,0,0.2645,21000,0,0,"B",0.00164243431044273,-6.40993201746308
2015,0,0.1725,12000,1,0.53,"B",0.0202632472862884,-3.87847514925727
2015,1,0.1955,3600,1,0.76,"D",0.15903909323682,-1.66539513324998
2015,0,0.1495,20000,0,0.46,"A",0.00280766619568769,-5.87259006098091
2015,1,0.2415,13500,0,0.84,"D",0.780451892311692,1.26830172311935
2015,0,0.3335,3800,0,0.84,"Missing",0.838725732468844,1.64877731422457
2015,0,0.2185,3725,0,0.78,"D",0.00134902976669473,-6.60701969572492
2015,0,0.092,1000,0,0.05,"AA",0.00131659406165759,-6.63138967176941
2015,0,0.2645,6001,0,0.61,"D",0.0195878026782016,-3.91306603256215
2015,0,0.138,15000,0,0.55,"A",0.00156901881785046,-6.45573456075502
2015,0,0.1495,8000,0,0.57,"A",0.0030398274049359,-5.792910082803
2015,0,0.1725,2000,0,0.54,"C",0.0104061654392958,-4.554896129631
2015,1,0.3335,3999,0,0.96,"Missing",0.458953165308461,-0.164557677204335
2015,0,0.2875,4000,0,0.02,"Missing",0.576936962187043,0.310211816058497
2015,0,0.115,6000,0,0.51,"AA",4.52877556066537e-05,-10.0024285688895
2015,0,0.1725,7000,0,0.95,"C",0.107436761856404,-2.11719495353358
2015,0,0.115,5000,0,0,"A",0.00781680240898041,-4.84363219339767
2015,0,0.1495,9000,0,0.26,"AA",0.00109159114841267,-6.81902669061447
2015,0,0.23,9000,0,0.94,"D",0.000458185535523685,-7.68777806594941
2015,0,0.1035,6500,0,0.09,"AA",0.00698874011125627,-4.95644170483846
2015,1,0.3335,5000,0,0.6,"Missing",0.999947977394479,9.86378018832853
2015,0,0.2415,4900,0,0,"D",0.0833398515410194,-2.39780994656774
2015,1,0.207,9999,0,0.92,"D",0.3100408210276,-0.799928465387423
2015,0,0.23,7500,1,0.62,"C",0.767737465183516,1.19557948503703
2015,1,0.1725,1100,0,0,"Missing",0.948767978097539,2.91879951344726
2015,0,0.1955,7500,0,0.2,"C",0.0269137610976923,-3.58783498945078
2015,0,0.3335,3500,0,0.83,"Missing",0.0987591464357282,-2.21108851831057
2015,0,0.115,1500,0,0.89,"A",4.36211837035875e-05,-10.039924038707
2015,0,0.115,5200,0,0,"A",1.14373253076065e-05,-11.3786169637405
2015,1,0.276,8000,1,0.93,"Missing",0.515185008551759,0.0607587188275671
2015,0,0.1725,4500,1,0,"C",0.0216563478322945,-3.81056237701046
2015,1,0.23,6500,0,0,"C",0.361936168874475,-0.566970459924397
2015,0,0.161,9250,0,0.92,"B",0.00115025682201527,-6.76661911917329
2015,0,0.184,3400,0,0.49,"C",0.00160623643485049,-6.43225392677005
2015,1,0.1955,3000,0,1.12,"Missing",0.912771369284783,2.34795282132648
2015,0,0.23,7500,0,0.99,"D",0.0630285607662894,-2.69906483154175
2015,0,0.115,1000,0,0.2,"A",0.000958748712638213,-6.94892233942779
2015,0,0.161,5000,0,0.34,"B",0.000216221961987926,-8.43898883076413
2015,1,0.2415,2550,0,0.24,"Missing",0.771694940377993,1.21790660152568
2015,0,0.3335,6000,0,0,"Missing",0.764254617378575,1.17614866705441
2015,1,0.1725,1500,1,0.85,"D",0.110563016600386,-2.08500301524385
2015,0,0.1725,9999,0,0.83,"C",0.0050664544687726,-5.28003468937354
2015,1,0.3335,3001,0,0.92,"Missing",0.827136807991186,1.56546962416007
2015,0,0.2875,2000,0,0,"D",0.0194291159425289,-3.92136217406794
2015,0,0.2875,7900,0,0.68,"C",0.020164519314255,-3.88346009030606
2015,0,0.2185,6000,1,0.61,"D",0.00160266012712619,-6.4344865050771
2015,0,0.23,12500,0,0.52,"A",0.000241926137968312,-8.32663613799533
2015,0,0.2185,10000,1,0.88,"D",0.0379699418343225,-3.23225085331461
2015,1,0.1955,1200,0,1.36,"Missing",0.201919158738754,-1.37434248412296
2015,0,0.1495,25000,0,0.27,"AA",0.000365767284581423,-7.91314742707461
2015,0,0.161,15000,0,0.59,"AA",0.0192309288520433,-3.9318171697014
2015,0,0.2875,25000,0,0.87,"A",0.000472740000322995,-7.65649215101828
2015,0,0.115,1000,0,0.24,"A",3.30291825045472e-05,-10.3180860392293
2015,0,0.276,15000,0,0.86,"B",6.60003063641194e-05,-9.62578517158354
2015,0,0.161,3500,0,0.94,"C",0.00493885091832232,-5.3056714951183
2015,0,0.253,20000,1,0.77,"B",0.000214455581298467,-8.44719344265371
2015,0,0.1955,7100,0,0.95,"D",0.0142193142552792,-4.23883270235941
2015,0,0.207,3001,0,0.8,"D",0.0278341950848017,-3.55326106726158
2015,0,0.207,3000,0,0.79,"B",2.9968357621785e-05,-10.4153385100719
2015,0,0.115,7000,0,0.17,"AA",0.00252044819581974,-5.98079490791653
2015,0,0.161,10000,0,0.44,"A",0.00293187801763396,-5.82917591524031
2015,0,0.23,21000,0,0.34,"AA",0.0019560991342947,-6.23484501170429
2015,0,0.23,3500,0,0.51,"D",0.622033473243969,0.498188268652932
2015,0,0.2645,4400,1,0,"Missing",0.041552571659374,-3.13835530062468
2015,0,0.23,12200,0,0.35,"C",0.00931961037758952,-4.66627114647296
2015,0,0.1955,4000,1,0.31,"D",0.0400356833451306,-3.17712497354779
2015,0,0.0575,2000,0,0.1,"AA",3.72181626633676e-05,-10.1986764533431
2015,0,0.184,11204,0,0.73,"B",0.00497788562859946,-5.29775973410079
2015,0,0.322,4750,1,0.14,"Missing",0.123010405644602,-1.96422617672589
2015,0,0.161,3000,0,0.95,"C",0.01038389860386,-4.55706069629373
2015,0,0.1265,6500,0,0.34,"A",1.73475208849037e-06,-13.2646443084996
2015,0,0.1495,15000,0,0.09,"AA",0.0013255232174037,-6.62462161392916
2015,0,0.276,3000,0,0,"Missing",0.663125271532024,0.677252783210571
2015,0,0.207,8000,0,0.35,"C",0.001327940309657,-6.62279735368177
2015,0,0.1265,25000,0,0.35,"AA",6.21472154748129e-05,-9.68594239516604
2015,1,0.3335,3500,0,0.88,"Missing",0.342701140368735,-0.651280043863518
2015,1,0.2875,6000,1,1,"Missing",0.958142944949589,3.13073661649925
2015,0,0.1035,2000,0,0,"AA",0.000634114493033121,-7.36264671582219
2015,0,0.115,1500,1,0.79,"A",0.000898676928885636,-7.01368787430117
2015,0,0.138,25000,1,0,"AA",5.20189320366042e-05,-9.86385080773095
2015,0,0.1265,6000,0,0,"A",0.17876397785648,-1.52474417311767
2015,0,0.1725,15000,0,0.04,"AA",0.00807052521861415,-4.81143344777132
2015,0,0.161,3000,0,0.98,"C",0.000954814695694673,-6.95303800141114
2015,0,0.2875,8000,1,0.85,"D",0.00230690437877694,-6.06953917956526
2015,0,0.161,9000,1,0.54,"B",0.000687773374865989,-7.28136316129167
2015,0,0.2185,5000,0,0.39,"C",0.00489631255588536,-5.31436455801454
2015,0,0.138,2000,0,0.01,"AA",0.000445116288750789,-7.71672977151906
2015,0,0.0805,1325,0,0.02,"AA",0.00342682917278802,-5.67268717058195
2015,0,0.3335,6000,1,0,"D",0.0845427212495468,-2.38216671511531
2015,1,0.253,2500,1,0.63,"D",0.103042808532103,-2.16386361810248
2015,0,0.23,5000,0,0.97,"C",0.00129127248528867,-6.65083501720335
2015,0,0.1725,2500,1,0.28,"B",0.000229761984606103,-8.37823684602231
2015,0,0.1035,2000,0,0,"AA",3.15830470446553e-05,-10.3628584837143
2015,0,0.1495,10000,0,0.15,"A",0.000177130147739555,-8.63844865178882
2015,0,0.207,9800,0,0.57,"C",0.0289615553671711,-3.51239678682703
2015,0,0.138,25000,0,0.07,"AA",0.00126037741101815,-6.67508289796093
2015,0,0.1955,5000,0,0.61,"C",0.0263038430375355,-3.61138424952852
2015,1,0.3335,3800,0,0.73,"Missing",0.936558617670908,2.69209574556623
2015,0,0.2875,10000,1,0,"A",0.0881324648270062,-2.33665376820241
2015,0,0.138,7500,1,0,"B",0.010779062734187,-4.51931208446003
2015,1,0.3335,2501,0,1.07,"Missing",0.539399357352033,0.15792483666577
2015,0,0.2645,7800,1,1.03,"C",0.000892735339566998,-7.02032725921503
2015,0,0.3335,6000,0,0,"Missing",0.606306613417873,0.431813421155486
2015,0,0.1725,8000,0,0.12,"B",3.82111997373149e-05,-10.1723436865521
2015,0,0.207,10000,0,0.27,"C",0.0247937416517733,-3.67205772707521
2015,0,0.207,20000,0,0.53,"A",0.0118700589335605,-4.42179503487209
2015,1,0.23,2018,0,0,"Missing",0.646313285903682,0.602872816053557
2015,0,0.322,12000,1,0.87,"D",0.0129815211505658,-4.33116186521007
2015,0,0.138,15000,0,0.55,"A",0.00239030060908445,-6.03394298115037
2015,1,0.2645,3000,0,0.86,"Missing",0.902124120695433,2.22105197846295
2015,0,0.23,8500,0,0.64,"C",0.00036451259790249,-7.9165848659173
2015,1,0.23,1500,0,0.41,"Missing",0.981657407131858,3.98001654031308
2015,0,0.322,5000,0,0.56,"Missing",0.237702592936511,-1.16531649477577
2015,1,0.2875,1500,1,0,"Missing",0.967562485003811,3.39546438356549
2015,0,0.138,5250,1,0.39,"B",0.0521633246856748,-2.89980254826227
2015,0,0.1035,8000,0,0,"AA",0.0796426453721611,-2.44721232829623
2015,0,0.1725,3500,0,0.56,"C",0.0026076011745644,-5.94671356358683
2015,0,0.207,3000,0,0.79,"B",3.21505090838594e-05,-10.3450501217344
2015,0,0.23,2550,0,0,"AA",0.00100457767344974,-6.9021829686139
2015,1,0.3335,2500,1,1.04,"Missing",0.970714832858935,3.50095159426083
2015,0,0.138,9000,0,0.05,"AA",0.000158517325119747,-8.74948813398098
2015,0,0.2875,3001,1,0.84,"D",0.0151790047815337,-4.17254668525992
2015,0,0.1725,4000,0,0.46,"B",0.000907538532615447,-7.00386658194933
2015,0,0.1265,6475,0,0.1,"AA",0.00225479633014675,-6.09243828712083
2015,0,0.1725,12000,0,0.33,"B",0.000125724487672443,-8.98129191850843
2015,1,0.3335,4500,0,0.94,"Missing",0.673804078525344,0.725441197009376
2015,0,0.161,10000,0,0.65,"C",0.0833860664310305,-2.3972051470873
2015,0,0.3335,5108,0,0,"Missing",0.079816110180772,-2.44484816426308
2015,0,0.138,4000,0,0.04,"AA",0.00347392759922831,-5.6589894764353
2015,1,0.1955,1075,1,0.9,"Missing",0.670692796381781,0.711320137908543
2015,0,0.2875,4500,1,0.93,"Missing",0.0760036770468616,-2.49792637083432
2015,1,0.276,3000,0,0.91,"Missing",0.188087092215114,-1.46248796596357
2015,1,0.3335,15000,0,0.97,"D",0.9421035018685,2.78945824170697
2015,0,0.1955,5000,0,0.78,"C",0.000763647977169473,-7.17663969814395
2015,0,0.0805,1000,0,0.12,"C",1.88011565197995e-05,-10.8815733716766
2015,0,0.276,5000,1,0.47,"C",0.810269050947005,1.45175934318841
2015,1,0.3335,3001,1,0,"Missing",0.996104701699739,5.54408211242505
2015,0,0.1035,2500,1,0.24,"AA",9.96643366274011e-07,-13.8188718411796
2015,0,0.115,10000,0,0.12,"A",0.000283103985602157,-8.16941314345328
2015,1,0.3335,2500,1,1.04,"Missing",0.99972542018746,8.1999939656952
2015,0,0.1725,2500,1,0.28,"B",0.0550236082038645,-2.8433976117498
2015,0,0.1725,5000,0,0.7,"C",0.0103148585121511,-4.56380142392181
2015,0,0.23,4500,0,0.39,"D",9.38719902238671e-06,-11.576154215675
2015,1,0.253,1100,1,0,"Missing",0.999816664829839,8.60401119741802
2015,1,0.3335,5500,1,0.89,"Missing",0.851486894547158,1.74631090240866
2015,0,0.2645,5000,0,0,"D",0.000482327959003874,-7.6364038181019
2015,0,0.2875,2750,1,0,"Missing",0.167053587844898,-1.6066546627083
2015,0,0.2185,20000,1,0.82,"B",0.00143060785583024,-6.54822421886924
2015,0,0.115,6500,0,0.67,"A",0.0129676944456474,-4.33224154798034
2015,0,0.276,4000,0,0.92,"D",0.00591310093733842,-5.12465423933595
2015,0,0.1035,2500,0,0.28,"AA",0.00094661306293628,-6.96167307935514
2015,0,0.1955,4800,0,0.88,"C",0.0503422631061891,-2.93725669760858
2015,0,0.161,10000,0,0.44,"A",0.00255308300965761,-5.96789727901296
2015,0,0.207,19200,0,0,"AA",0.548803719402689,0.195838396933121
2015,1,0.1955,3600,1,0.76,"D",0.420561810276264,-0.320467534755513
2015,0,0.1495,2600,1,0.1,"C",0.126256304569782,-1.93447307389644
2015,0,0.1495,9500,0,0.27,"A",2.8673549973438e-05,-10.4595067898884
2015,0,0.092,2000,0,0.23,"AA",0.00883297321909745,-4.72039138795837
2015,0,0.3335,2550,1,0,"Missing",0.830940842953244,1.59230990917003
2015,0,0.1955,3000,0,0.88,"D",0.000107730830993184,-9.13576701078805
2015,1,0.3335,5500,0,0.99,"Missing",0.994821526128362,5.25805295685684
2015,0,0.253,6001,0,0.25,"Missing",0.0038683965059089,-5.5510392992572
2015,0,0.115,10000,0,0.15,"AA",0.000132273722758538,-8.93050484270411
2015,0,0.207,15000,0,0.58,"C",0.00100103614623811,-6.90571813165548
2015,0,0.2185,13500,0,0.78,"B",0.569957480297923,0.281677675250532
2015,0,0.1955,5000,0,0.34,"D",0.000183402722498558,-8.60364273411515
2015,0,0.23,5000,1,0,"C",0.000270509656724111,-8.21493221452928
2015,1,0.3335,20000,0,0.61,"D",0.976060721849018,3.70800425223529
2015,0,0.2415,5000,0,0.85,"C",0.00143531192900312,-6.54493673828897
2015,0,0.1725,9500,0,0.36,"A",0.000132932237312588,-8.92553811239537
2015,0,0.1725,3600,0,0.28,"A",0.0411128594244138,-3.14945242953202
2015,0,0.2415,25000,0,0.99,"C",0.016796240805337,-4.069661281889
2015,0,0.1955,15000,0,0.52,"B",0.000968114235457126,-6.93919188265396
2015,1,0.2645,10000,0,0,"D",0.426185484915584,-0.297431537539266
2015,0,0.23,2500,0,1,"C",0.0130008847811798,-4.32965172776194
2015,0,0.161,3500,0,0.94,"C",0.000144605859601193,-8.84135410991477
2015,0,0.3335,3550,0,0,"Missing",0.0294273180060063,-3.49596286429352
2015,1,0.3105,7500,0,0.94,"Missing",0.999951664606132,9.93729813680475
2015,0,0.2645,5000,0,0.97,"Missing",0.107463373987909,-2.11691746793569
2015,0,0.23,15000,0,1.03,"D",0.00460718076320761,-5.37552133062548
2015,0,0.1265,14000,0,0.56,"AA",0.000122484580815472,-9.00740291471334
2015,0,0.184,2000,0,0.89,"C",0.00129821515253616,-6.64546585891095
2015,0,0.1265,15000,0,0.01,"AA",1.62546332307761e-05,-11.0271163131688
2015,0,0.2875,13000,0,0.93,"D",0.491160314287026,-0.0353624274545248
2015,1,0.3335,1800,0,1.11,"Missing",0.860976188938474,1.82342162786062
2015,0,0.276,3000,0,1.99,"Missing",0.538515605040153,0.15436823526245
2015,1,0.322,3500,0,0,"Missing",0.998679151351504,6.6281591116999
2015,1,0.3335,4000,1,0,"Missing",0.999537843998878,7.6791457962836
2015,1,0.2645,2000,0,1.13,"Missing",0.98760473647439,4.37796812750432
2015,0,0.115,3000,0,0.04,"AA",0.000129137010596329,-8.9545074742338
2015,0,0.2185,25000,0,0.72,"C",0.0507415659712616,-2.92893566765906
2015,0,0.23,5000,0,0.72,"Missing",0.0411170105579465,-3.14934713627934
2015,0,0.1955,3500,0,0,"B",0.00102424465782904,-6.88277508768653
2015,0,0.2185,7000,0,1,"C",0.000172531988153733,-8.66475535323859
2015,0,0.23,8500,0,0.89,"D",0.00361511460901712,-5.61901005520742
2015,1,0.322,10000,0,0.24,"C",0.0691453795177865,-2.59989187330423
2015,0,0.2645,3100,0,0.78,"Missing",0.00309028150566813,-5.77639802377841
2015,0,0.2875,9000,0,0.56,"B",0.161857329492382,-1.64447307213517
2015,0,0.23,1990,1,1,"D",0.110157716033435,-2.08913111696608
2015,1,0.3335,5000,0,0.73,"Missing",0.973843649510371,3.61715875706072
2015,0,0.1725,12000,0,0.52,"C",0.00308766153431457,-5.77724882139408
2015,0,0.207,3000,1,0.93,"C",0.00343956752648314,-5.6689640381077
2015,0,0.184,25000,0,0.76,"AA",0.00451931116682741,-5.39486613934522
2015,0,0.23,5000,0,0.87,"D",0.0316159285643353,-3.42196771451237
2015,0,0.1955,1075,1,0.9,"Missing",0.640852425853432,0.57906583146893
2015,0,0.184,5000,0,0,"C",0.000150047016392779,-8.8044118120878
2015,0,0.1495,25000,0,0.05,"AA",0.000198768153716001,-8.52317268123872
2015,0,0.276,1750,1,0.91,"Missing",0.745203948339338,1.07319450933469
2015,0,0.23,5000,0,0.16,"A",2.08257323284451e-05,-10.7793003787488
2015,1,0.276,4500,0,1.46,"Missing",0.466570856248824,-0.133916350140643
2015,0,0.138,1800,0,0.39,"B",1.62010855325018e-05,-11.030416108575
2015,1,0.3335,5000,0,0,"Missing",0.568814641564554,0.277016555677585
2015,0,0.2415,5000,1,0.94,"C",0.175515185552921,-1.54703315740716
2015,0,0.3335,7400,0,0,"Missing",0.490520087959604,-0.0379241928627945
2015,1,0.1955,3500,0,0.96,"Missing",0.992452846094561,4.87900897517627
2015,1,0.23,1750,0,0.96,"Missing",0.921527765572892,2.4632880468444
2015,0,0.161,25000,0,0.58,"AA",0.0797042821662016,-2.44637173791033
2015,0,0.3335,2700,0,0,"Missing",0.778892167055213,1.25922209706173
2015,1,0.3335,2500,1,1.01,"Missing",0.805413231081135,1.42047729997188
2015,0,0.276,3000,0,0.85,"Missing",0.115958517233133,-2.03127147065406
2015,0,0.1725,2500,0,0.24,"C",0.20900627822484,-1.33092573979609
2015,0,0.138,4000,0,0.04,"AA",0.000616242714388196,-7.39125322250109
2015,0,0.1955,5000,0,0.34,"D",0.00100240584465282,-6.90434941515079
2015,0,0.2875,5000,0,0.9,"D",0.0820101303170468,-2.4153435752703
2015,1,0.276,1000,1,0.98,"Missing",0.900985655768841,2.20822460627356
2015,0,0.2415,13500,0,0.84,"D",0.00122289419480185,-6.70531129631526
2015,1,0.3335,3500,0,0.88,"Missing",0.977099209862785,3.75341677852106
2015,0,0.322,3500,0,0.93,"D",0.739097628892672,1.04128374139901
2015,0,0.161,7500,1,0.54,"B",0.00979155514496592,-4.61639517704358
2015,0,0.3335,6000,0,0.43,"D",0.133995169432417,-1.86608673628018
2015,0,0.092,3001,0,0.14,"AA",0.0567304033154554,-2.81104185363547
2015,0,0.1725,5500,1,0,"C",0.149532250403035,-1.73827440044625
2015,0,0.207,5000,0,0.92,"B",0.0423155840839366,-3.11936286772551
2015,0,0.3335,2600,1,0,"Missing",0.0352208738579268,-3.31026027614184
2015,0,0.115,6000,0,0,"AA",2.05428183567871e-06,-13.0955821885008
2015,0,0.0805,3000,0,0.06,"AA",0.00340508430751369,-5.67907468497029
2015,1,0.1035,1025,1,0.76,"D",0.615241316123018,0.469398232139061
2015,0,0.1725,4500,1,0.49,"C",0.0263664491467671,-3.60894266542808
2015,0,0.253,15000,0,0,"C",0.00698677685305037,-4.95672463870575
2015,0,0.1725,5500,0,0.28,"C",0.000877445055623649,-7.03761838902267
2015,0,0.1955,1775,0,0.9,"D",0.00305529870601979,-5.78781793936726
2015,0,0.1725,5000,0,0.35,"B",0.00668494934032228,-5.00118925287245
2015,1,0.3335,5500,0,1.02,"Missing",0.814769832067175,1.48130645596076
2015,0,0.1955,6500,1,0.33,"C",0.0408857328597868,-3.15522904781407
2015,1,0.3335,4000,1,0.92,"Missing",0.986171378745194,4.26708970325634
2015,1,0.161,2000,0,0.5,"C",0.950977784295554,2.96521712482276
2015,0,0.207,3002,1,0.8,"D",0.00294192329766403,-5.82574546937683
2015,1,0.1725,4400,0,0.8,"Missing",0.97913500358887,3.84859659046199
2015,1,0.3335,1000,0,0.92,"Missing",0.803177045050771,1.40627055034171
2015,0,0.23,2700,1,0.87,"D",0.897226855757061,2.16678465893432
2015,1,0.299,1000,1,0.33,"Missing",0.654386555130859,0.638377300588513
2015,0,0.184,8200,0,0.87,"C",0.0207098300231327,-3.85621952497475
2015,0,0.1495,25000,0,0.27,"AA",0.000142453354653852,-8.85635348410196
2015,0,0.1265,8000,0,0,"A",0.452595438988079,-0.190189472917756
2015,0,0.1265,3000,0,0,"B",7.10658239402747e-05,-9.55183294431306
2015,0,0.207,14500,1,0.66,"B",0.403515411480333,-0.390838723211073
2015,1,0.3105,3200,0,0.98,"Missing",0.991711815824384,4.78460164960602
2015,0,0.207,7500,0,0,"C",0.015178859161348,-4.17255642669712
2015,0,0.184,17000,0,0,"A",4.69356414515725e-05,-9.96668628871904
2015,0,0.3335,7000,0,0.7,"D",0.0144568622068784,-4.22202370308715
2015,0,0.161,14500,0,0.48,"A",0.0019256895655924,-6.25054361340471
2015,0,0.2185,5000,0,0.42,"B",0.00341096895463424,-5.67734207755909
2015,1,0.1955,11000,0,0.61,"C",0.984178887180882,4.13046237403077
2015,0,0.2185,25000,0,0.66,"A",8.18092188001877e-05,-9.4110388088715
2015,0,0.2875,9000,0,0.43,"D",0.0166222028728357,-4.08025405292482
2015,0,0.138,15000,0,0.09,"AA",0.000152524574909844,-8.78803229174182
2015,1,0.1955,5000,0,0.34,"D",0.761070710897035,1.15855862527599
2015,1,0.3335,2200,0,1.06,"Missing",0.905318543768162,2.25776869874113
2015,0,0.161,8000,0,0.21,"B",0.181174381502917,-1.50841113997519
2015,1,0.23,2200,0,0.92,"Missing",0.999770595544362,8.37979449967702
2015,0,0.0805,1000,0,0.02,"AA",0.00107436728734094,-6.8349484157596
2015,1,0.3335,4500,1,1.32,"Missing",0.949249951031394,2.92875956470522
2015,0,0.161,8000,0,0.44,"A",2.50732023605408e-05,-10.5936858436763
2015,0,0.253,6001,0,0.01,"D",0.070652038120172,-2.57671626715068
2015,0,0.2185,16000,0,0,"A",0.00740908801441762,-4.89761125058806
2015,0,0.092,3000,0,0,"AA",0.000929473110593354,-6.9799627747763
2015,0,0.322,1000,0,0,"Missing",0.289939113608781,-0.895679773975041
2015,0,0.161,1400,0,0.61,"C",0.000121456329202321,-9.01583432652223
2015,1,0.2645,5000,0,0.97,"Missing",0.957994145672123,3.12703266963413
2015,0,0.115,3000,0,0.05,"AA",0.000101194031680009,-9.19836957919187
2015,0,0.1725,10000,0,0.66,"B",0.000240848138728014,-8.33110307570079
2015,0,0.207,18000,0,0.15,"B",0.00243970201858276,-6.01343668772545
2015,0,0.207,4800,0,0.89,"C",0.0386543480198951,-3.21367475779427
2015,1,0.3335,4600,0,0.9,"Missing",0.99689703755667,5.77229021031764
2015,1,0.3105,2550,0,0.98,"Missing",0.994030819995028,5.11515864683725
2015,0,0.092,3001,0,0.32,"AA",3.40474109356167e-05,-10.2877225174023
2015,1,0.3335,5000,1,0,"Missing",0.598607199431228,0.39966512206296
2015,0,0.207,5000,0,0.99,"D",0.0402046317007725,-3.17273789829365
2015,0,0.3105,3000,1,0.79,"D",0.171768825698899,-1.57314277528134
2015,1,0.3335,4500,1,1.52,"Missing",0.998908211155491,6.81884540091148
2015,1,0.253,7300,0,0.74,"D",0.293811198427888,-0.876945247231543
2015,0,0.23,1500,0,0.88,"Missing",0.0146541525202914,-4.20826894995532
2015,0,0.2645,4400,1,0,"Missing",0.044349585900532,-3.07028879891492
2015,0,0.2645,5000,0,0.37,"D",0.00446185502043102,-5.40771883675499
2015,0,0.23,4000,0,0,"Missing",0.45188963039844,-0.1930387015704
2015,0,0.1725,25000,0,0.16,"AA",8.69767104270218e-05,-9.34978319089473
2015,0,0.1725,3500,0,0.56,"C",0.00103050314738955,-6.87667706892223
2015,0,0.23,1500,0,0.8,"D",0.0013212377060587,-6.62786421429349
2015,0,0.1955,5000,1,0.98,"B",1.56428566526217e-05,-11.0654805461233
2015,0,0.253,7000,0,0.75,"C",0.00129121658022229,-6.65087836867196
2015,0,0.1955,2000,0,0.25,"Missing",0.00068573218878407,-7.28433743441035
2015,0,0.207,10000,0,0.66,"B",0.0157782111379591,-4.13322132046137
2015,0,0.1725,5000,0,0.92,"B",0.0112087166010316,-4.47979152777497
2015,0,0.23,5000,0,0.16,"A",0.0122403972470656,-4.39069761970663
2015,0,0.1955,4000,1,0.76,"D",0.182360216260603,-1.5004379361942
2015,0,0.23,5000,0,0.96,"C",0.00190478717273058,-6.26147839340928
2015,1,0.3335,1000,1,1,"Missing",0.41438183536893,-0.345880124587867
2015,0,0.276,15000,0,1.03,"D",0.147751113310544,-1.75234941334339
2015,0,0.1955,2000,0,0,"D",0.000937332601947163,-6.97153460181324
2015,0,0.115,10000,0,0.12,"A",0.00052537905326226,-7.55086503256672
2015,1,0.3335,2500,0,0.83,"D",0.7759230067355,1.24206358440874
2015,0,0.1265,3000,0,0.89,"B",0.422911638837313,-0.310832128125843
2015,1,0.3335,2500,0,0,"Missing",0.846969158472759,1.7110248016365
2015,0,0.1725,5600,0,0.07,"A",0.00693617994034014,-4.96404374983191
2015,0,0.1725,12000,0,0.52,"C",0.129752183876934,-1.90315166388033
2015,1,0.0805,6500,0,0.75,"Missing",0.789521683710151,1.32204466111893
2015,0,0.207,10000,0,0.96,"C",0.0103460668991742,-4.56074888174524
2015,1,0.3335,2700,0,0,"Missing",0.99663777219046,5.69178359336749
2015,0,0.23,4100,1,0.8,"D",0.0121965221249998,-4.39433292955223
2015,0,0.161,3500,0,0.94,"C",0.00314813472189241,-5.75779205279314
2015,0,0.3335,2000,0,0,"Missing",0.0255323092444125,-3.6419466843561
2015,1,0.3335,2550,0,0.91,"Missing",0.957002317456734,3.10265959313636
2015,0,0.1725,4500,1,0.49,"C",0.150061365459578,-1.73411983871961
2015,0,0.115,10000,0,0.15,"AA",3.727840427112e-05,-10.1970590938501
2015,0,0.161,20200,0,0.86,"A",0.00945404989463864,-4.65181304590157
2015,0,0.23,5000,0,0.43,"D",0.00022325223392803,-8.40698505470276
2015,1,0.3335,2000,1,1.08,"Missing",0.989365199236003,4.53293181008594
2015,1,0.3335,3025,1,0,"Missing",0.990543343496801,4.6515347389794
2015,0,0.1955,7000,0,0.51,"B",0.0263066208076447,-3.61127579908584
2015,0,0.1035,1400,1,0.9,"D",0.0269454178010628,-3.58662692046116
2015,0,0.3335,2525,0,0,"D",0.636620613532377,0.560726464721873
2015,0,0.207,3000,1,0.95,"D",0.489018653312164,-0.0439324514111417
2015,0,0.2645,5000,0,0.39,"D",0.00643419087990026,-5.03967420372288
2015,0,0.184,25000,0,0.92,"A",0.0155852127513008,-4.1457247758335
2015,0,0.1725,1000,1,0.55,"B",0.0196470954003649,-3.9099831029621
2015,0,0.1035,5000,1,0,"AA",0.000110836238842839,-9.10734592937509
2015,1,0.3335,3000,0,0.91,"Missing",0.996922581099044,5.78058188860923
2015,1,0.3335,5000,1,0.94,"Missing",0.935543061472964,2.67512979398231
2015,0,0.1725,2000,1,0.49,"D",0.911817312034619,2.33602899208159
2015,1,0.2645,1600,1,1.46,"Missing",0.944038370932971,2.8255005518442
2015,0,0.2645,8100,0,0.93,"C",0.125176610850948,-1.94429639808799
2015,0,0.161,6001,0,0.54,"A",0.0142159976181315,-4.23906934277916
2015,1,0.3335,2500,0,1.09,"Missing",0.619411840015492,0.487052537092424
2015,0,0.1265,5000,0,0.12,"A",0.00720458564988695,-4.92580689586615
2015,0,0.1725,5000,0,0.74,"C",0.0623306689696418,-2.7109437778301
2015,1,0.3105,6000,0,0.85,"Missing",0.846846955264511,1.71008227414272
2015,0,0.3335,7000,0,0.36,"Missing",0.301251779635799,-0.841344085289058
2015,0,0.23,25000,1,0.19,"C",0.022855264369833,-3.75545330500654
2015,0,0.2645,8000,0,0.87,"D",0.664663600505627,0.684146843191071
2015,0,0.1265,4000,0,0,"B",0.0049522688383119,-5.30294488428089
2015,0,0.2875,14000,0,0.8,"D",0.035177765340138,-3.31152965503664
2015,1,0.299,1000,0,0,"Missing",0.793175507592902,1.34417394733848
2015,0,0.23,19900,0,0.98,"A",0.00121881660762952,-6.70865532476297
2015,0,0.161,7500,0,0.67,"B",0.00566194356220254,-5.16831002703669
2015,1,0.3335,3000,0,0,"Missing",0.950268472759596,2.95010546467408
2015,0,0.2185,15000,0,0.37,"C",3.21907381617204e-05,-10.3437995902616
2015,0,0.23,3000,0,0.39,"D",0.00994861636420218,-4.60032336181739
2015,0,0.322,5000,0,0.96,"Missing",0.194186606738847,-1.42303260654315
2015,0,0.115,10000,0,0.18,"AA",0.000728686109185676,-7.22353854419939
2015,0,0.207,13000,0,0.95,"B",0.00364690521882811,-5.61022278490846
2015,0,0.2875,9500,0,0.64,"D",0.00415554420492111,-5.47914768086409
2015,0,0.253,25000,0,0.7,"C",0.00260059446828769,-5.94941123655188
2015,0,0.2415,6000,0,0.76,"D",0.00615186687205492,-5.08482881922429
2015,1,0.3105,1700,1,0,"Missing",0.975049678500553,3.66560171414421
2015,0,0.2875,15000,0,0,"C",0.010586278287777,-4.53755390604359
2015,0,0.1265,1000,0,0.05,"C",0.0125520386894665,-4.36524070021888
2015,0,0.23,7500,0,0.74,"C",0.00299263213914241,-5.80860484571764
2015,0,0.1725,19500,0,0.59,"AA",0.00384029229915814,-5.55835911055217
2015,0,0.115,7500,0,0,"AA",0.000234532405276575,-8.35768223090014
2015,0,0.138,6250,0,0.21,"AA",0.00310357053721815,-5.77209364748828
2015,1,0.1265,5000,1,0,"Missing",0.897373304831227,2.16837386014023
2015,0,0.0805,1000,0,0,"AA",9.69164789450154e-06,-11.5442363934735
2015,0,0.3335,3000,1,0.59,"D",0.0543074841818032,-2.85725543240524
2015,1,0.3335,5200,0,0,"Missing",0.980284129997141,3.90641856287509
2015,0,0.299,5000,0,0,"Missing",0.360074475257932,-0.575040916221162
2015,0,0.184,8000,0,0.9,"B",0.00024313530753578,-8.32164928358648
2015,0,0.161,7500,0,0.14,"A",0.000145387207940094,-8.83596457736125
2015,0,0.1035,6001,0,0.22,"AA",2.25100077943734e-06,-13.0041333987737
2015,1,0.23,5000,1,0.43,"D",0.0500628283707501,-2.94311706325741
2015,0,0.253,15000,0,0.83,"D",6.66339548586169e-05,-9.61622964145151
2015,0,0.1495,10000,0,0.15,"A",6.04418174277918e-06,-12.0164083998556
2015,0,0.1725,1000,0,0,"Missing",0.00412553619158145,-5.48642521211071
2015,0,0.2185,3001,0,0.48,"D",0.00390246020485097,-5.542238008303
2015,0,0.184,8200,0,0.87,"C",0.00627787739112869,-5.06442568455072
2015,0,0.1955,1775,0,0.9,"D",0.197908087624233,-1.39942048625926
2015,1,0.3105,1000,1,0.88,"Missing",0.890438976368445,2.09523288553689
2015,0,0.23,24000,0,0.76,"C",0.00542630102681431,-5.21105651082244
2015,0,0.3335,3500,0,0.9,"Missing",0.0897029151731099,-2.31726774539545
2015,0,0.3335,10000,0,0.51,"D",0.496559029345097,-0.0137640999167341
2015,0,0.1725,14500,1,0,"A",7.70968756547805e-05,-9.47037070165261
2015,0,0.23,3100,1,0.92,"C",0.0690035489291004,-2.60209752828621
2015,1,0.1955,1700,0,0.8,"Missing",0.990024741402395,4.59762204712006
2015,1,0.3335,5000,0,0.9,"Missing",0.66014647706182,0.663947035443599
2015,0,0.2875,15000,0,0.45,"C",0.0383468677382147,-3.22198096745872
2015,1,0.299,2000,1,0,"Missing",0.997305309761169,5.91377369298428
2015,0,0.2185,3001,0,0.48,"D",0.00260531117648127,-5.94759444646131
2015,0,0.2645,4900,0,1,"D",0.654258717626427,0.637812109375067
2015,0,0.2875,15000,0,0.45,"C",0.0242555472022262,-3.69455537914818
2015,0,0.138,17000,0,0.19,"AA",0.000136815337990898,-8.89674161454622
2015,0,0.1725,2000,0,0,"B",8.81500914378468e-05,-9.33638145784573
2015,0,0.1725,9900,0,0.72,"B",0.000109796826714197,-9.11676912705095
2015,0,0.1495,5000,0,0.69,"A",7.20115633900798e-06,-11.8412617410152
2015,0,0.23,9000,0,0.88,"D",0.0259771601596241,-3.62421705634135
2015,0,0.1725,2650,1,0.42,"D",0.00440310939051177,-5.42103147635078
2015,0,0.1955,1775,0,0.9,"D",0.000220545217167248,-8.41918724804166
2015,0,0.3335,3000,0,1.34,"Missing",0.0639974286485341,-2.6827753184583
2015,0,0.2185,5000,0,0.39,"C",0.746988829911989,1.08261659345887
2015,0,0.1035,6001,0,0.22,"AA",0.00672763742952036,-4.99478087755228
2015,0,0.115,3900,0,0.41,"AA",0.00063159891909419,-7.36662418849969
2015,0,0.276,20000,1,0.88,"C",0.0304445405629594,-3.46093099098629
2015,0,0.253,6001,0,0.98,"C",0.025755332726558,-3.63302076868488
2015,0,0.2185,3000,0,0.97,"C",0.00326599402746029,-5.72091977411027
2015,0,0.2645,15000,1,0.76,"B",0.00597755369813503,-5.1137483845074
2015,0,0.161,10000,0,0.65,"C",0.0230751520812462,-3.74565335670996
2015,1,0.322,4000,0,0.53,"Missing",0.589451563849003,0.361698636807818
2015,0,0.1725,1500,0,0.77,"C",0.0261619165228011,-3.61694026561311
2015,0,0.23,10000,0,0.64,"D",0.00534655834047106,-5.22594132359383
2015,0,0.23,5000,0,0.22,"D",0.0198524686891325,-3.89937473587729
2015,1,0.3335,2500,0,0.83,"D",0.193496311475128,-1.42745002090713
2015,0,0.1035,8000,0,0,"AA",8.98424555341216e-06,-11.6200290243125
2015,1,0.3335,4000,0,0.98,"Missing",0.998162691399482,6.29761449676369
2015,0,0.115,7000,0,0.51,"AA",4.65330585089253e-05,-9.975301028149
2015,0,0.1035,3001,0,0.34,"AA",0.019809579690007,-3.9015812158047
2015,1,0.2645,2400,0,0.91,"Missing",0.874483712149933,1.94119813513983
2015,0,0.1035,2000,0,0.13,"AA",0.0114958570445984,-4.45420612028594
2015,0,0.1725,10200,0,0,"C",0.00285301469793276,-5.85652196271569
2015,0,0.184,8000,0,0.9,"B",0.00023483446859902,-8.35639481891237
2015,0,0.2875,4000,1,0.99,"Missing",0.8520335681281,1.75064048890247
2015,0,0.1495,12500,0,0,"AA",0.000141230045096584,-8.86497923155129
2015,0,0.1265,2500,1,0,"B",0.000792660997529641,-7.13932194606897
2015,0,0.2415,15500,0,0.66,"A",0.00065869731193607,-7.32458752883983
2015,0,0.3335,4000,0,0.8,"D",0.740097810041784,1.04647698542692
2015,1,0.3335,2000,0,0,"Missing",0.970487095697292,3.49297050428018
2015,0,0.161,2500,0,0.24,"C",0.014526119372613,-4.21717425755689
2015,0,0.1265,2500,1,0,"B",0.000907549862105254,-7.00385408693124
2015,0,0.138,9000,0,0.12,"A",8.89339038228076e-06,-11.6301933173764
2015,0,0.1495,1200,0,0.72,"D",0.146147524746363,-1.76514187823949
2015,0,0.115,5000,0,0,"A",0.000924396289754726,-6.98544486944405
2015,0,0.1725,15000,0,0.16,"AA",9.08845457292139e-06,-11.6084965897131
2015,0,0.0805,1000,1,0,"Missing",0.0812963030253312,-2.42486310912966
2015,1,0.3105,1000,0,0,"Missing",0.993168144866422,4.9793037277282
2015,0,0.2875,10000,1,0.71,"D",0.0205208307657274,-3.86558046528241
2015,1,0.3335,3500,0,0.83,"Missing",0.981693042417704,3.98199749204867
2015,0,0.115,5000,0,0.52,"AA",0.00370677255949359,-5.59388005136172
2015,1,0.2415,5000,0,0.95,"D",0.427128760487053,-0.293575463990516
2015,0,0.1725,9990,0,0.2,"A",0.00041931165545951,-7.77647670715962
2015,1,0.3335,15000,0,0.98,"Missing",0.807025726982959,1.43079866795266
2015,0,0.207,25000,0,0.6,"A",0.0551438881500258,-2.84108673605207
2015,1,0.3105,1800,1,0.1,"Missing",0.996665201189967,5.70000255661647
2015,0,0.2645,2400,0,0.91,"Missing",0.102252593076348,-2.17244258992381
2015,1,0.3335,1000,1,1,"Missing",0.981772684451833,3.98643847610856
2015,0,0.1725,25000,0,0.09,"C",0.00161762523730527,-6.42517717311697
2015,1,0.253,10000,0,0.93,"D",0.106440885324741,-2.12762272954224
2015,0,0.3335,2000,0,0.98,"Missing",0.376757290433258,-0.503334836718427
2015,0,0.2645,7500,0,0.89,"D",6.87029984692828e-05,-9.5856490084887
2015,0,0.1725,10000,0,0.41,"C",0.546617868281179,0.1870146350602
2015,0,0.1035,5000,0,0.54,"A",0.0316423580063755,-3.4211048176701
2015,1,0.3335,5000,1,0.96,"Missing",0.889713051409087,2.08781340379913
2015,1,0.3335,6000,1,0.79,"Missing",0.992782197915487,4.92396081640874
2015,0,0.2875,12000,0,0.43,"C",0.00094611258745162,-6.96220242134009
2015,0,0.138,4700,0,0.09,"B",0.107369740328475,-2.11789405724665
2015,0,0.1725,5000,0,0.27,"B",0.000369925195779067,-7.90183975270094
2015,1,0.3335,3000,0,0.92,"Missing",0.728648180266001,0.987774802860441
2015,0,0.207,1000,1,0.61,"D",0.701096891781974,0.852526628766599
2015,0,0.161,16500,0,0.2,"AA",2.91386261489807e-06,-12.7460280840048
2015,0,0.1725,1000,1,0.73,"C",0.0263309889811089,-3.61032488767119
2015,0,0.3335,2550,0,0,"Missing",0.802689147941365,1.40318711125361
2015,0,0.1955,15000,1,0.98,"B",6.24844641301472e-06,-11.9831714505673
2015,0,0.207,1600,0,0.94,"D",0.000132722231954257,-8.92711936416796
2015,0,0.1725,3500,0,0.3,"C",0.00246140849037351,-6.00455709308743
2015,0,0.1725,14700,0,0.37,"AA",0.00377074504608648,-5.57670479986348
2015,0,0.1035,2000,0,0.02,"AA",0.00200569564479053,-6.20975661364496
2015,0,0.299,1500,0,0,"Missing",0.0294592088091524,-3.49484687860474
2015,0,0.253,3600,0,0.57,"D",0.0248327326979606,-3.67044636272539
2015,0,0.1955,1500,0,0,"Missing",0.0201437187258872,-3.88451339511539
2015,0,0.3335,12000,0,0.92,"C",0.0732200056088654,-2.53824752234955
2015,0,0.1955,1675,0,0.95,"Missing",0.435485281234254,-0.259505458911046
2015,0,0.138,13000,0,0.36,"AA",0.000176578427273922,-8.64156883910378
2015,0,0.184,3300,0,0.3,"C",0.00162162416956838,-6.42270411774644
2015,0,0.2645,9500,0,0.53,"D",0.0440606078481672,-3.07712837651349
2015,0,0.115,4000,0,0.34,"A",0.000270575896869943,-8.21468730659794
2015,0,0.161,3000,0,0.85,"C",0.00050737414897835,-7.5857543572029
2015,0,0.092,2000,0,0.05,"AA",1.5748861344565e-06,-13.3613260089959
2015,0,0.184,5000,0,0,"C",0.0157772990795835,-4.13328005374049
2015,0,0.2645,8500,1,1.13,"Missing",0.904121282293792,2.24387947769038
2015,0,0.276,4000,0,0.89,"D",0.33447528115876,-0.688012801451377
2015,0,0.2415,25000,1,0.01,"B",0.0031290890295681,-5.76387936679309
2015,0,0.276,4500,0,0.72,"D",0.287455493039798,-0.907774334665451
2015,0,0.23,5000,0,0.65,"B",6.97655106689271e-05,-9.57030101885835
2015,0,0.23,3000,1,0.62,"D",9.69992848624261e-05,-9.24070994805078
2015,0,0.1955,3650,0,0.85,"D",0.000506825695141571,-7.58683645587493
2015,1,0.276,2550,0,0,"Missing",0.998971710309724,6.87882953302506
2015,0,0.23,12500,0,0.52,"A",0.00331560556755722,-5.70579388268006
2015,0,0.276,4800,1,0,"C",0.00165831723632255,-6.4002922100606
2015,0,0.184,8000,0,0.66,"B",0.0093634650513655,-4.66153228133138
2015,0,0.092,3001,0,0.14,"AA",0.0377681650735791,-3.23778886031823
2015,0,0.1495,9000,0,0.86,"B",0.000698432107969632,-7.26597390475975
2015,0,0.184,8000,1,0.59,"C",0.00271479729658302,-5.90631949990038
2015,0,0.1495,8500,0,0.21,"AA",0.000115090480829594,-9.06967685203108
2015,0,0.2185,5500,0,0.29,"B",0.00136496716349096,-6.5952590071054
2015,0,0.1495,5000,0,0.95,"B",0.000272582040784782,-8.20729830287444
2015,0,0.1955,10000,0,0.72,"B",0.000190795744216488,-8.56411629019584
2015,0,0.1265,7000,0,0,"AA",3.01917065598809e-05,-10.4079130963578
2015,0,0.1265,20000,0,0.01,"AA",0.000297230626098571,-8.12070492683807
2015,0,0.276,9000,0,1.03,"D",0.154389566066373,-1.70057971555196
2015,1,0.2875,5100,0,1.02,"Missing",0.465637177569202,-0.13766830903718
2015,0,0.2875,5000,0,0.52,"C",3.32243966013122e-05,-10.3121928895652
2015,0,0.1955,4500,0,0.05,"D",0.00156060322663077,-6.46112102648964
2015,0,0.1265,5000,1,0,"A",4.52807481851192e-05,-10.0025833189095
2015,0,0.092,2000,0,0.06,"AA",0.012826466944714,-4.34333507650768
2015,0,0.1035,2500,0,0,"AA",0.000136888020096655,-8.89621044053356
2015,0,0.2645,6001,0,0.61,"D",0.025044733391679,-3.6617280279622
2015,1,0.2645,12500,1,0.41,"D",0.829994176571101,1.58558599265896
2015,0,0.138,6000,0,0.03,"AA",8.25286657515885e-07,-14.0075342220206
2015,1,0.0805,1000,1,0,"Missing",0.628745074226027,0.526836929043373
2015,0,0.207,5000,0,0.66,"C",2.19664968861973e-05,-10.7259701674203
2015,1,0.276,2800,0,0,"Missing",0.42449392870573,-0.304352074280673
2015,0,0.2875,6000,1,1,"Missing",0.0247288258527219,-3.67474595791263
2015,0,0.207,5600,0,0.33,"C",0.000914943862934307,-6.99573248387567
2015,0,0.184,25000,0,0.76,"AA",5.17645235267095e-05,-9.86875375147056
2015,0,0.2875,15000,1,0,"D",0.0861730523955232,-2.36128370672972
2015,0,0.1035,8000,0,0,"AA",0.00017446533131524,-8.65361002991924
2015,1,0.322,3001,0,0.75,"Missing",0.992691147555197,4.91133330886976
2015,1,0.3335,2100,0,0,"Missing",0.984723231014773,4.16602731041497
2015,0,0.253,20000,1,0.77,"B",0.00775952698297483,-4.85104411368827
2015,0,0.1265,2400,0,0.25,"B",0.00868353496675105,-4.73760512243638
2015,0,0.1955,1500,0,0,"Missing",0.506000978985969,0.0240050686074897
2015,0,0.1725,2500,0,1.01,"D",0.00360208106313908,-5.62263494326745
2015,0,0.1725,1700,0,0.83,"D",0.192507483384285,-1.43379876000911
2015,0,0.276,10000,1,0.73,"D",0.25040657063065,-1.09644508595058
2015,0,0.1265,1500,0,0.07,"B",2.21978408739094e-05,-10.7154933336607
2015,1,0.299,2600,0,0.73,"D",0.162511351652067,-1.63965985374558
2015,0,0.1725,1500,0,0.8,"C",0.000489776842570832,-7.62107079709871
2015,0,0.3335,25000,0,1.31,"Missing",0.418274792258827,-0.32985957030338
2015,0,0.1725,20000,0,0.75,"B",0.0225259791988377,-3.77030244012478
2015,0,0.1495,25000,0,0.05,"AA",0.00339172906056465,-5.68301794624282
2015,0,0.1725,11000,0,0.65,"B",1.94470587294101e-05,-10.8477952742255
2015,0,0.23,3000,0,0.27,"D",0.0141381124947787,-4.24464210664125
2015,1,0.253,7500,0,0.92,"D",0.726942915047453,0.979167077478959
2015,0,0.184,3300,0,0.3,"C",0.00831298864516554,-4.78158835611806
2015,0,0.2645,10000,0,1.02,"D",0.000266928095705599,-8.22826427657905
2015,0,0.1035,3500,0,0,"AA",8.07122033147395e-05,-9.42454006038564
2015,1,0.276,3000,0,0.97,"Missing",0.981575386853208,3.97547137681296
2015,1,0.3335,7000,0,0.36,"Missing",0.982552259378714,4.03094336956091
2015,1,0.3335,1500,0,0.95,"Missing",0.864003123743851,1.84894446747432
2015,1,0.3335,2550,0,0.43,"Missing",0.989519499985682,4.54770308271199
2015,0,0.1725,3500,0,0.32,"A",0.000284951177298735,-8.16290770831061
2015,0,0.2185,6000,1,0.61,"D",0.0956220464564647,-2.24684395827993
2015,0,0.1035,2500,1,0.24,"AA",0.000232863190447652,-8.36482655200115
2015,1,0.3335,4500,0,0.94,"Missing",0.899309954435272,2.18958080949985
2015,0,0.1725,20000,0,0.66,"A",0.00092120754478041,-6.98890356776862
2015,0,0.2875,15000,1,0.82,"D",0.0146212526732382,-4.21054994950251
2015,0,0.2185,21200,1,0.47,"B",0.00345147749761676,-5.66549543185019
2015,0,0.1725,18000,0,0.12,"B",0.000269547897937465,-8.21849487027866
2015,1,0.0805,1000,1,0,"Missing",0.97960667377121,3.87194343612733
2015,1,0.23,1000,0,0,"Missing",0.954665624829182,3.04729556958852
2015,0,0.1725,5000,0,0.85,"C",0.0303270015312752,-3.46492044434853
2015,0,0.1725,2890,1,0,"D",0.0241804263886274,-3.69773422725126
2015,0,0.1035,1000,0,0.02,"AA",0.000171963816104407,-8.66805449616443
2015,0,0.1955,25000,0,0.67,"A",8.49005077931746e-05,-9.37394557947891
2015,1,0.1955,1550,0,0.95,"Missing",0.997865953509702,6.1475990140082
2015,1,0.3335,3975,0,0.97,"Missing",0.985579858349542,4.22460420164003
2015,0,0.1725,5000,0,0.17,"B",0.0180771161368391,-3.99486593906409
2015,0,0.23,3800,0,1,"Missing",0.0136847012878722,-4.27769756450491
2015,0,0.138,5900,1,0.31,"A",0.0220255987432239,-3.79327813894607
2015,0,0.2185,10000,0,0.64,"C",0.000467639593611626,-7.66734490887463
2015,0,0.1955,25000,0,0.06,"AA",0.00218456340994611,-6.12415232973194
2015,0,0.1495,1200,0,0.72,"D",0.000787302356270609,-7.14611058248705
2015,0,0.276,7000,0,1.14,"D",0.25588636878166,-1.0674602793106
2015,1,0.3335,5000,0,1.08,"Missing",0.996708625798906,5.71315330842311
2015,0,0.2415,5000,0,0.73,"D",0.000644843330699679,-7.34585811748148
2015,0,0.3335,7000,1,1.02,"Missing",0.809542781831928,1.44704202862081
2015,1,0.1265,25000,0,0.35,"AA",0.252003041568315,-1.08795775454429
2015,0,0.1955,7000,0,0.67,"B",0.000508630370608384,-7.58328023285849
2015,0,0.1725,3000,0,0.03,"AA",8.14038289343037e-05,-9.41600684041469
2015,0,0.3335,1300,0,0.55,"Missing",0.0951933114062582,-2.25181163612811
2015,1,0.3335,5000,0,0.51,"Missing",0.99570815978308,5.44673860642398
2015,0,0.253,5400,0,0.63,"D",0.177560796737905,-1.53296149579772
2015,0,0.23,15000,0,1.03,"D",0.291495911190314,-0.888129851292591
2015,0,0.2415,20000,0,0.01,"B",0.00158538146680542,-6.44534358803282
2015,0,0.1725,11000,0,0.54,"B",0.00974611811641157,-4.62109229277523
2015,0,0.1725,1100,0,0,"Missing",0.733953127141604,1.01477266008406
2015,0,0.1725,15000,0,0.65,"B",0.0165978177523627,-4.08174694804008
2015,1,0.276,1800,0,1.18,"Missing",0.705847116459959,0.875299020899339
2015,1,0.1725,2000,1,0,"Missing",0.794644308618005,1.35315104845466
2015,0,0.1955,15000,1,0.98,"B",0.101887822672689,-2.17642254920693
2015,0,0.299,7000,0,0.58,"D",1.17380082578777e-06,-13.6552623315043
2015,0,0.115,3000,0,0.05,"AA",1.10060000798386e-05,-11.417058966012
2015,0,0.0805,1000,0,0.34,"AA",5.92236277928227e-06,-12.0367691481925
2015,0,0.115,3000,0,0.2,"AA",0.00295339417516471,-5.82184243812405
2015,0,0.2645,8000,0,0.75,"C",8.56877233474822e-05,-9.36471530271522
2015,0,0.1495,19000,0,0.08,"AA",0.00208991175739932,-6.16854133656632
2015,0,0.3335,3000,1,0.95,"Missing",0.845153919147163,1.69708716682061
2015,1,0.184,6000,1,0.55,"C",0.138121325457039,-1.8309820430754
2015,0,0.1725,6088,0,0.69,"B",0.00156001876372059,-6.46149619290702
2015,1,0.3335,2550,1,0.91,"Missing",0.971802216847485,3.53990893990481
2015,0,0.1725,16000,0,0.24,"C",1.95665144720754e-05,-10.8416713313812
2015,0,0.207,14000,0,0.28,"C",0.000211592231606278,-8.46063795666939
2015,0,0.23,5000,0,0.43,"D",0.0602409661745951,-2.74727087328938
2015,0,0.2185,7000,0,0.83,"C",0.00359071599883252,-5.62580647570305
2015,0,0.2645,19000,0,0.95,"C",1.72864877496434e-05,-10.9655681299396
2015,0,0.1725,6000,0,0.39,"B",0.000135610018334191,-8.9055916844523
2015,0,0.184,25000,0,0,"AA",4.38708551234326e-05,-10.0342164789445
2015,0,0.276,5000,0,0.95,"D",0.0859347484394469,-2.36431369092089
2015,1,0.3335,5900,0,0.88,"Missing",0.178834153501286,-1.52426623492541
2015,1,0.2645,6500,0,0.71,"Missing",0.993750610858741,5.06900255909578
2015,0,0.1035,1000,0,0.6,"A",0.0022990267836771,-6.0729677095234
2015,1,0.0575,1000,0,0.64,"D",0.0135264262272602,-4.28949126688374
2015,0,0.3105,2800,0,0,"Missing",0.353455292277788,-0.603885343591319
2015,0,0.2875,2000,0,0.19,"D",0.00259576651725697,-5.95127428224781
2015,0,0.1725,8575,0,0.9,"B",0.000292517294193302,-8.13669420750729
2015,0,0.161,3500,0,0.94,"C",1.81406013278834e-05,-10.9173398237839
2015,0,0.23,2500,0,0.8,"Missing",0.64513022511581,0.597701304956978
2015,1,0.1725,20000,1,0.79,"B",0.193183499906314,-1.4294557432325
2015,0,0.115,7500,1,1.02,"D",0.00645544655670003,-5.03635470404694
2015,0,0.1035,4500,0,0.07,"AA",0.0490865767098075,-2.96383741019361
2015,0,0.115,4000,0,0.51,"AA",1.16643580910906e-05,-11.3589610182038
2015,1,0.2185,5000,0,0.97,"Missing",0.580880783419124,0.326390137849274
2015,0,0.1725,9500,0,0.39,"B",0.0108166418306101,-4.51579385359323
2015,0,0.23,4000,0,0,"D",0.00688648192564432,-4.97128462704894
2015,0,0.115,2500,1,0,"B",4.25780271644558e-06,-12.3667530672004
2015,0,0.276,5000,0,0.67,"D",0.437195300058913,-0.252552670051696
2015,0,0.2185,9750,0,0.78,"B",0.00452141745539358,-5.39439806799411
2015,0,0.3335,3000,0,0,"Missing",0.970663621283905,3.49915164294194
2015,1,0.2875,3500,0,0.97,"Missing",0.999898043969758,9.19086695244872
2015,0,0.253,6500,1,0.97,"Missing",0.0616970490452655,-2.72183676999214
2015,0,0.138,3000,0,0.56,"B",5.7496277509133e-05,-9.76373285329774
2015,0,0.1265,1000,0,0.03,"AA",0.000344197194659848,-7.97395156809596
2015,0,0.1265,10121,0,0,"AA",0.00131515756632533,-6.63248277508486
2015,0,0.3335,3000,0,0.91,"Missing",0.00129015444898673,-6.65170235246393
2015,1,0.3335,20000,0,0.95,"Missing",0.827168599224192,1.5656919854008
2015,0,0.1265,10121,0,0,"AA",3.71961267498277e-06,-12.5018872951087
2015,0,0.2185,25000,0,0.72,"C",0.000173784125739776,-8.65752288644138
2015,0,0.1725,15000,0,0,"AA",0.000267790138842013,-8.22503912222951
2015,0,0.2875,15000,0,0.65,"D",0.365904654451253,-0.549826537931307
2015,0,0.138,12000,0,0,"AA",0.00144475662093094,-6.5383685987368
2015,1,0.1725,1000,0,0,"Missing",0.988928923370782,4.49228646340208
2015,0,0.115,2000,0,0,"B",0.0113879328976104,-4.46374773003064
2015,0,0.276,7000,0,1.14,"D",0.257234190763347,-1.06039388078371
2015,1,0.299,3000,0,1.17,"Missing",0.975827881931006,3.69808639735802
2015,0,0.1035,2500,0,0.09,"AA",0.00201108245219115,-6.20706906104596
2015,0,0.2645,8000,1,0.74,"D",0.823664935592999,1.54137785545561
2015,0,0.1725,5000,0,0.64,"C",0.000554098352230498,-7.49761410395034
2015,0,0.276,1750,1,0.91,"Missing",0.53715656813937,0.148900776025253
2015,0,0.2875,6500,0,0.64,"D",0.0785823873227657,-2.46176577298279
2015,1,0.299,7300,0,0,"C",0.0605640560867192,-2.74157805227021
2015,0,0.207,5000,0,0.66,"C",4.09269641619648e-05,-10.1036805138734
2015,1,0.3335,5000,0,0.9,"Missing",0.729231286538486,0.990725946558169
2015,0,0.1955,15000,1,0.41,"B",0.00453997501920132,-5.39028345731849
2015,0,0.2185,19900,0,0.75,"C",0.000769054203635335,-7.16957975499342
2015,0,0.0805,3000,1,0.01,"AA",0.00588132887883855,-5.1300738507974
2015,0,0.1265,6475,0,0.1,"AA",0.000828988543761524,-7.09447488992646
2015,0,0.1725,9500,0,0.37,"C",0.000456986018187695,-7.69040067184526
2015,0,0.2875,16000,1,0.67,"D",0.00643754699342438,-5.03914935571056
2015,1,0.3335,5000,0,0,"Missing",0.908429998871495,2.2946141140993
2015,1,0.1955,6750,1,0.73,"C",0.368997003230952,-0.536522089085514
2015,1,0.0805,1000,1,0,"Missing",0.881002843052304,2.0019612513748
2015,0,0.115,4000,0,0.88,"A",2.58951281699893e-05,-10.5614298130335
2015,0,0.299,25000,0,0.92,"C",0.0738753112240761,-2.52863019012257
2015,0,0.184,7000,0,0.29,"C",0.000279244978482169,-8.18314181836077
2015,0,0.1725,7500,0,0.65,"B",0.000136239503057368,-8.90095992038507
2015,0,0.1265,1000,0,0.03,"AA",0.00318958212922391,-5.74467068505096
2015,0,0.1725,1500,0,0.8,"C",2.1655533838699e-05,-10.7402278758499
2015,0,0.1725,11000,0,0.54,"B",0.00022051400835933,-8.41932879679588
2015,1,0.2875,2000,0,0,"D",0.633885594356431,0.54892261932931
2015,0,0.1495,17500,0,0.08,"AA",1.32112809175348e-05,-11.2344262670144
2015,0,0.2185,11500,0,0.38,"C",4.22040943041002e-05,-10.0729511152195
2015,0,0.1265,2500,1,0,"B",0.00203520928037013,-6.1951193417655
2015,0,0.2185,25000,0,0.85,"A",2.68789223652568e-05,-10.5241412544076
2015,1,0.3105,7500,0,0.91,"Missing",0.906495018085151,2.27157081702359
2015,0,0.1725,7000,0,0.95,"C",0.000404805154941899,-7.81169981842117
2015,0,0.253,4500,1,0.68,"D",0.0225639613267123,-3.76857885419766
2015,0,0.184,8200,0,0.87,"C",0.000635187570609122,-7.36095482651595
2015,1,0.3335,1000,0,0,"Missing",0.906415655848898,2.27063487597465
2015,0,0.1725,3500,0,0.32,"A",7.03104332190589e-05,-9.56252004731027
2015,0,0.1725,12000,0,0.43,"A",0.00139941393537952,-6.57030135356224
2015,0,0.1725,14000,1,0.25,"A",0.0070538071470403,-4.94710898420266
2015,0,0.0805,2550,1,0.63,"Missing",0.558363283215329,0.234522159332729
2015,0,0.1035,2000,0,0,"A",9.99549974150461e-05,-9.2106905391245
2015,0,0.1955,6000,0,0.82,"C",0.0014714479963953,-6.52003579981615
2015,0,0.2185,6001,0,0.2,"C",0.0132703493909424,-4.30886391430661
2015,0,0.23,2400,1,0,"D",0.0719788573901089,-2.55668208697784
2015,1,0.253,6000,0,0.71,"C",0.804084548168315,1.41202122510463
2015,0,0.207,25000,0,0.69,"B",0.00286426651655485,-5.85257460037942
2015,1,0.3335,7400,0,0,"Missing",0.971528778453959,3.52997708428094
2015,1,0.3335,5000,0,0.6,"Missing",0.679912487176058,0.753369658578457
2015,0,0.23,7500,1,0.38,"C",0.308733447878377,-0.80604722135834
2015,0,0.23,9000,1,1.01,"D",0.00624691316968235,-5.06940132331582
2015,0,0.299,5050,1,0,"D",0.132394369600334,-1.8799521516364
2015,0,0.1035,1025,1,0.76,"D",0.0222746173669988,-3.78178104022949
2015,0,0.1955,5000,0,0.34,"D",0.120998934677617,-1.98300436841453
2015,0,0.1265,1000,0,0.01,"AA",0.000231685222825286,-8.3698991936829
2015,1,0.299,1500,0,0,"Missing",0.970097027062278,3.47943818958511
2015,0,0.276,10000,0,0.54,"A",0.00394775218275246,-5.53065336458161
2015,0,0.115,2300,0,0.62,"A",0.000111021426381229,-9.10567631722868
2015,0,0.2185,3725,0,0.78,"D",0.00825076365503937,-4.78916452907656
2015,0,0.161,9000,0,0.14,"B",0.00370517211410837,-5.5943135134961
2015,0,0.115,3900,0,0.53,"A",3.80152192135125e-05,-10.1774859568583
2015,0,0.3335,3500,0,0,"Missing",0.466326060662717,-0.134899961533829
2015,0,0.1035,5000,0,0,"A",2.15108732854239e-05,-10.7469305053607
2015,1,0.3335,7000,1,0,"Missing",0.998825960242277,6.74612996348593
2015,0,0.138,25000,1,0,"AA",0.0445312040153746,-3.06601194861817
2015,0,0.1495,9000,0,0.86,"B",1.618309806737e-05,-11.0315270063184
2015,0,0.161,1000,0,0,"B",0.000134208356866871,-8.91598284626663
2015,0,0.138,15000,0,0.09,"A",0.000327915654444065,-8.02242616430377
2015,1,0.2875,5000,0,0.9,"D",0.898275443214108,2.17820801401223
2015,0,0.1725,13000,0,0.26,"AA",0.000183404808743887,-8.60363135687861
2015,0,0.23,8500,0,0.64,"C",0.281613780892179,-0.936470773133813
2015,1,0.1955,4000,0,0.78,"C",0.283323765226522,-0.928033892753894
2015,0,0.138,4000,0,0.43,"B",0.000252826332280955,-8.28255488031408
2015,1,0.1955,3500,0,0.76,"Missing",0.429022995567491,-0.285838416184741
2015,1,0.184,25000,0,0.76,"AA",0.550769020217858,0.203778333153317
2015,0,0.1725,1200,0,0.49,"C",0.0319103056932569,-3.41239572228986
2015,0,0.276,3500,0,0.83,"Missing",0.0675706136434919,-2.62462024444424
2015,0,0.184,5000,0,0.94,"B",0.00311947090321401,-5.76696752724972
2015,0,0.1955,3000,1,0.14,"AA",0.00506443429277635,-5.28043553499707
2015,1,0.3335,2550,1,0.91,"Missing",0.125024759725832,-1.94568379363359
2015,0,0.322,15000,0,0.93,"B",0.057578521854422,-2.79530298984781
2015,1,0.3335,2000,1,1.08,"Missing",0.994038032632514,5.11637494630679
2015,0,0.276,4000,0,1,"Missing",0.535458144646295,0.142071062976491
2015,0,0.2875,13000,0,0.93,"D",0.119140729034856,-2.00059248401305
2015,0,0.1035,3001,0,0.21,"AA",2.77369160164024e-06,-12.7953286431635
2015,0,0.1725,8500,0,0.22,"B",0.00485423866897619,-5.32303694458784
2015,0,0.1955,3600,1,0.76,"D",0.00671144361099328,-4.99720714129291
2015,0,0.1955,5000,0,0,"C",8.75524710602592e-05,-9.34318471876636
2015,0,0.1955,5233,0,0.38,"B",0.013776197628734,-4.27094101548454
2015,1,0.23,10000,0,0.79,"C",0.200544430977757,-1.3828951341908
2015,0,0.1955,5000,0,0.89,"D",0.0126599796833468,-4.35656866698465
2015,1,0.276,4100,1,0.91,"Missing",0.932639873189465,2.62796588581629
2015,0,0.115,1000,0,0.24,"A",2.318690415101e-06,-12.9745056892192
2015,1,0.3335,3500,0,0.71,"Missing",0.850636020541349,1.73959818685683
2015,0,0.2645,12000,0,0.79,"D",0.121303496909438,-1.98014391871755
2015,0,0.207,25000,0,0.6,"A",0.0013535605627792,-6.60366222714605
2015,1,0.253,5000,0,0.47,"D",0.701769934350339,0.855740400442192
2015,0,0.1955,8500,1,0.21,"B",7.93909237336547e-06,-11.7437036607746
2015,1,0.322,4750,1,0.14,"Missing",0.222815333867363,-1.249334658533
2015,0,0.1725,4000,0,0.46,"B",0.0378604423373802,-3.23525268126461
2015,0,0.207,14000,0,0.91,"C",0.0487928937260075,-2.97014713431349
2015,0,0.3105,15000,1,0.75,"C",0.0684385109778606,-2.61092650644122
2015,1,0.3335,8500,1,0.87,"Missing",0.437150470640527,-0.252734864389094
2015,0,0.3105,8500,0,0.96,"C",0.00308077259868443,-5.77948934177611
2015,0,0.207,8000,0,0.35,"C",0.032222598116138,-3.40233409285142
2015,1,0.23,1000,0,0,"Missing",0.8727079298207,1.92511672942741
2015,0,0.2185,13000,0,0.82,"C",0.0773721657757381,-2.47859883938102
2015,1,0.3335,5000,0,0.51,"Missing",0.876383357960914,1.95861843816129
2015,0,0.2415,4000,1,0.91,"D",0.000227203275392383,-8.38943822579151
2015,1,0.2875,1500,1,0,"Missing",0.774671049371316,1.23487714951081
2015,0,0.3335,22000,0,0,"D",0.0188635357791977,-3.95148082247851
2015,0,0.2645,10000,0,0.69,"A",0.000419680986328913,-7.77559592257863
2015,0,0.161,10000,0,0.65,"C",0.000287652517000535,-8.1534696505772
2015,1,0.2875,3500,1,0.62,"Missing",0.658263912621696,0.655567169088462
2015,0,0.1035,1000,0,0.02,"AA",4.11477158200729e-05,-10.0983009924446
2015,0,0.1035,2550,0,0.17,"A",0.000160096989844506,-8.73957063005239
2015,0,0.2645,4500,1,0,"D",0.0241614024899024,-3.69854077987363
2015,0,0.2185,3000,0,0,"D",0.452527222756905,-0.190464816404926
2015,1,0.322,11000,0,0.84,"Missing",0.999716811455032,8.1691144168728
2015,0,0.1495,4250,1,0.99,"B",0.000474774159635485,-7.65219643349185
2015,1,0.3335,2000,1,0,"Missing",0.69909816106837,0.843007068032203
2015,0,0.1035,3000,0,0.71,"AA",5.37437766241635e-07,-14.4364523299466
2015,1,0.3335,1500,0,0.84,"Missing",0.2795675155033,-0.946607883014399
2015,0,0.0805,1000,1,0.08,"AA",0.00842104039517346,-4.76856519831106
2015,0,0.1265,15200,0,0.83,"A",5.29724603561883e-05,-9.84568542151682
2015,0,0.1725,6000,0,0.14,"C",4.4643740229958e-05,-10.0167518121509
2015,0,0.345,3000,0,1.03,"D",0.0145087286666673,-4.21838982413643
2015,0,0.23,7500,0,0.36,"C",0.00615660416916687,-5.08405429047796
2015,0,0.207,6000,0,0.75,"C",0.0145788146423032,-4.21349972610354
2015,0,0.2875,2000,0,0.19,"D",0.00117054114548707,-6.74911789282656
2015,0,0.2645,15000,0,0.77,"C",0.0214883172404817,-3.81852332293942
2015,1,0.1955,11000,0,0.61,"C",0.366603195700651,-0.546817036279989
2015,1,0.3335,1750,1,0.98,"Missing",0.99097781473612,4.69900557387975
2015,0,0.2415,6000,0,0.89,"C",0.0449705400208706,-3.05573457897067
2015,0,0.23,5000,0,0,"A",0.0124502597783308,-4.37348537692908
2015,0,0.2415,6001,1,0,"D",0.0322389257509703,-3.40181063598363
2015,1,0.2645,2400,0,0.91,"Missing",0.759665118549577,1.15084441254813
2015,1,0.322,4750,1,0.14,"Missing",0.979903192900344,3.886892832347
2015,0,0.23,5000,0,0.96,"C",0.000891015733763112,-7.02225705918068
2015,0,0.23,2000,0,1.03,"Missing",0.409968139741049,-0.364097087150419
2015,1,0.3335,5000,0,0.78,"Missing",0.735911496240679,1.0248255733473
2015,0,0.161,14500,0,0.48,"A",1.71841992418156e-05,-10.971503060746
2015,0,0.1725,25000,0,0,"A",0.0475587965861556,-2.99706160796027
2015,0,0.276,15000,0,0.86,"B",0.0236174564881653,-3.72186833963634
2015,0,0.207,5000,0,0.12,"C",0.00999787202755153,-4.59533481948879
2015,1,0.3335,5000,1,0.96,"Missing",0.996562071188808,5.66944222662717
2015,1,0.3105,7500,0,0.94,"Missing",0.926301936523647,2.53122372377049
2015,0,0.1035,2000,0,0,"A",0.00597170003862263,-5.11473402658195
2015,0,0.3335,25000,0,0.57,"B",4.20182713978793e-05,-10.0773639818434
2015,0,0.115,7000,0,0.17,"AA",0.010658838847659,-4.53064974110981
2015,0,0.207,14000,0,0.91,"C",0.00208480098216089,-6.17099490328332
2015,1,0.23,20000,1,1,"C",0.391083842657041,-0.442758617214302
2015,0,0.207,5000,0,0,"B",0.000501051004827412,-7.59830147944573
2015,1,0.2645,6001,0,1.2,"Missing",0.795196131557088,1.35653600872008
2015,0,0.2185,6200,0,0,"C",0.0526814832430988,-2.88937134737345
2015,0,0.2645,1525,0,0.56,"D",0.0200364278522104,-3.8899633902556
2015,0,0.092,2750,0,0.01,"AA",0.0172168166881511,-4.04450190890797
2015,0,0.0805,3000,1,0.09,"AA",0.000103958337539933,-9.17141637592074
2015,1,0.276,4500,0,0.72,"D",0.508331377043656,0.0333285929351357
2015,0,0.1955,5000,1,0.28,"B",0.0024558337903491,-6.00683009163018
2015,0,0.161,8000,0,0.74,"B",1.85216181646291e-05,-10.8965534368734
2015,0,0.207,20000,1,0.43,"B",0.00067532781052494,-7.29963678381002
2015,0,0.1265,1500,0,0.2,"B",0.00112982576837566,-6.78456138092149
2015,0,0.1955,2000,0,0.79,"D",0.0738048845416726,-2.52966000467102
2015,0,0.207,4000,0,0.19,"D",6.25889170479696e-05,-9.67885974861868
2015,0,0.3335,7000,1,0.91,"D",0.000291640563537626,-8.13969677762332
2015,1,0.299,9000,1,0.83,"Missing",0.991087445928213,4.71134191784336
2015,1,0.3335,3001,0,0,"Missing",0.92946020478936,2.57842697104059
2015,0,0.3335,5000,1,0,"Missing",0.0109035622226353,-4.50770229199994
2015,0,0.0805,3000,0,0.87,"C",0.018748756920108,-3.95770108330443
2015,0,0.207,7500,0,0,"C",0.04849279525744,-2.97663202317571
2015,0,0.3335,3000,1,0.82,"Missing",0.408699339722116,-0.369344844468227
2015,0,0.1265,25000,0,0.29,"AA",0.000727804917423115,-7.22474944635476
2015,0,0.138,1500,1,0.59,"D",0.00544115417337643,-5.20830806522426
2015,0,0.161,5000,0,0.29,"B",2.07803433791475e-06,-13.0840860628855
2015,0,0.2875,25000,0,0.47,"AA",0.0134644400763004,-4.29414722960526
2015,0,0.138,3000,0,0.98,"B",0.000156948898195328,-8.75943333358484
2015,0,0.1725,12000,0,0.45,"AA",6.88090138861304e-05,-9.58410699443868
2015,0,0.1725,6500,0,0.9,"C",0.000612958366416588,-7.39660039578672
2015,0,0.3105,15000,0,0.94,"D",0.162066841326985,-1.64292948346088
2015,0,0.184,10000,0,0.35,"AA",2.55899191034635e-06,-12.8758946030523
2015,0,0.23,3500,1,0.81,"C",0.0158320755697273,-4.12975855588546
2015,0,0.184,3800,0,0,"B",4.46732882409545e-05,-10.016090139182
2015,0,0.253,15000,0,0.94,"C",0.00938931729076705,-4.65874901958721
2015,1,0.1725,10000,0,0.49,"A",0.443190392772563,-0.228223904990062
2015,0,0.1495,9500,0,0.27,"A",4.55128018768555e-05,-9.99747139781315
2015,0,0.1725,18000,0,0.37,"B",5.91798444570799e-07,-14.3400991334873
2015,0,0.184,6000,0,0.16,"A",0.000456474136077939,-7.69152193818563
2015,1,0.3335,2000,1,0,"Missing",0.812580164318536,1.46686336215791
2015,1,0.2185,1100,1,1,"Missing",0.997391479000422,5.94635995597383
2015,1,0.3335,2550,1,0,"Missing",0.899534591545485,2.19206403529819
2015,0,0.3335,2500,0,0,"Missing",0.113780280051338,-2.05269569011301
2015,1,0.3335,3001,0,0.84,"Missing",0.984507982223176,4.15181709680591
2015,0,0.115,4500,0,0.04,"AA",0.00790704177713704,-4.83206308414213
2015,0,0.2645,4000,1,1.35,"Missing",0.108264444640208,-2.10859283025976
2015,0,0.3335,3500,1,0,"Missing",0.324829277203572,-0.731665838155569
2015,0,0.1495,2600,1,0.1,"C",0.0210387904660899,-3.84012412034219
2015,0,0.1035,3500,0,0.67,"A",0.00127588982678789,-6.66283473596279
2015,0,0.207,18000,0,0.15,"B",0.00130653372315891,-6.63907027352191
2015,0,0.3335,4000,0,1,"Missing",0.881441065480097,2.00614796785402
2015,0,0.0805,1500,0,0.01,"AA",4.14348254686294e-06,-12.3939697853476
2015,0,0.1265,25000,0,0.23,"AA",0.0814297293543273,-2.42307797579016
2015,0,0.161,22000,0,0.71,"A",4.11100235765682e-05,-10.0992174726864
2015,0,0.3105,10000,1,0.79,"D",0.042654179011478,-3.11103943262895
2015,0,0.253,12150,0,0,"D",0.00331120553307107,-5.70712624680859
2015,0,0.1955,3000,0,0.53,"C",0.00362820742656771,-5.61538176922271
2015,1,0.3335,10000,1,0.72,"Missing",0.878945370887488,1.98248082261396
2015,0,0.2875,4500,1,0.2,"D",0.000519479314826393,-7.56216395139281
2015,1,0.3335,5000,0,0.72,"Missing",0.99790457039442,6.16589905621098
2015,0,0.253,15000,0,0.04,"D",0.0290168040034065,-3.51043405170343
2015,0,0.207,8000,0,0.33,"C",0.00119196362051547,-6.73096055593234
2015,0,0.1725,5000,0,0.46,"C",0.443961724131802,-0.225098781564842
2015,1,0.3335,2100,0,0,"Missing",0.970169101111089,3.4819256555518
2015,1,0.3335,4669,1,0,"Missing",0.860639582785309,1.82061230686167
2015,0,0.253,12500,0,0.96,"C",0.0441942982848668,-3.07395886882867
2015,0,0.1955,5000,0,0.15,"B",0.000844238036922251,-7.07623147425788
2015,0,0.276,2000,0,1.02,"Missing",0.586938169432791,0.351322188544296
2015,0,0.207,15000,1,0.02,"C",0.00553929696414445,-5.19033299229306
2015,0,0.1725,5500,1,0,"C",0.00420615684890448,-5.46699088308365
2015,1,0.3335,4000,1,0.98,"Missing",0.984668703974976,4.16240901239453
2015,0,0.2645,6300,0,0.76,"D",0.0427158903537914,-3.10952923223667
2015,0,0.3335,2500,0,0.96,"Missing",0.263361643478008,-1.02856891715157
2015,0,0.1955,1075,1,0.9,"Missing",0.575612895528634,0.304789357429923
2015,0,0.322,1900,0,1.2,"Missing",0.388514786471229,-0.453559544680305
2015,1,0.1955,6500,1,0.33,"C",0.425433001825178,-0.300509232367266
2015,1,0.3335,3001,0,0,"Missing",0.997443454528312,5.96653853789193
2015,0,0.161,14500,0,0.48,"A",0.000488088487664175,-7.6245256337266
2015,0,0.23,9500,0,0.72,"D",0.000128549995064081,-8.95906410439093
2015,1,0.322,3500,0,0,"Missing",0.977454366395421,3.76941019130166
2015,0,0.3335,5300,0,0.83,"Missing",0.342325582125049,-0.65294772448653
2015,0,0.2875,9900,0,0.37,"B",0.000706738496925919,-7.2541428491844
2015,1,0.1955,5000,0,0.34,"D",0.49797159800088,-0.00811365250724805
2015,0,0.1725,10500,0,0.84,"C",0.00283295828804845,-5.86359680313029
2015,0,0.2875,8000,1,0.85,"D",0.149295450244551,-1.74013765805035
2015,0,0.3335,2550,0,1.7,"Missing",0.539856196296128,0.159763743561767
2015,0,0.1955,10000,0,0.85,"C",0.00860803983999279,-4.74641334431052
2015,0,0.1265,6475,0,0.1,"AA",2.11958597442733e-05,-10.7616834943559
2015,1,0.276,3000,0,0,"Missing",0.99776432401875,6.10097346534936
2015,0,0.1725,3000,0,0,"C",0.000489254732214423,-7.62213790489338
2015,0,0.1035,4900,0,0,"AA",0.658815855940263,0.658021722490664
2015,0,0.3335,12000,0,0.92,"C",0.0507061471693329,-2.92967124619993
2015,0,0.23,9999,0,0.9,"D",0.00163180330713975,-6.41643641614128
2015,0,0.1495,5000,1,0.16,"A",0.0978101759114394,-2.22179632611094
2015,0,0.184,5000,0,0,"C",0.000215227761270296,-8.44359848488523
2015,0,0.1725,25000,0,0.01,"A",0.00122231942621246,-6.70578198907701
2015,0,0.1035,2550,0,0.58,"AA",1.61798771880182e-08,-17.9394974995223
2015,1,0.276,1000,0,0,"Missing",0.819560344744561,1.51337162956371
2015,0,0.115,1000,0,0.24,"A",0.012608776565801,-4.36067321290514
2015,0,0.23,7500,0,0.74,"C",0.0133804709423443,-4.30048823133973
2015,0,0.23,8000,0,0.91,"D",0.000115982330683619,-9.06195671109582
2015,1,0.3335,3500,0,0.98,"Missing",0.993246737540397,4.99095339459046
2015,0,0.138,5250,1,0.39,"B",0.0007492463354296,-7.19569321560357
2015,0,0.1265,1000,0,0.01,"AA",1.35094257461286e-06,-13.5147066547841
2015,0,0.1725,9999,0,0.57,"B",0.000353334912481912,-7.94774079289786
2015,0,0.1035,1000,0,0.18,"AA",8.75439492992312e-06,-11.6459459515552
2015,0,0.1495,6000,0,0.92,"C",0.000180491047264967,-8.61964887372378
2015,0,0.23,2000,0,0,"D",0.0105761866157545,-4.53851783884948
2015,0,0.1955,9500,0,0.37,"C",0.126827363618006,-1.92930646688826
2015,1,0.3335,10000,0,1.13,"Missing",0.992723690609019,4.91582858625636
2015,1,0.3335,3000,1,0.95,"Missing",0.722969528994715,0.959239572268534
2015,0,0.23,5000,1,0.43,"D",0.352953213446402,-0.60608309661505
2015,0,0.1265,4999,0,0.28,"A",0.000311355078994295,-8.07426516040592
2015,0,0.1035,2500,0,0.09,"AA",0.00223433479398577,-6.10157489189954
2015,0,0.138,3000,0,0.56,"B",0.000339720622899189,-7.98704719714669
2015,1,0.3335,4000,1,0.94,"D",0.459785993082906,-0.161204221353844
2015,1,0.3335,4000,0,1,"Missing",0.605739093915664,0.429436466943161
2015,0,0.1955,10000,0,0.05,"B",0.00017729036872882,-8.63754436216355
2015,0,0.161,9900,0,0.02,"AA",0.098296623837603,-2.21629593365212
2015,0,0.23,7500,1,0.38,"C",0.0248740578983296,-3.66874122514882
2015,0,0.207,2500,0,0.82,"D",0.188000358784732,-1.46305602705091
2015,0,0.3335,3001,0,0.84,"Missing",0.732424650907721,1.00695926442354
2015,0,0.1725,5600,0,0.07,"A",0.00061483187703057,-7.39354667724868
2015,0,0.1725,4200,0,0.3,"C",0.00603082968657063,-5.10482159599083
2015,0,0.115,1000,0,0.24,"AA",6.11552348708298e-05,-9.70203393534478
2015,0,0.1495,18000,0,0.53,"AA",0.28670400386907,-0.911446137952319
2015,0,0.1035,3000,0,0.13,"A",1.79900970769825e-06,-13.2282724078356
2015,0,0.115,2000,0,0,"A",0.00520501956393323,-5.25291320537381
2015,0,0.115,7500,0,0.13,"AA",6.85977763445884e-05,-9.58718183843044
2015,0,0.115,3000,0,0.16,"AA",8.11496129246751e-06,-11.7217930118895
2015,0,0.1035,1500,0,0.03,"AA",0.00132349797363198,-6.62615269279532
2015,0,0.115,2000,0,0.06,"AA",0.00567883803004795,-5.16531361541355
2015,1,0.2645,3100,0,0.78,"Missing",0.925780949735903,2.5236167919773
2015,1,0.3335,1800,0,0.98,"Missing",0.965820496568077,3.34135184603591
2015,0,0.161,9999,0,0,"A",0.00725256327225337,-4.91912132684195
2015,0,0.207,8000,0,0.23,"C",0.243376800921548,-1.13425451056006
2015,0,0.1725,15152,0,0.85,"B",0.00139669539736935,-6.57224859133339
2015,0,0.23,8000,0,0.84,"D",0.00277224166898907,-5.88532292783205
2015,0,0.184,5000,0,0,"C",0.000111357800480074,-9.10265074900812
2015,1,0.3335,15000,0,0.98,"Missing",0.970976278898076,3.51018857376979
2015,0,0.161,11500,1,0.36,"A",0.000111802069748821,-9.09866867613553
2015,1,0.1955,1700,0,0.8,"Missing",0.270243992901741,-0.993385013079533
2015,1,0.276,3000,0,0,"Missing",0.0312686651920097,-3.43337082916462
2015,0,0.161,5000,0,0,"B",0.00533156775705446,-5.22876411448544
2015,1,0.3335,2500,0,0,"Missing",0.870316777645209,1.90376253198292
2015,0,0.2645,5000,1,0.98,"D",0.00125326027287701,-6.68075285860452
2015,0,0.2185,9900,0,0.36,"C",0.0306720022910638,-3.45325278454443
2015,0,0.276,5000,0,0.7,"B",0.0259912924616223,-3.62365866697442
2015,0,0.207,8000,0,0.23,"C",0.000197539951234068,-8.52937214988562
2015,1,0.322,5000,0,0.81,"D",0.891480215342734,2.10595074107924
2016,0,0.187,4000,0,0.73,"B",0.000132869973774178,-8.92600666993887
2016,0,0.11,1000,0,0.56,"A",6.57920947391842e-05,-9.62894507333323
2016,0,0.187,2000,0,0.73,"C",0.0847432583502828,-2.37957842227666
2016,0,0.22,9000,0,0.94,"D",0.312594212778022,-0.788018878752404
2016,0,0.165,4000,0,0.64,"B",6.63178971759061e-05,-9.62098443478267
2016,0,0.22,5000,0,0.08,"D",0.0338796085166502,-3.35047514059316
2016,0,0.264,10000,0,0.57,"D",0.0287320536447631,-3.52058902781241
2016,0,0.121,4500,1,0.97,"AA",0.0214812916999376,-3.81885750318077
2016,0,0.198,6000,0,0.58,"C",0.00190747535086525,-6.26006542021049
2016,1,0.253,2400,0,0.91,"Missing",0.228192724093984,-1.21854432323057
2016,0,0.165,9900,0,0.72,"B",0.000164034852170728,-8.71526759117431
2016,1,0.253,5000,0,0.97,"Missing",0.387503198160932,-0.457819618840136
2016,0,0.264,15000,0,0.86,"B",0.109343488035936,-2.09746465090492
2016,1,0.319,3000,1,0,"Missing",0.997981753902059,6.20350612757712
2016,0,0.11,5200,0,0,"A",0.000236298984444131,-8.35017634461281
2016,1,0.319,1550,0,0,"Missing",0.611891332119342,0.455269332582007
2016,0,0.154,5000,0,0.68,"B",0.00115983850541618,-6.75831399138597
2016,0,0.11,3600,1,0.28,"A",0.0070599512624857,-4.94623214019227
2016,0,0.231,10000,0,0.72,"A",0.00109165093760431,-6.81897185974574
2016,1,0.286,2864,0,0.71,"Missing",0.863205701655355,1.84217469362357
2016,0,0.242,4000,1,1,"D",0.00161734523483692,-6.42535056332567
2016,1,0.253,2400,0,0.91,"Missing",0.99059373122468,4.65692813387866
2016,0,0.22,3300,0,0.55,"D",0.000314220841875143,-8.06510023097498
2016,1,0.264,1000,0,0.92,"Missing",0.998307316827506,6.37974621566095
2016,0,0.154,3000,0,0.35,"C",5.66555898183821e-06,-12.0810993299019
2016,0,0.132,25000,0,0.07,"AA",0.00137979171590406,-6.58444197720346
2016,0,0.154,5000,1,0.39,"B",0.000951631450566347,-6.95638064534655
2016,0,0.121,8000,1,0.17,"AA",0.000830515327272695,-7.09263331320918
2016,0,0.132,20000,0,0,"AA",2.35012000144826e-05,-10.6584355721957
2016,1,0.165,5000,1,0.84,"B",0.352286756920176,-0.609002578005292
2016,0,0.22,12200,0,0.35,"C",0.0101472408451462,-4.58035437332456
2016,0,0.22,25000,0,0,"B",0.133976387217254,-1.86624860505684
2016,0,0.319,5000,1,0.97,"Missing",0.210085939489092,-1.3244074727145
2016,0,0.121,6000,0,0.4,"AA",0.000854169663091255,-7.06452618050873
2016,0,0.11,3000,0,0,"A",4.05836237452242e-06,-12.4147269633789
2016,0,0.132,7500,0,0.81,"A",0.000405324709384759,-7.81041665364588
2016,0,0.165,3000,0,0.73,"D",1.92237302199874e-05,-10.859345869214
2016,0,0.077,3000,1,0.09,"AA",0.00502025842525572,-5.28924096521169
2016,0,0.209,18000,0,0.76,"C",0.00102753093528905,-6.87956844550272
2016,0,0.198,15000,0,0.29,"C",0.0120696215118251,-4.40492055129091
2016,0,0.253,6000,0,0,"C",0.0255593373460381,-3.64086092330723
2016,0,0.187,1500,0,0.67,"C",0.373592790583011,-0.516834244882929
2016,0,0.187,18000,0,0.22,"B",0.000790359181765816,-7.14223238368665
2016,0,0.165,10000,0,0.68,"B",0.0274996006707566,-3.56569900261015
2016,0,0.088,2500,0,0.47,"AA",0.00870516518887631,-4.73509545314354
2016,1,0.319,2550,0,0,"Missing",0.818309685040598,1.50493718141388
2016,0,0.209,3000,1,0,"D",0.00375126807785348,-5.5819030203372
2016,0,0.209,8500,0,0.79,"C",0.0379799539247964,-3.23197679612506
2016,0,0.198,2275,0,1.03,"D",0.00349906271690415,-5.65175494276592
2016,0,0.165,11000,0,0.54,"B",0.00133618128303502,-6.61660244740915
2016,0,0.187,5000,0,0.34,"D",0.000185981506412994,-8.58967731827837
2016,0,0.099,2550,0,0.58,"AA",0.00736343621696363,-4.90383789775476
2016,0,0.11,15000,0,0.21,"AA",4.71797472120934e-05,-9.96149866108519
2016,0,0.286,2600,0,0.36,"Missing",0.421909130402975,-0.314941110100893
2016,0,0.154,6001,0,0.54,"A",6.07007689724344e-05,-9.70949348895859
2016,0,0.143,5000,1,0.16,"A",0.0012618563436174,-6.67390870050364
2016,0,0.319,2550,0,0,"Missing",0.782157807373169,1.27828560627295
2016,0,0.253,7800,1,1.03,"C",0.00477872682953904,-5.33879094015862
2016,0,0.275,4000,0,0.45,"D",0.212461044073836,-1.31015418776558
2016,0,0.22,6500,1,0.92,"D",0.0102507907341853,-4.57009673965529
2016,1,0.22,4600,0,0.91,"Missing",0.991171034794869,4.72084929058939
2016,0,0.077,1500,0,0.01,"AA",6.2321630211076e-06,-11.9857808588412
2016,0,0.121,8000,0,0.06,"A",0.0131592233426845,-4.31738579826833
2016,0,0.275,3000,0,0.97,"Missing",0.204711761258216,-1.35710166630873
2016,1,0.242,9000,0,0.95,"D",0.391557319866518,-0.440770793748642
2016,0,0.22,2000,0,0.01,"D",0.704769605500276,0.870114898868958
2016,0,0.154,1500,0,0.04,"AA",0.00452803476580932,-5.39292894278235
2016,0,0.077,2000,1,0.07,"AA",0.00321353250211982,-5.73716577197485
2016,0,0.22,12000,0,0.34,"C",0.0011664412039317,-6.75263074957767
2016,0,0.154,25000,0,0,"AA",0.000289707361166843,-8.14634949455758
2016,0,0.165,9999,0,0.57,"B",1.36507517901363e-05,-11.2017023108045
2016,1,0.319,4500,1,0.6,"Missing",0.998922298063425,6.83184605833595
2016,0,0.077,3000,1,0.01,"AA",0.00143008293833202,-6.54859173107572
2016,0,0.22,5000,0,0.85,"D",0.000100590808430836,-9.2043490760916
2016,0,0.055,1000,0,0.42,"D",3.17198072697278e-05,-10.3585375168916
2016,0,0.154,9250,0,0.92,"B",0.617446876847251,0.478725507721659
2016,0,0.231,7000,0,0.52,"C",0.31284080242098,-0.78687155133569
2016,0,0.187,20000,1,0.01,"AA",0.00104144013950527,-6.8661087913709
2016,1,0.319,1500,1,1.29,"Missing",0.971375815163959,3.52446144858935
2016,0,0.242,5000,1,0,"D",0.378427419245508,-0.496228391764441
2016,0,0.176,4000,0,0.8,"C",0.000197853740094729,-8.52778461330749
2016,0,0.198,17000,0,0.23,"B",0.00400914970819,-5.51515889509957
2016,0,0.099,5000,0,0.17,"AA",2.57560425936887e-05,-10.5668155381769
2016,0,0.242,20000,1,0.77,"B",0.00233667411952318,-6.05668726868119
2016,0,0.209,15000,1,0.94,"B",3.51321720428965e-06,-12.5589748446496
2016,0,0.231,13500,0,0.82,"C",0.000896163392959395,-7.01649123821353
2016,1,0.077,2000,1,0.81,"Missing",0.987046725036412,4.3333687296607
2016,0,0.231,5000,0,0.97,"D",0.00173285014954432,-6.35625338753083
2016,0,0.099,3500,0,0.1,"AA",5.35944817004417e-05,-9.83401085261961
2016,0,0.198,10000,0,0.97,"C",0.00222511684038753,-6.10571825611765
2016,0,0.198,15000,0,0.58,"C",0.086048597782437,-2.3628651724568
2016,0,0.242,18200,1,0.8,"C",0.000212882615105835,-8.45455674167949
2016,0,0.154,22000,0,0.71,"A",0.00207495405695148,-6.17573915701618
2016,1,0.22,2000,1,0,"Missing",0.99813129978568,6.28064171393387
2016,0,0.198,12000,0,0.54,"B",0.000964314589692452,-6.94312819889497
2016,1,0.319,4000,1,0,"Missing",0.974958493494868,3.66186019095208
2016,0,0.242,7000,0,0.07,"AA",0.00210447250243878,-6.16158374590067
2016,0,0.187,6500,0,0.79,"C",0.00261700123548791,-5.94310575176408
2016,1,0.308,6500,1,0,"Missing",0.919611844601332,2.43708482855278
2016,0,0.143,25000,1,0.11,"AA",0.000202654810444128,-8.50380379212782
2016,1,0.319,2550,0,0,"Missing",0.963809900296275,3.28210848372204
2016,0,0.121,6000,0,0.4,"AA",0.000830504302370616,-7.09264659910392
2016,0,0.055,2000,0,0.1,"AA",0.0248309404400887,-3.67052037642977
2016,0,0.231,7000,0,0.78,"D",0.0252985736588448,-3.6513831776829
2016,0,0.22,6000,1,0.25,"C",0.00307015992708183,-5.7829507426912
2016,0,0.154,9250,0,0.92,"B",0.00369070095605463,-5.59824134958289
2016,0,0.286,1000,1,0,"Missing",0.683972038514455,0.772086342036101
2016,0,0.319,7000,1,0.27,"Missing",0.225895105729908,-1.23163662912986
2016,0,0.165,1200,0,0.49,"C",0.0187260070807882,-3.95893840953766
2016,0,0.077,1500,0,0.01,"AA",0.0118990159944651,-4.41932919589888
2016,0,0.242,10000,0,0.8,"D",0.0128201776791352,-4.34383190271663
2016,0,0.209,2100,0,0.86,"D",0.00953161227222688,-4.64356406818537
2016,0,0.154,8000,0,0.76,"AA",2.38049526080436e-06,-12.9481996186562
2016,1,0.319,7000,1,0.64,"Missing",0.531109840932177,0.12460031799354
2016,0,0.165,1000,0,0.16,"A",9.14034125469011e-08,-16.2079829313805
2016,0,0.22,5950,0,0.74,"C",0.0568405342293268,-2.80898567106603
2016,0,0.154,2000,0,0.98,"B",0.000168520847281517,-8.6882825580374
2016,0,0.165,11000,0,0.42,"A",0.000200585404248724,-8.51406984003437
2016,1,0.253,1000,1,0.93,"Missing",0.237035309657002,-1.16900263688022
2016,0,0.319,3550,0,0,"Missing",0.102280836240345,-2.17213495777568
2016,0,0.11,3885,0,0.38,"A",0.03926185647282,-3.19744841416421
2016,1,0.319,25000,0,0.95,"C",0.341046407279859,-0.65863455151067
2016,0,0.22,5000,0,0.64,"D",0.0464443484214489,-3.02194300120956
2016,0,0.165,7500,0,0.98,"C",0.124743543076729,-1.94825696265255
2016,0,0.121,13000,0,0.82,"A",0.199320800935182,-1.39054477455991
2016,0,0.077,2550,0,0.44,"AA",1.12059127069334e-05,-11.3990577927267
2016,0,0.165,3000,0,0.46,"B",0.00126852996109824,-6.6686272246648
2016,0,0.22,19900,0,0.98,"A",0.00135248295284385,-6.60445975312166
2016,0,0.176,2000,0,0.89,"C",0.00216716370582576,-6.13216649896524
2016,0,0.154,3210,0,0.08,"B",9.26798532454198e-06,-11.5889352668218
2016,0,0.143,10000,0,0.78,"B",0.0445897619773764,-3.06463653625448
2016,0,0.176,6000,1,0.55,"C",0.000442493684642809,-7.72264177399792
2016,0,0.253,25000,0,0.04,"AA",0.506848702064514,0.0273965217120278
2016,1,0.253,4400,1,0,"Missing",0.959171037973507,3.15667772614451
2016,0,0.099,5000,0,0.28,"AA",7.57739997433682e-05,-9.48767955858825
2016,0,0.099,3001,0,0.34,"AA",0.00225878922744924,-6.09066500518474
2016,0,0.143,9900,0,0.86,"B",8.44855589141249e-05,-9.37884544950282
2016,0,0.165,5000,0,0.7,"C",0.000322731339154747,-8.03836756474664
2016,0,0.077,2500,1,0,"AA",0.0011634870219464,-6.75516956520766
2016,0,0.187,8500,1,0.21,"B",0.0157710190277019,-4.13368455721688
2016,1,0.264,9000,0,0.64,"D",0.890811159560693,2.09905359856682
2016,0,0.132,6000,0,0.33,"AA",0.000329877257263562,-8.01645998870089
2016,0,0.132,4000,0,0,"B",2.53139266532157e-05,-10.5841305388302
2016,0,0.176,5000,0,0.35,"B",0.0803137856970731,-2.43809125681423
2016,0,0.319,3000,1,0,"Missing",0.0822062568698135,-2.41274126788696
2016,0,0.275,25000,0,0.71,"A",0.0219502123614075,-3.79678376209123
2016,0,0.264,7500,0,0,"C",0.0173235355267964,-4.03821392319691
2016,0,0.198,17000,0,0.23,"B",0.000151704870136491,-8.79342185201233
2016,1,0.319,6000,1,0.72,"Missing",0.983062290142802,4.06112999687193
2016,0,0.22,10000,0,0.79,"C",0.0279031866378308,-3.55071450301009
2016,0,0.165,2200,1,0,"C",0.0575166765892769,-2.79644329177868
2016,0,0.077,1000,0,0.34,"AA",0.000529883674982433,-7.54232303255989
2016,0,0.198,3001,0,1,"Missing",0.381642245570559,-0.482583540759227
2016,1,0.242,1500,1,1,"Missing",0.494385764869372,-0.0224578843733716
2016,0,0.264,10000,0,0.57,"D",0.0307335839558476,-3.4511835166532
2016,1,0.264,1500,0,0,"Missing",0.999088869005698,6.9999123329455
2016,0,0.253,8000,0,0.75,"C",0.00167009942366468,-6.39320062360265
2016,0,0.165,3000,0,0.96,"C",0.0001418597650135,-8.86052968883129
2016,0,0.22,3200,1,0,"D",0.0842096886322382,-2.3864774392279
2016,1,0.22,7500,0,0.38,"C",0.90270291355513,2.22762445519634
2016,0,0.176,25000,0,0,"AA",0.0108404585597339,-4.51357033685278
2016,0,0.22,25000,0,0,"B",0.0023388660070904,-6.05574747400313
2016,0,0.165,15000,1,0.72,"C",0.00436826992947177,-5.42901040671195
2016,1,0.275,5500,0,0.49,"Missing",0.954429454977989,3.04185216729644
2016,0,0.121,8000,0,0,"A",0.0010609691508726,-6.84751096291658
2016,0,0.099,2500,0,0.28,"AA",6.39150783476493e-05,-9.65789133941399
2016,0,0.143,10000,0,0.28,"AA",0.000240836657366611,-8.33115075886357
2016,0,0.253,14000,1,0.83,"C",0.00808029891434863,-4.81021329132348
2016,0,0.187,4900,0,0.13,"D",0.0302433194625264,-3.46776987935071
2016,0,0.165,9800,0,0.94,"B",0.000770935963435114,-7.16713401106733
2016,0,0.11,9000,0,0.22,"AA",7.12135784307826e-07,-14.1549965232834
2016,0,0.253,6001,1,0.92,"D",0.0271053720286796,-3.58054384221902
2016,0,0.231,15500,0,0.66,"A",0.000759792124675506,-7.18170560134817
2016,0,0.165,3000,0,0.73,"D",0.0025957232364541,-5.95129099939192
2016,1,0.319,5000,0,0.32,"Missing",0.890916041149618,2.10013234271029
2016,0,0.209,6200,0,0,"C",0.0368487902327537,-3.26338763036837
2016,0,0.165,7000,1,0,"B",0.00245599070684383,-6.00676604096355
2016,0,0.088,4000,0,0.13,"AA",0.00039442603437278,-7.83768442350061
2016,0,0.165,1000,0,0.16,"A",0.28907765662485,-0.899867842082175
2016,0,0.22,4500,0,0.39,"D",0.072704256251136,-2.54587261962248
2016,1,0.253,1600,1,1.46,"Missing",0.794146079005807,1.35010062706521
2016,0,0.231,7000,0,0.52,"C",0.113640846261213,-2.05407923004176
2016,0,0.275,5000,0,0.2,"D",0.000703303043349042,-7.25901913694107
2016,1,0.319,2550,1,0,"Missing",0.909719114115677,2.3102101215247
2016,1,0.319,5500,1,0.89,"Missing",0.998803772143875,6.72738518253724
2016,0,0.077,1000,0,0.09,"AA",1.08320975358346e-05,-11.4329860052626
2016,1,0.319,4000,1,1.14,"Missing",0.989268637215759,4.52379536433418
2016,0,0.121,1000,0,0.03,"AA",1.83982263807678e-05,-10.9032378919493
2016,1,0.275,3000,1,0.93,"Missing",0.993032557676776,4.95951524832792
2016,1,0.319,20000,0,0.89,"C",0.600545695121704,0.407739355864408
2016,0,0.165,1500,1,0.64,"AA",0.000570020318427764,-7.46926836856472
2016,1,0.319,25000,1,0.97,"D",0.384399148875419,-0.470917321627462
2016,0,0.165,7500,0,0.65,"B",0.00136425899728655,-6.59577866643146
2016,0,0.231,15000,0,0.24,"C",0.153233299294465,-1.70946362279831
2016,0,0.308,5200,1,0.92,"Missing",0.0656884236908846,-2.65488726564193
2016,0,0.11,8000,0,0.45,"AA",1.00208458904428e-06,-13.8134271365758
2016,0,0.099,1500,0,0.03,"AA",0.00017256875010155,-8.6645422659382
2016,0,0.143,1000,1,0.7,"C",0.000721027022934062,-7.23411265449615
2016,1,0.319,5000,0,1.01,"Missing",0.989371918070587,4.533570578909
2016,0,0.165,2700,0,0.51,"C",0.00340824997461301,-5.6781422520574
2016,0,0.22,12000,0,0.66,"C",0.00788176599310913,-4.83529029812819
2016,0,0.187,15000,1,0.89,"B",0.0238268154854058,-3.7128283663285
2016,0,0.319,2100,0,1,"Missing",0.0651567940842529,-2.66358223916661
2016,0,0.088,3000,0,0.03,"AA",0.000670468866589871,-7.30686259571396
2016,1,0.319,2000,0,0.77,"Missing",0.470119988900545,-0.119662629108351
2016,0,0.286,5050,1,0,"D",0.0517024710194154,-2.90916272643157
2016,0,0.22,1500,0,0.53,"D",0.0217245257912396,-3.80734945822091
2016,1,0.319,5000,0,0.92,"Missing",0.917839133807606,2.41334303144588
2016,0,0.121,12000,0,0.02,"AA",0.0717748398681032,-2.55974033783035
2016,0,0.187,1500,0,0.67,"C",0.0013357622712483,-6.6169165051865
2016,1,0.297,5000,0,0.96,"Missing",0.978033019568558,3.79600299538943
2016,0,0.253,15000,0,0.86,"C",0.00541806722461961,-5.21258332956757
2016,0,0.209,2500,0,0.82,"C",0.020500952174752,-3.86656993266668
2016,1,0.319,2000,1,0,"Missing",0.996322965309027,5.60196483052055
2016,0,0.319,7000,0,0.12,"D",0.00559034821190849,-5.1811076691314
2016,0,0.319,5000,0,0.71,"Missing",0.00526102731475364,-5.24215404906482
2016,0,0.165,10500,0,0.84,"C",0.00387385441979866,-5.54962391625711
2016,0,0.264,3500,0,1,"Missing",0.0487109249030829,-2.97191465037471
2016,0,0.121,5000,1,0,"Missing",0.0632725616832944,-2.69494058186193
2016,0,0.22,2000,1,0,"D",0.0101951930309157,-4.57559142128337
2016,0,0.286,5000,0,0,"Missing",0.391697867990122,-0.440180888495611
2016,0,0.077,1850,1,0.31,"AA",1.40050387579864e-05,-11.17607937668
2016,1,0.319,2000,1,0,"Missing",0.559990929589342,0.241125245166622
2016,0,0.319,20000,0,0.89,"C",0.0221248042585576,-3.78868270639142
2016,0,0.198,6800,1,0.89,"D",0.00265975390253886,-5.92685838097866
2016,0,0.187,10000,0,0.85,"C",0.108714815221044,-2.1039363695404
2016,0,0.275,15000,0,0,"D",0.128831843102517,-1.91132700792747
2016,0,0.187,6500,0,0.81,"C",0.00132900759948559,-6.62199288955571
2016,0,0.264,1000,0,0,"D",8.52599575065641e-05,-9.36972038143325
2016,1,0.253,2600,0,0.5,"Missing",0.996877282920678,5.76592419444694
2016,0,0.22,2018,0,0,"Missing",0.228901425027038,-1.21452476630959
2016,0,0.22,25000,1,0.19,"C",0.360739949365503,-0.572153999709766
2016,0,0.121,4000,0,0.64,"D",0.000150793659164533,-8.79944734622534
2016,0,0.165,15000,0,0.01,"AA",0.00503722687573488,-5.28584961492667
2016,0,0.099,8000,0,0,"AA",0.000302945288285704,-8.10165534428741
2016,1,0.242,5000,0,0.93,"D",0.0647646969945499,-2.67003750316152
2016,1,0.319,1500,1,0.94,"Missing",0.998222489179026,6.33076221608863
2016,0,0.143,10200,0,0.95,"A",0.000686996711579695,-7.28249381958942
2016,0,0.242,25000,0,0.7,"C",0.758749372107615,1.14583517195965
2016,0,0.121,3500,0,0,"D",0.00249033914408674,-5.99284293013933
2016,1,0.22,3000,0,0.98,"D",0.147565872611409,-1.75382126618467
2016,0,0.209,20000,1,0.82,"B",0.000382861695168018,-7.86745380821573
2016,0,0.11,2100,0,0,"AA",0.00523038561551798,-5.24802616020072
2016,0,0.319,12000,0,0.6,"B",0.0763165349372413,-2.49347981832905
2016,0,0.132,6000,0,0.53,"AA",0.0111071586180849,-4.48899615428449
2016,0,0.187,4900,0,0.13,"D",0.687108631594502,0.786636339811929
2016,1,0.099,4000,0,0.32,"A",0.162099601354178,-1.64268826790692
2016,1,0.209,8750,0,0.73,"D",0.168206651972197,-1.59839073544706
2016,0,0.319,2550,1,0.93,"Missing",0.302109288761893,-0.837273681117498
2016,0,0.187,5000,0,0.17,"C",0.000567098246068042,-7.47441073665093
2016,0,0.165,18000,0,0.12,"B",0.253273398196653,-1.0812295926763
2016,0,0.22,5500,0,0.8,"D",0.00321248805809305,-5.73749188691724
2016,0,0.099,5000,0,0.02,"AA",0.000462898381206033,-7.677540001452
2016,0,0.077,1500,1,0.07,"AA",0.00071144874110662,-7.24749548450883
2016,0,0.198,4500,1,0.71,"C",0.00716114030228253,-4.93189914625369
2016,0,0.209,3725,0,0.78,"D",0.000117681944458411,-9.0474072696681
2016,0,0.143,2550,0,0.27,"A",0.000108759662850473,-9.12626127256769
2016,0,0.319,3700,0,0.58,"D",0.0014478899932989,-6.53619902018436
2016,0,0.154,1000,0,0.6,"A",0.0510287604807311,-2.92298908728957
2016,1,0.319,5500,0,0.99,"Missing",0.840244650798341,1.66004952285498
2016,0,0.165,5000,0,0.92,"B",8.35948634442202e-06,-11.6921052152888
2016,0,0.132,25000,0,0.17,"AA",9.0383608189587e-06,-11.6140236869364
2016,0,0.319,3000,0,0.91,"Missing",0.0750220748251454,-2.51198747132045
2016,0,0.165,1200,0,0.9,"D",0.00295755519087916,-5.82043036355753
2016,1,0.198,9800,1,0.72,"C",0.949765217081966,2.93950714056089
2016,0,0.319,1500,1,0.94,"Missing",0.558228289819931,0.233974744410938
2016,0,0.22,25000,1,0.19,"C",0.086973332836132,-2.35116353590997
2016,1,0.286,6000,1,1.06,"Missing",0.997304998039996,5.91365770733173
2016,0,0.198,5500,0,1.02,"C",0.000138785796280245,-8.88244005197485
2016,0,0.11,5000,0,0.11,"AA",0.00145977619934715,-6.52801130041944
2016,0,0.187,9500,0,0.37,"C",0.0272928410684906,-3.57345863382519
2016,0,0.099,2500,0,0.09,"AA",2.37549203639428e-06,-12.9503035932216
2016,0,0.22,12000,0,0.34,"C",0.00164459968184282,-6.40861232536271
2016,1,0.297,1000,0,0,"Missing",0.983878152432867,4.11132671669985
2016,1,0.319,3000,0,0.94,"Missing",0.994394073359555,5.17830921340517
2016,1,0.165,15000,1,0.45,"A",0.627252183014327,0.520446568417244
2016,0,0.187,15000,1,0,"A",0.000927719617879762,-6.98185285651969
2016,0,0.154,2000,0,0.5,"C",0.0103960679747696,-4.5558771391102
2016,0,0.165,1000,0,0,"D",2.65162139005583e-05,-10.5377276502036
2016,1,0.319,3000,0,0.94,"Missing",0.933878924878648,2.64785926610097
2016,0,0.165,10000,0,0.66,"B",0.055404200871236,-2.83610169132422
2016,0,0.209,25000,0,0.85,"A",0.10040668665036,-2.19271398199938
2016,1,0.308,5200,1,0.92,"Missing",0.914355358938932,2.36801263629827
2016,0,0.198,7500,0,0,"C",0.0462686081690361,-3.02591835004538
2016,0,0.308,6500,1,0,"Missing",0.131440494894679,-1.88828185923837
2016,0,0.121,3000,0,0,"B",0.000111597032860284,-9.10050449238368
2016,0,0.22,21000,0,0.34,"AA",0.00118652711906875,-6.73553739439199
2016,1,0.275,3000,0,0.97,"Missing",0.912469211897543,2.34416374899916
2016,1,0.319,5000,0,1,"Missing",0.920457291560367,2.44857651210538
2016,0,0.143,4000,0,0.01,"A",0.0307016771817816,-3.45225514676571
2016,0,0.198,25000,0,0.69,"B",0.00915223099768566,-4.68456323456021
2016,0,0.099,9000,0,0.37,"AA",3.66980090087253e-07,-14.8179578738267
2016,1,0.11,4000,0,0.51,"AA",0.0174101006899675,-4.03314130290821
2016,0,0.165,19300,0,0.39,"A",5.4483304775392e-05,-9.81756175283247
2016,0,0.253,7800,1,1.03,"C",0.00687004486309768,-4.97369089021411
2016,1,0.275,10000,0,0.87,"Missing",0.245983886222537,-1.12014770821073
2016,0,0.099,8000,0,0,"AA",0.00116869470344403,-6.75069841288226
2016,1,0.264,2000,1,0.93,"Missing",0.761971714079248,1.16351991935067
2016,0,0.176,15000,0,0,"B",0.00614488858735312,-5.08597082062998
2016,1,0.319,4000,1,0,"Missing",0.500052204748195,0.000208818993537196
2016,0,0.209,10300,0,0.38,"B",0.00171199301426854,-6.3683836215725
2016,1,0.319,20000,0,0.95,"Missing",0.988509777161022,4.45470204762871
2016,0,0.165,3200,0,0.7,"C",0.00286527673806657,-5.85222095128534
2016,0,0.319,2550,0,1.16,"Missing",0.395667354437643,-0.423550939821871
2016,0,0.165,16000,0,0.24,"C",0.00251079298169198,-5.98464269646412
2016,0,0.11,3000,0,0.36,"A",0.000131023800084149,-8.94000053884882
2016,0,0.176,5000,0,0.35,"B",0.672654084003753,0.720213747572284
2016,0,0.099,7000,0,0.17,"AA",0.000191081706162901,-8.56261834046764
2016,0,0.143,18000,0,0.53,"AA",0.000316676819412613,-8.05731207427666
2016,0,0.187,3000,1,0.59,"C",0.185524706747264,-1.47935603075443
2016,0,0.242,10000,0,0.93,"D",0.000574083179432101,-7.46216201221253
2016,0,0.154,7750,0,0.59,"C",0.455141094672986,-0.179919402774559
2016,0,0.11,4500,0,0.15,"AA",5.23999588405117e-05,-9.85655235079224
2016,0,0.165,15000,0,0.04,"AA",0.000299984590941844,-8.11147941855909
2016,0,0.121,1253,0,0.73,"A",0.21958913794976,-1.26806228169592
2016,0,0.209,1000,0,0.87,"C",0.0020663398332563,-6.17990795564513
2016,0,0.165,10000,0,0.64,"AA",0.107454204138299,-2.11701307544255
2016,0,0.319,10000,0,0.49,"D",0.0796685465040797,-2.44685902142795
2016,0,0.22,3000,1,1.03,"Missing",0.790215153414828,1.32622278902939
2016,0,0.165,10000,0,0.49,"A",0.00154079445271151,-6.47391513449481
2016,0,0.099,1500,0,0.76,"A",7.10271021490662e-05,-9.55237800372558
2016,0,0.264,2000,0,0,"Missing",0.959808435309148,3.1730765779509
2016,1,0.275,15000,0,0.79,"D",0.996977508574366,5.79864674394725
2016,0,0.198,2550,0,0.28,"D",0.0111867002760042,-4.48177993964432
2016,0,0.319,2975,0,0.96,"Missing",0.912065633465318,2.33912125263198
2016,0,0.187,10000,0,0.28,"B",0.00483474647984412,-5.32708011414274
2016,0,0.132,13000,0,0.36,"AA",0.111711233116495,-2.07337961198941
2016,1,0.154,22000,0,0.71,"A",0.0555054461682072,-2.83416877563816
2016,1,0.253,8000,1,0,"C",0.45267019428644,-0.189887743825748
2016,0,0.132,6250,0,0.21,"AA",0.0128128540141553,-4.3444107454975
2016,1,0.319,5000,0,0,"Missing",0.986905472336022,4.3223798547807
2016,0,0.143,6000,0,0.92,"C",0.000107176799095494,-9.1409235765562
2016,0,0.088,1000,0,0.05,"AA",0.00629786800342462,-5.06122633177998
2016,0,0.319,10000,0,0.04,"B",0.00531218357274731,-5.23242596589399
2016,0,0.187,10000,0,0.84,"C",0.00093026952989405,-6.97910549421632
2016,0,0.154,1400,0,0.61,"C",0.0334955592663005,-3.3622730224631
2016,0,0.319,8500,1,0,"B",0.00939136479193683,-4.65852890935265
2016,0,0.22,4000,1,0.98,"B",0.000229800838804744,-8.37806771515802
2016,0,0.275,7000,0,1.02,"C",0.00884274633436275,-4.719275703834
2016,0,0.264,4592,0,0.6,"C",0.00410370497933412,-5.49175291154102
2016,0,0.165,25000,0,0.16,"AA",0.000607836397984567,-7.40499677326404
2016,0,0.143,10800,1,0.68,"A",0.000805020621814502,-7.12383731888803
2016,0,0.231,5000,0,0.95,"D",0.00791771607299798,-4.83070326173507
2016,0,0.209,6001,0,0.2,"C",0.130026391280955,-1.90072543667745
2016,0,0.132,15000,0,0,"AA",0.000263040985699554,-8.24293762317932
2016,1,0.275,3000,1,0.93,"Missing",0.999287933591467,7.24662706044229
2016,0,0.099,1500,0,0.29,"A",0.00022568324675524,-8.39615239611301
2016,0,0.253,25000,0,0.04,"AA",0.0114590885186961,-4.45744685695801
2016,1,0.319,2501,1,0,"Missing",0.978880132874005,3.83619502926793
2016,1,0.319,4000,0,1.21,"Missing",0.990907764826279,4.69120068550804
2016,1,0.319,5000,0,0.97,"Missing",0.995216867472836,5.33786499839596
2016,0,0.22,15000,0,0.59,"A",0.00821007034185646,-4.79414982914786
2016,0,0.143,2600,1,0.1,"C",0.00237909530950713,-6.03865305576587
2016,0,0.242,19000,0,0.75,"C",0.223741463354724,-1.24399442665327
2016,0,0.319,5000,0,1,"Missing",0.0231839296134303,-3.7408390251598
2016,0,0.187,10000,0,0.62,"B",0.00760085216013816,-4.87186502579056
2016,0,0.319,4500,0,0.97,"D",0.300038615087871,-0.847113985778095
2016,0,0.176,5300,0,0.92,"C",0.00196370167648275,-6.23095834420532
2016,1,0.231,3000,1,0.65,"Missing",0.998741394197059,6.67649127773791
2016,0,0.121,1000,0,0.97,"Missing",0.102060691247804,-2.17453483254171
2016,0,0.121,5000,1,0,"Missing",0.701712341593358,0.855465232664425
2016,0,0.165,1500,1,0.64,"AA",0.000170658930851492,-8.67567287616748
2016,0,0.165,4000,0,0,"C",0.000275033122073088,-8.19834395269773
2016,0,0.187,1200,0,1.36,"Missing",0.380986055208374,-0.48536502641169
2016,0,0.187,15000,1,0.89,"B",0.20725355396048,-1.34156048828069
2016,0,0.286,25000,0,0.69,"B",0.166033477273744,-1.61400382258951
2016,0,0.165,2200,1,0,"C",0.00315987117176726,-5.75405914653591
2016,0,0.319,5000,0,1,"D",6.66360050087948e-05,-9.61619887252502
2016,0,0.187,7000,0,0.67,"B",0.00363333205836048,-5.6139651806842
2016,1,0.319,5000,1,0,"Missing",0.993120053268851,4.97224064695353
2016,0,0.165,25000,0,0,"B",0.000392328443017074,-7.84301879872318
2016,0,0.165,8000,0,0.64,"B",0.0103812571615841,-4.55731777647457
2016,0,0.176,3500,0,0,"C",0.0244600107090887,-3.68595158477852
2016,0,0.11,10000,0,0.15,"AA",0.000953690368201471,-6.95421735541099
2016,0,0.253,4500,1,0,"D",0.201032497889736,-1.37985369570186
2016,0,0.165,1800,1,1.02,"D",0.00288465264762662,-5.84546196443015
2016,1,0.253,5000,0,0.39,"D",0.93213247601709,2.61991731794405
2016,0,0.176,25000,0,0.85,"A",0.0121312421070041,-4.39976573548206
2016,0,0.121,25000,1,0.09,"AA",0.000743790813390059,-7.20300665990071
2016,0,0.165,8000,0,0.12,"B",3.049913824986e-06,-12.7003941719286
2016,0,0.319,6700,0,0.39,"Missing",0.00839772767162626,-4.77136093776521
2016,1,0.319,4000,1,1.14,"Missing",0.996078001303453,5.53722417364986
2016,0,0.165,5000,1,0.42,"B",2.06979953497227e-05,-10.7854530071815
2016,0,0.165,12000,0,0.33,"B",0.000309993115232386,-8.07865042848646
2016,0,0.275,15000,0,0.45,"C",7.20844175217117e-05,-9.53760057315415
2016,1,0.209,1000,0,0.87,"C",0.557085237590006,0.229340916381738
2016,1,0.319,2800,0,0.97,"Missing",0.894768697147307,2.14040443425552
2016,0,0.22,1100,0,0,"Missing",0.000434327472087913,-7.74127734258811
2016,0,0.143,5000,0,0.32,"B",0.000351501638334786,-7.952944622314
2016,0,0.099,1025,1,0.76,"D",0.0266528517613522,-3.59784464707178
2016,0,0.275,13000,0,0.74,"D",0.0412499568990877,-3.14598032972724
2016,0,0.253,6001,0,0.88,"D",0.00396749955781638,-5.52564382605129
2016,0,0.253,3500,0,0.92,"Missing",0.948024951500627,2.90361705518449
2016,0,0.187,10000,0,0.76,"C",0.000354567822665057,-7.94425628037016
2016,0,0.121,2500,1,0,"B",0.000106783908707662,-9.14459652071042
2016,0,0.275,7900,0,0.68,"C",0.000218547385098084,-8.42828913023302
2016,0,0.187,25000,0,0.34,"AA",0.00037670709078143,-7.88366584196306
2016,1,0.319,5000,0,0.77,"Missing",0.999458060192468,7.51981353219503
2016,0,0.132,4000,0,0.43,"B",0.00048006129882157,-7.64111657977263
2016,0,0.165,25000,0,0.04,"A",0.00575341899625998,-5.15219095916755
2016,0,0.154,6000,0,0.03,"AA",3.88998287692021e-05,-10.1544818085842
2016,0,0.22,5000,0,0.97,"C",0.00915758911870013,-4.68397255398824
2016,0,0.198,15000,0,0.61,"A",0.000983628506673,-6.92327815347812
2016,0,0.154,9250,0,0.92,"B",0.000119349027798543,-9.03333899486406
2016,0,0.132,15000,0,0,"A",0.00342607023515103,-5.67290942600915
2016,0,0.143,2500,0,0.57,"A",0.0145612450406627,-4.21472342835443
2016,0,0.275,15000,1,0,"D",0.105957834777104,-2.13271170888723
2016,1,0.176,2000,1,0.41,"C",0.615685869078757,0.471276613227286
2016,1,0.319,10000,1,0.72,"Missing",0.98515145203729,4.19489330758696
2016,1,0.319,5000,0,0,"Missing",0.99564924962841,5.43304670711407
2016,0,0.121,13000,1,0,"AA",3.36758751599459e-06,-12.6013105729893
2016,0,0.165,25000,0,0.9,"B",0.0116752660928101,-4.43853872681817
2016,1,0.319,3000,0,1.51,"Missing",0.830119654570318,1.58647551371556
2016,0,0.187,3000,0,1.12,"Missing",0.219131031592395,-1.27073749296877
2016,0,0.22,3000,0,0.89,"D",0.00825770479859456,-4.78831661097183
2016,0,0.132,7500,0,0.81,"A",0.0047373900318447,-5.34752027408793
2016,0,0.187,5000,1,0.08,"C",0.0227770340155444,-3.75896209264054
2016,0,0.099,3001,0,0.34,"AA",0.000559891474565577,-7.48720754016212
2016,0,0.121,8000,0,0.06,"A",3.9013182963727e-05,-10.1515719302972
2016,1,0.209,1100,1,1,"Missing",0.991700591088433,4.78323694143473
2016,0,0.187,4500,0,0.05,"D",0.0120611085063424,-4.4056347420963
2016,1,0.22,4000,0,0,"D",0.988153933281388,4.42384259852554
2016,0,0.154,3000,0,0.98,"C",0.00136928660442215,-6.59209517653251
2016,0,0.22,3000,0,0.39,"D",0.0101887621756155,-4.57622889065312
2016,0,0.209,5000,0,0.39,"C",0.00567210755613591,-5.16650627223737
2016,0,0.253,1800,0,0,"Missing",0.701736310930215,0.85557975010984
2016,0,0.099,5000,0,0.02,"AA",0.000146087595385313,-8.83115804950524
2016,0,0.209,2750,0,0,"C",0.1267956521336,-1.92959285164851
2016,0,0.264,2000,0,1.02,"Missing",0.141564814197945,-1.80235351738129
2016,0,0.187,3800,0,0.7,"C",0.00368534156877908,-5.59969991680247
2016,0,0.176,8000,1,0.59,"C",0.0120946377824694,-4.40282471002541
2016,0,0.132,10000,0,0.85,"A",4.07174688033393e-05,-10.1088126303745
2016,0,0.22,2000,1,0,"Missing",0.185567778604056,-1.47907101097451
2016,0,0.132,4000,0,0.28,"AA",0.00133643213288368,-6.61641447745526
2016,1,0.253,2600,0,0.5,"Missing",0.998347935239192,6.40407597226932
2016,0,0.319,3600,1,0,"Missing",0.0845690419170694,-2.38182668197847
2016,0,0.165,12000,0,0.43,"A",0.000154295101748856,-8.77648923707731
2016,0,0.11,3900,0,0.41,"AA",0.0096902467504522,-4.62689788624009
2016,0,0.308,8000,0,0.92,"D",0.0323224322170788,-3.39913745559332
2016,0,0.132,4000,0,0.43,"B",0.00806798643006493,-4.81175063208333
2016,0,0.11,5000,0,0,"AA",0.0254457097003732,-3.64543307712687
2016,0,0.143,12500,0,0,"AA",0.000298500828014003,-8.11643930583095
2016,0,0.143,10000,0,0.15,"A",0.00243951632957682,-6.01351298811179
2016,1,0.275,7500,0,0.54,"D",0.956134864754153,3.08177915621551
2016,0,0.209,9900,0,0.36,"C",0.0161138961339597,-4.11182812861697
2016,0,0.077,1000,1,1.06,"Missing",0.340561764908677,-0.6607918097478
2016,1,0.319,2560,0,1,"Missing",0.165921870341511,-1.61481006164888
2016,0,0.198,1000,1,0,"C",0.0939976948544748,-2.2657715912059
2016,0,0.088,2000,0,0.15,"AA",2.20563047758133e-05,-10.721890009518
2016,1,0.308,3500,0,0,"Missing",0.993383761879135,5.01159010779504
2016,0,0.077,1000,0,0.09,"AA",0.0563344646109863,-2.81846528972726
2016,0,0.187,4000,0,0.73,"B",8.80702598382245e-05,-9.33728758065279
2016,0,0.187,25000,0,0.34,"AA",0.0139683601866953,-4.25689365782135
2016,0,0.231,5000,0,0.85,"C",0.301838417838748,-0.838558735118979
2016,0,0.198,3002,1,0.8,"D",0.00576271064359465,-5.15056793799596
2016,0,0.121,10121,0,0,"AA",0.000240603233185139,-8.33212068432148
2016,0,0.264,10000,0,0.68,"D",0.0123437775543432,-4.38218258985846
2016,1,0.286,2500,0,0.65,"Missing",0.927682777057803,2.55162752351607
2016,0,0.275,4800,0,0.85,"Missing",0.0952011613730619,-2.2517205002125
2016,0,0.187,10000,0,0.72,"B",0.000359212020034347,-7.9312384821967
2016,0,0.22,5000,0,0.61,"C",0.0286147236702871,-3.52480177363044
2016,0,0.209,9900,0,0.36,"C",0.00105652329484627,-6.85171459026863
2016,0,0.121,12000,0,0.02,"AA",0.000673716974495479,-7.30202651036512
2016,1,0.275,8500,0,0.86,"Missing",0.737653989567431,1.03381058285664
2016,1,0.319,4000,0,1.12,"Missing",0.776334944870683,1.24443441385319
2016,0,0.154,22000,0,0.77,"B",0.0079997487697403,-4.82031322313689
2016,0,0.22,1990,1,1,"D",0.555897116731946,0.224526980617508
2016,1,0.22,5000,0,0.87,"D",0.0662838726678882,-2.64522584008205
2016,0,0.286,5000,0,0.61,"D",0.0260284643606636,-3.62219135673998
2016,0,0.187,3000,0,0,"C",0.0547391386301452,-2.8488819653464
2016,0,0.165,6010,0,0.63,"B",0.0108909377488914,-4.50887355657518
2016,0,0.275,2000,0,0,"D",0.0418411410350173,-3.13113349700168
2016,0,0.165,3500,0,0.32,"C",0.0259976731528638,-3.62340665270376
2016,0,0.176,25000,0,0.78,"B",0.0010050251970951,-6.90173713547541
2016,0,0.165,2500,0,0.24,"C",0.000503589314245153,-7.59324575859608
2016,1,0.319,7000,1,0.91,"D",0.373829185296446,-0.51582423153912
2016,0,0.242,17500,0,0,"AA",0.0870544794529232,-2.35014208471977
2016,0,0.22,1500,0,0.53,"D",0.0310105164247872,-3.44192737250262
2016,0,0.319,25000,0,1.31,"Missing",0.156446805743979,-1.6849069109255
2016,0,0.165,5000,0,0.92,"B",0.0045946836143611,-5.37825010825551
2016,0,0.165,25000,0,0,"B",8.26153984094176e-05,-9.40123185457889
2016,0,0.165,1200,0,0.9,"D",0.250860910885609,-1.09402602038779
2016,0,0.253,13100,0,0.71,"D",0.217111500047659,-1.28257923808626
2016,0,0.187,12000,0,0.91,"D",0.000258518641213703,-8.2602842015405
2016,0,0.187,5000,1,0.28,"B",0.0109046915252525,-4.50759758371428
2016,0,0.198,10000,0,0.27,"C",0.00909912010343653,-4.69043679212383
2016,0,0.253,9600,0,0.94,"D",0.00281765638286638,-5.86902817601866
2016,0,0.099,1000,0,0,"A",0.00747837816907995,-4.88823285138261
2016,0,0.132,4000,0,0.04,"AA",0.000864612139733808,-7.05236455882969
2016,0,0.099,1400,1,0.9,"D",0.000284389672006759,-8.16488074560164
2016,0,0.154,24000,0,0.54,"A",0.000604370422284452,-7.41071871295436
2016,0,0.077,1000,0,0,"AA",0.038288189277021,-3.22357335807025
2016,1,0.253,3150,0,0.88,"Missing",0.986398928561654,4.28391229376859
2016,0,0.11,6500,0,0.67,"A",0.00280639813057981,-5.87304307846516
2016,1,0.286,4000,0,0.99,"Missing",0.844818877958765,1.69452929475237
2016,0,0.209,2500,0,0.82,"C",0.000337519368901851,-7.99355008361819
2016,1,0.077,2000,1,0.81,"Missing",0.472091246227193,-0.111751168767894
2016,0,0.11,5000,0,0,"A",0.000803207918086744,-7.12609342023728
2016,1,0.319,5000,0,0.88,"Missing",0.620604912082332,0.49211655659461
2016,0,0.165,12000,0,0.94,"B",0.0830084260088359,-2.40215616272322
2016,0,0.132,25000,0,0.07,"AA",0.012634231189888,-4.35863066588247
2016,0,0.231,7500,1,1.02,"C",0.00831755277891007,-4.78103486793306
2016,0,0.143,10200,0,0.95,"A",0.00867267161398068,-4.73886789292838
2016,1,0.308,5000,0,0.96,"Missing",0.869440865335644,1.89602405820014
2016,0,0.198,7000,0,0.54,"B",0.0296653875204479,-3.4876600104849
2016,0,0.286,25000,1,0.09,"B",0.212009738025376,-1.31285352418226
2016,0,0.154,22000,0,0.71,"A",0.00360602756310212,-5.62153596559929
2016,0,0.121,1550,0,0.95,"D",0.000155911301012383,-8.76606737221701
2016,0,0.165,2000,0,0,"B",0.0763509797976804,-2.49299128665736
2016,1,0.22,2000,1,0.87,"Missing",0.815655681871766,1.48718700432966
2016,0,0.22,7500,0,0.74,"C",0.00721637007016722,-4.92416067885129
2016,0,0.11,7500,0,0.2,"AA",0.0052996432133295,-5.23480204279363
2016,0,0.11,5000,0,0.11,"AA",0.00101512255380124,-6.89173029297622
2016,0,0.275,13000,0,0.74,"D",0.341796851628696,-0.655297060314344
2016,0,0.231,25000,0,0.07,"B",0.0484327164104818,-2.9779348531553
2016,0,0.264,3000,0,1,"Missing",0.618280909692938,0.482257928207175
2016,0,0.099,4900,0,0,"AA",1.03241970218389e-06,-13.7836042529972
2016,0,0.055,2000,0,0.1,"AA",0.00127908222549433,-6.66033256860935
2016,0,0.176,9000,0,0.97,"C",0.000652696839399612,-7.33374488474388
2016,0,0.143,25000,1,0.11,"AA",0.000455439197759413,-7.69379279184404
2016,0,0.209,13500,0,0.78,"B",0.000191505132879255,-8.56040442268343
2016,0,0.319,3000,0,0.79,"Missing",0.911424135236989,2.33114894621328
2016,1,0.319,4500,0,0.45,"Missing",0.99863144293407,6.5926288363373
2016,1,0.22,1500,0,0.41,"Missing",0.831507127407858,1.59634642060216
2016,1,0.275,6000,1,1,"Missing",0.993967763429643,5.10458692581312
2016,0,0.165,15000,1,0.45,"A",0.000126189020823976,-8.97760341288363
2016,0,0.264,2550,1,0.93,"Missing",0.206268350172074,-1.34756743982423
2016,1,0.209,8750,0,0.73,"D",0.841477452153195,1.6692623775368
2016,0,0.176,3500,1,0,"C",0.00484796706205037,-5.32433606779649
2016,0,0.165,25000,0,0.16,"AA",3.52971349353875e-05,-10.2516734628645
2016,0,0.077,1325,0,0.02,"AA",9.10436903876577e-05,-9.30408000468015
2016,0,0.121,9000,1,0.85,"A",0.000295540707029776,-8.12640838977194
2016,0,0.099,2550,0,0.17,"A",0.000134688630459222,-8.91241018679892
2016,0,0.209,25000,0,0.85,"A",0.0404797994384805,-3.16563029805899
2016,0,0.099,3001,0,0.21,"AA",0.000134424212051062,-8.91437556366289
2016,0,0.132,11000,0,0.7,"A",0.00672278789534422,-4.99550685747324
2016,0,0.264,1000,0,0,"D",0.0194750850251741,-3.91895209818285
2016,1,0.319,1000,0,0.95,"Missing",0.983491484235495,4.08723262445084
2016,0,0.165,18000,0,0.12,"B",0.000500788678669152,-7.59882543081003
2016,1,0.319,2600,1,0,"Missing",0.993077442710086,4.96602339770646
2016,0,0.187,2500,1,0.59,"C",0.00100192827915854,-6.90482642602254
2016,1,0.198,1230,0,0,"C",0.155197616049112,-1.69440348773674
2016,0,0.121,1000,0,0.05,"C",0.00350293730893437,-5.65064434436095
2016,0,0.132,25000,0,0.01,"AA",0.000174028692136694,-8.65611633116961
2016,0,0.275,7900,0,0.68,"C",0.090478945163581,-2.30780097408036
2016,0,0.209,10300,0,0.38,"B",0.00683235849869687,-4.97922954448804
2016,0,0.22,8000,0,0.87,"D",0.115700805422829,-2.03378786529955
2016,0,0.165,10500,0,0.84,"C",0.000428965321058897,-7.75370542164327
2016,1,0.319,8000,0,0.8,"Missing",0.720904953923161,0.948954912496301
2016,1,0.308,1900,0,1.2,"Missing",0.805370794409675,1.4202065469362
2016,0,0.11,7500,0,0.13,"AA",0.00218401040073547,-6.12440606003965
2016,0,0.154,2500,1,0.71,"B",0.0215035341102447,-3.81779987622061
2016,0,0.198,25000,0,0,"A",0.00496476603745207,-5.30041197352858
2016,0,0.187,25000,0,0.06,"AA",0.00437964369670371,-5.42639864325638
2016,0,0.198,7500,0,0.9,"B",0.000566443381486686,-7.47556682303876
2016,0,0.154,15000,0,0.59,"AA",0.00357311231063174,-5.63073875616515
2016,1,0.319,7000,0,0.12,"D",0.640236825136922,0.576392179811595
2016,0,0.143,10000,0,0.15,"A",0.0920472972137446,-2.28888974270791
2016,0,0.176,8000,0,0.9,"B",0.000140522333633163,-8.87000359137203
2016,1,0.198,3500,0,0.01,"C",0.0540992712709243,-2.86131690990364
2016,0,0.11,2100,0,0,"AA",0.000358230089557215,-7.93397677548242
2016,0,0.132,6000,0,0.6,"A",0.0142058867854996,-4.23979108161238
2016,1,0.319,2550,0,0.99,"Missing",0.961585326420683,3.22014379305453
2016,0,0.209,5000,0,0.42,"B",2.40908765082789e-05,-10.6336532660972
2016,1,0.319,3000,0,1.15,"Missing",0.897320208325882,2.16779744819344
2016,0,0.187,25000,0,0.54,"A",0.576438464639849,0.308169788995635
2016,1,0.319,2550,1,1.32,"Missing",0.926408886402791,2.53279141989951
2016,0,0.121,1527,0,0.03,"AA",0.00101428670426991,-6.89255486650878
2016,0,0.165,1500,1,0.2,"C",0.0296311370521712,-3.48885053441268
2016,0,0.121,15200,0,0.83,"A",0.00261783512164019,-5.94278632458091
2016,0,0.198,12000,0,0.54,"B",0.068507117105399,-2.6098509103144
2016,0,0.198,9500,1,0.36,"A",0.00579759063412124,-5.14449839374289
2016,1,0.209,6001,0,0.52,"C",0.822283058651282,1.53189262195773
2016,1,0.198,8000,0,0.35,"C",0.992813693709402,4.92836571579204
2016,0,0.099,3500,0,0.1,"AA",3.68919509782455e-05,-10.2074802687511
2016,0,0.297,7000,0,0.71,"C",0.0160628354625013,-4.11505379057362
2016,0,0.198,10000,0,0.87,"C",0.0349872754076075,-3.31715685175526
2016,0,0.187,5000,0,0.46,"A",0.00472035097817507,-5.35114059534776
2016,0,0.198,4000,0,0.19,"D",0.0828987763633006,-2.4035975501718
2016,0,0.11,2500,1,0,"B",0.000376492240515582,-7.88423655732556
2016,0,0.143,6000,0,0,"B",9.38703721462132e-05,-9.27350187235992
2016,0,0.165,25000,0,0.31,"B",0.00326783802225849,-5.72035347893947
2016,0,0.088,5000,0,0.13,"AA",0.00184267599204591,-6.29469204458338
2016,0,0.187,5000,0,0.89,"D",0.112668079096314,-2.06377297542258
2016,0,0.165,6088,0,0.69,"B",0.000175772786922475,-8.64614259212134
2016,0,0.187,1000,0,0.35,"D",0.0369449222154025,-3.26068238930147
2016,0,0.297,7500,0,0.94,"Missing",0.538472425295576,0.154194486447559
2016,1,0.319,4500,0,0.98,"Missing",0.999613338819411,7.85757501481211
2016,1,0.308,11000,0,0.9,"Missing",0.994375723617714,5.1750228301368
2016,1,0.319,3000,0,0.91,"Missing",0.826537895597886,1.5612866098046
2016,0,0.231,5000,0,0.85,"C",0.00290166404707831,-5.83956501518235
2016,0,0.264,9950,0,0,"D",0.203762175014838,-1.36294441131719
2016,0,0.143,17500,0,0.08,"AA",0.00311174400969132,-5.76945533959387
2016,0,0.099,1500,0,0.03,"AA",0.000200539994822366,-8.5142962955813
2016,0,0.209,16000,0,0,"A",7.12646790566573e-05,-9.54903847096877
2016,0,0.132,25000,1,0,"AA",0.00300643920366371,-5.80398792170045
2016,0,0.187,5000,1,0.08,"C",0.0264252603347949,-3.60665421250141
2016,0,0.187,4000,0,0.73,"B",0.00118891912166807,-6.73352105928669
2016,0,0.22,7500,0,0.36,"C",0.000879287719406845,-7.03551871348631
2016,0,0.165,12000,0,0.52,"C",0.000183651408719197,-8.60228744677977
2016,0,0.22,6000,1,0.25,"C",0.00220558533788063,-6.11455432473155
2016,0,0.11,4500,0,0.04,"AA",0.0176148194138905,-4.02124291246722
2016,0,0.165,2000,0,0.5,"D",8.73299255887164e-05,-9.34573002987005
2016,0,0.22,9000,0,0,"C",0.000467059513332949,-7.66858670225146
2016,0,0.22,2000,0,0,"Missing",0.506886911810465,0.0275493895370333
2016,0,0.154,25000,0,0,"AA",0.000384010276950248,-7.86445715881562
2016,0,0.077,2000,1,0.81,"Missing",0.861559972036271,1.82830744629325
2016,0,0.165,3600,0,0.28,"A",0.00443506143430077,-5.41376888566782
2016,0,0.187,9500,0,0.37,"C",0.00759815364323278,-4.87222283621518
2016,0,0.22,2018,0,0,"Missing",0.00826928928292782,-4.78690304330584
2016,1,0.319,3000,0,0.91,"Missing",0.969504483656073,3.45920543169184
2016,0,0.22,5000,0,0.22,"D",0.00857982705468798,-4.74972467681659
2016,0,0.154,14100,0,0.73,"B",0.000887761979562643,-7.02591873566098
2016,0,0.264,1750,1,0.91,"Missing",0.371925074636568,-0.523967045535449
2016,1,0.187,1200,0,1.36,"Missing",0.628975031205217,0.527822198218942
2016,0,0.187,12000,1,0.51,"A",0.0169645706676377,-4.05951807057625
2016,1,0.319,2400,0,0.87,"Missing",0.959865301819161,3.17455171255581
2016,0,0.099,1500,0,0.76,"A",0.0124574073185857,-4.37290421633715
2016,0,0.187,10000,1,0.95,"D",0.041418365627401,-3.14173033108819
2016,0,0.22,5000,0,0.7,"D",0.536732749158323,0.147196193605385
2016,0,0.055,1000,0,0.64,"D",0.000636242193324966,-7.35929481531677
2016,0,0.165,15000,0,0.62,"B",0.00782535692815527,-4.84252979406565
2016,0,0.22,3500,0,0.51,"D",0.0457898663483383,-3.03682110520666
2016,0,0.121,2500,1,0,"B",8.8919328250654e-06,-11.6303572244546
2016,0,0.165,6000,0,0.72,"B",3.30891448449105e-05,-10.3162721899812
2016,0,0.11,1000,0,0.24,"A",0.0170332462805556,-4.05540820053565
2016,0,0.077,1000,1,0.99,"D",0.00365197266169585,-5.60882914472815
2016,0,0.132,9000,0,0.12,"A",0.000332616872482095,-8.00818659124018
2016,0,0.077,1000,0,0,"AA",0.000351971644214479,-7.9516079082191
2016,1,0.319,5500,0,1.13,"Missing",0.99227897310505,4.85605691796602
2016,1,0.297,3500,1,1.09,"Missing",0.974583567922666,3.64661437290499
2016,0,0.187,4000,1,0.76,"D",0.00782160758438178,-4.84301281530109
2016,0,0.209,7500,0,0.57,"C",0.0309112602000165,-3.4452356611478
2016,0,0.154,6001,0,0.54,"A",0.0352503431962245,-3.30939337940776
2016,0,0.11,5000,0,0.71,"AA",0.000687095268209875,-7.28235027113519
2016,1,0.319,6500,1,0.85,"D",0.859871301052229,1.81422144957938
2016,0,0.187,5000,0,0.17,"C",0.00116964395731794,-6.74988555794416
2016,1,0.121,1200,0,0.87,"Missing",0.920469942092652,2.44874930915992
2016,0,0.176,11204,0,0.73,"B",0.00190578379399666,-6.26095431249317
2016,0,0.209,19900,0,0.75,"C",0.292722334621853,-0.882198829953253
2016,0,0.165,15000,0,0.65,"B",3.9976955241815e-06,-12.4297884841158
2016,0,0.11,2000,0,0,"A",0.00024635528320339,-8.30848943764656
2016,0,0.253,3000,0,0.89,"Missing",0.0957147721037996,-2.24577218321299
2016,1,0.132,1000,1,0.45,"D",0.0404953037360559,-3.16523119967208
2016,0,0.187,3800,0,0.7,"C",0.00116379530909478,-6.75490432338495
2016,0,0.176,5200,0,0.86,"C",0.00677089927100123,-4.9883274433128
2016,0,0.22,1000,0,0.91,"Missing",0.40307590203329,-0.392665079498681
2016,0,0.264,25000,1,0.46,"C",0.00027280902816198,-8.20646569185985
2016,0,0.275,7000,0,1.02,"C",0.0651018680335444,-2.66448432995019
2016,0,0.209,4400,0,0.98,"D",0.0531248695156051,-2.88052205543831
2016,0,0.187,5500,0,0.07,"C",0.000287744024873478,-8.15315149013901
2016,0,0.187,15000,1,0.41,"B",0.00115301235544398,-6.76422364425726
2016,1,0.275,9000,0,0.97,"D",0.781705571971466,1.27563342436532
2016,1,0.275,10700,0,0,"Missing",0.592266869288917,0.373344457026606
2016,0,0.165,3000,1,0,"C",0.00934935434551036,-4.66305465812824
2016,0,0.275,2000,0,0,"D",0.378940561030942,-0.494047430548887
2016,0,0.077,1500,1,0.07,"AA",0.00562637300270791,-5.17464801064575
2016,0,0.176,8000,0,0.66,"B",0.0366390381143361,-3.26931388506189
2016,0,0.209,11000,0,0.93,"B",0.0134718133646015,-4.29359229359045
2016,0,0.165,8500,0,0.55,"AA",0.00879955578149532,-4.72421553764266
2016,0,0.308,4000,0,0.53,"Missing",0.255812751111409,-1.067846945906
2016,0,0.099,7000,0,0.17,"AA",9.379349686855e-06,-11.5769907477155
2016,1,0.209,3000,0,0.97,"C",0.117088315018594,-2.02029669931711
2016,0,0.165,12000,0,0.94,"B",0.00239650771702504,-6.03134333530884
2016,0,0.22,3000,0,1,"C",0.000631390696744422,-7.36695412617053
2016,0,0.319,5000,0,0.9,"Missing",0.356932346248552,-0.588703676975987
2016,0,0.154,16500,0,0.2,"AA",0.0116485057677201,-4.44086048636795
2016,0,0.121,6475,0,0.1,"AA",3.66556147178703e-06,-12.5165253704863
2016,0,0.187,2000,0,0,"D",0.000666721721351801,-7.31247086439319
2016,0,0.209,5000,0,0.28,"B",0.00389259299034485,-5.54477957607316
2016,0,0.132,25000,1,0,"AA",0.000280353026369356,-8.17918054815196
2016,0,0.132,15000,0,0.55,"A",0.04310843625884,-3.09997136168785
2016,0,0.22,24000,0,0.76,"C",0.108668343300132,-2.10441606623033
2016,0,0.165,4000,0,0,"C",0.207371188892589,-1.34084465973055
2016,0,0.11,5000,1,0.06,"AA",0.00787170436843655,-4.83657782497403
2016,0,0.22,3000,1,0.62,"D",0.0180271729866308,-3.99768340695752
2016,1,0.319,2500,1,0,"Missing",0.978693851167447,3.8272231691183
2016,1,0.319,3000,0,0.91,"Missing",0.46017093675981,-0.159654517782624
2016,0,0.22,25000,0,0,"B",4.69049547641369e-06,-12.2699676452889
2016,0,0.187,5000,1,0.98,"B",0.000580022658703991,-7.45186319751896
2016,1,0.319,2500,1,0.87,"Missing",0.983352605523337,4.07871404301814
2016,0,0.297,6000,0,0.95,"Missing",0.089352379755991,-2.32156814164996
2016,0,0.297,7000,0,0,"D",0.0672295991699854,-2.63004546917161
2016,0,0.22,6500,1,1.06,"Missing",0.367472403359542,-0.543075627767901
2016,0,0.253,10000,1,0,"D",0.205258801200612,-1.3537448977486
2016,0,0.165,5000,0,0.92,"B",0.00272079185818294,-5.90410781677091
2016,0,0.121,3000,0,0,"B",0.0178218649727462,-4.00934661940967
2016,0,0.165,1500,1,0.64,"AA",0.0105431966969407,-4.54167531995511
2016,0,0.165,5000,0,0.92,"B",2.54077017220778e-05,-10.5804328044717
2016,1,0.319,6500,0,0.95,"Missing",0.973202111428499,3.5922686807124
2016,1,0.319,5000,0,0.46,"Missing",0.911204570715277,2.32843225161522
2016,1,0.187,1200,0,1.36,"Missing",0.996715675555473,5.7153045670637
2016,0,0.11,1000,0,0.28,"A",0.000309410387927814,-8.08053258769639
2016,0,0.154,17500,0,0.79,"B",0.000482557986510213,-7.63592679065532
2016,0,0.165,9999,0,0.31,"A",0.00122689869834922,-6.70203802513951
2016,0,0.143,5500,0,0.34,"B",5.18131644602462e-06,-12.170446212492
2016,0,0.132,7500,0,0.81,"A",0.000326193625582399,-8.02769316256961
2016,1,0.22,5000,1,0.43,"D",0.643938205976654,0.592498473541874
2016,0,0.143,21000,0,0.24,"A",0.0167861955344916,-4.07026974423869
2016,0,0.121,6000,0,0.1,"A",0.00020847591862506,-8.47547852394425
2016,1,0.319,2500,1,1.01,"Missing",0.993010223520172,4.95629238098184
2016,0,0.22,3000,0,0.27,"D",0.0353968943714204,-3.30509264056183
2016,1,0.264,3000,0,0.85,"Missing",0.985822043855097,4.24178748115935
2016,1,0.319,10000,1,0.9,"Missing",0.995994606176747,5.51609993350167
2016,1,0.319,15000,0,0,"Missing",0.995254504041271,5.34580253842033
2016,1,0.319,4500,0,0.94,"Missing",0.987401396561992,4.36149067064586
2016,1,0.319,3000,1,0.98,"Missing",0.658970784383186,0.658711050352921
2016,0,0.165,5000,0,0.7,"C",0.00036866465955633,-7.90525437617326
2016,0,0.11,3500,1,0.21,"AA",6.22114848891359e-05,-9.68490871732387
2016,1,0.275,15000,0,0,"C",0.956210006840203,3.08357223674533
2016,1,0.22,2000,0,0.77,"Missing",0.98654516728411,4.2948707585582
2016,0,0.319,3000,1,0.59,"D",0.236275074673718,-1.17321098202332
2016,1,0.319,5000,0,0.9,"Missing",0.988761464249312,4.47710454901583
2016,0,0.319,12500,0,0.96,"D",0.00448019248158383,-5.40359901021828
2016,0,0.209,23000,0,0.27,"A",0.0503583416541617,-2.93692043288299
2016,0,0.242,6001,1,0.22,"C",0.000285791237319718,-8.15996312103805
2016,0,0.165,7500,0,0.72,"B",2.74136763991703e-05,-10.5044411163905
2016,0,0.165,16000,0,0.77,"B",0.00495111593683192,-5.30317887270685
2016,1,0.22,5000,0,0.95,"Missing",0.89799283007331,2.17511897972943
2016,0,0.253,6001,0,0.42,"C",0.0292653858941348,-3.50164767013844
2016,0,0.187,8500,1,0.21,"B",0.0222445624355248,-3.78316198109848
2016,0,0.176,10000,0,0.35,"AA",0.32727363366078,-0.720542037898343
2016,1,0.253,2000,0,1.13,"Missing",0.993850598012845,5.08523205232031
2016,0,0.165,10000,0,0.08,"B",0.000127975716311953,-8.96354204445004
2016,0,0.198,9900,0,0.55,"C",0.0525979674997772,-2.89104605752429
2016,0,0.165,11000,0,0.54,"B",8.58256240766635e-07,-13.9683622748764
2016,0,0.297,1000,1,0,"Missing",0.148254709407659,-1.74835572339422
2016,1,0.099,1400,1,0.9,"D",0.0311924228673348,-3.43589080485617
2016,1,0.319,3000,1,0.8,"Missing",0.995133110665211,5.3204215150506
2016,0,0.198,6800,1,0.89,"D",0.021326443647574,-3.82625035240045
2016,1,0.143,10000,0,0.28,"AA",0.347842556546554,-0.628536056781757
2016,0,0.11,5000,0,0.71,"AA",8.74160918262373e-06,-11.6474075265919
2016,0,0.187,3000,0,0.88,"D",0.013427332578092,-4.29694461047073
2016,0,0.209,11000,0,0.93,"B",0.00148096399348416,-6.51357999458714
2016,0,0.253,18000,0,0.58,"C",0.0587375133095342,-2.77414345407593
2016,0,0.132,1000,1,0.45,"D",0.000499644082745113,-7.60111477857989
2016,0,0.176,11204,0,0.73,"B",0.000807921227405611,-7.12023774725871
2016,0,0.198,6000,0,0.75,"C",0.0658967704395544,-2.65149752295561
2016,0,0.22,5000,0,0.43,"D",0.00284151913642818,-5.8605708987119
2016,0,0.253,5000,0,1,"Missing",0.751943056497307,1.1090022676334
2016,0,0.154,2400,0,0.94,"B",0.00357253067819411,-5.6309021334735
2016,1,0.22,10000,1,0.85,"Missing",0.877906937873879,1.97275703644911
2016,0,0.187,25000,1,0.02,"A",0.0335035408391911,-3.36202650513514
2016,0,0.253,10000,0,0.67,"D",0.187158344717495,-1.46858130288024
2016,1,0.297,2550,0,0.98,"Missing",0.994503115895204,5.19806182611547
2016,0,0.253,8800,1,0.61,"C",0.019696853726818,-3.90740294307239
2016,0,0.22,5000,0,0.81,"C",0.00117754330275703,-6.74314672043306
2016,0,0.11,8000,0,0.21,"A",0.0017778966825469,-6.33054477336596
2016,0,0.187,3000,0,0.91,"D",0.000288853776612243,-8.14930106567099
2016,0,0.22,17850,0,0.43,"C",0.0273464757227043,-3.57144026645091
2016,0,0.253,8000,0,0.75,"C",0.0656885617881434,-2.65488501553031
2016,0,0.132,4000,0,0,"B",1.97141928124606e-05,-10.8341520198978
2016,1,0.22,1000,0,0,"Missing",0.970835835572628,3.50521667666271
2016,0,0.209,25000,0,0.66,"A",0.0697319455766784,-2.59081423276298
2016,0,0.154,9900,0,0.02,"AA",2.19012476792764e-05,-10.7289450496207
2016,0,0.209,21200,1,0.47,"B",5.48790191203893e-05,-9.81032456735209
2016,0,0.275,3500,1,0,"D",0.447047753366076,-0.212606224805476
2016,0,0.154,9999,0,0,"A",0.00137608851736666,-6.58713317586179
2016,0,0.11,4000,0,0.34,"A",7.75582173690835e-05,-9.46440415052406
2016,0,0.22,6001,0,0,"A",0.00799774822753259,-4.82056534671336
2016,1,0.319,2550,0,1,"Missing",0.527241544491909,0.109074189060138
2016,0,0.22,7500,1,0.52,"D",0.0543848034900576,-2.85575095005409
2016,0,0.11,5000,0,0.71,"AA",0.000155134406258429,-8.77106353319925
2016,0,0.077,2500,1,0,"AA",3.3432368656889e-05,-10.3059525728854
2016,0,0.308,5000,0,0.81,"D",0.065130108901235,-2.66402042108441
2016,0,0.198,14500,1,0.66,"B",7.50852234493796e-06,-11.7994643613277
2016,0,0.264,1750,1,0.91,"Missing",0.112057769148919,-2.06989215123753
2016,0,0.22,20000,1,0.2,"C",0.00596117866223181,-5.11650803792138
2016,0,0.198,3100,0,0.86,"D",0.000139893260092709,-8.8744909510141
2016,0,0.319,3000,1,0,"Missing",0.639708738002065,0.574100210451915
2016,0,0.165,7500,0,0.98,"C",0.000677383405112631,-7.2965955028624
2016,0,0.121,15152,0,0.6,"A",8.06351418030002e-06,-11.7281530304019
2016,0,0.187,10000,0,0.39,"A",0.0132904647534577,-4.30732886331511
2016,0,0.121,2500,0,0.33,"B",0.000441039108407834,-7.72593586885771
2016,0,0.264,23000,0,0.82,"B",0.0221899254932622,-3.78567707406306
2016,0,0.165,12000,0,0.94,"B",0.016511926209465,-4.08702259107664
2016,0,0.253,6001,1,0.92,"D",0.336513532475792,-0.678870094314097
2016,0,0.319,4750,0,1,"Missing",0.735662996581528,1.02354731161074
2016,0,0.154,3000,0,0.98,"C",0.000976834909296919,-6.93021558505448
2016,0,0.264,3000,0,0.4,"Missing",0.0633998758605001,-2.69279452588715
2016,0,0.165,3200,0,0.7,"C",0.00302024012885924,-5.79939412763072
2016,0,0.253,5000,0,0.78,"D",0.00131173541457302,-6.63509167802673
2016,1,0.319,5000,1,0.97,"Missing",0.911432078974821,2.33124734881004
2016,1,0.319,2700,0,0,"Missing",0.98121866169636,3.95593159804614
2016,1,0.165,20000,1,0.72,"B",0.0271721329861775,-3.57801523143884
2016,0,0.099,6001,0,0.22,"AA",0.00773859556969888,-4.85376636490796
2016,1,0.319,5000,1,0,"Missing",0.995946429731993,5.50409543028898
2016,0,0.121,10121,0,0,"AA",0.000316326883038597,-8.05841806212123
2016,0,0.143,25000,1,0.11,"AA",2.96619742097689e-05,-10.4256149997011
2016,0,0.143,6000,0,0,"B",3.02381583358297e-05,-10.4063756714849
2016,0,0.319,4000,0,0.98,"Missing",0.343433803358963,-0.648029140429154
2016,1,0.22,1000,0,0,"Missing",0.285014358802084,-0.919722899490451
2016,0,0.187,5000,0,0.61,"C",0.367015440803934,-0.545042108586705
2016,0,0.253,14000,1,0.83,"C",0.133764179209488,-1.86807878893597
2016,1,0.319,4669,1,0,"Missing",0.986115392632499,4.26299253592112
2016,0,0.099,1000,0,0.18,"AA",0.00966841644306041,-4.62917528364807
2016,0,0.22,3000,0,0.76,"C",8.15277146224501e-05,-9.41448600776827
2016,0,0.176,15000,0,0.59,"A",2.86493647133901e-05,-10.460350639327
2016,0,0.198,12000,0,0.54,"B",0.101988447639464,-2.17532338433006
2016,0,0.11,8000,0,0.21,"A",0.000467981551684474,-7.66661359121199
2016,1,0.275,1500,1,0.97,"Missing",0.738593190035851,1.0386694295371
2016,0,0.22,2850,0,0.7,"C",0.00121106638915713,-6.7150421938264
2016,0,0.143,6000,0,0,"B",0.000457247417448809,-7.6898285667293
2016,0,0.187,25000,0,0.54,"A",0.352144192106838,-0.609627424520869
2016,0,0.165,15152,0,0.85,"B",2.99896965505274e-05,-10.4146266934635
2016,0,0.319,12000,1,0.18,"C",0.00144829027385456,-6.53592219968
2016,0,0.22,17850,0,0.43,"C",0.0138955873853453,-4.26219090869719
2016,0,0.209,5000,0,0.28,"B",3.08962854951785e-05,-10.3848436950357
2016,0,0.209,6000,0,0.5,"B",0.0016633145136722,-6.39727827301927
2016,0,0.198,15000,1,0.02,"C",0.000270764357672104,-8.21399084320837
2016,0,0.11,2100,0,0,"AA",6.83725983319078e-05,-9.59047004784786
2016,0,0.209,12200,1,0,"C",0.779365368839316,1.26197187809331
2016,0,0.187,1000,0,1.02,"D",0.000192223169064126,-8.55666128040736
2016,0,0.187,17000,1,0.59,"B",3.46326984939206e-05,-10.2706776456976
2016,1,0.22,3000,1,0.47,"D",0.0872561751720965,-2.34760692086504
2016,0,0.264,3200,1,0.73,"Missing",0.29283889882949,-0.881635881352852
2016,0,0.099,4800,0,0.12,"AA",0.0326985756930619,-3.38717863747619
2016,1,0.319,9200,1,0.98,"Missing",0.971416762048679,3.52593512492805
2016,0,0.264,3000,0,0,"Missing",0.214548648615882,-1.29772200973975
2016,0,0.143,10200,0,0.95,"A",0.000220941017126766,-8.41739381746914
2016,0,0.11,4999,0,0.06,"AA",0.00190698771487498,-6.26032158617484
2016,1,0.308,6000,0,0.53,"D",0.116729004880161,-2.02377700560197
2016,1,0.077,1000,1,1.06,"Missing",0.730513078286605,0.997227273022737
2016,0,0.099,5400,0,0.18,"AA",5.43215161384843e-05,-9.82053584087307
2016,0,0.275,10000,1,0,"A",0.00132803075716513,-6.62272915430866
2016,0,0.132,15000,0,0,"AA",0.00112216864008014,-6.79136938133154
2016,1,0.264,1000,1,0.29,"Missing",0.251305585237815,-1.09166123961269
2016,1,0.264,7100,0,0.9,"D",0.87127513356995,1.91228050107797
2016,0,0.187,2400,0,0.86,"D",0.0302522991553184,-3.4674637487199
2016,0,0.198,5000,0,0.12,"C",0.000733689721429681,-7.21669038256664
2016,0,0.165,3000,0,0,"C",0.000498782674186479,-7.60284117264504
2016,0,0.132,25000,0,0.06,"AA",0.195779589492906,-1.41288389097694
2016,0,0.165,6010,0,0.63,"B",5.94489231605866e-05,-9.73033359766393
2016,0,0.165,9999,0,0.31,"B",0.000500914476273357,-7.59857413751671
2016,0,0.121,1000,0,0.98,"D",0.0239853796922152,-3.70603310089275
2016,0,0.297,4700,0,0,"D",0.220720100415606,-1.2614749027512
2016,0,0.165,8942,0,0,"B",4.90491088543736e-06,-12.2252687282956
2016,0,0.209,3900,1,0,"C",0.0448154112555992,-3.05935252693949
2016,0,0.187,1000,1,0.76,"D",0.280920804003084,-0.939898705755478
2016,0,0.165,25000,0,0.09,"C",0.00873273486724833,-4.73190559723364
2016,0,0.187,25000,0,0.11,"A",0.00376762258995759,-5.57753635122783
2016,0,0.22,1500,0,0.53,"D",4.57209951877856e-05,-9.9929072302222
2016,0,0.275,15000,0,0,"C",0.0128332169593511,-4.34280212045376
2016,0,0.143,5000,1,0.16,"A",0.000121218643722523,-9.01779344407436
2016,0,0.209,6001,0,0.05,"D",0.00313165567216029,-5.76305687597586
2016,1,0.319,7000,0,0,"Missing",0.994041054610887,5.11688499094439
2016,0,0.11,2000,0,0,"AA",5.12656967250867e-05,-9.87843744226563
2016,0,0.319,16900,0,0.04,"D",0.00563440075607477,-5.1732141464748
2016,0,0.099,3600,0,0.23,"AA",0.000444475478144493,-7.71817109752442
2016,0,0.165,10000,0,0.59,"B",0.0417299005473971,-3.13391176784579
2016,0,0.297,3000,1,0.79,"D",0.441324936376364,-0.235786601303239
2016,0,0.22,5000,0,0.77,"D",0.0052706130882716,-5.24032403589198
2016,1,0.264,15000,0,1.03,"D",0.412830234160749,-0.352277534127551
2016,0,0.099,1025,1,0.76,"D",0.0760813864215223,-2.49682034594237
2016,0,0.176,25000,0,0,"A",0.00274773673889915,-5.89422619149712
2016,1,0.165,5000,0,0.7,"C",0.219060392557965,-1.27115036272572
2016,0,0.187,3800,0,0.7,"C",0.503426671497222,0.0137069005882289
2016,0,0.253,9500,0,0.53,"D",0.00891432211716559,-4.71114177661147
2016,1,0.22,7400,1,0.27,"D",0.125205253772488,-1.94403486227582
2016,0,0.165,7500,0,0.98,"C",0.000925323712119204,-6.98444117053706
2016,0,0.143,6001,0,0.94,"A",0.0424329995663024,-3.11646934176591
2016,0,0.11,1000,0,0.28,"A",0.000358772834302467,-7.93246230608372
2016,1,0.319,3000,0,0.91,"Missing",0.481675386289821,-0.0733312986412189
2016,1,0.231,3000,1,0.65,"Missing",0.998118690299671,6.27390401399029
2016,0,0.22,15000,0,0.65,"B",8.56470161431655e-06,-11.6678526998482
2016,0,0.11,3000,0,0.07,"AA",0.000107935102636494,-9.13387247203962
2016,0,0.11,5000,0,0.09,"AA",1.26408655101057e-05,-11.2785630567436
2016,1,0.319,12000,0,0.91,"D",0.768229539969866,1.19834108319224
2016,0,0.22,1000,0,0.33,"D",0.000152535666052546,-8.78795956620628
2016,0,0.099,1500,0,0.76,"A",0.00411258749168671,-5.48958182110538
2016,0,0.275,25000,0,0.57,"D",0.00160993157794951,-6.42995237014645
2016,0,0.198,15000,0,0.16,"B",0.00345476209102314,-5.66454093989909
2016,0,0.319,22000,0,0,"D",0.740243840989811,1.04723630577293
2016,0,0.187,9500,0,0.37,"C",0.00165925208925845,-6.3997276966081
2016,0,0.132,25000,1,0,"AA",2.27685117957169e-05,-10.6901092693688
2016,0,0.198,5000,0,0.5,"D",0.306066143291119,-0.818575415488374
2016,1,0.187,1000,1,0.59,"D",0.347002234290004,-0.632242488891015
2016,0,0.187,6300,0,0.41,"C",0.0003150770780282,-8.06237813019263
2016,1,0.264,2500,1,0.96,"D",0.695457128870938,0.825757499606728
2016,0,0.132,4800,0,0.66,"B",0.000488643609337828,-7.62338838642989
2016,0,0.143,10000,0,0.51,"A",0.0129988565824762,-4.32980979951143
2016,0,0.165,1700,0,0.83,"D",0.00209202420210459,-6.16752894842124
2016,0,0.165,8000,0,0.54,"B",0.0165561815509152,-4.08430097240429
2016,1,0.286,3675,0,0.85,"Missing",0.924181788801666,2.50057027634972
2016,1,0.319,1000,0,0,"Missing",0.812496268507888,1.46631257508397
2016,0,0.187,10000,0,0.72,"B",0.000453929024865212,-7.69711567295836
2016,0,0.253,5000,0,0.37,"D",0.0819917098831952,-2.41558827804006
2016,0,0.099,6500,0,0.09,"AA",0.0114641030668668,-4.45700427553596
2016,1,0.275,9000,0,0.86,"Missing",0.96757956862865,3.39600884106278
2016,0,0.198,6500,0,0.85,"C",0.001101253189139,-6.81020462477764
2016,0,0.077,2000,0,0.39,"C",0.00596391972804405,-5.11604556666204
2016,0,0.242,10000,0,0.65,"C",0.00272682391248674,-5.9018872006131
2016,1,0.275,5000,0,0.52,"C",0.0230269516241294,-3.747793725917
2016,0,0.176,5000,1,0.69,"C",0.0764843120115723,-2.4911021389716
2016,1,0.308,6215,1,0.91,"Missing",0.972640337738147,3.57094462279132
2016,0,0.099,1400,1,0.9,"D",0.273096340552113,-0.978969322071685
2016,0,0.165,16000,0,0.24,"C",0.0125441994121313,-4.36587337638049
2016,0,0.099,3500,0,0.14,"AA",2.86111386722519e-05,-10.4616858403472
2016,0,0.121,8000,0,0.62,"B",0.000181470179552748,-8.61423773109569
2016,0,0.132,17000,0,0.19,"AA",0.000533017301053299,-7.53642351515768
2016,0,0.099,5000,0,0,"A",0.00660881877847344,-5.01271958956795
2016,0,0.165,2000,0,0.5,"D",0.0717946151623453,-2.55944355266395
2016,0,0.143,10000,0,0.28,"AA",0.000681653908050129,-7.29030660878781
2016,1,0.176,10000,0,0.35,"AA",0.0801256203420734,-2.44064145948042
2016,0,0.253,12000,0,0.79,"D",0.00738564629888848,-4.90080379652196
2016,1,0.308,6215,1,0.91,"Missing",0.976712486692005,3.73627501955155
2016,0,0.242,15000,0,0.95,"C",0.00316403400454012,-5.75273843166453
2016,0,0.154,7000,0,0.55,"C",0.00504482707297806,-5.28433430750313
2016,0,0.099,2500,0,0.1,"AA",4.03501178609154e-05,-10.1178758913562
2016,1,0.132,2000,0,0.01,"AA",0.690284281125568,0.801448673517584
2016,0,0.121,1527,0,0.03,"AA",8.29800099367564e-05,-9.39682783985778
2016,0,0.099,2550,0,0.58,"AA",0.00446384064995934,-5.40727191789908
2016,0,0.11,1000,0,0.65,"A",3.10986121117933e-08,-17.2861026142888
2016,1,0.165,2000,0,1.59,"Missing",0.834118701079677,1.61510325383549
2016,1,0.319,10500,0,0.99,"Missing",0.97181220906223,3.54027364651456
2016,0,0.297,3000,1,0.65,"Missing",0.546829874050803,0.187870128733826
2016,1,0.275,25000,0,0.87,"A",0.223843247285683,-1.243408482719
2016,0,0.242,20000,1,0.77,"B",0.000688911271901441,-7.279708924645
2016,0,0.099,1000,0,0.02,"AA",0.000103039202828386,-9.18029798765219
2016,0,0.22,2000,1,0.87,"Missing",0.135802727463457,-1.85059776809984
2016,1,0.297,2000,1,0,"Missing",0.999209297207754,7.14179738197084
2016,0,0.11,4000,0,0.88,"A",0.000485280695957004,-7.63029768140735
2016,0,0.121,6100,0,0.76,"B",0.00597881410707157,-5.11353628176273
2016,0,0.308,3200,0,0.93,"D",0.0134744552773531,-4.29339352813133
2016,0,0.242,2000,1,0.84,"D",0.0159602844430112,-4.1215628434695
2016,0,0.11,3000,0,0.36,"A",5.71344497684749e-05,-9.77004616370583
2016,1,0.319,8500,1,0.87,"Missing",0.989413871994819,4.53756825401497
2016,0,0.275,15000,1,0.82,"D",0.0164942877981646,-4.08810931892974
2016,1,0.319,5900,0,0.88,"Missing",0.668828552601308,0.702891543896011
2016,0,0.165,3500,0,0.9,"C",0.198398311330402,-1.39633515357709
2016,0,0.121,7500,0,0,"AA",4.04273389591063e-05,-10.1159638667953
2016,0,0.187,9200,0,0.06,"A",0.000216151340772556,-8.4393155691923
2016,0,0.165,6010,0,0.63,"B",0.213092480350321,-1.30638448000857
2016,0,0.176,3000,1,0.96,"C",0.0152817751231173,-4.16569458416283
2016,1,0.319,2550,0,0,"Missing",0.958011808265577,3.12747167427748
2016,0,0.11,4500,0,0.4,"A",0.000682487703729147,-7.28908332687705
2016,0,0.319,10000,0,0.47,"Missing",0.154093169196599,-1.7028518102064
2016,0,0.209,20000,1,0.82,"B",0.00251460911164907,-5.98312013426203
2016,0,0.165,7500,0,0.65,"B",0.00134419744225377,-6.61061303954601
2016,0,0.154,2000,0,0,"C",0.0131249319852749,-4.32002982753923
2016,0,0.264,4500,1,0.71,"D",0.225086573355587,-1.23626621688947
2016,0,0.187,1000,1,0.59,"D",0.00552308973333558,-5.19327944259919
2016,1,0.275,10700,0,0,"Missing",0.938846330731341,2.73126194904608
2016,1,0.286,25000,1,0.09,"B",0.0142643322018109,-4.23562606344746
2016,1,0.308,2000,0,0.77,"Missing",0.994283736706759,5.1587072938216
2016,0,0.209,7400,1,0.87,"C",0.129039958105196,-1.90947399052314
2016,0,0.088,1000,0,0.78,"A",0.000255623247341786,-8.27155023163083
2016,0,0.187,6500,1,0.33,"C",0.109241738515088,-2.09850986807728
2016,0,0.154,1000,0,0,"B",0.0264984654667046,-3.6038125767177
2016,0,0.198,3001,0,0.8,"D",0.0300397452093458,-3.47473375106822
2016,0,0.088,3500,0,0.46,"AA",1.39125992835408e-06,-13.485299406838
2016,0,0.242,1500,1,1,"Missing",0.0576671923292414,-2.7936700898704
2016,1,0.319,5000,1,0.65,"D",0.110214556689861,-2.08855137736085
2016,0,0.319,3000,0,0.85,"D",0.176039535869051,-1.54341394290381
2016,0,0.11,2000,0,0,"A",0.184755502456118,-1.48445472259864
2016,0,0.143,17500,0,0.08,"AA",0.00447829956629855,-5.40402350851246
2016,0,0.165,3500,0,0.3,"C",0.00731482114200917,-4.91051099003224
2016,1,0.22,5000,1,0.72,"A",0.566669480177528,0.268275444339969
2016,0,0.264,2550,0,0,"Missing",0.194593089512209,-1.42043697069512
2016,0,0.187,1000,1,0.59,"D",0.00502202699601404,-5.28888696295778
2016,0,0.319,4000,0,1.21,"Missing",0.114724848361241,-2.04336186397185
2016,0,0.22,9000,0,0.92,"C",0.080192365574775,-2.43973623715712
2016,0,0.176,4500,0,0.88,"D",0.0157300637494122,-4.1363264150998
2016,0,0.165,1500,1,0.64,"AA",0.000135468503762812,-8.90663591153838
2016,0,0.077,1000,0,0.12,"C",0.000355756962816288,-7.94090692870925
2016,0,0.275,25000,0,0.57,"D",0.510453377024666,0.0418196018185673
2016,0,0.176,20000,1,0.32,"A",0.000448322701269823,-7.7095488462895
2016,1,0.275,8500,0,0.87,"C",0.501820643675539,0.00728260688890092
2016,0,0.165,14000,1,0.25,"A",2.88216495048623e-05,-10.4543549122378
2016,0,0.132,25000,1,0,"AA",0.000660452231614167,-7.32192508774407
2016,1,0.319,16900,0,0.04,"D",0.925957568119024,2.52619007816265
2016,0,0.231,1500,0,0.01,"C",0.010104902762659,-4.58457824701421
2016,0,0.176,5000,0,0,"C",0.00165637712088548,-6.40146476851215
2016,0,0.121,1253,0,0.73,"A",0.00733678130630137,-4.90749121880181
2016,0,0.154,7750,0,0.59,"C",0.0142813374717315,-4.23441736875528
2016,1,0.231,3000,0,0.04,"C",0.295334426695709,-0.869614962098576
2016,1,0.231,5000,0,0.73,"D",0.888479276470406,2.0753008882655
2016,0,0.143,15000,0,0.09,"AA",1.77293692047049e-05,-10.9402702868355
2016,0,0.231,3000,0,0.04,"C",0.000307017519594861,-8.08829868026198
2016,0,0.121,15200,0,0.83,"A",0.000370496135052331,-7.90029698020445
2016,0,0.165,3000,0,0.08,"AA",7.24659486196401e-07,-14.1375632419753
2016,0,0.143,4000,0,0.01,"A",0.10459829265502,-2.14714522371301
2016,0,0.22,12000,0,0.34,"C",0.0107445428146711,-4.52255461620652
2016,1,0.319,4531,0,0,"Missing",0.996635009869584,5.69095958445871
2016,0,0.187,10000,0,0.28,"B",0.00110806279800154,-6.80403333821297
2016,0,0.209,13000,0,0.82,"C",0.000677480615357787,-7.29645190742872
2016,0,0.209,12500,0,0.88,"C",0.00576609305031433,-5.149977760992
2016,0,0.22,3500,1,0.81,"C",0.00121530382952337,-6.71154512508936
2016,0,0.077,1500,0,0.01,"AA",0.0111632911284394,-4.48389839322261
2016,1,0.319,3500,0,0.83,"Missing",0.999080315619987,6.99055990443573
2016,0,0.319,5500,0,0.99,"Missing",0.885477674312484,2.04535745622606
2016,0,0.099,4500,0,0.07,"AA",3.81061465532995e-05,-10.1750968551125
2016,0,0.198,2500,0,0,"C",0.00170452950945286,-6.37276016998938
2016,1,0.22,4200,1,0.97,"Missing",0.999509840604854,7.62028964397775
2016,0,0.198,10000,0,0.15,"B",0.000419586953285504,-7.77582010013955
2016,0,0.308,6000,0,0.98,"Missing",0.548225042003138,0.193501687929056
2016,1,0.264,5600,0,0.62,"Missing",0.855212522791325,1.77608300987169
2016,0,0.242,15000,0,0.94,"C",0.0069273577156845,-4.96532535724706
2016,0,0.319,9740,0,0.56,"D",0.0310391286769221,-3.44097560665834
2016,0,0.11,1000,0,0.3,"AA",0.000587533584841984,-7.43898944164104
2016,1,0.319,3500,0,0,"Missing",0.971690601193723,3.53584357945169
2016,1,0.319,3500,0,0.71,"Missing",0.584879655352856,0.342837643429477
2016,0,0.132,5900,1,0.31,"A",0.0447345722174738,-3.06124260635237
2016,0,0.319,25000,0,0.47,"D",0.224190362121905,-1.24141165622196
2016,0,0.264,9500,0,0.86,"D",0.00539781500305593,-5.21634860051613
2016,0,0.088,3500,0,0,"AA",0.0175261432335581,-4.02638006926746
2016,1,0.22,2500,0,0.78,"Missing",0.0128755382416112,-4.33946688170607
2016,1,0.187,9000,0,1,"Missing",0.845024028735639,1.69609498252553
2016,0,0.187,4900,0,0.13,"D",0.0251664472049897,-3.65675509412502
2016,0,0.121,11000,1,0.43,"AA",0.00800997772847484,-4.81902506842892
2016,0,0.319,3000,0,0,"Missing",0.282438874127446,-0.932395984454809
2016,0,0.165,5000,1,0.42,"B",0.00132006190974752,-6.62875570820082
2016,1,0.319,5500,1,0.89,"Missing",0.973155620067236,3.59048752224671
2016,0,0.22,20000,1,1,"C",0.000253375484946037,-8.28038463165812
2016,0,0.11,2300,0,0.62,"A",3.12636500677426e-05,-10.3730232108456
2016,1,0.297,3500,1,1.09,"Missing",0.959673904313472,3.16959474871199
2016,0,0.22,2850,0,0.7,"C",0.00731532052896927,-4.9104422187323
2016,0,0.11,7500,1,1.02,"D",0.000611749808102191,-7.39857523232483
2016,0,0.187,1000,1,0.76,"D",0.000104218729874326,-9.16891447136319
2016,0,0.264,3500,0,1,"Missing",0.869876875719887,1.89987056739531
2016,0,0.253,1525,0,0.56,"D",0.00211567946256676,-6.15626133850563
2016,0,0.132,9000,0,0.43,"B",0.000997564366847636,-6.90919582084872
2016,0,0.176,8000,0,0.8,"C",0.0106436099275112,-4.53209491540408
2016,0,0.154,25000,0,0,"AA",0.000394813323999999,-7.83670261095759
2016,0,0.198,14000,0,0.28,"C",0.000392304394548845,-7.84308012143464
2016,0,0.154,3000,0,0.35,"C",0.0622191216284175,-2.71285394238922
2016,0,0.275,7500,0,0.54,"D",0.0116007587584569,-4.44501620026584
2016,1,0.275,3500,1,0.62,"Missing",0.97699252217762,3.7486597123519
2016,0,0.165,4200,0,0.3,"C",0.0131015106787329,-4.32183964389985
2016,0,0.187,6500,0,0.45,"B",0.00129145587594526,-6.65069282045514
2016,0,0.099,2000,1,0.01,"AA",0.000147608255083324,-8.82080109946279
2016,0,0.121,12000,0,0.47,"A",0.0127564013635781,-4.3488836027685
2016,1,0.319,3500,1,0.95,"Missing",0.771577265785751,1.21723880719891
2016,0,0.165,5000,1,0.92,"C",0.0582632533279022,-2.78275418187955
2016,0,0.176,3500,0,0.53,"B",0.000684787680344809,-7.28571670119473
2016,0,0.154,17500,0,0.79,"B",0.0918552831966557,-2.29118941580118
2016,0,0.187,4000,1,0.76,"D",0.181910455043141,-1.50345723802893
2016,0,0.176,24000,1,0.35,"A",0.00765834997502205,-4.8642709006698
2016,0,0.077,1000,0,0,"AA",0.00410956318686547,-5.49032050604219
2016,1,0.22,5128,0,0,"Missing",0.970748992233625,3.50215390384388
2016,0,0.253,8000,1,0,"C",0.00262899197999731,-5.93852232998142
2016,0,0.187,10000,0,0.85,"C",0.000404161135870109,-7.81329266552847
2016,0,0.22,2400,1,0,"D",0.0292878659374835,-3.50085666254175
2016,0,0.253,15000,0,0.18,"D",0.00163992850905487,-6.41146135547216
2016,1,0.286,2600,0,0.73,"D",0.200050564396711,-1.38597836359699
2016,0,0.275,3001,0,1.02,"D",0.000299083036159381,-8.11449018245064
2016,1,0.187,1600,0,0.98,"C",0.0936521280450713,-2.26983604495996
2016,0,0.22,3000,0,0.27,"D",0.000308348210330318,-8.08397246480457
2016,0,0.121,12000,0,0.47,"A",0.000588311249681585,-7.43766592954881
2016,0,0.132,2000,0,0.01,"AA",0.129963067535923,-1.90128534764055
2016,0,0.165,12000,0,0.94,"B",0.000155305774437888,-8.76995932819334
2016,0,0.11,4500,0,0.69,"A",0.00203224683935237,-6.19657896592931
2016,0,0.176,10999,0,0.97,"B",0.00815092370323241,-4.80143969622996
2016,0,0.187,3600,1,0.76,"D",0.000101966642254044,-9.19076286305202
2016,1,0.264,4500,0,1.46,"Missing",0.925596219909935,2.52093134372576
2016,0,0.165,6000,0,0.14,"C",0.0031164813945057,-5.7679293239939
2016,0,0.187,4000,0,0.75,"B",0.000528578507070414,-7.54479049846817
2016,0,0.121,6000,0,0,"A",0.00910741975952545,-4.68951669364891
2016,0,0.132,20000,0,0,"AA",6.80175668179208e-05,-9.59567653071328
2016,0,0.165,1800,1,1.02,"D",0.00215224425574134,-6.13908957772293
2016,1,0.319,3000,0,0.63,"Missing",0.999554997609006,7.71698580135757
2016,0,0.308,3500,0,0,"Missing",0.713240653256011,0.911175534640989
2016,0,0.099,2550,0,0.01,"AA",0.0008580424121024,-7.05999861760202
2016,0,0.22,19900,0,0.98,"A",0.0351859236152126,-3.31128931048884
2016,0,0.242,8000,1,0.93,"D",0.00553366372463016,-5.19135613363966
2016,0,0.22,1000,1,0.9,"D",0.00337628913927644,-5.68759605873035
2016,0,0.187,2000,0,0.53,"A",0.00734359648329508,-4.90655587882977
2016,1,0.319,2100,1,1.14,"Missing",0.966142540033848,3.35115202217309
2016,1,0.319,6000,0,0,"Missing",0.864313966051116,1.85159244646262
2016,1,0.319,3000,1,0.4,"Missing",0.972121182496274,3.55161329882975
2016,0,0.253,14000,0,1.04,"D",0.0207358341979656,-3.85493811412863
2016,0,0.198,15000,0,0.29,"C",0.00885780807813276,-4.71755866854343
2016,0,0.275,6000,0,0.11,"D",0.37102686086856,-0.527814090455477
2016,0,0.165,3000,0,0.03,"AA",0.00459435289049992,-5.37832242277764
2016,0,0.176,23000,1,0.13,"A",7.6035179129135e-06,-11.7868919309445
2016,1,0.319,3000,0,0.85,"Missing",0.597762803617435,0.39615207042918
2016,0,0.099,3001,0,0.34,"AA",9.08208589216996e-05,-9.30653074994885
2016,0,0.209,25000,0,0.72,"A",0.00314729646164562,-5.75805920119454
2016,0,0.121,15000,0,0.21,"A",1.21076885762034e-05,-11.3216577798723
2016,0,0.198,3001,0,0.8,"D",0.0232643157801244,-3.73729540225661
2016,0,0.176,8000,0,0.66,"B",2.91245879090798e-05,-10.4438986702109
2016,0,0.308,3200,0,0.99,"Missing",0.74313236530053,1.06231326651316
2016,0,0.253,7100,0,0.27,"A",0.477601822057628,-0.0896527129973235
2016,0,0.077,2000,1,0.81,"Missing",0.0323793878907292,-3.39731803667263
2016,0,0.132,25000,1,0,"AA",0.00449772214725693,-5.39967633253039
2016,0,0.209,24000,1,0.18,"B",0.000250344302413427,-8.29242300228793
2016,0,0.319,20000,1,0.87,"D",0.389943549496757,-0.44754951092719
2016,0,0.275,6500,0,0.64,"D",0.00239767860017913,-6.03085370200724
2016,0,0.22,1000,1,0.42,"C",0.180582151486836,-1.51240834017093
2016,1,0.286,2864,0,0.71,"Missing",0.962494649074393,3.24504489259681
2016,0,0.187,2400,0,0.77,"D",0.0765740400692149,-2.48983250628092
2016,1,0.253,1600,1,1.46,"Missing",0.991712684725908,4.78470736743932
2016,1,0.319,2500,1,1.01,"Missing",0.182854176383803,-1.4971285807858
2016,0,0.209,25000,0,0.66,"A",0.00140878057372624,-6.56362101627394
2016,0,0.165,2500,0,0.7,"D",0.00900705215630718,-4.70069957467629
2016,0,0.077,1000,1,0,"Missing",0.399868678906234,-0.406012309287116
2016,0,0.099,5000,0,0.54,"A",4.82763886725374e-05,-9.93851968663603
2016,1,0.22,2018,0,0,"Missing",0.643307059052168,0.589746849261765
2016,0,0.165,8000,0,0.64,"B",9.59080706931283e-05,-9.25202450956172
2016,0,0.187,3000,0,0,"C",0.0125007671057021,-4.36938570907762
2016,0,0.198,13000,0,0.73,"C",0.506432100869769,0.0257298228646672
2016,1,0.319,3442,0,0.26,"Missing",0.999646042940597,7.94598093359366
2016,1,0.187,1000,1,0.76,"D",0.178408452475969,-1.52716777236457
2016,1,0.297,7000,0,0.71,"C",0.807003485060324,1.43065585536435
2016,0,0.066,9600,1,0.16,"C",5.34944585045535e-06,-12.1385122323151
2016,1,0.132,5900,1,0.31,"A",0.015276897251918,-4.16601878400125
2016,0,0.319,5500,0,0.41,"D",0.00501367441676451,-5.29055993113356
2016,0,0.154,3500,0,0.65,"B",0.000260664992162547,-8.25201383106537
2016,1,0.275,2500,0,0.66,"D",0.216829063248993,-1.28424166603408
2016,0,0.165,4000,0,1,"D",0.00195748835176014,-6.23413367395059
2016,0,0.099,3001,0,0.21,"AA",0.000389421842996263,-7.85045787493085
2016,1,0.143,15000,1,0.07,"AA",0.445352098269318,-0.219468299753318
2016,0,0.209,9000,0,0.76,"C",0.00165319258340158,-6.40339240093016
2016,0,0.176,10000,1,0.83,"C",0.00477551377623357,-5.33946676074524
2016,0,0.275,9000,0,0.42,"C",0.0695654932776924,-2.59338303040965
2016,0,0.187,7500,0,0.2,"C",0.000905731138306974,-7.00586191123729
2016,0,0.22,3000,1,0.07,"D",0.160914795813226,-1.65143724941724
2016,0,0.132,10000,0,0.85,"A",0.00158149981423681,-6.44779888097355
2016,0,0.187,4600,0,0.88,"B",0.00557407302157566,-5.18403958347949
2016,0,0.319,2501,0,1.07,"Missing",0.852234491796999,1.75223510084078
2016,0,0.253,6500,0,0.75,"D",0.00304389750026639,-5.79156797268241
2016,0,0.176,3500,1,0.51,"C",0.0138056087857163,-4.26877854316491
2016,1,0.319,2400,0,1.05,"Missing",0.850089814969818,1.73530566027405
2016,1,0.319,5824,0,0,"Missing",0.921195382878684,2.45870056780389
2016,1,0.319,2100,0,0,"Missing",0.747988352355724,1.0879120988824
2016,0,0.165,11000,0,0.65,"B",0.0029126770610783,-5.8357657412752
2016,1,0.286,4000,0,0.99,"Missing",0.583913264838956,0.338858716174936
2016,0,0.165,7000,0,0.33,"A",0.000115092133910304,-9.069662487167
2016,0,0.275,3001,0,1.02,"D",0.0461308349200311,-3.02904492182997
2016,0,0.286,1200,1,0,"Missing",0.929299223585553,2.57597422442082
2016,0,0.165,8000,0,0.64,"B",0.000125695516604677,-8.98152240701223
2016,0,0.132,1500,1,0.59,"D",0.440590363753414,-0.238766443266767
2016,1,0.319,3000,0,0.98,"Missing",0.99515244879106,5.32442226821914
2016,0,0.286,1200,1,0,"Missing",0.00768499700192996,-4.86077061335272
2016,0,0.319,5000,0,0.92,"Missing",0.217920695290686,-1.27782493454142
2016,0,0.165,1000,0,0,"D",0.00237498775985995,-6.04038518273531
2016,0,0.154,22000,0,0.71,"A",0.000851491431795389,-7.06766926623901
2016,0,0.11,6000,1,0.75,"A",0.00595764184922533,-5.11710507968202
2016,0,0.198,1000,1,0.61,"D",0.00779276737725686,-4.84673594512244
2016,0,0.253,10000,0,1.02,"D",0.00103458542411613,-6.87271936794145
2016,1,0.319,2550,0,0.95,"Missing",0.865572072170688,1.86236244059216
2016,0,0.253,1750,1,0,"Missing",0.590740402612845,0.3670270026929
2016,0,0.055,2000,0,0.1,"AA",0.000713561793140002,-7.24452770263568
2016,0,0.143,2550,0,0.27,"A",0.672401814755715,0.719068288037442
2016,0,0.11,15000,0,0.21,"AA",0.00243456623272199,-6.01554914222079
2016,0,0.187,3000,1,0.59,"C",0.00144296135609653,-6.53961377637349
2016,1,0.319,2000,0,0.77,"Missing",0.990281301070594,4.62393729074981
2016,0,0.077,1000,1,0.08,"AA",8.21874476405424e-05,-9.40642578184043
2016,0,0.11,2000,0,0.29,"A",0.000775204344347306,-7.16160838826962
2016,1,0.308,3001,0,0.75,"Missing",0.933950270964634,2.64901526518978
2016,0,0.187,5000,0,0.78,"C",0.00147090893574478,-6.52040275385461
2016,1,0.319,2000,0,0.4,"Missing",0.851511473772987,1.74650528399626
2016,0,0.099,1000,0,0,"A",0.00121822030244599,-6.70914529082651
2016,0,0.165,1000,1,1.75,"Missing",0.36029596549165,-0.574079803256772
2016,1,0.319,2000,0,1.26,"Missing",0.996368309437888,5.61441871836866
2016,0,0.187,12000,0,0.91,"D",0.0692664730136856,-2.59801201971833
2016,1,0.319,3000,1,0.95,"Missing",0.998992106604465,6.89888447166179
2016,0,0.099,1000,0,0.6,"A",0.0306106004983479,-3.45532001775579
2016,1,0.176,5000,0,0.94,"C",0.00194327791820786,-6.24143391466391
2016,0,0.077,5000,0,0.05,"AA",3.89060855745623e-06,-12.456941080448
2016,0,0.297,10000,1,0.79,"D",0.0925599034572501,-2.28277151478498
2016,1,0.275,3000,0,0.62,"Missing",0.748412323632855,1.09016251832968
2016,1,0.22,9500,1,0.65,"AA",0.55731456280897,0.230270381476607
2016,0,0.165,6088,0,0.69,"B",0.048125083052282,-2.98463011803001
2016,0,0.187,5000,0,0.15,"B",0.0159681356695676,-4.12106306310391
2016,0,0.22,15000,1,0.8,"B",0.00132861206539046,-6.62229094604003
2016,1,0.22,1800,0,0.61,"Missing",0.983950375619601,4.11589001828786
2016,0,0.22,15000,0,0.84,"C",0.128781263928598,-1.91177774074211
2016,0,0.264,2550,0,0,"Missing",0.372864941596852,-0.519945654385704
2016,0,0.121,5000,0,0,"AA",6.12402610651673e-06,-12.0032846931486
2016,0,0.099,5000,0,0.01,"AA",0.00478827500399318,-5.33678528132781
2016,0,0.154,2500,1,0.71,"B",1.39284459923195e-05,-11.181563406193
2016,0,0.165,1000,1,0.73,"C",0.236446347278087,-1.17226207346348
2016,0,0.308,23500,0,0.89,"D",0.15369132808414,-1.70593792558175
2016,1,0.22,1000,0,1.07,"Missing",0.990926036402227,4.69323072670208
2016,0,0.198,2750,1,0,"D",0.0211270505915993,-3.83584762026658
2016,0,0.22,3000,0,0.27,"D",0.0142489369658902,-4.23672154611136
2016,0,0.22,7500,0,0.74,"C",0.281917869374476,-0.934968165398632
2016,0,0.286,10000,0,0.88,"D",0.0387177990016001,-3.21196860252108
2016,1,0.275,3000,0,0.62,"Missing",0.968327030495466,3.42010625152947
2016,0,0.077,1000,0,0.12,"C",0.00578040502339251,-5.14748434927627
2016,0,0.077,1000,1,0,"Missing",0.000189798522664868,-8.56935763892342
2016,0,0.253,6001,0,0.61,"D",0.00270556277635804,-5.90973610848716
2016,0,0.121,7500,0,0,"AA",0.000315813648570472,-8.06004237451592
2016,0,0.275,15000,1,1.04,"D",0.352741608913815,-0.607009779938728
2016,0,0.198,7500,0,0.58,"C",0.438054041811048,-0.249063399568284
2016,0,0.11,4999,0,0.06,"AA",6.85193863821756e-05,-9.58832531812427
2016,0,0.253,2000,0,0.9,"Missing",0.101721772421241,-2.17823848566765
2016,0,0.132,8000,0,0.72,"B",0.000996743232038706,-6.91002012144384
2016,0,0.11,5000,0,0,"A",2.67124041789208e-05,-10.5303558116896
2016,0,0.264,5500,0,0,"D",0.00759667871200798,-4.87241845833813
2016,0,0.187,25000,0,0.89,"B",0.00497790513861322,-5.29775579516336
2016,1,0.319,3999,0,0.94,"Missing",0.689448602928868,0.797542734235013
2016,1,0.319,3025,1,0,"Missing",0.929617742240159,2.58083226085738
2016,1,0.242,6001,0,0,"D",0.684558865499698,0.774802552711692
2016,0,0.121,1600,0,0.9,"B",0.00028430941110838,-8.16516308728263
2016,0,0.165,2500,0,0.56,"C",0.0902971151994992,-2.31001253291564
2016,1,0.319,20000,1,0.99,"Missing",0.308013950138303,-0.809420721650353
2016,0,0.176,6001,1,0.77,"C",0.0193180876038313,-3.9272063200875
2016,0,0.286,10000,0,0.88,"D",0.0110670087958167,-4.49265807317537
2016,0,0.11,1000,0,0.65,"A",0.000109668178051747,-9.11794164014306
2016,0,0.121,2593,0,1.01,"Missing",0.0131389900214563,-4.3189450616274
2016,0,0.264,2500,1,0.83,"D",0.0016086889120388,-6.43072578784814
2016,0,0.088,1000,0,0.01,"AA",0.00201853539630597,-6.20336250649501
2016,0,0.077,5000,0,0.05,"AA",0.000881485662184746,-7.03301994710652
2016,0,0.22,5000,0,0.16,"A",0.0115212417107918,-4.4519747166932
2016,0,0.209,25000,0,0.85,"A",0.00515487522952113,-5.26264415814895
2016,0,0.165,25000,0,0.31,"B",0.000318941546318393,-8.05018371993222
2016,0,0.22,7500,1,0.38,"C",0.0444462923245371,-3.06800942486597
2016,0,0.264,1500,0,0.96,"Missing",0.342597970866,-0.651738084707247
2016,0,0.22,2000,0,0,"Missing",0.386038819213452,-0.46399377035506
2016,0,0.165,14000,1,0.25,"A",0.00964273668765698,-4.63186079296789
2016,0,0.11,3600,1,0.28,"A",0.000773061688620212,-7.16437834774027
2016,0,0.11,1500,0,0.89,"A",4.45595480546814e-06,-12.3212647418254
2016,0,0.11,1000,0,0.56,"A",6.21286164675304e-05,-9.68624173193822
2016,0,0.264,5250,0,0.57,"Missing",0.0930048057985959,-2.27748598446409
2016,0,0.297,6500,0,0.67,"D",0.21907325866068,-1.27107515602672
2016,1,0.242,5000,0,0.93,"D",0.627698602163061,0.522356382932292
2016,0,0.099,4900,0,0,"AA",9.86470227774447e-05,-9.22386385371319
2016,1,0.264,25000,0,0.42,"C",0.453101051822373,-0.188148874044817
2016,0,0.099,1500,0,0.76,"A",0.00928604118982378,-4.66991352844688
2016,0,0.198,19200,0,0,"AA",5.56910356879e-05,-9.79563567057259
2016,0,0.154,25000,0,0,"AA",0.137923973041554,-1.83264085174582
2016,0,0.165,2890,1,0,"D",0.113010708258966,-2.06035033221516
2016,0,0.11,7500,0,0.2,"AA",0.000329341806168551,-8.01808502593192
2016,0,0.121,20000,0,0.01,"AA",0.00011992993635675,-9.02848291226223
2016,1,0.319,3000,0,0.63,"Missing",0.854020269135836,1.76648714548492
2016,0,0.176,10999,0,0.97,"B",5.86654940579729e-05,-9.74360017222723
2016,0,0.319,5001,1,0.3,"D",0.189030178999767,-1.45632416177943
2016,0,0.099,4900,0,0,"AA",0.0055331407762537,-5.19145116706354
2016,1,0.319,3001,1,0,"Missing",0.039349356323465,-3.19513119171701
2016,0,0.22,19000,0,0.95,"C",0.00100089204772687,-6.90586223561873
2016,0,0.165,5000,1,0.92,"C",0.0010258096097859,-6.88124677885124
2016,0,0.077,1000,0,0,"AA",0.000501167936290167,-7.59806801730821
2016,0,0.198,7000,0,0.33,"C",0.0101343006612053,-4.58164350151741
2016,1,0.22,2200,0,0.92,"Missing",0.908002304612556,2.28948339011882
2016,0,0.165,10000,0,0.68,"B",0.000467289530673947,-7.66809411362928
2016,0,0.099,6000,0,0,"AA",0.00193568020682281,-6.24535893014126
2016,0,0.121,23500,0,0.02,"AA",0.000447725155232095,-7.71088318118443
2016,0,0.198,1600,0,0.94,"D",0.0658060756180289,-2.65297187580593
2016,0,0.198,8000,0,0.23,"C",0.000531846411956095,-7.53862382174253
2016,1,0.22,10000,1,0.85,"Missing",0.972722282273237,3.57402844883211
2016,1,0.165,1000,1,1.75,"Missing",0.986532432589325,4.29391182034981
2016,1,0.319,4750,0,1,"Missing",0.882962504294603,2.02078837613906
2016,0,0.165,5000,0,0.92,"B",0.202867528625256,-1.36846767981591
2016,1,0.275,15000,1,0.82,"D",0.86734505094854,1.87768549126322
2016,0,0.165,5000,0,0.35,"B",7.58704273024305e-05,-9.4864077032904
2016,0,0.198,3000,0,0.79,"B",0.00533789552367255,-5.22757160738748
2016,0,0.264,7000,0,1.14,"D",0.015431246866507,-4.15580926017603
2016,0,0.121,5000,1,0,"Missing",0.0650807461651033,-2.66483141838758
2016,1,0.22,7500,0,0.99,"D",0.683239307775574,0.768698600952013
2016,1,0.275,2000,1,1.4,"Missing",0.998199490034963,6.31788320746477
2016,1,0.319,2550,0,0,"Missing",0.994441915709263,5.1869281942022
2016,0,0.143,20000,0,0.46,"A",0.00116285958030613,-6.75570961571272
2016,1,0.198,13000,0,0.73,"C",0.962724676432777,3.25143592782576
2016,0,0.132,8000,0,0.61,"A",0.0038634313531975,-5.55232862510134
2016,0,0.165,5000,1,0.42,"B",0.00198288591672013,-6.22121710731223
2016,0,0.253,7100,0,0.27,"A",0.00143662660280049,-6.54401989106501
2016,0,0.176,3000,0,0.81,"B",4.53694109802301e-05,-10.000627076515
2016,0,0.231,6000,0,0.76,"D",0.313660661787966,-0.783060460943948
2016,0,0.187,4600,0,0.88,"B",0.0021931962037766,-6.12019974056118
2016,0,0.165,2500,0,0.24,"C",0.0015966477932197,-6.43825105303404
2016,0,0.165,3500,0,0.3,"C",0.00311085352475796,-5.76974244289635
2016,0,0.22,25000,0,0,"B",0.00415522379974129,-5.47922510864018
2016,0,0.132,25000,1,0,"AA",0.0010944214074229,-6.81643442968727
2016,0,0.22,7500,0,0,"D",0.00300147382015214,-5.80564585028893
2016,0,0.286,2200,0,0.98,"Missing",0.48929371472891,-0.0428316879685366
2016,0,0.308,2250,0,0.57,"Missing",0.119438347375805,-1.99775962880422
2016,0,0.209,3000,1,0.77,"D",0.87021798592052,1.90288751053851
2016,0,0.198,2750,1,0,"D",0.364638955862073,-0.555285708744437
2016,0,0.121,13000,1,0,"AA",0.000584141032884236,-7.44478379791668
2016,0,0.165,1000,1,0.73,"C",0.0154630572720223,-4.15371764443368
2016,0,0.187,10000,1,0.95,"D",0.00568949947825954,-5.16342725353551
2016,0,0.132,25000,0,0.17,"AA",5.58369517177836e-06,-12.0956541998647
2016,1,0.319,2500,1,0.89,"Missing",0.883703219508276,2.02797590537823
2016,0,0.132,25000,0,0.07,"AA",0.000118602514685257,-9.03961425899717
2016,0,0.187,1500,1,0.56,"C",0.114553006012175,-2.04505494497406
2016,1,0.253,4000,0,1.01,"Missing",0.806306936690819,1.42618972651314
2016,0,0.143,18000,0,0.53,"AA",1.70652345092064e-05,-10.9784501682041
2016,0,0.209,7000,0,0.62,"C",0.0390452697137308,-3.20320556612163
2016,0,0.22,9000,0,0.92,"C",0.0195488783566045,-3.91509488223187
2016,0,0.22,5000,0,0.81,"C",0.000404490878096885,-7.81247680007179
2016,0,0.253,8000,0,0.87,"D",0.000437932971550838,-7.73300666339533
2016,0,0.165,12000,0,0.45,"AA",0.128663408017904,-1.91282859116051
2016,0,0.099,2000,0,0.06,"AA",4.0497027688953e-06,-12.4168630202243
2016,1,0.187,3500,0,0.98,"Missing",0.669578995281703,0.706281536400936
2016,1,0.187,25000,1,0.02,"A",0.332869227718223,-0.695236383795801
2016,0,0.132,15000,0,0.55,"A",4.36805165181711e-05,-10.0385647200773
2016,0,0.187,6500,1,0,"D",0.0713529130981374,-2.56609061033682
2016,0,0.077,1000,1,0.99,"D",0.125541980307163,-1.94096408130385
2016,1,0.242,1100,1,0,"Missing",0.951491952090607,2.97630150811812
2016,0,0.187,1000,0,0.67,"D",0.000156908550125787,-8.75969048473894
2016,0,0.187,11000,0,0,"C",0.00304347038673973,-5.79170872891819
2016,0,0.099,5500,1,0.48,"A",4.98075512504696e-05,-9.90729414510134
2016,0,0.121,8000,1,0.17,"AA",0.00352531656852528,-5.6442534949367
2016,0,0.253,15000,0,0.06,"D",0.0216787679702132,-3.80950472719795
2016,0,0.319,2000,1,0,"Missing",0.809370306404358,1.44592377663437
2016,1,0.286,3675,0,0.85,"Missing",0.998567700453778,6.5470407257287
2016,0,0.165,25000,0,0.31,"B",0.00751656890455387,-4.88310054716167
2016,0,0.253,7500,1,0.81,"Missing",0.0201216587702848,-3.88563163667171
2016,1,0.22,5000,0,0.61,"C",0.996517413603996,5.65649137928617
2016,0,0.11,1425,0,0,"AA",0.00260795476977296,-5.94657761653858
2016,1,0.319,6700,0,0.39,"Missing",0.945446747110016,2.85248022219976
2016,0,0.143,13000,0,0.81,"B",0.00307395134886498,-5.78171277500339
2016,0,0.198,1230,0,0,"C",0.000157466647317269,-8.75613940614202
2016,0,0.187,1100,0,0.29,"D",0.000409868160859088,-7.79926505667756
2016,0,0.121,25000,1,0.09,"AA",0.0416220847037886,-3.13661127508872
2016,0,0.132,3500,0,0.31,"A",0.297413387499369,-0.859645637282014
2016,0,0.099,5000,0,0.02,"AA",0.161972150315642,-1.64362692462137
2016,1,0.319,20000,0,0.95,"Missing",0.569491409881599,0.279776421672941
2016,0,0.22,15000,0,0.61,"B",0.00041170088431937,-7.79480169556403
2016,0,0.253,1000,0,0.92,"Missing",0.758195723606871,1.14281293918837
2016,0,0.165,5000,0,0.83,"C",0.0447717175394217,-3.06037371600069
2016,0,0.154,4000,0,0.16,"B",0.00062249961719458,-7.38114485112354
2016,0,0.099,3500,0,0.67,"A",0.763278777352335,1.17074016157698
2016,1,0.319,4000,0,1,"Missing",0.985637210922666,4.22864757645349
2016,0,0.187,10000,0,0.05,"B",0.000158523418315623,-8.74944968995097
2016,0,0.231,13500,0,0.82,"C",0.00131980038292203,-6.62895410679207
2016,1,0.275,15000,0,0,"D",0.84561762986646,1.70063483528363
2016,1,0.253,8000,0,0,"D",0.0131664219953078,-4.31683161080808
2016,0,0.165,12000,0,0.43,"A",0.0843541891220256,-2.38460514922352
2016,1,0.286,25000,0,0.92,"C",0.544322051778618,0.177754772535814
2016,0,0.22,1500,0,0.53,"D",0.0155631036518683,-4.14716683651933
2016,0,0.253,5000,0,0,"D",0.0017963760791311,-6.32018594134544
2016,1,0.264,2500,1,1,"D",0.904359523369032,2.24663085799911
2016,1,0.275,4500,1,0.93,"Missing",0.99689891785759,5.77289824974627
2016,0,0.088,3000,0,0.46,"AA",0.000314126567648378,-8.06540039567315
2016,0,0.099,2500,0,0.28,"AA",0.0025857961455913,-5.95513268666
2016,0,0.231,5000,0,0.26,"D",0.0757445598385598,-2.50162185932974
2016,0,0.264,1500,0,0.99,"Missing",0.0284877812913204,-3.52937857717134
2016,0,0.176,5300,0,0.92,"C",0.00106224253387685,-6.84631020047395
2016,0,0.165,7500,0,0.72,"B",0.000631150024990317,-7.3673356168865
2016,0,0.275,9000,0,0.78,"D",0.00171907070781789,-6.36425087031087
2016,0,0.132,7500,1,0,"B",0.000811824323403841,-7.1154144376664
2016,0,0.176,25000,0,0.85,"A",2.74855785471299e-06,-12.8044314517466
2016,0,0.275,9500,0,0.64,"D",0.230423098084169,-1.20592370989971
2016,0,0.165,5000,0,0.17,"B",0.00132411028032657,-6.62568954394905
2016,0,0.154,8000,0,0.21,"B",8.29597145998778e-06,-11.6997322312507
2016,1,0.308,9900,0,0.33,"D",0.551520347412484,0.206815419914693
2016,0,0.231,6000,0,0.89,"C",0.000145695482971922,-8.83384614139784
2016,1,0.22,5000,1,0.43,"D",0.183966985816817,-1.48969849610169
2016,0,0.22,5000,0,0.97,"C",0.0399470070133025,-3.17943473287574
2016,0,0.176,25000,0,0.85,"A",0.00286881746975289,-5.85098242515008
2016,0,0.154,20200,0,0.86,"A",0.0183271601636868,-3.98087397433819
2016,0,0.154,4575,0,0.6,"C",0.0362463560179956,-3.28049685330893
2016,1,0.319,7000,1,1.02,"Missing",0.999594463849432,7.80989491938157
2016,0,0.132,4800,0,0.66,"B",0.0198821996132267,-3.89784792928066
2016,0,0.154,8000,0,0.21,"B",1.85800451880241e-05,-10.8934038122849
2016,0,0.165,1000,1,1.75,"Missing",0.527263445936665,0.109162055873373
2016,0,0.154,9000,0,0.14,"B",0.000339423643138706,-7.98792206475458
2016,0,0.165,5000,0,0,"C",0.0049746402189853,-5.2984151738473
2016,0,0.286,9500,0,0.86,"D",0.000599908058022096,-7.41813406304504
2016,0,0.176,25000,0,0.63,"A",5.26087949324919e-05,-9.85257463797905
2016,0,0.132,9000,0,0.05,"AA",0.000116056902257121,-9.06131388679501
2016,0,0.165,5000,0,0.7,"C",0.0522790315493996,-2.89746475757125
2016,0,0.11,7500,0,0.23,"AA",0.0033040492242281,-5.70929700541237
2016,0,0.055,1000,0,0.42,"D",0.000212068979936202,-8.4583868676886
2016,0,0.253,1800,0,0,"Missing",0.188526830666247,-1.45961098884562
2016,0,0.242,5000,0,0.86,"Missing",0.290287204428187,-0.893989581923958
2016,0,0.264,15000,1,0.81,"D",0.741442508229677,1.05347954963373
2016,0,0.099,1000,0,0.6,"A",7.02928097840051e-06,-11.8654191070995
2016,0,0.165,19500,0,0.59,"AA",6.38258647182178e-07,-14.2645215943895
2016,0,0.165,3000,0,0.91,"Missing",0.022581888316242,-3.76776633208896
2016,0,0.143,15000,0,0.45,"A",0.000272366248200736,-8.20809049330283
2016,0,0.242,10001,1,0.81,"D",0.534904694133871,0.139846245782972
2016,0,0.242,13000,0,0.82,"D",0.62879656909157,0.527057541202466
2016,0,0.231,10000,0,0.84,"D",0.0226672466622418,-3.7639061766705
2016,0,0.132,18950,0,0,"AA",0.00395327752990627,-5.52924917733109
2016,0,0.22,9000,0,0.65,"A",0.0244723891494095,-3.68543295542365
2016,0,0.088,1000,0,0.31,"AA",0.000602287021545344,-7.41417397783402
2016,0,0.187,5000,0,0.03,"C",0.406553721742031,-0.378230616054167
2016,0,0.121,14000,0,0.56,"AA",9.23539976828556e-06,-11.5924574214171
2016,0,0.231,10001,0,0.69,"D",0.00243112131696436,-6.01696859946257
2016,0,0.088,2300,0,0.18,"AA",0.000364837753835948,-7.91569290892083
2016,1,0.297,2800,0,0,"Missing",0.982352762215248,4.019371200488
2016,0,0.319,25000,1,0.93,"C",0.0265436920108031,-3.60206081202579
2016,0,0.231,5000,0,0.77,"C",0.00463265237168311,-5.36998229209267
2016,1,0.275,15000,1,1.04,"D",0.824435154719052,1.54669002745866
2016,0,0.253,10000,0,0.88,"C",0.00671913112088878,-4.99605462418321
2016,0,0.187,25000,0,0.34,"AA",0.001695644920032,-6.37799504256758
2016,0,0.275,25000,0,0.57,"D",0.0813977127164004,-2.42350608854892
2016,0,0.143,9900,0,0.86,"B",0.00445668293945098,-5.40888388165168
2016,0,0.176,3500,0,0,"C",0.00101766975197738,-6.88922163422288
2016,0,0.165,9999,0,0.54,"C",0.146787530179424,-1.76002243355444
2016,0,0.165,12000,0,0.43,"A",0.0320506267218175,-3.40786304789803
2016,0,0.22,7500,0,0.74,"C",0.000550757136003413,-7.50366570662415
2016,0,0.275,3500,1,0,"D",0.0583396992563508,-2.78136178520733
2016,0,0.176,11204,0,0.73,"B",5.5164785387097e-07,-14.4103553884813
2016,1,0.231,5000,0,0.77,"C",0.0694199273364109,-2.59563416204398
2016,1,0.319,3550,0,0,"Missing",0.988731218985511,4.47438636397443
2016,0,0.154,6000,0,0.03,"AA",0.000145476008561457,-8.83535388796927
2016,0,0.275,2550,0,0.86,"D",0.214581700938231,-1.29752588490433
2016,0,0.165,2500,0,0.56,"C",0.146352257541103,-1.76350219048918
2016,0,0.209,9000,1,0.98,"C",0.00102025594280691,-6.88668098208352
2016,0,0.187,5000,0,0.34,"D",0.0358326640732134,-3.29240498283412
2016,0,0.198,1600,0,0.94,"D",0.00211342492973355,-6.15732979663136
2016,0,0.154,16500,0,0.2,"AA",6.07187369236916e-05,-9.70919750616486
2016,0,0.121,2500,1,0,"B",0.0305434817275202,-3.45758432525772
2016,0,0.121,5000,0,0.18,"A",0.000320424832133832,-8.04554236605537
2016,0,0.121,18000,0,0.46,"AA",3.01552386075575e-05,-10.4091217426964
2016,0,0.187,6500,1,0.33,"C",0.0441504069852772,-3.07499842594426
2016,0,0.198,15000,0,0.65,"B",0.000576826396082592,-7.4573922172436
2016,0,0.099,3001,0,0.34,"AA",0.00052752048084927,-7.5467952074445
2016,0,0.22,2000,0,0.84,"Missing",0.93215432102658,2.62026268221649
2016,0,0.165,1500,0,0.8,"C",0.00538506586062681,-5.21872612047025
2016,0,0.187,2500,1,0.59,"C",0.159522585495375,-1.66178456693589
2016,0,0.209,10000,1,0.88,"D",0.0094283992547983,-4.65455581905256
2016,0,0.099,5000,0,0.54,"A",2.25317851416081e-05,-10.7005610406383
2016,0,0.22,2000,0,0.01,"D",0.00075012019849891,-7.19452669793029
2016,0,0.22,6500,0,0,"C",0.0241789350599157,-3.69779743247313
2016,0,0.154,5000,0,0.68,"B",0.00064925425650145,-7.33903668630117
2016,0,0.099,5000,0,0.01,"AA",9.09773568586645e-05,-9.30480892664309
2016,0,0.176,5000,0,0.35,"B",0.000209021817515029,-8.47286287775804
2016,0,0.242,9000,0,0.95,"D",0.102121276016727,-2.17387392037558
2016,0,0.165,5100,0,0.19,"C",0.000257490891700401,-8.26426868647519
2016,1,0.198,10000,0,0.87,"C",0.870052159410458,1.90142001948835
2016,0,0.319,3001,0,0,"Missing",0.159232444257855,-1.66395018321529
2016,0,0.253,5000,0,0.39,"D",0.0453269885772054,-3.04746625601661
2016,0,0.187,15000,0,0.96,"B",3.16680528396232e-05,-10.3601705135528
2016,0,0.077,1000,0,0,"AA",0.00116952423959839,-6.74998803702515
2016,0,0.121,12000,0,0.47,"A",3.1128180207086e-05,-10.3773659044062
2016,0,0.308,12839,0,0.45,"C",0.154224986905349,-1.70184089207934
2016,0,0.154,12000,1,0.37,"A",7.21409655433702e-05,-9.53681635471106
2016,0,0.099,5000,0,0.54,"A",6.27770181914926e-05,-9.67585872484305
2016,0,0.187,15000,0,0.96,"B",0.000106142758557072,-9.15061944271298
2016,0,0.088,1000,0,0.01,"AA",3.47560549306539e-05,-10.2671220018643
2016,0,0.165,5000,0,0.17,"B",0.000151005460358572,-8.79804354362528
2016,0,0.198,7500,0,0.9,"B",0.00034626013356102,-7.96797391419332
2016,0,0.165,15000,0,0.65,"B",0.001922039143747,-6.25244471385672
2016,0,0.319,3500,0,0.9,"Missing",0.687474591062258,0.788339095930982
2016,0,0.176,20000,0,0.15,"AA",6.39231688777048e-06,-11.9604073827081
2016,0,0.198,4500,1,0.71,"C",0.0507507347626064,-2.9287453291682
2016,0,0.297,14000,1,0.65,"D",0.501956733284776,0.00782697309653835
2016,0,0.242,6001,0,0.69,"D",0.0116735858224607,-4.43868435438591
2016,0,0.319,4000,1,0.94,"D",0.057769365484876,-2.79179145328914
2016,0,0.286,7300,0,0,"C",0.00537482851300958,-5.22063928516299
2016,0,0.165,1000,0,0,"D",0.111324628299939,-2.07728149530506
2016,0,0.242,25000,0,0.63,"AA",0.00108990573307039,-6.82057356979041
2016,1,0.187,1000,1,0.71,"Missing",0.998280552777888,6.36403149513591
2016,1,0.275,5000,1,0.92,"Missing",0.98273068842739,4.04140408481704
2016,0,0.264,1800,0,1.18,"Missing",0.921988838869153,2.46968121026123
2016,1,0.319,2550,0,0.63,"D",0.608196927162661,0.439739374531761
2016,0,0.22,6001,0,0,"A",0.00185983776946711,-6.28540444636246
2016,1,0.253,7500,1,0.81,"Missing",0.900458405635225,2.20232838262003
2016,0,0.165,1500,1,0.2,"C",0.0509268702698032,-2.92509516801571
2016,0,0.165,1000,0,0.27,"A",0.000983404944744596,-6.92350568598151
2016,0,0.121,1000,0,0.05,"C",0.0596989066562737,-2.7568864297773
2016,1,0.22,15000,0,0.59,"A",0.388233457730319,-0.45474388899718
2016,0,0.209,3000,0,0,"D",0.0275600837817896,-3.56343980465624
2016,0,0.11,8300,0,0.05,"AA",6.56988922373991e-06,-11.9330070166215
2016,0,0.088,3500,0,0,"AA",0.000737511763922775,-7.21149073493627
2016,1,0.297,2000,0,0,"Missing",0.735197499380375,1.02115490231179
2016,0,0.187,2400,0,0.86,"D",6.79606698721918e-06,-11.8991597012533
2016,0,0.198,3000,1,0.95,"D",0.115160789699506,-2.03907662209331
2016,0,0.132,17000,0,0.19,"AA",1.29622916126871e-05,-11.2534530983291
2016,1,0.319,5000,0,0.92,"Missing",0.989138508293748,4.51161070772454
2016,1,0.319,2550,0,0.99,"Missing",0.992461554402656,4.88017226912406
2016,0,0.088,3000,0,0.03,"AA",0.00398924364214427,-5.52015640752236
2016,0,0.22,3000,0,0,"D",0.002852195880795,-5.85680982574063
2016,0,0.22,15000,0,0.65,"B",0.00105952934904313,-6.84887038874955
2016,0,0.22,3000,0,0.62,"C",0.052658612994241,-2.88982970653147
2016,0,0.132,1000,1,0.45,"D",0.245514505042734,-1.12268002414805
2016,1,0.286,9000,1,0.83,"Missing",0.996912949168121,5.7774472415621
2016,0,0.22,3800,0,1,"Missing",0.236214637004684,-1.17354594067437
2016,0,0.088,3500,0,0,"AA",0.00534709739061499,-5.22583996483312
2016,0,0.209,7500,0,0.98,"D",0.00170597846222404,-6.37190901941387
2016,0,0.099,7000,0,0.17,"AA",0.000448098576554455,-7.71004911379924
2016,0,0.088,1000,0,0.33,"A",0.0174805285021218,-4.02903255742
2016,0,0.132,10000,0,0.85,"A",0.000300873171244947,-8.10852082155917
2016,0,0.11,6500,0,0.69,"AA",0.000192177961310943,-8.55689653696852
2016,0,0.099,1500,0,0.03,"AA",0.000328302038865501,-8.0212481671611
2016,0,0.165,3000,1,0,"C",0.000571353001523354,-7.46693180671129
2016,0,0.22,24900,0,0.87,"C",0.0180680521207915,-3.99537670395117
2016,1,0.286,2000,1,0,"Missing",0.844114985171183,1.68917007263224
2016,0,0.209,4700,0,0.74,"D",0.095725962008987,-2.24564290679726
2016,0,0.154,2400,1,0.22,"B",0.000711526649473504,-7.24738590589238
2016,0,0.198,19200,0,0,"AA",0.0572200012919561,-2.80192944585901
2016,0,0.132,25000,1,0,"AA",7.23573851645411e-05,-9.5338206745638
2016,0,0.187,3800,0,0.7,"C",0.000160092603441395,-8.73959803322573
2016,0,0.165,17500,0,0.55,"B",0.00153958682599795,-6.47470042015297
2016,0,0.143,2000,1,0.54,"A",0.000813228990507705,-7.11368426709384
2016,1,0.264,3500,0,0.8,"Missing",0.982246053290159,4.01323399934508
2016,0,0.165,7000,1,0,"B",0.000340062568253614,-7.98604081260648
2016,1,0.242,6500,1,0.97,"Missing",0.968516718385932,3.42630908231408
2016,0,0.154,7500,0,0.67,"B",0.00324374816021522,-5.72777675771276
2016,1,0.319,1000,1,1,"Missing",0.96178164433913,3.22547152908039
2016,0,0.176,10000,0,0.11,"B",0.00120672534904787,-6.71863745715908
2016,0,0.121,8000,0,0.06,"A",5.28676026335072e-06,-12.1502996395174
2016,0,0.198,2000,0,0,"D",0.00265209374868224,-5.92975024032186
2016,0,0.11,2000,0,0,"AA",9.39813113892815e-06,-11.574990305287
2016,1,0.187,6000,0,0.82,"C",0.49440886237562,-0.0223654827463777
2016,0,0.297,3200,1,0,"Missing",0.528788395314428,0.11528108300137
2016,0,0.187,12000,1,0.51,"A",0.00435488631512398,-5.43209237701458
2016,0,0.187,1675,0,0.95,"Missing",8.16966394921077e-05,-9.41241598925497
2016,1,0.319,2000,1,0,"Missing",0.517956652929148,0.0718575154647678
2016,0,0.165,7500,0,0.98,"C",0.000892067501995401,-7.02107628773373
2016,0,0.22,5000,0,0.96,"C",0.000665565364109656,-7.31420791995506
2016,0,0.11,3000,0,0.07,"AA",7.44416298327419e-06,-11.8080728806505
2016,0,0.154,22000,0,0.77,"B",0.00811460279968437,-4.80594232026112
2016,0,0.253,6500,0,0.75,"D",0.00536370841407646,-5.22272153008942
2016,1,0.319,3500,0,0.99,"Missing",0.979999460146892,3.89179275494884
2016,0,0.198,12000,0,0.57,"A",0.00202090309542499,-6.20218784265966
2016,0,0.187,3500,0,0.76,"Missing",0.0527130244801357,-2.88873951488371
2016,0,0.121,3000,0,0,"B",0.00054639401573769,-7.51162365858814
2016,1,0.319,2000,0,0,"Missing",0.972278507642912,3.55743428420691
2016,0,0.209,6001,0,0.05,"D",0.31291558460889,-0.786523703631134
2016,1,0.319,2100,0,0,"Missing",0.998322181158017,6.38858140948641
2016,0,0.275,4449,0,0.94,"D",0.00100328221997926,-6.90347464788493
2016,1,0.275,3000,0,0.97,"Missing",0.436471659138119,-0.255494180904256
2016,0,0.165,15000,0,0.63,"B",0.105241878763398,-2.14029211795516
2016,0,0.198,25000,0,0.6,"A",2.29616306614432e-05,-10.6816630053007
2016,1,0.264,6000,0,0,"Missing",0.0367504527355226,-3.26616196858092
2016,0,0.275,7900,0,0.68,"C",0.0251417332064991,-3.65776295007027
2016,1,0.264,4100,1,0.91,"Missing",0.997703577112654,6.07410356939048
2016,0,0.264,9999,0,0.89,"B",0.00151285964317171,-6.4922396105444
2016,0,0.121,12000,0,0.47,"A",0.00127526023792765,-6.6633289389462
2016,0,0.22,7500,0,0,"D",0.154537750497565,-1.69944511233441
2016,0,0.11,9000,0,0.22,"AA",0.000842939600837881,-7.0777719553342
2016,0,0.099,3500,0,0.14,"AA",0.0466183713026145,-3.01802057593193
2016,0,0.11,5000,1,0.06,"AA",0.00607208972120854,-5.09796186295181
2016,0,0.143,5500,0,0.34,"B",0.0254297738780068,-3.6460758926426
2016,0,0.165,17000,1,0.58,"A",0.00295437000362247,-5.82151110482808
2016,0,0.286,10848,0,0.68,"B",0.092365313469205,-2.28509045722233
2016,0,0.121,13000,0,0.82,"A",0.000290545922189699,-8.14345832619993
2016,0,0.308,5000,0,0.95,"C",0.00165808168439843,-6.40043449883283
2016,0,0.22,3300,0,0.55,"D",0.0327519609880793,-3.38549212840635
2016,0,0.253,8000,0,0.87,"D",0.0371202060691698,-3.25576712009334
2016,1,0.319,7000,0,0,"Missing",0.949825319505078,2.94076756663455
2016,0,0.165,5000,0,0,"C",0.000399001300707183,-7.82614680023907
2016,1,0.198,3001,0,1,"Missing",0.527079962765198,0.108425949304762
2016,1,0.275,9500,0,0.64,"D",0.240959354340775,-1.14742706247569
2016,1,0.319,3000,0,0.85,"Missing",0.739229095107528,1.04196561698341
2016,1,0.264,1025,1,0.59,"Missing",0.693878733456795,0.818315890244987
2016,1,0.319,11700,0,0.56,"Missing",0.985308875235888,4.20571161702989
2016,0,0.121,12000,0,0.47,"A",0.00369178034724045,-5.59794784657134
2016,0,0.253,8500,1,1.13,"Missing",0.0663335609054003,-2.64442327606663
2016,1,0.22,1990,1,1,"D",0.65285713707296,0.631621922031604
2016,0,0.253,10000,0,0.67,"D",0.000234210548722326,-8.35905582832178
2016,1,0.275,25000,0,0.71,"A",0.847217052063303,1.71293864840606
2016,0,0.319,25000,0,0.11,"C",0.00278255105424956,-5.8816006970994
2016,0,0.22,3500,0,0.51,"D",0.0177942722403542,-4.01092416388496
2016,1,0.187,1075,1,0.9,"Missing",0.979833280594867,3.88334874385447
2016,1,0.319,4000,0,1,"Missing",0.493086606083985,-0.0276553381370017
2016,1,0.165,2500,1,0.9,"C",0.952363062589677,2.99533787403212
2016,0,0.154,4500,0,0,"AA",0.00201426356027412,-6.20548533424192
2016,0,0.319,7000,0,0,"C",0.0140496642761803,-4.25100748332511
2016,0,0.187,1100,0,0.29,"D",0.402763208919808,-0.393964851388285
2016,0,0.187,1850,0,0.68,"D",0.00556181259738633,-5.18625388005751
2016,0,0.099,3500,0,0.14,"AA",0.000110003149383239,-9.11489155262482
2016,0,0.099,5000,0,0.28,"AA",7.27905916091829e-06,-11.8305016611593
2016,0,0.121,4500,1,0.97,"AA",0.0208072638650873,-3.85142634354196
2016,0,0.308,25000,1,0.75,"C",0.365923938110335,-0.549743426242773
2016,0,0.165,10500,0,0.84,"C",0.0687016972587783,-2.60680573277296
2016,0,0.165,3000,0,0.05,"AA",0.0605080087859567,-2.74256356139464
2016,1,0.22,9000,0,0.72,"D",0.49827718453314,-0.00689128913951231
2016,1,0.319,5000,0,0.83,"Missing",0.799442740755343,1.38281512264829
2016,0,0.198,12000,1,0.68,"C",0.0101396272871248,-4.58111265472444
2016,1,0.319,4000,0,0.95,"Missing",0.925678691104306,2.5221294826124
2016,1,0.22,3300,0,0.55,"D",0.0033066220310388,-5.70851604413546
2016,0,0.308,25000,0,0.73,"C",0.00172170007434822,-6.36271987709552
2016,0,0.165,4200,0,0.3,"C",0.000190556024315906,-8.5653737415542
2016,1,0.319,4669,1,0,"Missing",0.833143860913417,1.60807433086596
2016,0,0.264,23000,0,0.82,"B",0.000172460241215642,-8.665171358651
2016,0,0.121,1850,0,0.86,"C",0.000150790111974806,-8.79947087351715
2016,0,0.165,2500,1,0.9,"C",0.00399033722888156,-5.519881213268
2016,1,0.242,25000,0,0.7,"C",0.605075304929855,0.426657819909471
2016,0,0.099,5000,0,0.02,"AA",0.000439066551623201,-7.73042039517886
2016,0,0.121,6001,0,0.01,"A",0.00106093071954065,-6.84754722490002
2016,0,0.132,3000,0,0.98,"B",0.0183658269008437,-3.97872700229306
2016,0,0.319,22000,0,0.83,"D",0.00067208675670627,-7.30445081082437
2016,0,0.275,2000,0,0.19,"D",0.0121272519597341,-4.40009874370668
2016,0,0.143,25000,0,0.1,"AA",0.116662095764519,-2.02442611901841
2016,0,0.275,1000,1,0.98,"C",0.00148978929157145,-6.50762968394649
2016,1,0.319,2550,0,0.91,"Missing",0.865529280259634,1.8619947262552
2016,1,0.319,3500,0,0.9,"Missing",0.923943172797146,2.49716978121701
2016,0,0.165,5000,0,0.7,"C",0.0605124477605464,-2.74248547743801
2016,0,0.264,7500,1,0.82,"D",0.0231958537356416,-3.74031262312093
2016,0,0.154,14100,0,0.73,"B",0.000586397175894745,-7.44092665423434
2016,0,0.165,2500,1,0.9,"C",0.0240380708397087,-3.70378472012968
2017,0,0.088,1000,0,0,"AA",5.46399822179089e-05,-9.81469002666766
2017,1,0.264,3000,0,0,"Missing",0.489257740326214,-0.0429756518085194
2017,0,0.121,15200,0,0.83,"A",2.48859995856473e-05,-10.6011802919516
2017,0,0.154,22000,0,0.71,"A",3.97859458220908e-05,-10.1319570413461
2017,0,0.077,1000,0,0,"AA",0.029153646441619,-3.50558822319657
2017,0,0.165,4000,0,0,"C",5.95320525104558e-05,-9.72893615897885
2017,0,0.209,5000,0,0.42,"B",6.23860829823695e-06,-11.9847471909586
2017,1,0.121,1000,0,0.97,"Missing",0.703027496289123,0.861756449413741
2017,0,0.154,8000,0,0.21,"B",0.000173501904337238,-8.65914846567293
2017,0,0.099,1000,0,0.18,"AA",0.0137712912582682,-4.27130220219365
2017,0,0.099,3500,0,0.67,"A",0.000383140351509012,-7.86672596911647
2017,0,0.099,7000,0,0.17,"AA",0.00102943022224,-6.87771985164418
2017,0,0.22,7500,1,0.62,"C",9.9154462024523e-05,-9.21873254186415
2017,0,0.165,5000,0,0,"C",3.63312871143043e-05,-10.222794951997
2017,0,0.154,8000,0,0.92,"B",4.6887093455574e-05,-9.96772122503675
2017,0,0.077,1000,0,0,"AA",8.68439600372601e-05,-9.35131076472816
2017,0,0.121,7000,0,0,"AA",0.000146699633380874,-8.82697666153152
2017,0,0.143,4250,1,0.99,"B",0.00982903529697854,-4.61253682915456
2017,0,0.176,5000,0,0.94,"B",4.69157683540591e-06,-12.2697371281848
2017,0,0.319,16000,1,0,"D",0.330075987479824,-0.707841398760185
2017,0,0.319,2400,0,1.05,"Missing",0.0441361909780203,-3.07533534072525
2017,0,0.187,10000,0,0.76,"C",0.134171658562925,-1.86456665468613
2017,0,0.154,3000,0,0,"C",0.0134227501129712,-4.29729059242891
2017,0,0.165,3000,1,0.99,"C",0.00621175602046902,-5.07508052074072
2017,0,0.319,3500,1,1,"Missing",0.95681250691132,3.09805651321826
2017,1,0.286,9000,1,0.83,"Missing",0.943534542590314,2.81600389734929
2017,0,0.209,4041,0,0.91,"D",0.00119253728558386,-6.73047882002958
2017,0,0.187,25000,0,0.78,"B",0.00728537258005488,-4.9145746566801
2017,1,0.187,1500,0,0.77,"Missing",0.973446974942385,3.60169967551927
2017,0,0.11,5000,1,0.06,"AA",0.00047005366944206,-7.66219351529783
2017,1,0.253,7500,1,0.81,"Missing",0.999504006914143,7.60845245500968
2017,0,0.22,7500,0,0,"D",0.1330180853881,-1.87453301749153
2017,0,0.22,2000,1,0,"D",0.0855395427717287,-2.36935546953772
2017,0,0.253,6000,0,0,"C",0.0781497271769211,-2.46775625062495
2017,1,0.187,1200,0,1.36,"Missing",0.959936475865087,3.1764008135145
2017,0,0.22,15000,0,0.84,"C",0.056160988281639,-2.82173325599798
2017,0,0.165,2500,0,0.24,"C",0.0247198273058449,-3.67511913977266
2017,0,0.176,3300,0,0.3,"C",0.00088307967712438,-7.03121165704058
2017,0,0.066,1000,0,0.04,"AA",0.000163676970565331,-8.71745207384146
2017,0,0.11,4500,0,0.15,"AA",0.136836265051977,-1.84181933525522
2017,0,0.077,3000,0,0.06,"AA",7.63940441538189e-05,-9.47952942397005
2017,0,0.264,10000,0,0.89,"D",0.000610850900479116,-7.40004661642825
2017,0,0.187,9000,0,0.94,"C",0.0071810644168099,-4.92910068707752
2017,0,0.22,10000,0,0.87,"C",0.00793323534140475,-4.82872946809412
2017,0,0.22,7500,0,0.38,"C",9.08739167338715e-06,-11.6086135481403
2017,0,0.22,7400,1,0.27,"D",0.00599002741634047,-5.11165125025126
2017,0,0.165,7500,0,0.98,"C",0.000128600711131117,-8.95866960740417
2017,0,0.132,6000,0,0.6,"A",0.0598784702201308,-2.75369214210799
2017,0,0.264,15000,1,0.81,"D",0.164071231345355,-1.62824273349733
2017,0,0.099,3500,0,0.14,"AA",0.00841603407984394,-4.76916492472497
2017,0,0.088,2300,0,0.18,"AA",0.000195500037818575,-8.53975446594303
2017,0,0.121,5000,0,0.12,"A",0.000120512947200986,-9.02363284494463
2017,0,0.198,5000,0,0.66,"C",0.00960940058068689,-4.63535756368574
2017,0,0.22,5000,1,0.95,"C",0.0682101989335202,-2.61451315576375
2017,0,0.253,8000,1,0.74,"D",0.0268439564547372,-3.59050373282621
2017,0,0.165,10000,0,0.64,"AA",0.000909519706256027,-7.00168395953914
2017,0,0.22,3000,0,0.27,"D",0.00191059715555344,-6.25842701422639
2017,0,0.165,5000,0,0.83,"C",0.000478654275646524,-7.64405321502444
2017,0,0.143,10000,0,0.12,"AA",8.7612130078413e-05,-9.34250348242518
2017,1,0.198,6800,1,0.89,"D",0.0301094431213395,-3.47234438965684
2017,0,0.187,1500,0,0.92,"D",0.00897404606796458,-4.70440408259239
2017,0,0.297,7000,0,0,"D",0.155956652509181,-1.68862575275735
2017,0,0.143,20000,0,0.79,"A",0.000442684418951071,-7.72221063191537
2017,1,0.187,3500,0,0.96,"Missing",0.961585624366632,3.22015185897855
2017,1,0.319,2100,0,1,"Missing",0.998751116216243,6.68425543531119
2017,1,0.187,1000,1,0.59,"D",0.777994464374827,1.2540170921437
2017,0,0.308,2550,0,0.94,"Missing",0.2602788554462,-1.04451970627249
2017,0,0.22,8500,0,0.48,"B",0.000423975287829108,-7.76541132266201
2017,0,0.209,13500,0,0.78,"B",0.00144731493858046,-6.53659684237449
2017,0,0.264,1550,0,1.09,"Missing",0.485469320639544,-0.0581390884956707
2017,1,0.297,2000,1,0,"Missing",0.988229687372927,4.4303346655593
2017,0,0.088,2000,0,0.05,"AA",0.0234004280919142,-3.73132239655561
2017,0,0.165,1000,1,1.75,"Missing",0.0294700895346996,-3.49446638686976
2017,0,0.253,10000,0,0.67,"D",0.08066200060366,-2.43338625309848
2017,1,0.264,4000,0,1,"Missing",0.762244377202147,1.1650238580721
2017,0,0.154,2400,0,0.94,"B",6.72320860864919e-05,-9.60729271851699
2017,0,0.242,6001,0,0.69,"D",0.0219644450431163,-3.7961210125351
2017,0,0.121,6000,0,0.1,"A",9.51185470335481e-05,-9.26029145771618
2017,1,0.308,2550,0,0.94,"Missing",0.86756782033061,1.87962302498687
2017,0,0.165,4000,0,0.72,"C",0.0132089434851745,-4.31356418457223
2017,0,0.22,10000,0,0.45,"A",1.60263405401094e-05,-11.0412608791383
2017,0,0.165,5000,0,0.27,"B",0.000704017436485546,-7.25800316900466
2017,0,0.176,15000,0,0,"B",0.000260144645821797,-8.25401257306981
2017,1,0.22,2000,0,0,"Missing",0.544325389477658,0.177768229078452
2017,0,0.121,1000,0,0.03,"AA",0.000512185187468602,-7.57631198764665
2017,0,0.231,13500,0,0.82,"C",6.40833642485893e-06,-11.9579044404611
2017,1,0.22,1100,0,0,"Missing",0.990119203768375,4.60723224496905
2017,0,0.187,11000,0,0,"C",1.43318217830249e-05,-11.1530138615736
2017,0,0.198,15000,0,0.58,"C",0.139398938190523,-1.8202911729054
2017,0,0.22,9000,0,1.01,"D",0.00755558567884464,-4.87788389053336
2017,0,0.22,2000,0,0,"D",0.236145721763678,-1.17392795610866
2017,0,0.143,1200,0,0.72,"D",8.67914749890983e-05,-9.35191536029104
2017,0,0.319,16000,1,0,"D",0.0805937197887733,-2.43430738589684
2017,0,0.264,10000,1,0.03,"A",0.0302370106624522,-3.46798500808211
2017,0,0.319,1500,0,0.95,"Missing",0.174701773081094,-1.55266444180911
2017,0,0.319,3000,0,0.91,"Missing",0.251835775712299,-1.08884531367145
2017,0,0.187,3500,0,0,"B",0.000372063107452512,-7.89607494204934
2017,0,0.099,2000,0,0.02,"AA",0.000206903522062487,-8.48305102540982
2017,0,0.209,7000,0,0.62,"C",0.0113194977434708,-4.46984452528318
2017,0,0.165,9999,0,0.57,"B",0.000878819213887564,-7.03605214831356
2017,0,0.319,3975,0,0.97,"Missing",0.307310537371523,-0.812723034159277
2017,0,0.077,1000,0,0.34,"AA",1.55634176712839e-05,-11.0705718551096
2017,0,0.165,3500,0,0.9,"C",2.84686274744615e-06,-12.7692901135014
2017,0,0.165,5600,0,0.07,"A",0.000225177125103256,-8.39839804029469
2017,0,0.165,2500,0,0.56,"C",0.0365589963256544,-3.27158396130309
2017,1,0.198,9999,0,0.97,"C",0.621324130224713,0.495172280295952
2017,0,0.165,1000,0,0,"Missing",0.477577702499476,-0.0897493854327933
2017,0,0.132,15000,0,0.09,"A",0.00470608364815719,-5.35418202192078
2017,0,0.275,25000,0,0.87,"A",0.00733852323325297,-4.90725206831741
2017,0,0.11,2000,0,0,"A",2.65791518377602e-05,-10.535356835474
2017,0,0.077,1000,1,0.08,"AA",2.4422712081392e-07,-15.2251669773653
2017,1,0.319,2500,0,0,"Missing",0.906700207829041,2.27399398355123
2017,0,0.132,7500,1,0,"B",0.00771167037584303,-4.8572789052428
2017,0,0.132,2000,0,0.01,"AA",0.00118260033897426,-6.73885628778029
2017,0,0.088,2000,0,0.06,"AA",4.38509312997467e-05,-10.0346707491722
2017,1,0.319,2100,0,0,"Missing",0.888723575504321,2.07776883207338
2017,1,0.319,5000,0,0.89,"Missing",0.786812502929688,1.30581793081341
2017,0,0.286,3672,0,0.94,"Missing",0.837474151265228,1.6395533408053
2017,0,0.308,23500,0,0.89,"D",0.0062322911210695,-5.07175946468073
2017,0,0.088,1000,0,0,"AA",0.000195720146770159,-8.53862900234255
2017,0,0.154,4575,0,0.6,"C",5.37129468663381e-06,-12.134436210986
2017,0,0.242,2000,1,0.84,"D",0.280145448286223,-0.943740253631741
2017,0,0.143,25000,0,0.05,"AA",5.24517524160687e-05,-9.8555643593782
2017,0,0.165,10200,0,0,"C",0.000183359474176714,-8.60387861586533
2017,1,0.165,2600,0,0.68,"C",0.314064604112957,-0.781184737871159
2017,0,0.187,6001,0,0.56,"B",0.000298671200975559,-8.11586853612279
2017,0,0.22,9999,0,0.9,"D",0.000216561290908904,-8.43742036695657
2017,0,0.077,1000,0,0.07,"AA",2.16668421686864e-05,-10.7397058095994
2017,0,0.22,3000,0,0.76,"C",0.0198604792521842,-3.89896313978547
2017,1,0.077,1000,1,0,"Missing",0.232023993587123,-1.19691770405683
2017,0,0.055,1000,1,0.48,"D",0.220644898863116,-1.26191216751953
2017,0,0.121,4999,0,0.28,"A",0.00956444455820565,-4.64009227039709
2017,0,0.11,4500,0,0.15,"AA",0.00275274600515513,-5.89239977641336
2017,0,0.11,3000,0,0.05,"AA",0.000813124957067583,-7.11381230577431
2017,0,0.154,6001,0,0.56,"B",0.00118028498372957,-6.74081837595997
2017,0,0.198,13000,0,0.95,"B",0.000296579973140018,-8.1228970280214
2017,0,0.165,7000,1,0,"B",0.00019968380879359,-8.51857569472974
2017,0,0.253,3890,0,0.97,"Missing",0.00562850124895523,-5.17426767931985
2017,0,0.187,2500,1,0.59,"C",0.00125085429242618,-6.68267688989796
2017,0,0.099,5000,0,0.01,"AA",0.0129787152774287,-4.33138087497764
2017,0,0.187,1775,0,0.9,"D",6.89258770977144e-05,-9.58240994748976
2017,0,0.22,1500,0,0.53,"D",0.0496416941610098,-2.9520079888245
2017,0,0.22,8000,1,0.52,"D",0.0330975369928943,-3.3746387562862
2017,0,0.165,3500,0,0.56,"C",0.0119654505412073,-4.41369429064542
2017,0,0.165,9999,0,0.54,"C",0.000284481368154111,-8.16455827449401
2017,0,0.11,2000,0,0,"AA",7.74315882761962e-06,-11.7686930931675
2017,0,0.198,9995,0,0.53,"C",0.0138313085284102,-4.26689267023919
2017,0,0.242,20000,0,0.92,"D",0.0116851803222432,-4.43767989057655
2017,0,0.253,5000,0,0,"D",0.0325853919449049,-3.39076307250421
2017,0,0.275,9000,0,0.79,"D",0.024621237971352,-3.67921646678671
2017,1,0.319,3000,0,0,"Missing",0.990071305890922,4.60234800693825
2017,0,0.319,4000,0,0.95,"Missing",0.304640273211842,-0.825297655723255
2017,0,0.143,4250,1,0.99,"B",0.0114687920857411,-4.45659059824334
2017,0,0.176,6500,0,0.67,"C",0.000100247941963426,-9.20776376806433
2017,1,0.253,1400,0,0,"Missing",0.991291776575049,4.73474111692889
2017,0,0.11,4999,0,0.06,"AA",0.0221605048605487,-3.78703389703178
2017,1,0.077,6500,0,0.75,"Missing",0.644433528443952,0.594659468201668
2017,0,0.165,4000,0,1,"D",0.00255675031194156,-5.96645821189124
2017,0,0.154,10000,0,0.44,"A",5.77806225894681e-06,-12.0614364027268
2017,0,0.297,5000,0,0.83,"Missing",0.00824576842556258,-4.7897751755152
2017,0,0.132,1800,0,0.39,"B",0.0393010163822943,-3.19641074676932
2017,0,0.165,5000,0,0.7,"C",5.2025604036134e-06,-12.1663544656746
2017,0,0.165,2700,0,0.51,"C",0.0258497825606268,-3.62926332976331
2017,0,0.22,7500,1,0.52,"D",0.0012367838045172,-6.69400342562996
2017,1,0.275,7000,0,0.14,"D",0.379236043775361,-0.492792088964382
2017,0,0.198,9995,0,0.53,"C",0.0503401298680419,-2.93730131952407
2017,0,0.319,9740,0,0.56,"D",0.0042313894129851,-5.46098450635506
2017,0,0.165,2500,1,0.9,"C",0.000756483620134671,-7.18607290724033
2017,1,0.209,10000,1,0.88,"D",0.0758596461988535,-2.49997908577924
2017,0,0.099,2000,0,0,"AA",0.00559132581207104,-5.18093182846654
2017,0,0.22,5000,0,0.97,"C",0.14522541123811,-1.77255069969752
2017,0,0.176,5000,0,0.94,"B",0.0549127625061256,-2.84553144830696
2017,0,0.231,10000,0,1.01,"D",0.00222029450576924,-6.10789266862596
2017,1,0.308,6000,0,0.98,"Missing",0.230388724879538,-1.20611755939899
2017,0,0.121,6000,0,0.4,"AA",1.65197198961705e-06,-13.3135391864735
2017,0,0.253,10000,1,0.64,"C",0.0304470730949141,-3.46084519729426
2017,0,0.209,12500,0,0.02,"AA",3.31231639769379e-05,-10.3152445785928
2017,0,0.176,5000,0,0,"C",9.59346694644342e-05,-9.2517471853003
2017,0,0.187,1500,0,0.61,"D",0.0100872342550163,-4.58634613457655
2017,0,0.121,2500,1,0,"B",0.00044154374342477,-7.7247918224709
2017,0,0.22,9999,0,0.94,"D",0.00210623130726056,-6.1607465862622
2017,0,0.209,10000,1,1.02,"C",0.000777600018893543,-7.15852037801418
2017,0,0.11,6000,0,0.02,"AA",0.000879292012139133,-7.03551382714526
2017,0,0.209,3900,1,0,"C",0.196910881254799,-1.40571444307047
2017,0,0.22,4000,0,0,"D",0.00723628781801745,-4.92138433964985
2017,0,0.121,11000,1,0.43,"AA",0.00411260049274958,-5.48957864677021
2017,0,0.319,2550,1,0.75,"D",0.00208790765517347,-6.16950274601615
2017,0,0.077,2550,1,0,"A",7.84578245745406e-05,-9.45287088321912
2017,0,0.209,2100,0,0.86,"D",0.0047743945838962,-5.33970227338734
2017,0,0.154,4000,0,0.18,"B",2.50471460558806e-05,-10.5947256193691
2017,0,0.154,1500,1,0.25,"AA",0.0269813768386731,-3.58525634063872
2017,0,0.154,7750,0,0.59,"C",0.000659436858493393,-7.32346467748863
2017,0,0.319,1890,1,0,"Missing",0.00335685118296966,-5.69338939428181
2017,0,0.264,3000,0,0,"Missing",0.57958940637632,0.321088095206057
2017,0,0.121,2500,1,0,"B",0.000418303289980038,-7.77888542362303
2017,0,0.253,13100,0,0.71,"D",0.0133086638284396,-4.30594202239325
2017,0,0.22,6000,0,1,"C",0.0931872809768903,-2.27532470263303
2017,0,0.099,5000,0,0.01,"AA",1.53891683424995e-05,-11.0818312611108
2017,0,0.264,15000,0,0.86,"B",0.000860177046191796,-7.05751177502893
2017,0,0.099,2500,0,0.09,"AA",0.00245978130724031,-6.00522002094603
2017,0,0.143,9000,0,0.86,"B",0.00218453692034299,-6.1241644821641
2017,0,0.088,1500,1,0.22,"AA",5.33214327182346e-05,-9.83911886997596
2017,0,0.231,4000,0,0,"D",0.00287939560191233,-5.84729131826891
2017,0,0.154,7000,0,0.55,"C",6.53125262360082e-05,-9.63626139944639
2017,1,0.253,8100,0,0.93,"C",0.659912931986581,0.66290623786653
2017,0,0.099,3500,0,0,"AA",0.0030595369241177,-5.78642747958166
2017,0,0.099,5000,0,0,"AA",3.45902681510006e-05,-10.2719035919094
2017,0,0.209,4700,0,0.74,"D",0.128372819358581,-1.91542310574102
2017,0,0.132,13000,0,0.36,"AA",0.000321229680249483,-8.04303289461148
2017,0,0.176,6001,1,0.77,"C",0.00369037778771796,-5.59832924064367
2017,1,0.165,1500,1,0.2,"C",0.698548321099206,0.840394620348376
2017,0,0.099,5000,0,0.08,"A",4.04559498177104e-05,-10.1152563778357
2017,0,0.165,10000,0,0.16,"A",0.00386478851080217,-5.55197604140378
2017,0,0.242,12800,0,0,"A",5.6341650710434e-06,-12.0866559556736
2017,0,0.154,3000,0,0.98,"C",0.00166837406684327,-6.39423597213809
2017,0,0.22,20000,1,0.05,"AA",0.327152855624065,-0.721090668037291
2017,0,0.176,3500,0,0.53,"B",0.0137110594584223,-4.27574658790546
2017,0,0.319,5000,0,0.72,"Missing",0.14105885954593,-1.80652315176753
2017,0,0.121,2400,0,0.25,"B",3.55614526970737e-05,-10.2442127340693
2017,0,0.22,24900,0,0.87,"C",0.0291723564332493,-3.50492738510321
2017,0,0.121,2500,1,0,"B",0.000331609723770079,-8.01122014662067
2017,1,0.319,6000,0,0.43,"D",0.175822752892671,-1.54490921074095
2017,1,0.319,4090,1,0.58,"Missing",0.993507217066408,5.03055008411668
2017,0,0.22,5000,0,0.16,"A",8.05809864048662e-05,-9.42616725273145
2017,0,0.22,7500,0,0.99,"D",0.0212955422414719,-3.82773194882224
2017,0,0.187,4990,0,0.9,"C",0.0723670884711082,-2.55088446814386
2017,1,0.264,1000,1,0.29,"Missing",0.97260269495341,3.56953101624836
2017,0,0.286,2600,0,0.73,"D",0.0767135371445773,-2.48786135946036
2017,0,0.077,1000,1,0,"Missing",0.00305798747713395,-5.78693559392529
2017,0,0.11,2750,0,0.37,"AA",0.00981660645847987,-4.61381468382538
2017,1,0.319,6000,0,0.94,"Missing",0.99363906755808,5.05119905263668
2017,0,0.165,2500,1,0.28,"B",0.000719770916733799,-7.23585753770824
2017,1,0.297,2800,0,0,"Missing",0.94259665569758,2.79853590179164
2017,0,0.198,8000,0,0.35,"C",0.0352671596289015,-3.30889900485915
2017,0,0.198,20000,0,0.53,"A",0.00414596580474831,-5.48146492862177
2017,0,0.165,10200,0,0,"C",0.00044407693412084,-7.71906855993002
2017,1,0.209,10000,1,0.88,"D",0.207436590666684,-1.34044680850675
2017,1,0.319,4531,0,0,"Missing",0.999801025277574,8.52213376976974
2017,0,0.187,3650,0,0.85,"D",0.00190969562722497,-6.25889988567542
2017,1,0.187,4800,0,0.88,"C",0.804840432403494,1.41682651784416
2017,0,0.187,5000,1,0.08,"C",0.000122845267000406,-9.00446213358138
2017,0,0.165,4000,0,0.95,"C",0.00149451165219759,-6.5044601500023
2017,0,0.264,7500,0,0,"C",0.00472131691594818,-5.35093501314587
2017,1,0.121,4000,0,0,"B",0.371552399446591,-0.525562749804696
2017,0,0.088,3500,0,0,"AA",1.17231764535777e-05,-11.3539310588296
2017,1,0.319,5000,0,0.89,"Missing",0.921614435347337,2.46448716709815
2017,0,0.154,2400,0,0.94,"B",0.00245407441604415,-6.00754851817454
2017,0,0.121,12000,0,0.41,"A",0.0193339644018712,-3.92636860616166
2017,0,0.154,4000,0,0.18,"B",0.000142210952422452,-8.85805680124083
2017,0,0.187,7000,0,0.51,"B",0.000393070274633759,-7.84112899867168
2017,0,0.165,1000,1,0.46,"D",0.00109583613175515,-6.81514117945753
2017,1,0.209,19250,0,0.88,"B",0.416267585825013,-0.33811439428854
2017,0,0.209,5000,0,0.28,"B",0.00939114834840406,-4.65855217519341
2017,0,0.121,7500,0,0,"AA",0.101096809544252,-2.18509677475922
2017,1,0.275,3000,0,0.97,"Missing",0.6690653693008,0.703960901775531
2017,0,0.231,10000,0,0.84,"D",0.000577811444998683,-7.45568498379622
2017,1,0.22,6000,0,0.02,"C",0.853571349340144,1.76289085131238
2017,0,0.242,6500,1,0,"B",0.810601697422102,1.45392458961382
2017,0,0.209,11000,0,0.93,"B",3.32389580179869e-05,-10.3117546961906
2017,1,0.253,3000,1,0.7,"D",0.19430513572526,-1.42227530255215
2017,1,0.286,3000,1,0,"Missing",0.899005743880203,2.18622577851635
2017,0,0.132,7500,0,0.81,"A",1.51136383741591e-06,-13.4024965998287
2017,0,0.11,4000,0,0.16,"A",0.000466854456112107,-7.6690260425515
2017,0,0.154,4575,0,0.6,"C",0.00126352905148327,-6.6725823105593
2017,0,0.253,4900,0,1,"D",0.222739347613943,-1.24977351102207
2017,0,0.099,2550,0,0.05,"A",7.12476962108606e-08,-16.4571032809554
2017,0,0.242,10000,0,0.93,"D",0.151137611068187,-1.72570633372834
2017,0,0.187,17000,1,0.59,"B",0.000246925236201401,-8.30617799887185
2017,0,0.143,5500,0,0.34,"B",0.00116896775994726,-6.75046452450941
2017,0,0.099,2500,1,0.24,"AA",0.511685547075092,0.0467507014102146
2017,0,0.209,25000,0,0.89,"B",0.0305049668442433,-3.45888583386341
2017,0,0.176,2000,1,0.41,"C",0.0308142625606503,-3.44847862007995
2017,0,0.253,4900,0,1,"D",0.0443202027150076,-3.07098230054484
2017,1,0.253,1500,1,1.11,"Missing",0.964888334053506,3.31347894023723
2017,0,0.165,4000,0,0.46,"B",0.000697485179241727,-7.26733156435827
2017,0,0.22,15000,0,0.84,"C",0.236755035096262,-1.17055303527098
2017,0,0.198,1230,0,0,"C",0.0154751205940119,-4.15292555749983
2017,0,0.077,1850,1,0.31,"AA",4.96192392704307e-06,-12.2137120419838
2017,0,0.176,5000,0,0,"C",0.000911225257055028,-6.99980878708656
2017,0,0.253,15900,0,0.74,"D",0.00135185941792429,-6.60492151358875
2017,0,0.143,4000,0,0.01,"A",0.000110078847220834,-9.11420357112219
2017,1,0.253,4000,0,0.51,"D",0.124388458211767,-1.95151315078555
2017,1,0.319,25000,0,0.6,"D",0.924583840193334,2.50632216068848
2017,0,0.231,25000,0,0.07,"A",0.00225384241493484,-6.09286239318408
2017,0,0.11,1000,0,0.56,"A",0.000384332175972717,-7.86361893166327
2017,0,0.319,3000,0,0.29,"Missing",0.155791386114615,-1.68988179309174
2017,1,0.308,3001,0,0,"Missing",0.969315364010457,3.45282793904118
2017,0,0.088,2500,0,0.47,"AA",4.01981450298606e-07,-14.7268594909463
2017,0,0.077,1000,1,0.99,"D",0.00104038003307807,-6.86712829455191
2017,0,0.077,1500,1,0.07,"AA",0.000492285285155228,-7.61595975514497
2017,0,0.264,10000,1,0.03,"A",0.497406987718763,-0.0103721421113523
2017,0,0.088,1000,0,0,"AA",0.00212294844057693,-6.15282417758135
2017,0,0.275,8000,1,0.85,"D",0.946795650299312,2.87894312922563
2017,0,0.242,4000,1,1,"D",0.0450042447989783,-3.05495008146735
2017,0,0.22,5000,0,0.45,"D",0.00324504762450191,-5.72737492845219
2017,0,0.176,3500,0,0.83,"C",0.10784252614073,-2.11297058541446
2017,0,0.22,19000,0,0.95,"C",0.018513367560874,-3.97057535208804
2017,1,0.165,15000,0,0.65,"B",0.269490471242307,-0.997209242711485
2017,0,0.242,4000,1,1,"D",0.0158633717075675,-4.12775195178982
2017,0,0.143,25000,0,0.27,"AA",0.00767143633907485,-4.86255040081236
2017,0,0.143,3500,1,0.71,"C",0.0278554793041952,-3.55247478681153
2017,0,0.154,6000,0,0.03,"AA",0.00618406375581392,-5.07957639367125
2017,0,0.088,2500,0,0.06,"AA",3.88885872581705e-05,-10.1547708477221
2017,0,0.132,11000,0,0.7,"A",0.000277871455982413,-8.18807402969125
2017,0,0.231,15500,0,0.66,"A",0.0011016973037509,-6.80980098035621
2017,0,0.121,18000,0,0.46,"AA",3.24054553963128e-06,-12.6397656253536
2017,0,0.165,25000,0,0.04,"A",1.43593980911251e-06,-13.4536895679357
2017,0,0.275,2550,0,0.53,"D",0.814837266690948,1.48175334260115
2017,1,0.187,1000,1,0.71,"Missing",0.343260126519186,-0.648799463218674
2017,0,0.121,13000,0,0.82,"A",0.0525126100935447,-2.89276029504814
2017,0,0.22,25000,0,0,"B",0.00285482606965074,-5.85588545018529
2017,0,0.121,6475,0,0.1,"AA",0.00573539048605906,-5.15534754148041
2017,0,0.22,2000,0,0,"D",0.0732582917371689,-2.53768345560976
2017,0,0.121,8000,0,0.62,"B",6.57115102106346e-05,-9.63017074068423
2017,0,0.11,7500,0,0,"AA",7.74608223335718e-06,-11.7683156145807
2017,0,0.22,1990,1,1,"D",0.0026439841414184,-5.93282086932058
2017,0,0.22,10000,0,0.79,"C",0.00530417718013779,-5.23394232738341
2017,0,0.165,11000,0,0.54,"B",0.117809398048374,-2.01334008691326
2017,0,0.22,1000,0,1,"Missing",0.189222340718198,-1.4550711307256
2017,0,0.11,1000,0,0.24,"A",6.24636270335838e-05,-9.6808636725154
2017,0,0.165,1600,0,0.82,"C",0.0392207742629477,-3.19853808658604
2017,0,0.187,1700,0,0.56,"Missing",0.167246550350867,-1.60526854645311
2017,0,0.154,3500,0,0.65,"B",2.27331809508928e-05,-10.691662251406
2017,0,0.176,9800,0,0,"C",0.00221726603481319,-6.10926063007791
2017,0,0.143,15000,1,0.07,"AA",0.00172796472318384,-6.35908156425654
2017,0,0.121,5000,1,0,"A",0.00106263252624119,-6.8459427368435
2017,0,0.308,15000,0,0.93,"B",0.00653557324127371,-5.02393819350747
2017,0,0.187,10000,0,0.62,"B",5.79313546227493e-05,-9.75619385630998
2017,0,0.11,2500,1,0,"B",0.00106939387414849,-6.83959329768929
2017,0,0.253,10000,1,0.64,"C",0.000624051964397192,-7.3786526700187
2017,0,0.319,3000,1,0,"Missing",0.295956669001501,-0.86662684887794
2017,0,0.165,20000,1,0.79,"B",0.00210795098244066,-6.15992872584676
2017,0,0.165,1600,0,0.82,"C",0.000887441057837224,-7.02628061745795
2017,1,0.319,4000,0,0.98,"Missing",0.697108803839628,0.83356784920548
2017,0,0.165,15000,0,0.62,"B",0.000290259088141378,-8.14444632522907
2017,0,0.275,7900,0,0.68,"C",0.00309556368362178,-5.77468489739717
2017,1,0.319,5300,0,0.96,"Missing",0.985737965955529,4.23578951999582
2017,0,0.22,3500,0,0.51,"D",0.00455097490358984,-5.38785244232892
2017,1,0.319,20000,0,1.05,"C",0.133163610117235,-1.87327172718546
2017,0,0.198,12000,1,0.68,"C",0.00481370083242462,-5.33146376286778
2017,0,0.187,4990,0,0.9,"C",0.0880927973203696,-2.3371474595775
2017,0,0.121,1000,1,0.97,"C",0.182323978644487,-1.50068098922252
2017,0,0.319,2550,1,0.75,"D",0.231339168006257,-1.20076492804112
2017,0,0.176,5000,0,0.94,"B",0.00178244797531287,-6.32798355403608
2017,1,0.319,3001,0,0.92,"Missing",0.574072450297347,0.298486347699606
2017,0,0.319,1500,0,0.95,"Missing",0.202708033021455,-1.36945426140319
2017,0,0.198,6000,0,0.58,"C",0.118939851669322,-2.00250797922615
2017,0,0.121,12000,0,0.41,"A",0.00232858303311513,-6.06016403829207
2017,0,0.165,2000,1,0,"C",0.00100832875755095,-6.89845217668076
2017,0,0.198,4100,0,0.5,"C",0.0499337305708945,-2.94583500171372
2017,1,0.275,2000,1,1.4,"Missing",0.962276990811669,3.23903210987748
2017,1,0.209,8500,0,0.79,"C",0.904493488445847,2.24818067676919
2017,0,0.209,16000,0,0.99,"C",0.193324342993787,-1.4285523634347
2017,0,0.187,9500,0,0.37,"C",0.0131360208530716,-4.31917407733821
2017,0,0.143,8500,0,0.21,"AA",0.000178979338694033,-8.62806118971856
2017,0,0.198,1230,0,0,"C",0.00705632920712006,-4.94674896219102
2017,0,0.22,2500,0,0,"Missing",0.546047948897012,0.184715212228619
2017,0,0.11,9000,0,0.22,"AA",7.96072500842085e-05,-9.43832577738279
2017,0,0.121,3000,0,0.89,"B",0.000449128756156434,-7.70775171964465
2017,0,0.121,6000,0,0,"A",0.316527625134402,-0.769775717198764
2017,1,0.165,3500,0,0.3,"C",0.991991713160368,4.8192378930747
2017,0,0.187,3500,0,0.12,"D",0.000116502051323677,-9.05748516834676
2017,0,0.165,25000,0,0.01,"A",0.00480913400792159,-5.33241751590478
2017,0,0.22,5200,1,0.77,"D",0.00065015344599951,-7.33765178727903
2017,0,0.11,3600,1,0.28,"A",0.0225636927978204,-3.76859102978302
2017,0,0.242,3200,0,0,"D",0.0276973642442476,-3.5583298546295
2017,0,0.165,4500,1,0,"C",0.00146677980437509,-6.52321803377554
2017,0,0.077,1000,0,0.34,"AA",0.0523105340164695,-2.89682911504672
2017,0,0.22,10000,0,0.79,"C",0.0126910667282224,-4.35408465402916
2017,1,0.308,8000,0,0.92,"D",0.791623844994732,1.33474145183242
2017,0,0.154,9250,0,0.92,"B",0.0411254727081985,-3.1491325258535
2017,0,0.077,2550,1,0,"A",0.000253665038886362,-8.27924220857913
2017,0,0.319,4000,1,0,"Missing",0.425055409875484,-0.302054134549313
2017,0,0.187,4500,0,0.89,"D",0.0223630375045877,-3.77772891260384
2017,0,0.242,15000,0,0.95,"C",0.0370282440623352,-3.25834310764907
2017,0,0.121,8000,0,0.32,"A",0.00862466540161624,-4.74446703776342
2017,0,0.319,8500,1,0,"B",0.53864727324396,0.154898062731732
2017,0,0.132,3001,0,0.05,"AA",4.21622122025538e-05,-10.0739440204091
2017,0,0.176,10000,0,0.35,"AA",6.51691839136076e-05,-9.63845866881519
2017,0,0.099,3500,0,0.67,"A",0.00567408541217234,-5.16615564526519
2017,0,0.154,4500,1,0.76,"B",0.033766411136864,-3.35393906035689
2017,1,0.319,6000,1,0,"D",0.872080889524722,1.91948406807963
2017,0,0.121,18000,0,0.46,"AA",0.0026208426974066,-5.94163508957459
2017,0,0.264,7100,0,0.9,"D",0.0558531910869117,-2.82755501134759
2017,0,0.209,15000,0,0.37,"C",0.00110955277618897,-6.80268808039434
2017,0,0.22,3100,1,0.92,"C",0.00490208772914758,-5.31317995506081
2017,0,0.121,2500,1,0,"B",0.0141715287796226,-4.24224743883632
2017,1,0.319,1750,1,0.98,"Missing",0.621230480862058,0.494774266608329
2017,0,0.132,5250,1,0.39,"B",0.000585962574059052,-7.44166850290304
2017,0,0.143,9500,0,0.27,"A",0.0209238506004584,-3.84571973696614
2017,1,0.319,4000,0,1,"Missing",0.997868505273813,6.14879802639421
2017,0,0.143,12500,0,0,"AA",0.000659386336530515,-7.32354134477784
2017,0,0.187,2500,0,0.59,"C",0.0108863116958863,-4.50930308546994
2017,0,0.209,3000,0,0,"D",0.14911552974006,-1.74155498884467
2017,0,0.22,6500,0,0,"C",0.174810337803177,-1.55191165126198
2017,0,0.11,2000,0,0,"AA",0.000427464165944398,-7.75721253989824
2017,0,0.121,5000,0,0.46,"A",0.00020557145662861,-8.48951127105904
2017,0,0.143,5000,0,0,"B",0.00259148536530217,-5.95292921846627
2017,1,0.264,4500,0,1.46,"Missing",0.808577110823359,1.4407909895938
2017,0,0.121,1000,0,0.05,"C",0.00863525997082176,-4.74322870133322
2017,0,0.165,2000,0,0.98,"C",0.0582940395958077,-2.78219323055339
2017,0,0.319,4000,0,1,"Missing",0.0480454588007123,-2.98636966173092
2017,0,0.154,25000,0,0.58,"AA",9.19845991201225e-05,-9.29379740696659
2017,0,0.187,3500,0,0.98,"Missing",0.052025700684062,-2.9025895510539
2017,0,0.099,2500,0,0.09,"AA",0.000367535932636799,-7.90832186471817
2017,0,0.143,5500,0,0.34,"B",0.000513482183143332,-7.57378161203446
2017,0,0.187,6500,1,0,"D",0.21943652862842,-1.2689530307979
2017,0,0.275,25000,0,0.87,"A",0.00107530635025429,-6.83407379611308
2017,0,0.231,7000,0,0.52,"C",0.00216931340939313,-6.13117289291837
2017,0,0.121,1500,0,0.39,"B",1.72334281790592e-06,-13.2712429311624
2017,0,0.121,1000,0,0.01,"AA",6.95155653333514e-06,-11.8765380102516
2017,1,0.165,2500,1,0.28,"B",0.0510129521353968,-2.92331558640331
2017,0,0.22,7500,0,0.38,"C",0.000906107779030102,-7.00544577905193
2017,0,0.275,25000,0,0.73,"A",7.64311680613293e-05,-9.47904355197742
2017,0,0.154,4000,0,0.16,"B",0.00230430864512694,-6.07066761691198
2017,0,0.22,7500,1,0.38,"C",0.0226590369381778,-3.76427682681289
2017,0,0.187,25000,0,0.54,"A",0.000206660621421757,-8.48422593822745
2017,0,0.165,1500,0,0.77,"C",0.446189192542939,-0.216080065036766
2017,0,0.088,2300,0,0.18,"AA",1.32084309378234e-05,-11.2346420163297
2017,0,0.22,3000,1,0.47,"D",3.2021524014001e-05,-10.3490702338014
2017,0,0.132,25000,0,0.17,"AA",0.00752543123534228,-4.88191327280695
2017,0,0.165,3000,0,0.05,"AA",0.0123072802640662,-4.3851806582932
2017,0,0.264,1000,1,0.18,"C",0.000334845554731156,-8.00150626147176
2017,1,0.22,4200,1,0.97,"Missing",0.588583722947004,0.358113640106946
2017,0,0.132,6000,0,0.33,"AA",0.00488438338937727,-5.31681587578573
2017,1,0.308,6000,0,0.86,"Missing",0.992079674922959,4.8303711714573
2017,0,0.143,9900,0,0.86,"B",0.010485353856636,-4.54723515386378
2017,0,0.22,1500,0,0,"D",0.0082022389269573,-4.79511205974009
2017,0,0.22,5000,0,0.7,"D",0.178890403988333,-1.5238832413159
2017,1,0.253,6500,0,0.71,"Missing",0.997708552920931,6.0762776722699
2017,1,0.319,2550,1,1.26,"Missing",0.989417959851488,4.53795861238146
2017,0,0.11,1000,0,0.24,"A",2.4024286256808e-06,-12.9390280024652
2017,1,0.198,9999,0,0.92,"D",0.492863429023719,-0.0285482226496567
2017,0,0.165,15152,0,0.85,"B",0.00318473293579101,-5.74619702909815
2017,0,0.253,18000,0,0.58,"C",0.604973348525782,0.42623117032541
2017,0,0.242,8000,1,0.93,"D",0.00900553832011524,-4.70086918872059
2017,1,0.055,1000,0,0.42,"D",0.944108444879589,2.82682774004049
2017,0,0.143,5000,1,0.16,"A",0.00734598058717596,-4.90622887905388
2017,0,0.319,12500,0,0.96,"D",0.108828976784239,-2.10275872459985
2017,0,0.154,14500,0,0.48,"A",5.85056299259278e-06,-12.0489668127209
2017,1,0.143,2500,1,0.9,"C",0.898185948378625,2.17722899009514
2017,0,0.22,1000,1,0.42,"C",0.0429642623653368,-3.10347207180746
2017,0,0.143,9000,0,0.86,"B",0.0343718512435794,-3.33554086932446
2017,0,0.22,1000,0,1.07,"Missing",0.453900848909472,-0.18492177494508
2017,0,0.187,25000,0,0.67,"A",1.54095882334025e-07,-15.6856906616211
2017,0,0.209,25000,0,0.66,"A",0.000779638169805284,-7.15590068852783
2017,1,0.253,5000,0,0.97,"Missing",0.997385046385802,5.94389054140161
2017,0,0.143,16000,0,0.34,"A",0.000161281292575216,-8.73219926433432
2017,0,0.132,8000,0,0.72,"B",2.36665016173901e-05,-10.6514262767468
2017,1,0.253,1500,1,1.11,"Missing",0.995503364823369,5.39991912497806
2017,0,0.165,15000,0,0.05,"AA",0.0381888769800939,-3.22627379889151
2017,0,0.121,15000,0,0.01,"AA",2.28546090130852e-05,-10.686334898738
2017,0,0.132,2500,0,0,"C",0.000129802799601972,-8.94936437411995
2017,0,0.121,1600,0,0.9,"B",0.00190778134933627,-6.25990470582465
2017,0,0.176,20000,1,0.32,"A",0.00141076269017361,-6.56221304706434
2017,0,0.132,1000,1,0.45,"D",0.077237439993153,-2.48048763983888
2017,0,0.319,25000,0,0.98,"D",0.800308884572874,1.38822600903108
2017,0,0.165,6500,0,1.05,"C",0.000161523976804514,-8.73069542611208
2017,0,0.22,5000,0,0,"A",0.116197737415813,-2.0289399799933
2017,0,0.22,5500,0,0.8,"D",0.155380769261602,-1.69300723093862
2017,0,0.121,8000,0,0.06,"A",0.00317962420873161,-5.74780757257316
2017,0,0.143,15000,0,0,"B",0.0339680914135296,-3.34777526920663
2017,0,0.308,10500,0,0.94,"C",0.91222248876819,2.34107858578373
2017,0,0.187,15000,1,0.41,"B",0.000385131064522735,-7.86154164903041
2017,0,0.143,9000,0,0,"A",0.0511911651344745,-2.91964037863193
2017,0,0.088,2600,0,0,"A",0.000859848768176651,-7.05789381648752
2017,0,0.132,12000,1,0,"AA",0.00695748975757021,-4.9609547307661
2017,0,0.11,2500,1,0,"B",3.19617935155956e-05,-10.3509373588272
2017,0,0.121,8000,0,0.32,"A",0.000601815871478671,-7.41495702373634
2017,0,0.187,5600,0,0.84,"C",0.000198468616606567,-8.52468108476018
2017,0,0.132,25000,0,0.01,"AA",2.16824149890415e-05,-10.738987312463
2017,0,0.319,5000,0,0.88,"Missing",0.833546907947794,1.61097643857785
2017,1,0.319,2000,0,0.77,"Missing",0.649027103580558,0.614765475591494
2017,0,0.187,1000,1,0.71,"Missing",0.0262693427299017,-3.61273214923719
2017,1,0.275,4500,1,0.93,"Missing",0.89289536164728,2.12066311267257
2017,0,0.055,1000,1,0.48,"D",0.000110188934345185,-9.11320388557224
2017,0,0.308,9900,0,0.33,"D",0.0532246571529413,-2.87854006538815
2017,0,0.143,9500,0,0.27,"A",0.00266542915202906,-5.92472121393924
2017,1,0.22,3000,1,0,"D",0.164337436844739,-1.62630304329328
2017,0,0.165,16000,0,0.24,"C",0.0652116627097617,-2.66268179757899
2017,0,0.22,19900,0,0.98,"A",0.0243201490764399,-3.69182932414053
2017,0,0.319,5000,1,0.7,"C",0.104865274157438,-2.14429781560056
2017,0,0.242,2500,1,0.74,"D",0.0238037199688169,-3.71382180310874
2017,0,0.165,8500,0,0.55,"AA",2.9528915698759e-06,-12.732722721614
2017,0,0.165,15000,0,0.04,"AA",0.00153338188702271,-6.47874504048674
2017,0,0.22,3000,0,0.27,"D",0.0449842365280175,-3.05541571757412
2017,0,0.077,1000,0,0.12,"C",0.00522922486561188,-5.24824927602771
2017,0,0.231,5000,0,0,"D",0.0391091693605646,-3.2015038527681
2017,0,0.264,5000,0,0.95,"D",0.00231702971145254,-6.06514949219332
2017,0,0.11,4000,0,0.16,"A",3.78393301596661e-05,-10.1821236758028
2017,0,0.11,1500,0,0.16,"A",1.17539843370488e-05,-11.3513065282848
2017,0,0.297,15000,0,0.94,"D",0.000192558405373468,-8.55491846876966
2017,0,0.319,5500,0,0.41,"D",0.00349971898910658,-5.65156674520534
2017,0,0.11,5000,1,0.06,"AA",0.0181406518387356,-3.99129269029819
2017,0,0.143,25000,0,0.11,"AA",0.00918343483123187,-4.68112811718638
2017,0,0.165,1600,0,0.82,"C",0.000569757246622375,-7.46973025134833
2017,1,0.209,12500,0,0.02,"AA",0.0133989656501202,-4.2990882235095
2017,0,0.165,1500,1,0.85,"D",0.000109237424491779,-9.12187759484937
2017,0,0.165,4500,0,0.96,"A",0.000847753948426575,-7.07207200593784
2017,0,0.297,15000,0,0.94,"D",0.071029565384965,-2.57098070911264
2017,0,0.187,2500,0,0.59,"C",0.0359424538188741,-3.28923183358497
2017,0,0.154,1400,0,0.61,"C",0.221171149880565,-1.2588544814885
2017,0,0.132,6000,0,0.6,"A",0.023977587543235,-3.70636600806122
2017,0,0.187,1000,1,0.76,"D",0.00826428816509227,-4.78751305112935
2017,0,0.275,13000,0,0.93,"D",0.0785900531461728,-2.4616599066896
2017,0,0.121,10000,0,0.17,"AA",0.0147084474461495,-4.20451560488173
2017,0,0.088,3000,0,0.46,"AA",5.08917969078618e-05,-9.88575791524942
2017,0,0.165,9000,0,0.49,"B",0.0302403304184205,-3.46787179969436
2017,0,0.154,4000,0,0.18,"B",0.000925284621698387,-6.98448345568637
2017,1,0.319,10500,0,0.99,"Missing",0.993513707485401,5.03155675281242
2017,0,0.319,5001,1,0.3,"D",0.0160383944667981,-4.11660137568161
2017,0,0.209,7400,1,0.87,"C",0.0801277384320051,-2.44061272262601
2017,0,0.176,5000,1,0.69,"C",0.0559296291088104,-2.82610643133734
2017,1,0.319,4000,1,0,"Missing",0.853505085646106,1.76236078724781
2017,0,0.165,10000,1,0,"B",0.00486614023639641,-5.32057619694381
2017,0,0.22,2700,1,0.8,"D",0.0180211675220898,-3.99802271217023
2017,1,0.198,9800,1,0.72,"C",0.945130879441912,2.84637269146213
2017,0,0.143,10000,0,0.28,"AA",0.00832458327542222,-4.78018287525323
2017,0,0.121,10500,0,0.16,"AA",6.26266797674688e-05,-9.67825654764383
2017,0,0.187,2000,0,0.53,"A",2.70686481901251e-05,-10.5171073241351
2017,1,0.275,8500,0,0.86,"Missing",0.978015624850612,3.79519366568717
2017,1,0.319,6000,0,0.94,"Missing",0.978099120380098,3.79908421367298
2017,0,0.165,25000,0,0.16,"AA",7.03380860499808e-06,-11.8647752004297
2017,0,0.165,1000,0,0.27,"A",0.00271791231738487,-5.90516961120249
2017,0,0.077,2550,0,0.44,"AA",5.36010708223776e-05,-9.83388790955023
2017,0,0.132,20000,0,0,"AA",0.000446536936958384,-7.71354179885433
2017,0,0.209,6200,0,0,"C",6.59307495604258e-05,-9.62683968294639
2017,0,0.209,3000,0,0,"D",0.000281030040505225,-8.17676791909515
2017,0,0.165,2500,1,0.28,"B",8.22822385563953e-05,-9.40527300135792
2017,0,0.165,3200,0,0.7,"C",0.00272644008186824,-5.90202835645876
2017,0,0.176,6500,0,0.67,"C",0.000332955659026247,-8.00716822182616
2017,1,0.319,4000,0,1,"Missing",0.964565330213629,3.30398685148715
2017,1,0.22,5000,0,0.87,"Missing",0.602215026858837,0.414702978208425
2017,0,0.209,12200,1,0,"C",0.0368855594956307,-3.26235210935851
2017,0,0.165,7500,0,0.98,"C",1.83556940729856e-05,-10.9055523720305
2017,1,0.264,2350,0,1.37,"Missing",0.239216735292707,-1.15697853079455
2017,0,0.264,25000,0,0,"A",0.00364737749531469,-5.61009281866778
2017,1,0.22,6500,1,1.06,"Missing",0.639311971605451,0.572379156277482
2017,1,0.209,13000,0,0.82,"C",0.340354324530052,-0.661715629574042
2017,0,0.165,15000,0,0,"AA",1.21639065857931e-05,-11.3170253037613
2017,0,0.154,15000,0,0.59,"AA",0.00259871009153978,-5.95013798310083
2017,0,0.121,5000,1,0.45,"B",0.000210976640007375,-8.46355214258392
2017,0,0.198,15000,0,0.26,"B",1.29333087619822e-05,-11.2556915664593
2017,0,0.165,9999,0,0.83,"C",0.0161015799480985,-4.11260525947101
2017,0,0.099,6001,0,0.26,"AA",0.0407014793947221,-3.15993786910943
2017,0,0.165,6000,0,0.39,"B",0.0117166424147308,-4.4349591960843
2017,0,0.165,5000,0,0,"C",0.0162077754397239,-4.10592362834713
2017,0,0.165,6010,0,0.63,"B",0.000445497175685571,-7.71587405428527
2017,0,0.132,5250,1,0.39,"B",0.0560031112752123,-2.82471562261992
2017,0,0.165,4400,0,0.8,"Missing",0.582581785972702,0.333380950131659
2017,0,0.11,2500,1,0,"B",0.000138723369679651,-8.88289002100279
2017,0,0.099,5000,0,0.54,"A",0.00045927281976851,-7.68540676757825
2017,1,0.319,6000,1,0.72,"Missing",0.704630976623303,0.869448727073766
2017,0,0.275,7000,0,0.96,"D",0.830091929089325,1.58627892115816
2017,0,0.165,11000,0,0.42,"A",8.37490297548327e-05,-9.38760221980623
2017,0,0.099,5000,0,0,"A",0.000422469682658666,-7.76897031181449
2017,1,0.319,5000,0,0.75,"Missing",0.978568986188033,3.82125216989386
2017,0,0.22,9000,0,0.65,"A",0.000758263237749521,-7.18372140239176
2017,0,0.11,2300,0,0.62,"A",4.21196202355347e-07,-14.6801666517813
2017,0,0.308,6000,0,0,"D",0.16178958796942,-1.64497250599258
2017,0,0.176,2000,1,0.41,"C",0.0196961609317153,-3.90743882328743
2017,0,0.198,9750,0,0.92,"C",0.000557757024660582,-7.49102921746175
2017,0,0.275,2000,0,0,"D",0.0192911401845708,-3.92862970381518
2017,0,0.297,8500,0,0.96,"C",0.21620910005814,-1.28789628027431
2017,0,0.22,2700,1,0.8,"D",0.0425218674225526,-3.11428441155888
2017,0,0.132,15000,0,0.55,"A",0.000855832627231116,-7.06257953081536
2017,0,0.11,9000,0,0.22,"AA",0.000118640818120573,-9.03929131647776
2017,0,0.275,25000,0,0.73,"A",0.00381245884506759,-5.56566118705281
2017,0,0.121,7500,0,0,"AA",0.000350098699231864,-7.95694528543131
2017,1,0.165,5600,0,0.07,"A",0.638994023911607,0.571000589625457
2017,0,0.088,3000,0,0,"AA",0.000967864897659282,-6.93944971538076
2017,0,0.253,5000,0,0.78,"D",0.00145996818034612,-6.52787960281053
2017,0,0.319,25000,1,0.97,"D",0.00486809568358334,-5.32017246496724
2017,0,0.165,5000,0,0.67,"C",8.81057360750421e-06,-11.6395492008395
2017,0,0.187,4500,0,0.05,"D",0.0659550080134826,-2.6505517955603
2017,0,0.198,2700,1,0.74,"C",0.00185183055108276,-6.28972709473075
2017,0,0.154,18500,0,0.45,"A",0.00256540215705729,-5.96307132783209
2017,0,0.275,9000,0,0.43,"D",0.000120192293345367,-9.02629745366479
2017,0,0.187,12000,1,0.51,"A",0.00016777741412232,-8.6927045814864
2017,0,0.231,10000,0,1.01,"D",0.0413178942753759,-3.14426385319973
2017,0,0.11,9990,0,0.05,"AA",4.1945802378662e-05,-10.0790902458627
2017,0,0.209,10000,1,0.81,"C",0.0766911987222419,-2.48817678874213
2017,0,0.11,2000,0,0.06,"AA",1.84098444688682e-05,-10.9026066009285
2017,0,0.154,9500,0,0.77,"A",0.00908026863339816,-4.69252975608602
2017,1,0.319,3500,0,0.88,"Missing",0.650742814525416,0.622305930038025
2017,1,0.066,6000,1,0.81,"Missing",0.86076437555757,1.82165316540249
2017,0,0.165,2500,0,1.01,"D",0.000157359598591936,-8.7568195627959
2017,0,0.165,17500,0,0.55,"B",0.0139970674594069,-4.25481148828859
2017,1,0.253,3100,0,0.78,"Missing",0.890192574004361,2.09270965579917
2017,1,0.187,4990,0,0.9,"C",0.00327379194430767,-5.71852718738624
2017,0,0.253,5000,0,0.39,"D",4.54987929709318e-05,-9.99777926064256
2017,0,0.22,1100,0,0,"Missing",0.0876285836083495,-2.34293992036595
2017,0,0.253,8000,0,0,"D",0.00017101764098634,-8.67357281085364
2017,0,0.22,12000,0,0.95,"C",0.00795359101488743,-4.82614636277534
2017,0,0.099,5400,0,0.18,"AA",0.00145351020813303,-6.53231924727185
2017,0,0.187,10000,0,0.62,"B",0.0371683251621645,-3.25442167960233
2017,0,0.275,7000,0,1.02,"C",0.199426925892679,-1.38987993087267
2017,1,0.275,4500,1,0.93,"Missing",0.996000737260084,5.51763796869454
2017,1,0.187,4000,0,0.78,"C",0.542272882776974,0.169496155874503
2017,0,0.231,25000,0,0.07,"A",0.000610192100219371,-7.40112635363771
2017,0,0.165,25000,1,0.37,"AA",0.00633977479948741,-5.05455207523414
2017,1,0.231,5000,0,0,"C",0.695222769002356,0.824651205573467
2017,0,0.22,5000,0,0.77,"D",0.35048118078115,-0.616924798083687
2017,0,0.187,11300,0,0.27,"C",0.0012108677846978,-6.71520639750871
2017,0,0.11,15000,0,0.21,"AA",0.0010970244015157,-6.81405622750204
2017,0,0.242,9000,0,0.99,"C",0.000902814932760011,-7.00908974994582
2017,0,0.319,12000,0,0.6,"B",0.001192652704835,-6.73038192455
2017,0,0.154,25000,0,0.58,"AA",0.00028584704202502,-8.15976782040089
2017,0,0.275,15000,0,0.83,"C",0.00153341257673613,-6.47872499555345
2017,0,0.121,3500,0,0.1,"AA",0.00271433820580692,-5.90648908137507
2017,0,0.11,7500,1,1.02,"D",0.0162206987666769,-4.10511345621264
2017,0,0.165,9000,0,0.49,"B",1.08380517770457e-06,-13.7350313126584
2017,0,0.187,11000,0,0,"C",0.0262371004771026,-3.6139933865009
2017,0,0.11,1000,0,0.3,"AA",0.000830469283093128,-7.09268880132196
2017,0,0.11,5000,0,1.13,"A",0.000682770723840599,-7.28866844067008
2017,0,0.132,25000,0,0.06,"AA",0.285495831529227,-0.917361403070434
2017,0,0.11,2750,0,0.37,"AA",4.29250847160435e-05,-10.0560112515938
2017,0,0.099,2000,0,0.02,"AA",0.000391193824462333,-7.84591613570672
2017,0,0.165,4000,0,0,"C",0.0080823391645734,-4.80995876944801
2017,0,0.22,4000,1,0.98,"B",0.129626029574351,-1.90426936112057
2017,1,0.319,1000,0,0.95,"Missing",0.629005877625867,0.527954381229413
2017,0,0.187,4800,0,0.88,"C",0.00156611977513229,-6.45758685215689
2017,0,0.264,5500,0,0,"D",0.664325216514422,0.682629028532203
2017,0,0.132,2000,0,0.01,"AA",0.00265587136718191,-5.92832307512114
2017,0,0.187,6001,0,0.56,"B",0.0140078245474718,-4.25403234918572
2017,0,0.22,5000,0,0,"B",0.00164403512597285,-6.40895622837813
2017,0,0.187,1500,0,0.92,"D",0.138721518585317,-1.82594943154017
2017,0,0.11,7500,0,0.13,"AA",0.000928685429083099,-6.98081137196509
2017,0,0.154,9700,0,0.23,"AA",0.0006200214682297,-7.38513624058665
2017,0,0.22,5000,0,0.81,"C",1.93573042570074e-05,-10.8524213712426
2017,0,0.165,3600,0,0.28,"A",0.0076133458599255,-4.87021006219442
2017,0,0.143,18000,0,0.53,"AA",0.000198098939054294,-8.52654584131766
2017,0,0.154,7000,0,0.32,"A",2.350775455951e-05,-10.6581567019594
2017,0,0.077,1000,1,1.06,"Missing",0.0427908910274522,-3.1076966187822
2017,0,0.187,1500,1,0.56,"C",0.0125953395484842,-4.36175307730456
2017,0,0.198,2800,0,0.99,"C",0.00302444748491257,-5.79799782342848
2017,0,0.22,5300,0,1.26,"D",0.0071530554422636,-4.93303691777548
2017,1,0.286,5000,0,0.61,"D",0.824132401348085,1.54459976670287
2017,0,0.11,3900,0,0.53,"A",0.00766425796438238,-4.8634938003186
2017,0,0.099,3001,0,0.21,"AA",0.000109244408760056,-9.12181365331953
2017,0,0.165,5500,1,0,"C",0.00202805447036738,-6.19864822070085
2017,1,0.308,4000,0,0,"Missing",0.69558254729021,0.826349732880267
2017,1,0.22,9000,0,1.01,"D",0.101215994963878,-2.18378594687581
2017,0,0.22,20000,1,0.05,"AA",0.000242144894914303,-8.32573209744843
2017,0,0.209,7000,0,0.62,"C",0.00711634952975286,-4.93821860001291
2017,0,0.099,2000,0,0.02,"AA",0.000153031041486991,-8.7847167288625
2017,0,0.297,15000,0,0.94,"D",0.0556962530864337,-2.8305350050611
2017,0,0.154,2000,0,0,"C",0.456583262786718,-0.174105420185111
2017,0,0.165,1700,0,0.83,"D",0.0159579379802598,-4.12171225765081
2017,0,0.198,10000,0,0.96,"C",0.0149529849976692,-4.18777842569769
2017,0,0.22,1500,0,0.6,"Missing",0.449318141942909,-0.203426058802822
2017,0,0.099,5000,0,0,"AA",2.05599249099119e-07,-15.3973367500144
2017,0,0.22,10000,0,0.35,"C",0.0128320939937796,-4.34289076645032
2017,0,0.22,2300,0,0.86,"C",0.00331300024273118,-5.70658258201874
2017,1,0.319,5000,0,0.92,"Missing",0.747004557647575,1.08269981223475
2017,0,0.242,17500,0,0,"AA",0.0772802341672109,-2.47988735607411
2017,0,0.143,19000,0,0.08,"AA",0.000451550097042221,-7.70237258228186
2017,0,0.242,13000,0,0.82,"D",0.13701961171639,-1.84026789897976
2017,0,0.099,2500,0,0.1,"AA",9.10805145358465e-05,-9.3036755828484
2017,0,0.165,12000,0,0.33,"B",0.00127911999944023,-6.66030299915302
2017,0,0.165,6500,0,0.9,"C",0.21681614802555,-1.28431772268918
2017,1,0.319,3000,1,0.95,"Missing",0.999309431328354,7.27730433077787
2017,1,0.319,4000,0,0.8,"D",0.606021475080166,0.430619020334581
2017,0,0.165,10000,0,0.49,"A",0.00125096732546967,-6.68258641612948
2017,1,0.297,6500,0,0.67,"D",0.764098242951887,1.1752809364896
2017,0,0.22,7500,1,0.52,"D",0.0139581450473169,-4.25763559070507
2017,0,0.099,2550,0,0.17,"A",0.00165240080421757,-6.4038722482209
2017,0,0.165,7700,0,0.38,"C",0.00139792522398454,-6.57136722121886
2017,0,0.253,10000,0,0.88,"C",0.00720498387783787,-4.92575122204209
2017,1,0.297,15000,1,0.96,"Missing",0.82579942684556,1.55614456476995
2017,1,0.319,3000,1,0,"Missing",0.243466789436342,-1.13376588767812
2017,0,0.242,20000,1,0.77,"B",0.00990202660836137,-4.60506445714795
2017,0,0.165,10000,0,0.08,"B",0.000181182651643851,-8.61582371135155
2017,0,0.099,5000,0,0,"A",0.00014969054843876,-8.80679070346034
2017,0,0.154,9900,0,0.02,"AA",0.000896151792678455,-7.0165041942896
2017,1,0.275,2000,1,1.4,"Missing",0.922268326193642,2.47357339085154
2017,0,0.077,6500,0,0.75,"Missing",0.259049371966133,-1.0509153253574
2017,1,0.22,5000,0,0.95,"Missing",0.883103252654477,2.02215108384735
2017,0,0.11,2000,0,0.29,"A",0.00193955136527519,-6.24335715293258
2017,0,0.11,4500,0,0.69,"A",0.0354845591478972,-3.30252819311429
2017,0,0.165,25000,0,0.31,"B",0.000166547865014922,-8.70006125055478
2017,0,0.099,2500,0,0.09,"AA",0.0215509953991211,-3.81554666388982
2017,0,0.275,3000,0,0,"Missing",0.328892426931433,-0.713198714175235
2017,0,0.209,3900,1,0,"C",0.000711021303586688,-7.24809689156032
2017,0,0.154,3000,0,0.95,"C",0.00735407470530593,-4.90511948847224
2017,0,0.165,5000,0,0.85,"C",3.8216895657007e-06,-12.4748141167463
2017,0,0.22,13000,0,0.9,"C",0.139098339376862,-1.82279912208271
2017,0,0.055,1000,1,0.48,"D",0.146795455313383,-1.75995915587443
2017,1,0.132,17000,0,0.19,"AA",0.428218459597144,-0.289123511074737
2017,0,0.143,15000,0,0.45,"A",0.00141480715845856,-6.55934623200617
2017,0,0.187,6000,0,0.6,"C",0.0371919530390207,-3.25376164202385
2017,0,0.242,6001,0,0.01,"D",0.0183146186980162,-3.98157129447557
2017,0,0.176,15000,0,0,"B",0.000884332835164556,-7.0297923317336
2017,0,0.165,3500,1,0.89,"C",0.0310066831798028,-3.44205494718562
2017,0,0.099,4800,0,0.12,"AA",0.00171734617437972,-6.36525627905496
2017,1,0.187,6500,1,0.33,"C",0.0874198393313919,-2.3455536773659
2017,1,0.187,1000,1,0.14,"D",0.828639040147571,1.57601243626472
2017,0,0.176,25000,0,0.85,"A",0.355788002550037,-0.593692805503129
2017,0,0.231,3000,1,0.97,"D",0.00866056098487582,-4.74027749806303
2017,1,0.22,20000,1,0.05,"AA",0.876432236875564,1.95906969547525
2017,0,0.198,14500,1,0.66,"B",0.108651641546351,-2.10458851059524
2017,0,0.209,8750,0,0.73,"D",0.0387794464924374,-3.21031351011185
2017,0,0.22,6000,0,0.25,"A",0.00748010514101127,-4.88800020938589
2017,1,0.198,6800,1,0.89,"D",0.0847578604146893,-2.37939017347721
2017,1,0.264,2800,0,0,"Missing",0.995226280628809,5.33984438557344
2017,0,0.143,6000,0,0,"B",0.000159282977059728,-8.74466891198747
2017,0,0.143,10000,0,0.15,"A",0.000549173401952385,-7.50654699152134
2017,1,0.264,10000,0,0.89,"D",0.587294212936227,0.352790949697197
2017,0,0.165,25000,1,0.37,"AA",0.00358901382180947,-5.62628234588156
2017,0,0.209,18000,0,0.76,"C",0.0133958710924561,-4.29932234173004
2017,0,0.319,3000,0,0.91,"Missing",0.876040264845181,1.95545525793537
2017,0,0.22,8000,1,0.52,"D",0.00140550679341087,-6.56595083873701
2017,0,0.132,5250,1,0.39,"B",7.29251140524029e-05,-9.52600455046999
2017,0,0.132,3000,0,0.56,"B",2.73122652925961e-05,-10.5081473659132
2017,0,0.209,3000,1,0,"D",0.0728036036557037,-2.54439995067511
2017,1,0.187,9000,0,0.9,"C",0.305786510630821,-0.819892353985416
2017,0,0.22,10000,0,0.87,"C",0.00711755173946789,-4.93804846716011
2017,0,0.121,15200,0,0.83,"A",4.5696489219683e-05,-9.99344338780818
2017,0,0.176,9000,0,0.05,"B",1.79492793048661e-05,-10.9279426445424
2017,0,0.121,7000,0,0,"AA",0.000817380995952447,-7.10858752125573
2017,0,0.11,1000,0,0.65,"A",2.99892655354667e-05,-10.4146410661026
2017,0,0.275,15000,1,0,"D",0.340743154318126,-0.659984228892145
2017,0,0.22,5000,0,0.97,"C",4.34962684353194e-05,-10.0427919094309
2017,0,0.121,5000,0,0.46,"A",0.0020773529499563,-6.17458130231056
2017,0,0.187,11000,0,0.61,"C",0.000316512726722707,-8.05783054354679
2017,0,0.22,3300,0,0.55,"D",0.00454475277443495,-5.38922683633532
2017,1,0.253,1000,0,0.92,"Missing",0.999121625590922,7.03655886079075
2017,0,0.066,1000,0,0.04,"AA",5.123419990283e-06,-12.1816832516182
2017,0,0.319,4000,0,1,"Missing",0.277218274510391,-0.958302084951647
2017,1,0.319,6000,0,1.12,"Missing",0.660469367942712,0.665386575911658
2017,0,0.165,1000,0,0.16,"A",0.00251019686146615,-5.9848807453631
2017,0,0.275,12000,0,0.43,"C",0.000105389125910366,-9.15774570223052
2017,0,0.11,6001,0,0.41,"AA",3.46756261123722e-06,-12.5720551607585
2017,0,0.154,8000,0,0.74,"B",0.00994940491005238,-4.60024330662723
2017,1,0.319,2500,0,0.95,"D",0.539706639961414,0.159161707180567
2017,1,0.132,8000,1,0.91,"A",0.507779417544433,0.0311201815035398
2017,0,0.165,1500,1,0.2,"C",0.00351319108986065,-5.64771113527584
2017,0,0.154,9999,0,0,"A",0.0116226409737415,-4.44310956326976
2017,0,0.077,5000,0,0.33,"AA",0.000146949250586053,-8.82527630485235
2017,0,0.198,7500,0,0,"C",0.879360221878558,1.98638555739315
2017,0,0.297,7000,0,0.71,"C",0.0130559730794893,-4.32536759121857
2017,0,0.319,3975,0,0.97,"Missing",0.0248407403701635,-3.67011573868565
2017,1,0.286,2000,1,0,"Missing",0.997156935332735,5.86002558658383
2017,0,0.11,7500,0,0.13,"AA",0.000231775902061336,-8.3695077897426
2017,0,0.077,1000,0,0,"AA",0.000907263956515094,-7.00416945290204
2017,0,0.253,5000,0,0.37,"D",0.0334408571466707,-3.36396406932422
2017,0,0.264,3000,0,0.91,"Missing",0.918379325473152,2.42052791967139
2017,0,0.319,6000,1,0,"D",0.0488513514116064,-2.96888831537242
2017,1,0.319,2000,0,0,"Missing",0.995149293885986,5.32376848513915
2017,1,0.319,4750,1,1.19,"Missing",0.975673733032918,3.69157152890711
2017,0,0.077,1000,0,0,"AA",0.0104439173856251,-4.55123670058501
2017,0,0.231,9975,0,0.62,"C",0.0490230766656477,-2.96519865695927
2017,0,0.11,2000,0,0.06,"AA",0.000183756251431965,-8.60171662591491
2017,0,0.187,3500,0,0,"B",2.63250127201368e-07,-15.1501609394862
2017,1,0.319,5300,0,0.83,"Missing",0.951846812803125,2.98401678178774
2017,0,0.11,3885,0,0.38,"A",0.000295151463866567,-8.12772670152259
2017,1,0.319,2000,0,0.4,"Missing",0.950575383127997,2.95661885038113
2017,0,0.154,4500,1,0.76,"B",0.000690843456126909,-7.27690622451341
2017,0,0.088,4000,0,0.13,"AA",0.000830771398904912,-7.09232477584325
2017,0,0.187,3500,0,0.96,"Missing",0.782622506765867,1.28101502598169
2017,0,0.088,3500,0,0.46,"AA",0.00219591395253036,-6.11895861132491
2017,0,0.176,10000,0,0.35,"AA",0.00978992036970021,-4.61656379959511
2017,1,0.242,1100,1,0,"Missing",0.999939063659185,9.70561989370814
2017,0,0.11,1500,0,0.16,"A",0.0727645653631425,-2.54497841092752
2017,0,0.176,6001,1,0.77,"C",0.00378677898721329,-5.57244552569422
2017,0,0.187,8000,0,0.8,"C",0.000459758628793549,-7.68434906185868
2017,0,0.253,8000,0,0.75,"C",7.85036917924021e-05,-9.45228639830581
2017,0,0.165,10000,0,0.08,"B",0.000951719398908485,-6.95628814309429
2017,0,0.121,25000,0,0.23,"AA",0.00084723234718328,-7.07268799167123
2017,0,0.165,11000,0,0.65,"B",5.5432298061835e-05,-9.80029270274752
2017,1,0.165,1000,0,0,"Missing",0.988895275177436,4.48921775896643
2017,1,0.308,2000,1,0.97,"Missing",0.986222517624477,4.27084645869259
2017,0,0.132,25000,0,0.17,"AA",0.00104994982907246,-6.85796239637753
2017,0,0.22,6000,0,1,"C",0.00312871392309944,-5.76399962747466
2017,0,0.121,25000,0,0.23,"AA",0.000383390648960007,-7.86607265326389
2017,0,0.187,1500,0,0.67,"C",0.00171790452635956,-6.36493064769754
2017,0,0.187,2800,0,0,"C",2.14662977527072e-05,-10.7490049325745
2017,0,0.099,4000,0,0.32,"A",0.000312615825535294,-8.0702228510455
2017,0,0.187,25000,0,0.11,"A",0.00287130640401953,-5.85011272322935
2017,0,0.132,17000,0,0.19,"AA",0.000432928241699479,-7.74450554527105
2017,0,0.165,7500,0,0.72,"B",1.30215099920531e-05,-11.2488949315016
2017,0,0.121,13000,1,0,"AA",0.00142117313000775,-6.55485041659416
2017,0,0.154,2000,0,0.5,"C",0.435349948204857,-0.260055975598268
2017,1,0.319,3500,0,0.99,"Missing",0.760851960983645,1.15735603643535
2017,0,0.286,7000,0,0.92,"C",0.311586792366122,-0.792711323544232
2017,1,0.253,3000,0,0.86,"Missing",0.956676414359421,3.09476801953223
2017,1,0.209,1100,1,1,"Missing",0.997138768240858,5.85363772894653
2017,1,0.319,5000,0,0,"Missing",0.978056887359264,3.7971145200032
2017,0,0.165,12000,0,0.45,"AA",0.00276158703241716,-5.88918434551489
2017,0,0.22,7500,0,0.99,"D",0.00322282681150994,-5.73426838147119
2017,1,0.319,7000,0,0.36,"Missing",0.984416866277579,4.14586029420314
2017,0,0.099,1500,0,0.76,"A",0.000423963155105337,-7.76543995179177
2017,0,0.264,5250,0,0.57,"Missing",0.135169379132959,-1.85600502147713
2017,0,0.088,3500,0,0,"AA",6.88262332313912e-05,-9.58385676013043
2017,0,0.165,10000,0,0.59,"B",0.000174810626430405,-8.65163247874705
2017,1,0.264,5000,1,0.47,"C",0.276372316897469,-0.962528079320541
2017,0,0.209,2500,0,0.82,"C",0.00497866614011132,-5.29760216618497
2017,0,0.099,5000,0,0.54,"A",0.000372356579479724,-7.89528618989402
2017,0,0.319,15000,0,0,"AA",0.0562786616602731,-2.81951547819105
2017,0,0.088,1000,0,0,"AA",0.000798719256685401,-7.13170200389315
2017,0,0.187,3800,0,0.7,"C",0.0112163157553196,-4.47910610388792
2017,0,0.176,10999,0,0.97,"B",7.04559009320271e-05,-9.56045310417608
2017,0,0.11,4500,0,0.4,"A",0.0985149907156976,-2.21383468726333
2017,1,0.319,3000,1,1.01,"Missing",0.762930575524985,1.16881400980394
2017,0,0.165,25000,0,0,"B",0.00253470351441448,-5.97514068430348
2017,0,0.077,6500,0,0.75,"Missing",0.1597560985928,-1.66004394012576
2017,0,0.11,8000,0,0.21,"A",0.000138773218306522,-8.88253069734306
2017,0,0.187,3500,0,0.12,"D",0.00197589149500982,-6.22475774645261
2017,0,0.077,2550,0,0.44,"AA",0.0138746441999639,-4.26372046616355
2017,1,0.253,6001,1,0.85,"Missing",0.768938128194442,1.20232499081202
2017,0,0.11,1500,0,0.89,"A",0.000371827332885861,-7.89670907387739
2017,0,0.297,6000,0,0.85,"Missing",0.110488595004193,-2.0857600258297
2017,0,0.143,13000,0,0.81,"B",0.000296291244305771,-8.12387131877279
2017,0,0.165,5000,0,0.73,"B",0.000215238487926183,-8.44354863677222
2017,1,0.319,3500,0,0,"Missing",0.82223619063695,1.5315719348524
2017,0,0.176,8500,0,0.56,"C",0.000806695837329506,-7.12175684476524
2017,0,0.165,20000,1,0.72,"B",0.00905581357410627,-4.69525127693493
2017,0,0.077,2000,1,0.07,"AA",6.56186708196113e-05,-9.63158466553329
2017,0,0.088,1000,0,0.78,"A",0.000383047778442236,-7.86696770751306
2017,1,0.319,15000,0,0.97,"D",0.985216491892461,4.19934916334636
2017,0,0.22,18000,0,0.71,"B",0.00383840493467368,-5.55885258975654
2017,0,0.11,6000,0,0,"AA",0.0797898664535485,-2.44520554039653
2017,0,0.198,9200,0,0.71,"C",0.0824536576172587,-2.4094666784
2017,0,0.154,3500,0,0.94,"C",0.018074593418672,-3.99500807109202
2017,0,0.165,3200,0,0.7,"C",0.0816182715688482,-2.42055997717701
2017,0,0.143,16000,0,0.34,"A",0.00453691200881841,-5.39096143759239
2017,0,0.077,1500,0,0.01,"AA",1.14794346667609e-05,-11.3749419338405
2017,0,0.121,1600,0,0.69,"B",0.000558390206627435,-7.48989399878006
2017,0,0.165,5000,0,0.67,"C",0.166356214475226,-1.6116748358432
2017,1,0.264,3000,0,0,"Missing",0.912976240791683,2.35052868130752
2017,0,0.165,11000,0,0.42,"A",0.136472519824152,-1.84490244686836
2017,1,0.253,3000,0,0.89,"Missing",0.762283757965992,1.16524117014807
2017,0,0.11,7000,0,0.17,"AA",5.97890964739579e-05,-9.7246274559599
2017,0,0.121,25000,0,0.23,"AA",0.000210226016068976,-8.46711709089512
2017,0,0.11,1500,0,0.16,"A",0.0451138081120543,-3.05240379636775
2017,0,0.132,3000,0,0.98,"B",0.00513460244599793,-5.26660502923229
2017,0,0.154,2000,0,0.5,"C",0.0086530153109694,-4.74115675789533
2017,0,0.242,15000,0,0,"C",0.0166502128270097,-4.07854189449632
2017,0,0.165,2600,0,0.68,"C",0.0159210824451634,-4.12406192371198
2017,0,0.099,4900,0,0,"AA",8.5405277991052e-05,-9.36801724698035
2017,0,0.11,5000,0,0.09,"AA",0.000100400720525797,-9.20624076841961
2017,0,0.165,4000,0,0.28,"B",0.000998740914619514,-6.90801591768794
2017,0,0.165,2650,1,0.42,"D",1.71054452288273e-05,-10.9760966051193
2017,0,0.154,5000,0,0.84,"C",0.00206388512771391,-6.18109907021537
2017,0,0.121,1000,0,0.05,"C",0.00122254041123741,-6.70560099261127
2017,0,0.099,5000,0,0.18,"AA",0.000133641532331532,-8.92021582396387
2017,0,0.165,4500,1,0,"C",0.0316104127143298,-3.42214788992242
2017,0,0.055,2000,0,0.1,"AA",0.000992841454839215,-6.91394623481857
2017,0,0.242,20000,1,0.89,"C",0.0057657833911016,-5.15003177736044
2017,1,0.165,1000,0,0,"D",0.0166549160542398,-4.07825467901057
2017,0,0.165,4000,0,0.95,"C",0.00276269985694064,-5.88878034519572
2017,0,0.209,21200,1,0.47,"B",0.00144469697640126,-6.53840994276425
2017,0,0.132,10000,1,0.08,"AA",0.0126196354851333,-4.35980136678561
2017,1,0.275,5000,1,1.1,"Missing",0.534487050120268,0.138167586525225
2017,0,0.176,3500,0,0.83,"C",0.0192494727319784,-3.93083445289458
2017,0,0.319,15000,0,0,"Missing",0.940914472069213,2.76786622482828
2017,0,0.231,4000,0,0,"D",0.00504462980430649,-5.28437360969485
2017,0,0.319,2501,0,1.22,"Missing",0.780923597144314,1.27105677763227
2017,0,0.165,5000,0,0.33,"B",2.06765390198595e-05,-10.7864902043849
2017,0,0.165,3800,0,0.2,"B",0.000322555458667223,-8.03891286416223
2017,0,0.308,12000,0,0.83,"D",0.396425788304624,-0.420380145210521
2017,1,0.165,25000,0,0,"B",0.00819043295612286,-4.79656435968756
2017,0,0.176,4000,0,0.8,"C",0.0231613786166245,-3.74183528400143
2017,0,0.22,1500,0,0.74,"Missing",0.115488092024015,-2.03586855116793
2017,0,0.187,2800,0,0,"C",0.00241642267677921,-6.0230477182755
2017,0,0.121,3000,0,0.89,"B",4.7498359316292e-05,-9.95476788874246
2017,0,0.077,1000,0,0.09,"AA",1.48894214599199e-05,-11.1148446767609
2017,0,0.187,6001,0,0.56,"B",0.00172632639047322,-6.3600317837454
2017,0,0.143,2000,1,0.54,"A",0.000916031813760031,-6.99454301108689
2017,0,0.132,2000,0,0.01,"AA",0.000129328354974922,-8.9530266634933
2017,0,0.154,3000,0,0,"C",0.00213895251804798,-6.14529780398508
2017,0,0.242,5000,1,0,"D",0.00424683438395066,-5.45732554662206
2017,1,0.198,9200,0,0.71,"C",0.326979859008456,-0.721876680622035
2017,0,0.209,7500,0,0.98,"D",0.145960654180523,-1.76664017164078
2017,0,0.132,25000,1,0,"AA",0.0027097175255893,-5.90819748816744
2017,0,0.198,20000,0,0.53,"A",5.31794792036732e-05,-9.84178478439032
2017,0,0.099,2000,0,0.02,"AA",7.58242712778379e-05,-9.48701628786885
2017,0,0.11,1000,0,0.56,"A",0.000702274678305551,-7.26048342944216
2017,0,0.165,5000,0,0.7,"C",0.0052974797058508,-5.23521253761684
2017,0,0.231,9800,0,0.7,"D",0.00434883949022579,-5.43348793013274
2017,0,0.308,4000,0,0,"Missing",0.141659369290225,-1.80157565815434
2017,1,0.22,8500,0,0.89,"D",0.208343610962722,-1.33493875297512
2017,0,0.088,1668,0,0.05,"AA",1.71812198752386e-05,-10.9716764570179
2017,0,0.11,2000,0,0,"AA",3.73850293863639e-05,-10.1942028317376
2017,0,0.198,5000,0,0.92,"B",0.0256674895358652,-3.63652743938633
2017,0,0.154,3000,0,0.95,"C",0.0239675805295157,-3.70679369662222
2017,0,0.187,1600,0,0.98,"C",0.00152744913519486,-6.48262754997951
2017,0,0.187,2000,1,0.97,"Missing",0.066441829765302,-2.64267645068248
2017,1,0.253,1000,0,0.92,"Missing",0.953772349364215,3.0268468978025
2017,0,0.132,4000,0,0.43,"B",0.00689972628030829,-4.96934989823494
2017,1,0.165,3000,0,0.91,"Missing",0.519169763782296,0.0767166589757688
2017,0,0.143,25000,0,0.1,"AA",0.000326909386958591,-8.02550056673614
2017,1,0.319,3000,0,0.91,"Missing",0.992479353297444,4.88255407767748
2017,0,0.154,4500,1,0.76,"B",0.0360110066995414,-3.28725524342667
2017,0,0.11,1000,0,0.24,"A",5.40598955088904e-05,-9.82536388863396
2017,1,0.231,2550,0,0.24,"Missing",0.625607838471695,0.513419910383631
2017,0,0.099,2500,0,0,"AA",0.000390583674464701,-7.84747767646835
2017,0,0.132,7500,0,0.81,"A",0.298301191470918,-0.855400578562879
2017,0,0.088,4000,0,0.13,"AA",7.49994568258756e-06,-11.8006072797961
2017,0,0.165,8942,0,0,"B",8.47975245367238e-05,-9.37515940625637
2017,0,0.132,25000,1,0,"AA",0.0414826336285302,-3.14011280772907
2017,0,0.121,5000,0,0.05,"A",0.0155707489992671,-4.14666794265053
2017,0,0.275,7000,0,0.62,"D",0.0224585907460503,-3.77336745108429
2017,0,0.165,18000,0,0.37,"B",5.43426726273459e-05,-9.82014642760072
2017,0,0.22,20000,1,0.2,"C",0.00208835827144442,-6.16928649580783
2017,0,0.242,9000,0,0.95,"D",0.0144568539547214,-4.22202428227297
2017,0,0.253,1750,1,0,"Missing",0.305603958713895,-0.820752451301834
2017,0,0.176,23000,1,0.13,"A",0.0823082461022104,-2.41139025584958
2017,0,0.198,8000,0,0.23,"C",0.130548731458634,-1.89611570864552
2017,1,0.209,7400,1,0.87,"C",0.216602572118196,-1.28557592848566
2017,0,0.165,3000,0,0.91,"Missing",0.119295250253812,-1.99912092409786
2017,0,0.242,7500,0,0.92,"D",0.0296415574715011,-3.48848818629918
2017,0,0.099,4500,0,0.07,"AA",0.00299779433813791,-5.80687618461797
2017,0,0.154,17500,0,0.79,"B",0.000266218318673973,-8.23092758515543
2017,1,0.319,25000,0,0.95,"C",0.701119286114145,0.852633494624436
2017,1,0.253,2000,0,1.13,"Missing",0.970353785624183,3.48832629219404
2017,0,0.099,3500,0,0.67,"A",0.00111084339435118,-6.801524276602
2017,1,0.319,2000,1,0,"Missing",0.675014677542929,0.730954415504797
2017,0,0.143,16000,0,0.34,"A",4.4863780613419e-06,-12.3144603632062
2017,0,0.121,6000,0,0.4,"AA",0.00202941688786189,-6.19797529560591
2017,0,0.264,10000,0,0.97,"B",0.0726093782230871,-2.5472807694095
2017,0,0.165,7000,0,0.33,"A",9.09497867335599e-06,-11.6077789958526
2017,1,0.286,3672,0,0.94,"Missing",0.68261169575558,0.765800211671474
2017,0,0.143,12500,0,0,"AA",9.68153547029379e-07,-13.8478741711309
2017,0,0.22,2000,1,0.98,"C",0.00214693708430141,-6.1415638194621
2017,0,0.286,10000,0,0.97,"D",0.000141709203269991,-8.86159174515512
2017,0,0.11,7500,1,1.02,"D",0.0122229208037313,-4.39214410045436
2017,0,0.319,25000,0,0.61,"A",0.00294424630123779,-5.82495383038906
2017,1,0.319,9000,1,0,"Missing",0.98304567007749,4.06013232510424
2017,0,0.286,7000,0,0.58,"D",0.00855281102928752,-4.75290567850078
2017,0,0.187,3000,0,1.12,"Missing",0.210093217455533,-1.32436361684808
2017,0,0.187,5000,1,0.08,"C",8.55260710928021e-05,-9.36660377371109
2017,0,0.121,6000,0,0,"A",0.00047524672053617,-7.65120111743603
2017,1,0.319,5000,0,0.75,"Missing",0.189947084551201,-1.45035404223789
2017,0,0.154,2000,0,0,"C",0.0124262928694019,-4.37543651367722
2017,0,0.132,25000,0,0.07,"AA",0.0841266417351561,-2.38755479674682
2017,0,0.198,9800,1,0.72,"C",0.00473208311371719,-5.34864645397048
2017,0,0.11,7500,0,0.2,"AA",9.51158897921245e-05,-9.26031939686581
2017,0,0.165,7500,1,0,"A",0.0443238870751483,-3.07089531827872
2017,0,0.187,6000,0,0.6,"C",0.000424364271727663,-7.76449388580159
2017,0,0.253,7200,0,1.12,"Missing",0.794383059921245,1.35155086456855
2017,0,0.132,6000,0,0.03,"AA",0.00392234396931167,-5.53713579599185
2017,0,0.099,4000,0,0.32,"A",0.000998790391236623,-6.90796633039794
2017,0,0.198,12000,0,0.57,"A",0.000209749767351801,-8.46938555001867
2017,0,0.198,5000,0,0.92,"B",0.0696884682651786,-2.59148465446781
2017,0,0.198,19200,0,0,"AA",0.043358518518925,-3.09392550421233
2017,0,0.121,1000,0,0.01,"AA",0.00046939779843477,-7.66359045672707
2017,0,0.132,4000,0,0.28,"AA",3.94671727154693e-06,-12.4426224483512
2017,0,0.187,15000,1,0,"A",0.00342103217388008,-5.67438607092881
2017,0,0.275,4449,0,0.94,"D",0.078521708513948,-2.46260409089429
2017,1,0.286,1000,1,0,"Missing",0.979742084375688,3.87874374561765
2017,0,0.187,1100,0,0.29,"D",0.110018621919934,-2.09055089735607
2017,0,0.198,15000,0,0.51,"B",0.0797340931502366,-2.44596539462755
2017,0,0.143,9500,0,0.27,"A",0.00696631275009308,-4.95967852060254
2017,0,0.165,9999,0,0.57,"B",3.82763490274881e-05,-10.1706400943039
2017,0,0.209,3725,0,0.78,"D",5.11059298761892e-05,-9.88155891570761
2017,0,0.055,1000,0,0.64,"D",0.0368968535232206,-3.26203423855434
2017,0,0.154,7500,0,0.67,"B",0.00228942746713117,-6.07716145481492
2017,0,0.121,5000,1,0,"A",0.0165435326344975,-4.08507812579797
2017,0,0.275,15000,0,0.65,"D",0.00421999114965817,-5.46369332773163
2017,0,0.231,15000,0,0.82,"C",0.0001716001254951,-8.67017202473677
2017,1,0.319,5200,0,0,"Missing",0.931335544396918,2.60738794558207
2017,0,0.165,25000,0,0.31,"B",6.28598400594895e-06,-11.9771818779808
2017,0,0.121,1500,0,0.07,"B",0.00533205249138778,-5.22867271350008
2017,0,0.099,2000,0,0,"A",0.000526369935590923,-7.54897978430644
2017,0,0.143,2550,0,0.27,"A",0.000771004100856344,-7.16704556405789
2017,0,0.099,2500,0,0.04,"A",1.00819094209558e-05,-11.5047578046177
2017,0,0.209,10000,1,0.81,"C",0.0259396852205991,-3.62569918263911
2017,0,0.22,11000,0,0.44,"C",0.368757143259139,-0.537552385454852
2017,0,0.242,4000,1,1,"D",0.00953865389441692,-4.64281846645842
2017,1,0.319,2500,0,0,"Missing",0.955480472926536,3.06628642341129
2017,1,0.253,3890,0,0.97,"Missing",0.982295585500429,4.01607825138808
2017,1,0.22,2000,1,0,"Missing",0.677658653870654,0.743032635591698
2017,1,0.253,15000,0,0.86,"C",0.989493144006127,4.54516484039224
2017,0,0.077,3000,1,0.09,"AA",0.000623776942746569,-7.37909374547481
2017,0,0.132,10000,0,0.81,"AA",0.360605075580758,-0.572738912510752
2017,1,0.297,5000,0,0.96,"Missing",0.986887385274824,4.32098121194206
2017,0,0.132,7000,0,0.2,"B",0.00030923124585738,-8.0811119134164
2017,1,0.198,5000,0,0.66,"C",0.451295222171013,-0.195438831606985
2017,0,0.099,1500,0,0.29,"A",0.000277290985577716,-8.1901657842668
2017,0,0.176,8500,0,0.56,"C",0.000136922352692457,-8.89595962975101
2017,0,0.154,4000,0,0.18,"B",0.0141733363200772,-4.24211806612815
2017,0,0.264,10000,0,0.68,"D",0.00425575263025924,-5.45521881710108
2017,1,0.099,1025,1,0.76,"D",0.70775769892478,0.8845185455826
2017,0,0.154,15000,0,0.59,"AA",0.000108928433476267,-9.1247105306196
2017,0,0.253,10000,0,0.69,"A",0.0221900246587062,-3.78567250371726
2017,0,0.22,4000,0,0,"D",0.00044531995782038,-7.71627210867912
2017,1,0.264,1550,0,1.09,"Missing",0.995785157410515,5.46491928346707
2017,0,0.209,16000,0,0,"A",0.00957452202802973,-4.63902901145367
2017,1,0.22,7400,1,0.27,"D",0.360248540093492,-0.574285574642829
2017,0,0.198,10000,0,0.66,"B",0.000127052913447568,-8.97077985597179
2017,0,0.198,7000,0,0.54,"B",2.25758614215578e-05,-10.6986067250644
2017,0,0.099,2500,0,0.09,"AA",0.00110630826711787,-6.80561977151035
2017,0,0.121,5000,0,0.18,"A",0.195161975850172,-1.41681118578214
2017,0,0.165,4500,1,0,"C",0.00146627909385383,-6.52355996070487
2017,0,0.11,3885,0,0.38,"A",0.0866639698458635,-2.355065638733
2017,0,0.242,5000,0,0.55,"C",0.0151196614675219,-4.17652416928239
2017,0,0.275,7000,0,0.14,"D",0.0132863709162112,-4.30764108788421
2017,0,0.176,15000,0,0,"B",0.00671767310995105,-4.99627310957264
2017,1,0.264,3500,0,0.8,"Missing",0.997749155010197,6.0941962002947
2017,1,0.319,3600,0,0.92,"Missing",0.851271093304318,1.74460540572471
2017,1,0.319,2000,0,0.77,"Missing",0.994092851128823,5.1256673233832
2017,0,0.099,5000,0,0.08,"A",2.20513359948569e-06,-13.024720256429
2017,0,0.187,5000,0,0.89,"D",0.000430883177610528,-7.74924257819422
2017,0,0.187,3000,0,0,"C",0.0154583976313498,-4.1540237628528
2017,0,0.319,25000,0,0.52,"D",0.109647457402342,-2.0943472132816
2017,0,0.209,3000,0,0.97,"C",0.00266993902651119,-5.92302613367267
2017,0,0.176,3000,1,0.96,"C",0.0463549256407824,-3.0239640058361
2017,0,0.176,6000,0,0.16,"A",0.00018050989690329,-8.61954442501456
2017,0,0.22,2000,0,0,"D",0.0632972615796182,-2.6945239164584
2017,0,0.22,5000,0,0.08,"D",0.0191441699355759,-3.93642725927935
2017,0,0.176,25000,0,0.78,"B",0.000116057817572924,-9.06130599912596
2017,1,0.275,2500,0,0,"Missing",0.729900176586807,0.994116173375147
2017,0,0.198,2800,0,0.38,"C",0.00523977120574176,-5.24622389767971
2017,0,0.077,1500,0,0.01,"AA",0.00108781764557212,-6.82249334001976
2017,0,0.187,4000,0,0.75,"B",0.000278393529327989,-8.18619643984248
2017,0,0.275,15000,0,0,"D",0.00154905584460042,-6.46855940929135
2017,0,0.077,3000,1,0.09,"AA",0.00336734306674281,-5.69025822774315
2017,0,0.22,3000,0,0.27,"D",0.00776841352653885,-4.84989056995153
2017,0,0.198,13000,0,0.73,"C",0.00461139662451443,-5.3746024505147
2017,0,0.165,10500,0,0.84,"C",0.000387830084891331,-7.85455533448577
2017,0,0.319,3000,1,0,"Missing",0.40612858543026,-0.379992999799286
2017,0,0.11,2100,0,0,"AA",0.000275480668363597,-8.19671758249229
2017,1,0.319,2500,0,1.21,"Missing",0.999224416272619,7.16111873085198
2017,0,0.264,5700,0,0.1,"A",0.00110192260070127,-6.80959627585255
2017,1,0.319,2400,0,0.87,"Missing",0.993777473180763,5.07333724626203
2017,0,0.22,7400,1,0.27,"D",0.00369745611003434,-5.59640592502577
2017,0,0.209,19250,0,0.88,"B",0.0019330540593925,-6.2467191877508
2017,1,0.297,2800,0,0,"Missing",0.987007502734465,4.33030558352373
2017,0,0.187,1000,0,0.35,"D",1.14132709201379e-05,-11.3807223504836
2017,0,0.143,7500,0,0.92,"B",0.00776979262162862,-4.84971166985141
2017,0,0.198,5000,0,0.66,"C",0.0143869611771711,-4.22694149943151
2017,0,0.286,7300,0,0,"C",0.000794065905308785,-7.13754971465192
2017,0,0.187,1275,0,0.91,"A",0.000418571866496909,-7.77824329927852
2017,0,0.143,19000,0,0.08,"AA",1.0359700363747e-05,-11.4775768842154
2017,0,0.099,6500,0,0.09,"AA",5.29284901748424e-05,-9.84651586755186
2017,0,0.088,1000,0,0,"AA",1.38619461927992e-05,-11.186349294067
2017,1,0.275,2800,0,0.97,"Missing",0.658810897693953,0.657999664106648
2017,0,0.209,7000,0,1,"C",0.0248020459276004,-3.67171433335903
2017,0,0.187,6000,0,0.82,"C",1.65339566352187e-05,-11.010077779808
2017,1,0.121,1200,0,0.87,"Missing",0.994418221927497,5.18265048795261
2017,1,0.319,6000,1,0,"Missing",0.978112638173542,3.79971545066497
2017,1,0.319,2500,1,1.01,"Missing",0.964607309213043,3.30521576118498
2017,0,0.11,2550,0,0.02,"AA",0.0053152865442398,-5.23183889333625
2017,1,0.22,5000,0,0,"C",0.792626713399853,1.34083189754516
2017,0,0.22,6500,0,0,"C",0.0018420539823131,-6.29503028256945
2017,0,0.198,3000,1,0.95,"D",0.000317037833263626,-8.05617235527322
2017,0,0.22,9000,0,0.65,"A",0.00345205391170371,-5.66532786235802
2017,0,0.099,5400,0,0.18,"AA",0.000273168892895405,-8.20514709256277
2017,0,0.209,24000,1,0.18,"B",0.000726082773071516,-7.22712019064437
2017,0,0.209,19250,0,0.88,"B",0.00148119431048929,-6.51342425771854
2017,0,0.242,20000,1,0.89,"C",0.237661683472515,-1.16554227772865
2017,0,0.077,1500,0,0.01,"AA",2.98189538634936e-07,-15.0255362187487
2017,0,0.121,10121,0,0,"AA",0.000260695345771649,-8.25189736066448
2017,0,0.143,6000,0,0.92,"C",0.00121387767594267,-6.71272073756685
2017,0,0.154,2500,1,0.71,"B",0.00164997238656742,-6.40534539153321
2017,0,0.165,4999,0,0.89,"C",0.00084545607034423,-7.07478853432007
2017,0,0.11,7500,0,0.13,"AA",0.0125550371311462,-4.36499881133443
2017,0,0.11,7500,1,1.02,"D",0.00199197699824892,-6.21663370332712
2017,0,0.121,8000,0,0.06,"A",2.76751306794168e-05,-10.4949486819369
2017,0,0.121,6000,0,0.1,"A",0.112400606955375,-2.06645116983801
2017,0,0.319,4500,0,0.98,"Missing",0.318583902790875,-0.760287257302197
2017,0,0.242,25000,0,0.7,"C",0.0586309049812667,-2.77607335336119
2017,0,0.099,2500,0,0.1,"AA",0.00158212357140782,-6.44740392535936
2017,0,0.319,5500,1,0.72,"C",0.0315643654584872,-3.42365321280001
2017,0,0.231,6001,1,0,"D",0.149331122365653,-1.739856816843
2017,0,0.319,6000,1,0,"D",0.395187625263588,-0.425557632738371
2017,0,0.319,2550,1,0,"Missing",0.573330961741031,0.295454517983069
2017,1,0.319,4000,0,0.95,"Missing",0.59069930644571,0.366857022204002
2017,0,0.209,12500,0,0.02,"AA",5.61065904064141e-05,-9.78820116812079
2017,0,0.209,3000,0,0.97,"C",0.025055630535984,-3.66128183824103
2017,0,0.187,1000,0,0.35,"D",5.2521972059321e-05,-9.85422643715282
2017,0,0.319,6000,1,0,"Missing",0.325339638180598,-0.72933971935556
2017,0,0.198,10000,0,0.87,"C",0.856869393492952,1.78952796168267
2017,1,0.22,2000,1,0.88,"D",0.631046040047969,0.536706957027001
2017,0,0.121,3000,0,0.27,"B",0.000128705113503155,-8.95785799879552
2017,0,0.253,4000,1,1,"Missing",0.0204421247419773,-3.86950361204334
2017,0,0.187,3000,0,0.53,"C",0.0430303186984599,-3.10186675672258
2017,0,0.143,8000,0,0.57,"A",0.0894438921937469,-2.32044399450827
2017,0,0.121,10000,0,0.37,"AA",1.73708440507615e-05,-10.9607000154524
2017,0,0.22,5000,0,0.96,"C",0.000416849914377126,-7.78236738169174
2017,0,0.154,2400,0,0.94,"B",0.002061172450099,-6.18241700796242
2017,0,0.132,9000,0,0.43,"B",0.0011332088738189,-6.78156810783662
2017,0,0.165,16000,0,0.24,"C",0.00109226053415429,-6.81841298824037
2017,0,0.286,3000,0,1.17,"Missing",0.52810469205776,0.112537388687699
2017,0,0.099,3500,0,0,"AA",2.70677844055495e-05,-10.5171392363951
2017,0,0.319,2525,0,0,"D",0.00198875330224282,-6.21825658435421
2017,0,0.077,5000,0,0.33,"AA",0.000109165515461742,-9.12253616552686
2017,0,0.165,3010,0,0.34,"AA",0.000497654815390802,-7.60510608437234
2017,0,0.165,2500,0,0.24,"C",0.00110254025979982,-6.80903528598034
2017,0,0.165,2000,0,0.02,"B",0.000131632258583169,-8.93536680217674
2017,1,0.319,3001,0,0,"Missing",0.658074732848714,0.654726304551241
2017,0,0.275,2000,0,0,"D",0.00130126907376634,-6.64311316364927
2017,0,0.253,5000,1,0.98,"D",0.124247031777797,-1.95281227584155
2017,0,0.154,2100,0,0.92,"C",0.245733634423828,-1.12149741321761
2017,0,0.22,6000,0,0.02,"C",0.0989976267829128,-2.20841201362861
2017,0,0.121,15152,0,0.6,"A",0.0335582693435417,-3.36033769656012
2017,0,0.11,4500,0,0.69,"A",0.00013950261983369,-8.87728766435815
2017,0,0.154,6000,0,0.03,"AA",0.000245423919966989,-8.31227810301823
2017,0,0.319,7000,0,0.12,"D",6.97167502305017e-05,-9.57100023094371
2017,1,0.264,10000,0,0.89,"D",0.0299673071034776,-3.47722275072543
2017,0,0.132,25000,0,0.07,"AA",0.000111181460505118,-9.10423572448212
2017,1,0.209,12500,0,0.88,"C",0.872202956731444,1.92057873931047
2017,1,0.319,3300,0,0.91,"Missing",0.982855978496595,4.04881308475006
2017,1,0.22,4600,0,0.91,"Missing",0.918997776198999,2.42880709391862
2017,0,0.154,25000,0,0,"AA",0.0987346058461918,-2.21136426788121
2017,0,0.154,5000,0,0,"B",0.00561277176502288,-5.17708202314332
2017,0,0.055,1000,0,0.42,"D",0.00292546623257602,-5.83137166147499
2017,0,0.187,10000,1,0.95,"D",0.0338368241469126,-3.35178305780245
2017,0,0.099,5000,0,0.17,"AA",2.06577899268883e-07,-15.3925880529342
2017,0,0.11,7000,0,0.51,"AA",0.00381172874164304,-5.56585344289429
2017,1,0.154,25000,1,0.63,"AA",0.458848805802502,-0.164977954842304
2017,0,0.187,3000,0,0.53,"C",0.00155488165577157,-6.46479975012148
2017,0,0.154,7000,0,0.55,"C",0.00418601466093127,-5.47181135204453
2017,1,0.319,4000,0,2.68,"Missing",0.965714852816784,3.33815637355748
2017,0,0.099,1000,0,0.02,"AA",2.48470601733383e-05,-10.6027462679349
2017,1,0.275,3500,1,0.62,"Missing",0.977872948483754,3.78857884157651
2017,0,0.275,9000,0,0.56,"B",0.00517087808834716,-5.2595284685321
2017,0,0.176,10999,0,0.97,"B",0.00209532154046245,-6.16595073765265
2017,1,0.22,5000,0,0.87,"Missing",0.972015938379739,3.54773708158033
2017,0,0.077,1000,0,0,"AA",6.57569247204465e-06,-11.9321240907899
2017,0,0.154,10000,0,0.65,"C",0.000759131382628658,-7.18257627623739
2017,0,0.187,6500,1,0,"D",0.223040321285572,-1.24803588741949
2017,0,0.165,5000,1,0.84,"B",0.0012293406041947,-6.70004725063509
2017,0,0.198,5000,0,0,"B",0.00793401397765716,-4.82863053940822
2017,0,0.264,17500,0,0.15,"D",0.0132703691889506,-4.30886240234542
2017,0,0.132,8000,0,0.72,"B",0.000118368469954181,-9.0415897965654
2017,0,0.176,20000,0,0.15,"AA",0.00825378423168434,-4.78879545374793
2017,0,0.077,1000,0,0.34,"AA",0.000637395215120686,-7.35748306444199
2017,0,0.165,5000,0,0.33,"B",0.00337165162625686,-5.68897520941161
2017,1,0.319,6000,1,0.72,"Missing",0.998865519665228,6.78044546337778
2017,1,0.264,1000,1,0.18,"C",0.21677615301223,-1.28455327071402
2017,0,0.121,4000,0,0.11,"AA",0.459561961426843,-0.162106215240519
2017,0,0.176,25000,0,0,"AA",0.00935662572866788,-4.66226987863382
2017,0,0.165,1000,0,0,"Missing",0.778658305998364,1.25786468386405
2017,0,0.132,9000,0,0.43,"B",0.000338053074074713,-7.99196954069164
2017,0,0.242,6001,0,0.69,"D",0.00988416750439843,-4.60688770379708
2017,0,0.154,5000,0,0.84,"C",0.00471180153633306,-5.35296201522879
2017,0,0.099,5000,0,0,"A",0.000894642605074061,-7.01819120034344
2017,0,0.099,5000,0,0,"AA",0.0017790273504707,-6.32990788464755
2017,0,0.165,25000,0,0.09,"C",0.00610620783491502,-5.0923244204682
2017,1,0.319,3000,0,0.98,"Missing",0.80294155238452,1.40478155158984
2017,0,0.165,12000,0,0.45,"AA",0.250757256390748,-1.09457765610726
2017,0,0.198,15000,0,0.51,"B",0.00538107625071175,-5.21947127182425
2017,0,0.22,9000,0,0,"C",0.016300573485806,-4.10012009915794
2017,1,0.099,4900,0,0,"AA",0.0452646544863316,-3.04890770319048
2017,0,0.121,4999,0,0.28,"A",0.00716348384277842,-4.93156958133817
2017,0,0.11,3885,0,0.38,"A",0.00550655086564998,-5.19629506121438
2017,0,0.253,8500,0,0.86,"D",0.000461142481695788,-7.681342242956
2017,0,0.264,4000,0,0.89,"D",0.102699901223566,-2.16757920924765
2017,0,0.165,25000,0,0,"A",0.00129534918638508,-6.64767878930496
2017,0,0.055,1000,0,0.42,"D",0.00739800701432701,-4.89911912944695
2017,1,0.264,4500,1,0.71,"D",0.797465316986109,1.37052719801718
2017,0,0.154,8000,0,0.76,"AA",0.000409549361434907,-7.80004348794134
2017,0,0.143,25000,0,0.11,"AA",0.000304637885831656,-8.09608206197881
2017,0,0.264,5700,0,0.1,"A",0.00374467335655017,-5.5836691848334
2017,0,0.154,2500,1,0.71,"B",0.000197692529118815,-8.52859990540805
2017,0,0.11,7000,0,0.07,"AA",0.000373901046155297,-7.89114540706575
2017,0,0.143,4250,1,0.99,"B",0.00813090418250116,-4.80391900578049
2017,0,0.165,1000,1,0.73,"C",0.0390736831176881,-3.20244855831435
2017,0,0.11,5000,0,0.43,"A",0.0118108579915148,-4.42685484155725
2017,1,0.165,5000,0,0.85,"C",0.308950101313433,-0.805032254006876
2017,0,0.077,1100,1,0.18,"A",0.00212045021639678,-6.15400414506575
2017,1,0.275,1000,1,0.95,"D",0.907560165661862,2.28420186888828
2017,0,0.165,7500,0,0.65,"B",8.35329485917398e-06,-11.6928461496904
2017,0,0.231,5000,0,0,"C",0.00339977391564566,-5.68064077869008
2017,1,0.264,2350,0,1.37,"Missing",0.906080225395586,2.26668689491542
2017,1,0.319,4000,1,0.16,"Missing",0.882148192794341,2.01293209687424
2017,0,0.319,3950,0,0.78,"Missing",0.870589683865985,1.90618267787707
2017,0,0.176,6000,1,0.55,"C",0.0674154256884275,-2.62708598420514
2017,0,0.11,3000,0,0.14,"AA",0.00188659589440107,-6.2710928101824
2017,0,0.11,5200,0,0,"A",0.000130249559244701,-8.94592800321191
2017,0,0.187,20000,0,0.56,"B",0.000974198012774659,-6.9329213035954
2017,0,0.121,2500,1,0,"B",2.18203100588719e-05,-10.7326475472647
2017,0,0.176,3000,0,0.81,"B",0.0056900037758945,-5.16333811372485
2017,0,0.209,13000,0,0.82,"C",0.0506606558704228,-2.93061672443669
2017,1,0.253,9500,0,0.53,"D",0.272737145368825,-0.980779479006954
2017,0,0.187,5500,0,0.91,"C",5.55290125034093e-05,-9.79854939543345
2017,0,0.077,2550,0,0.01,"AA",0.00147842953862127,-6.51529535365451
2017,1,0.319,3100,0,1,"Missing",0.817141681242475,1.49710085773568
2017,0,0.231,8000,0,0.76,"D",0.0251142602531608,-3.65888445174251
2017,1,0.264,10000,0,0.97,"B",0.0389364830366333,-3.20610882307372
2017,1,0.22,20000,1,1,"C",0.0725737123639324,-2.54781054946676
2017,0,0.077,3000,1,0.01,"AA",0.000144921591500874,-8.83917277797696
2017,1,0.319,3000,1,0,"Missing",0.88023503759695,1.99465778450478
2017,0,0.187,1000,1,0.59,"D",0.0105653263391062,-4.53955620402882
2017,0,0.132,22000,0,0.37,"AA",0.00144165330223901,-6.5405220039484
2017,0,0.242,12500,0,0.96,"C",0.14401998693157,-1.78229493856969
2017,0,0.121,6000,0,0.4,"AA",1.9206351102406e-06,-13.1628527194018
2017,0,0.099,6000,0,0,"AA",0.00266108087670262,-5.92635826625277
2017,0,0.187,1700,0,0.28,"D",0.320162255165816,-0.753026244478308
2017,0,0.264,5000,1,0.47,"C",0.00287047424630899,-5.8504034182869
2017,0,0.165,15000,0,0.01,"AA",4.90966712818365e-05,-9.92167022225268
2017,0,0.132,22000,0,0.37,"AA",0.0624665014203651,-2.70862205324344
2017,1,0.253,3500,0,0.92,"Missing",0.994948493722467,5.28300449912417
2017,0,0.099,1500,0,0.76,"A",8.39579512146783e-05,-9.3851105037551
2017,0,0.253,3000,1,0.7,"D",0.0108049067151504,-4.51689121891622
2017,0,0.077,2500,1,0.06,"AA",1.75034336135865e-05,-10.9530959862033
2017,0,0.143,5000,0,0.32,"B",0.00427101452546827,-5.45162372481458
2017,0,0.132,5000,0,0.1,"AA",3.74834767119599e-05,-10.191572858925
2017,0,0.121,2500,0,0.33,"B",0.000211903255744804,-8.45916880256341
2017,1,0.187,2000,0,0.25,"Missing",0.143920731209742,-1.78310030528382
2017,0,0.176,3400,0,0.49,"C",0.927614041020268,2.55060339836165
2017,0,0.22,8000,0,0.84,"D",0.0171390103770116,-4.04911052185286
2017,0,0.286,7300,0,0,"C",0.00163233173556157,-6.41611210831686
2017,0,0.099,1000,0,0,"A",0.000701347172653719,-7.26180594686656
2017,0,0.055,1000,1,0.48,"D",0.0139042304604737,-4.26156033573027
2017,0,0.209,10000,1,1.02,"C",0.10733833074517,-2.11822182374174
2017,0,0.165,4999,0,0.89,"C",0.00044568490477527,-7.71545256291042
2017,0,0.121,3500,1,0.18,"A",0.132298743044804,-1.88078491112349
2017,0,0.165,12000,0,0.43,"A",0.142750161410364,-1.79263342379839
2017,1,0.319,7000,0,0,"Missing",0.457762116290285,-0.169355152549841
2017,0,0.253,7000,0,0.98,"C",0.000940607683050732,-6.96804336991018
2017,0,0.198,5600,0,0.33,"C",0.00460729058825829,-5.37549738277684
2017,0,0.11,10000,0,0.18,"AA",8.77200863854506e-05,-9.3412719256948
2017,0,0.22,17850,0,0.43,"C",0.00072746612442793,-7.22521539350671
2017,1,0.319,7000,0,0.12,"D",0.871035169712359,1.91014262082064
2017,0,0.088,2500,1,0.24,"AA",0.00064127668068791,-7.35140807264775
2017,0,0.176,8000,0,0.66,"B",0.000618622206727197,-7.38739698636249
2017,0,0.231,25000,1,0.01,"B",0.00614051399156765,-5.08668738386235
2017,0,0.143,10000,0,0.53,"A",0.000131014548395102,-8.94007116134673
2017,1,0.275,9000,0,0.99,"Missing",0.997352000340438,5.93129925765944
2017,0,0.165,25000,0,0.04,"A",0.0566099511955235,-2.81329503663885
2017,0,0.088,1500,1,0.22,"AA",1.60636774041883e-05,-11.0389338327608
2017,1,0.308,2250,0,0.57,"Missing",0.985851029760466,4.24386341090264
2017,0,0.187,1275,0,0.91,"A",0.000524311696824049,-7.55289976002764
2017,0,0.319,12000,0,0.92,"C",0.00243427851445938,-6.01566761812832
2017,1,0.319,2550,0,0.99,"Missing",0.969168218921541,3.4478921861805
2017,0,0.077,1500,1,0.91,"Missing",0.866318567751937,1.86879310382973
2017,0,0.11,5000,0,0.71,"AA",0.00591557988873504,-5.12423260313489
2017,0,0.297,3000,1,0.65,"Missing",0.0964455540546204,-2.23735772693004
2017,0,0.165,3000,0,0.91,"Missing",0.0466919915386638,-3.01636538766747
2017,0,0.22,3000,0,0.89,"D",0.00794940842991687,-4.82667659098469
2017,1,0.319,2550,0,0,"Missing",0.895719530264376,2.15054324609791
2017,0,0.165,15500,0,0.98,"B",0.000250948561604652,-8.29001159362585
2017,0,0.176,3000,0,0.81,"B",0.00216749607533271,-6.1320128115049
2017,1,0.22,10000,1,0.89,"D",0.579464231556898,0.320574400444648
2017,0,0.165,8500,0,0.22,"B",0.000669705984758492,-7.30800184027345
2017,0,0.088,2500,0,0.06,"AA",6.48824033296951e-05,-9.64286922164539
2017,0,0.132,1000,1,0.45,"D",0.00245175834498585,-6.00849505118603
2017,0,0.22,6000,0,0.02,"C",0.00895745271054267,-4.70627157623226
2017,1,0.308,6000,0,0.86,"Missing",0.996033126302473,5.52580221363018
2017,1,0.187,1500,0,0.77,"Missing",0.890961039054794,2.10059544107651
2017,0,0.198,7000,0,0.33,"C",0.0163585883602071,-4.0965083701694
2017,1,0.319,5000,0,0.92,"Missing",0.949021877529705,2.92403528207022
2017,0,0.165,7000,1,0,"B",0.000462877661550961,-7.67758478388196
2017,1,0.286,3675,0,0.85,"Missing",0.99210099885832,4.83308860175041
2017,0,0.198,6500,0,0.85,"C",0.546245811350689,0.185513461652999
2017,0,0.22,10000,0,0.35,"C",0.0127069260634785,-4.35281972529763
2017,1,0.165,4000,0,0.84,"Missing",0.404538930344153,-0.386588037452149
2017,0,0.187,4800,0,0.88,"C",0.000262005634444552,-8.24688250895694
2017,0,0.154,5000,0,0.84,"C",0.00178399566986554,-6.3271140831474
2017,1,0.143,5000,0,0.69,"A",0.0786361046182668,-2.46102412695608
2017,0,0.187,5000,1,0.98,"B",0.000832475739560188,-7.09027365576383
2017,0,0.11,6500,0,0.67,"A",8.89067945381253e-06,-11.6304981916397
2017,0,0.121,18000,0,0.46,"AA",3.23390956790052e-06,-12.6418155262105
2017,0,0.099,4800,0,0.12,"AA",7.25612280420305e-07,-14.1362492881719
2017,0,0.099,1500,0,0.29,"A",6.87380518287965e-05,-9.58513888768785
2017,0,0.132,15000,0,0,"AA",0.00406485357627771,-5.50130441967705
2017,0,0.198,4500,0,0.49,"B",4.41338513846284e-06,-12.3308641444751
2017,0,0.077,2000,1,0.07,"AA",0.000108891150085333,-9.12505290068254
2017,0,0.275,9000,0,0.42,"C",0.00133445472131552,-6.61789717312158
2017,1,0.264,3000,0,0.91,"Missing",0.878839197599158,1.98148333427329
2017,1,0.308,6000,0,0.98,"Missing",0.604408093390345,0.423866480074049
2017,0,0.121,6500,0,0.34,"A",0.000174807348859694,-8.65165123146568
2017,0,0.088,2000,0,0.15,"AA",0.000666921000627801,-7.31217181541022
2017,0,0.132,6000,0,0.6,"A",0.0117025157770045,-4.43617990745381
2017,0,0.187,1200,0,0.94,"D",0.00989114259951239,-4.60617522430262
2017,0,0.264,15000,0,0.86,"B",5.85698423803296e-05,-9.74523205744172
2017,0,0.154,7000,0,0.55,"C",9.37887647070334e-06,-11.5770412024425
2017,1,0.275,3500,1,0.62,"Missing",0.80107447543695,1.39302341457057
2017,0,0.22,10000,0,0.79,"C",0.00040998407338284,-7.7989821762883
2017,0,0.308,4750,1,0.14,"Missing",0.158584715706846,-1.66879640181648
2017,1,0.319,2500,1,0.87,"Missing",0.890370037642648,2.09452643262332
2017,0,0.187,7000,0,0.51,"B",0.00442871097389788,-5.41520816704873
2017,1,0.176,3000,1,0.96,"C",0.826394841523024,1.56028915916534
2017,0,0.187,1850,0,0.68,"D",0.011283731681961,-4.47304538878982
2017,0,0.165,20000,1,0.72,"B",0.000168848441671128,-8.68634017754949
2017,1,0.319,3000,1,0.92,"Missing",0.362071066826309,-0.566386377372752
2017,0,0.187,4000,0,0.78,"C",0.000228337424382863,-8.38445772802808
2017,1,0.11,5000,0,0.11,"AA",0.223274232152495,-1.24668659439485
2017,0,0.088,3001,0,0.32,"AA",3.29993309671188e-05,-10.3189902705515
2017,0,0.154,9999,0,0.54,"A",0.0787102725404294,-2.46000089126542
2017,0,0.121,14000,0,0.29,"AA",6.35386353613845e-05,-9.66379886554269
2017,1,0.22,1000,0,0.9,"Missing",0.939864977714693,2.7491438188672
2017,0,0.143,24250,0,0,"AA",6.19872839271952e-08,-16.596336508898
2017,0,0.165,7000,0,0.33,"A",0.000301516211345334,-8.10638521259312
2017,0,0.165,1500,1,0.64,"AA",0.00161427289749862,-6.42725506471341
2017,0,0.077,5000,0,0.33,"AA",3.392951543078e-05,-10.2911913306179
2017,1,0.187,7100,0,0.95,"D",0.986030106796517,4.25678235987737
2017,0,0.11,3000,0,0,"A",0.012409993734737,-4.37676554384646
2017,1,0.198,9999,0,0.92,"D",0.071367871107067,-2.56586489069165
2017,0,0.099,1000,0,0.18,"AA",4.24127965674448e-07,-14.6732301972847
2017,0,0.165,15000,0,0.01,"AA",0.000802613207069354,-7.12683470943656
2017,0,0.286,5000,0,0.64,"D",3.96360618377849e-05,-10.1357315647796
2017,0,0.253,3890,0,0.97,"Missing",0.0964970388112634,-2.23676706551045
2017,0,0.121,9000,0,0.33,"A",0.00509966715263515,-5.27346729073755
2017,0,0.198,19200,0,0,"AA",0.00289055760230633,-5.84341111016226
2017,0,0.22,9000,1,1.01,"D",0.0604563467845163,-2.7434727182309
2017,0,0.275,10000,1,0.71,"D",0.0153094683230811,-4.1638559291294
2017,0,0.11,4000,0,0.51,"AA",0.00153799776346971,-6.47573468038457
2017,0,0.264,1200,0,1.09,"Missing",0.0615541538458658,-2.7243078141141
2017,0,0.121,2593,0,1.01,"Missing",0.537679340541408,0.15100364275192
2017,1,0.264,3000,0,0,"Missing",0.899471644392542,2.19136769609855
2017,1,0.077,1000,1,0,"Missing",0.965151369451655,3.32127110773864
2017,0,0.143,7500,0,0.92,"B",0.000210109533787616,-8.46767144215258
2017,0,0.209,8750,0,0.73,"D",0.00152181927257994,-6.48632579155469
2017,1,0.319,5000,0,1.08,"Missing",0.486274025574676,-0.0549176959738267
2017,0,0.187,7100,0,0.95,"D",0.0513738238298759,-2.91588602885971
2017,0,0.088,2500,0,0.47,"AA",0.000613433569344443,-7.39582495930662
2017,1,0.297,1000,0,0,"Missing",0.99979631308321,8.4987227569658
2017,1,0.165,1000,0,0,"Missing",0.613902439129091,0.463745935696031
2017,0,0.143,4250,1,0.99,"B",0.00470295088693153,-5.35485107444099
2017,1,0.319,2600,1,0,"Missing",0.938171599073049,2.71957005289478
2017,0,0.176,25000,0,0,"AA",0.00483124704733064,-5.32780770154257
2017,0,0.143,10000,0,0.15,"A",0.164824019227922,-1.62276410346327
2017,0,0.209,15000,1,0.94,"B",5.03433210368059e-06,-12.1992246569568
2017,0,0.187,2550,0,0.25,"C",0.000142578382990175,-8.8554760648613
2017,0,0.319,4200,0,1,"Missing",0.938998618380727,2.73391749442106
2017,1,0.165,3000,0,0.91,"Missing",0.906699230422115,2.27398242964123
2017,0,0.132,7000,0,0.2,"B",0.00576013297961935,-5.15101793127388
2017,0,0.22,15000,0,0.65,"B",4.93020964251548e-05,-9.91749465067112
2017,0,0.121,6000,0,0.4,"AA",0.272688004283168,-0.981027240326523
2017,0,0.264,22000,0,0.93,"D",0.000352914413125262,-7.94893200946185
2017,0,0.121,5000,1,0.45,"B",0.0261509665107248,-3.61737014512669
2017,0,0.22,25000,1,0.87,"C",0.00210295735830013,-6.16230548739385
2017,0,0.22,5000,1,0,"C",0.0240471243992408,-3.70339888024762
2017,0,0.176,5000,0,0,"C",0.0831526141129488,-2.40026338713688
2017,0,0.275,2550,0,0.53,"D",0.524608793409355,0.0985147715240005
2017,0,0.121,5000,1,0.45,"B",0.000114670636572657,-9.07333189137336
2017,0,0.187,5000,0,0.61,"C",0.195429440313867,-1.41510927367863
2017,1,0.264,5000,0,0.95,"D",0.274385509450253,-0.972484782707997
2017,0,0.187,10000,0,0.79,"A",0.0734208498429725,-2.53529151819018
2017,0,0.165,1000,1,0.46,"D",0.00182280838151416,-6.30555242871332
2017,0,0.154,4500,0,0,"AA",0.000559945291210829,-7.48711137115473
2017,0,0.286,4000,0,0.99,"Missing",0.783129630046049,1.28399843634462
2017,0,0.198,2750,1,0,"D",0.0458962289285782,-3.0343894849682
2017,1,0.264,1000,0,0,"Missing",0.483919808578612,-0.0643429549036303
2017,0,0.319,5000,0,0.71,"Missing",0.468820094844511,-0.124881666523059
2017,0,0.275,3500,1,0.62,"Missing",0.909000902391127,2.30149649682483
2017,0,0.198,2750,1,0,"D",0.187160147318401,-1.46856945384945
2017,0,0.275,16000,1,0.67,"D",0.0354041844467559,-3.30487915174835
2017,0,0.187,9200,0,0.06,"A",0.0332594644117876,-3.36959076995063
2017,1,0.319,3000,0,0,"Missing",0.978398812431018,3.8131690773612
2017,0,0.11,3900,0,0.41,"AA",0.00394340012055496,-5.53176075723684
2017,0,0.154,8000,0,0.76,"AA",9.40838857524036e-06,-11.5738994565878
2017,0,0.187,25000,0,0.89,"B",0.0014952736442298,-6.50394965658908
2017,0,0.099,5000,0,0.28,"AA",5.61978926360363e-05,-9.78657509987531
2017,0,0.165,3000,0,0.08,"AA",0.0131902274771187,-4.31500107509104
2017,1,0.319,2500,0,1.21,"Missing",0.691309192105592,0.806247025462261
2017,1,0.319,2000,1,0.09,"Missing",0.984338999964312,4.14079680211731
2017,0,0.22,6500,0,0,"C",0.000279666733859098,-8.18163219405832
2017,1,0.253,1500,0,0.84,"Missing",0.473270075109503,-0.107021731830614
2017,1,0.264,10000,1,0.73,"D",0.930110560035517,2.5883888964825
2017,0,0.132,18950,0,0,"AA",0.00302303361379147,-5.79846683168809
2017,1,0.319,4669,1,0,"Missing",0.989759548741103,4.571116346677
2017,0,0.165,4000,0,1,"D",0.00260704219343724,-5.94692851304486
2017,0,0.176,3800,0,0,"B",0.0947588614474829,-2.25686599554621
2017,1,0.231,10001,0,0.69,"D",0.696886660377108,0.83251599315979
2017,0,0.088,3000,0,0.46,"AA",0.000489119413294353,-7.62241466026394
2017,0,0.176,9000,0,0.97,"C",0.111757107385026,-2.07291740107776
2017,0,0.077,2550,1,0,"A",0.00956958865797903,-4.63954938548593
2017,0,0.099,2500,0,0.1,"AA",0.00952603266910458,-4.64415525160178
2017,0,0.22,3000,1,0.47,"D",0.677354020015729,0.741638375991456
2017,0,0.165,18000,0,0.37,"B",0.00705370538207978,-4.94712351374993
2017,1,0.319,2600,0,0.98,"Missing",0.298032405302799,-0.856685018340146
2017,1,0.165,5100,0,0.19,"C",0.234085929374098,-1.18538171661193
2017,0,0.275,16000,1,0.67,"D",0.00130901977050943,-6.63716681136179
2017,0,0.198,6000,0,0.58,"C",0.0009753743284696,-6.93171338369637
2017,0,0.154,25000,0,0,"AA",0.00296775715975947,-5.81697660682905
2017,1,0.297,3750,0,0.88,"Missing",0.996889985778214,5.77001311951352
2017,0,0.22,2850,0,0.7,"C",0.0159879665864312,-4.1198017751249
2017,1,0.286,5000,0,0,"Missing",0.989026712633228,4.50125744279959
2017,0,0.121,4000,0,0.11,"AA",0.00326660819200789,-5.72073112733556
2017,1,0.286,4000,0,0.99,"Missing",0.622565396630831,0.500451360075826
2017,0,0.176,10000,1,0.83,"C",0.00214486728301627,-6.14253043043077
2017,1,0.264,9000,0,1.03,"D",0.240001637882613,-1.15267053033976
2017,0,0.11,4999,0,0.06,"AA",0.000886153995492444,-7.02773326578943
2017,0,0.11,5000,0,0.09,"AA",4.47163396024863e-05,-10.015126866593
2017,0,0.231,5000,0,0.85,"C",0.00795064248188502,-4.82652012087742
2017,0,0.121,5000,1,0,"A",0.00333137897879772,-5.70103201258507
2017,1,0.319,6000,1,0.72,"Missing",0.600709279651848,0.408421315800611
2017,0,0.077,2550,1,0,"A",0.0254552857820747,-3.64504698791796
2017,1,0.264,1000,1,0.9,"D",0.596419256036212,0.39056729283877
2017,1,0.132,4000,0,0.43,"B",0.0935662042337233,-2.27084874232276
2017,0,0.231,5000,0,0.97,"D",0.0269730840193035,-3.58557226407492
2017,0,0.154,25000,0,0.58,"AA",0.00215143772753694,-6.139465194453
2017,1,0.308,12000,0,0.83,"D",0.804059174094416,1.41186016108862
2017,0,0.22,5000,0,0,"D",0.05195913708808,-2.90394002123382
2017,1,0.22,1100,0,0,"Missing",0.954744162126373,3.04911173592339
2017,0,0.275,15000,0,0,"C",2.06058199094368e-05,-10.7899163961622
2017,0,0.099,2500,0,0.09,"AA",2.8119057006658e-05,-10.4790349067456
2017,0,0.132,13000,0,0.36,"AA",0.0614216033173851,-2.72660476773297
2017,0,0.187,3000,1,0.59,"C",0.000271691259548065,-8.21057248337064
2017,0,0.11,5000,0,0.52,"AA",8.42268873902e-05,-9.38191212958097
2017,0,0.253,5000,0,0.39,"D",0.115469708098367,-2.03604853248261
2017,0,0.253,3250,0,0.93,"D",0.00668035320195436,-5.00188165165038
2017,0,0.088,1000,0,0.01,"AA",0.0437079985522731,-3.08553218867295
2017,0,0.143,8000,0,0.57,"A",0.000808903492441719,-7.11902170959854
2017,0,0.099,4900,0,0,"AA",0.000114669946548679,-9.07333790952421
2017,0,0.242,8000,1,0.93,"D",0.0913865303249076,-2.29682168088799
2017,0,0.176,10000,0,0.11,"B",0.00220190493380212,-6.11622808158295
2017,1,0.319,3000,0,1.15,"Missing",0.985214613306671,4.19922019157106
2017,0,0.154,2690,1,0.69,"C",0.00949391254624454,-4.64756520334849
2017,1,0.319,3000,1,0.8,"Missing",0.969833690564349,3.47039888371569
2017,0,0.319,4000,0,0.8,"D",0.613837486439492,0.463471912599455
2017,0,0.187,8000,0,0.8,"C",0.0359810504434684,-3.28811852833266
2017,0,0.121,23500,0,0.02,"AA",3.99012131324376e-05,-10.1290639281997
2017,0,0.143,19000,0,0.08,"AA",0.00161608512163573,-6.42613125359511
2017,0,0.176,7000,0,0.98,"C",0.00111396644854937,-6.79871366855903
2017,0,0.187,25000,0,0.54,"A",0.00697019025675795,-4.95911816255517
2017,0,0.22,3000,0,0.39,"D",0.0406361763760868,-3.16161166745503
2017,0,0.187,6000,0,0.6,"C",0.0148515944097344,-4.19468506825295
2017,0,0.22,1500,0,0.41,"Missing",0.303170558094335,-0.832245132524747
2017,0,0.187,3000,0,0.88,"D",0.0598477080820426,-2.7542387379179
2017,0,0.154,12000,1,0.37,"A",0.000115144180927932,-9.06921031687581
2017,0,0.187,7500,0,0.2,"C",0.000985038486166316,-6.92184432135001
2017,0,0.077,1000,0,0.02,"AA",1.62793926648657e-05,-11.0255942241585
2017,0,0.165,1000,0,0.87,"C",0.000348339226939301,-7.96198536302249
2017,0,0.22,5000,0,0.87,"D",0.39307798619691,-0.434392274378519
2017,0,0.275,16000,1,0.67,"D",0.0148732565369971,-4.19320556949534
2017,0,0.165,7500,1,0,"A",0.107597850178373,-2.11551620381594
2017,0,0.22,5300,0,1.26,"D",0.318229645893047,-0.761919597909063
2017,0,0.264,1000,1,0.9,"D",0.00397741577094129,-5.52313762763254
2017,0,0.275,16000,1,0.67,"D",0.0426114541234888,-3.11208621983345
2017,0,0.077,3000,0,0.06,"AA",2.39662657332369e-05,-10.6388393442864
2017,0,0.187,4000,0,0.73,"B",0.00111310172375064,-6.79949109318115
2017,0,0.165,2000,0,0,"C",0.00183187149300156,-6.30058360951053
2017,0,0.165,2700,0,0.51,"C",0.000377832484200328,-7.88068172018096
2017,1,0.319,2000,0,0.77,"Missing",0.802250942780288,1.40042261605929
2017,0,0.275,13000,0,0.93,"D",0.300415777552275,-0.845318750320158
2017,0,0.264,4000,0,0.63,"D",0.0542917578977126,-2.85756168216591
2017,0,0.275,10500,0,0.81,"D",0.0197542616380696,-3.90443404644885
2017,1,0.231,3000,0,0.04,"C",0.0295313375969209,-3.49232712099663
2017,1,0.121,5000,1,0,"Missing",0.979861077728268,3.88475643016794
2017,0,0.187,6500,0,0.81,"C",0.00127510331215224,-6.66345215756732
2017,0,0.22,6500,0,0.9,"D",0.00202806295721922,-6.19864402747972
2017,0,0.264,10000,1,0,"C",0.0155903015377036,-4.14539314600314
2017,0,0.154,1500,1,0.25,"AA",0.00034016227201326,-7.98574756344391
2017,0,0.121,10121,0,0,"AA",0.000442584924958467,-7.72243550822606
2017,0,0.198,5600,0,0.33,"C",0.000395506946255956,-7.83494662250486
2017,0,0.132,7500,0,0.81,"A",0.0198641889144091,-3.89877258625156
2017,0,0.11,6000,1,0.75,"A",0.00184249779454791,-6.29478893360896
2017,0,0.11,5000,0,0.52,"AA",0.000259445115535858,-8.25670589977575
2017,0,0.132,22000,0,0.37,"AA",0.00542224973735925,-5.21180746546916
2017,0,0.088,3001,0,0.32,"AA",0.00317553951546121,-5.74909714270312
2017,0,0.264,3000,0,0,"Missing",0.0158816622473347,-4.12658102589939
2017,0,0.187,1000,1,0.14,"D",0.00555441570663668,-5.1875921459131
2017,1,0.253,15000,0,0.18,"D",0.0131781519140092,-4.31592922447324
2017,0,0.209,24000,1,0.18,"B",0.00237051894091975,-6.04227305232135
2017,0,0.132,8000,0,0.61,"A",0.000195859447478111,-8.53791738204939
2017,0,0.22,9000,0,0.94,"D",0.0112331693050018,-4.4775875944767
2017,0,0.11,1000,0,0.24,"A",0.00557680019820002,-5.18354769964653
2017,0,0.121,1500,0,0.2,"B",3.15544270667755e-05,-10.3637651048222
2017,1,0.22,18000,0,0.71,"B",0.691710378619579,0.808127669705711
2017,0,0.154,7750,0,0.59,"C",0.0140795425285291,-4.24885282008231
2017,0,0.165,8575,0,0.9,"B",0.0121333944439927,-4.39958615145844
2017,0,0.143,20000,0,0.79,"A",6.11612314088821e-05,-9.70193587978448
2017,0,0.11,1000,0,0.24,"A",0.00232176224031931,-6.06310433358966
2017,0,0.264,1800,0,1.18,"Missing",0.0419453773178808,-3.12853656196218
2017,1,0.319,3000,0,0.91,"Missing",0.887201607299074,2.06247015783094
2017,0,0.077,1000,0,0,"AA",1.45628283737213e-05,-11.1370237146898
2017,1,0.264,4000,0,1,"Missing",0.994571919293481,5.21072680229891
2017,0,0.22,5000,0,0.87,"D",0.0718418168494615,-2.55873546034647
2017,0,0.165,20000,1,0.72,"B",0.0321471163930916,-3.40475734160383
2017,0,0.077,2550,1,0,"A",0.000244860305658397,-8.31457780073184
2017,1,0.187,3000,0,0,"Missing",0.587958018046076,0.355530305364152
2017,0,0.319,3000,0,0.92,"Missing",0.0742666655383758,-2.52292401323722
2017,1,0.286,1500,0,0,"Missing",0.927661466812332,2.55130991786167
2017,1,0.154,25000,0,0.23,"B",0.00201673476862253,-6.20425675549629
2017,0,0.165,3200,0,0.7,"C",0.000252896770929377,-8.28227624378686
2017,0,0.165,5000,0,0,"C",0.00066019244376804,-7.32231877351193
2017,0,0.099,5000,1,0,"AA",0.000531023924992681,-7.54017231628583
2017,0,0.187,4600,0,0.88,"B",1.01476012376945e-05,-11.498263064016
2017,0,0.176,3400,0,0.49,"C",0.00898786343511487,-4.70285162096828
2017,0,0.143,24250,0,0,"AA",0.0126114465323706,-4.36045877664642
2017,1,0.319,1890,1,0,"Missing",0.993906161572705,5.0943646305391
2017,1,0.077,1000,1,0,"Missing",0.575109859471297,0.302730439862069
2017,0,0.209,21200,1,0.47,"B",0.424338278901824,-0.30498923367826
2017,1,0.209,3000,1,0.77,"D",0.0710291658916918,-2.57098676349088
2017,0,0.132,12000,0,0,"AA",9.60668208197565e-05,-9.2503704869857
2017,0,0.253,3000,0,0.89,"Missing",0.0840626744786515,-2.38838529503684
2017,0,0.22,7500,0,0,"D",0.085242905184092,-2.3731536708322
2017,0,0.165,5000,1,0.6,"D",0.0743255099213108,-2.52206842069671
2017,0,0.121,25000,0,0.23,"AA",0.380862846428263,-0.485887493765457
2017,0,0.22,3000,0,0.76,"C",0.000771192705028945,-7.16680078373228
2017,1,0.319,6000,0,0,"Missing",0.999830041227591,8.67978469234863
2017,0,0.143,9500,0,0.27,"A",0.000176469819512482,-8.64218420508352
2017,0,0.319,5500,0,0.77,"Missing",0.370162172136723,-0.531521157474573
2017,0,0.242,4000,1,1,"D",0.0034709288207682,-5.65985608268083
2017,0,0.077,1000,0,0.09,"AA",1.52734808541774e-06,-13.3919760765789
2017,0,0.231,10000,0,1.01,"D",0.00215373948123147,-6.13839359195245
2017,0,0.264,25000,0,0.89,"B",0.000126972698096119,-8.97141148947755
2017,0,0.198,13000,0,0.73,"C",0.0385923949954155,-3.21534322955696
2017,1,0.319,6000,0,0,"Missing",0.874989083152362,1.94581034161254
2017,1,0.319,3001,0,0.92,"Missing",0.963014253855487,3.259535614117
2017,0,0.275,2000,0,0.19,"D",0.0769218490492569,-2.48492394247081
2017,0,0.275,9900,0,0.37,"B",0.000622686187766855,-7.38084499739439
2017,0,0.275,4500,0,0.87,"D",0.00323785543438358,-5.72960096266966
2017,0,0.132,25000,0,0.07,"AA",0.000675423826238444,-7.29949452138136
2017,0,0.242,5000,0,0.93,"D",0.00182071809408012,-6.30670192090785
2017,0,0.22,3500,0,0,"Missing",0.973820709346123,3.61625854489966
2017,0,0.187,15000,0,0.65,"B",0.00304353969853154,-5.79168588572076
2017,0,0.253,4000,0,1.01,"Missing",0.0569854551376473,-2.80628564429805
2017,0,0.22,1000,0,0,"Missing",0.125686166363202,-1.93965133184908
2017,0,0.198,4800,0,0.89,"C",0.0788525117678921,-2.4580409947496
2017,0,0.187,3500,0,0,"B",0.00186433972378985,-6.28298224430503
2017,0,0.264,23000,0,0.82,"B",0.0980303413129651,-2.21930384569051
2017,0,0.165,25000,0,0.01,"A",0.120619486368073,-1.98657684804416
2017,0,0.11,6000,0,0,"AA",2.17789820428906e-05,-10.7345434004918
2017,0,0.099,3500,0,0.14,"AA",0.000336578040323001,-7.99634388332246
2017,1,0.231,7000,0,0.78,"D",0.266828390917818,-1.01077407217207
2017,0,0.253,15000,0,0.96,"C",0.177591486539217,-1.53275135336208
2017,0,0.165,13000,0,0.26,"AA",7.63207825134289e-05,-9.48048895412316
2017,0,0.165,8500,0,0,"B",4.93336964565146e-05,-9.91685387737693
2017,0,0.099,2500,0,0,"AA",0.000246888826930574,-8.30632549674823
2017,1,0.319,5500,1,0.89,"Missing",0.92111387643678,2.45757833429079
2017,0,0.242,13000,0,0.82,"D",0.349926414733496,-0.619362675823855
2017,0,0.143,10800,1,0.68,"A",0.13027155701766,-1.89855985654836
2017,1,0.264,4000,0,0.7,"Missing",0.998805133874084,6.72852554784882
2017,0,0.11,4000,0,0.88,"A",0.00125976662548993,-6.67556823224032
2017,0,0.198,5000,0,0.5,"D",0.00424730516673218,-5.45721422498565
2017,1,0.319,7000,1,0,"Missing",0.860688860800233,1.82102322641901
2017,0,0.121,1000,0,0.98,"D",0.000237817190031666,-8.34377044307737
2017,0,0.187,4000,1,0.76,"D",0.0712024119788462,-2.56836413955232
2017,0,0.319,3600,1,0,"Missing",0.597465015708485,0.394913720400016
2017,1,0.121,1000,1,0.97,"Missing",0.86394270778328,1.84843039284168
2017,0,0.099,5000,0,0.02,"AA",7.73843669530331e-06,-11.7693031296472
2017,1,0.319,6000,1,0.79,"Missing",0.999000045590599,6.90680041592312
2017,1,0.22,1000,0,1,"Missing",0.999934417207718,9.63213162425945
2017,0,0.187,5000,0,0.78,"C",0.0112393072677779,-4.47703512183188
2017,1,0.154,6001,0,0.56,"B",0.310733012549809,-0.796694632956119
2017,0,0.165,7000,0,0,"A",0.000567572551645864,-7.47357423878829
2017,1,0.22,10000,1,0.85,"Missing",0.958937274073347,3.15072486685574
2017,0,0.275,9900,0,0.37,"B",0.0625976901164748,-2.70638417129675
2017,0,0.165,4000,0,0.84,"Missing",0.0430157001675526,-3.1022218164806
2017,1,0.187,3500,0,0.76,"Missing",0.50903517049038,0.036144616491721
2017,1,0.319,1500,1,1.29,"Missing",0.693071553485104,0.814518598462035
2017,1,0.275,2000,1,1.4,"Missing",0.987792590936919,4.39342967984874
2017,0,0.187,1775,0,0.9,"D",0.00335210186854314,-5.69480997369819
2017,0,0.176,8000,0,0.66,"B",0.00300627989231923,-5.80404107293981
2017,0,0.088,3500,0,0.46,"AA",0.00823338617096571,-4.79129043881601
2017,0,0.165,1100,0,0,"Missing",0.625048321519934,0.511031800898593
2017,0,0.253,15000,0,0.96,"C",0.0474400590111349,-2.99968603659324
2017,0,0.11,3900,0,0.53,"A",0.000398849674828764,-7.82652703764295
2017,1,0.242,6001,0,0,"D",0.948078578337801,2.90470593355749
2017,0,0.143,9900,0,0.86,"B",0.000982102443123922,-6.92483234912901
2017,0,0.165,9999,0,0.83,"C",0.101853615413837,-2.17679642732722
2017,0,0.077,1000,0,0,"AA",0.000118935273874706,-9.03681218750131
2017,1,0.319,4000,0,0.98,"Missing",0.87841194088939,1.97747689796477
2017,0,0.187,4990,0,0.9,"C",0.00929651625679611,-4.6687755464818
2017,0,0.209,8500,0,0.79,"C",0.000355741606496485,-7.94095011020086
2017,1,0.319,3500,0,0,"Missing",0.97447754688374,3.64234289892713
2017,0,0.165,14000,1,0.25,"A",0.0972205922603069,-2.22849569179807
2017,0,0.319,5000,1,0.7,"C",0.126844300509987,-1.92915353577473
2017,0,0.242,15000,0,0.94,"C",0.280271588515985,-0.943114842529063
2017,0,0.11,2000,0,0,"AA",0.000884805365625613,-7.0292576659534
2017,0,0.198,20000,0,0.67,"B",0.000610413399335242,-7.40076352672875
2017,0,0.154,14500,0,0.48,"A",0.0034758366048246,-5.65843818799193
2017,1,0.275,9000,0,0.99,"Missing",0.980935031053758,3.94065366563575
2017,0,0.22,15000,1,0.8,"B",0.000261119054431103,-8.25027295424756
2017,0,0.22,8000,0,0.91,"D",0.0115381150671006,-4.4504941747116
2017,0,0.209,7500,0,0.57,"C",0.0536416399456904,-2.87029568231222
2017,0,0.077,3000,1,0.09,"AA",0.000426712770450204,-7.75897263597541
2017,0,0.143,6001,0,0.94,"A",7.51731811038882e-05,-9.49564084886766
2017,1,0.165,1200,1,0,"Missing",0.994897943760576,5.27299652013908
2017,0,0.176,3300,0,0.3,"C",0.00164714956246289,-6.40706051528053
2017,0,0.209,5000,0,0.42,"B",0.0320845164594868,-3.40677121259359
2017,1,0.319,20000,0,0.89,"C",0.00355263214057101,-5.63650754445923
2017,0,0.187,25000,0,0.06,"AA",0.000174453648835775,-8.65367700545573
2017,0,0.275,8500,0,0.78,"D",0.0016518932300478,-6.40417997758361
2017,0,0.22,17850,0,0.43,"C",0.0156492952620575,-4.14155635601449
2017,0,0.165,3000,0,0.46,"B",0.000567214138252066,-7.47420628159552
2017,0,0.253,5300,0,0.45,"D",0.142623119447972,-1.79367196639538
2017,0,0.099,3500,0,0.1,"AA",7.40048063867926e-06,-11.8139582081825
2017,0,0.176,2000,1,0,"C",0.00255302744575225,-5.9679190984102
2017,0,0.132,22000,0,0.37,"AA",1.75268477318868e-06,-13.25436003685
2017,0,0.275,10000,0,0.93,"B",0.00319245664679947,-5.74376698644422
2017,0,0.11,4000,0,0.16,"A",0.00536843578125579,-5.22183580368669
2017,0,0.121,2500,1,0,"B",0.0165756615547656,-4.08310525587312
2017,0,0.22,9000,0,0.92,"C",0.0269150755612585,-3.58778479999146
2017,0,0.275,3001,1,0.84,"D",0.0140859743625131,-4.24838957945417
2017,0,0.187,5000,1,0.08,"C",0.0121898231304298,-4.39488911662506
2017,0,0.165,10500,0,0.84,"C",0.000283706026732151,-8.16728822676821
2017,0,0.121,6475,0,0.1,"AA",0.000192848884558155,-8.55341078983122
2017,1,0.187,7500,0,0.62,"D",0.968326446194513,3.4200872003494
2017,1,0.22,1000,0,1,"Missing",0.909976164704548,2.31334393465213
2017,0,0.154,8000,0,0.21,"B",0.0041664588437606,-5.47651363936533
2017,0,0.165,1700,0,0.83,"D",0.6374945674107,0.564506294651889
2017,0,0.187,10000,0,0.84,"C",0.000326654201256395,-8.02628172755069
2017,0,0.132,4000,0,0,"B",0.000130594183717433,-8.94328527449035
2017,0,0.22,10000,0,0.64,"D",0.00515056094193332,-5.2634857786714
2017,0,0.132,9000,0,0.12,"A",0.00368929711658629,-5.59862320302602
2017,0,0.209,13000,0,0.82,"C",0.000362795191932573,-7.92130923145964
2017,0,0.099,3001,0,0.34,"AA",0.00124683428433934,-6.68589990035423
2017,0,0.165,10000,0,0.16,"A",8.37040215165517e-05,-9.38813982730543
2017,0,0.132,2500,0,0,"C",0.264406570364552,-1.02318960294856
2017,1,0.154,15000,0,0.59,"AA",0.159997206217589,-1.65824886382196
2017,0,0.187,4990,0,0.9,"C",0.00325246650780319,-5.72508387772708
2017,1,0.154,25000,1,0.63,"AA",0.902134224807373,2.22116641801864
2017,0,0.165,2000,0,0.87,"D",0.181432006786468,-1.50667549861079
2017,0,0.275,4500,1,0.2,"D",0.0252815345860803,-3.65207440487936
2017,0,0.165,7500,1,0,"A",0.00400529405240929,-5.51612494310603
2017,0,0.319,2550,1,1.51,"D",0.0368922719726697,-3.26216317517424
2017,0,0.132,15000,0,0,"AA",0.000104879768247643,-9.16259104293342
2017,0,0.319,20000,0,0.89,"C",0.00477384621768736,-5.33981768663375
2017,0,0.22,25000,1,0.87,"C",0.0676776465350078,-2.62292268642745
2017,0,0.077,2000,1,0.81,"Missing",0.366597449407188,-0.546841782970164
2017,0,0.275,4000,0,0.45,"D",0.00853373553907579,-4.75515772743945
2017,0,0.165,3000,0,0.46,"B",4.54817233404053e-05,-9.99815451477292
2017,0,0.319,3600,0,0.3,"Missing",0.105501751980238,-2.13753538510685
2017,0,0.143,9000,0,0.26,"AA",0.0038299475326157,-5.56106687437722
2017,0,0.253,6001,0,0.24,"D",0.0105950351449054,-4.53671820799085
2017,0,0.187,1000,0,0.89,"Missing",0.337491393399983,-0.67449353992002
2017,0,0.319,15000,0,0,"AA",0.0032533825234814,-5.72480136113803
2017,0,0.132,4500,0,0.09,"AA",0.000697676840476981,-7.26705662133901
2017,0,0.264,1550,0,1.09,"Missing",0.57733734854199,0.311852408600578
2017,0,0.121,5000,1,0.45,"B",0.00626235325059916,-5.06691720184891
2017,1,0.297,2400,0,0,"Missing",0.867421790282317,1.8783526191522
2017,0,0.165,9500,0,0.37,"C",0.0466546621179838,-3.01720434673013
2017,0,0.088,3500,0,0.46,"AA",0.00462837616096858,-5.37091007331559
2017,0,0.187,1275,0,0.91,"A",3.92911412261097e-05,-10.1444721866794
2017,1,0.264,3000,0,0.4,"Missing",0.99908841431131,6.99941295839194
2017,0,0.121,15000,0,0.01,"AA",1.22290665604971e-06,-13.6142788050179
2017,1,0.165,2890,1,0,"D",0.852790029452767,1.75665342310422
2017,0,0.242,4500,1,0.68,"D",0.000999955165706039,-6.90679965882677
2017,1,0.22,3500,0,0.8,"D",0.462431107061406,-0.150559336545272
2017,1,0.319,2500,0,0,"Missing",0.942736232849597,2.80111844508132
2017,0,0.132,4000,0,0.43,"B",0.00154675205919009,-6.47005004273779
2017,0,0.319,12000,1,0.18,"C",0.0633899226660986,-2.69296215585154
2017,0,0.319,2501,0,1.22,"Missing",0.199902017150847,-1.3869068664744
2017,0,0.165,15000,0,0.65,"B",0.00106166346492556,-6.84685606697059
2017,0,0.165,9999,0,0.57,"B",0.00111111179314043,-6.80128241996264
2017,0,0.11,3000,0,0.04,"AA",0.0103096113494463,-4.56431555462549
2017,0,0.165,12000,0,0.94,"B",0.004801603409931,-5.33399220497092
2017,0,0.187,25000,0,0.11,"A",0.000303978907486865,-8.09824821711364
2017,0,0.22,8000,0,0.87,"D",0.12688947326272,-1.92874573521421
2017,0,0.165,3200,0,0.7,"C",0.0155765603195652,-4.14628888868034
2017,0,0.176,3800,0,0,"B",0.000143454870401939,-8.84934659903908
2017,1,0.198,1500,0,0.1,"C",0.563752364663239,0.256405032262231
2017,0,0.198,5000,0,0.12,"C",0.014295864915763,-4.23338591501714
2017,0,0.154,9500,0,0.77,"A",7.62195232989837e-05,-9.48181669438727
2017,0,0.209,8750,0,0.73,"D",0.000139168161491058,-8.87968838329977
2017,0,0.22,3500,0,0,"Missing",0.0215094946883188,-3.81751663241829
2017,0,0.22,7000,0,0.28,"C",0.0607918082164512,-2.73758212450947
2017,0,0.121,6000,0,0.4,"AA",2.8223905470084e-06,-12.7779234980193
2017,0,0.11,4999,0,0.06,"AA",0.00234589565379387,-6.05273935651086
2017,0,0.22,2550,0,0,"AA",3.42891320793268e-06,-12.5832637670738
2017,0,0.165,2890,1,0,"D",0.436907485820449,-0.253722468471846
2017,0,0.165,6000,0,0.39,"B",5.81228800594035e-06,-12.0555304475073
2017,0,0.066,9600,1,0.16,"C",0.00162593909199606,-6.4200424649896
2017,0,0.165,15000,1,0.72,"C",0.00798996533976406,-4.82154680100178
2017,0,0.088,2750,0,0.01,"AA",0.000125947073162901,-8.97952283851783
2017,1,0.319,1000,1,0.67,"Missing",0.379741382773059,-0.490646066249881
2017,0,0.264,4500,0,0.72,"D",0.004011195693284,-5.51464664211692
2017,0,0.165,7000,0,0.95,"C",0.0728733900358584,-2.54336658427339
2017,0,0.198,2500,0,0.87,"D",0.0137056866490115,-4.27614397172501
2017,0,0.154,16500,0,0.2,"AA",2.6869457321231e-07,-15.1296902492902
2017,0,0.308,12000,0,0,"Missing",0.0543982970649199,-2.85548859813624
2017,0,0.187,10000,1,0.6,"A",0.225372284473808,-1.23462891435002
2017,0,0.176,3500,1,0.51,"C",0.0001847295680457,-8.59643285006457
2017,0,0.165,8000,0,0.64,"B",0.0571741644060689,-2.8027794486058
2017,1,0.165,4000,0,0,"C",0.79366972070298,1.3471892233816
2017,0,0.099,5400,0,0.18,"AA",4.33583431754729e-05,-10.0459680531775
2017,0,0.11,6500,0,0.34,"A",8.26501907385103e-05,-9.40081077230748
2017,0,0.11,1000,0,0.24,"A",0.00554241684987459,-5.18976678583381
2017,0,0.22,15000,0,0.65,"B",0.0150216528091712,-4.18312697754378
2017,0,0.231,9800,0,0.7,"D",0.313895900927867,-0.78196795889787
2017,0,0.11,1000,0,0.56,"A",0.000938745015823153,-6.97002747836329
2017,0,0.242,4000,0,0.47,"B",0.00559336248204809,-5.18056559138263
2017,0,0.22,1000,1,0.42,"C",0.0124802272327656,-4.37105094910107
2017,1,0.308,3001,0,0,"Missing",0.979578693035214,3.87054375932241
2017,0,0.088,2000,0,0.06,"AA",0.00573340796922869,-5.15569525897996
2017,0,0.143,25000,0,0.1,"AA",7.60545083922765e-06,-11.7866377465806
2017,0,0.154,3500,0,0.65,"B",0.000122102264948917,-9.01052951734945
2017,0,0.319,1550,0,0,"Missing",0.288919824298899,-0.900635963093104
2017,0,0.187,2000,0,0.74,"B",0.00028317118473941,-8.16917573883772
2017,0,0.154,14100,0,0.73,"B",0.000141292018753093,-8.86454045227608
2017,0,0.121,1000,0,0.05,"C",1.19104051605397e-05,-11.3380862461824
2017,1,0.319,2500,0,0,"Missing",0.975844764654804,3.69880238007073
2017,1,0.264,14900,0,0.93,"D",0.377858268643795,-0.498648756068652
2017,0,0.165,5000,0,0.73,"B",0.00889381093601108,-4.71346604764761
2017,0,0.209,4000,0,0.9,"D",0.00167875416267126,-6.38802316565497
2017,0,0.198,7000,0,0.95,"C",0.00041663622608783,-7.78288035335099
2017,0,0.264,9000,0,0.64,"D",0.0146127685964469,-4.21113898433711
2018,1,0.308,9900,0,0.33,"D",0.450428885501196,-0.198937974445771
2018,0,0.154,6000,0,0.03,"AA",0.000289923068998409,-8.14560498438755
2018,0,0.286,10000,0,0.88,"D",0.00395597049233854,-5.52856550817184
2018,1,0.275,5100,0,1.02,"Missing",0.945619908991455,2.85584258800878
2018,0,0.209,6001,0,0.52,"C",0.000131269840338664,-8.9381242249747
2018,0,0.264,3500,0,0,"C",0.00873207416181098,-4.73198192510067
2018,1,0.319,2000,0,0,"Missing",0.153109394710177,-1.71041886679998
2018,0,0.176,15000,0,0.46,"AA",2.30752730603074e-05,-10.6767258685066
2018,1,0.253,13100,0,0.71,"D",0.097810431734078,-2.22179342705562
2018,1,0.286,4000,0,0.99,"Missing",0.453530088607592,-0.186417634289092
2018,1,0.319,3000,0,0.94,"Missing",0.996528325755631,5.65964059572277
2018,1,0.319,3500,1,0.95,"Missing",0.859194163426135,1.80861303489445
2018,0,0.088,1000,0,0.78,"A",4.79368837573492e-05,-9.94557739601367
2018,0,0.165,6000,0,0.72,"B",0.000140319470430434,-8.87144847404483
2018,1,0.308,5000,0,0.96,"Missing",0.93070721965124,2.59760402729145
2018,0,0.165,5000,0,0.17,"B",6.27018565415721e-06,-11.9796983236391
2018,0,0.22,2018,0,0,"Missing",0.00576802339043094,-5.14964110111832
2018,0,0.165,3500,0,0.32,"A",0.0256769193917937,-3.6361504433301
2018,0,0.22,2000,1,0.78,"D",0.00145034646056305,-6.53450141354049
2018,0,0.275,4500,1,0.2,"D",0.00404408388471259,-5.50644795172845
2018,1,0.165,1100,0,0,"Missing",0.997742847767073,6.09139163074411
2018,0,0.099,1000,1,0.05,"AA",1.28231990959905e-05,-11.2642417748514
2018,0,0.088,1000,0,0.05,"AA",1.50180734479544e-06,-13.4088397768226
2018,0,0.11,3500,1,0.21,"AA",0.000294336978882669,-8.13049088001578
2018,0,0.165,25000,0,0.04,"A",7.19992113712469e-05,-9.53878339038189
2018,1,0.154,6000,0,0.03,"AA",0.341419628609296,-0.656974262791885
2018,0,0.275,3000,0,0.73,"D",0.00811824697498961,-4.80548965851386
2018,0,0.143,5000,0,0.32,"B",0.000304999747182629,-8.09489456399755
2018,0,0.088,2300,0,0.18,"AA",6.12691004127925e-05,-9.7001736427009
2018,0,0.264,5500,0,0,"D",0.000616600927858315,-7.39067174661118
2018,0,0.077,1000,0,0.02,"AA",4.78127064994137e-05,-9.9481713135953
2018,1,0.209,8750,0,0.73,"D",0.889467389823021,2.08531225304554
2018,0,0.253,5300,0,0.45,"D",0.00108281669838459,-6.82710617548952
2018,1,0.231,4900,0,0,"D",0.318516371001081,-0.760598354827563
2018,1,0.319,2550,1,0.76,"Missing",0.848410253943341,1.72218647605874
2018,0,0.275,4000,0,0.46,"C",0.0656915780425333,-2.65483587076354
2018,0,0.319,16000,1,0,"D",0.0529974946796338,-2.88305709647697
2018,0,0.165,1000,0,0.27,"A",0.00893830355870553,-4.70843097649924
2018,1,0.242,6001,0,0,"D",0.990369231230139,4.63311478108803
2018,0,0.099,2500,0,0.28,"AA",0.0614088825316882,-2.72682544838926
2018,1,0.099,2500,0,0.1,"AA",0.992899111618074,4.94040915886982
2018,0,0.143,17500,0,0.08,"AA",3.51975917753437e-05,-10.2544976949626
2018,0,0.11,14000,0,0.26,"AA",2.77245513070789e-05,-10.4931644836173
2018,1,0.319,2000,1,0,"Missing",0.999927021337355,9.52527047074693
2018,0,0.253,6500,0,0.75,"D",0.0216735055293985,-3.80975288200785
2018,0,0.22,9000,0,0.94,"D",0.53125991687927,0.125202966079538
2018,0,0.165,4000,0,0.46,"B",6.01680221191953e-06,-12.0209486169901
2018,0,0.253,9500,0,0.53,"D",0.00142674544879518,-6.55093157424384
2018,0,0.264,3000,0,0,"Missing",0.0346771691934356,-3.32638106299513
2018,0,0.264,10000,0,0.57,"D",3.13860162121053e-05,-10.3691167212997
2018,1,0.22,1000,0,0,"Missing",0.983058053344156,4.06087557835143
2018,0,0.264,3000,0,0.85,"Missing",0.00429753971036935,-5.44540577973147
2018,0,0.319,4000,1,0.94,"D",0.47834222223955,-0.0866853522919858
2018,0,0.099,5000,0,0.08,"A",0.00628038278272209,-5.06402416034642
2018,0,0.132,7500,0,0.81,"A",0.000454491815818986,-7.69587605637927
2018,0,0.165,9999,0,0.57,"B",0.00146943715420207,-6.52140532197408
2018,0,0.11,8000,0,0.45,"AA",0.000605544603485782,-7.40877660577387
2018,0,0.231,9500,0,0.73,"D",0.498430861059556,-0.00627657636738688
2018,1,0.319,3001,0,0.84,"Missing",0.989310555488065,4.52775153157509
2018,1,0.121,1000,1,0.97,"Missing",0.797262113767944,1.36926955631913
2018,0,0.22,25000,0,0.08,"B",0.00289283348333149,-5.8426217873066
2018,1,0.264,3000,0,0.4,"Missing",0.733287518449218,1.01136664382636
2018,1,0.264,3500,0,0.94,"Missing",0.965099371067427,3.31972622120019
2018,1,0.319,1800,0,0.85,"Missing",0.988165676350827,4.42484627932984
2018,0,0.154,7000,0,0.32,"A",0.010923841756725,-4.50582361628924
2018,0,0.253,15900,0,0.74,"D",0.000137709707394242,-8.89022493883398
2018,0,0.242,3200,0,0,"D",0.0213426747741313,-3.82547297706433
2018,0,0.154,7750,0,0.59,"C",0.00494192508435216,-5.30504615372686
2018,0,0.11,1000,0,0.2,"A",0.000712327823900494,-7.24625974403976
2018,1,0.319,12000,1,0.97,"D",0.278202306466012,-0.953396326636367
2018,1,0.22,6500,1,0.9,"C",0.313048300473068,-0.785906490139968
2018,0,0.308,9000,0,0.7,"D",0.0350061392682299,-3.31659828561176
2018,1,0.319,1000,1,1,"Missing",0.674334163574617,0.727853965689655
2018,0,0.22,8000,0,0.79,"C",3.28983836468811e-05,-10.3220541317492
2018,0,0.165,5500,1,0,"C",0.0139932097221703,-4.25509104916032
2018,0,0.253,8000,0,0.75,"C",0.000975297215929528,-6.93179252344122
2018,0,0.319,2000,0,0,"Missing",0.0814555002521117,-2.42273348981157
2018,0,0.165,9999,0,0.31,"A",0.000875100042273516,-7.04029686094957
2018,0,0.077,1325,0,0.02,"AA",0.000102880975262424,-9.18183493164059
2018,0,0.066,1000,0,0.04,"AA",1.83064829259138e-05,-10.9082369959544
2018,0,0.242,4000,0,0.47,"B",0.300109580029674,-0.846776105161633
2018,0,0.198,15000,1,0.02,"C",0.101700906970835,-2.17846685746677
2018,1,0.22,1500,0,0.53,"D",0.956522432029847,3.09105911456637
2018,0,0.165,4999,0,0.89,"C",0.0020755571086176,-6.17544796119227
2018,0,0.297,12000,1,0,"D",0.00579356718795436,-5.14519666746508
2018,0,0.22,10000,0,0.35,"C",0.00544730563351543,-5.20717197542065
2018,0,0.275,5100,0,1.02,"Missing",0.719967685420708,0.944301323920899
2018,0,0.275,8500,1,0.73,"D",0.0843485888762746,-2.38467765723686
2018,0,0.297,1800,1,0.1,"Missing",0.772008997822987,1.21969004112817
2018,0,0.198,25000,0,0.69,"B",1.47850594208886e-05,-11.121878600501
2018,0,0.143,10000,0,0.53,"A",0.000209373374356897,-8.47118202438463
2018,0,0.143,15000,0,0,"B",5.70390982128017e-06,-12.0743529807847
2018,0,0.264,4500,0,0.72,"D",0.00321697934399019,-5.73609028669159
2018,1,0.319,3000,1,0,"Missing",0.979264143915339,3.85493703627795
2018,0,0.198,5500,0,1.02,"C",0.000311370679692286,-8.07421504024703
2018,0,0.099,1400,1,0.9,"D",0.00452719424670767,-5.39311542993973
2018,0,0.209,10300,0,0.38,"B",0.000288517925421591,-8.15046478121449
2018,1,0.286,5500,0,0.99,"Missing",0.775228004235537,1.23807064884085
2018,0,0.154,5000,0,0,"B",0.00726199706106078,-4.9178119169724
2018,0,0.253,4000,1,1,"Missing",0.457360488630332,-0.170973320842206
2018,0,0.209,12500,0,0.02,"AA",1.03500679092053e-05,-11.4785071268771
2018,0,0.198,5000,1,0,"D",0.0178669658314945,-4.00677324828703
2018,0,0.165,2550,0,0.98,"Missing",0.127387582563845,-1.92425722068974
2018,0,0.121,8000,0,0,"A",0.00178674939018624,-6.32556894563118
2018,0,0.154,8000,0,0.92,"B",5.84979182500808e-08,-16.6542746103126
2018,0,0.165,5000,0,0.73,"B",2.75514375642897e-06,-12.8020381813812
2018,1,0.319,25000,1,0.96,"Missing",0.868872122008607,1.89102294416355
2018,0,0.132,13000,0,0.36,"AA",8.38950852030395e-05,-9.38585962682715
2018,0,0.198,3001,0,1,"Missing",4.7817174117597e-05,-9.94807787351596
2018,0,0.121,23500,0,0.02,"AA",0.000150292513729768,-8.80277676748758
2018,0,0.264,6000,0,0.52,"D",0.03829987123991,-3.22325615130772
2018,0,0.165,3000,0,0.46,"B",0.0238410629834834,-3.71221598902256
2018,1,0.198,5000,0,0.12,"C",0.458249477303209,-0.167391859163844
2018,0,0.297,2000,1,0,"Missing",0.00670251641388286,-4.99854715978606
2018,1,0.242,2500,1,0.63,"D",0.970819070225735,3.50462471148927
2018,0,0.121,2500,1,0,"B",0.00899559453967281,-4.70198401788743
2018,0,0.297,6500,0,0.67,"D",0.252324059628825,-1.08625543701052
2018,0,0.198,15000,0,0.26,"B",0.0258048029906955,-3.63105105413915
2018,1,0.275,2550,0,0,"Missing",0.925785831889134,2.52368784800298
2018,0,0.319,4000,0,0.77,"Missing",0.180748143031207,-1.51128696694579
2018,0,0.198,3002,1,0.8,"D",0.00346195486772081,-5.66245389748874
2018,0,0.099,3000,0,0.13,"A",0.000281062234891855,-8.17665333492907
2018,0,0.319,7000,1,0,"Missing",0.253673047103561,-1.07911755713307
2018,0,0.198,2550,0,0.28,"D",0.429540872282225,-0.283724624452211
2018,1,0.253,2000,0,0.9,"Missing",0.967312044614467,3.38751446368222
2018,0,0.187,25000,0,0.67,"A",0.00574050657374395,-5.15445077266848
2018,0,0.165,7700,0,0.38,"C",0.00289506676923772,-5.84184783900228
2018,1,0.319,10000,1,0.9,"Missing",0.998273036599398,6.35966221619263
2018,0,0.165,14000,1,0.25,"A",0.371116136995243,-0.527431550796149
2018,0,0.198,20000,1,0.43,"B",0.000366260934152656,-7.91179821571284
2018,0,0.209,6600,0,0.27,"C",0.0352374569819151,-3.30977236601226
2018,0,0.297,15000,0,0.94,"D",0.119395124886357,-1.99817065940614
2018,0,0.165,17500,0,0.55,"B",0.00350060393741562,-5.65131302643701
2018,0,0.165,18000,0,0.61,"B",0.00176558752177327,-6.33750462245257
2018,0,0.319,8500,1,0.93,"B",0.000143585737466485,-8.84843463149998
2018,0,0.231,25000,1,0.01,"B",0.0004168202981496,-7.782438461544
2018,0,0.11,7000,0,0.07,"AA",0.00828420131998074,-4.78508632746657
2018,0,0.132,15000,0,0,"A",0.000156448524714389,-8.7626270568876
2018,1,0.264,3000,0,0.92,"Missing",0.996150493413483,5.55595336323482
2018,0,0.165,10000,0,0.49,"A",0.000435569273761288,-7.73842104296985
2018,0,0.264,2500,1,0.96,"D",0.0985827303751875,-2.213072170799
2018,0,0.132,15000,0,0.55,"A",7.14321486196806e-05,-9.54669109447584
2018,0,0.121,15152,0,0.6,"A",0.177004306270263,-1.53677690676883
2018,1,0.286,1500,0,0,"Missing",0.99108160205338,4.710680546017
2018,0,0.121,10000,1,0.23,"AA",0.0896379442616545,-2.31806366843345
2018,0,0.22,8000,0,0.91,"D",0.484101867811507,-0.0636139724969467
2018,0,0.121,1500,0,0.07,"B",7.87286365192006e-05,-9.44942486762231
2018,1,0.319,5000,0,0.93,"Missing",0.980765557357468,3.93163088810768
2018,1,0.319,5300,0,0.83,"Missing",0.747410528509999,1.08484907531432
2018,0,0.165,1600,0,0.82,"C",8.66703720578408e-05,-9.3533117878891
2018,1,0.319,2700,0,0,"Missing",0.718967310012772,0.939344893738773
2018,0,0.165,6000,0,0.72,"B",0.00083197372186398,-7.09087738193588
2018,1,0.319,10000,1,0.72,"Missing",0.999929053257147,9.5535101137937
2018,0,0.132,12000,0,0,"AA",0.10173352878143,-2.17810983091392
2018,1,0.319,3000,1,0,"Missing",0.980919385115946,3.93981738782781
2018,0,0.275,8000,1,0.48,"D",0.00642704073402172,-5.04079329157772
2018,0,0.11,4500,0,0.69,"A",6.56483295259991e-05,-9.63113275220326
2018,0,0.242,24000,0,0.72,"B",5.64247673269786e-05,-9.78254593249027
2018,0,0.319,3000,1,1.01,"Missing",0.372262005342097,-0.522524951659652
2018,0,0.165,25000,0,0.16,"AA",1.718432037448e-05,-10.9714960115773
2018,1,0.264,3000,0,1.62,"Missing",0.900863694836796,2.20685824105633
2018,0,0.11,2500,1,0,"B",4.26566389176519e-05,-10.0622849781544
2018,0,0.121,1000,0,0.01,"AA",0.000317504291754609,-8.05470166767862
2018,1,0.319,3000,1,1.01,"Missing",0.998553471907277,6.53714143724153
2018,1,0.231,1000,0,0.42,"D",0.519813421978828,0.0792952107162872
2018,0,0.187,10000,0,0.85,"C",2.5024729851859e-05,-10.5956210029088
2018,0,0.132,6250,0,0.21,"AA",0.00714724027039276,-4.93385606880386
2018,0,0.077,1000,0,0.12,"C",0.000615806132539423,-7.39196236804998
2018,0,0.22,15000,1,0.8,"B",0.0195494056322077,-3.91506737264013
2018,0,0.297,4700,0,0,"D",0.0188500678900613,-3.95220876839866
2018,1,0.308,4000,0,0,"Missing",0.992922740750076,4.94376613597531
2018,1,0.319,2000,1,0,"Missing",0.917286339501473,2.40603491058238
2018,1,0.319,7600,0,0.94,"Missing",0.799217743515478,1.38141240889151
2018,0,0.132,2000,0,0.01,"AA",9.36365635286394e-05,-9.27599597382166
2018,0,0.165,4000,0,0.95,"C",0.000367774558957596,-7.90767257684212
2018,0,0.165,17500,0,0.55,"B",0.000181422258670533,-8.61450188418397
2018,0,0.165,3000,0,0.73,"D",0.043324595559469,-3.0947436530855
2018,1,0.253,19000,0,0.95,"C",0.868145539983577,1.88466063472744
2018,0,0.165,11000,0,0.42,"A",0.00187353952712342,-6.27805054514467
2018,0,0.275,3001,1,0.84,"D",0.0732664889103736,-2.53756272254098
2018,1,0.253,8000,0,0,"D",0.135090234751081,-1.85668222314063
2018,0,0.253,9600,0,0.94,"D",0.00613493274732735,-5.08760233423942
2018,0,0.176,3500,0,0.83,"C",5.97814189476519e-05,-9.72475588202413
2018,0,0.099,3001,0,0.34,"AA",1.14035938611186e-05,-11.3815705976108
2018,0,0.264,9500,0,0.86,"D",0.0024517509415304,-6.00849807826362
2018,0,0.209,4000,0,0.85,"C",0.507166221817539,0.0286668502823648
2018,1,0.264,15000,1,0.81,"D",0.6184407365932,0.482935187486964
2018,0,0.077,1000,0,0,"AA",0.0501008682896707,-2.94231746273858
2018,0,0.319,23250,0,0.92,"C",0.0584070420896099,-2.78013661077263
2018,1,0.319,10000,1,0.9,"Missing",0.996552363797611,5.6666128485
2018,1,0.253,10000,1,0.72,"D",0.958759203872056,3.14621198878821
2018,0,0.154,4000,0,0.18,"B",0.000493560921884594,-7.61337057534572
2018,0,0.121,1500,0,0.39,"B",0.000397098745929597,-7.83092840029357
2018,1,0.253,1600,0,0.74,"Missing",0.728054934501712,0.984776424011655
2018,0,0.187,6500,0,0.79,"C",0.0575563505635329,-2.79571165143067
2018,0,0.198,3100,0,0.98,"C",0.00656057336388559,-5.02009508829851
2018,0,0.319,12000,1,0.18,"C",0.131687971909334,-1.88611585431775
2018,0,0.165,15000,0,0.01,"AA",7.93284492990536e-05,-9.44183440671736
2018,0,0.253,3250,0,0.93,"D",0.0029569339860662,-5.82064104863951
2018,0,0.264,25000,0,0.85,"B",0.000488736966348588,-7.62319725790056
2018,0,0.099,5000,0,0.18,"AA",0.00754783773524382,-4.87891768261048
2018,0,0.165,5000,0,0.85,"C",4.85831312352026e-05,-9.9321855969233
2018,1,0.176,17000,0,0,"A",0.336963761856803,-0.676854253536814
2018,0,0.275,9000,0,0.78,"D",0.0039892997748396,-5.52014228025179
2018,0,0.253,6000,0,0,"C",0.00808735613285757,-4.80933317194822
2018,0,0.187,10000,0,0.84,"C",0.00133248471848474,-6.61937649702852
2018,0,0.264,17500,0,0.15,"D",0.214302095787868,-1.29918569064023
2018,1,0.264,3500,0,0.83,"Missing",0.564915477124921,0.261135804272778
2018,0,0.165,9990,0,0.2,"A",0.0124422135557072,-4.37414000293793
2018,0,0.275,8500,0,0.87,"C",0.0382016183216036,-3.22592696709028
2018,0,0.198,1000,1,0.61,"D",0.00630979845392637,-5.05932175431081
2018,0,0.11,3000,1,0.32,"A",0.00147581498605848,-6.51706800378582
2018,1,0.319,3000,1,0.95,"Missing",0.999989866454599,11.4996491770939
2018,0,0.143,10200,0,0.95,"A",7.42175987496727e-06,-11.8110869272056
2018,0,0.187,25000,0,0.34,"AA",0.00166871153799746,-6.39403337908444
2018,0,0.187,10000,0,0.76,"C",0.020805314344211,-3.8515220331215
2018,0,0.198,10000,0,0.96,"C",0.000369765247813082,-7.90227238542654
2018,0,0.319,22000,0,0,"D",0.175776418610995,-1.54522899108155
2018,1,0.264,3000,0,0,"Missing",0.967780152119025,3.40242228942558
2018,1,0.319,2550,1,0,"Missing",0.999489287977346,7.57919384058737
2018,0,0.22,12500,0,0.52,"A",0.000176879175074313,-8.63986679036489
2018,0,0.209,13500,0,0.78,"B",0.0647235968649175,-2.6707162569358
2018,0,0.165,18000,0,0.12,"B",0.00221451219387625,-6.11050616038514
2018,0,0.22,3000,0,0.27,"D",0.0606392194620578,-2.74025775365742
2018,0,0.286,7225,0,1.01,"Missing",0.554280667859618,0.217981725349633
2018,0,0.198,17000,0,0.23,"B",0.00106644953039432,-6.84235332522979
2018,0,0.187,2550,0,0.25,"C",0.00756889833788597,-4.87611006431451
2018,0,0.121,10000,0,0.43,"AA",0.0212280466833368,-3.83097541290374
2018,0,0.077,1500,1,0.91,"Missing",0.0420367147785242,-3.12626605501274
2018,1,0.319,2550,0,0.95,"Missing",0.978172857191084,3.80253212171148
2018,0,0.143,5500,0,0.34,"B",0.0143967715569338,-4.22624988437497
2018,1,0.308,11000,0,0.84,"Missing",0.994257414726229,5.15408663660652
2018,1,0.319,5000,1,0,"Missing",0.990447988195077,4.64140556159547
2018,0,0.154,8000,0,0.92,"B",0.00203891399623823,-6.19329697225123
2018,1,0.319,5000,0,0.6,"Missing",0.273848431466532,-0.975183981616586
2018,0,0.22,2500,0,0.78,"Missing",0.342387873582585,-0.652671056286011
2018,0,0.198,5000,1,0,"D",0.479590167130822,-0.0816847205752902
2018,1,0.275,5000,1,1.1,"Missing",0.805134432128014,1.41869933461542
2018,0,0.231,4000,1,0.91,"D",0.257619414722441,-1.05837867073211
2018,0,0.253,3000,1,0.7,"D",0.048930820335874,-2.96717933336633
2018,0,0.132,25000,1,0.22,"AA",0.00220167382152101,-6.11633327886799
2018,1,0.264,3500,0,0.8,"Missing",0.666832322692021,0.693892725336556
2018,0,0.143,21000,0,0.24,"A",0.00015720484421583,-8.75780364561944
2018,0,0.165,5000,0,0.41,"B",3.24178167387416e-08,-17.2445576335257
2018,1,0.242,2000,1,0.84,"D",0.722228101409091,0.955540750703602
2018,0,0.099,5000,1,0,"AA",0.000340590017692392,-7.98449045014177
2018,0,0.319,7500,1,0.09,"D",0.792399326820092,1.33944907131421
2018,0,0.198,15000,0,0.29,"C",0.00108143205552022,-6.82838712161899
2018,0,0.22,5000,1,0,"C",0.117715614264215,-2.01424276982792
2018,0,0.22,2300,0,0.86,"C",0.00716475501687999,-4.93139086479474
2018,0,0.176,25000,0,0.63,"A",0.008904821046631,-4.7122177523522
2018,1,0.264,7500,0,0,"C",0.581716177378374,0.329822457453417
2018,0,0.209,4400,0,0.98,"D",0.0910856552449269,-2.30045052931394
2018,0,0.198,12000,0,0.93,"B",3.21098291200727e-05,-10.3463162612367
2018,0,0.165,20000,0,0.37,"A",0.252089791300739,-1.08749759019108
2018,0,0.286,25000,1,0.09,"B",0.0350372441143631,-3.31567789238613
2018,1,0.22,1100,0,0,"Missing",0.890336216527024,2.09417999153554
2018,0,0.187,1850,0,0.68,"D",0.0831594581322391,-2.40017361904046
2018,1,0.286,1500,0,0,"Missing",0.94750954593528,2.89320568604524
2018,0,0.099,6001,0,0.22,"AA",0.000172620289159645,-8.66424360086191
2018,1,0.231,4000,0,0,"D",0.728288223492547,0.98595502195339
2018,0,0.22,2850,0,0.7,"C",0.49511515862654,-0.0195399871854365
2018,0,0.198,10000,0,0.87,"C",0.00672910989625573,-4.99456055073431
2018,1,0.319,3500,0,0.88,"Missing",0.930173873713033,2.58936328781371
2018,0,0.275,4000,1,0.47,"C",0.00225065526220482,-6.09428068572438
2018,1,0.319,4500,1,0.6,"Missing",0.940827624607567,2.76630513850513
2018,0,0.187,5000,1,0.28,"B",0.00325126350455121,-5.72545502721526
2018,1,0.187,7100,0,0.95,"D",0.80254144270846,1.4022547698512
2018,0,0.242,2500,1,0.74,"D",0.00250825423134931,-5.98565688801626
2018,0,0.165,5000,0,0.53,"A",0.0267300016030958,-3.59487494421242
2018,1,0.319,2550,1,0,"Missing",0.998371880471005,6.41870014698268
2018,1,0.253,8000,0,0,"D",0.654258823945118,0.637812579387012
2018,0,0.264,4800,1,0,"C",0.0209844906424798,-3.8427638604119
2018,0,0.242,25000,1,0.69,"AA",0.000405086868614368,-7.8110038545132
2018,0,0.253,8200,0,0.44,"C",0.0411598621436787,-3.14826080259797
2018,0,0.209,9750,0,0.78,"B",0.0142624071196654,-4.23576298324033
2018,0,0.176,8000,0,0.66,"B",0.000313259288831835,-8.06816600316852
2018,0,0.286,3000,1,0,"Missing",0.235521832888412,-1.17738984875732
2018,0,0.11,3000,0,0.2,"AA",0.0176687929663407,-4.0181285553003
2018,1,0.22,1500,0,0.88,"Missing",0.48323546031531,-0.0670833046109709
2018,0,0.165,3010,0,0.34,"AA",0.00189250114739876,-6.26796167217526
2018,0,0.22,5000,0,0,"C",0.00423860244525174,-5.45927406525638
2018,0,0.264,15000,0,0.85,"C",0.00168357804945898,-6.38514896215315
2018,1,0.319,4000,1,0.98,"Missing",0.999936307535465,9.66138060404996
2018,0,0.209,7000,0,1,"C",0.0537384299574347,-2.86839064470369
2018,0,0.253,8000,1,0.74,"D",0.00763294323533337,-4.86761953970064
2018,0,0.297,12000,1,0,"D",0.419180174900916,-0.326139757861498
2018,0,0.154,9500,0,0.77,"A",0.183885125694046,-1.49024387662977
2018,0,0.165,16000,0,0.24,"C",0.00439641709070661,-5.42255925759355
2018,0,0.165,20000,0,0.37,"A",9.43768392880388e-05,-9.26812048014715
2018,0,0.066,1000,0,0.04,"AA",1.80634728468864e-05,-10.9216006698708
2018,0,0.099,9000,0,0.37,"AA",0.00104508830000098,-6.86260826474093
2018,0,0.22,5000,0,0.61,"C",0.0410331497954787,-3.15147623562593
2018,1,0.319,2550,0,0.43,"Missing",0.413501187786524,-0.349510255901592
2018,1,0.319,4750,1,1.19,"Missing",0.791512380813173,1.33406586233687
2018,0,0.121,7000,0,0,"AA",0.000295291228102822,-8.12725313985662
2018,1,0.319,2600,0,0.98,"Missing",0.977993313873741,3.79415651146602
2018,0,0.275,3500,1,0,"D",0.0451813761774452,-3.05083642928679
2018,0,0.165,2500,0,0.24,"C",0.00161395926612734,-6.42744968419071
2018,0,0.253,6001,0,0.88,"D",0.217817322463886,-1.27843157510522
2018,0,0.253,6001,0,0.81,"D",0.292812008514453,-0.881765736881672
2018,1,0.22,2500,0,0.78,"Missing",0.643448627754403,0.590363860156524
2018,1,0.319,7200,0,1.15,"Missing",0.995536360323229,5.40731714326958
2018,0,0.275,25000,0,0.57,"D",0.604639290577253,0.424833529692479
2018,0,0.275,5500,0,0.49,"Missing",0.601056399587258,0.409868718489829
2018,0,0.319,6000,0,0,"Missing",0.498832012448241,-0.00467195870499637
2018,0,0.242,6001,0,0.69,"D",0.0107172757839745,-4.52512316082426
2018,1,0.253,1400,0,0,"Missing",0.915754369511619,2.38601146891089
2018,0,0.231,6000,0,0.89,"C",7.96929193774086e-05,-9.43725012095557
2018,0,0.253,8000,1,0.74,"D",0.439195932615376,-0.244425959261243
2018,0,0.275,15000,0,0,"C",0.000256362376785911,-8.26866218484576
2018,0,0.187,3000,0,0,"Missing",0.108530678445572,-2.10583814088103
2018,0,0.242,6001,1,0.22,"C",0.005855087287356,-5.1345720783558
2018,0,0.22,1000,1,0.42,"C",0.170307519958325,-1.58344938234408
2018,0,0.231,3000,0,0.04,"C",0.00219947952769493,-6.11733262299195
2018,0,0.187,9000,0,0.99,"C",0.176797957221864,-1.53819407006385
2018,0,0.121,14000,0,0.29,"AA",0.0277780815797032,-3.55533681219788
2018,1,0.319,5000,0,0.88,"Missing",0.998292807482416,6.37119640885372
2018,0,0.253,5000,0,0,"D",0.0512481662289301,-2.91846742505706
2018,1,0.154,6000,0,0.03,"AA",0.128875138638359,-1.91094130251513
2018,1,0.319,1800,0,1.11,"Missing",0.436040114547832,-0.257248878923334
2018,1,0.176,2000,1,0,"C",0.867444008321997,1.87854583114999
2018,0,0.121,15000,0,0.21,"A",0.00557984428387465,-5.18299893932668
2018,1,0.319,3500,0,0,"Missing",0.989504691374713,4.54627614646028
2018,1,0.319,8500,1,0.87,"Missing",0.973261922095812,3.59456454802307
2018,0,0.176,15000,0,0.46,"AA",0.00204386797144853,-6.19086524243173
2018,0,0.187,6500,0,0.45,"B",0.00211983437232945,-6.15429523520836
2018,0,0.209,15000,0,0.37,"C",0.00367483452289343,-5.60256557180006
2018,0,0.121,6001,0,0.28,"A",0.00290383396718983,-5.83881529921396
2018,0,0.121,5000,0,0.12,"A",2.18314268878815e-05,-10.7321381942507
2018,0,0.121,1200,0,0.87,"Missing",0.0728739600153361,-2.54335814801962
2018,1,0.187,3500,0,0.98,"Missing",0.946213166998455,2.86743918129541
2018,0,0.165,4000,0,1,"D",0.556525349770539,0.227072080155831
2018,1,0.275,9000,0,0.86,"Missing",0.990341666328322,4.63022886550353
2018,1,0.275,5100,0,1.02,"Missing",0.998257796537683,6.35086088639314
2018,0,0.187,3600,1,0.76,"D",0.642758918561669,0.587358869665458
2018,0,0.209,21200,1,0.47,"B",0.00186616279750126,-6.28200303000814
2018,0,0.132,5250,1,0.39,"B",0.016353195602821,-4.09684356603833
2018,1,0.165,1200,0,0.9,"D",0.412061796473058,-0.355448516791637
2018,0,0.099,1500,0,0.29,"A",0.000826729692031457,-7.09720569839738
2018,0,0.121,5000,1,0.45,"B",1.11714329521998e-05,-11.4021394958324
2018,0,0.143,25000,0,0.05,"AA",0.000244155170248193,-8.31746240617643
2018,1,0.308,2500,1,1.04,"Missing",0.984942844104433,4.1807302602175
2018,0,0.319,2600,0,0.98,"Missing",0.0948887073586797,-2.25535320806467
2018,0,0.154,20200,0,0.86,"A",3.27513754649212e-05,-10.3265328459242
2018,1,0.253,5000,0,0.97,"Missing",0.990903697913576,4.69074938612626
2018,0,0.253,2500,0,0.79,"D",0.060537332316714,-2.74204784387926
2018,0,0.242,12150,0,0,"D",0.00591339822875528,-5.1246036648036
2018,0,0.143,2600,1,0.1,"C",0.0040343722109981,-5.508862042994
2018,0,0.209,3000,0,0.97,"C",0.0102216894899275,-4.57296910603615
2018,0,0.099,5000,0,0,"AA",1.33672537316484e-05,-11.2226892258678
2018,0,0.22,17850,0,0.43,"C",0.0455292763496611,-3.04280141547645
2018,1,0.319,4000,0,0.8,"D",0.761101190658532,1.15872624926468
2018,1,0.22,9999,0,0.9,"D",0.265450275677415,-1.01783015395754
2018,0,0.132,1500,1,0.59,"D",0.0764474619485457,-2.49162395518668
2018,0,0.121,3000,1,0,"C",0.00523825460942887,-5.24651490357407
2018,0,0.11,6001,0,0.41,"AA",0.000545085077181381,-7.51402343687411
2018,0,0.209,8500,0,0.79,"C",0.0606128224310209,-2.7407212619392
2018,0,0.11,7500,1,1.02,"D",0.00101049226717767,-6.89630667046257
2018,1,0.22,2000,0,0,"Missing",0.876171431732616,1.95666367503673
2018,0,0.198,4500,1,0.71,"C",0.0294942586622578,-3.49362169566089
2018,0,0.22,5000,0,0.96,"C",0.00360773500480566,-5.62106086746504
2018,0,0.308,15000,0,0.93,"B",0.047082890804756,-3.00761823858533
2018,0,0.242,25000,0,0.63,"AA",0.000897329006140175,-7.01519024631321
2018,0,0.132,7500,0,0.81,"A",0.000613258834496574,-7.39611002194699
2018,0,0.187,5600,0,1.09,"B",0.0141856189877261,-4.24123937824019
2018,1,0.319,2000,0,1.26,"Missing",0.977003365746894,3.7491422286189
2018,0,0.121,2500,1,0,"B",0.00327089609562938,-5.71941503908334
2018,1,0.319,2550,1,1.51,"D",0.873420831805438,1.93154954421431
2018,0,0.132,1500,1,0.59,"D",0.000312126749414352,-8.07178902905719
2018,0,0.165,5000,0,0.7,"C",0.04218463085534,-3.12259907711312
2018,1,0.319,6000,1,0.77,"Missing",0.946233235514502,2.86783357205078
2018,1,0.319,2500,1,1.04,"Missing",0.975842355190765,3.6987001667928
2018,0,0.088,2300,0,0.18,"AA",0.00614853310328487,-5.08537423223249
2018,1,0.231,4900,0,0,"D",0.0902086137889871,-2.31109040824703
2018,1,0.319,1000,1,0.42,"Missing",0.986382037358271,4.28265403762636
2018,0,0.264,3000,0,0,"Missing",0.00723865558728856,-4.92105480041521
2018,1,0.319,4000,1,0,"Missing",0.89772665032597,2.17221649613968
2018,0,0.198,2550,1,0.99,"Missing",0.0139744614684988,-4.25645077246504
2018,0,0.209,4000,0,0.9,"D",0.373641516642541,-0.516626038217598
2018,0,0.099,3500,0,0.14,"AA",0.00121455948988988,-6.71215853002669
2018,0,0.176,4500,0,0.88,"D",0.000809155075761122,-7.11871048844814
2018,0,0.121,8000,0,0.62,"B",4.89619425847855e-06,-12.2270474403583
2018,0,0.165,3000,0,0.05,"AA",0.0367384571062639,-3.26650088273876
2018,0,0.143,10000,0,0.28,"AA",0.0210921726645994,-3.83753548039264
2018,1,0.319,3500,0,0.88,"Missing",0.590744438255211,0.367043695054462
2018,0,0.143,5000,0,0,"B",1.86971156998841e-06,-13.1897245099287
2018,0,0.198,8000,0,0.35,"C",0.00178794015871638,-6.32490153063885
2018,0,0.187,10000,0,0.62,"B",0.00764194933431789,-4.86643126122889
2018,0,0.319,25000,0,0.52,"D",0.121481425435622,-1.97847567688257
2018,0,0.253,6001,1,0.92,"D",0.0507292861310136,-2.92919064062376
2018,0,0.11,2750,0,0.37,"AA",0.00119053436781049,-6.73216178045377
2018,0,0.077,1000,0,0.02,"AA",0.000148871736679394,-8.81227656757961
2018,0,0.11,8000,0,0.45,"AA",0.00017844851100143,-8.63103198769404
2018,0,0.286,7000,0,0.92,"C",0.000656051113626067,-7.32861558853333
2018,1,0.187,5500,0,0.91,"C",0.629209815011427,0.528828406738658
2018,1,0.275,3000,1,0.93,"Missing",0.899957635465573,2.19675394889147
2018,1,0.242,10000,0,0.93,"D",0.771393304795598,1.21619532765623
2018,0,0.165,3000,1,0.99,"C",0.00103717503607332,-6.87021685989079
2018,1,0.165,3000,0,0.91,"Missing",0.367448426082017,-0.543178785455847
2018,1,0.121,1200,0,1,"Missing",0.987926798305711,4.40462034378079
2018,1,0.286,1200,1,0,"Missing",0.998329299184094,6.39283999234577
2018,1,0.286,5000,1,0,"Missing",0.998406097816029,6.43997489183708
2018,0,0.121,12000,0,0.02,"AA",2.00887894329545e-06,-13.117931722261
2018,0,0.319,2000,0,1.23,"Missing",0.200705068378045,-1.38189349460452
2018,0,0.176,4500,0,0.88,"D",0.230600421697313,-1.20492400570277
2018,0,0.253,3500,1,0.96,"C",0.536418772453098,0.145933530046163
2018,0,0.253,15000,0,0.18,"D",2.6278205103525e-05,-10.5467443870826
2018,0,0.165,3500,0,0.32,"A",0.00069968447452445,-7.26418114585091
2018,1,0.308,1900,0,1.2,"Missing",0.703882557792452,0.865855381075636
2018,1,0.319,1500,0,0.84,"Missing",0.667684677678346,0.697731738484113
2018,0,0.209,13500,0,0.78,"B",3.36114764890938e-05,-10.3006093750974
2018,1,0.187,25000,0,0.54,"A",0.0959245795325457,-2.2433505338031
2018,0,0.187,11000,0,0.61,"C",0.0437445201572625,-3.08465876426837
2018,0,0.22,10000,0,0.87,"C",0.00457764509339403,-5.38198243024022
2018,0,0.209,7500,0,0.8,"D",0.273067367895103,-0.97911527404536
2018,0,0.176,25000,0,0.85,"A",0.00957345361820507,-4.63914168525969
2018,1,0.187,3000,0,0.91,"D",0.971486122928125,3.52843610097204
2018,0,0.099,5000,0,0,"AA",8.95198307066962e-05,-9.32096086124724
2018,0,0.143,15000,0,0.45,"A",0.000186047924761497,-8.58932019219784
2018,0,0.099,2000,0,0.06,"AA",3.22868463016749e-06,-12.6434325102249
2018,0,0.22,5500,0,0.95,"Missing",0.817165900984394,1.49726295651765
2018,0,0.11,5000,0,0.71,"AA",0.000139742620986888,-8.87556849646217
2018,0,0.187,2400,0,0.86,"D",0.016313848073027,-4.09929257272229
2018,1,0.286,1000,1,0,"Missing",0.999309738294089,7.27774924830791
2018,0,0.11,6500,0,0.69,"AA",0.00259371424093871,-5.95206727696101
2018,0,0.253,25000,0,0,"B",1.7238360873439e-05,-10.9683561356861
2018,0,0.209,15000,0,0.3,"AA",2.73724161286321e-07,-15.1111446745415
2018,0,0.209,10000,1,0.81,"C",0.000444092098448508,-7.71903439736783
2018,0,0.132,20000,0,0,"AA",0.001725281784825,-6.36063811652033
2018,0,0.132,1800,0,0.39,"B",3.38148475312759e-05,-10.2945767604363
2018,0,0.209,10300,0,0.38,"B",0.00995866838847773,-4.59930332463728
2018,0,0.253,18000,0,0.58,"C",9.3918761806515e-05,-9.27298646229005
2018,0,0.22,11000,0,0.44,"C",0.00540253972444994,-5.21546893041662
2018,0,0.297,3200,0,0.98,"Missing",0.048523573531109,-2.97596517925849
2018,1,0.319,2000,0,0,"Missing",0.997227491142088,5.88522628444683
2018,0,0.209,16000,0,0.99,"C",0.0500101469698871,-2.94422537928014
2018,0,0.154,25000,1,0.63,"AA",0.00272598058001312,-5.90219736688842
2018,0,0.275,15000,1,0,"D",0.287397741280375,-0.908056308390312
2018,0,0.319,6700,0,0.39,"Missing",0.120647204433496,-1.98631555638167
2018,0,0.165,9999,0,0.54,"C",0.168949540614252,-1.59309042020119
2018,1,0.319,1000,1,1,"Missing",0.998189346861333,6.31225535435058
2018,0,0.264,1000,0,0.81,"Missing",0.256507495332485,-1.06420079894979
2018,1,0.264,1000,1,0,"Missing",0.995978077227839,5.51196515671306
2018,0,0.121,8000,1,0.17,"AA",0.00473214091694515,-5.34863418079105
2018,0,0.143,20000,0,0.79,"A",0.00457507691129931,-5.38254619457658
2018,0,0.209,25000,0,0.85,"A",0.000826612492254942,-7.09734758885859
2018,0,0.165,15500,0,0.98,"B",0.000230715687821612,-8.37409365182914
2018,0,0.154,3500,0,0.94,"C",0.0705368624627433,-2.57847170301631
2018,0,0.297,2400,0,0,"Missing",0.87431418768251,1.93965455369698
2018,0,0.187,1275,0,0.91,"A",0.00490100669831969,-5.3134015903136
2018,0,0.11,5000,0,0.71,"AA",1.12806118449759e-05,-11.392413791114
2018,1,0.319,3000,0,0,"Missing",0.989307366549982,4.52745002677257
2018,1,0.319,2000,0,0.4,"Missing",0.944520713194917,2.83466787665652
2018,0,0.055,1000,0,0.42,"D",0.00661565704304268,-5.01167852261385
2018,0,0.132,25000,0,0.01,"AA",2.0377649206761e-06,-13.1036549400989
2018,0,0.22,5000,0,0.64,"D",0.575015614304149,0.302344767029886
2018,1,0.319,3001,0,0.84,"Missing",0.902427311736972,2.224490525064
2018,0,0.209,3001,0,0.48,"D",0.00034121180336789,-7.98266587922321
2018,0,0.264,3000,0,0.91,"Missing",0.238354430779999,-1.16172254435846
2018,1,0.297,2550,0,0.98,"Missing",0.866142547229121,1.86727405076953
2018,0,0.253,1600,1,1.46,"Missing",0.580906237725827,0.326494691779435
2018,0,0.121,1500,0,0.2,"B",0.000182269648139263,-8.60984109790494
2018,0,0.187,10000,0,0.28,"B",0.00412961510495779,-5.48543290576412
2018,1,0.297,2400,0,0,"Missing",0.890283916312435,2.0936444472115
2018,0,0.099,3001,0,0.21,"AA",0.00400534479753275,-5.5161122227245
2018,1,0.242,7500,0,0.92,"D",0.928697712622061,2.56685488784719
2018,0,0.187,20000,1,0.01,"AA",0.0360581359746449,-3.28589846165349
2018,0,0.187,18000,0,0.22,"B",0.0877940129977108,-2.34087251828829
2018,0,0.143,24250,0,0,"AA",0.0105489970653574,-4.54111945631473
2018,0,0.308,3500,1,0.94,"Missing",0.240086172084115,-1.15220713328137
2018,1,0.319,7000,0,0.36,"Missing",0.992885644909588,4.93850090960251
2018,0,0.319,2501,0,1.22,"Missing",0.528160355087135,0.112760747906113
2018,0,0.154,25000,0,0.23,"B",0.00511929108665885,-5.26960686960374
2018,0,0.264,7500,0,0,"C",0.00570420401299035,-5.16083129473818
2018,0,0.242,5000,0,0.86,"Missing",0.0645704228530051,-2.6732494092067
2018,0,0.165,5000,0,0.7,"C",0.000748921698278664,-7.19612691931571
2018,0,0.209,8500,0,0.79,"C",0.120732354684802,-1.9855131888714
2018,0,0.165,4000,0,1,"D",0.000220473085093805,-8.41951443620146
2018,1,0.286,2000,1,0,"Missing",0.993066508923977,4.96443419044073
2018,0,0.176,23000,1,0.13,"A",0.000570312147202021,-7.4687562455212
2018,0,0.165,2000,0,0.87,"D",0.11469002994349,-2.04370473487825
2018,0,0.165,4000,0,0.64,"B",3.18507742855106e-05,-10.354417014583
2018,1,0.165,2550,0,0.98,"Missing",0.415171222026529,-0.342628098827647
2018,1,0.22,2700,1,0.8,"D",0.462938380969473,-0.148518875953533
2018,0,0.176,4200,1,0.83,"C",0.0834660667004899,-2.39615892903224
2018,1,0.22,7500,0,0.99,"D",0.663467345303226,0.678784450174803
2018,1,0.319,10500,0,0.99,"Missing",0.869085083164043,1.89289340736285
2018,1,0.319,4000,0,1.21,"Missing",0.996878933423278,5.76645453680213
2018,1,0.319,5000,0,1.08,"Missing",0.963351217017887,3.26903783535395
2018,1,0.198,10000,0,0.66,"B",0.0750741958550556,-2.51123661996944
2018,0,0.165,25000,0,0.04,"A",0.00228769487743782,-6.07792025647157
2018,0,0.165,5000,0,0.17,"B",6.81953714398326e-05,-9.59306566517224
2018,0,0.165,6000,0,0.14,"C",0.239089844157784,-1.15767589196726
2018,0,0.22,1800,0,0.61,"Missing",0.371297137512283,-0.526656096618089
2018,0,0.319,25000,0,0.6,"D",0.316172350608671,-0.771418433075837
2018,0,0.209,5000,0,0.42,"B",6.77590066175635e-05,-9.59948540673308
2018,0,0.22,3100,1,0.92,"C",0.130908616135156,-1.89294878651517
2018,0,0.187,1275,0,0.91,"A",0.448543865306642,-0.206555816159129
2018,0,0.154,2500,1,0.71,"B",4.75716858620515e-05,-9.95322523572475
2018,0,0.088,6001,0,0.04,"AA",1.63019043312269e-06,-13.3268120896413
2018,0,0.154,4500,0,0,"AA",0.0624291587598319,-2.70925986493102
2018,0,0.099,6100,0,0.48,"A",0.00708368162579474,-4.94285261277374
2018,0,0.121,3000,0,0.27,"B",0.00311097464661634,-5.7697033869049
2018,0,0.165,4000,0,0,"C",0.00116273114889819,-6.75582019486129
2018,0,0.165,1600,0,0.82,"C",0.000439881329184826,-7.72856559572204
2018,0,0.154,7500,0,0.67,"B",0.00922411900814708,-4.67666666946123
2018,0,0.165,14000,0,0.69,"B",0.302510651327498,-0.835370755007498
2018,1,0.264,3000,0,0.91,"Missing",0.995338244585976,5.36369054820518
2018,1,0.319,3500,0,0.98,"Missing",0.995584246240176,5.41815120047496
2018,0,0.165,9999,0,0.54,"C",0.00497861001058113,-5.29761349666856
2018,0,0.165,6000,0,0.72,"B",2.32740191287766e-05,-10.6681496040941
2018,1,0.121,5000,1,0,"Missing",0.785115385142193,1.29572948543702
2018,1,0.319,1000,1,0.67,"Missing",0.987248900067783,4.34930464895174
2018,0,0.209,8750,0,0.73,"D",0.564975720181659,0.26138091188787
2018,0,0.055,1000,1,0.48,"D",3.16838580544055e-05,-10.3596715320525
2018,0,0.121,8000,0,0.06,"A",0.00131551621080585,-6.63220975237449
2018,0,0.22,4000,0,0,"D",0.538871251160976,0.155799390604043
2018,1,0.264,25000,1,0.46,"C",0.712954083661691,0.909774829344627
2018,1,0.319,4750,0,1,"Missing",0.999121877871867,7.03684636799768
2018,0,0.319,2550,1,1.51,"D",0.0231940091277227,-3.74039403786678
2018,0,0.165,5000,0,0.41,"B",2.98503552230648e-05,-10.4192839671255
2018,0,0.319,7600,0,0.94,"Missing",0.111802282489388,-2.07246239672358
2018,0,0.121,1527,0,0.03,"AA",0.000795398636769543,-7.135871423951
2018,0,0.165,25000,0,0.09,"C",1.65170635862236e-06,-13.3136999959749
2018,0,0.319,3000,1,0.4,"Missing",0.0236396784333018,-3.72090511042213
2018,0,0.088,3000,0,0.03,"AA",1.39877998397773e-06,-13.4799087425026
2018,0,0.198,9200,0,0.71,"C",0.000291341216264927,-8.14072402956095
2018,0,0.286,25000,1,0.09,"B",0.0153271455451751,-4.16268398357794
2018,0,0.165,1000,0,0,"D",0.603191073830918,0.418779148015095
2018,0,0.319,16000,1,0,"D",0.545975399281109,0.184422535289343
2018,0,0.297,8500,0,0.96,"C",0.093549597785799,-2.27104456194635
2018,1,0.11,3600,1,0.28,"A",0.059384798181939,-2.76249586045938
2018,0,0.22,5000,0,0.7,"D",0.0096639800055025,-4.62963872745327
2018,1,0.319,9000,0,0.85,"Missing",0.998748664371447,6.68229167606571
2018,0,0.187,17000,1,0.59,"B",3.1188534254781e-05,-10.3754288335038
2018,0,0.154,14100,0,0.73,"B",0.000353936643127725,-7.94603863577028
2018,1,0.231,10000,0,0.84,"D",0.632671639424347,0.543695386966939
2018,1,0.319,2000,0,0,"Missing",0.935258103667944,2.67041399832403
2018,0,0.264,25000,0,0.85,"B",0.00504525262511221,-5.28424952919395
2018,0,0.264,3500,0,0.8,"Missing",0.00447635050274846,-5.40446078510157
2018,0,0.22,5000,0,0,"C",0.000238753625625017,-8.33983961072298
2018,0,0.088,1000,0,0,"AA",0.00116068273828266,-6.75758552266456
2018,1,0.319,3000,0,0.85,"Missing",0.822635505071919,1.53430630836324
2018,0,0.209,8500,0,0.79,"C",0.0103671406111673,-4.55869277765384
2018,1,0.242,5000,0,0.93,"D",0.57153067052577,0.288098989520046
2018,0,0.22,1000,0,1.07,"Missing",0.020522216999293,-3.86551149977969
2018,0,0.22,6000,0,1,"C",0.0257506483010229,-3.63320747525103
2018,0,0.22,5200,1,0.77,"D",0.0534247000598307,-2.87457733672091
2018,0,0.099,5000,0,0.02,"AA",4.49686415089137e-06,-12.3121257625878
2018,0,0.099,9000,0,0.99,"Missing",0.86210262742126,1.83286458938352
2018,0,0.209,12500,0,0.88,"C",0.435911505469166,-0.257771890745639
2018,0,0.275,25000,0,0.18,"A",0.00634122564530701,-5.05432179314882
2018,1,0.297,1000,1,0.88,"Missing",0.999695701704446,8.09719775767602
2018,0,0.22,10000,0,0.85,"D",0.37553124046974,-0.508559638809453
2018,0,0.198,2550,0,0.28,"D",0.0025413206744685,-5.97252682718983
2018,1,0.319,1000,0,0.45,"Missing",0.638521708398839,0.568953685053246
2018,1,0.319,5500,1,0.89,"Missing",0.999947718346894,9.8588127664468
2018,0,0.319,25000,1,0.97,"D",0.00533109975750399,-5.22885236782077
2018,1,0.319,2500,1,0.89,"Missing",0.997409448904476,5.95329073533076
2018,0,0.132,5250,1,0.39,"B",5.00513214204082e-05,-9.90241159797138
2018,0,0.187,9000,0,0.94,"C",3.00581615564826e-05,-10.4123462760287
2018,1,0.187,1500,0,0,"Missing",0.998848906650013,6.76589129278767
2018,0,0.187,11300,0,0.27,"C",0.00015732743103381,-8.75702403655784
2018,0,0.165,10000,0,0.59,"B",0.00349739387849085,-5.65223366993135
2018,0,0.165,1500,1,0.85,"D",0.00161473458198979,-6.4269686416599
2018,0,0.286,5000,0,0.61,"D",0.000815036719474534,-7.11146202212587
2018,1,0.264,3000,0,0,"Missing",0.832515637657972,1.60356201789691
2018,0,0.099,1500,0,0.76,"A",0.00043076805609075,-7.74950990477517
2018,0,0.319,6000,0,0,"Missing",0.0927417090114767,-2.28060887786433
2018,1,0.286,2200,0,0.97,"Missing",0.504966710493928,0.0198674954537235
2018,0,0.198,10000,0,0.15,"B",0.000183784471130395,-8.60156303811552
2018,0,0.275,4500,1,0.2,"D",0.0407190184383888,-3.15948875949398
2018,0,0.099,3500,0,0.14,"AA",0.00147926718272018,-6.51472809826385
2018,0,0.22,5000,0,0.85,"D",0.00613137029097904,-5.08818677118876
2018,0,0.099,1000,0,0.6,"A",0.0291758465851435,-3.50480415821386
2018,1,0.187,2000,1,0.97,"Missing",0.943864059875875,2.82220590007937
2018,0,0.308,5000,0,0.95,"C",0.120429301347479,-1.98837107605883
2018,0,0.165,3800,0,0.2,"B",0.00147540810513326,-6.5173441484219
2018,0,0.209,15000,0,0.3,"AA",0.00490609294781562,-5.31235922025218
2018,0,0.099,2550,0,0.05,"A",0.000621436228159224,-7.38285563243731
2018,0,0.088,6001,0,0.04,"AA",0.000556620401924294,-7.49307027961851
2018,0,0.209,2100,0,0.86,"D",0.743216390017333,1.06275349483895
2018,0,0.187,3600,1,0.76,"D",0.000727000316069257,-7.22585638096364
2018,1,0.121,8000,0,0.06,"A",0.359487714075225,-0.577588301381548
2018,0,0.066,6000,1,0.81,"Missing",0.0413151837749548,-3.14433228379368
2018,0,0.165,10000,0,0.68,"B",0.000833645895019129,-7.08886783850482
2018,0,0.198,9900,0,0.55,"C",0.00131363549910188,-6.63364229627084
2018,0,0.143,15000,0,0.09,"AA",0.000276907691992976,-8.19154940317896
2018,0,0.099,6000,0,0,"AA",0.000177529123401025,-8.63619834212542
2018,0,0.22,18000,1,0.75,"B",0.330721615835571,-0.704923111668633
2018,0,0.176,10000,0,0.11,"B",0.00147777787349966,-6.51573688545229
2018,1,0.319,4500,0,0.91,"Missing",0.851288653833235,1.74474411179932
2018,0,0.198,10000,0,0.97,"C",0.00111246698163233,-6.8000621375636
2018,0,0.187,1000,0,0.89,"Missing",0.130633042372417,-1.89537312265794
2018,0,0.099,6100,0,0.48,"A",3.69332872105939e-05,-10.2063603871614
2018,1,0.319,4600,0,0.9,"Missing",0.991324102602331,4.73849275997867
2018,0,0.121,1500,0,0,"AA",5.41693098176182e-05,-9.82334187864313
2018,0,0.275,4800,0,0.85,"Missing",0.355277650105029,-0.595920162083525
2018,1,0.308,3200,0,0.99,"Missing",0.984063240165828,4.12306178338559
2018,0,0.176,3800,0,0,"B",0.000355700648714158,-7.94106529131867
2018,0,0.264,4592,0,0.6,"C",0.142677385011268,-1.79322826197876
2018,0,0.165,15152,0,0.85,"B",4.19491437907049e-05,-10.0790105854692
2018,0,0.22,2000,0,0,"Missing",0.00521929808930362,-5.25015938557459
2018,0,0.11,10000,0,0.12,"A",0.193185472345737,-1.42944308837712
2018,1,0.319,3000,1,0.53,"D",0.983640986709306,4.09648196252181
2018,0,0.088,2499,0,0.01,"AA",1.13781445352044e-05,-11.3838048104659
2018,1,0.22,2500,0,0,"Missing",0.939860359317798,2.74906210745807
2018,0,0.275,15000,0,0,"C",0.0179531357237413,-4.0018742387035
2018,0,0.308,3200,0,0.93,"D",0.00171585177003427,-6.36612833721658
2018,0,0.099,3500,0,0,"AA",0.254324666349401,-1.0756786311164
2018,0,0.154,2000,0,0.98,"B",0.000180124509839652,-8.62168208413739
2018,0,0.165,25000,0,0.31,"B",0.00168567323647379,-6.38390315252445
2018,0,0.165,8942,0,0,"B",2.5043728225974e-05,-10.59486208796
2018,0,0.099,6100,0,0.48,"A",0.000674971283868719,-7.30016521123387
2018,0,0.121,25000,0,0.35,"AA",0.0165557386974269,-4.08432817159897
2018,0,0.11,4000,0,0.16,"A",9.4635466931665e-07,-13.8706474770913
2018,0,0.121,8000,0,0.06,"A",4.6300455269203e-05,-9.98031246236512
2018,0,0.242,10000,0,0.8,"D",0.140037124275298,-1.81498165970178
2018,0,0.154,4500,1,0.76,"B",0.00586799730049343,-5.13235659709397
2018,1,0.286,3672,0,0.94,"Missing",0.902708216854115,2.22768483782185
2018,1,0.264,1000,1,0.98,"Missing",0.980207293644927,3.90245056949229
2018,1,0.319,2100,1,1.14,"Missing",0.982772646957392,4.04387939469391
2018,0,0.209,25000,0,0.85,"A",3.86327906904053e-05,-10.1613705088258
2018,0,0.165,5000,0,0.73,"B",0.0794653237197534,-2.44963392421857
2018,0,0.253,9500,0,0.53,"D",0.00602244818248195,-5.10622077123515
2018,0,0.176,25000,1,0.66,"AA",0.16284659199623,-1.63719873260733
2018,0,0.187,17000,0,0.7,"A",6.03249386586943e-06,-12.0183440237829
2018,0,0.077,1000,0,0.12,"C",0.00157672598072089,-6.45082677562518
2018,0,0.209,11500,0,0.38,"C",0.00161686330123072,-6.42564906863452
2018,1,0.319,4000,0,2.68,"Missing",0.999589952932437,7.79882847476198
2018,0,0.143,24250,0,0,"AA",0.0215845054723534,-3.81395870280941
2018,1,0.319,1800,0,0.98,"Missing",0.996806809038053,5.74353626052736
2018,0,0.165,4000,0,0.84,"Missing",0.377299911223069,-0.501024612771236
2018,0,0.165,2000,0,0,"C",0.0482957599957646,-2.98091054221984
2018,0,0.165,25000,0,0,"A",0.000107197942344843,-9.14072630036771
2018,0,0.165,9800,0,0.94,"B",0.00524565225859973,-5.24509622769894
2018,1,0.319,5000,0,1,"Missing",0.306953403807005,-0.814401278365931
2018,0,0.187,3000,0,0,"C",0.281359712991141,-0.937726968210438
2018,1,0.253,1000,1,0,"Missing",0.996603085551674,5.68148507753824
2018,0,0.165,5000,0,0.7,"C",0.00188625527210422,-6.27127371637549
2018,1,0.297,14000,1,0.65,"D",0.243439733180428,-1.13391278583212
2018,0,0.242,6001,0,0.69,"D",0.0180731662173807,-3.99508848941779
2018,0,0.11,8000,0,0.45,"AA",0.000474821234723254,-7.65209723871932
2018,0,0.143,10200,0,0.95,"A",0.00214244337416876,-6.14366359594525
2018,0,0.253,6001,0,0.42,"C",0.058156103786601,-2.78470870587995
2018,0,0.099,1500,0,0.76,"A",6.02723246818142e-05,-9.7165772459452
2018,0,0.165,2500,0,0.56,"C",0.00956979787517831,-4.6395273117702
2018,1,0.22,4000,0,0,"Missing",0.931354271127718,2.60768081813349
2018,1,0.319,3001,0,0.85,"Missing",0.974337834871692,3.63674036336143
2018,1,0.319,3000,1,0.98,"Missing",0.933497500123014,2.6416987459264
2018,0,0.099,6000,0,0,"AA",7.36065859056786e-06,-11.819353786127
2018,1,0.264,3000,0,0.67,"Missing",0.649356684740653,0.616212646067516
2018,1,0.275,5500,0,0.49,"Missing",0.194593109084013,-1.4204368458165
2018,0,0.319,2550,0,0.95,"Missing",0.0298151163003936,-3.48247113178562
2018,0,0.088,6001,0,0.04,"AA",0.000320878289603721,-8.04412773706459
2018,0,0.264,4000,0,0.7,"Missing",0.0855387883319133,-2.36936511436559
2018,0,0.121,13000,0,0.82,"A",3.27936374507568e-05,-10.3252432473754
2018,1,0.319,5100,0,0.66,"Missing",0.999623755003639,7.88489372490392
2018,0,0.22,12200,0,0.35,"C",0.00193820386989359,-6.24405349040516
2018,0,0.308,3200,0,0.93,"D",0.0183607756504998,-3.97900722114537
2018,1,0.242,13000,0,0.82,"D",0.142457495193844,-1.79502707022556
2018,0,0.154,2500,1,0.71,"B",0.0265215533282535,-3.60291794897021
2018,0,0.286,1000,1,0,"Missing",0.191859770723415,-1.43797085017889
2018,1,0.319,2550,1,0.93,"Missing",0.975331016487162,3.67723019114739
2018,0,0.132,15000,0,0,"AA",4.7772896036457e-06,-12.2516324235074
2018,0,0.275,4000,1,0.47,"C",0.0463788304001965,-3.02342338198153
2018,0,0.132,7500,0,0.81,"A",2.50542940105892e-05,-10.5944402729275
2018,0,0.099,3600,0,0.23,"AA",0.0231448782639133,-3.74256483738294
2018,0,0.22,4000,0,0,"D",0.138233076769305,-1.83004362085682
2018,0,0.121,3000,0,0.27,"B",0.000862814003763771,-7.05444822653655
2018,0,0.308,5000,0,0.87,"Missing",0.200603036115341,-1.38252963769285
2018,0,0.187,4900,0,0.13,"D",0.0659470878289095,-2.65068036683951
2018,0,0.121,8000,0,0.06,"A",0.000231452078375814,-8.370906231855
2018,0,0.231,9500,0,0.73,"D",0.0402047735484154,-3.17273422236856
2018,0,0.22,2000,1,0,"D",0.000769324874272382,-7.16922759342152
2018,1,0.275,2550,1,0.67,"Missing",0.997660701220664,6.05556202225882
2018,0,0.165,8500,0,0.55,"AA",0.0688325526863292,-2.60476233603446
2018,0,0.22,7500,0,0.38,"C",0.0443172699233859,-3.07105154432467
2018,0,0.187,6550,0,0.77,"C",0.000399491672885711,-7.82491806532476
2018,0,0.275,15000,0,0.45,"C",0.00300409091418762,-5.80477166890892
2018,0,0.165,25000,0,0.09,"C",5.88080621697204e-05,-9.74117279093728
2018,0,0.231,2500,1,0.38,"A",0.738566237195647,1.03852983517583
2018,1,0.319,5500,0,0.77,"Missing",0.910650816394247,2.32160742221354
2018,0,0.198,10000,0,0.97,"C",0.00477385581487481,-5.33981566662459
2018,1,0.319,4000,0,1,"Missing",0.994466457847053,5.19137822560344
2018,0,0.132,4500,0,0.09,"AA",0.000276112132373094,-8.19442734778271
2018,0,0.077,3000,0,0.87,"C",0.0107016995783208,-4.52659333641754
2018,0,0.099,1000,0,0,"A",0.00238391843770034,-6.03662297824297
2018,0,0.165,17500,0,0.55,"B",0.000302630161130685,-8.10269641234689
2018,0,0.165,5000,0,0.67,"C",0.0188203968571166,-3.95381430358001
2018,0,0.264,1000,0,0.92,"Missing",0.00599548193588084,-5.1107355770958
2018,0,0.22,2000,1,0.78,"D",0.250839958427314,-1.09413751441312
2018,1,0.264,4100,1,0.91,"Missing",0.967566627538039,3.39559638124958
2018,0,0.242,4500,1,0.68,"D",0.0016926929241874,-6.37974044482336
2018,0,0.242,25000,0,0.73,"C",0.00385426846937581,-5.55471233618167
2018,0,0.198,9750,0,0.92,"C",0.106657183188615,-2.12535060504767
2018,0,0.275,2750,1,0,"Missing",0.164057398107963,-1.62834359764804
2018,0,0.132,5000,0,0,"AA",0.000587543919369832,-7.43897184177496
2018,0,0.209,9750,0,0.78,"B",1.51383612073446e-05,-11.0982634199174
2018,1,0.264,1000,0,0.81,"Missing",0.233400328817258,-1.18920959535122
2018,1,0.319,4500,0,0.94,"Missing",0.993434491629934,5.01933818168575
2018,1,0.264,1000,0,0.92,"Missing",0.940271670032712,2.75636239752543
2018,0,0.198,25000,0,0.69,"B",0.0326267663783528,-3.38945138559653
2018,0,0.319,3600,0,0.92,"Missing",0.0160681538908373,-4.1147173386451
2018,0,0.319,23800,0,0.5,"C",0.179373694832399,-1.52059652521964
2018,1,0.209,1000,1,0,"Missing",0.590417998568456,0.36569362725946
2018,0,0.319,12000,0,0.6,"B",0.02989138920058,-3.47983758280772
2018,1,0.253,6001,1,0.52,"D",0.805586709423412,1.42158458667875
2018,0,0.198,3500,0,0.01,"C",0.00232449116006506,-6.0619269227977
2018,0,0.297,2000,1,0,"Missing",0.0249582527480621,-3.66527574880537
2018,0,0.22,7000,0,0.86,"D",0.00186783010426794,-6.28110831724365
2018,1,0.319,5000,0,0.93,"Missing",0.331686005222887,-0.700569361162958
2018,0,0.154,5000,0,0.34,"B",7.78292878793727e-07,-14.066162154423
2018,0,0.11,3000,0,0.14,"AA",0.00644753217270908,-5.03758942298494
2018,1,0.264,6000,0,0,"Missing",0.996527003824528,5.65925856541155
2018,1,0.275,5000,1,0.92,"Missing",0.983934412937568,4.11487970646568
2018,0,0.264,11520,0,0.6,"D",0.636161913634813,0.558744161128693
2018,0,0.253,10000,0,0.69,"A",0.00078134527903979,-7.15371175649054
2018,1,0.319,3000,0,0.91,"Missing",0.910744056929567,2.32275390293163
2018,0,0.121,25000,1,0.09,"AA",8.80344085609952e-05,-9.33769477525038
2018,1,0.253,1300,0,0.43,"D",0.15290918342481,-1.71196373759081
2018,1,0.319,5000,1,0.42,"D",0.702845366983367,0.860884252799503
2018,0,0.143,18000,0,0.53,"AA",3.21057114403772e-05,-10.346444510937
2018,1,0.165,25000,0,0.01,"A",0.701843739026694,0.856093070513029
2018,0,0.231,7500,0,0.68,"C",0.0576184047629742,-2.79456823923564
2018,0,0.209,24000,1,0.18,"B",0.000129760037808643,-8.94969390776621
2018,1,0.319,9740,0,0.56,"D",0.998049768770248,6.23785519866956
2018,1,0.297,10000,1,0.79,"D",0.918587250652171,2.42330500604958
2018,0,0.308,5000,0,0.95,"C",0.000449004930695615,-7.70802758301401
2018,0,0.165,15000,0,0.16,"AA",1.45971144598274e-05,-11.1346720913001
2018,0,0.176,4500,0,0.88,"D",0.726699593739624,0.977941599141521
2018,0,0.143,25000,0,0.27,"AA",0.00739721688080346,-4.89922673473811
2018,0,0.22,12000,0,0.34,"C",0.135479953544813,-1.85335080829476
2018,0,0.209,10300,0,0.38,"B",0.0086181702299635,-4.74522696573183
2018,0,0.11,3000,0,0.14,"AA",0.0348795204476776,-3.32035309250981
2018,0,0.22,10000,0,0.87,"C",0.00490517606652344,-5.31254704536466
2018,0,0.176,9000,0,0.69,"C",0.0399693290851403,-3.17885284569941
2018,0,0.209,4700,0,0.74,"D",0.0124317643040852,-4.37499075919045
2018,1,0.242,2000,1,0.84,"D",0.219473571299468,-1.26873677946227
2018,0,0.099,9000,0,0.37,"AA",0.000159538647027143,-8.74306481260426
2018,0,0.187,8500,1,0.21,"B",0.000973137221767297,-6.93401184512923
2018,1,0.319,5100,0,0.66,"Missing",0.448150059592053,-0.208148031456111
2018,0,0.143,8500,0,0.21,"AA",7.83794314808923e-06,-11.7565262736089
2018,0,0.176,6000,0,0.16,"A",0.00830925353327786,-4.78204153385923
2018,1,0.319,5000,0,0,"Missing",0.758168417679264,1.14266400482042
2018,0,0.077,1850,1,0.31,"AA",0.0167151385925589,-4.07458405462099
2018,0,0.055,1000,0,0.42,"D",0.0975707298838592,-2.22451276636394
2018,1,0.22,15000,0,0.93,"D",0.30121128550813,-0.841536464579279
2018,0,0.209,9750,0,0.78,"B",0.00350470487453242,-5.65013810257548
2018,1,0.22,9000,1,1.01,"D",0.890045575944369,2.09120671717293
2018,0,0.132,7500,1,0,"B",7.32896448875758e-05,-9.52101793701283
2018,0,0.132,6000,0,0.53,"AA",5.07376680411858e-05,-9.88879122487737
2018,0,0.132,18950,0,0,"AA",0.0010930453348978,-6.81769395001216
2018,1,0.319,3600,0,0.3,"Missing",0.511444083376098,0.0457843296060152
2018,0,0.165,9800,0,0.94,"B",0.000151491656486598,-8.79482850409462
2018,0,0.319,2100,0,0,"Missing",0.137517272734711,-1.83606559323998
2018,1,0.198,2275,0,1.03,"D",0.757603520255405,1.1395854568656
2018,0,0.319,3000,0,0.61,"Missing",0.0191895490190801,-3.93401341177913
2018,0,0.286,2000,1,0,"Missing",0.191042251367891,-1.44325207410147
2018,1,0.198,2550,1,0.99,"Missing",0.499491115769216,-0.00203553762597575
2018,0,0.165,15000,0,0.05,"AA",0.0565949199325073,-2.81357652834727
2018,0,0.253,3250,0,0.93,"D",0.0139204472100498,-4.26037825214178
2018,0,0.165,25000,0,0.01,"A",0.000684710855167948,-7.2858289726824
2018,0,0.121,10000,0,0.37,"AA",0.00747318625765935,-4.88893257984266
2018,0,0.154,5000,0,0.84,"C",0.00639441162557631,-5.04591591011865
2018,0,0.319,3001,0,0.92,"Missing",0.126021966590121,-1.93659901216818
2018,1,0.187,1700,0,0.28,"D",0.714733090097202,0.918483904460114
2018,0,0.132,8000,0,0.72,"B",0.003468379771921,-5.66059331003988
2018,1,0.275,3500,1,0.62,"Missing",0.999205916515576,7.13752755919809
2018,0,0.264,1000,0,0,"Missing",0.000432885142519176,-7.744605146056
2018,1,0.198,8000,1,0,"C",0.728474580897609,0.986896972963621
2018,0,0.165,10500,0,0.84,"C",0.0877441934819014,-2.34149475133751
2018,0,0.165,4000,0,1,"D",0.000120391439713925,-9.02464172765139
2018,1,0.253,10000,1,0.72,"D",0.602451499298235,0.415690222039212
2018,0,0.165,3500,0,0.3,"C",0.273618409168314,-0.97634101549112
2018,0,0.22,5000,1,0.43,"D",0.0368348390772979,-3.26378079238123
2018,0,0.231,5000,0,0,"D",4.87565851988047e-05,-9.92862153086807
2018,0,0.209,7500,0,0.57,"C",0.0301200590092183,-3.4719809295954
2018,0,0.22,5000,0,0.7,"D",0.0114758620212448,-4.45596718630521
2018,1,0.319,5000,0,0.88,"Missing",0.976536774980402,3.72857810695435
2018,0,0.187,6000,0,0.6,"C",0.00324693394118017,-5.7267919139693
2018,1,0.319,7000,0,0.36,"Missing",0.503030041933712,0.0121203161076218
2018,0,0.132,4800,0,0.66,"B",0.00320558803499084,-5.73964899424397
2018,1,0.22,6500,1,0.92,"D",0.272174963276304,-0.983615578300598
2018,0,0.187,5000,1,0.08,"C",0.00284766208594623,-5.85840521767986
2018,0,0.154,9700,0,0.23,"AA",0.00187066343740785,-6.2795897163591
2018,0,0.319,1000,0,0.45,"Missing",0.369282361612568,-0.535296720604603
2018,0,0.165,25000,0,0.16,"AA",2.4630036689718e-06,-12.914126486185
2018,0,0.121,6001,0,0.01,"A",0.00673991928557389,-4.99294459444651
2018,0,0.11,5000,0,0.43,"A",0.000181239652718115,-8.61550909823227
2018,1,0.242,13000,0,0.82,"D",0.988096361560115,4.41893612029943
2018,0,0.319,2500,0,0,"Missing",0.114270912756828,-2.04783907639454
2018,0,0.198,3001,0,0.8,"D",0.122449463063722,-1.96943614718634
2018,0,0.198,25000,0,0.69,"B",1.73435490344531e-05,-10.962272590588
2018,0,0.165,7500,0,0.65,"B",1.12823536205912e-05,-11.3922593969346
2018,0,0.22,3000,0,0.27,"D",0.00355527825312404,-5.63576033459449
2018,0,0.099,4800,0,0.12,"AA",0.00689747527776195,-4.96967846329875
2018,0,0.165,10000,0,0.64,"AA",0.00026718054348628,-8.22731871900431
2018,0,0.319,5001,1,0.3,"D",0.00225872667092494,-6.09069276298156
2018,0,0.165,2500,0,0.7,"D",0.0882199462322507,-2.33556570667093
2018,0,0.319,6000,1,0,"Missing",0.28187162063583,-0.935196633098053
2018,0,0.154,2690,1,0.69,"C",0.00519062649952346,-5.25569673167211
2018,1,0.253,3890,0,0.97,"Missing",0.967448999110218,3.39185459193266
2018,1,0.319,2500,0,0,"Missing",0.912602363124514,2.34583201367363
2018,0,0.099,5000,0,0.18,"AA",5.21235880991105e-05,-9.8618408400932
2018,1,0.319,10000,1,0.9,"Missing",0.970895552868491,3.5073279110539
2018,0,0.088,6001,0,0.04,"AA",4.16550617311476e-05,-10.0860460106467
2018,0,0.264,4000,0,0.7,"Missing",0.0680537755281281,-2.61697690472088
2018,0,0.099,7000,0,0.17,"AA",0.0460751398535284,-3.03031136650069
2018,0,0.22,9000,0,0.65,"A",0.0848152373299302,-2.37865075915569
2018,0,0.22,5000,0,0.08,"D",0.0162780256656414,-4.10152723110942
2018,0,0.066,6000,1,0.81,"Missing",0.405643254042614,-0.382005632797038
2018,0,0.242,4000,1,1,"D",0.0101357617901343,-4.58149785922897
2018,0,0.187,4500,0,0.89,"D",0.0237066113812161,-3.71800917386267
2018,0,0.198,1500,0,0.1,"C",0.125306516776924,-1.94311065015618
2018,0,0.319,2000,0,0,"Missing",0.019012645640702,-3.94345525110438
2018,0,0.121,14000,0,0.29,"AA",0.00108795015168725,-6.82237140566287
2018,0,0.209,3725,0,0.78,"D",0.0186475556622812,-3.96321659170438
2018,0,0.187,18000,0,0.22,"B",0.00212445671388319,-6.15211245677509
2018,0,0.11,1000,0,0.24,"A",7.20803877396829e-06,-11.8403064503116
2018,1,0.22,1000,0,0.9,"Missing",0.947884627306755,2.90077282716764
2018,0,0.132,4700,0,0.09,"B",0.000633833448651773,-7.36309030291998
2018,0,0.165,3500,0,0.32,"C",0.177809611615637,-1.53125860407737
2018,0,0.165,3000,0,0.73,"D",0.0339783700314202,-3.34746207860949
2018,0,0.132,25000,1,0.22,"AA",0.00301018587274124,-5.80273872479184
2018,0,0.187,5000,1,0.08,"C",0.0878553257042141,-2.34010717609369
2018,1,0.319,3000,0,0.91,"Missing",0.998892034621084,6.80412135798443
2018,0,0.165,3000,0,0.91,"Missing",0.0454682700446388,-3.044206164071
2018,0,0.11,1425,0,0,"AA",1.35900067414058e-05,-11.2061622436459
2018,0,0.187,10000,0,0.28,"B",1.31179797499918e-05,-11.2415136507092
2018,1,0.319,5000,0,0.82,"Missing",0.995841452688787,5.47842225161423
2018,0,0.165,25000,1,0.37,"AA",0.110260906268262,-2.08807883413548
2018,0,0.187,1200,0,0.94,"D",6.44754911814403e-05,-9.64916091048716
2018,1,0.22,2000,1,0,"Missing",0.962578719633331,3.2473763130835
2018,0,0.077,1000,0,0,"AA",4.35471468805423e-07,-14.6468361209784
2018,0,0.165,3500,0,0.32,"C",0.0309661375241054,-3.44340528755857
2018,0,0.121,2000,0,0.75,"B",0.000961377492832018,-6.94618157369174
2018,0,0.319,2550,1,1.51,"D",0.0172464407102399,-4.04275259951165
2018,0,0.143,2600,1,0.1,"C",0.00015508391826995,-8.77138908341531
2018,0,0.165,17000,1,0.58,"A",0.00454436617645886,-5.38931229300429
2018,0,0.22,5000,0,0.87,"D",0.023279529593141,-3.73662608480055
2018,1,0.319,4000,0,1.07,"Missing",0.98036029412435,3.91036682413202
2018,0,0.11,3000,0,0.36,"A",0.00540797616503452,-5.21445769540044
2018,0,0.132,17000,0,0.19,"AA",0.00403109790444634,-5.50967726258093
2018,0,0.319,3000,1,0,"Missing",0.871627857575883,1.9154291555792
2018,0,0.121,13000,1,0,"AA",0.000809393207667729,-7.11841599642607
2018,1,0.253,15000,0,0.77,"C",0.58089098745591,0.32643205086446
2018,0,0.286,7000,0,0.58,"D",9.68843222378652e-05,-9.24189595635255
2018,1,0.319,4000,0,1,"Missing",0.997304363790342,5.91342175612788
2018,0,0.165,8000,0,0.84,"A",0.0108557816306139,-4.51214233616451
2018,0,0.22,3000,0,1,"C",0.0209374175278642,-3.84505769477248
2018,0,0.198,7000,0,0.95,"C",0.0202774849713513,-3.87775822782763
2018,0,0.099,2500,0,0.09,"AA",1.46724244835827e-06,-13.4321243370773
2018,0,0.198,25000,0,0.6,"A",7.18485413095892e-05,-9.54087839640742
2018,0,0.099,2000,0,0.85,"A",0.00571425641695438,-5.15906045572636
2018,0,0.264,1500,0,0.96,"Missing",0.220867919410024,-1.26061570983634
2018,0,0.209,2100,0,0.86,"D",0.00905366222723336,-4.69549104144118
2018,0,0.121,6000,0,0,"A",0.000102994670643727,-9.18073031242135
2018,0,0.154,14500,0,0.48,"A",0.00809022840395413,-4.80897518354946
2018,1,0.253,1600,1,1.46,"Missing",0.958227835660587,3.13285538116569
2018,0,0.198,3000,1,0.93,"C",0.0166000053035668,-4.08161293473032
2018,0,0.099,6001,0,0.26,"AA",1.16663097172371e-05,-11.3587937148987
2018,0,0.187,5233,0,0.38,"B",0.000117431990253447,-9.04953375942084
2018,1,0.264,9500,0,0.86,"D",0.421937379219265,-0.314825290705693
2018,1,0.319,2000,1,0.09,"Missing",0.913501152804593,2.35715355115349
2018,0,0.187,4500,0,0.05,"D",0.581278758727817,0.328025029836892
2018,0,0.154,8000,0,0.92,"B",0.000442007400337128,-7.72374182806815
2018,1,0.242,15000,0,0.83,"D",0.408230204426474,-0.37128645860661
2018,0,0.099,5000,0,0,"AA",4.64110787051603e-07,-14.5831420839117
2018,0,0.22,1000,0,0,"Missing",0.0197181555271623,-3.90630031502292
2018,1,0.231,9000,0,0,"D",0.822561304414432,1.53379784182807
2018,0,0.121,5000,0,0.05,"A",0.000626086811626786,-7.37539523687298
2018,0,0.209,9000,1,0.98,"C",0.0828943642388194,-2.40365558555771
2018,0,0.275,5000,0,0.2,"D",0.122350190590122,-1.9703603161101
2018,1,0.297,2000,0,0,"Missing",0.97155222985188,3.53082524986461
2018,1,0.253,12500,1,0.41,"D",0.924099719723073,2.49939961048886
2018,0,0.055,1000,0,0.42,"D",0.0321273418240858,-3.40539308934544
2018,0,0.231,13500,0,0.84,"D",0.0163945348892875,-4.09427682572374
2018,0,0.165,6010,0,0.63,"B",0.00666027153338153,-5.00491247436506
2018,0,0.11,2000,0,0,"AA",5.61262417665847e-07,-14.393076711855
2018,1,0.319,1000,1,1.09,"Missing",0.98271718499821,4.04060871744352
2018,0,0.11,1000,0,0.56,"A",0.00642813885576081,-5.04062134132664
2018,1,0.198,8000,0,0.23,"C",0.648058993446055,0.610518164941775
2018,1,0.319,3500,0,1.01,"Missing",0.873007186488227,1.92781328941496
2018,1,0.286,2550,0,0.88,"Missing",0.998122738418787,6.27606214391424
2018,0,0.132,15000,0,0,"AA",0.000179656672986271,-8.62428322791029
2018,1,0.319,4000,0,1,"Missing",0.94313077452244,2.80845061020574
2018,0,0.187,3600,1,0.76,"D",0.0236712586400952,-3.7195377582654
2018,0,0.319,4600,0,0.9,"Missing",0.047978277583103,-2.9878394940718
2018,0,0.121,1527,0,0.03,"AA",0.000790236258607493,-7.14238804702485
2018,0,0.165,1800,1,1.02,"D",0.0280287162796531,-3.54609669448437
2018,0,0.176,23000,1,0.13,"A",0.00104354335870561,-6.86408919285385
2018,1,0.165,4400,0,0.8,"Missing",0.963465665678698,3.27228436744456
2018,1,0.22,2000,1,0,"Missing",0.959544272171521,3.16625021909875
2018,0,0.22,8500,0,0.64,"C",0.389669476309516,-0.448701769386359
2018,0,0.187,1500,0,0.92,"D",0.061814213763143,-2.71981466155833
2018,0,0.165,25000,0,0.44,"AA",0.000140955190031143,-8.86692755416803
2018,0,0.198,3100,0,0.98,"C",0.00749289611680035,-4.88627878284765
2018,0,0.077,1100,1,0.18,"A",0.435664192892017,-0.258777730186101
2018,0,0.187,6500,0,0.45,"B",0.000818762516150932,-7.1068973863445
2018,0,0.187,8000,0,0.8,"C",0.0522622451347775,-2.89780361406276
2018,1,0.275,9000,0,0.86,"Missing",0.938002575718825,2.71665985464125
2018,0,0.275,10000,1,0.71,"D",0.0247776193467072,-3.67272472768789
2018,1,0.319,1000,0,0.95,"Missing",0.961139717794301,3.2081470802902
2018,0,0.242,4000,0,0.47,"B",0.000780110281019046,-7.15529484762744
2018,0,0.308,15000,0,0.93,"B",0.051389561245577,-2.91556315453408
2018,0,0.165,4000,0,0,"C",2.41955267740072e-05,-10.6293185901172
2018,0,0.143,5500,0,0.34,"B",0.0224763208267392,-3.77256016844422
2018,0,0.176,25000,0,0,"AA",1.96960460059297e-05,-10.8350729564843
2018,0,0.165,2000,0,0.87,"D",0.00285395596466489,-5.85619115312393
2018,0,0.209,13500,0,0.78,"B",0.00619062917434308,-5.0785086832057
2018,0,0.11,2000,1,0,"B",0.000308758797988802,-8.08264136844399
2018,0,0.121,1200,0,1,"Missing",0.270130613349803,-0.993960000561964
2018,0,0.132,13000,0,0.36,"AA",0.0458420930237823,-3.03562644799444
2018,0,0.077,1325,0,0.02,"AA",0.00085148111571092,-7.0676813919494
2018,1,0.319,2550,0,0,"Missing",0.970781849979765,3.50331168552465
2018,0,0.132,18950,0,0,"AA",1.53958314539252e-05,-11.0813983740465
2018,0,0.319,3600,1,0.69,"D",0.02775760364501,-3.55609534445126
2018,0,0.154,8000,0,0.44,"A",0.000153901880759007,-8.77904138281293
2018,0,0.275,9000,0,0.43,"D",0.515844462656532,0.0633990778426923
2018,1,0.319,4500,1,1.52,"Missing",0.96714056551614,3.38210494477036
2018,0,0.22,6500,0,0.74,"D",0.00350603706362138,-5.64975672344021
2018,0,0.11,7000,0,0.51,"AA",0.00429005566039727,-5.44715628732176
2018,0,0.154,7500,0,0.14,"A",0.00228628903388947,-6.07853637849679
2018,0,0.275,6000,0,1.02,"D",0.0630264274438252,-2.6991009558566
2018,0,0.319,2525,0,0,"D",0.666586951698534,0.692788484644579
2018,0,0.143,2500,0,0.57,"A",9.12495874167047e-08,-16.2096672747052
2018,0,0.143,18000,0,0.53,"AA",0.00040508031313792,-7.81102004409281
2018,1,0.308,1000,0,0,"Missing",0.981305024761643,3.9606285597926
2018,1,0.187,4500,0,0.89,"D",0.169949442437624,-1.58598561626816
2018,0,0.165,9999,0,0.54,"C",0.00300928008481819,-5.80304058623467
2018,1,0.319,5000,0,0.88,"Missing",0.982619702495795,4.03488493361449
2018,0,0.165,1500,0,0.8,"C",2.08565828512002e-05,-10.7778200784713
2018,0,0.231,7000,0,0.52,"C",8.74897205260641e-05,-9.34390175765614
2018,1,0.308,12000,0,0,"Missing",0.999170314823947,7.09363420553307
2018,0,0.165,6088,0,0.69,"B",0.00014888092688413,-8.81221482792606
2018,0,0.198,1230,0,0,"C",0.00239995845115114,-6.02990101083095
2018,0,0.198,15000,0,0.61,"A",0.00459818430411946,-5.37748498143125
2018,0,0.099,1000,0,0.18,"AA",2.11060619277064e-05,-10.765929157307
2018,0,0.231,10000,0,0.72,"A",0.134734313382844,-1.85973182165953
2018,0,0.077,1325,0,0.02,"AA",3.35550887579723e-05,-10.3022884735569
2018,1,0.264,2000,1,0.93,"Missing",0.961830826685419,3.22681037083074
2018,0,0.198,18000,0,0.15,"B",0.00176091647792207,-6.34015841065693
2018,0,0.319,3000,0,0,"Missing",0.790888627726228,1.3302901667933
2018,0,0.165,2000,0,0.36,"D",0.00146095822877354,-6.5272007109998
2018,1,0.253,5000,0,0.97,"Missing",0.88121035404412,2.00394211691897
2018,0,0.088,3001,0,0.32,"AA",4.51052240531928e-06,-12.3090930679602
2018,0,0.154,7500,0,0.67,"B",7.58516833722848e-06,-11.7893081667748
2018,0,0.165,2000,0,0.02,"B",0.000214716870038078,-8.44597554130855
2018,0,0.121,4999,0,0.28,"A",0.00570304086206273,-5.1610363965264
2018,0,0.231,15500,0,0.66,"A",0.000250045577501703,-8.29361726986756
2018,1,0.319,25000,0,0.52,"D",0.941369385912967,2.77607862383413
2018,0,0.22,5000,0,0.16,"A",7.05065213394366e-06,-11.8623833934725
2018,1,0.319,1000,1,0.42,"Missing",0.999790923304936,8.47260031273254
2018,0,0.22,2200,0,0.92,"Missing",0.167484386938919,-1.60356184149084
2018,0,0.154,8000,0,0.76,"AA",0.0532585631444001,-2.87786742007769
2018,1,0.264,2500,1,0.83,"D",0.623249747984293,0.503364811619617
2018,0,0.165,14500,1,0,"A",0.0434323357979798,-3.09214729968038
2018,0,0.308,9000,0,0.7,"D",0.0117351872828091,-4.43335890238874
2018,1,0.286,17850,0,0.94,"C",0.829313595506624,1.58077038426479
2018,0,0.253,15900,0,0.74,"D",0.0539441257856967,-2.86435282774671
2018,0,0.165,2000,0,0.98,"C",0.00373010561312496,-5.5875816514111
2018,0,0.198,13000,0,0.52,"B",0.0748560189419194,-2.51438285957899
2018,0,0.143,21000,0,0.24,"A",0.000306209710688833,-8.09093410509168
2018,1,0.275,10000,0,0.87,"Missing",0.986662546149441,4.30375192594625
2018,0,0.22,2500,0,0.78,"Missing",0.70209855245187,0.857311063398312
2018,0,0.22,2400,1,0,"D",0.573992087399802,0.298157690931043
2018,1,0.319,2600,0,0.98,"Missing",0.999648306649782,7.9523991709945
2018,1,0.308,3500,1,0.94,"Missing",0.32155941138312,-0.746614591652663
2018,0,0.187,9500,0,0.37,"C",0.00362898605131238,-5.61516640763575
2018,0,0.165,2000,1,0.49,"D",0.0184905096382854,-3.97183407497899
2018,1,0.264,3000,0,0.56,"Missing",0.926893311180837,2.53991860363885
2018,0,0.165,4000,0,0,"C",0.00725279739761763,-4.91908880978686
2018,1,0.253,7500,0,0.89,"D",0.14563617036383,-1.76924560534323
2018,1,0.297,7000,0,0.71,"C",0.813179937313698,1.47080648817963
2018,0,0.11,2000,0,0.29,"A",4.9258986522421e-05,-9.91836947933123
2018,0,0.209,5500,0,0.29,"B",7.84872873845165e-05,-9.45249540006889
2018,1,0.308,3500,0,0,"Missing",0.946678274817193,2.87661545448927
2018,1,0.308,3001,0,0.75,"Missing",0.94023107732128,2.75563983376575
2018,0,0.099,1000,0,0.6,"A",0.00102515753049877,-6.88188330654523
2018,0,0.319,2550,0,1.16,"Missing",0.0314904656050516,-3.4260735064849
2018,0,0.176,25000,0,0,"A",0.00316069092700783,-5.75379893103532
2018,0,0.198,2800,0,0.99,"C",0.00384185148819546,-5.55795161984333
2018,0,0.11,5000,0,0,"AA",0.000154649181639529,-8.7741966894001
2018,0,0.11,3000,0,0,"A",0.000256285340870797,-8.26896280324021
2018,0,0.319,3000,0,1.34,"Missing",0.0792007233727937,-2.45325663954217
2018,0,0.231,5000,1,0.94,"C",0.0202052162780636,-3.88140234271266
2018,0,0.165,15000,0,0.01,"AA",1.08916388502307e-05,-11.4275042493463
2018,1,0.077,1000,1,1.06,"Missing",0.998641743952125,6.60019454053207
2018,0,0.11,2000,0,0.29,"A",0.00317900959092531,-5.7480015067184
2018,0,0.088,2500,0,0.06,"AA",0.00535548259038301,-5.2242645849626
2018,0,0.154,5000,0,0.29,"B",0.000429627934564111,-7.75216127204196
2018,1,0.275,1500,1,0.97,"Missing",0.918183719478234,2.41792124855908
2018,1,0.253,2400,0,0.91,"Missing",0.991760788972097,4.7905773477605
2018,0,0.242,10000,0,0.65,"C",0.0599807800184704,-2.75187614396485
2018,0,0.253,3100,0,0.78,"Missing",0.849425912366824,1.73010548439248
2018,0,0.121,8000,0,0.06,"A",0.00299959246341249,-5.80627474481353
2018,1,0.308,12000,1,0.87,"D",0.542726343562394,0.171323199293464
2018,1,0.319,3950,0,0.78,"Missing",0.970478341809057,3.49266491589689
2018,0,0.11,6000,0,0.52,"A",0.000179036904323525,-8.627739551035
2018,0,0.077,1100,1,0.18,"A",0.000436779663481952,-7.7356448175005
2018,0,0.253,15000,0,0.96,"C",0.00636227609214967,-5.05098648790067
2018,1,0.297,3000,1,0.79,"D",0.54831903637177,0.19388120277115
2018,1,0.253,3150,0,0.88,"Missing",0.899051452283586,2.18672930714177
2018,0,0.209,8750,0,0.73,"D",0.348820236915137,-0.624229028831041
2018,0,0.231,6250,0,0,"C",0.00301449862243897,-5.80130270563797
2018,1,0.187,6550,0,0.77,"C",0.739217928472735,1.04190769037404
2018,0,0.11,7500,0,0.13,"AA",0.00734006107269356,-4.90704098399002
2018,0,0.165,12000,0,0.52,"C",0.130434646091418,-1.89712118851375
2018,0,0.165,10000,0,0.66,"B",0.0247428834576079,-3.67416323490527
2018,0,0.198,2500,0,0.87,"D",0.00401436053364181,-5.51385477388973
2018,0,0.308,5000,0,0.81,"D",0.0857990618759214,-2.36604231947946
2018,0,0.198,9999,0,0.92,"D",0.110985366116952,-2.08071534060234
2018,0,0.154,1500,1,0.25,"AA",0.043598193716796,-3.08816240322679
2018,0,0.099,2000,0,0,"AA",0.000328379575746488,-8.02101194203615
2018,0,0.187,3500,0,0,"B",0.000184574489164189,-8.59727284913047
2018,0,0.099,1000,0,0.02,"AA",0.000784835069548971,-7.14925182152804
2018,0,0.275,4000,0,0.45,"D",0.0625676981038648,-2.70689540372721
2018,0,0.242,2500,1,0.74,"D",0.401833599875133,-0.397830904054366
2018,1,0.319,4000,0,0,"Missing",0.873367853177792,1.93107043202256
2018,0,0.209,15000,0,0.3,"AA",5.35523938832575e-05,-9.83479650453955
2018,0,0.165,7700,0,0.38,"C",0.0117562635568979,-4.43154319689627
2018,0,0.231,10000,0,0.84,"D",0.142511953687423,-1.79458135706638
2018,0,0.099,1000,0,0.18,"AA",0.000341795920607478,-7.98095486803572
2018,0,0.198,9999,0,0.92,"D",0.133910877089307,-1.86681333423126
2018,0,0.253,12000,0,0.79,"D",0.0665731260377343,-2.64056164140956
2018,0,0.11,8300,0,0.05,"AA",0.000724799296796565,-7.22889071134859
2018,0,0.121,6500,0,0.34,"A",0.00387452865722934,-5.54944920633122
2018,0,0.319,6000,1,0,"D",0.0296224387952483,-3.48915309257016
2018,0,0.22,5000,0,0.81,"C",0.00149281745201966,-6.50559610432979
2018,0,0.319,2100,1,1.14,"Missing",0.912996954474068,2.35078942076745
2018,1,0.319,5000,0,0.77,"Missing",0.983052194547208,4.06052386230461
2018,0,0.187,10000,0,0.79,"A",0.277490056640272,-0.956946081709932
2018,0,0.121,1600,0,0.9,"B",0.000206588361298083,-8.48457572763398
2018,0,0.132,7000,0,0.2,"B",0.0110541418707342,-4.49383439840559
2018,0,0.187,25000,0,0.89,"B",0.000546912776621326,-7.51067416359973
2018,0,0.088,2500,0,0.47,"AA",2.88745859598957e-06,-12.7551309338076
2018,0,0.209,3000,0,0,"D",0.0403967986619868,-3.16776932628968
2018,0,0.121,1500,0,0,"AA",0.00133379119517689,-6.61839518760835
2018,0,0.187,10000,0,0.79,"A",0.0675898424084142,-2.62431508960197
2018,0,0.176,3300,0,0.3,"C",2.19250505151255e-05,-10.7278587904212
2018,0,0.264,25000,0,0,"A",0.000544300611837822,-7.51546441964558
2018,0,0.176,3500,0,0.53,"B",1.78112377556331e-07,-15.5408509731636
2018,0,0.209,3900,1,0,"C",0.000925022116849512,-6.98476746041628
2018,1,0.319,2550,0,0.99,"Missing",0.486522191205915,-0.0539242982685937
2018,0,0.066,1000,0,0.04,"AA",5.76262791802183e-05,-9.761474230599
2018,0,0.154,2000,0,0.98,"B",3.70377458169777e-05,-10.2035359696794
2018,1,0.319,13500,0,0.78,"D",0.911863618902312,2.33660503821326
2018,0,0.143,6000,1,0.22,"A",7.2849159567748e-06,-11.8296973699168
2018,1,0.319,2000,0,0,"Missing",0.983603192161304,4.0941358838198
2018,1,0.242,1500,1,1,"Missing",0.891760053803498,2.10884661162894
2018,0,0.088,2500,0,0.06,"AA",0.00435858137162962,-5.43124054036779
2018,0,0.275,6000,0,1.02,"D",0.0982459859519146,-2.21686737670816
2018,0,0.165,15000,0,0.16,"AA",0.000583470620513867,-7.44593281704708
2018,0,0.22,12000,0,0.34,"C",0.00185829973416104,-6.28623330222443
2018,0,0.319,3000,0,0.91,"Missing",0.0112534643556637,-4.47576199133115
2018,0,0.165,1500,1,0.64,"AA",0.000197791541772435,-8.52809909009935
2018,0,0.275,25000,0,0.47,"AA",0.000627515932653089,-7.37311378369528
2018,0,0.253,7500,1,0.81,"Missing",0.0176670605355116,-4.01822837401875
2018,0,0.165,12000,0,0.52,"C",0.00117225657868354,-6.74765174378735
2018,1,0.319,4000,0,1.21,"Missing",0.993435524457717,5.01949654488034
2018,1,0.187,1800,0,0.96,"Missing",0.97507830895925,3.66677923425884
2018,0,0.11,3000,1,0.32,"A",0.0145723225664807,-4.21395172227802
2018,1,0.319,3001,0,0.84,"Missing",0.986894653123746,4.32154299388744
2018,0,0.099,5000,0,0.28,"AA",5.91943476457423e-07,-14.3398540936342
2018,0,0.187,1775,0,0.9,"D",0.0078403652422245,-4.84059859617754
2018,0,0.22,7500,1,0.62,"C",1.9245047524644e-05,-10.8582375565448
2018,1,0.319,4000,1,0.92,"Missing",0.998913957602478,6.82412838558779
2018,0,0.132,2500,0,0,"B",0.0001316390606708,-8.93531512177975
2018,1,0.275,13000,0,0.93,"D",0.799711916069153,1.38449480810802
2018,0,0.154,5000,0,0,"B",2.77471708153156e-05,-10.4923489280148
2018,0,0.319,4000,0,0.98,"Missing",0.276954951116346,-0.959616666881334
2018,0,0.165,15000,0,0.01,"AA",0.0003232421508215,-8.03678552827035
2018,1,0.286,6000,1,0,"Missing",0.975015254746211,3.66418766799081
2018,0,0.319,2560,0,1,"Missing",0.0578642840030984,-2.79004899873375
2018,0,0.11,5000,0,0.71,"AA",9.41281275492473e-06,-11.5734293249184
2018,1,0.319,6500,0,0.95,"Missing",0.919745667799167,2.43889643941584
2018,0,0.231,8000,0,0.76,"D",0.269567124353236,-0.996819909444474
2018,0,0.121,1500,0,0,"AA",0.000558273549336782,-7.49010305447892
2018,0,0.088,2499,0,0.01,"AA",1.78362847316597e-07,-15.5394457150775
2018,1,0.253,15000,0,0.18,"D",0.911364835650421,2.33041462760825
2018,0,0.165,2650,1,0.42,"D",0.000121264136280548,-9.01741817557234
2018,0,0.22,5000,0,0.97,"C",0.00316977077161617,-5.75092120036425
2018,1,0.319,9200,1,0.98,"Missing",0.972400518902476,3.56197080434048
2018,0,0.165,2000,0,0.98,"C",0.0450624488319202,-3.05359666734243
2018,0,0.099,3600,0,0.23,"AA",4.15911924125862e-05,-10.087580541907
2018,0,0.22,2500,0,1,"C",0.0026224264801843,-5.94102938127097
2018,0,0.231,3500,0,1.03,"D",0.0670964653671494,-2.63217043732699
2018,1,0.308,10000,0,0.87,"D",0.748981491659934,1.09318759765762
2018,0,0.165,5000,0,5.95,"B",0.0133241595307941,-4.30476266292907
2018,0,0.264,20000,1,0.88,"C",0.00679940744248481,-4.9840971826743
2018,0,0.165,25000,0,0,"B",0.00181566042439419,-6.3094886965267
2018,0,0.275,4000,1,0.99,"Missing",0.221793162006956,-1.25524710255095
2018,1,0.187,1000,1,0.59,"D",0.66641384391778,0.692009693754193
2018,1,0.253,1750,1,0,"Missing",0.999970432525913,10.4288060813239
2018,0,0.198,17000,0,0.23,"B",0.113477181289465,-2.05570509460798
2018,0,0.264,1500,1,0.88,"Missing",0.152474409667455,-1.71532425737415
2018,0,0.154,12000,1,0.37,"A",0.0230078694447142,-3.74864229012801
2018,1,0.319,3975,0,0.97,"Missing",0.974834139356985,3.65677900340278
2018,0,0.187,2000,0,0.74,"B",0.000156135884101799,-8.76462772985114
2018,0,0.198,4000,0,0.19,"D",0.0017891982345388,-6.32419687237676
2018,0,0.187,15000,1,0,"A",0.0298316090721077,-3.48190111684886
2018,1,0.11,3000,0,0.2,"AA",0.62661568233964,0.517725174418953
2018,0,0.22,3100,1,0.92,"C",0.0591230124040152,-2.76719217644823
2018,0,0.198,3001,0,0.8,"D",0.00978023017154337,-4.61756388952586
2018,0,0.187,25000,0,0.34,"AA",0.00239249929899784,-6.03302136173848
2018,0,0.275,8000,1,0.48,"D",0.348412829662784,-0.626023118237323
2018,0,0.231,5500,1,0,"C",0.1311615355371,-1.8907275620262
2018,0,0.319,10500,0,0.76,"D",0.00105819264524639,-6.85013412484113
2018,0,0.165,13000,0,0.26,"AA",0.076755725525,-2.48726586886498
2018,0,0.242,24000,0,0.72,"B",0.00666788016817858,-5.00376307563669
2018,0,0.088,2500,1,0.24,"AA",1.95431070613267e-05,-10.8428683703891
2018,1,0.297,6000,0,0.95,"Missing",0.840659475523017,1.66314309821821
2018,0,0.187,4500,0,0.05,"D",0.00135383742213948,-6.60345742928843
2018,0,0.143,10000,0,0.53,"A",0.000719155009285098,-7.23671421964969
2018,1,0.264,4000,0,0.99,"Missing",0.987686645783706,4.38468110523918
2018,0,0.297,3001,1,1.02,"Missing",0.0714776756219144,-2.56420925210897
2018,1,0.319,9000,0,0.85,"Missing",0.634741927973751,0.552614353254903
2018,1,0.22,10000,0,0.87,"C",0.92789297218046,2.55476488166696
2018,1,0.209,6001,0,0.2,"C",0.359567889273378,-0.577240118607201
2018,0,0.198,7500,0,0.58,"C",0.00683363371929056,-4.9790416336355
2018,1,0.319,3600,0,0.92,"Missing",0.999995163589851,12.2393329807274
2018,0,0.319,25000,1,0.93,"C",0.0196658355858693,-3.90901060163973
2018,0,0.176,5000,0,0,"C",0.000619608457087499,-7.38580299975129
2018,0,0.154,16500,0,0.2,"AA",0.000596400152095491,-7.42400214198169
2018,0,0.22,1000,0,0,"Missing",0.0341331397866862,-3.34275724523823
2018,0,0.231,6250,0,0,"C",0.0128102606288076,-4.34461579799719
2018,0,0.088,1000,0,0,"AA",0.000380827817825343,-7.87278230635208
2018,0,0.099,1000,1,0.05,"AA",0.000395988432473925,-7.83372949120427
2018,0,0.099,6001,0,0.26,"AA",0.0106247981135997,-4.53388292113275
2018,1,0.319,3000,1,0.74,"Missing",0.249450524292294,-1.10154497646386
2018,1,0.264,1000,0,0.92,"Missing",0.510963627274897,0.0438615396095365
2018,0,0.099,1500,0,0.76,"A",2.41440061579083e-05,-10.631450256592
2018,0,0.253,7000,0,0.98,"C",0.00343400376165454,-5.67058850760682
2018,0,0.22,7500,0,0,"D",0.403447826351548,-0.391119527386481
2018,0,0.165,5000,0,0.53,"A",0.000106582463850422,-9.1464849758381
2018,0,0.319,1890,1,0,"Missing",0.0386268272152941,-3.21441561010458
2018,0,0.319,5000,0,0.78,"Missing",0.447553384940985,-0.210560977838683
2018,0,0.154,4500,1,0.76,"B",4.18108583762038e-06,-12.3849353943017
2018,0,0.198,2800,0,0.99,"C",0.000543050033346599,-7.51776590229368
2018,0,0.198,1600,0,0.94,"D",0.49583692203469,-0.0166526966837117
2018,0,0.11,6000,0,0.02,"AA",0.00750011125462961,-4.88530904608314
2018,0,0.264,20000,1,0.88,"C",0.0208861048602621,-3.84756387536132
2018,0,0.099,3001,0,0.21,"AA",0.00390839704306253,-5.54071189766765
2018,0,0.319,3550,0,0,"Missing",0.666216319921044,0.691121303771794
2018,0,0.099,4800,0,0.12,"AA",0.00011183117977588,-9.09840830982028
2018,0,0.11,7500,0,0.2,"AA",1.24025044081301e-05,-11.2975997347672
2018,1,0.253,6001,0,0.81,"D",0.246025180377222,-1.11992508177354
2018,0,0.187,1000,0,0.67,"D",0.00040458114889447,-7.81225356325847
2018,0,0.132,1800,0,0.39,"B",2.62212630570916e-05,-10.5489136876683
2018,1,0.22,1000,0,0.98,"Missing",0.903688729075174,2.23889962318072
2018,0,0.242,12150,0,0,"D",0.0843365127174631,-2.38483402565838
2018,0,0.099,5000,0,0.01,"AA",5.32312395522948e-05,-9.8408118916708
2018,0,0.209,25000,0,0.85,"A",0.0149820789456166,-4.18580508509427
2018,0,0.11,3600,1,0.28,"A",0.00168184891222204,-6.38617828292326
2018,1,0.187,1700,0,0.56,"Missing",0.982122334942835,4.00616370635643
2018,0,0.154,9999,0,0,"A",0.0156381254050938,-4.14228171925609
2018,1,0.319,5300,0,0.96,"Missing",0.984970004070459,4.18256325504549
2018,0,0.22,25000,1,0.19,"C",0.000297882296952293,-8.11851419948016
2018,0,0.187,1700,0,0.56,"Missing",0.701560385236748,0.854739359236609
2018,1,0.286,3600,0,0.53,"Missing",0.542674695054834,0.17111508743302
2018,1,0.319,3100,0,1,"Missing",0.981903891373654,3.99379651113537
2018,0,0.165,19300,0,0.39,"A",0.000456901588920021,-7.69058552579081
2018,0,0.286,7300,0,0,"C",0.0149551897567108,-4.18762875225577
2018,0,0.253,2000,0,1.13,"Missing",0.216537512085088,-1.28595938465277
2018,0,0.319,20000,1,0.9,"C",0.0739618581293216,-2.52736589408377
2018,0,0.231,9975,0,0.62,"C",0.00145149889473322,-6.53370598262538
2018,0,0.154,22000,0,0.77,"B",1.49178670275344e-05,-11.1129360160512
2018,0,0.121,4000,0,0.11,"AA",0.000237194863308438,-8.34639132360608
2018,0,0.319,2800,0,0.99,"C",0.0319076459825308,-3.412481822725
2018,0,0.154,2000,0,0.98,"B",0.0273207462259506,-3.5724080325511
2018,0,0.22,8500,0,0.64,"C",0.0121197208627952,-4.4007275661898
2018,1,0.286,7225,0,1.01,"Missing",0.588993924722423,0.359807872951189
2018,0,0.198,15000,0,0.61,"A",0.000173906519228516,-8.65681872728839
2018,0,0.187,7000,0,0.51,"B",0.257096332846915,-1.06111553177104
2018,0,0.264,9000,0,1.03,"D",0.615315588005623,0.469711998381052
2018,0,0.209,2750,0,0,"C",0.00869760433170138,-4.73597200616086
2018,0,0.165,14500,1,0,"A",0.00425608525964403,-5.45514032616091
2018,0,0.198,9750,0,0.92,"C",0.0160901898229214,-4.1133244780215
2018,1,0.308,4500,0,0.47,"Missing",0.998899728683572,6.81109760123411
2018,1,0.22,2000,1,0,"D",0.546928660965762,0.188268780811024
2018,1,0.187,1550,0,0.95,"Missing",0.795685112252424,1.35954114879774
2018,0,0.176,3500,0,0,"C",4.44777552093281e-05,-10.0204768979673
2018,1,0.264,7500,1,0.94,"C",0.512634421375104,0.0505484459700245
2018,0,0.22,6001,0,0.77,"C",0.00404818590230461,-5.50543002158126
2018,0,0.198,2275,0,1.03,"D",0.00173584210936219,-6.35452526727949
2018,0,0.209,6001,0,0.2,"C",0.0622232332476523,-2.71278347726156
2018,1,0.264,3000,0,1,"Missing",0.873760447086329,1.93462493455172
2018,1,0.319,5000,0,1.01,"Missing",0.976664265987569,3.73415712097089
2018,0,0.198,4500,1,0.71,"C",0.00199124724191841,-6.21700084943113
2018,0,0.319,5000,0,0.72,"Missing",0.282112424731968,-0.934007315628655
2018,0,0.088,5000,0,0.13,"AA",0.0214932241018874,-3.81828998418393
2018,0,0.286,25000,0,0.69,"B",0.000420545379229892,-7.77353753322822
2018,0,0.253,8200,0,0.44,"C",0.00108255940196285,-6.82734407900809
2018,0,0.176,3500,0,0.53,"B",0.000798554898772349,-7.13190796638282
2018,1,0.275,4000,1,0.99,"Missing",0.977948793956479,3.792090014498
2018,0,0.198,3000,0,0.79,"B",0.00402447578808195,-5.51132801979539
2018,0,0.22,10000,0,0.03,"D",0.00969430112236349,-4.62647548251146
2018,0,0.176,3400,0,0.49,"C",0.00177561503998409,-6.3318312213601
2018,0,0.187,1100,0,0.29,"D",0.0116789344266645,-4.4382208674688
2018,0,0.121,25000,0,0.35,"AA",0.000374241564693208,-7.89023476253791
2018,0,0.143,20000,0,0.13,"AA",6.73326498660101e-05,-9.60579796487069
2018,0,0.11,1425,0,0,"AA",0.0308368068113679,-3.44772400888705
2018,1,0.308,5000,0,0.96,"Missing",0.987175054170418,4.34345521632187
2018,1,0.319,2500,0,1.21,"Missing",0.693277833910058,0.81548849219722
2018,1,0.319,1500,0,0.95,"Missing",0.943280097072029,2.81123809538009
2018,1,0.319,5000,0,0.32,"Missing",0.98433808625958,4.14073753289565
2018,0,0.121,12000,0,0.02,"AA",0.000881159382893676,-7.03339048921499
2018,0,0.077,1000,0,0,"AA",3.26824591385259e-06,-12.6312538665094
2018,0,0.319,10000,0,0.49,"D",0.143849714634246,-1.78367682152519
2018,0,0.198,3100,0,0.86,"D",0.000866720099728539,-7.04992737507162
2018,0,0.264,1000,1,0.29,"Missing",0.652811834866924,0.631422037270345
2018,1,0.319,25000,0,0.98,"Missing",0.69626234947968,0.829562191113356
2018,0,0.242,12500,0,0.96,"C",0.005210063888863,-5.25193947695573
2018,0,0.231,15000,0,0.24,"C",0.0452852014523406,-3.04843235525304
2018,0,0.275,1500,1,0,"Missing",0.0758516831211527,-2.5000926791874
2018,0,0.11,1500,0,0.89,"A",5.21152173563117e-06,-12.164633453535
2018,0,0.165,12000,1,0.53,"B",0.0149923077674141,-4.18511219645314
2018,1,0.264,1800,0,1.18,"Missing",0.984469740384563,4.14931280753467
2018,0,0.253,4900,0,1,"D",0.186929682422598,-1.4700850809808
2018,0,0.253,5000,0,0.37,"D",0.0497113990848543,-2.95053146424837
2018,1,0.22,3000,1,1.03,"Missing",0.964748404357194,3.30935655177564
2018,0,0.308,25000,1,0.75,"C",0.0175158520687167,-4.02697790578327
2018,0,0.22,1000,1,0.42,"C",0.000493319147662737,-7.61386079415576
2018,1,0.308,1900,0,1.2,"Missing",0.994829389192816,5.2595804282435
2018,0,0.187,10700,0,0.12,"C",0.00550667539427713,-5.19627232161889
2018,0,0.077,2500,1,0,"AA",0.000100530016365619,-9.20495366968373
2018,0,0.154,2000,0,0.5,"C",0.00062835638193165,-7.37177451142317
2018,0,0.165,25000,0,0.04,"A",0.0052513684291541,-5.24400137784316
2018,1,0.308,4000,0,0,"Missing",0.823956257262785,1.54338494021697
2018,1,0.22,5000,0,0,"D",0.43753453311089,-0.251174104489331
2018,0,0.319,5000,0,0.93,"Missing",0.358064609562946,-0.583774216920304
2018,1,0.275,1250,0,0.99,"Missing",0.75456845860729,1.12312795328235
2018,1,0.319,4000,0,0.98,"Missing",0.907955710748326,2.2889257345824
2018,1,0.319,4500,0,0.45,"Missing",0.977432200593688,3.76840484419961
2018,0,0.242,12800,0,0,"A",6.31702587446621e-06,-11.9722557330049
2018,0,0.22,7500,1,0.62,"C",0.022400125542366,-3.77603389658317
2018,0,0.242,25000,1,0.69,"AA",0.000982534359882396,-6.92439222557871
2018,0,0.099,1000,0,0.02,"AA",6.68259448749304e-05,-9.61335232831888
2018,1,0.077,6500,0,0.75,"Missing",0.551477969024015,0.206644088767994
2018,0,0.165,5000,0,0.74,"C",0.0888358833851691,-2.3279323704461
2018,0,0.121,23500,0,0.02,"AA",4.88707553200176e-05,-9.92628251915296
2018,0,0.198,5000,0,0.66,"C",0.00158306805347869,-6.44680618638259
2018,0,0.165,1250,0,0.74,"C",0.00173929361349282,-6.35253540949974
2018,0,0.165,7500,0,0.65,"B",0.00146633239552041,-6.52352355633417
2018,0,0.132,6000,0,0.33,"AA",1.61743518022375e-07,-15.6372538166751
2018,0,0.11,14000,0,0.26,"AA",0.000201514736418904,-8.50944651061585
2018,0,0.154,5000,0,0.29,"B",0.000824717880387794,-7.09964413513137
2018,0,0.187,1500,1,0.56,"C",0.0113644701153251,-4.46583390786204
2018,0,0.253,10000,0,0.67,"D",0.000266886242974835,-8.22842112476237
2018,0,0.121,25000,0,0.29,"AA",6.16409626587779e-05,-9.6941222873354
2018,0,0.165,12000,0,0.52,"C",0.00207489042087603,-6.17576988992207
2018,0,0.253,8000,0,0.75,"C",0.0459968145220351,-3.03209486594789
2018,0,0.165,1000,0,0,"D",9.53314729889121e-06,-11.5607261099066
2018,0,0.187,3800,0,1.1,"D",0.0303579591183496,-3.46386824581805
2018,0,0.11,2000,0,0,"AA",1.50691671970082e-05,-11.1028447398808
2018,0,0.286,2600,0,0.73,"D",0.00884695060641681,-4.71879612635592
2018,1,0.297,7500,0,0.69,"Missing",0.99919333611264,7.12179648349388
2018,1,0.286,9000,1,0.83,"Missing",0.991133331993939,4.71654998998077
2018,0,0.319,8500,1,0,"B",0.00190689807331555,-6.26036868398131
2018,0,0.165,8500,0,0.22,"B",0.0037242011885166,-5.58917174289145
2018,0,0.132,4000,0,0,"B",6.80252843878745e-05,-9.59556306506786
2018,0,0.242,25000,0,0.73,"C",0.00412650808910694,-5.48618868303217
2018,0,0.264,1000,1,0.98,"Missing",0.992077540438323,4.83009956166232
2018,0,0.209,6001,0,0.05,"D",0.00378590072007408,-5.57267836406429
2018,0,0.275,7500,0,0.54,"D",0.0713795489836236,-2.56568869932096
2018,0,0.187,3500,0,0.96,"Missing",0.00459636239672796,-5.37788311349037
2018,0,0.099,3001,0,0.21,"AA",7.93957167983482e-05,-9.44098673690263
2018,0,0.165,25000,0,0,"A",0.00142760470499508,-6.55032864591257
2018,0,0.11,1000,0,0.3,"AA",3.49785899260317e-05,-10.2607394208471
2018,1,0.319,5000,1,0,"Missing",0.882383176262774,2.01519431764961
2018,0,0.275,14000,0,0.8,"D",0.00616470941105177,-5.08273048905936
2018,1,0.231,15000,0,0.82,"C",0.831540247459235,1.5965828369636
2018,0,0.286,2550,0,0.88,"Missing",0.984631532756192,4.1599496640796
2018,0,0.165,3500,0,0.56,"C",0.00095854983706738,-6.9491299924367
2018,0,0.11,8300,0,0.05,"AA",0.000389227906901165,-7.85095620330683
2018,1,0.319,2700,0,0,"Missing",0.980952815619207,3.94160507104528
2018,0,0.198,12000,0,0.93,"B",0.00136590453655934,-6.59457156742963
2018,1,0.319,2550,0,0.43,"Missing",0.989532505274734,4.5489578997092
2018,1,0.297,2000,1,0,"Missing",0.650696416100999,0.622101786734389
2018,1,0.264,1000,1,0.29,"Missing",0.999297474514372,7.26012610656875
2018,1,0.264,9500,0,0.86,"D",0.811661441567659,1.4608421233522
2018,0,0.319,3950,0,0.78,"Missing",0.420622329977907,-0.320219192132431
2018,1,0.319,5000,1,1.02,"Missing",0.180845885057898,-1.51062703588681
2018,0,0.319,4000,1,0,"Missing",0.0800201887221484,-2.44207276367555
2018,0,0.176,8000,0,0.66,"B",3.06722329091647e-05,-10.3921221054431
2018,1,0.319,4000,1,0.16,"Missing",0.93393255852379,2.64872816762241
2018,0,0.143,9000,0,0.86,"B",0.00125680243225343,-6.6779269428791
2018,0,0.319,10500,0,0.76,"D",0.00368645518768459,-5.59939666948775
2018,1,0.264,2550,1,0.93,"Missing",0.0849535700587827,-2.376869934446
2018,0,0.22,7500,1,0.62,"C",0.0647358375384295,-2.67051406470184
2018,0,0.165,16000,0,0.77,"B",0.00751134482746499,-4.88380106062816
2018,1,0.319,5000,1,1.05,"Missing",0.998933351309632,6.84216639280159
2018,0,0.187,25000,0,0.91,"A",0.00408687034593968,-5.49588055400735
2018,1,0.319,6000,0,0,"Missing",0.92188050886611,2.46817602314534
2018,0,0.319,6000,1,0,"D",0.033659549391873,-3.35721940384188
2018,1,0.231,4000,1,0.91,"D",0.921255371807478,2.45952721253436
2018,1,0.319,4000,0,1,"Missing",0.643537722673478,0.590752226106429
2018,0,0.055,2000,0,0.1,"AA",0.0406299032918549,-3.16177259005783
2018,1,0.275,3500,1,0,"D",0.761281127378812,1.15971611360719
2018,1,0.253,2600,0,0.5,"Missing",0.985828034134448,4.2422161534037
2018,0,0.165,8000,0,0.54,"B",5.34785636002286e-05,-9.83617618473207
2018,1,0.22,1990,1,1,"D",0.173665187437229,-1.55987079806469
2018,0,0.143,19000,0,0.08,"AA",1.42533082278231e-05,-11.1585072684455
2018,0,0.165,2300,0,0.46,"C",0.0867301056510847,-2.35423038670317
2018,0,0.22,3000,1,0.07,"D",0.686265685344525,0.782718353100241
2018,0,0.187,6550,0,0.77,"C",2.35718097578696e-05,-10.6554354896162
2018,1,0.275,16000,1,0.67,"D",0.203956125401744,-1.36174940401449
2018,1,0.253,2600,0,0.5,"Missing",0.999653689484888,7.96782837235348
2018,0,0.132,7000,0,0.2,"B",1.61703947686487e-06,-13.334911946981
2018,0,0.209,15000,1,0.94,"B",2.62703644926434e-05,-10.5470428087908
2018,0,0.22,24900,0,0.87,"C",0.0079545759538201,-4.82602154185328
2018,0,0.165,25000,0,0.01,"A",1.28544100648421e-06,-13.5644074173459
2018,0,0.275,15000,0,0,"C",0.00233868759796887,-6.05582393592061
2018,0,0.11,3600,1,0.28,"A",5.51560383384392e-06,-12.107923906269
2018,0,0.187,4000,1,0.31,"D",0.00101703310421433,-6.88984806096229
2018,1,0.308,2500,1,1.04,"Missing",0.913931612227619,2.36261355924693
2018,1,0.319,5500,0,1.13,"Missing",0.996490891862297,5.64887808611446
2018,0,0.22,2400,1,0,"D",0.360025680629733,-0.57525268557617
2018,1,0.176,4200,1,0.83,"C",0.6239897182517,0.506517402981652
2018,1,0.077,2000,1,0.81,"Missing",0.793562128519989,1.3465323310843
2018,0,0.198,14500,1,0.66,"B",0.517145168055244,0.0686075708725591
2018,1,0.22,1500,0,0.53,"D",0.915949422616741,2.38854241831354
2018,0,0.165,6500,0,0.9,"C",0.000410136755547746,-7.79860968288031
2018,0,0.143,9999,0,0.61,"B",0.00019366434716674,-8.54919038351349
2018,0,0.132,9000,0,0.05,"AA",0.00120875202488375,-6.71695735285512
2018,0,0.187,1500,0,0.77,"Missing",0.10533518871932,-2.13930159640437
2018,1,0.165,2000,1,0,"Missing",0.995584784756171,5.41827370217309
2018,0,0.22,19900,0,0.98,"A",0.000991191492346431,-6.9156111278243
2018,1,0.198,8000,0,0.33,"C",0.140603784222016,-1.81028417417851
2018,0,0.165,8000,0,0.64,"B",0.00180369358207294,-6.31611340429942
2018,0,0.22,1000,0,0.91,"Missing",0.677141123852377,0.740664394123415
2018,0,0.187,1000,1,0.14,"D",0.0816116449871717,-2.42064838587426
2018,0,0.165,7000,0,0,"A",0.0382188574104935,-3.22545787898031
2018,1,0.319,7000,0,0.36,"Missing",0.145403871917466,-1.77111379835813
2018,0,0.121,15152,0,0.6,"A",0.000810924008507523,-7.11652495623099
2018,0,0.099,1000,1,0.05,"AA",0.000105413409939093,-9.15751528195997
2018,0,0.165,15500,0,0.98,"B",0.248343348731178,-1.10746737956624
2018,0,0.154,9500,0,0.77,"A",7.18260713621306e-05,-9.54119120827474
2018,0,0.176,3000,0,0.81,"B",0.000596136200978509,-7.42444507791427
2018,1,0.242,5000,0,0.47,"D",0.712152195810534,0.905859763952305
2018,0,0.165,5000,0,0,"C",0.00267508209639875,-5.92109654234022
2018,1,0.319,1000,1,0.67,"Missing",0.998663755198843,6.61655484788149
2018,0,0.264,3500,0,0.94,"Missing",0.221548000436288,-1.25666805951355
2018,0,0.165,5000,0,0.7,"C",0.00143649733924528,-6.54411000170427
2018,0,0.11,6500,0,0.34,"A",0.00220778278353738,-6.11355630889871
2018,0,0.319,25000,0,0.52,"D",0.0228897352011813,-3.75391094068825
2018,0,0.165,6500,0,1.05,"C",0.0118508500452546,-4.42343404906183
2018,1,0.22,2500,0,0.8,"Missing",0.914219135718139,2.36627434273088
2018,0,0.264,6000,0,0.52,"D",0.0167729562688184,-4.07107222023016
2018,1,0.319,2501,1,0,"Missing",0.940842283617809,2.76656848406518
2018,0,0.286,25000,1,0.09,"B",0.00164808597885825,-6.40649123165189
2018,0,0.132,3001,0,0.05,"AA",2.72176775937298e-06,-12.8142262554518
2018,1,0.121,3000,1,0,"C",0.434379574567038,-0.264004479148196
2018,0,0.187,5000,0,0.89,"D",0.0010663632191816,-6.84243434814554
2018,0,0.077,5000,0,0.33,"AA",2.93239463354562e-07,-15.0422759874086
2018,1,0.319,3000,0,0.65,"Missing",0.999622760063784,7.88225182626059
2018,0,0.187,1000,0,0.72,"C",0.00110518191956953,-6.80663953138492
2018,0,0.132,1500,1,0.59,"D",0.000278641207624376,-8.18530691788559
2018,0,0.165,4200,0,0.3,"C",0.0036477824077582,-5.6099814037552
2018,0,0.121,8000,0,0.62,"B",0.00574642277832862,-5.15341474629016
2018,0,0.176,23000,1,0.13,"A",0.0629052428175107,-2.70115489352578
2018,0,0.088,3001,0,0.14,"AA",0.000185865515768021,-8.59030129648022
2018,1,0.253,14000,0,1.04,"D",0.529025405979214,0.116232305077112
2018,1,0.286,3600,0,0.53,"Missing",0.717788467168453,0.933518005504162
2018,1,0.319,4000,1,0,"Missing",0.999208285937443,7.14051823582843
2018,1,0.22,1100,0,0,"Missing",0.406716452441274,-0.377556176886705
2018,1,0.264,4000,0,0.7,"Missing",0.50413051906838,0.0165224521372398
2018,0,0.165,2000,0,0.98,"C",0.00480196383666448,-5.33391678179408
2018,1,0.286,2000,1,0,"Missing",0.989371487219438,4.53352960531364
2018,0,0.121,3500,1,0.18,"A",3.87441647341864e-06,-12.4611116195793
2018,0,0.319,5000,0,0.97,"Missing",0.179885322673604,-1.51712462927779
2018,0,0.319,3000,0,0.98,"Missing",0.722149361444074,0.95514829137691
2018,0,0.099,1025,1,0.76,"D",0.000161696778488162,-8.72962600449641
2018,0,0.099,5000,0,0.08,"A",0.00108847941482331,-6.82188451673794
2018,1,0.275,5500,0,0.49,"Missing",0.986868179039893,4.31949810762709
2018,0,0.077,1000,0,0.07,"AA",0.00112427764150863,-6.78948963587902
2018,0,0.319,12000,1,0.18,"C",0.0142041331773692,-4.23991631046486
2018,0,0.187,12000,1,0.51,"A",0.00386877400495065,-5.55094133964772
2018,0,0.11,1000,0,0.65,"A",0.0043969953551867,-5.42242715457408
2018,0,0.165,8942,0,0,"B",1.30769537252056e-05,-11.2446460576469
2018,0,0.319,3600,0,0.3,"Missing",0.198627385034987,-1.39489539361171
2018,0,0.198,6000,0,0.58,"C",0.0104331724027689,-4.55227691539075
2018,0,0.165,5000,0,0.73,"B",6.04710990237887e-05,-9.71328453622213
2018,0,0.275,1500,0,0,"Missing",0.197618411257775,-1.40124633579321
2018,1,0.165,3500,0,0.32,"C",0.985442590779392,4.21499078220314
2018,0,0.264,25000,0,0.89,"B",0.000109710984164559,-9.11755134957196
2018,1,0.264,5600,0,0.62,"Missing",0.907069620993048,2.27836860683452
2018,0,0.121,3500,1,0.18,"A",0.00283288006823977,-5.86362449259959
2018,0,0.099,3000,0,0.13,"A",0.00196791800292609,-6.22880928950223
2018,1,0.319,3000,1,0.4,"Missing",0.99415516959802,5.13633572212001
2018,1,0.319,3500,0,0.71,"Missing",0.893765930189363,2.12979905246776
2018,1,0.286,9000,1,0.83,"Missing",0.96814543809247,3.41420171918683
2018,0,0.099,1500,0,0.76,"A",4.59030163959378e-05,-9.98893382229995
2018,0,0.099,1000,1,0.05,"AA",0.000799394591597642,-7.13085616300923
2018,1,0.308,4750,1,0.14,"Missing",0.702018092646109,0.856926405609133
2018,1,0.319,4000,1,0,"Missing",0.985669332298053,4.23091910012775
2018,1,0.165,10000,0,0.41,"C",0.01112740195508,-4.48715479353861
2018,0,0.253,25000,0,0.67,"D",0.0991480240554106,-2.20672702955555
2018,0,0.22,1000,0,0,"Missing",0.151195419392894,-1.72525581558744
2018,0,0.22,7500,1,0.38,"C",0.0206232510475654,-3.86049726796151
2018,0,0.099,5000,0,0,"AA",6.62668864758784e-08,-16.5295754480902
2018,0,0.11,7000,0,0.51,"AA",3.02357318938732e-06,-12.7090682271062
2018,0,0.264,9500,0,0.86,"D",0.0459658639162245,-3.0328004206394
2018,1,0.297,5000,0,0.83,"Missing",0.975018484636123,3.66432026347623
2018,0,0.165,4500,1,0,"C",0.0199667397937618,-3.89351863116922
2018,0,0.319,20000,0,1.05,"C",0.027240316295353,-3.57543897414901
2018,0,0.319,25000,0,0.11,"C",0.679758810992409,0.75266361799433
2018,1,0.319,3000,0,0,"Missing",0.888837963830602,2.07892602882257
2018,0,0.165,9999,0,0.57,"B",0.000196075904806701,-8.53681260915106
2018,1,0.066,9600,1,0.16,"C",0.154984761716637,-1.69602786008522
2018,0,0.11,5000,0,0.11,"AA",0.000616379821077276,-7.39103062192677
2018,0,0.099,6000,0,0,"AA",2.67035072197253e-06,-12.8332980672803
2018,1,0.264,5250,0,0.57,"Missing",0.207056231840702,-1.34276190107573
2018,0,0.121,18800,0,0.63,"AA",9.06444702843818e-05,-9.30847497476915
2018,0,0.165,10000,1,0,"B",0.00369294022707966,-5.59763255274184
2018,0,0.253,5000,0,0,"D",0.120364059500651,-1.98898713871395
2018,0,0.22,9000,0,0.65,"A",0.00042279304354845,-7.76820487494909
2018,0,0.198,15000,0,0.61,"A",0.00117134605872541,-6.74842968130082
2018,0,0.319,6000,1,0.77,"Missing",0.246884181061585,-1.11529970190941
2018,0,0.198,5000,0,0.92,"B",0.0258996843345389,-3.62728351105986
2018,1,0.319,7000,1,0,"Missing",0.934590013706022,2.65943300267681
2018,0,0.143,2500,1,0.9,"C",0.0475778100875204,-2.99664193537114
2018,1,0.264,3000,0,0.97,"Missing",0.804453099687008,1.41436241731172
2018,0,0.319,9740,0,0.56,"D",0.0163657467070184,-4.09606359894363
2018,1,0.308,3001,0,0,"Missing",0.927854333563678,2.55418753215946
2018,1,0.319,5000,0,0.77,"Missing",0.990501129782834,4.64703813973104
2018,0,0.253,8000,0,0,"D",0.377050674597314,-0.502085582044084
2018,0,0.099,9000,0,0.99,"Missing",0.0138293579057587,-4.26703568767261
2018,0,0.231,5000,0,0.26,"D",0.0179244730931898,-4.00350122573377
2018,1,0.319,5000,0,0.83,"Missing",0.508110613977788,0.0324453018692128
2018,1,0.22,6500,1,0.9,"C",0.259963531487615,-1.04615810908889
2018,0,0.11,5000,0,0,"A",0.000351244807916313,-7.95367581264966
2018,0,0.154,3210,0,0.08,"B",0.0008089843607233,-7.11892166094268
2018,1,0.319,2550,0,0,"Missing",0.466927754277207,-0.132482416487056
2018,0,0.121,12000,0,0.47,"A",2.10603632060984e-05,-10.7680967445687
2018,0,0.187,11300,0,0.27,"C",0.00589122164799519,-5.12838324894838
2018,0,0.231,8000,0,0.76,"D",0.0299807722267432,-3.47675964334142
2018,0,0.264,4000,0,0.89,"D",0.0102613577347997,-4.5690557467493
2018,0,0.253,12500,1,0.41,"D",0.006611195588281,-5.01235761944662
2018,0,0.22,3000,0,1,"C",0.0001142522755851,-9.07698735199157
2018,0,0.11,4999,0,0.06,"AA",1.15864704067833e-05,-11.365660898266
2018,1,0.319,2550,1,0,"Missing",0.977797779297851,3.78511056351719
2018,0,0.319,15000,0,0,"AA",0.000781143455015811,-7.15397029508715
2018,0,0.319,25000,0,0.61,"A",0.000127756080413012,-8.96525996958325
2018,0,0.121,1000,1,0.97,"C",0.00288264776486312,-5.84615923379388
2018,0,0.143,8500,0,0.21,"AA",0.000359727310875229,-7.92980449130208
2018,1,0.264,2800,0,0,"Missing",0.953947004725126,3.03081531474544
2018,0,0.121,1000,0,0.01,"AA",9.72437811141453e-05,-9.23819227641323
2018,0,0.231,4500,0,0,"D",0.53170357294099,0.126984653769728
2018,0,0.077,1100,1,0.18,"A",0.124769484748853,-1.94801938485637
2018,0,0.187,10000,0,0.76,"C",0.241490596420948,-1.14452466219203
2018,0,0.187,6500,0,0.81,"C",0.349875665512456,-0.619585778446951
2018,0,0.319,18000,0,0.91,"C",0.0037160869897077,-5.5913610400087
2018,1,0.264,2000,0,0,"Missing",0.481081130276003,-0.0757116246738752
2018,0,0.231,12000,1,0.98,"C",0.00460430993802689,-5.37614752867251
2018,1,0.319,1000,1,1,"Missing",0.998392164117342,6.43125704661963
2018,0,0.264,3000,0,0.85,"Missing",0.0901121848383488,-2.31226591956891
2018,0,0.165,2000,1,0.49,"D",0.0425122352098362,-3.11452102089708
2018,1,0.319,1000,1,0.67,"Missing",0.990233392659744,4.61897151254535
2018,0,0.275,15000,0,0.65,"D",0.154433128264074,-1.70024608068898
2018,1,0.319,5000,0,1,"Missing",0.969510744623912,3.45941721846987
2018,0,0.253,8000,1,0.74,"D",0.0308425636912065,-3.44753139765618
2018,0,0.242,12500,0,0.96,"C",3.80199046908219e-05,-10.1773627070966
2018,0,0.253,5000,0,0.37,"D",0.00522495266453016,-5.24907089012826
2018,1,0.319,5000,1,0,"Missing",0.998228895509904,6.33437924655279
2018,0,0.165,9800,0,0.94,"B",0.000669139162334623,-7.30884914088453
2018,1,0.319,3000,0,0,"Missing",0.999642020026514,7.934675469049
2018,0,0.187,2000,0,0,"D",0.00469205547740679,-5.35718142670777
2018,1,0.319,4750,1,1.19,"Missing",0.999096154207109,7.00794754070016
2018,1,0.253,8500,0,1,"D",0.914546095558851,2.37045077054745
2018,0,0.11,6000,1,0.75,"A",0.0562683549379117,-2.81970955356895
2018,1,0.319,2000,1,0.09,"Missing",0.993651074584832,5.0531005407993
2018,0,0.22,8500,0,0.89,"D",0.0735819711130107,-2.53292552983903
2018,0,0.187,1700,0,0.28,"D",0.647416570613179,0.60770266343837
2018,0,0.143,10000,0,0.12,"AA",0.000158863109584291,-8.747308796852
2018,0,0.187,10000,0,0.72,"B",4.2297401757214e-05,-10.0707425996816
2018,0,0.286,5000,0,0,"Missing",0.224659138181402,-1.23871844225714
2018,0,0.22,2000,1,0.88,"D",0.746953106349512,1.08242758524168
2018,0,0.143,15000,0,0.09,"AA",0.00858341162232514,-4.7493033582741
2018,0,0.198,2800,0,0.99,"C",0.152449030227261,-1.71552066660808
2018,0,0.319,5300,0,0.96,"Missing",0.484004628606769,-0.064003325365142
2018,0,0.231,1500,0,0.01,"C",0.000113030556004768,-9.08773933173907
2018,0,0.165,1500,0,0.77,"C",9.71068512680972e-05,-9.23960151470097
2018,0,0.099,6100,0,0.48,"A",0.000602250481913845,-7.414234684373
2018,1,0.264,1500,0,0.96,"Missing",0.903023680095418,2.23128195287253
2018,0,0.088,6001,0,0.04,"AA",3.95596105742158e-06,-12.4402830322112
2018,1,0.242,5600,0,0.94,"D",0.897644424441072,2.17132123997317
2018,0,0.22,7500,0,0.38,"C",0.0144023862106963,-4.2258542697723
2018,0,0.132,25000,0,0.01,"AA",2.39622192579773e-05,-10.6390082030451
2018,0,0.121,5000,0,0.12,"A",4.94338992367057e-06,-12.2174542993366
2018,0,0.176,3300,0,0.3,"C",0.0245639139872024,-3.68160618382732
2018,1,0.286,12000,0,0.59,"D",0.761085321220044,1.15863897317553
2018,1,0.264,14900,0,0.93,"D",0.847915513506937,1.71834480191007
2018,0,0.264,4100,1,0.91,"Missing",0.618536630749599,0.483341586797371
2018,0,0.264,5000,0,0.7,"B",0.00307450153710503,-5.78153325509138
2018,0,0.22,1500,0,0.74,"Missing",0.0984151108915737,-2.21495984426185
2018,0,0.297,12000,1,0,"D",0.0150792308036847,-4.17924284700703
2018,1,0.22,3000,0,0,"D",0.405918012214242,-0.380866137563181
2018,0,0.176,5300,0,0.92,"C",0.00105628715355886,-6.85193835952655
2018,1,0.242,5000,0,0.47,"D",0.420437969997853,-0.32097574394403
2018,1,0.319,6000,1,0,"Missing",0.992409908901302,4.87329264275442
2018,0,0.176,8000,0,0.8,"C",0.00123659311931595,-6.69415780671921
2018,0,0.22,3000,0,0,"D",0.139915736385822,-1.81599000694782
2018,1,0.308,5000,0,0.95,"Missing",0.893386097368551,2.12580492540162
2018,0,0.319,3000,1,0,"Missing",0.422661183272135,-0.311858425291705
2018,0,0.22,7000,0,0.59,"C",0.0643432637535236,-2.67701642724681
2018,0,0.165,1000,0,0.16,"A",0.000619733992844796,-7.38560028968215
2018,0,0.319,4000,0,1.21,"Missing",0.83991108276959,1.65756663882705
2018,0,0.22,2400,1,0,"D",0.0209183152038642,-3.84598997525695
2018,0,0.143,20000,0,0.13,"AA",0.000194312693015656,-8.54584754524563
2018,1,0.275,3000,1,0.93,"Missing",0.884858375829378,2.03926471969236
2018,1,0.209,2750,0,0,"C",0.497769711062345,-0.0089212149186757
2018,0,0.132,10000,1,0.08,"AA",0.00444532989296244,-5.41144595637953
2018,0,0.154,3500,0,0.65,"B",0.149790455557583,-1.73624548749164
2018,0,0.121,2500,0,0.33,"B",5.114914550025e-06,-12.1833447495351
2018,1,0.275,1500,1,0.97,"Missing",0.994354108626544,5.17116529923089
2018,0,0.242,4000,0,0.47,"B",0.00489693927097014,-5.31423593904573
2018,0,0.165,19500,0,0.59,"AA",0.0574786921535349,-2.79714421897933
2018,0,0.198,12000,1,0.68,"C",0.00393665122535929,-5.53348043964794
2018,0,0.275,15000,0,0,"C",0.0339511152102562,-3.34829273623088
2018,0,0.165,1000,0,0,"D",0.00731448852849472,-4.91055679730578
2018,0,0.22,15000,0,0.84,"C",0.00541074455634773,-5.21394313399923
2018,0,0.066,9600,1,0.16,"C",0.000324678879703827,-8.03234919494047
2018,0,0.088,1000,0,0,"AA",1.1405569339924e-05,-11.3813973776357
2018,0,0.165,3000,0,0.46,"B",0.0499279626052049,-2.94595659189932
2018,0,0.11,3900,0,0.53,"A",1.13805853134374e-06,-13.6861856520054
2018,0,0.121,4000,0,0.11,"AA",2.26919284215689e-05,-10.6934785806656
2018,0,0.198,14500,1,0.66,"B",0.0168814191507764,-4.06451618591077
2018,1,0.165,18000,0,0.37,"B",0.085343056464217,-2.37186997761554
2018,0,0.187,4000,0,0.75,"B",5.99106481629703e-05,-9.7225963905395
2018,0,0.242,25000,0,0.83,"A",0.000618314024408124,-7.38789559419138
2018,0,0.165,1000,1,0.73,"C",0.0429316114387275,-3.1042664323442
2018,0,0.319,5000,0,0,"Missing",0.928388640451439,2.56219672441114
2018,0,0.154,3500,0,0.65,"B",0.000527494516401565,-7.54684445442478
2018,0,0.121,25000,0,0.35,"AA",0.0383653728037712,-3.22147927024118
2018,0,0.132,25000,0,0.01,"AA",0.000206416053956447,-8.48541030922421
2018,0,0.209,2500,0,0.82,"C",0.247925331778361,-1.10970799257659
2018,0,0.187,15000,0,0.52,"B",0.000137202271322499,-8.8939170762964
2018,0,0.275,5000,0,0.9,"D",0.0359543770353683,-3.288887790044
2018,1,0.319,5000,1,0.94,"Missing",0.83563654686705,1.62611361263637
2018,0,0.066,1000,0,0.04,"AA",0.000100383487559654,-9.20641244224374
2018,0,0.275,16000,1,0.67,"D",0.00162022891095009,-6.42356629376325
2018,1,0.165,5500,1,0,"C",0.616473051611394,0.474604721814633
2018,0,0.209,18000,0,0.76,"C",0.0268822315438996,-3.58903958034632
2018,1,0.242,12500,0,0.96,"C",0.984103368356056,4.12562370018658
2018,0,0.143,2550,0,0.27,"A",0.021594561230031,-3.81348265511996
2018,0,0.198,25000,0,0.69,"B",0.0398085291293043,-3.1830515243355
2018,0,0.319,20000,0,1.05,"C",0.0224897556446061,-3.77194887112003
2018,0,0.275,4500,1,0.93,"Missing",0.0135858338293721,-4.28504869355883
2018,0,0.275,2550,0,0.53,"D",0.000152764143911721,-8.78646259321894
2018,1,0.275,3000,0,0,"Missing",0.919805689916449,2.43970987535678
2018,0,0.319,3000,0,0,"Missing",0.138166573912933,-1.83060199620263
2018,0,0.198,2700,1,0.74,"C",3.04895017188452e-05,-10.3980976495763
2018,0,0.22,2000,1,0.87,"Missing",0.0122609138661149,-4.3890021118152
2018,0,0.22,12200,0,0.35,"C",0.000718099342754766,-7.2381842808047
2018,0,0.165,3010,0,0.34,"AA",0.014028709703345,-4.25252131392207
2018,0,0.22,15000,0,0.65,"B",0.000417156576866026,-7.78163167893992
2018,1,0.099,5000,0,0.28,"AA",0.0697787975983103,-2.59009220562223
2018,1,0.319,2550,1,0.75,"D",0.915155979171439,2.37827999813776
2018,0,0.22,4000,0,0.48,"D",0.694072681316135,0.819229130045509
2018,0,0.209,12500,0,0.02,"AA",0.00782071054842,-4.84312841288972
2018,0,0.198,19200,0,0,"AA",0.00942135494220125,-4.6553103473418
2018,0,0.187,5000,0,0.03,"C",0.0498931150607936,-2.94669147022359
2018,0,0.088,3000,0,0.46,"AA",0.00012298247317984,-9.00334571718186
2018,0,0.143,5000,0,0.32,"B",0.00482088800557551,-5.32996458839758
2018,1,0.319,5000,0,0.93,"Missing",0.998079938494223,6.25347615200975
2018,0,0.099,1000,0,0.18,"AA",0.0183323274904975,-3.98058680114014
2018,0,0.209,1100,1,1,"Missing",0.00742498976103917,-4.89545128106932
2018,0,0.22,9000,0,0.94,"D",0.0172146561475433,-4.0446296053025
2018,0,0.319,25000,0,0.11,"C",0.000186481916273011,-8.58698978795909
2018,0,0.099,3000,0,0,"AA",4.08900866870986e-07,-14.7097926806698
2018,0,0.176,9800,0,0,"C",0.0045646268621804,-5.38484343053641
2018,0,0.165,19500,0,0.59,"AA",0.000781966205906685,-7.15291676120489
2018,0,0.121,12000,0,0.41,"A",0.0044422146734323,-5.4121501159484
2018,1,0.187,1000,1,0.71,"Missing",0.921948709874399,2.46912341650495
2018,0,0.187,25000,0,0.67,"A",0.0116747857235563,-4.43858035788879
2018,1,0.275,4800,0,0.85,"Missing",0.840464728597052,1.66168995208155
2018,0,0.22,2000,0,0.01,"D",0.510129869206053,0.0405250220242217
2018,1,0.319,4000,0,0.98,"Missing",0.998124668687428,6.2770928431832
2018,1,0.319,8000,0,0.8,"Missing",0.974369767087095,3.6380182414192
2018,0,0.253,25000,0,0.04,"AA",0.00405020979067277,-5.5049281649345
2018,0,0.099,2500,0,0.1,"AA",0.0251719146477715,-3.65653225783728
2018,0,0.165,7000,0,0,"A",0.0034770625199382,-5.65808432356674
2018,0,0.11,2000,0,0,"B",0.000426613568903182,-7.75920524075181
2018,0,0.275,25000,0,0.18,"A",3.07310989866471e-05,-10.3902046882267
2018,0,0.132,15000,0,0,"AA",0.00236905574538426,-6.0428919564965
2018,1,0.319,6000,0,0.59,"Missing",0.994311987693564,5.16369017225109
2018,1,0.253,7800,1,1.03,"C",0.57434180231894,0.299588022167592
2018,0,0.286,10000,0,0.46,"D",0.0170828203980069,-4.0524515604868
2018,0,0.077,1000,0,0,"AA",0.00120227898095963,-6.7223333701972
2018,0,0.253,3550,0,0.66,"D",0.155308372648588,-1.69355898126359
2018,0,0.099,2500,0,0.1,"AA",7.97888539691773e-06,-11.7387038519124
2018,0,0.165,2000,1,0,"C",0.198946495784303,-1.39289181844301
2018,1,0.253,3000,0,0.89,"Missing",0.939296293301511,2.73912620868377
2018,0,0.132,10000,0,0.5,"B",0.000218456181615222,-8.42870662529995
2018,0,0.132,22000,0,0.37,"AA",0.0161914893900913,-4.10694551717095
2018,0,0.253,6000,0,0,"C",0.00897704776286361,-4.70406662340278
2018,0,0.132,3000,0,0.98,"B",0.000471086242024175,-7.65999817938606
2018,0,0.209,10000,1,0.88,"D",0.0880858558520419,-2.33723387191591
2018,0,0.132,9000,0,0.05,"AA",0.00476450087086453,-5.34178660910752
2018,0,0.143,15000,1,0.07,"AA",1.51705844001298e-05,-11.0961370712364
2018,0,0.253,14000,1,0.83,"C",0.307006649898048,-0.814150995073085
2018,1,0.319,6000,0,1.02,"Missing",0.880935998911109,2.00132380452718
2018,0,0.121,4500,1,0.97,"AA",0.000255686332055064,-8.27130341112062
2018,0,0.22,8500,0,0.64,"C",0.00175368894310384,-6.34427851374922
2018,0,0.242,6001,1,0.22,"C",0.394381884744561,-0.428929924082575
2018,1,0.275,4500,1,0.93,"Missing",0.99364913763487,5.05279355488166
2018,0,0.11,3000,1,0.32,"A",0.00737982086878614,-4.90159872672113
2018,1,0.209,10000,1,1.02,"C",0.809588860680866,1.4473409139248
2018,0,0.253,2400,0,0.91,"Missing",0.000175116834931344,-8.64988204645652
2018,1,0.319,4000,1,0,"Missing",0.999970051160481,10.4159900321583
2018,0,0.198,18000,0,0.15,"B",4.11060087008222e-06,-12.4019372324323
2018,0,0.187,18000,0,0.22,"B",4.1578071610456e-05,-10.0878960754888
2018,0,0.099,4800,0,0.12,"AA",0.0018566023930547,-6.28714880403912
2018,1,0.319,2000,0,0.77,"Missing",0.353983133723419,-0.601576345079427
2018,1,0.242,6001,1,0.22,"C",0.683723884934832,0.770938545213622
2018,1,0.286,5000,0,0,"Missing",0.845685165223844,1.70115224804497
2018,1,0.099,1000,0,0.02,"AA",0.852546808339992,1.75471733405653
2018,0,0.231,5000,0,0.73,"D",0.319539187778715,-0.755890313939413
2018,0,0.264,10000,1,0.73,"D",0.0598178740097977,-2.7547690947693
2018,0,0.165,2890,1,0,"D",0.0390991965238022,-3.20176926393652
2018,0,0.077,3000,0,0.06,"AA",8.55972101026297e-06,-11.6684344008431
2018,1,0.121,1000,1,0.97,"Missing",0.61256808200666,0.458119952682209
2018,0,0.22,6001,0,0.77,"C",0.000444053361457724,-7.71912166730781
2018,0,0.22,5000,0,0.16,"A",0.00982735461231493,-4.61270953296503
2018,0,0.286,3001,1,1.01,"Missing",0.576783695099269,0.309583910262637
2018,0,0.088,2750,0,0.01,"AA",7.35012438140917e-09,-18.728548593874
2018,0,0.319,3975,0,0.97,"Missing",0.514744242834996,0.0589940751484521
2018,0,0.154,5000,0,0.29,"B",0.000760117408191822,-7.18127724570856
2018,1,0.286,12000,0,0.59,"D",0.966998054775309,3.37762997791153
2018,0,0.187,3000,0,0.53,"C",0.0694439920140859,-2.59526170816895
2018,0,0.099,5000,0,0.28,"AA",0.000376355545107041,-7.88459983629761
2018,0,0.319,3500,1,0,"Missing",0.068737919918941,-2.60623973067089
2018,0,0.319,2550,1,0.93,"Missing",0.0425360020629011,-3.1139372955824
2018,0,0.319,20000,1,0.99,"Missing",0.363757155525874,-0.55909383155439
2018,0,0.099,5000,0,0.02,"AA",2.05087394564905e-06,-13.0972424898336
2018,0,0.22,7000,0,0.59,"C",0.0421096597996503,-3.12445614069541
2018,0,0.209,9000,0,0.76,"C",0.000748282803980109,-7.19698100834949
2018,0,0.099,9000,0,0.99,"Missing",0.119496602140184,-1.99720584994657
2018,0,0.319,7600,0,0.94,"Missing",0.671441779796905,0.714713257815264
2018,1,0.22,1800,0,0.61,"Missing",0.948662304998842,2.91662761459793
2018,0,0.099,2000,0,0.13,"AA",0.000288428841048212,-8.15077368347429
2018,0,0.187,10000,0,0.39,"A",0.000579512903016181,-7.45274294877257
2018,1,0.308,3500,0,0,"Missing",0.533757064817605,0.135233982228061
2018,0,0.198,9500,1,0.36,"A",2.65321561288137e-05,-10.5371265892627
2018,0,0.198,9999,0,0.97,"C",0.0899542329166229,-2.31419387390455
2018,0,0.143,2550,0,0.27,"A",0.025624199351368,-3.63825986937074
2018,0,0.165,1500,0,0.8,"C",0.00127912618452385,-6.66029815755078
2018,0,0.132,2000,0,0.01,"AA",0.0014774796328247,-6.51593902148712
2018,1,0.319,6700,0,0.39,"Missing",0.999196634190342,7.12589670532343
2018,0,0.187,3500,0,0,"B",0.000537581276628879,-7.52789287123584
2018,0,0.209,7000,0,0.83,"C",0.00440643828037154,-5.42027238677591
2018,0,0.121,8000,0,0.06,"A",4.38264776724111e-05,-10.0352285827195
2018,1,0.319,6500,0,0.95,"Missing",0.579988182916568,0.322724882256588
2018,0,0.264,9000,0,0.64,"D",0.487994303163607,-0.0480320196712483
2018,1,0.297,1800,1,0.1,"Missing",0.962239053213605,3.23798750110451
2018,1,0.22,5000,0,0.77,"D",0.921299674605856,2.46013807289552
2018,0,0.187,1800,0,0.96,"Missing",0.0921142780117672,-2.28808855532155
2018,0,0.165,9999,0,0.83,"C",0.124927915046569,-1.94656937443705
2018,0,0.187,1200,0,1.36,"Missing",0.0893674694619002,-2.32138270685684
2018,0,0.209,12200,1,0,"C",0.0308425835197441,-3.44753073430158
2018,0,0.319,5224,0,0.67,"Missing",0.31506933459353,-0.776524890328833
2018,1,0.275,4800,0,0.85,"Missing",0.650387863380419,0.620744538910418
2018,0,0.165,25000,0,0,"B",0.000387802211113082,-7.85462723606207
2018,0,0.099,2500,0,0.09,"AA",1.44064108003603e-05,-11.1478228494679
2018,1,0.308,4000,0,0,"Missing",0.997020523513206,5.81302374550696
2018,0,0.22,13000,0,1.01,"B",0.00104570336437879,-6.86201929352523
2018,0,0.187,3000,0,0,"C",0.261091772239998,-1.04030176558203
2018,1,0.319,2100,0,1,"Missing",0.960021412011938,3.17861157790113
2018,0,0.319,2800,0,0.99,"C",0.181515232549186,-1.50611521024109
2018,0,0.165,9500,0,0.37,"C",0.00232915891962334,-6.05991617964594
2018,0,0.22,5000,0,0,"B",0.00588157103285103,-5.13003243470832
2018,1,0.319,1800,0,0.85,"Missing",0.951473445967426,2.97590062485502
2018,0,0.165,12000,0,0.61,"B",2.33913427462711e-05,-10.6631211805474
2018,0,0.187,2400,0,0.77,"D",0.00451214883563379,-5.39645941940459
2018,0,0.187,3650,0,0.85,"D",0.0219391502849639,-3.79729916156014
2018,1,0.253,1750,1,0,"Missing",0.899603801321604,2.19283010087304
2018,0,0.154,15000,0,0.59,"AA",0.0456480932043682,-3.04007064220321
2018,0,0.319,25000,0,0.57,"B",0.00197344523138012,-6.22599902023066
2018,0,0.165,15000,0,0.01,"AA",0.000204012128529438,-8.49712707936984
2018,0,0.165,1000,0,0.16,"A",0.025051974800756,-3.66143150330387
2018,0,0.154,14500,0,0.48,"A",3.25443576160666e-05,-10.332874004577
2018,0,0.176,10000,1,0.83,"C",0.0542093464022605,-2.85916791172873
2018,0,0.209,15000,1,0.94,"B",0.00178764330057141,-6.32506787541591
2018,1,0.319,2500,1,0.87,"Missing",0.992829450132859,4.93057655551313
2018,0,0.176,8000,0,0.66,"B",7.35451856086809e-05,-9.51753702256294
2018,1,0.319,18000,0,0.93,"D",0.290000584242262,-0.895381209551617
2018,1,0.308,2550,0,0.94,"Missing",0.998236726795513,6.33881859229544
2018,0,0.198,6000,0,0.75,"C",7.90536363397257e-05,-9.445304938103
2018,0,0.209,11000,0,0.93,"B",3.8361281520901e-05,-10.1684235387499
2018,0,0.154,4500,1,0.76,"B",6.70826510281786e-05,-9.60951801649278
2018,1,0.308,1000,0,0,"Missing",0.822053003040561,1.53031913750298
2018,0,0.077,2550,1,0.63,"Missing",0.0196884189509985,-3.90783986860574
2018,1,0.319,2550,0,1,"Missing",0.984324572173935,4.13986131275864
2018,0,0.275,3001,1,0.89,"D",0.89121488432959,2.10321104991724
2018,0,0.176,4000,0,0.8,"C",0.0786656967573682,-2.46061576201644
2018,0,0.319,10000,0,0.04,"B",0.0200329065462323,-3.89014274419497
2018,0,0.165,16000,0,0.77,"B",0.00233421725874189,-6.05774171936531
2018,0,0.319,1500,0,0.84,"Missing",0.0139385964419589,-4.25905691346994
2018,0,0.165,6088,0,0.69,"B",0.000137410653312099,-8.89239922606414
2018,0,0.176,25000,0,0,"A",0.0021909137274795,-6.12124327771892
2018,0,0.231,4000,1,0.91,"D",0.0167743860986641,-4.0709855234969
2018,0,0.11,2550,0,0.58,"A",1.69707013437599e-06,-13.2866055470468
2018,1,0.308,2500,1,1.04,"Missing",0.955671072046164,3.07077632179566
2018,0,0.22,7500,1,0.9,"D",3.65649190916775e-05,-10.2163847063821
2018,0,0.319,3000,1,0.92,"Missing",0.406429719332549,-0.378744602469341
2018,0,0.231,9000,0,0,"D",0.203195799564433,-1.36643893383169
2018,0,0.187,15000,1,0.98,"B",5.516588166753e-06,-12.1077454578988
2018,0,0.308,25000,0,0.73,"C",0.00353888169001295,-5.64039935017709
2018,0,0.198,9200,0,0.71,"C",0.000114005903870617,-9.07914631016897
2018,1,0.264,3000,0,0.91,"Missing",0.933315228953429,2.63876640304595
2018,0,0.154,3000,0,0.98,"C",0.00127222366389801,-6.66571595949634
2018,0,0.22,8500,0,0.89,"D",0.117468971929496,-2.01661971744927
2018,0,0.121,8000,0,0.32,"A",3.62225393126137e-06,-12.5284104706764
2018,0,0.165,1500,0,0.77,"C",2.79048681241463e-06,-12.7892917021246
2018,0,0.286,1000,1,0.33,"Missing",0.601348168773563,0.411085650052265
2018,0,0.198,15000,0,0.51,"B",0.00431817349578847,-5.44059524429889
2018,0,0.319,3000,0,0,"Missing",0.00536734442668269,-5.22204021257795
2018,1,0.275,5000,0,0.76,"C",0.633787447747892,0.548499733615114
2018,0,0.22,1500,0,0.53,"D",0.00424472976743745,-5.45782335606274
2018,0,0.286,2500,1,0.91,"Missing",0.0163753409318858,-4.09546777867509
2018,0,0.253,8500,0,0.86,"D",0.464192841438592,-0.143474245097072
2018,1,0.286,3675,0,0.85,"Missing",0.939645843560617,2.74527322469482
2018,0,0.198,15000,0,0.51,"B",0.161066719580666,-1.65031249408816
2018,0,0.132,25000,1,0.22,"AA",0.0012366955097654,-6.69407490719374
2018,1,0.319,22000,0,0.83,"D",0.793554668663362,1.3464867951377
2018,0,0.099,3500,0,0.1,"AA",0.0728406416069858,-2.54385139517943
2018,0,0.165,3000,0,0.05,"AA",0.000131928243162389,-8.93312045864838
2018,0,0.198,5000,0,0.66,"C",0.00142374401625332,-6.55304048751607
2018,0,0.319,10000,0,0.47,"Missing",0.11969575385538,-1.995314443262
2018,1,0.319,2500,0,0,"Missing",0.947366399542287,2.89033121611847
2018,1,0.319,1000,1,1,"Missing",0.998985757990261,6.89259897720662
2018,1,0.187,2500,0,0.59,"C",0.108907080611746,-2.10195366144752
2018,0,0.275,6500,0,0.64,"D",0.0808823695297892,-2.43041824135997
2018,0,0.099,3000,0,0,"AA",0.0273269318834687,-3.57217528995089
2018,0,0.11,3000,0,0.05,"AA",3.17024868512485e-05,-10.3590837276025
2018,0,0.319,6000,1,0,"D",0.64281053262468,0.587583657332084
2018,0,0.198,6000,0,0.58,"C",0.000892598440078361,-7.0204807563429
2018,1,0.275,10000,0,0.87,"Missing",0.923681396128923,2.49345046891813
2018,1,0.165,1500,1,0.85,"D",0.970984102786064,3.51046623657361
2018,1,0.319,2000,0,0.77,"Missing",0.336910648695605,-0.677091991491576
2018,0,0.165,10000,0,0.16,"A",0.000183291478746778,-8.60424958393593
2018,1,0.319,5000,0,0.51,"Missing",0.74778192724111,1.08681731295943
2018,1,0.187,4500,0,0.05,"D",0.806627759460587,1.42824525845093
2018,0,0.264,25000,0,0.85,"B",0.00315002759397955,-5.75718906681498
2018,1,0.308,5500,0,0.35,"D",0.983337238167174,4.07777573239592
2018,0,0.165,1250,0,0.74,"C",0.00152685716079896,-6.48301577549727
2018,0,0.198,8000,1,0,"C",0.0166646466600381,-4.07766070589072
2018,1,0.286,3000,0,1.17,"Missing",0.930453799089882,2.59368113013462
2018,1,0.319,1000,0,0,"Missing",0.864079526776336,1.84959485045681
2018,0,0.165,5000,0,0.7,"C",0.00177783170897189,-6.3305813843147
2018,0,0.11,7000,0,0.17,"AA",0.00149535751784575,-6.50389348167699
2019,0,0.209,3725,0,0.78,"D",0.00109978932924887,-6.81153624184324
2019,1,0.132,1000,1,0.45,"D",0.370458316727499,-0.530251134821466
2019,0,0.099,1000,0,0.6,"A",8.7247085607906e-07,-13.9519357137312
2019,1,0.319,2550,0,0,"Missing",0.999730171098323,8.21745263201715
2019,1,0.22,2000,0,0.01,"D",0.11757224006694,-2.0156239732772
2019,1,0.319,3001,0,0,"Missing",0.998359715586727,6.41124399830171
2019,1,0.319,4500,1,1.32,"Missing",0.996357904067905,5.61154721301383
2019,0,0.099,3000,0,0.13,"A",1.8300647271473e-05,-10.9085558279018
2019,0,0.165,2500,0,0.94,"D",0.0803656928048904,-2.4373887201299
2019,0,0.264,2500,1,0.96,"D",0.000182545562572466,-8.60832819594372
2019,1,0.154,1400,0,0.61,"C",0.896796825093432,2.16212971431735
2019,0,0.11,1000,0,0.28,"A",3.53448540053926e-06,-12.5529393074113
2019,0,0.22,15000,0,0.59,"A",0.000188682811830867,-8.5752544964006
2019,0,0.22,6001,0,0,"A",0.0615561686588256,-2.7242729353159
2019,1,0.297,2000,1,0,"Missing",0.983934826827008,4.11490588992947
2019,0,0.099,9000,0,0.37,"AA",0.0176681238845437,-4.01816710513026
2019,1,0.077,1000,1,1.06,"Missing",0.990650803466296,4.66307169700551
2019,1,0.275,4000,1,0.99,"Missing",0.996320671061889,5.60133878288628
2019,0,0.121,12000,0,0.41,"A",0.00351698150350115,-5.64662900405153
2019,0,0.319,25000,0,1.31,"Missing",0.977365090356143,3.76536687835101
2019,1,0.253,3500,1,0.96,"C",0.997043745656189,5.82087160366519
2019,1,0.319,4500,1,1.52,"Missing",0.999861617331434,8.88534935749955
2019,1,0.176,25000,1,0.66,"AA",0.0848276446860665,-2.37849092567182
2019,0,0.319,3500,1,0.74,"Missing",0.218412258491969,-1.27494304584039
2019,1,0.308,3900,0,1.08,"Missing",0.998551016128319,6.53544271169674
2019,0,0.319,4531,0,0,"Missing",0.328146811667648,-0.716578742121237
2019,0,0.121,3500,1,0.18,"A",0.000146258236051058,-8.82999048962607
2019,0,0.165,25000,0,0,"B",4.21922564986428e-05,-10.0732316559058
2019,1,0.319,7000,0,0,"Missing",0.992934928689549,4.94550202230973
2019,0,0.099,3000,0,0.71,"AA",0.00148385248145191,-6.51162859072695
2019,0,0.22,6500,0,0,"C",0.00364236402268387,-5.61147333777582
2019,0,0.055,1000,0,0.42,"D",0.000127063167805185,-8.97069913962644
2019,1,0.297,7500,0,0.69,"Missing",0.525842806133907,0.103463421073664
2019,0,0.099,1000,1,0.05,"AA",1.52106766620154e-05,-11.0934977539208
2019,0,0.22,12000,0,0.66,"C",0.00186821588270405,-6.28090141377912
2019,0,0.187,2000,0,0.53,"A",0.10370792742403,-2.15668777565281
2019,0,0.209,7500,0,0.57,"C",0.00600887319073211,-5.10849103795952
2019,1,0.319,25000,0,1.31,"Missing",0.86299344684184,1.84037833963668
2019,0,0.22,2500,0,0.8,"Missing",0.0453459615477819,-3.04702788961634
2019,1,0.319,3000,1,0,"Missing",0.998293815829644,6.37178823989113
2019,0,0.165,2000,0,0,"C",0.00847834944742298,-4.7617249936566
2019,1,0.198,9200,0,0.71,"C",0.858937882399121,1.80649626178995
2019,0,0.209,18000,0,0.76,"C",0.0746114499310884,-2.5179197236798
2019,0,0.253,5000,0,0.97,"Missing",0.552003741111856,0.208769941946668
2019,0,0.264,7100,0,0.9,"D",0.00939600057991675,-4.65803072900116
2019,1,0.319,1800,0,1.11,"Missing",0.839752764074233,1.65638967289231
2019,0,0.253,15000,0,0.06,"D",7.72949352524174e-05,-9.46780482726211
2019,0,0.132,1500,1,0.59,"D",0.00190195082949632,-6.2629714053583
2019,1,0.22,8000,1,0.92,"C",0.577220972412644,0.311375511840068
2019,0,0.264,5000,0,0.67,"D",0.00802163052227972,-4.81755959385339
2019,0,0.286,10848,0,0.68,"B",0.00296141837617892,-5.8191211322232
2019,1,0.231,5000,0,0.73,"D",0.964367254808569,3.29820716793724
2019,0,0.275,15000,0,0.11,"D",0.626097469032678,0.51551090924768
2019,1,0.286,3000,1,0,"Missing",0.9793581325413,3.85957597611487
2019,0,0.11,4500,0,0.04,"AA",0.00160360156010613,-6.43389831561372
2019,0,0.22,7500,1,0.62,"C",0.053286641377038,-2.87731069482603
2019,0,0.253,8000,0,0.87,"D",0.0465631727250467,-3.01926322551054
2019,0,0.22,3100,1,0.92,"C",0.00271444117238816,-5.90645104452509
2019,0,0.143,10000,0,0.53,"A",0.000527790048101274,-7.54628406012977
2019,1,0.209,23000,0,0.27,"A",0.280673056967884,-0.941125479857408
2019,1,0.275,9500,0,0.64,"D",0.634655875844608,0.552243208867643
2019,0,0.165,8500,0,0,"B",0.000656843436395777,-7.32740780939271
2019,1,0.319,3500,0,0.88,"Missing",0.992441085321835,4.87744003212594
2019,0,0.176,9000,0,0.05,"B",0.132258850944238,-1.88113246045843
2019,0,0.209,5500,0,0.29,"B",0.0117979676785867,-4.42795987698872
2019,1,0.264,3000,0,0,"Missing",0.324194762854406,-0.734560468686599
2019,0,0.22,11000,0,0.44,"C",8.08334329883735e-06,-11.7256969130278
2019,1,0.077,2000,1,0.81,"Missing",0.978237384597198,3.80555875721039
2019,1,0.253,1800,0,0,"Missing",0.999100890606006,7.01320633297378
2019,0,0.143,16000,0,0.34,"A",0.00108243904152813,-6.82745538704758
2019,0,0.264,3000,0,0.91,"Missing",0.522330490577436,0.0893814207753494
2019,0,0.275,3000,0,0.73,"D",0.00770102601824175,-4.85867087783471
2019,0,0.209,3000,0,0.97,"C",0.353047680020421,-0.605669479090197
2019,0,0.253,6001,1,0.92,"D",0.219192268435957,-1.27037965443742
2019,1,0.209,8500,0,0.79,"C",0.716588373789614,0.927601230164755
2019,0,0.187,1000,1,0.76,"D",0.0833833605669051,-2.39724054946638
2019,1,0.319,6700,0,0.39,"Missing",0.990578491880035,4.65529393426877
2019,0,0.165,16000,0,0.24,"C",0.00180356798982077,-6.31618316313507
2019,0,0.11,3000,0,0,"A",0.00147534515167344,-6.51738688088486
2019,0,0.198,3500,0,0.01,"C",0.000211816002153157,-8.45958073608158
2019,1,0.319,1000,0,0,"Missing",0.872713122186279,1.92516347091783
2019,0,0.231,6001,1,0,"D",0.00552275134753201,-5.19334105222367
2019,1,0.319,3300,0,0.91,"Missing",0.997453104259247,5.97032987336228
2019,0,0.176,25000,1,0.66,"AA",0.000146985728924159,-8.82502806151451
2019,0,0.154,9999,0,0.54,"A",0.0191402452528923,-3.93663628825013
2019,0,0.209,13000,0,0.82,"C",0.288514652397031,-0.902608950783603
2019,0,0.22,3000,1,0,"D",0.167185816960461,-1.60570467744164
2019,0,0.077,1500,1,0.91,"Missing",0.00124183598833645,-6.68992175096471
2019,1,0.319,6000,0,0.98,"Missing",0.573329280524054,0.295447645288821
2019,0,0.319,7000,1,0,"Missing",0.473069088763993,-0.107827998857715
2019,0,0.099,3500,0,0.1,"AA",0.000109499572628833,-9.11948040608023
2019,1,0.242,2500,1,1,"Missing",0.931805019106485,2.61475261762694
2019,0,0.143,10000,0,0.51,"A",0.000718980770368081,-7.23695670620778
2019,0,0.176,5000,0,0.94,"B",0.0302835556244067,-3.46639885685225
2019,0,0.187,6500,0,0.79,"C",0.000682134076541995,-7.28960195943679
2019,1,0.253,1500,0,0.84,"Missing",0.999886983530865,9.08786398245712
2019,0,0.165,8500,0,0,"B",0.00077743692538198,-7.15873030282614
2019,0,0.088,2600,0,0,"A",0.000290112673740977,-8.14495102553618
2019,1,0.319,4000,0,1.21,"Missing",0.598356238778618,0.398620763977043
2019,0,0.099,5000,0,0,"A",4.49638335744549e-05,-10.0096071248336
2019,0,0.143,2000,1,0.54,"A",7.43853866670015e-05,-9.50617666303004
2019,0,0.11,3600,1,0.28,"A",0.124909317346857,-1.94673950550269
2019,0,0.176,9800,0,0,"C",0.000516699116206101,-7.56753300047989
2019,0,0.132,4700,0,0.09,"B",0.0483658065000143,-2.9793876236455
2019,1,0.319,7200,0,1.15,"Missing",0.929712793448264,2.58228591556334
2019,0,0.22,3000,0,0.27,"D",0.168796153033999,-1.59418327616251
2019,0,0.165,6000,0,0.14,"C",0.129765259570013,-1.90303586923408
2019,1,0.297,25000,1,0,"C",0.945478973654491,2.85310521774596
2019,0,0.165,3000,0,0.08,"AA",0.00337969326251817,-5.68658490701309
2019,1,0.319,1000,0,0.45,"Missing",0.535197025368241,0.141021345489587
2019,0,0.319,1000,1,0.42,"Missing",0.793799215960405,1.34798017874277
2019,0,0.275,3001,1,0.89,"D",0.318416865319159,-0.76105680995492
2019,0,0.165,2000,0,0.54,"C",4.16530353311598e-05,-10.0860946610053
2019,0,0.143,18000,0,0.53,"AA",1.22610760745302e-06,-13.6116647270247
2019,0,0.22,5000,0,0.45,"D",0.039348528616045,-3.19515308838928
2019,0,0.11,2550,0,0.58,"A",5.86424407088062e-05,-9.74399323518174
2019,0,0.264,10000,1,0.73,"D",0.00755085995851481,-4.87851430839296
2019,0,0.231,7000,0,0.52,"C",0.0116989582455513,-4.4364875504711
2019,1,0.264,2550,1,0.93,"Missing",0.938225248383936,2.72049532596533
2019,1,0.319,2550,1,0,"Missing",0.600390651457328,0.407093087861806
2019,1,0.319,12000,1,0,"Missing",0.999259511044006,7.20745907536995
2019,0,0.165,10500,0,0.84,"C",0.00225838361224211,-6.09084499980237
2019,1,0.264,3000,0,1.62,"Missing",0.919548890110354,2.4362335435909
2019,0,0.253,4000,1,1,"Missing",0.044833111326385,-3.05893911921742
2019,0,0.22,8000,0,0.84,"D",0.0855153053914934,-2.36966536099242
2019,0,0.165,8500,0,0.55,"AA",0.000961233029086222,-6.9463319970373
2019,0,0.22,8000,0,0.84,"D",0.31894666068479,-0.758616747148516
2019,1,0.264,3000,0,0.4,"Missing",0.995206256200868,5.33563831573991
2019,0,0.187,1700,0,0.56,"Missing",0.00798052773332848,-4.82273819512216
2019,0,0.275,9000,0,0.78,"D",0.000427967576144089,-7.75603506274444
2019,1,0.319,2500,1,0.89,"Missing",0.737112168071795,1.03101262945937
2019,0,0.286,7300,0,0,"C",0.00228923852950191,-6.07724417373923
2019,1,0.242,3000,0,0.3,"Missing",0.986671727783553,4.30444987852798
2019,1,0.275,6000,1,1,"Missing",0.757663017050439,1.13990946919088
2019,1,0.242,6500,1,0.97,"Missing",0.757385052122328,1.13839616955962
2019,0,0.154,7500,0,0.67,"B",0.00620733991222705,-5.0757961447814
2019,0,0.209,13000,1,0.89,"C",0.000981155555565558,-6.92579790540131
2019,1,0.253,8500,0,0.86,"D",0.734164280270261,1.01585429566339
2019,0,0.187,2000,0,0.53,"A",0.00124888765999575,-6.68425232767236
2019,1,0.22,1000,0,0.98,"Missing",0.668658660646269,0.702124625934859
2019,1,0.209,3000,0,0,"D",0.203138568883576,-1.36679244907267
2019,0,0.176,9000,0,0.97,"C",0.00120357663376822,-6.72125332550198
2019,0,0.165,7000,1,0,"B",0.00357042289163006,-5.63149442110283
2019,0,0.187,6000,0,0.82,"C",0.0359189429071413,-3.28991056128444
2019,0,0.319,12000,1,0.97,"D",0.00360595787222075,-5.62155536194897
2019,0,0.187,4000,1,0.31,"D",0.723056098340328,0.959671845621235
2019,0,0.187,5000,0,0.46,"A",0.00758016098410419,-4.8746118051277
2019,0,0.154,18500,0,0.45,"A",0.0076536936303994,-4.8648837867089
2019,0,0.22,9000,1,1.01,"D",0.346907145858853,-0.632662162448946
2019,1,0.242,1100,1,0,"Missing",0.999947681925505,9.85811633452202
2019,0,0.22,24000,0,0.76,"C",0.00901152461330601,-4.70019863421682
2019,0,0.143,10000,0,0.53,"A",0.0033696691624749,-5.68956535152567
2019,1,0.231,25000,1,0.01,"B",0.317271079769875,-0.766341335394701
2019,0,0.11,5000,0,0,"A",0.00177895116752684,-6.32995078468961
2019,0,0.132,15000,0,0,"A",0.0029379799178594,-5.82709073231094
2019,0,0.319,1800,0,0.98,"Missing",0.272347087429519,-0.982746856505595
2019,1,0.22,15000,0,1.03,"D",0.167647730269534,-1.60239081801562
2019,0,0.143,4000,0,0.01,"A",0.00888945176426305,-4.71396070150168
2019,1,0.22,5000,1,0.43,"D",0.196516213190778,-1.40821206898288
2019,0,0.121,6000,0,0.4,"AA",9.39362490791431e-06,-11.5754699063875
2019,0,0.198,5000,0,0.66,"C",0.00667341207577785,-5.00292821541151
2019,1,0.308,5000,0,0.56,"Missing",0.99852941113945,6.52062070175875
2019,0,0.22,5000,0,0.16,"A",0.1939480953295,-1.42455756486985
2019,0,0.253,6001,0,1.2,"Missing",0.600872360855705,0.409101270697617
2019,0,0.165,4000,0,0.28,"B",0.00543391702984268,-5.20964630234304
2019,1,0.319,1000,0,0.92,"Missing",0.826521371953433,1.56117136479794
2019,0,0.143,9000,0,0,"A",0.0634458809882028,-2.69202003419197
2019,0,0.154,2500,1,0.71,"B",0.00577429509528114,-5.14854806065469
2019,0,0.187,1000,1,0.14,"D",0.0120490158024459,-4.4066501049257
2019,0,0.11,5000,0,0.52,"AA",0.000772140899217288,-7.16557107349974
2019,0,0.319,3000,0,0,"Missing",0.122895675451779,-1.96529011303627
2019,1,0.22,2000,0,0.77,"Missing",0.13735078520023,-1.83747000730012
2019,0,0.242,20000,0,0.92,"D",0.357225943216126,-0.587424797597972
2019,0,0.22,5000,1,0.72,"A",0.000950158250481599,-6.95793139785122
2019,1,0.319,5108,0,0,"Missing",0.998166388357866,6.29963238736698
2019,0,0.308,8000,0,0.92,"D",0.00763888780191981,-4.86683504852098
2019,0,0.22,15000,0,0.93,"D",0.00515099036955191,-5.26340197557359
2019,0,0.165,4500,0,0.96,"A",7.99335461697794e-05,-9.43423500462702
2019,0,0.187,3500,0,0,"B",0.000231419220936191,-8.37104823696904
2019,0,0.143,2500,1,0.77,"B",2.54756674323363e-05,-10.5777613037038
2019,0,0.121,10000,0,0.17,"AA",0.00148009519685263,-6.51416767945722
2019,1,0.308,2000,0,0.77,"Missing",0.999702614955312,8.12018538278985
2019,0,0.154,9999,0,0.54,"A",0.00401987710786347,-5.51247596846941
2019,0,0.121,6000,0,0,"A",2.14483330431334e-05,-10.7498421806539
2019,1,0.198,6000,0,0.58,"C",0.978948681641379,3.8395160339651
2019,1,0.319,5500,0,0.77,"Missing",0.424299562996482,-0.305147728495688
2019,1,0.209,16000,0,0.99,"C",0.942241612444867,2.79199315257806
2019,0,0.22,9500,1,0.65,"AA",0.000960522543934469,-6.94707212084921
2019,0,0.143,20000,0,0.52,"A",2.95256171584309e-06,-12.7328344336168
2019,1,0.209,10000,1,0.81,"C",0.725035020904403,0.969576217570023
2019,1,0.319,3500,0,1.01,"Missing",0.999375214194134,7.37747669651439
2019,0,0.231,9500,0,0.73,"D",0.245406750121859,-1.12326182368466
2019,0,0.099,2000,0,0.85,"A",5.20961798303421e-06,-12.1649988190496
2019,1,0.319,17000,1,0,"D",0.616592053381956,0.475108070468042
2019,1,0.319,7400,0,0,"Missing",0.924846824250358,2.51009975427793
2019,0,0.165,8500,0,0.22,"B",0.000483325345786623,-7.6343370951279
2019,0,0.242,3000,0,0.3,"Missing",0.142145283185208,-1.79758510183646
2019,0,0.11,6500,0,0.67,"A",0.000174250093705616,-8.6548447052814
2019,0,0.253,3500,0,0.92,"Missing",0.332767486568949,-0.695694573452157
2019,0,0.209,9750,0,0.78,"B",0.0441821483866939,-3.07424653826557
2019,1,0.308,12000,1,0.87,"D",0.975281207123158,3.67516204742149
2019,1,0.209,1000,1,0,"Missing",0.633971266447707,0.549291795056462
2019,1,0.319,20000,0,0.61,"D",0.919412469226901,2.43439091313655
2019,1,0.187,4990,0,0.9,"C",0.912281531874632,2.34181617950199
2019,0,0.264,15000,1,0.81,"D",0.00500942512323376,-5.29141210197663
2019,1,0.319,2500,1,1.04,"Missing",0.999860340197895,8.87616140797143
2019,0,0.319,3500,0,0,"Missing",0.103210670433301,-2.16204872997093
2019,1,0.319,20000,0,0.95,"Missing",0.972791638811671,3.57664559350838
2019,0,0.319,2000,0,0,"Missing",0.242904909008643,-1.13681881532247
2019,1,0.319,10000,0,0.93,"D",0.27865438444349,-0.951146129783209
2019,0,0.121,2000,0,0.75,"B",0.00125969957125291,-6.67562152830288
2019,0,0.319,2000,1,0,"Missing",0.342684504255273,-0.651353898623447
2019,0,0.198,6000,0,0.58,"C",0.00138079175807772,-6.58371646067065
2019,1,0.187,3000,0,0.88,"D",0.882529895334693,2.01660879113558
2019,0,0.187,10000,0,0.62,"B",5.67718865488e-06,-12.0790487256839
2019,0,0.11,6500,0,0.69,"AA",7.70002172556043e-06,-11.7742797075559
2019,0,0.187,5500,0,0.07,"C",0.0356227980432008,-3.29849667904928
2019,1,0.198,12000,1,0.68,"C",0.99108121359699,4.71063659826797
2019,0,0.143,13000,0,0.81,"B",0.000171654665315779,-8.66985418979473
2019,0,0.165,10000,0,0.49,"A",0.000140273401226222,-8.87177689057663
2019,0,0.187,20000,1,0.55,"B",0.000285699943610069,-8.16028270533858
2019,0,0.077,1000,0,0.34,"AA",9.19709459349422e-05,-9.29394586067161
2019,1,0.308,3001,0,0.75,"Missing",0.869076920335962,1.89282166466236
2019,0,0.187,25000,0,0.78,"B",0.00206072602607273,-6.18263406618836
2019,0,0.099,5000,0,0.28,"AA",0.0138776524667789,-4.26350062148512
2019,0,0.22,8000,0,0.92,"D",0.193865641194237,-1.42508507892279
2019,1,0.319,2500,0,0.85,"Missing",0.864544022512396,1.85355552819834
2019,0,0.253,2500,0,0.79,"D",0.0558198124486009,-2.82818815640368
2019,0,0.176,5000,0,0,"C",0.0111793364115062,-4.48244587312545
2019,0,0.165,5000,0,5.95,"B",0.163091559164912,-1.63540291904927
2019,1,0.319,3001,1,0,"Missing",0.580964001650009,0.326731964489941
2019,1,0.319,4000,1,0,"Missing",0.999311034961605,7.27963082828719
2019,0,0.11,6001,0,0.41,"AA",6.13715793595369e-06,-12.0011426626695
2019,0,0.242,3200,0,0,"D",0.64299076476067,0.588368710935573
2019,0,0.154,25000,0,0.58,"AA",0.000197848821849176,-8.52780947652193
2019,1,0.319,3000,1,0.4,"Missing",0.993653559835166,5.05349456280823
2019,0,0.088,1000,0,0,"AA",0.00028827381001487,-8.15131148489791
2019,0,0.187,25000,0,0.11,"A",0.158812047386802,-1.66709371096676
2019,1,0.165,10000,0,0.64,"AA",0.384200422730205,-0.471757198396256
2019,0,0.319,1000,1,1,"Missing",0.15915491078058,-1.66452943513934
2019,1,0.187,1550,0,0.95,"Missing",0.986689581877173,4.30580843715536
2019,0,0.187,25000,0,0.06,"AA",0.000462445914019079,-7.67851839763646
2019,0,0.308,3200,0,0.99,"Missing",0.121143920313393,-1.98164188954008
2019,0,0.275,16000,1,0.67,"D",0.000981797296879879,-6.92514340999746
2019,1,0.253,6500,0,0.71,"Missing",0.954347273095635,3.03996428283751
2019,0,0.165,2000,0,0.02,"B",8.34921692010022e-05,-9.39067421687433
2019,0,0.088,2500,1,0.24,"AA",5.22661278650339e-05,-9.85910977998013
2019,0,0.198,3100,0,0.98,"C",3.40259974226146e-05,-10.2883516688755
2019,0,0.11,3885,0,0.38,"A",3.55335843289051e-05,-10.2449967370447
2019,1,0.319,3000,1,0.61,"Missing",0.395902622053363,-0.42256712959643
2019,0,0.099,5000,0,0,"AA",0.000119194904416731,-9.03463135041985
2019,0,0.275,15000,0,0.9,"D",0.00429518858189098,-5.44595537779787
2019,0,0.165,3000,1,0,"C",0.0876054851605465,-2.34322886662847
2019,0,0.198,9900,0,0.55,"C",4.31763619272996e-05,-10.0501742127853
2019,1,0.319,6000,0,0,"Missing",0.877282831201477,1.96694717196346
2019,1,0.275,7500,1,0.76,"Missing",0.999203073930408,7.13395140055558
2019,1,0.319,1500,1,0.94,"Missing",0.454507277334531,-0.182475539289397
2019,0,0.264,1200,0,1.09,"Missing",0.84399410518258,1.68825171636397
2019,0,0.099,1000,0,0,"A",0.000632653357316402,-7.36495505102458
2019,0,0.22,2500,0,0.78,"Missing",0.158917128681885,-1.66630733105302
2019,0,0.143,6000,1,0.22,"A",0.00275861270324401,-5.89026494468556
2019,0,0.11,1000,0,0.24,"AA",0.0483046084565619,-2.98071804743859
2019,0,0.143,4950,0,0,"B",0.00165788247198598,-6.40055485191412
2019,1,0.319,5000,0,0.92,"Missing",0.993550486613027,5.03728019354233
2019,1,0.198,8000,0,0.35,"C",0.656388585768727,0.647241560834511
2019,0,0.22,10000,1,0.85,"Missing",0.0627891306333261,-2.7031263248617
2019,0,0.154,2400,0,0.94,"B",0.000129046973614921,-8.95520502803356
2019,0,0.319,6000,1,0.77,"Missing",0.000588502621231687,-7.43734050132747
2019,0,0.319,4000,0,0,"Missing",0.0408393378411807,-3.15641281210074
2019,0,0.154,3000,0,0.98,"C",1.67555279474026e-06,-13.2993657448693
2019,0,0.22,1500,0,0.8,"D",0.0470646981774893,-3.00802380029914
2019,0,0.22,5000,0,0.65,"B",3.56095503580093e-06,-12.5454782196331
2019,0,0.242,20000,0,0.92,"D",0.000484601096362586,-7.63169976862367
2019,1,0.264,1000,0,0.81,"Missing",0.990072588929928,4.60247853654687
2019,1,0.319,7000,1,0.27,"Missing",0.991144519740048,4.71782385014411
2019,0,0.077,1500,1,0.07,"AA",0.00125447884185872,-6.67977979173706
2019,0,0.176,15000,0,0.59,"A",0.0137067356941074,-4.27606637016692
2019,0,0.319,1550,0,0,"Missing",0.131199172492,-1.8903973323871
2019,0,0.231,5500,1,0,"C",0.004754494654848,-5.34389903199724
2019,0,0.264,4500,0,0.72,"D",0.144967217268501,-1.7746321815223
2019,0,0.187,17000,0,0.7,"A",0.0567540376918625,-2.81060027563254
2019,0,0.187,7500,0,0.62,"D",0.000168684661147386,-8.68731079750095
2019,0,0.154,7500,0,0.14,"A",0.000542799352231265,-7.51822787666696
2019,0,0.187,1700,0,0.56,"Missing",0.140317843682065,-1.81265257389738
2019,0,0.176,3000,0,0.81,"B",0.015480993366853,-4.15254016667898
2019,1,0.187,2550,0,0.25,"C",0.17291807303582,-1.56508583930707
2019,1,0.319,7900,1,0.99,"Missing",0.915167337219524,2.37842628782639
2019,0,0.275,14000,0,0.8,"D",0.00335624512330072,-5.69357056278064
2019,0,0.253,6001,0,0.81,"D",0.0986951259495008,-2.21180801060525
2019,1,0.319,6500,0,0.95,"Missing",0.990079195808191,4.60315094996134
2019,0,0.22,7500,0,0.38,"C",0.0330077071389876,-3.37744944140317
2019,0,0.319,4500,0,0.45,"Missing",0.18265609483084,-1.49845482125919
2019,0,0.264,9000,0,1.03,"D",0.00450932460184931,-5.39708837009558
2019,0,0.132,10000,0,0.85,"A",0.000115254578243563,-9.06825189119987
2019,0,0.121,6500,0,0.34,"A",2.43928784086274e-05,-10.62119494359
2019,0,0.198,2550,0,0.28,"D",0.0574647781920694,-2.79740108230784
2019,1,0.319,3000,0,0.91,"Missing",0.590303698217733,0.365220989343114
2019,0,0.275,2800,0,0.97,"Missing",0.807103487563842,1.43129805732441
2019,1,0.187,1000,0,0.89,"Missing",0.603029604749176,0.418104584541796
2019,0,0.132,15000,0,0,"AA",0.012250153049366,-4.38989104360553
2019,1,0.176,3300,0,0.3,"C",0.00670341877871783,-4.99841162964032
2019,0,0.253,7100,0,0.27,"A",0.0146398394275849,-4.20926067917946
2019,0,0.275,25000,0,0.18,"A",0.324193106630945,-0.734568028167279
2019,1,0.187,7000,0,0.51,"B",0.220734290551902,-1.26139240517265
2019,1,0.22,6000,0,0.85,"Missing",0.914620177384452,2.37139906867145
2019,0,0.22,3000,0,0.89,"D",0.395851706125715,-0.422780025820196
2019,0,0.165,5000,0,0.67,"C",0.0254258381307998,-3.64623471231329
2019,1,0.319,6000,0,0.92,"Missing",0.949934792653559,2.94306704023076
2019,1,0.319,4669,1,0,"Missing",0.994504211494392,5.19826226040358
2019,1,0.286,3000,0,1.17,"Missing",0.993255254756192,4.99222396583674
2019,0,0.22,3500,0,0.51,"D",0.640870153704654,0.579142856137852
2019,0,0.099,5000,0,0,"A",6.91959320618183e-05,-9.5784992839762
2019,0,0.154,24000,0,0.54,"A",0.000783541968828632,-7.15090208267346
2019,1,0.286,2864,0,0.71,"Missing",0.945279373901384,2.84923980245126
2019,1,0.297,1800,1,0.1,"Missing",0.977387443731707,3.76637779906256
2019,1,0.319,3000,0,1.34,"Missing",0.999094586835857,7.00621336018167
2019,0,0.121,5000,0,0.18,"A",0.000685703266749854,-7.28437964110709
2019,0,0.22,3500,0,0.51,"D",0.203788288254201,-1.36278346773199
2019,1,0.319,25000,0,0.6,"D",0.135105329727773,-1.85655303661549
2019,0,0.22,2000,0,0,"Missing",0.369854202609609,-0.532842336059975
2019,0,0.319,6000,1,0.77,"Missing",0.949733225346486,2.9388368145509
2019,0,0.187,10000,0,0.28,"B",3.36499576332069e-05,-10.2994651103934
2019,0,0.11,5000,1,0.06,"AA",0.000782757620656981,-7.15190439792149
2019,0,0.187,9000,0,1,"Missing",0.114549276396846,-2.0450917156098
2019,1,0.187,2000,0,0.25,"Missing",0.697811806810626,0.836899469109312
2019,0,0.198,5000,0,0.66,"C",0.00563357175745226,-5.17336212263517
2019,0,0.209,6001,0,0.2,"C",0.000117370283536309,-9.05005942693548
2019,0,0.319,4000,0,0.8,"D",0.00661367095886662,-5.01198077665843
2019,1,0.264,4500,0,1.46,"Missing",0.978125271077552,3.80030571081822
2019,1,0.297,14000,1,0.65,"D",0.57723322545983,0.311425721843645
2019,0,0.22,9000,0,0.94,"D",0.238774710403251,-1.15940888512104
2019,0,0.132,10000,1,0.08,"AA",1.26268514381366e-05,-11.2796723180583
2019,0,0.121,4000,0,0.11,"AA",0.00271022189891058,-5.90801086472622
2019,0,0.088,2000,0,0.23,"AA",0.0596969444015362,-2.75692138634246
2019,0,0.275,9000,0,0.97,"D",0.0246890331118962,-3.67639721907702
2019,0,0.22,5000,0,0,"B",6.63040429957351e-05,-9.62119337606265
2019,0,0.187,5000,0,0.97,"D",0.00431956157653986,-5.44027245095267
2019,0,0.198,9999,0,0.92,"D",0.0392659383018975,-3.19734020668037
2019,0,0.22,5000,0,0.77,"D",0.0396560971484873,-3.1870467419535
2019,0,0.099,3000,0,0.71,"AA",2.77582874418942e-06,-12.7945584329645
2019,0,0.165,2300,0,0.46,"C",5.4005186266869e-05,-9.82637646738808
2019,0,0.253,10000,0,0.88,"C",0.0092466460575951,-4.67420471991566
2019,0,0.22,5000,0,0.87,"D",0.513658206198321,0.0546464196370775
2019,0,0.198,13000,0,0.95,"B",0.000660591291398853,-7.32171441838232
2019,0,0.099,1000,0,0.02,"AA",0.00101537415185146,-6.89148222190582
2019,1,0.264,1000,0,0.92,"Missing",0.968229153530753,3.41691969652299
2019,0,0.253,25000,0,0.04,"AA",0.00169877554052206,-6.37614733762446
2019,0,0.275,2500,0,1.01,"D",7.00454366542375e-05,-9.56629638353551
2019,0,0.165,12000,0,0.94,"B",1.06751310482182e-06,-13.7501777482256
2019,0,0.187,10000,0,0.79,"A",2.1341250581073e-05,-10.754847369655
2019,1,0.198,3000,1,0.93,"C",0.466888668962397,-0.132639445575526
2019,1,0.286,2000,1,0,"Missing",0.999391689641885,7.40421685335758
2019,0,0.121,9000,0,0.33,"A",0.00137321076519764,-6.58922950243105
2019,0,0.165,10000,0,0.49,"A",0.00018528179822419,-8.59344735922028
2019,0,0.22,4000,1,0.98,"B",0.000619153403786802,-7.38653814564424
2019,1,0.319,9200,1,0.98,"Missing",0.823731919997464,1.54183911916017
2019,1,0.286,10000,0,0.88,"D",0.984956485936698,4.18165052442604
2019,0,0.165,5000,0,0.85,"C",0.551363752130997,0.206182337518863
2019,1,0.253,6001,0,0.42,"C",0.215662101589744,-1.29112708204206
2019,0,0.099,9000,0,0.37,"AA",0.000712075913762377,-7.24661370222284
2019,1,0.319,6500,0,0.95,"Missing",0.961305671457345,3.2125993948222
2019,0,0.319,20000,0,0.95,"Missing",0.0135881442712376,-4.28487630317802
2019,0,0.22,8000,1,0.92,"C",0.0237166405252269,-3.71757593797904
2019,0,0.088,3500,0,0.46,"AA",0.0046911641868034,-5.35737229763198
2019,0,0.165,3000,0,0.91,"Missing",0.524586661544117,0.0984260292897184
2019,0,0.242,2500,1,0.63,"D",0.000717184762524793,-7.23945962017894
2019,0,0.198,9999,0,0.97,"C",0.000118995166179879,-9.03630868376826
2019,1,0.319,4000,0,1.12,"Missing",0.999433835250229,7.47605911970079
2019,0,0.11,3500,0,0.07,"AA",0.0274108685701091,-3.56902212526209
2019,0,0.099,3000,0,0,"AA",0.00736168047423312,-4.90407813563051
2019,1,0.319,6000,1,0,"Missing",0.999624201941937,7.88608276978613
2019,1,0.319,5224,0,0.67,"Missing",0.991337259367482,4.74002365592551
2019,0,0.165,1250,0,0.74,"C",0.643049802768021,0.588625906502529
2019,0,0.275,6000,0,1.02,"D",0.00916014871877753,-4.68369050389505
2019,1,0.253,5000,0,0.97,"Missing",0.971882139159177,3.54282954956742
2019,1,0.275,3000,0,0.62,"Missing",0.723410334084246,0.961441547433445
2019,1,0.319,5224,0,0.67,"Missing",0.975142099604727,3.66940757819592
2019,1,0.308,11000,0,0.84,"Missing",0.999035804963239,6.94325230335485
2019,1,0.319,4669,1,0,"Missing",0.996609561484778,5.68339981135654
2019,0,0.154,10000,0,0.65,"C",0.00925056734738667,-4.67377677492999
2019,1,0.319,2000,0,0.98,"Missing",0.888888606786688,2.07943868539822
2019,1,0.253,1300,0,0.43,"D",0.557741229049273,0.23199994218814
2019,1,0.319,3500,0,0.9,"Missing",0.908017384501408,2.28966392712303
2019,0,0.253,6300,0,0.76,"D",0.00976566015851213,-4.61906945542668
2019,0,0.22,8500,0,0.64,"C",0.000220638399222688,-8.41876473635675
2019,1,0.319,5000,1,1.05,"Missing",0.971536320076095,3.53024976776743
2019,0,0.088,6001,0,0.04,"AA",0.000109717738599415,-9.11748977899986
2019,0,0.187,5000,0,0.93,"C",0.0069015491073729,-4.96908390931771
2019,0,0.308,1900,0,1.2,"Missing",0.417664798378122,-0.332367036680048
2019,0,0.121,1500,0,0.2,"B",6.38809144317888e-05,-9.658426036928
2019,0,0.297,15000,1,0.75,"C",0.00151281411396752,-6.49226975139266
2019,0,0.165,1250,0,0.74,"C",6.22378887636628e-05,-9.68448435973615
2019,0,0.121,1000,0,0.97,"Missing",0.270618757029314,-0.991485532570218
2019,0,0.264,10000,0,0.89,"D",0.0904910111298358,-2.30765435997836
2019,1,0.275,1500,0,0,"Missing",0.996093058382165,5.54108581233454
2019,0,0.088,1000,0,0.05,"AA",0.0832670154050062,-2.39876374898126
2019,0,0.099,6001,0,0.22,"AA",0.00114431948754076,-6.77180017796696
2019,0,0.154,7750,0,0.59,"C",0.00067298569033603,-7.30311327880092
2019,0,0.099,2500,0,0.04,"A",0.00343291832462751,-5.67090573173375
2019,0,0.187,1500,1,0.56,"C",0.0243015188460326,-3.69261475309433
2019,0,0.187,15000,0,0.96,"B",0.565840478902627,0.264900172385421
2019,0,0.077,2500,1,0,"AA",6.04244227795e-06,-12.0166962346307
2019,0,0.22,5000,1,0.72,"A",0.00184634776435294,-6.29269771822207
2019,1,0.275,5000,1,1.1,"Missing",0.855737968247393,1.78033290647934
2019,0,0.11,6000,0,0.51,"AA",1.18278749323264e-05,-11.3450397019499
2019,0,0.165,7500,0,0.65,"B",0.00134561644703656,-6.60955652339105
2019,0,0.121,1500,0,0.07,"B",7.29565686654575e-07,-14.1308157000791
2019,0,0.209,5000,0,0.28,"B",0.00593514611990171,-5.12091080208785
2019,0,0.121,3000,0,0.32,"AA",4.42679529335876e-05,-10.0252052838448
2019,0,0.198,15000,0,0.61,"A",0.00168304046983628,-6.38546885944044
2019,0,0.319,2000,0,0,"Missing",0.862902591990248,1.83961013277017
2019,1,0.165,7700,0,0.38,"C",0.959218855973297,3.15789944316587
2019,1,0.286,2550,0,0.88,"Missing",0.999431400730054,7.47176588171393
2019,0,0.143,10000,0,0.15,"A",0.0346075617268151,-3.32846248525257
2019,1,0.319,2500,0,0,"Missing",0.938628369714814,2.72747194756428
2019,0,0.275,15000,0,0,"C",0.49627148340054,-0.0149143428509393
2019,0,0.187,10000,0,0.72,"B",0.0136216326150151,-4.28238085825324
2019,0,0.198,7500,0,0.9,"B",0.223203396440843,-1.24709509719813
2019,1,0.286,9000,1,0.83,"Missing",0.814009641322229,1.47627737300463
2019,0,0.22,3000,0,0.39,"D",0.0333115312890797,-3.36797265889006
2019,0,0.099,4800,0,0.12,"AA",4.0749841819222e-06,-12.4106396180234
2019,0,0.132,3000,0,0.98,"B",0.00821498374508485,-4.79354659351318
2019,0,0.22,25000,0,0.08,"B",0.0595946379969254,-2.7587454149524
2019,0,0.22,1500,0,0.53,"D",0.0106133805362727,-4.53496965500134
2019,1,0.22,5500,0,0.95,"Missing",0.99096617923315,4.69770500863785
2019,0,0.275,15000,0,0,"D",0.00612859047622751,-5.08864304672872
2019,1,0.275,15000,0,0.65,"D",0.800341360422625,1.38842923099677
2019,1,0.286,7300,0,0,"C",0.613230041027408,0.460910041351807
2019,1,0.319,25000,0,0.98,"Missing",0.89906033327635,2.18682716458244
2019,0,0.253,5000,0,0.78,"D",0.347681824531943,-0.629244677850177
2019,1,0.319,7000,1,0.64,"Missing",0.814198760416712,1.47752701565467
2019,1,0.165,3000,0,0.73,"D",0.44464949957108,-0.222313116317723
2019,1,0.319,3001,1,0,"Missing",0.599363746431211,0.402814752643927
2019,0,0.264,10000,0,0.54,"A",0.00565000352209362,-5.17043308527585
2019,0,0.165,3800,0,0.2,"B",0.000615793846613855,-7.39198233150583
2019,0,0.165,1700,0,0.83,"D",0.000129481971567436,-8.95183941185648
2019,0,0.253,1525,0,0.56,"D",0.22476464189191,-1.23811285243997
2019,0,0.143,1000,1,0.7,"C",0.00114687378275725,-6.76956795613222
2019,1,0.319,4000,0,1,"Missing",0.999917167763282,9.39861040433571
2019,0,0.231,13500,0,0.84,"D",0.00353899380417526,-5.64036755749112
2019,0,0.209,1000,1,0,"Missing",0.113718545919336,-2.05330806821973
2019,0,0.22,7000,0,0.28,"C",0.000823739928109465,-7.10083161971177
2019,1,0.319,5000,1,0.96,"Missing",0.985551966566178,4.22264354561909
2019,0,0.121,1850,0,0.86,"C",1.55936114204365e-05,-11.0686336581848
2019,0,0.187,25000,0,0.67,"A",0.0369109485087836,-3.26163766592207
2019,0,0.275,1500,0,0,"Missing",0.0255597491250965,-3.64084439014753
2019,0,0.121,3000,0,0.26,"A",0.0552053116811254,-2.83990846808996
2019,0,0.231,7500,0,0.68,"C",0.0159143645203336,-4.12449079086036
2019,0,0.077,3000,0,0.06,"AA",0.00088355125601856,-7.0306773113346
2019,0,0.22,4000,1,0.98,"B",0.198506779093657,-1.39565326285612
2019,0,0.154,25000,1,0.63,"AA",0.0168074667140371,-4.06898172898884
2019,0,0.165,10000,0,0.16,"A",0.000932345619724951,-6.97687419488259
2019,0,0.22,7500,0,0.74,"C",0.0152206943992311,-4.16976158531934
2019,1,0.099,1000,0,0.18,"AA",0.386116356966432,-0.463666636770277
2019,0,0.099,2000,0,0,"AA",0.000403067925174084,-7.81600231222239
2019,0,0.121,3500,0,0.1,"AA",1.03067831146577e-05,-11.4826980178234
2019,0,0.088,1000,0,0,"AA",0.000598896814410507,-7.41982216155071
2019,0,0.099,2550,0,0.58,"AA",2.81149239594676e-05,-10.4791819055296
2019,1,0.319,2700,0,0,"Missing",0.999807981326596,8.55772589624272
2019,0,0.121,5000,0,0.12,"A",8.70241651262153e-05,-9.34923768985449
2019,0,0.165,4000,0,0.64,"B",3.99658977966024e-05,-10.1274440558706
2019,1,0.286,2000,1,0,"Missing",0.578569514961179,0.31690386252697
2019,1,0.319,5000,0,0.83,"Missing",0.917478829340317,2.40857463089638
2019,0,0.132,22000,0,0.37,"AA",0.0520487440624481,-2.90212241781967
2019,0,0.264,14900,0,0.93,"D",0.0437697872300031,-3.08405490229956
2019,0,0.11,1500,0,0.16,"A",6.39767105145572e-05,-9.65692746028455
2019,0,0.22,5000,0,0.16,"A",0.000450104123554633,-7.70558141083766
2019,1,0.319,2550,0,1,"Missing",0.938957734017553,2.73320395730181
2019,1,0.319,3600,0,0.92,"Missing",0.675874890686541,0.734878404850074
2019,0,0.253,6300,0,0.76,"D",0.00430725986009691,-5.44313677754127
2019,0,0.121,2593,0,1.01,"Missing",0.25742338660655,-1.05940390028326
2019,1,0.319,3300,0,0.91,"Missing",0.928940963365845,2.57053415478631
2019,0,0.319,2000,1,0,"Missing",0.522083912426011,0.0883931586648901
2019,0,0.165,4500,1,0.49,"C",0.00392510030977905,-5.53643054770996
2019,0,0.165,1000,1,1.75,"Missing",0.426505174313317,-0.296124415292356
2019,0,0.242,7300,0,0.74,"D",0.0465190303093082,-3.02025798363225
2019,0,0.176,5000,0,0.89,"C",0.0221031999507984,-3.78968175084914
2019,1,0.319,2875,1,1,"Missing",0.833858396817959,1.61322314400577
2019,1,0.319,10000,0,0.93,"D",0.982431358000528,4.02391486832706
2019,0,0.165,5000,0,0,"C",0.00642679524443591,-5.04083173574852
2019,0,0.11,3000,1,0.32,"A",1.02820058250601e-06,-13.7876992625942
2019,0,0.165,12000,0,0.45,"AA",0.346042100304353,-0.636482530995209
2019,0,0.176,25000,0,0,"AA",0.000891917147487442,-7.02124499853868
2019,0,0.319,12000,0,0.6,"B",0.000106844455889894,-9.14402961423284
2019,0,0.187,25000,0,0.11,"A",9.04629563059854e-06,-11.613146160297
2019,0,0.253,21000,0,0,"B",0.350429016984072,-0.617153952186007
2019,0,0.132,2500,0,0,"C",0.0175215396517079,-4.02664745888272
2019,1,0.319,4000,1,1.14,"Missing",0.74518086311389,1.07307293180004
2019,1,0.22,10000,1,0.85,"Missing",0.999341395787902,7.3247289713226
2019,0,0.22,13000,0,0.9,"C",0.578509157014031,0.316656323020246
2019,0,0.209,3000,0,0.97,"C",0.00898161247302657,-4.70355365978299
2019,0,0.143,4000,0,0.01,"A",0.00609357043808929,-5.09440887821608
2019,0,0.077,1100,1,0.18,"A",0.00250581420497961,-5.98663260631673
2019,0,0.286,25000,0,0.92,"C",4.56388160447521e-06,-12.2973325035844
2019,0,0.198,15000,0,0.26,"B",0.00221403274331637,-6.11072316825509
2019,0,0.187,1500,0,0,"Missing",0.322945146708992,-0.740269809323041
2019,0,0.22,8000,0,0.92,"D",0.0691838965543604,-2.59929360513842
2019,1,0.121,15200,0,0.83,"A",0.0670832536354535,-2.63238152508665
2019,1,0.319,6000,1,0.77,"Missing",0.997225826444484,5.88462436526565
2019,0,0.121,8000,0,0.32,"A",0.684318319244772,0.773688821882724
2019,0,0.165,10000,0,0.66,"B",3.49163773312415e-06,-12.5651361756708
2019,0,0.165,20000,1,0.72,"B",0.000787416711177491,-7.14596522955543
2019,0,0.154,18500,0,0.45,"A",0.0146529980193017,-4.20834890792636
2019,0,0.11,6000,0,0.02,"AA",0.00654840298315715,-5.02196414059101
2019,0,0.319,6000,0,0.84,"Missing",0.159051521384241,-1.66530221245037
2019,1,0.319,2550,0,0.91,"Missing",0.990863859433217,4.68633910910676
2019,1,0.242,4000,1,1,"D",0.989474305008987,4.54335438726545
2019,1,0.209,15000,0,0.37,"C",0.115348022125897,-2.03724048457353
2019,1,0.088,1000,0,0.33,"A",0.528736142524384,0.115071377911663
2019,0,0.099,5000,0,0.01,"AA",0.000435049683352017,-7.73961517445032
2019,0,0.209,6000,0,0.49,"C",0.0236387393157633,-3.72094579939086
2019,0,0.264,6000,0,0.52,"D",0.241823240683591,-1.14270950128905
2019,1,0.165,10000,0,0.59,"B",0.976326635299347,3.71944663388695
2019,0,0.187,4000,0,0.75,"B",0.0123375215208796,-4.38269586930463
2019,0,0.154,5000,1,0.39,"B",2.48270862218914e-05,-10.6035504870339
2019,1,0.319,2550,0,0.63,"D",0.761895246297476,1.16309835574113
2019,0,0.154,7500,0,0.14,"A",0.00249337569546615,-5.9916212963146
2019,1,0.264,3000,0,0,"Missing",0.996805297189138,5.74306139565519
2019,1,0.319,1500,1,0.91,"Missing",0.98712981024271,4.33988778513274
2019,0,0.319,2000,0,0,"Missing",0.323281700859031,-0.738731002592957
2019,0,0.198,4100,0,0.5,"C",0.398846423439167,-0.410273997800473
2019,1,0.165,2500,0,0.44,"D",0.872998359218944,1.92773367045254
2019,1,0.22,1000,0,1,"Missing",0.999718350073778,8.17456396497523
2019,0,0.165,2500,0,0.7,"D",0.00159622212308345,-6.4385181173312
2019,0,0.187,5600,0,0.84,"C",0.142774290616933,-1.79243625943022
2019,0,0.11,7500,0,0,"AA",0.000235547342667606,-8.35336305918772
2019,0,0.077,1000,0,0.07,"AA",0.000617507147083866,-7.38920221742109
2019,0,0.22,2500,0,0,"Missing",0.0207530294658065,-3.85409164450981
2019,0,0.319,4000,1,0.94,"D",0.00788522804468512,-4.83484765680149
2019,0,0.22,1000,1,0.42,"C",0.11150632550389,-2.07544620799517
2019,0,0.319,7500,0,0.86,"Missing",0.231965188823141,-1.19724774694179
2019,0,0.099,2500,0,0.1,"AA",0.000302137417426945,-8.10432643641903
2019,0,0.253,10000,0,0.88,"C",0.0429352993743686,-3.10417668009199
2019,1,0.22,5500,0,0.95,"Missing",0.999951894305105,9.94206188402799
2019,0,0.187,1000,0,0.72,"C",0.578451810485582,0.316421142831756
2019,1,0.286,2600,0,0.36,"Missing",0.929157247666832,2.5738153250373
2019,0,0.187,1000,1,0.71,"Missing",0.390420522400103,-0.445544917670723
2019,1,0.242,2500,1,1,"Missing",0.992112675814559,4.83457974798315
2019,0,0.253,8000,0,0.87,"D",0.00845029985807647,-4.76506714601596
2019,1,0.319,20000,0,0.04,"C",0.742175919192515,1.05730880791118
2019,0,0.22,7500,1,0.62,"C",0.0939535128909397,-2.26629049877203
2019,0,0.22,3000,0,0.89,"D",0.00151539964274983,-6.49055953519136
2019,0,0.22,5000,1,0.43,"D",0.000636763727109462,-7.35847491970667
2019,0,0.319,7000,0,0.12,"D",0.340394491828002,-0.661536726327357
2019,1,0.187,1000,0,0.89,"Missing",0.976573210520594,3.73016950280734
2019,1,0.264,1500,1,0.88,"Missing",0.938437184293713,2.72415787461753
2019,0,0.319,1000,0,0,"Missing",0.97974894643072,3.87908954142244
2019,0,0.242,25000,1,0.69,"AA",0.0773329833609186,-2.47914784989214
2019,0,0.187,1500,1,0.56,"C",0.114175102543863,-2.04878604120563
2019,0,0.187,7100,0,0.95,"D",0.0584494760958455,-2.77936528526842
2019,0,0.088,1500,1,0.22,"AA",0.00639473209813683,-5.04586547124002
2019,1,0.264,1200,0,1.09,"Missing",0.887027534154809,2.06073189978158
2019,0,0.286,7300,0,0,"C",0.000358269164957941,-7.93386766328367
2019,0,0.22,3500,0,0.8,"D",0.00694806179159975,-4.96232022523988
2019,1,0.319,2550,0,1,"Missing",0.949723890840587,2.93864130386634
2019,0,0.319,17000,1,0,"D",0.495284501468289,-0.0188625533752415
2019,0,0.253,3250,0,0.93,"D",0.00193284520433809,-6.24682744693114
2019,1,0.176,4000,0,0.8,"C",0.0301330832672089,-3.47153518279919
2019,1,0.319,3000,0,0,"Missing",0.999657269912294,7.9782245480546
2019,0,0.165,2500,0,0.7,"D",0.208277897409087,-1.33533721645137
2019,0,0.165,15500,0,0.98,"B",0.00800385475214942,-4.8197959517895
2019,1,0.275,3000,0,0,"Missing",0.998691803958273,6.63779710570413
2019,1,0.22,8500,0,0.48,"B",0.681132493146414,0.758981166484578
2019,1,0.319,3000,0,0.92,"Missing",0.948696871936913,2.91733760297704
2019,1,0.22,6500,1,1.06,"Missing",0.998560498422561,6.54201781343348
2019,0,0.198,3100,0,0.98,"C",0.00301982490968203,-5.79953203242119
2019,0,0.11,4000,0,0.51,"AA",1.16320702314046e-07,-15.9669146690832
2019,0,0.319,6000,0,0.43,"D",0.0688385663685311,-2.60466851477808
2019,0,0.187,3600,1,0.76,"D",0.0267456814274541,-3.5942724054057
2019,1,0.319,2550,0,0.9,"Missing",0.985785011621039,4.23914136229275
2019,0,0.099,5500,1,0.48,"A",0.0072384746883678,-4.92107997362476
2019,0,0.099,1025,1,0.76,"D",0.00314159853491494,-5.75987697733506
2019,0,0.275,9000,0,0.97,"D",0.0123881150534917,-4.37855224200571
2019,0,0.231,15500,0,0.66,"A",0.128511555050806,-1.91418378319775
2019,0,0.319,25000,0,0.6,"D",0.167274246709195,-1.60506969886638
2019,0,0.319,5000,0,0.77,"D",0.0681736287959373,-2.61508868481364
2019,0,0.165,18000,0,0.12,"B",0.000484906591968184,-7.63106925525822
2019,0,0.275,15000,1,0,"D",0.0474554326897497,-2.9993458842965
2019,0,0.121,3000,0,0.89,"B",0.0531088703618276,-2.88084015872886
2019,1,0.297,7500,0,0.91,"Missing",0.931698130042235,2.61307172262292
2019,1,0.319,3000,1,0.67,"Missing",0.991119368273822,4.71496228461198
2019,1,0.286,2000,1,0,"Missing",0.977886901126427,3.78922387817522
2019,0,0.165,9500,0,0.94,"B",0.00185266509306053,-6.28927570230422
2019,0,0.165,2500,0,0.24,"C",0.000244407148584694,-8.31643064454551
2019,1,0.319,2000,1,0,"Missing",0.969736351589615,3.46707696222479
2019,0,0.297,1000,0,0,"Missing",0.000218914822723499,-8.42660890235106
2019,0,0.198,3001,0,1,"Missing",0.216742572277065,-1.28475106654013
2019,0,0.176,3400,0,0.49,"C",0.00118472523562217,-6.73705897237667
2019,0,0.143,5000,0,0,"B",0.00032699222856098,-8.02524710751582
2019,0,0.22,1000,0,0,"Missing",0.388072431471991,-0.455421922177319
2019,0,0.154,4575,0,0.6,"C",0.000912623246525753,-6.99827437700162
2019,0,0.11,2000,0,0,"B",0.000331142631650928,-8.01263016659925
2019,1,0.165,3000,1,0.99,"C",0.3650638766164,-0.55345205803668
2019,0,0.154,10000,0,0.65,"C",0.00029912236924544,-8.11435863949261
2019,0,0.198,15000,0,0.26,"B",2.78819512514712e-06,-12.790113291817
2019,0,0.319,3000,1,0.4,"Missing",0.118014490712313,-2.01136820692003
2019,0,0.231,10000,0,0.84,"D",0.0301478412362468,-3.47103032641377
2019,0,0.132,10000,0,0.12,"AA",2.68841070148297e-07,-15.1291451803974
2019,0,0.132,15000,0,0.09,"A",7.65971411104942e-05,-9.47687420415671
2019,0,0.187,3600,1,0.76,"D",0.0150523173993895,-4.18105656628337
2019,0,0.165,12000,0,0.52,"C",0.00958303548340753,-4.63813163263819
2019,1,0.319,25000,1,0.93,"C",0.780491894207657,1.26853519424508
2019,1,0.308,12000,1,0.87,"D",0.896950453781846,2.16379072124611
2019,0,0.242,15000,0,0,"C",0.0679965923686835,-2.61787887924048
2019,1,0.319,3600,0,0.92,"Missing",0.998948650492005,6.85662879176124
2019,0,0.264,4000,0,0.89,"D",0.00841167717530087,-4.76968714358111
2019,0,0.319,8500,1,0.93,"B",0.0145224807794998,-4.21742846740002
2019,0,0.231,6250,0,0,"C",0.089542440494219,-2.31923457743489
2019,0,0.132,19500,1,0,"AA",0.149166986511443,-1.74114949219592
2019,0,0.121,20000,0,0.01,"AA",0.00232023362794904,-6.06376446713092
2019,0,0.165,8000,0,0.84,"A",0.000538474739191156,-7.52623135227937
2019,1,0.22,10000,0,0.64,"D",0.690867860443431,0.80417975442852
2019,0,0.165,3000,0,0.46,"B",0.193510544706059,-1.42735881723874
2019,1,0.319,3000,1,0.61,"Missing",0.817837029043461,1.501761354534
2019,0,0.176,20000,0,0.15,"AA",1.29786535533629e-07,-15.857374640677
2019,0,0.121,1500,0,0.2,"B",0.00153084425995932,-6.48040387467135
2019,0,0.099,3030,0,0.04,"AA",0.151392366250024,-1.72372200976422
2019,0,0.121,13000,0,0.82,"A",0.000372977884352489,-7.89361838390054
2019,0,0.198,14000,0,0.28,"C",0.0522911568315926,-2.89722005628592
2019,0,0.165,3000,0,0.08,"AA",3.3298955917675e-06,-12.6125662783859
2019,0,0.099,5000,0,0,"AA",0.00325847241519876,-5.72323298492118
2019,0,0.121,25000,0,0.23,"AA",9.48716506827792e-07,-13.8681548625641
2019,1,0.319,9000,0,0.85,"Missing",0.997224446021758,5.88412550693828
2019,0,0.121,9000,0,0.33,"A",0.000367997988458078,-7.90706502024048
2019,0,0.319,3900,0,0,"Missing",0.177094829115641,-1.53615562350311
2019,0,0.22,10000,0,0.79,"C",0.0042879643090128,-5.44764599471292
2019,0,0.11,4000,0,0.88,"A",0.077133460437194,-2.48194745592211
2019,0,0.099,2500,0,0.04,"A",2.23277310274769e-05,-10.7096587802451
2019,0,0.176,24000,1,0.35,"A",1.86948061594167e-05,-10.887246123187
2019,0,0.231,5000,0,0.85,"C",0.00380738892951817,-5.56699698963428
2019,0,0.11,2000,0,0.06,"AA",0.0501716333866944,-2.94083150654341
2019,1,0.143,2500,0,0.57,"A",0.0556106015382485,-2.83216472123324
2019,1,0.242,15000,0,0,"C",0.911103993613247,2.32718982502061
2019,0,0.187,4000,1,0,"C",0.707043048024957,0.881065875702362
2019,0,0.198,25000,0,0,"A",0.00356290099913677,-5.63361091531327
2019,0,0.319,3000,1,0.74,"Missing",0.0733907620278849,-2.53573387291578
2019,0,0.099,6001,0,0.26,"AA",0.000569402056170294,-7.47035420778229
2019,1,0.286,5000,0,0,"Missing",0.979515817699567,3.86740539279228
2019,0,0.319,20000,0,0.89,"C",0.469572262621699,-0.12186153191026
2019,0,0.132,4000,0,0.43,"B",0.00138486386096059,-6.5807676158383
2019,0,0.121,4000,0,0.11,"AA",4.12417265466911e-05,-10.0960187912882
2019,1,0.319,5000,0,0.97,"Missing",0.992195744606295,4.84525126278552
2019,0,0.319,6500,1,0.85,"D",0.00160985804195902,-6.42999812131364
2019,1,0.165,3000,0,0.91,"Missing",0.978609359424298,3.82317907282117
2019,0,0.22,24900,0,0.87,"C",0.00792515066593825,-4.82975722633868
2019,0,0.154,20200,0,0.86,"A",0.00381440821624865,-5.56514804490361
2019,0,0.253,6001,0,0.42,"C",0.00175189882240507,-6.34530160271253
2019,1,0.319,5000,0,0.89,"Missing",0.999725224056689,8.19927973028178
2019,1,0.319,3000,0,1.15,"Missing",0.997169478702783,5.86445984552899
2019,1,0.275,3000,0,0.97,"Missing",0.998452108860605,6.4693127393148
2019,0,0.165,9900,0,0.72,"B",0.000313539751741153,-8.06727081720182
2019,1,0.319,25000,0,0.6,"D",0.779434761798072,1.26237547663718
2019,0,0.154,7500,0,0.67,"B",3.5754427230299e-05,-10.2388007028154
2019,1,0.165,1200,1,0,"Missing",0.348967427379807,-0.623581089146875
2019,1,0.275,5500,0,0.49,"Missing",0.990478249159923,4.64460916277617
2019,0,0.22,2550,0,0,"AA",0.10977188547187,-2.09307329422364
2019,0,0.319,23250,0,0.92,"C",0.821486709318217,1.52645270274396
2019,1,0.319,2000,0,1.26,"Missing",0.985185392283367,4.1972161370992
2019,0,0.253,21000,0,0,"B",0.00740578893835207,-4.89805994769238
2019,0,0.264,15000,0,0.86,"B",0.00463232427123777,-5.3700534476829
2019,0,0.165,8500,0,0.55,"AA",1.86913382585897e-05,-10.8874316446264
2019,0,0.165,6010,0,0.63,"B",0.000573684200434485,-7.46285763768457
2019,0,0.187,25000,0,0.89,"B",0.00048076010828722,-7.63966127192749
2019,0,0.11,1000,0,0.2,"A",0.000264820711884398,-8.23619266409104
2019,0,0.088,3001,0,0.14,"AA",4.11693080698104e-06,-12.4003985050384
2019,0,0.209,3000,0,0,"D",0.15522205870996,-1.69421707293611
2019,0,0.11,6500,0,0.69,"AA",1.05953170766481e-06,-13.7576824731457
2019,1,0.319,4000,0,1.12,"Missing",0.989763124117458,4.57146916246457
2019,0,0.198,19200,0,0,"AA",0.0445357085579789,-3.0659060844932
2019,0,0.198,15000,1,0.02,"C",0.0416934705302791,-3.13482316038639
2019,0,0.099,4000,0,0.32,"A",0.000412050172745944,-7.79395330243083
2019,0,0.11,10000,0,0.18,"AA",0.088348763946125,-2.33396529208206
2019,0,0.099,7000,0,0.17,"AA",0.197627591850745,-1.4011884389651
2019,0,0.11,2000,0,0,"AA",1.18508192843341e-05,-11.3431017039651
2019,0,0.22,6000,0,1,"C",0.0979077681098641,-2.22069087370246
2019,0,0.088,1668,0,0.05,"AA",0.00183558712253785,-6.29855361698787
2019,0,0.165,5000,0,0.17,"B",0.318980767880268,-0.758459734558067
2019,1,0.319,7000,0,0,"Missing",0.995511253457362,5.40168293143764
2019,1,0.198,9999,0,0.97,"C",0.713588630522757,0.912877516381521
2019,0,0.319,5500,1,0.72,"C",0.0253063479713841,-3.65106794635697
2019,0,0.121,1000,1,0.97,"Missing",0.000489846489658772,-7.62092853585107
2019,0,0.286,1200,1,0,"Missing",0.0899209402909312,-2.31460063147552
2019,1,0.286,5000,0,0,"Missing",0.136797526086615,-1.84214735905642
2019,1,0.319,10000,1,0.9,"Missing",0.927443009456978,2.54805901774452
2019,0,0.165,14000,0,0.69,"B",0.0346577901040402,-3.32696013713492
2019,1,0.319,7900,1,0.99,"Missing",0.993399766944936,5.01402820828757
2019,1,0.319,5500,0,0.99,"Missing",0.999504571841323,7.60959265131684
2019,0,0.319,20000,0,0.89,"C",0.0809670784472417,-2.42927931181801
2019,1,0.275,2550,0,0,"Missing",0.954831297661609,3.05113025235406
2019,0,0.297,3000,1,0.79,"D",0.146552966481141,-1.76189657327294
2019,1,0.319,4200,0,1,"Missing",0.201483656929374,-1.37704716361279
2019,1,0.319,4000,1,0,"Missing",0.621921291580817,0.497711146590062
2019,0,0.242,15000,0,0.95,"C",0.00685538752075841,-4.97584144281807
2019,1,0.308,5000,0,1.19,"Missing",0.946428607243258,2.87168033126698
2019,1,0.319,7000,1,0.27,"Missing",0.994971201700409,5.28753274479819
2019,0,0.154,2000,0,0.5,"C",0.440615912693082,-0.238662784683457
2019,0,0.308,8000,0,0.92,"D",0.0465550350986787,-3.01944654108215
2019,0,0.319,3005,1,0.76,"Missing",0.29311038284585,-0.880325253879215
2019,0,0.132,6000,0,0.33,"AA",0.0113066703607559,-4.47099135330968
2019,0,0.165,9500,0,0.94,"B",0.0022114804421247,-6.11187917503363
2019,0,0.066,9600,1,0.16,"C",0.0119086313280924,-4.4185117129976
2019,1,0.242,1100,1,0,"Missing",0.911226377981174,2.32870180379977
2019,0,0.165,20000,0,0.75,"B",0.00035747243038272,-7.93609478027563
2019,0,0.154,25000,0,0,"AA",0.0718091065309263,-2.55922611588252
2019,1,0.286,2500,1,0.91,"Missing",0.920136337316439,2.44420088740935
2019,0,0.176,25000,0,0.78,"B",0.000581410047599849,-7.44947270912338
2019,0,0.275,3500,1,0,"D",0.00186584829690932,-6.28217188724983
2019,0,0.143,25000,0,0.1,"AA",0.0201377182302258,-3.88481744753193
2019,0,0.121,1000,0,0.98,"D",0.00241890076559929,-6.02202024006567
2019,1,0.231,4000,0,0,"D",0.153103453972657,-1.71046468289934
2019,0,0.297,15000,1,0.96,"Missing",0.475518822082494,-0.0980030764580899
2019,0,0.165,5000,0,0.7,"C",0.00683140277704837,-4.97937039822833
2019,0,0.275,14000,0,0.8,"D",0.00181781999275473,-6.30829782778277
2019,1,0.319,3000,0,0.79,"Missing",0.967803553967212,3.40317305175852
2019,1,0.253,2600,0,0.5,"Missing",0.928428217922497,2.56279217685755
2019,1,0.275,7900,0,0.68,"C",0.994795742545165,5.25306040029487
2019,0,0.088,1000,0,0.31,"AA",0.000164652979004452,-8.71150578981836
2019,0,0.176,8500,0,0.56,"C",9.02469835351187e-06,-11.6155364529984
2019,0,0.121,6000,0,0.4,"AA",0.00429597656492818,-5.44577114609595
2019,1,0.319,4500,1,1.32,"Missing",0.999581876520426,7.77931555246694
2019,0,0.132,4700,0,0.09,"B",9.5590166441981e-05,-9.25534500994761
2019,0,0.165,3500,1,0.89,"C",0.00616058425244954,-5.08340402080681
2019,1,0.319,4500,1,1.52,"Missing",0.998041023287697,6.23337212961692
2019,0,0.198,14000,0,0.91,"C",0.0215222720830737,-3.81690971533386
2019,0,0.154,3000,0,0.95,"C",7.3585298939704e-05,-9.51699170684126
2019,0,0.165,25000,0,0.04,"A",0.0201252959223662,-3.88544718309525
2019,1,0.319,2000,0,0.98,"Missing",0.768303928861403,1.19875892094752
2019,0,0.165,25000,0,0.01,"A",2.9039557357935e-05,-10.4468225706402
2019,0,0.308,5000,0,0.95,"C",0.00772135599498876,-4.85601396334461
2019,0,0.165,10000,0,0.49,"A",0.00122454772108393,-6.70395841234537
2019,0,0.253,4400,1,0,"Missing",0.321621175851262,-0.746331489141363
2019,0,0.22,6000,0,0.02,"C",0.0282749583100886,-3.53709633796597
2019,0,0.11,1000,0,0.28,"A",0.000395728688616219,-7.83438590426559
2019,1,0.22,1300,0,0,"Missing",0.955441374560439,3.06536765828998
2019,0,0.187,25000,0,0.89,"B",2.92138954368521e-05,-10.4408368764336
2019,0,0.187,4000,0,0.78,"C",0.352811149185248,-0.606705213163149
2019,1,0.264,12000,0,0.9,"D",0.998215913715454,6.32706320055511
2019,0,0.275,9000,0,0.56,"B",1.21213983882242e-05,-11.3205260839405
2019,0,0.297,6000,0,0.85,"Missing",0.30658339494125,-0.81614117399879
2019,0,0.253,5000,0,0,"D",0.13651568833679,-1.84453618821941
2019,0,0.165,16000,0,0.77,"B",5.51432571912296e-05,-9.80552093804021
2019,1,0.319,3999,0,0.94,"Missing",0.996333408810197,5.60481955005136
2019,0,0.209,1500,0,0.86,"D",0.0108605220213513,-4.51170096936503
2019,0,0.22,25000,0,0.08,"B",0.0135629851351137,-4.2867550753619
2019,1,0.253,4000,0,1.01,"Missing",0.207946926503504,-1.33734551545839
2019,1,0.088,1000,0,0.01,"AA",0.668743621502986,0.702508127270189
2019,1,0.275,1500,1,0,"Missing",0.5958494744106,0.388200678792999
2019,0,0.253,6001,0,0.61,"D",0.0194310520243584,-3.9212605561092
2019,0,0.286,2200,0,0.97,"Missing",0.0701113837225101,-2.58497963805693
2019,0,0.154,3500,0,0.94,"C",0.0010935859221901,-6.81719896121972
2019,0,0.121,2400,0,0.25,"B",0.00288740275141992,-5.84450630352297
2019,1,0.253,4000,0,1.01,"Missing",0.996683406904179,5.70549509370869
2019,0,0.319,5000,0,0.93,"Missing",0.0129447156486375,-4.33403840353194
2019,0,0.198,4000,0,0.19,"D",0.0911702513367139,-2.29942912905077
2019,0,0.319,7000,1,0.91,"D",0.0832102458061775,-2.39950768332638
2019,0,0.187,4000,0,0.73,"B",0.000993791277863038,-6.91298906997033
2019,1,0.319,3900,0,0,"Missing",0.95515632799729,3.0586925352422
2019,1,0.319,5000,0,0.89,"Missing",0.999320100933712,7.29288607243855
2019,0,0.11,7000,0,0.17,"AA",0.064044842782425,-2.68198405989283
2019,0,0.077,1500,0,0.01,"AA",0.00266226240586828,-5.92591317663231
2019,0,0.286,25000,0,0.92,"C",0.00159915807322172,-6.43667755437555
2019,0,0.066,1000,0,0.04,"AA",0.0190643584537578,-3.94068631019382
2019,0,0.121,4999,0,0.28,"A",0.00158639187057953,-6.44470545369486
2019,0,0.22,2000,1,0.98,"C",0.00346562851264481,-5.66138962614453
2019,1,0.319,1500,1,0.94,"Missing",0.975626695233365,3.68959156242541
2019,0,0.143,10000,0,0.51,"A",0.00517691064335427,-5.25835644425203
2019,0,0.275,4500,1,0.93,"Missing",0.128860756566929,-1.91106941531907
2019,0,0.275,7000,0,1.02,"C",0.00903234901377113,-4.69786942298303
2019,0,0.319,5000,1,0.75,"D",0.0296125132224622,-3.4894984466338
2019,0,0.198,8000,0,0.23,"C",0.00154202318366614,-6.47311675582602
2019,0,0.176,5000,0,0.35,"B",0.000570180504572663,-7.46898722945835
2019,1,0.22,4600,0,0.91,"Missing",0.988417483630317,4.4466084111593
2019,0,0.165,12000,0,0.94,"B",7.29513082365613e-06,-11.828296147661
2019,1,0.297,3500,1,1.09,"Missing",0.985234264812865,4.20057013867639
2019,1,0.319,9000,1,0.95,"D",0.401126628900759,-0.400773015012525
2019,0,0.143,25000,0,0.27,"AA",0.00232393375167569,-6.0621673082858
2019,0,0.319,15000,0,0.97,"D",0.0870617874157023,-2.35005013638853
2019,0,0.275,6500,0,0.64,"D",0.00364148876437452,-5.6117145446253
2019,0,0.154,5000,0,0.34,"B",0.0364613960737674,-3.27435849432364
2019,1,0.22,9000,0,0.88,"D",0.966938457234341,3.37576409351188
2019,0,0.176,5000,0,0.89,"C",0.000263326351582809,-8.24185305347141
2019,0,0.22,24900,0,0.87,"C",0.0405063593658328,-3.16494670446989
2019,0,0.099,9000,0,0.37,"AA",3.23833575247851e-05,-10.3378335398933
2019,0,0.209,10000,1,0.88,"D",0.464693304701986,-0.141462216681816
2019,0,0.132,10000,0,0.12,"AA",4.62447662525581e-05,-9.98151601668043
2019,0,0.209,3725,0,0.78,"D",0.143641890231149,-1.78536531241517
2019,0,0.22,3000,0,0.39,"D",0.990336619101488,4.6297013281432
2019,1,0.198,3002,1,0.8,"D",0.753971436723458,1.11990684488851
2019,1,0.297,5000,0,0.96,"Missing",0.951514818212908,2.97679703904747
2019,0,0.088,1000,0,0.33,"A",0.0866683243246663,-2.35501062677077
2019,0,0.11,7000,0,0.51,"AA",7.1428299022574e-05,-9.54674499143849
2019,1,0.209,6000,1,0.61,"D",0.394527469161847,-0.428320427700013
2019,1,0.319,4000,0,1,"Missing",0.994250372017554,5.15285390424551
2019,0,0.165,2000,0,0.62,"C",0.0989509509937856,-2.2089354116811
2019,0,0.231,4000,1,0.91,"D",0.0641484838013346,-2.68025637178039
2019,0,0.165,25000,0,0.09,"C",0.0238847125854105,-3.71034208828599
2019,0,0.11,1000,0,0.24,"A",0.00589989009244298,-5.12690419343929
2019,1,0.319,12000,1,0.97,"D",0.478154669826969,-0.0874369844303468
2019,1,0.187,1500,0,0.77,"Missing",0.31545829658712,-0.774723076968217
2019,0,0.165,3500,0,0.9,"C",0.45598238221389,-0.176527458695609
2019,0,0.11,1500,1,0.79,"A",0.00485633002927343,-5.32260410402296
2019,0,0.187,10000,0,0.79,"A",0.00118386663292003,-6.73778482202306
2019,0,0.176,20000,1,0.32,"A",0.00137534300777674,-6.58767582911231
2019,0,0.22,6000,0,0.85,"Missing",0.67324089365642,0.722879984085174
2019,0,0.121,1500,0,0.39,"B",4.85402144225506e-05,-9.93306939884277
2019,1,0.275,2500,0,1.01,"D",0.913040870981211,2.35134241830083
2019,0,0.253,6001,0,1.2,"Missing",0.642229583063159,0.585054358569976
2019,0,0.121,1550,0,0.95,"D",0.0432881465802574,-3.09562340601142
2019,0,0.209,9750,0,0.78,"B",0.45769805208262,-0.169613254027773
2019,1,0.319,6000,0,0,"Missing",0.708796245017551,0.889544890518665
2019,1,0.319,20000,0,0.03,"D",0.593172137009108,0.377094483584926
2019,0,0.165,1250,0,0.74,"C",0.0114210419957364,-4.460811072881
2019,0,0.165,10500,0,0.84,"C",0.000229388019680483,-8.37986616488339
2019,0,0.198,12000,0,0.54,"B",0.000290536378172457,-8.14349118485342
2019,1,0.286,6000,1,0,"Missing",0.916461709212798,2.39521518799639
2019,1,0.187,1200,0,0.94,"D",0.372113780794131,-0.523159300588094
2019,0,0.264,3500,0,0,"C",0.0562103414142378,-2.82080257112164
2019,0,0.187,2000,1,0.97,"Missing",0.554402452070732,0.218474685046718
2019,0,0.154,8000,0,0.76,"AA",2.34575741308404e-05,-10.6602936667188
2019,0,0.077,1000,0,0,"AA",0.0143919818262547,-4.2265874941883
2019,0,0.11,6000,0,0.02,"AA",2.10040879829278e-05,-10.7707724690235
2019,0,0.198,5500,0,1.02,"C",0.00190490279314978,-6.26141757949552
2019,0,0.231,3000,0,0.04,"C",0.0161051360860692,-4.11238081305379
2019,0,0.143,5000,1,0.16,"A",3.60446004104414e-05,-10.2307174407718
2019,0,0.198,10000,0,0.66,"B",0.00114683193498195,-6.76960448725592
2019,0,0.187,10000,1,0.6,"A",0.0246328892637223,-3.67873141202219
2019,0,0.176,4000,0,0.8,"C",0.000104103149330614,-9.17002422129675
2019,1,0.264,3000,0,0.56,"Missing",0.744662223563397,1.0703434422678
2019,0,0.165,12000,0,0.94,"B",0.00482689662314517,-5.32871295519868
2019,1,0.319,4531,0,0,"Missing",0.994719409670264,5.23842280071489
2019,1,0.22,2000,0,0.84,"Missing",0.998998208537245,6.9049631253916
2019,0,0.187,2400,0,0.86,"D",0.000446189095651235,-7.71432142585046
2019,0,0.319,3000,0,0,"Missing",0.0690577546203994,-2.60125406234229
2019,1,0.187,4000,0,0.78,"C",0.755406505705598,1.12765839693234
2019,0,0.275,9500,0,0.64,"D",0.151051427026868,-1.72637825566018
2019,0,0.231,1000,0,0.42,"D",0.145898012023844,-1.76714278068951
2019,0,0.121,4000,0,0.11,"AA",3.18866979924706e-05,-10.3532897387636
2019,0,0.143,6000,0,0,"B",0.000434878886331685,-7.74000801439469
2019,1,0.121,1000,1,0.97,"Missing",0.993933927698161,5.09895940492793
2019,1,0.165,4500,1,0.49,"C",0.89629183722488,2.15668524370782
2019,0,0.231,7500,1,1.02,"C",0.0207672308175088,-3.85339307352953
2019,0,0.319,5000,0,0,"Missing",0.00600002476716147,-5.10997358466013
2019,0,0.121,3000,0,0.89,"B",0.0950646109174308,-2.25330677252485
2019,0,0.297,7000,0,0,"D",0.339114195876933,-0.667244150982227
2019,0,0.22,15000,0,0.59,"A",7.58505737725253e-05,-9.48666943417921
2019,1,0.319,3000,0,0.61,"Missing",0.998699280827332,6.64353639189234
2019,0,0.165,10000,0,0.16,"A",9.06765663542765e-05,-9.30812091788822
2019,0,0.319,10000,0,0.04,"B",0.000693257646204517,-7.27341534596355
2019,1,0.143,25000,0,0.27,"AA",0.347220255815075,-0.631280452474337
2019,0,0.319,3000,0,0.29,"Missing",0.884465433667344,2.0354136719588
2019,0,0.319,4000,0,1,"Missing",0.161628878306958,-1.64615803591187
2019,0,0.308,12000,0,0,"Missing",0.211436601125776,-1.31628761229767
2019,0,0.099,5000,0,0,"AA",0.00306082770493825,-5.7860043861656
2019,0,0.319,3600,1,0.69,"D",0.0457254821944407,-3.03829564481496
2019,0,0.121,10121,0,0,"AA",0.000512870389876877,-7.57497439407447
2019,0,0.165,15000,1,0.72,"C",0.0790455927029181,-2.45538572273488
2019,1,0.319,5000,0,0.82,"Missing",0.833380250895415,1.60977575692631
2019,0,0.143,10000,0,0.15,"A",0.000273044599935645,-8.20560232451166
2019,0,0.264,4500,0,0.6,"D",0.0148945746627808,-4.19175163619093
2019,0,0.154,8000,0,0.76,"AA",0.00013195570193909,-8.93291231866296
2019,0,0.11,5000,0,0.43,"A",0.00162324677974747,-6.42170238473569
2019,0,0.143,9900,0,0.86,"B",0.0991368683244488,-2.20685193526131
2019,0,0.11,1000,0,0.2,"A",0.0333156801698317,-3.36784382690297
2019,0,0.165,14700,0,0.37,"AA",0.0975569611688629,-2.2246691488147
2019,0,0.275,15000,0,0.79,"D",0.0889736397738549,-2.32623168878032
2019,0,0.099,7000,0,0.17,"AA",0.000196880018499823,-8.5327191585146
2019,1,0.319,1750,1,0.98,"Missing",0.359234306738207,-0.578689016360188
2019,0,0.187,1000,0,0.72,"C",0.012451232180851,-4.37340629232624
2019,1,0.308,1250,0,0,"Missing",0.902598740900741,2.22643895476062
2019,1,0.319,3000,1,0.59,"D",0.905439076448331,2.25917567294806
2019,0,0.319,2500,0,0.08,"Missing",0.22179475362544,-1.25523788119758
2019,1,0.165,19500,0,0.59,"AA",0.649112545277645,0.615140584807888
2019,1,0.242,8500,0,0.93,"D",0.527032047170596,0.108233724069645
2019,0,0.22,1300,0,0,"Missing",0.00152206402536062,-6.48616473028889
2019,0,0.154,2000,0,0,"C",0.369141876600584,-0.535899933626138
2019,0,0.22,4500,0,0.39,"D",0.047049209570006,-3.00836919973326
2019,0,0.275,25000,0,0.18,"A",0.00248801526885379,-5.99377885160269
2019,1,0.253,1400,0,0,"Missing",0.985114175665407,4.19234817568014
2019,0,0.165,9999,0,0.54,"C",1.198095434534e-05,-11.3321803258761
2019,0,0.275,6000,0,1.02,"D",0.055440815839052,-2.83540227638959
2019,0,0.209,16000,0,0,"A",0.000192942475254972,-8.55292550806948
2019,1,0.264,2550,1,0.93,"Missing",0.175311117315646,-1.54844399459602
2019,0,0.209,7500,0,0.57,"C",9.07688657260738e-05,-9.30710344665062
2019,0,0.264,5700,0,0.1,"A",3.51986183102869e-07,-14.8596735626811
2019,1,0.209,4000,0,0.9,"D",0.443997318721359,-0.224954593184421
2019,0,0.11,5000,1,0.06,"AA",0.00338615782719655,-5.68466748082875
2019,0,0.132,8000,1,0.91,"A",0.00535686203449852,-5.22400565519522
2019,0,0.143,19000,0,0.08,"AA",0.000218012495135552,-8.43074014341888
2019,1,0.319,2501,1,0,"Missing",0.983819004017007,4.1076044749632
2019,0,0.231,8000,0,0.76,"D",0.354000454712257,-0.60150060226256
2019,0,0.143,16000,0,0.34,"A",0.0751839369723088,-2.50965726291056
2019,1,0.319,5000,0,1,"D",0.997205554693974,5.87732329439572
2019,0,0.22,5128,0,0,"Missing",0.657590967901453,0.652577085992441
2019,0,0.198,10000,0,0.97,"C",7.20292106370404e-05,-9.53836678612645
2019,0,0.154,6000,0,0.03,"AA",0.000844371180053498,-7.07607364539075
2019,0,0.176,8500,0,0.56,"C",0.00157221765751748,-6.45369468069043
2019,0,0.143,5000,0,0.69,"A",0.000383754489042048,-7.86512373316021
2019,0,0.22,18000,0,0.71,"B",0.00723548082999091,-4.9214966783528
2019,0,0.099,2500,0,0.04,"A",0.00148226212848247,-6.51270253116351
2019,0,0.165,15000,0,0.05,"AA",0.000133883700006199,-8.91840515260393
2019,0,0.22,5000,0,0.87,"D",0.0078047413776166,-4.84518850326116
2019,0,0.242,5000,0,0.55,"C",0.00738475612932926,-4.90092522754703
2019,1,0.319,3000,0,0,"Missing",0.960361972787398,3.18752132775133
2019,0,0.22,5500,0,0.95,"Missing",0.00593450984657714,-5.12101865223017
2019,0,0.11,4500,0,0.04,"AA",4.55994322697971e-06,-12.2981958247856
2019,0,0.121,5000,0,0.46,"A",1.13820556091966e-05,-11.3834611299609
2019,1,0.319,4669,1,0,"Missing",0.997739023335453,6.08969487006306
2019,0,0.099,3000,0,0.71,"AA",3.50219989624115e-05,-10.2594991295291
2019,0,0.22,3000,0,0.76,"C",0.000671730138879656,-7.30498192129306
2019,0,0.11,6500,0,0.67,"A",0.00420733665529972,-5.46670924252233
2019,0,0.187,10000,0,0.79,"A",0.00782456698638671,-4.84263154175304
2019,0,0.319,3500,0,0.71,"Missing",0.563556924319056,0.255610391613176
2019,0,0.319,4500,0,0.45,"Missing",0.0978499702348248,-2.22134544669774
2019,0,0.308,5000,0,0.56,"Missing",0.854100741348951,1.76713277663718
2019,0,0.154,2400,1,0.22,"B",0.0026247905000853,-5.9401259543124
2019,0,0.319,20000,0,0.61,"D",0.000564306354988026,-7.47934880569786
2019,1,0.187,1800,0,0.96,"Missing",0.978846416205629,3.83456541430629
2019,0,0.319,3000,0,0.98,"Missing",0.626522641241982,0.517327529322395
2019,0,0.143,20000,0,0.46,"A",0.00411868724652367,-5.48809360347815
2019,0,0.165,3000,1,0.99,"C",0.607240423540149,0.435727137616555
2019,1,0.308,5000,0,1.19,"Missing",0.999564672168058,7.73897575145533
2019,0,0.253,2000,0,0.9,"Missing",0.259371691451913,-1.04923675649588
2019,1,0.253,1500,0,0.84,"Missing",0.931204025597121,2.60533316834742
2019,0,0.143,10000,0,0.15,"A",3.8332726365059e-05,-10.1691682188884
2019,0,0.319,5500,0,0.41,"D",0.00983241520677092,-4.61218960485615
2019,0,0.275,15000,0,0.9,"D",0.146536052633973,-1.76203180916621
2019,0,0.088,4000,0,0.13,"AA",9.65998724047027e-07,-13.8501023575979
2019,1,0.319,6000,0,1.02,"Missing",0.878478107670281,1.9780965568586
2019,1,0.275,16000,1,0.67,"D",0.955783422602441,3.07343156897937
2019,0,0.308,25000,1,0.75,"C",0.0458273808208952,-3.03596285061027
2019,1,0.264,1500,0,0.96,"Missing",0.962680039661281,3.25019278961973
2019,0,0.11,4000,0,0.51,"AA",5.42182240008815e-07,-14.4276631136605
2019,0,0.143,19000,0,0.08,"AA",0.00105861939081592,-6.84973050116868
2019,1,0.319,6000,0,0,"Missing",0.440064463298435,-0.240900440392688
2019,1,0.319,1550,0,0,"Missing",0.999648628883644,7.9533161486406
2019,1,0.319,2700,0,0,"Missing",0.926701285861504,2.53708820987226
2019,1,0.286,7300,0,0,"C",0.98629965544981,4.27653923645703
2019,1,0.22,21000,0,0.34,"AA",0.196865362144385,-1.40600231426002
2019,1,0.264,2600,0,0.96,"Missing",0.924333924403148,2.5027434791153
2019,0,0.121,25000,1,0.09,"AA",0.00125210198875797,-6.68167866242926
2019,0,0.253,9600,0,0.94,"D",0.00934136658504787,-4.66391745134823
2019,0,0.198,2800,0,0.38,"C",0.0192882228788447,-3.92878391509553
2019,1,0.286,3672,0,0.94,"Missing",0.991136279652095,4.71688546187447
2019,0,0.297,2000,1,0,"Missing",0.203831792376766,-1.36251537308437
2019,0,0.121,6100,0,0.76,"B",0.00227518429509511,-6.08341644456785
2019,0,0.187,8000,0,0.8,"C",0.0012487421516709,-6.68436899048965
2019,0,0.165,20000,1,0.79,"B",0.00813785108293696,-4.80305798440691
2019,0,0.165,8500,0,0.55,"AA",0.00110322499426992,-6.80841374159216
2019,0,0.264,15000,1,0.81,"D",0.154451080289304,-1.7001086118101
2019,1,0.198,5000,0,0.5,"D",0.775738321982772,1.24100167390601
2019,1,0.319,5200,0,0,"Missing",0.999984465064169,11.0724036106536
2019,0,0.198,14000,0,0.28,"C",0.21417109991394,-1.29996385648935
2019,0,0.297,10000,1,0.79,"D",0.314097637539729,-0.781031403668238
2019,0,0.165,25000,0,0.9,"B",0.011217933450038,-4.47896025131732
2019,0,0.143,10800,1,0.68,"A",0.00101600638480961,-6.89085912271501
2019,0,0.275,7000,0,1.02,"C",0.0114827304105335,-4.45536190970766
2019,1,0.319,2500,0,0.83,"D",0.516425788728742,0.0657268064195038
2019,0,0.055,1000,0,0.42,"D",0.00205580909037073,-6.18502786541201
2019,0,0.198,25000,0,0,"A",1.08326681524834e-05,-11.4329333277642
2019,1,0.319,2000,1,0,"Missing",0.994577560730794,5.21177232104848
2019,0,0.099,2000,0,0,"AA",6.45920260482608e-06,-11.9499982243506
2019,0,0.253,25000,0,0.67,"D",0.0893522177719372,-2.32157013239727
2019,0,0.165,16000,0,0.77,"B",0.000292853342872622,-8.13554571429543
2019,0,0.121,25000,1,0.09,"AA",1.6546324803437e-05,-11.0093300005975
2019,0,0.198,5000,0,0.5,"D",0.000717296887880621,-7.23930317923091
2019,1,0.253,6001,0,0.61,"D",0.929425364537353,2.57789569870329
2019,0,0.143,9500,0,0.27,"A",0.00128746389417114,-6.65379267579397
2019,0,0.275,4000,1,0.99,"Missing",0.0941824494593519,-2.26360405391695
2019,0,0.165,3000,0,0,"C",0.0364412639637822,-3.27493168916008
2019,0,0.319,15000,0,0,"AA",0.217032435443663,-1.28304445609471
2019,0,0.165,19300,0,0.39,"A",0.011931727100107,-4.41655080235644
2019,0,0.187,2550,0,0.25,"C",0.00170740859687304,-6.37106963045372
2019,0,0.319,4500,0,0.94,"Missing",0.370350925223445,-0.530711637328905
2019,1,0.209,1500,0,0.86,"D",0.442439556179576,-0.231267057952623
2019,0,0.275,4449,0,0.94,"D",0.000372750683767032,-7.89422794976347
2019,0,0.198,19200,0,0,"AA",0.186444856304267,-1.47327819138694
2019,0,0.11,7500,0,0,"AA",0.00953228499450251,-4.64349281346436
2019,0,0.253,25000,0,0,"B",0.000595195668642896,-7.42602497874964
2019,1,0.319,3600,1,0,"Missing",0.997249555734836,5.89323859569606
2019,1,0.319,4000,0,1,"Missing",0.688642094580329,0.793778607930283
2019,0,0.143,4000,0,0.01,"A",1.98708780605202e-05,-10.8262354410387
2019,0,0.275,7000,0,0.96,"D",0.0678579490694081,-2.62006868230156
2019,0,0.121,1000,1,0.97,"C",0.354700113678021,-0.598442466508581
2019,1,0.319,3001,0,0,"Missing",0.99721789227768,5.88176048007459
2019,0,0.11,5000,0,0.43,"A",0.00371719373710707,-5.59106214745361
2019,0,0.264,25000,1,0.46,"C",0.0227657547214342,-3.75946896211107
2019,1,0.143,5000,0,0.69,"A",0.837764830927354,1.64169048621264
2019,0,0.264,11520,0,0.6,"D",0.641437028602681,0.581606719450183
2019,0,0.143,2550,0,0.53,"B",2.22151127586218e-07,-15.3199077096386
2019,0,0.121,5000,0,0.12,"A",0.000199806241257421,-8.51796262850789
2019,0,0.11,2750,0,0.37,"AA",0.000123005208316603,-9.00316084667684
2019,0,0.088,1000,0,0.78,"A",0.000572793907527032,-7.46441162065835
2019,0,0.088,3001,0,0.14,"AA",9.77604338780171e-06,-11.535565941258
2019,0,0.077,6500,0,0.75,"Missing",0.216059410004479,-1.28877982322927
2019,0,0.121,3000,0,0.27,"B",0.0117954424185889,-4.42817649725347
2019,0,0.22,2000,0,0,"D",0.018578025046683,-3.96702308168419
2019,0,0.319,20000,0,1.05,"C",0.212584946828656,-1.30941383762501
2019,0,0.11,3000,0,0,"A",0.000642824125294925,-7.34899636240721
2019,0,0.319,10500,0,0.99,"Missing",0.249522953379589,-1.10115815801566
2019,1,0.319,3001,0,0,"Missing",0.999598354431494,7.81953880237969
2019,1,0.319,3000,1,0,"Missing",0.997512487175793,5.99398132166009
2019,0,0.154,4500,0,0,"AA",0.126461833722873,-1.93261126918173
2019,0,0.253,13100,0,0.71,"D",0.520542883833504,0.0822178185076359
2019,0,0.275,4500,0,0.87,"D",0.000475447389459155,-7.65077876421726
2019,1,0.319,3000,0,0,"Missing",0.998916283283824,6.8262744376966
2019,0,0.275,9000,0,0.78,"D",0.0537820190028593,-2.86753377436909
2019,0,0.286,6000,1,1.06,"Missing",0.091759601313855,-2.29233697188966
2019,1,0.264,1000,1,0.18,"C",0.578146183333521,0.315167901017186
2019,1,0.286,1000,1,0,"Missing",0.577157387304592,0.311114961802337
2019,1,0.154,2000,0,0,"C",0.816203789481874,1.49083647350724
2019,0,0.187,3000,0,0.53,"C",4.40718721382522e-05,-10.0296447261561
2019,0,0.253,6000,0,0,"C",2.05017978153227e-06,-13.0975810201689
2019,0,0.099,1000,0,0.18,"AA",0.00329055466897802,-5.71340315557061
2019,0,0.22,12200,0,0.35,"C",0.000247634911994319,-8.30330735992248
2019,0,0.187,15000,0,0.96,"B",0.0250032228486338,-3.66342943500174
2019,1,0.264,1000,0,0.81,"Missing",0.955500693038039,3.06676187383219
2019,0,0.231,5000,0,0.26,"D",0.0571236557330375,-2.80371682697158
2019,0,0.176,8000,0,0.8,"C",0.0147939855522863,-4.19863005445407
2019,1,0.319,2875,1,1,"Missing",0.998489727952349,6.49395406671743
2019,0,0.22,8000,0,0.92,"D",0.00111058228272309,-6.80175962273536
2019,0,0.077,1000,0,0.09,"AA",0.000257825212540366,-8.26297081494828
2019,1,0.319,2000,1,0.83,"Missing",0.996903229069695,5.77429376990793
2019,1,0.319,2550,1,0.76,"Missing",0.992244342169783,4.85154677000367
2019,0,0.275,2500,0,0.66,"D",6.84607016444863e-05,-9.58918221289957
2019,1,0.253,1500,1,1.11,"Missing",0.994606402097825,5.21713440656622
2019,0,0.22,5000,0,0.22,"D",0.051788854727385,-2.90740223812357
2019,0,0.275,9000,0,0.97,"D",0.0296486954911831,-3.48824004797541
2019,0,0.198,2500,0,0.82,"D",0.00260565203870746,-5.94746327967205
2019,0,0.319,3500,1,1,"Missing",0.0257451209828834,-3.63342781941474
2019,0,0.143,4250,1,0.99,"B",0.023026604867595,-3.7478091396849
2019,0,0.187,20000,0,0.56,"B",0.0426071891126624,-3.11219077038392
2019,1,0.319,5000,0,0.32,"Missing",0.971220770198605,3.5188998666858
2019,1,0.253,6500,0,0.71,"Missing",0.985744459306621,4.23625150022079
2019,0,0.099,5000,0,0.17,"AA",2.46566058120926e-05,-10.6104410522038
2019,0,0.297,25000,1,0,"C",0.0947927340816542,-2.256471178977
2019,0,0.308,12000,0,0,"Missing",0.385245337667553,-0.467342893147792
2019,0,0.121,1527,0,0.03,"AA",0.0106390455466773,-4.53252845852108
2019,1,0.22,7000,0,0.86,"D",0.113774963294748,-2.05274841883126
2019,0,0.275,7000,0,0.14,"D",0.0112372326391692,-4.47722182395424
2019,0,0.121,3000,0,0.27,"B",2.81887956319777e-05,-10.476557787794
2019,0,0.275,10000,1,0,"A",0.0948147243072558,-2.25621493037218
2019,0,0.286,7000,0,0.58,"D",0.0242794641892136,-3.69354531119336
2019,1,0.286,2500,0,0.65,"Missing",0.115725497534629,-2.03354655139419
2019,0,0.187,4000,0,0.75,"B",0.00292016168577402,-5.83319185871795
2019,1,0.253,4400,1,0,"Missing",0.561519590676764,0.247331529223801
2019,0,0.264,17500,0,0.15,"D",0.464120594899469,-0.143764724014608
2019,0,0.209,19250,0,0.88,"B",0.00123605312623612,-6.6945951208087
2019,0,0.275,6000,0,0.11,"D",0.0130699116266148,-4.32428643840742
2019,1,0.319,3001,1,0,"Missing",0.984090484834231,4.1248004806247
2019,0,0.22,13500,0,0.31,"C",1.79601989892894e-05,-10.9273344552095
2019,0,0.242,15000,0,0.04,"D",0.0800962646993375,-2.44103980900576
2019,0,0.121,6001,0,0.28,"A",0.000611019482730239,-7.39977050644097
2019,0,0.264,3000,0,0,"Missing",0.0438872484146077,-3.0812520381145
2019,1,0.231,15000,0,0.82,"C",0.268479479916783,-1.00235078599109
2019,0,0.088,2000,0,0.15,"AA",2.78355217132356e-06,-12.7917799028767
2019,0,0.198,7500,0,0.58,"C",0.000623278192842363,-7.37989412886589
2019,0,0.253,15000,0,0.18,"D",0.266162669881746,-1.01417972018506
2019,0,0.231,13500,0,0.84,"D",0.004800386801645,-5.33424683497439
2019,1,0.242,4000,0,0.47,"B",0.355576084882973,-0.594617514319852
2019,1,0.319,7000,0,0,"Missing",0.0723038747312845,-2.55182650780402
2019,0,0.198,2500,0,0.82,"D",0.00473578595632033,-5.3478605421344
2019,1,0.319,5000,0,1.08,"Missing",0.982991269464017,4.05687346541679
2019,0,0.121,7500,0,0,"AA",0.00193598201347231,-6.24520272228386
2019,1,0.22,2000,0,0.01,"D",0.718107483588531,0.935093405629885
2019,0,0.11,3000,0,0.04,"AA",9.60832392939878e-05,-9.25019957835504
2019,0,0.154,2100,0,0.92,"C",0.0464949350752371,-3.02080135340827
2019,0,0.165,15000,0,0.65,"B",4.37787300185233e-07,-14.6415322227477
2019,0,0.22,9000,1,1.01,"D",0.000423970450198089,-7.76542273773894
2019,0,0.187,2000,1,0.97,"Missing",0.519576580589292,0.0783463729498926
2019,1,0.319,2000,1,0,"Missing",0.999848584895677,8.79533403101353
2019,1,0.319,3000,1,0.95,"Missing",0.992419905762609,4.87462067787098
2019,0,0.286,2550,0,0.88,"Missing",0.191688608227514,-1.43907514685014
2019,0,0.165,3000,0,0.05,"AA",0.00752054366790466,-4.88256788182498
2019,0,0.231,1500,0,0.01,"C",0.0702805482250856,-2.58238781200611
2019,1,0.308,4000,0,0,"Missing",0.99636653981842,5.61392978943178
2019,1,0.319,3025,1,0,"Missing",0.318303321812474,-0.761580035181229
2019,0,0.187,2550,0,0.25,"C",0.00025826240433456,-8.261276123085
2019,0,0.176,10000,0,0.35,"AA",2.157696223945e-05,-10.7438627982506
2019,0,0.187,4000,0,0.75,"B",0.00128735166658493,-6.65387996146749
2019,0,0.209,24000,1,0.18,"B",6.41802376593299e-05,-9.65375103697981
2019,0,0.143,10000,0,0.12,"AA",0.000219213574011241,-8.42524484196912
2019,0,0.198,2550,0,0.28,"D",0.158390496147631,-1.67025265600761
2019,1,0.22,2500,0,0,"Missing",0.998935573665886,6.84425428512239
2019,0,0.11,6000,0,0.02,"AA",0.0394442937444116,-3.19262258610188
2019,0,0.132,9000,0,0.43,"B",0.00167014801100542,-6.39317148287321
2019,0,0.253,3500,1,0.95,"D",0.120780085841468,-1.98506363354435
2019,1,0.319,3000,0,0.65,"Missing",0.961986952310137,3.23107142643527
2019,1,0.319,2800,0,0.97,"Missing",0.890494925220482,2.0958065107145
2019,0,0.253,6001,0,0.81,"D",0.00967032441985351,-4.62897603532279
2019,0,0.264,10000,1,0.03,"A",0.000345803231438625,-7.96929477690396
2019,0,0.242,3600,0,0.57,"D",0.00607084775207245,-5.09816767077747
2019,0,0.165,12000,1,0.53,"B",0.00175248607629468,-6.34496586066359
2019,0,0.22,5000,1,0.43,"D",0.00108635612968787,-6.82383923669539
2019,0,0.165,7500,0,0.98,"C",4.13609713760369e-06,-12.3957537990473
2019,0,0.275,10000,0,0.93,"B",0.00924340345983687,-4.6745587325339
2019,0,0.132,2500,0,0,"C",0.12958054225063,-1.90467259511136
2019,0,0.22,8000,0,0.91,"D",0.0033938834891833,-5.68238078545049
2019,1,0.319,2550,0,0.95,"Missing",0.742215683588936,1.05751662722961
2019,1,0.319,2550,0,1,"Missing",0.952291143803604,2.99375376620461
2019,0,0.22,5000,0,0.43,"D",0.00383783017018545,-5.55900291839933
2019,0,0.319,3000,0,0.92,"Missing",0.106317115063458,-2.1289247178415
2019,0,0.121,11000,1,0.43,"AA",0.0026392715281604,-5.93460957565863
2019,0,0.242,4000,0,0.47,"B",0.00242242261179955,-6.02056179887876
2019,0,0.132,1800,0,0.39,"B",8.17774947761627e-05,-9.41142669635644
2019,1,0.319,6500,0,0.95,"Missing",0.993455450271335,5.02255661902628
2019,1,0.264,2800,0,0,"Missing",0.985046741993602,4.18775989090334
2019,0,0.275,6500,0,0.64,"D",0.000537133228082341,-7.52872711970297
2019,0,0.077,1100,1,0.18,"A",0.00413028763614474,-5.48526938804502
2019,0,0.11,2100,0,0,"AA",1.27285174666062e-05,-11.2716528833894
2019,1,0.319,4500,0,0.91,"Missing",0.995062147508511,5.30587467665522
2019,0,0.165,15000,1,0.72,"C",6.87117584582379e-05,-9.58552150266502
2019,0,0.121,10121,0,0,"AA",5.64860859133028e-06,-12.0840956615313
2019,0,0.319,6000,0,0,"Missing",0.569323242628543,0.279090535973952
2019,0,0.154,2400,0,0.94,"B",0.021147566101631,-3.8348560787738
2019,0,0.154,5000,0,0.34,"B",0.00747301330724112,-4.88895589715818
2019,0,0.187,10000,0,0.62,"B",0.000344570703179338,-7.97286662429435
2019,0,0.275,8000,1,0.48,"D",0.00128452799398112,-6.65607859426523
2019,0,0.22,2550,0,0,"AA",0.00239393207139606,-6.03242124466206
2019,1,0.231,4000,0,0,"D",0.477340349877949,-0.0907007294313305
2019,0,0.143,9000,0,0.86,"B",4.13794257787976e-05,-10.0926853822423
2019,0,0.253,6300,0,0.76,"D",0.0040845922679454,-5.4964404106598
2019,0,0.319,25000,0,0.52,"D",0.150978977469568,-1.72694334245794
2019,1,0.319,2550,0,0.95,"Missing",0.999399234507974,7.41670494984701
2019,0,0.231,3000,0,0.04,"C",0.00525051267002763,-5.24416521066138
2019,0,0.22,9000,0,0,"C",2.91363135890959e-05,-10.4434961353563
2019,0,0.143,6000,0,0,"B",0.00159086510767091,-6.44188518596282
2019,1,0.319,3000,0,0,"Missing",0.779686194893528,1.26383860761791
2019,0,0.099,2500,0,0.09,"AA",0.0128982710330719,-4.33767982904342
2019,0,0.132,15000,0,0.09,"A",0.000867124484105557,-7.04946051055315
2019,0,0.231,9975,0,0.62,"C",0.0232888923283555,-3.73621439224558
2019,0,0.11,9990,0,0.05,"AA",3.37794710353191e-05,-10.295623525774
2019,0,0.132,12000,0,0,"AA",1.14514331974023e-06,-13.6799796135684
2019,0,0.242,10000,0,0.8,"D",0.00028931609248704,-8.14770136397345
2019,0,0.242,7500,0,0.92,"D",0.0116179034403122,-4.44352205207133
2019,0,0.154,9700,0,0.23,"AA",0.000320796968766025,-8.04438128256515
2019,0,0.231,6000,0,0.89,"C",6.3646249564942e-05,-9.66210650920354
2019,0,0.319,11700,0,0.56,"Missing",0.946189278763768,2.86696990549961
2019,0,0.143,25000,0,0.1,"AA",0.000374412138321176,-7.88977891090869
2019,0,0.165,5500,1,0,"C",0.0231462187017517,-3.74250555176619
2019,0,0.231,4900,0,0,"D",0.0306227714531985,-3.45490993553842
2019,0,0.165,1000,0,0.87,"C",0.00397267699680849,-5.52433451598496
2019,0,0.209,9750,0,0.78,"B",4.02729070087979e-06,-12.4224126634503
2019,0,0.319,25000,0,0.61,"A",0.0012600992021753,-6.67530393543803
2019,0,0.209,3000,0,0,"D",0.451860419364323,-0.193156638278811
2019,0,0.319,5300,0,0.96,"Missing",0.128424384635896,-1.91496234109422
2019,0,0.121,20000,0,0.01,"AA",3.05869960340293e-05,-10.394905018074
2019,0,0.209,25000,0,0.72,"A",0.0336453986988546,-3.35765454221
2019,0,0.165,1200,0,0.9,"D",0.0220717452857924,-3.79113801145834
2019,0,0.22,10000,0,0.85,"D",0.0444348261504206,-3.0682794357754
2019,0,0.231,5000,0,0.26,"D",0.0329435482772477,-3.37946143359822
2019,0,0.319,10000,0,0.04,"B",0.019250774054807,-3.93076552527683
2019,0,0.165,8000,0,0.54,"B",0.000336747140139619,-7.99584143139035
2019,0,0.121,6100,0,0.76,"B",1.20981452296448e-05,-11.322446305699
2019,0,0.209,15000,1,0.94,"B",0.000954978242824134,-6.95286656560111
2019,0,0.319,5001,1,0.3,"D",0.0397284174132482,-3.1851494074936
2019,0,0.22,21000,0,0.34,"AA",0.00632203817949634,-5.0573715191675
2019,0,0.099,5000,0,0.18,"AA",0.0490320737669719,-2.96500568496991
2019,1,0.264,6001,0,0.74,"D",0.899449314547881,2.19112077010627
2019,1,0.198,9800,1,0.72,"C",0.418640249459621,-0.328357799266878
2019,0,0.198,12000,0,0.57,"A",0.000645193216702201,-7.34531532380585
2019,0,0.286,5000,0,0.64,"D",0.120955384889042,-1.9834138953873
2019,1,0.242,10001,1,0.81,"D",0.79793780529882,1.37345511161874
2019,0,0.198,18000,0,0.15,"B",0.00174016882242546,-6.35203146140481
2019,0,0.088,2500,1,0.24,"AA",0.000872775245229114,-7.04295932999044
2019,0,0.22,10000,0,0.45,"A",0.00120521218626143,-6.71989370031893
2019,0,0.132,19500,1,0,"AA",0.000601897508260024,-7.41482130048846
2019,0,0.242,7000,0,0.75,"C",0.000351078683410589,-7.95414905003368
2019,0,0.165,2550,0,0.98,"Missing",0.0776283742508561,-2.47501519923267
2019,0,0.165,3000,0,0.05,"AA",2.41256471122609e-06,-12.9348177682192
2019,0,0.077,1000,0,0.07,"AA",0.000139848738314451,-8.87480930154469
2019,0,0.132,4700,0,0.09,"B",8.94831543305132e-06,-11.6240363148084
2019,0,0.286,7000,0,0.92,"C",0.0196553054577457,-3.90955693922511
2019,0,0.154,8000,0,0.44,"A",1.77951925755071e-05,-10.9365644218212
2019,0,0.253,8500,0,0.86,"D",0.0487865724244826,-2.9702833419747
2019,0,0.319,3975,0,0.97,"Missing",0.966559581347533,3.36397763560408
2019,0,0.077,1850,1,0.31,"AA",0.0096396944861315,-4.63217940607
2019,1,0.319,3000,0,0.92,"Missing",0.995075153634118,5.30852518620421
2019,0,0.286,3001,1,1.01,"Missing",0.232944532274316,-1.1917587502007
2019,0,0.176,8000,0,0.8,"C",0.0180271600234507,-3.99768413925007
2019,0,0.187,6000,0,0.82,"C",0.00195974184300469,-6.23298086251771
2019,0,0.319,20000,0,0.61,"D",0.204847023762311,-1.35627104406007
2019,0,0.121,1600,0,0.9,"B",0.0225451962198326,-3.76943003893888
2019,0,0.165,7500,0,0.72,"B",3.91163124031594e-05,-10.1489318638862
2019,0,0.187,1500,0,0.61,"D",0.00162457630292422,-6.4208823365022
2019,0,0.231,10000,0,0.72,"A",0.00185258007489849,-6.2893216781882
2019,1,0.286,6000,1,1.06,"Missing",0.924264275787283,2.50174807611388
2019,0,0.209,6000,1,0.61,"D",0.00361170495254444,-5.61995708920017
2019,0,0.121,2500,1,0,"B",8.92274702941646e-06,-11.6268977730573
2019,1,0.253,2000,0,0.9,"Missing",0.997167137313847,5.8636306458856
2019,1,0.231,6000,0,0.76,"D",0.862293123506893,1.83446792062238
2019,0,0.176,6000,0,0.16,"A",0.00419759910584841,-5.46903612485023
2019,1,0.297,6000,0,0.95,"Missing",0.893286616482057,2.12476090676129
2019,0,0.22,3000,0,0.89,"D",0.101901533986003,-2.17627271868821
2019,0,0.11,6500,0,0.34,"A",0.000392690550196215,-7.84209589266799
2019,1,0.297,2400,0,0,"Missing",0.89858940501029,2.18164863323821
2019,0,0.154,20200,0,0.86,"A",0.0132987303893937,-4.30669875735924
2019,0,0.154,16500,0,0.2,"AA",0.00197583142628479,-6.22478820792407
2019,0,0.319,5000,0,0.89,"Missing",0.12141755734987,-1.97907425587877
2019,0,0.11,8000,0,0.21,"A",0.191567392861235,-1.43985765246031
2019,0,0.253,6001,0,0.61,"D",1.53785891827493e-05,-11.0825189500273
2019,0,0.286,5000,0,0.64,"D",0.00212697931414341,-6.15092322363151
2019,0,0.187,1850,0,0.68,"D",0.0138035050271523,-4.26893307232174
2019,0,0.319,2000,0,0,"Missing",0.364610780893023,-0.555407323690011
2019,1,0.22,5000,0,0.87,"Missing",0.981462401353884,3.96924267676533
2019,0,0.077,1000,0,0.34,"AA",0.00045042865713074,-7.7048603270759
2019,0,0.11,10000,0,0.18,"AA",0.000278140368619029,-8.18710646955755
2019,0,0.22,7500,1,0.38,"C",0.327071288132185,-0.721461244474246
2019,0,0.198,15000,0,0.26,"B",1.08178206301501e-07,-16.0394858031473
2019,0,0.297,3200,0,0.98,"Missing",0.148700437325138,-1.74483028472412
2019,1,0.264,25000,0,0.97,"C",0.901316541372225,2.21193917821634
2019,1,0.319,3500,1,1,"Missing",0.988217575493902,4.42929391911007
2019,0,0.187,1000,0,0.35,"D",4.41547423936456e-06,-12.3303908987084
2019,0,0.11,6000,0,0.02,"AA",0.00012899146942726,-8.95563528447049
2019,0,0.22,2018,0,0,"Missing",0.0274799009392691,-3.56643588017611
2019,0,0.198,20000,0,0.53,"A",2.1308425107152e-05,-10.7563867098673
2019,0,0.099,1000,1,0.05,"AA",2.31799275453538e-06,-12.9748066207959
2019,0,0.264,10000,0,0.89,"D",0.152058622333757,-1.71854538354988
2019,1,0.319,2200,0,1.06,"Missing",0.98498888383581,4.18383935141009
2019,0,0.176,5000,0,0.35,"B",6.96463771068402e-06,-11.8746580031184
2019,1,0.319,5200,0,0,"Missing",0.936195983674284,2.68600869864406
2019,0,0.077,2550,0,0.44,"AA",9.54130984769604e-06,-11.5598702399765
2019,0,0.275,2000,0,0,"D",0.0182820010010647,-3.98338707306259
2019,1,0.319,2400,0,1.05,"Missing",0.981124088083911,3.95081233558369
2019,0,0.143,10800,1,0.68,"A",0.00568504535075212,-5.16421490781655
2019,0,0.165,20000,0,0.37,"A",8.90331580457096e-06,-11.6290778849435
2019,0,0.121,9000,0,0.33,"A",0.0392525592067241,-3.19769492086023
2019,0,0.165,1000,0,0.87,"C",0.0148559846397254,-4.19438504886656
2019,0,0.319,15000,0,0,"AA",0.000539187345629976,-7.52490813466931
2019,1,0.253,4000,0,1.01,"Missing",0.99565805603397,5.43508171513599
2019,0,0.187,1500,1,0.56,"C",0.00304559236475066,-5.79100962025685
2019,1,0.286,3000,1,0,"Missing",0.947837380368813,2.89981680849725
2019,0,0.22,7500,1,0.38,"C",0.202800235597322,-1.36888385936874
2019,0,0.165,8500,0,0,"B",0.000149176235156679,-8.81023297730996
2019,0,0.22,6500,1,0.92,"D",0.00207074025309554,-6.17777623824101
2019,0,0.165,3500,0,0.9,"C",0.280272169941474,-0.943111960183345
2019,0,0.176,6001,1,0.77,"C",0.0144578296134256,-4.22195580695647
2019,1,0.319,2500,0,1.21,"Missing",0.992828186781947,4.93039911249849
2019,0,0.242,12150,0,0,"D",0.0513443560018715,-2.91649085279357
2019,0,0.22,6001,0,0.77,"C",0.192958616812766,-1.43089920198249
2019,0,0.077,1500,1,0.07,"AA",2.36199768530574e-06,-12.9560004581613
2019,0,0.198,25000,0,0.69,"B",0.00217226741802658,-6.12980913363752
2019,0,0.231,25000,0,0.07,"B",0.0135274946864107,-4.2894111963945
2019,0,0.099,2550,0,0.58,"AA",0.000323820613275723,-8.03499698517451
2019,1,0.22,2000,1,0.78,"D",0.162889505742711,-1.63688398196753
2019,0,0.319,6000,0,1.12,"Missing",0.0196348388235411,-3.910619636341
2019,1,0.264,3000,0,0,"Missing",0.963538639481963,3.27435950638628
2019,0,0.253,8000,0,0,"D",0.0179416652765245,-4.00252503348441
2019,0,0.132,25000,1,0.22,"AA",1.57973972900091e-05,-11.0556495624589
2019,1,0.308,2550,0,0.74,"Missing",0.999900619373671,9.21645398387713
2019,0,0.165,1500,0,0.8,"C",0.00265620318714393,-5.92819781195613
2019,1,0.319,7500,0,0.86,"Missing",0.918768195355368,2.42572700150376
2019,0,0.165,12000,0,0.43,"A",0.0152883198945324,-4.16525975650133
2019,1,0.319,5500,0,0.99,"Missing",0.865098973356174,1.85830254686017
2019,0,0.055,1000,0,0.42,"D",0.000240057534328668,-8.33439185062986
2019,1,0.319,17000,1,0,"D",0.817312197134165,1.49824244739792
2019,0,0.319,10000,0,0.04,"B",0.00132035771499247,-6.628531352735
2019,0,0.286,10848,0,0.68,"B",0.0128013737850599,-4.3453187694284
2019,0,0.11,3000,0,0.07,"AA",0.000232503343905309,-8.36637342027486
2019,0,0.143,3500,1,0.71,"C",0.383376100862735,-0.475242780314863
2019,0,0.154,5000,0,0.84,"C",8.79554967978825e-05,-9.33859163024542
2019,0,0.319,4000,0,0.98,"Missing",0.198644381299757,-1.39478861951879
2019,0,0.077,2000,0,0.39,"C",0.0256530174990677,-3.63710627908311
2019,0,0.187,1200,0,1.36,"Missing",0.00145040897571229,-6.53445824826654
2019,0,0.11,8000,0,0.21,"A",1.8006066107305e-05,-10.9247838446523
2019,0,0.275,4000,0,0.46,"C",0.0876648603161934,-2.34248626175528
2019,1,0.319,6000,1,0.79,"Missing",0.9791666869687,3.85014859694211
2019,0,0.253,10000,0,1.02,"D",0.0743820219853937,-2.52124732612541
2019,0,0.165,20000,0,0.66,"A",0.000240182398486544,-8.33387171833042
2019,0,0.121,10000,0,0.17,"AA",4.17957291144784e-05,-10.0826746013459
2019,0,0.231,13500,0,0.84,"D",0.182373504979154,-1.50034881547223
2019,0,0.242,6001,1,0.22,"C",0.00125679312548581,-6.67793435734086
2019,0,0.187,3500,0,0.12,"D",0.0906210932642361,-2.30607484298025
2019,0,0.187,1500,0,0.67,"C",0.0164667050808155,-4.08981102239197
2019,0,0.319,1000,0,0.95,"Missing",0.300094731116927,-0.846846800517433
2019,1,0.319,9200,1,0.98,"Missing",0.998131761181041,6.28088911378529
2019,0,0.187,7000,0,0.51,"B",0.161947634829881,-1.64380754561197
2019,1,0.165,5500,1,0,"C",0.366112738124809,-0.548929804605176
2019,0,0.22,3200,1,0,"D",0.122481940232069,-1.96913394362094
2019,0,0.077,1500,1,0.07,"AA",4.82370331994718e-05,-9.93933527008009
2019,0,0.165,3000,0,0.03,"AA",0.00356838407544761,-5.63206765964921
2019,1,0.319,3000,0,0.82,"Missing",0.996208243459805,5.57112693671294
2019,0,0.22,9500,0,0.72,"D",0.00937816193721031,-4.65994907690459
2019,0,0.198,10000,0,0.96,"C",0.00684204455825636,-4.97780312132432
2019,0,0.11,7500,1,1.02,"D",0.00199378580702896,-6.21572425591025
2019,0,0.099,3001,0,0.21,"AA",0.00505645715973713,-5.28201992267592
2019,0,0.319,2100,1,1.14,"Missing",0.980152174208418,3.89961337019056
2019,1,0.308,6000,0,0.53,"D",0.9981397689429,6.2851926112893
2019,0,0.264,5000,1,0.47,"C",0.0743206601657718,-2.52213891218605
2019,1,0.275,9000,0,0.42,"C",0.70805567559803,0.885959614220043
2019,0,0.143,2500,0,0.57,"A",0.000184662374947785,-8.59679672108297
2019,0,0.22,12000,0,0.95,"C",0.0444202035671782,-3.06862387170572
2019,0,0.11,3000,0,0.2,"AA",0.000283129821001651,-8.16932186414173
2019,0,0.121,14000,0,0.56,"AA",0.000287620358033548,-8.15358148696361
2019,1,0.319,12000,1,0,"Missing",0.989913321876934,4.5864018301481
2019,0,0.165,2500,1,0.28,"B",0.00147055091314099,-6.52064654432199
2019,0,0.154,4000,0,0.18,"B",0.000416742261659525,-7.78262577568639
2019,0,0.176,3000,0,0.81,"B",1.28445097723492e-06,-13.5651779015348
2019,1,0.286,9000,1,0.83,"Missing",0.723393397644533,0.961356904004224
2019,0,0.088,2000,0,0.05,"AA",4.41539756212586e-05,-10.0277834319713
2019,0,0.143,7500,0,0.92,"B",3.35300314590992e-06,-12.6056507992345
2019,1,0.077,1500,1,0.91,"Missing",0.815270301207959,1.48462604714001
2019,0,0.121,10000,0,0.37,"AA",0.00597867412028691,-5.11355983667011
2019,0,0.154,14500,0,0.48,"A",0.0199936410449277,-3.89214478512896
2019,0,0.165,5000,0,0.7,"C",5.85044362403232e-06,-12.048987215967
2019,0,0.319,5000,0,0.46,"Missing",0.275940597101418,-0.964687822563518
2019,0,0.187,1100,0,0.29,"D",0.000114926434824686,-9.07110339843183
2019,1,0.231,9500,0,0.73,"D",0.549919658311245,0.200346087844035
2019,0,0.198,15000,0,0.51,"B",0.132894480470272,-1.87560524246168
2019,0,0.275,14000,0,0.84,"B",5.20370537112561e-05,-9.86350248336329
2019,0,0.143,1000,1,0.7,"C",0.00192456805476498,-6.25112730114055
2019,0,0.187,10700,0,0.12,"C",5.26736883945596e-05,-9.85134182346923
2019,1,0.264,1000,0,0.97,"Missing",0.782411025778094,1.27977236711155
2019,0,0.187,5000,0,0.17,"C",7.27160913750719e-06,-11.8315256798657
2019,0,0.231,3000,1,0.65,"Missing",0.00384649670769307,-5.55673857748704
2019,0,0.198,15000,0,0.51,"B",2.99334602393804e-06,-12.7191157313538
2019,0,0.165,8000,0,0.54,"B",0.00543940249289755,-5.20863181010328
2019,0,0.253,18000,0,0.58,"C",0.0664671385396116,-2.64226849655682
2019,1,0.22,1500,0,0.6,"Missing",0.941481615459343,2.77811385052551
2019,0,0.253,12000,0,0.79,"D",0.237580849610499,-1.1659884856259
2019,1,0.319,2000,1,0.09,"Missing",0.938384997355881,2.72325491943541
2019,1,0.319,3999,0,0.96,"Missing",0.963465389178012,3.27227651224558
2019,0,0.264,3000,0,0.97,"Missing",0.720383063559388,0.946362520905177
2019,0,0.319,5000,0,1.01,"Missing",0.339230799471423,-0.666723911626794
2019,0,0.187,1600,0,0.98,"C",0.000940146040154286,-6.96853474464674
2019,0,0.275,5000,0,0.76,"C",0.0126696615973035,-4.35579438779924
2019,0,0.187,15000,0,0.96,"B",0.0205495281165833,-3.86415369343145
2019,1,0.275,2500,0,1.01,"D",0.772113664266466,1.22028479552897
2019,0,0.099,5000,1,0,"AA",0.00176121685845447,-6.33998754236333
2019,0,0.121,18800,0,0.63,"AA",5.33847045072693e-05,-9.83793289934635
2019,0,0.209,6001,0,0.2,"C",0.00180501949654596,-6.31537723533792
2019,1,0.319,3000,0,0,"Missing",0.61093991174465,0.451264810006555
2019,0,0.154,2000,0,0,"C",0.0022738731355876,-6.0839942119988
2019,1,0.264,1500,0,0.99,"Missing",0.469642665303169,-0.121578876822829
2019,0,0.319,5000,0,1,"D",0.296732811167955,-0.862904780865411
2019,1,0.319,2525,0,0,"D",0.860468303192198,1.81918498692407
2019,0,0.275,15000,0,0.45,"C",0.00362904213402632,-5.61515089736802
2019,0,0.231,5000,1,0.94,"C",0.444613010079835,-0.222460886355982
2019,0,0.308,3001,0,0,"Missing",0.00175019219620592,-6.34627794510185
2019,0,0.253,6500,0,0.75,"D",0.374845747861107,-0.511483820397423
2019,0,0.264,8000,1,0.93,"Missing",0.140527423034743,-1.81091626704405
2019,0,0.319,25000,0,0.52,"D",0.00555941874891345,-5.18668678791438
2019,0,0.121,13000,0,0.82,"A",0.00646194846963968,-5.03534146873854
2019,0,0.242,6000,0,0.71,"C",0.000205242686503573,-8.49111217865341
2019,0,0.121,10000,1,0.23,"AA",0.00146354966652208,-6.52542589389628
2019,0,0.187,5000,0,0.78,"C",0.00202433770728121,-6.20048630060327
2019,0,0.308,1200,0,0.81,"Missing",0.154533537868411,-1.69947735487531
2019,0,0.275,10000,1,0.71,"D",0.531241550600359,0.125129212851815
2019,0,0.165,25000,0,0,"B",0.217002414890199,-1.28322112983029
2019,0,0.099,5000,0,0.28,"AA",6.50370370105739e-05,-9.64048861102842
2019,0,0.176,11204,0,0.73,"B",0.00431421793367238,-5.44151566349337
2019,1,0.319,1750,1,0.98,"Missing",0.748993319265833,1.09325050869081
2019,0,0.22,11000,0,0.44,"C",0.0897324992089837,-2.31690549975879
2019,0,0.121,1200,0,1,"Missing",0.00875259697855143,-4.72961369916035
2019,1,0.319,15000,0,0.97,"D",0.853165627773388,1.75964846753168
2019,0,0.198,5000,0,0.99,"D",0.25024192106485,-1.09732245885937
2019,1,0.308,5000,0,0.87,"Missing",0.850795361005946,1.74085285106318
2019,1,0.22,5000,0,0.43,"D",0.0329463441242015,-3.37937367829061
2019,0,0.143,18000,0,0.53,"AA",0.000165500879678626,-8.70636853330611
2019,0,0.187,15000,0,0.96,"B",0.00159956191038445,-6.43642465066244
2019,0,0.099,1500,0,0.76,"A",0.0301577672827577,-3.47069090027258
2019,1,0.22,1500,0,0.74,"Missing",0.996368048794485,5.61434669018459
2019,0,0.099,5000,1,0,"AA",0.000761450563601438,-7.17952356688384
2019,0,0.187,4990,0,0.9,"C",0.00678604994697982,-4.98607707246562
2019,0,0.11,7500,0,0.23,"AA",2.30363398298161e-06,-12.9810203856669
2019,1,0.319,3950,0,0.78,"Missing",0.956454579859894,3.08942876747138
2019,0,0.187,1850,0,0.68,"D",0.610196693118474,0.448139082356056
2019,1,0.297,2400,0,0,"Missing",0.984077314079733,4.12395958541462
2019,0,0.253,8000,0,0,"D",0.0158036117361841,-4.13158695389969
2019,0,0.176,3500,1,0.51,"C",0.00571398303140787,-5.15910857454347
2019,1,0.319,4500,1,0.6,"Missing",0.999895115462846,9.16254556897598
2019,0,0.264,4000,0,0.92,"D",0.00129765945089596,-6.64589455747074
2019,0,0.286,6500,0,0.53,"Missing",0.155807893363047,-1.68975628760698
2019,0,0.242,1500,1,1,"Missing",0.0054074141039351,-5.21456219779319
2019,0,0.187,15000,1,0.98,"B",0.0175242854532856,-4.02648796632359
2019,1,0.264,8000,1,0.93,"Missing",0.948171201958544,2.90658913720283
2019,0,0.22,4500,0,0.39,"D",0.00164640039475015,-6.40751619591756
2019,0,0.198,7000,0,0.54,"B",8.09588254442714e-06,-11.7241468574615
2019,0,0.165,15000,0,0,"AA",0.00313464743635388,-5.76209900097973
2019,0,0.253,4500,1,0,"D",0.0781922395226805,-2.46716629529442
2019,0,0.264,10000,1,0.03,"A",0.0641354942186073,-2.68047276458526
2019,0,0.297,7000,0,0,"D",0.0771517335116906,-2.48169078139468
2019,0,0.198,9995,0,0.53,"C",0.0239450849338887,-3.70775576943789
2019,0,0.22,10000,0,0.79,"C",0.0044552700996337,-5.40920236707961
2019,0,0.198,7000,0,0.95,"C",0.0123798400482553,-4.3792288233368
2019,0,0.165,8000,0,0.84,"A",3.0636985459896e-06,-12.6958846329965
2019,0,0.165,14500,1,0,"A",5.08089126387864e-05,-9.88738796291977
2019,0,0.088,2000,0,0.15,"AA",0.000413213352456812,-7.79113320773717
2019,0,0.154,9900,0,0.02,"AA",0.00148686054555916,-6.50960043129044
2019,0,0.121,4500,1,0.97,"AA",5.34120582691164e-05,-9.83742061372161
2019,0,0.132,7500,1,0,"B",0.000242117458104535,-8.32584543871703
2019,0,0.242,10000,0,0.8,"D",0.00776074037745387,-4.85088652822944
2019,0,0.242,4000,0,0.47,"B",0.00421863513405889,-5.46401607251555
2019,0,0.154,5000,0,0.29,"B",1.04471790588364e-05,-11.4691681152848
2019,1,0.187,2000,0,0.25,"Missing",0.404522122079959,-0.386657814415241
2019,0,0.11,1500,1,0.79,"A",0.00880202329671472,-4.72393267391524
2019,0,0.176,8200,0,0.87,"C",0.00436354472708179,-5.43009744836283
2019,0,0.11,7000,0,0.17,"AA",0.000387144484819595,-7.85632536937903
2019,0,0.275,15000,0,0,"C",0.140934923807512,-1.80754642663797
2019,1,0.297,7500,0,0.69,"Missing",0.918598295473043,2.42345270339572
2019,0,0.22,5000,0,0.96,"C",0.589312280576543,0.361123111946587
2019,0,0.132,9000,0,0.43,"B",0.00159339695707878,-6.440292422959
2019,0,0.165,5100,0,0.19,"C",3.60834568167702e-05,-10.229639973474
2019,1,0.275,2550,1,0.67,"Missing",0.9905807261064,4.65553335891896
2019,0,0.22,5000,0,0.08,"D",0.00017767576938722,-8.63537249739853
2019,1,0.319,2000,1,0,"Missing",0.999924928564941,9.4969953560295
2019,0,0.165,5000,1,0.6,"D",0.573569040732598,0.296427837832817
2019,1,0.264,4000,0,0.7,"Missing",0.993744937181925,5.06808938456968
2019,0,0.22,12000,0,0.95,"C",0.0221437677040059,-3.78780656835183
2019,0,0.11,6500,0,0.69,"AA",0.00293919099880829,-5.82667738706815
2019,0,0.209,10000,1,0.88,"D",0.832990180853044,1.60696924643052
2019,0,0.099,1000,0,0,"A",2.5780631551163e-05,-10.5658612820717
2019,0,0.319,25000,0,0.34,"C",0.0157279494341915,-4.13646298461126
2019,0,0.143,4950,0,0,"B",0.000125883957733119,-8.98002415385687
2019,0,0.165,9999,0,0.57,"B",0.000111567949477976,-9.10076516614823
2019,0,0.22,24000,0,0.76,"C",0.318706296921554,-0.759723515852227
2019,0,0.22,9000,0,0,"C",0.0311969010278856,-3.43574262715465
2019,0,0.165,10200,0,0,"C",0.0128217931828324,-4.34370426158802
2019,0,0.165,3800,0,0.2,"B",0.0266707307546779,-3.59715569345862
2019,0,0.275,25000,0,0.57,"D",0.00122663984744727,-6.7022492864166
2019,1,0.319,5000,0,0.93,"Missing",0.999872374678298,8.96628412733088
2019,0,0.132,15000,0,0.09,"A",0.000199474525877719,-8.51962452519983
2019,0,0.209,6500,0,0.7,"C",0.00130871870239033,-6.63739713436678
2019,1,0.319,6000,0,0.84,"Missing",0.975837345271808,3.69848766992616
2019,0,0.22,5000,0,0.85,"D",0.000443545836124981,-7.72026576642143
2019,0,0.099,1000,0,0.6,"A",4.35472424703341e-06,-12.3442449136372
2019,1,0.286,3001,1,1.01,"Missing",0.93481373585071,2.66309852226813
2019,0,0.132,5250,1,0.39,"B",8.89837878715824e-05,-9.32696737582416
2019,0,0.154,17500,0,0.79,"B",1.12877550257751e-05,-11.391780758012
2019,1,0.077,1500,1,0.91,"Missing",0.312656171196885,-0.787730553457724
2019,0,0.165,10000,0,0.64,"AA",4.29833109137068e-06,-12.3572794305477
2019,0,0.275,4500,1,0.2,"D",0.0255926239698783,-3.63952528295186
2019,0,0.165,1000,1,0.46,"D",0.0139366667122872,-4.25919732510935
2019,0,0.253,12500,1,0.41,"D",0.225442270420891,-1.23422807578291
2019,0,0.231,3001,1,0,"C",0.0788118189157185,-2.45860136609427
2019,1,0.319,3000,1,0,"Missing",0.890574071222419,2.09661840779159
2019,0,0.209,7500,0,0.98,"D",0.257997781471152,-1.05640124715835
2019,0,0.088,1668,0,0.05,"AA",1.13954342261366e-05,-11.3822863937681
2019,0,0.121,7000,0,0.83,"AA",0.000810519598589081,-7.11702418797117
2019,0,0.253,3100,0,0.78,"Missing",0.00669196597103775,-5.00013312331825
2019,0,0.121,4500,1,0.97,"AA",0.00275850772608636,-5.89030310500701
2019,0,0.22,3000,0,0.89,"D",0.03280448518448,-3.38383541253148
2019,0,0.198,2550,0,0.28,"D",0.0804959527726473,-2.43562753854255
2019,0,0.253,8200,0,0.44,"C",0.0233367316787819,-3.73411334764971
2019,1,0.297,15000,0,0.94,"D",0.985475905703983,4.21731573153169
2019,0,0.187,25000,0,0.67,"A",1.51455114758051e-05,-11.0977911965041
2019,0,0.231,3001,1,0,"C",0.00625355421178087,-5.0683321133973
2019,0,0.187,3000,0,1.12,"Missing",0.116184556452909,-2.0290683358684
2019,1,0.242,7500,0,0.92,"D",0.930179244622594,2.58944598318514
2019,0,0.264,15000,0,1.03,"D",0.00954930887093001,-4.64169130076373
2019,1,0.187,1000,0,0.35,"D",0.909066492735097,2.30228969078917
2019,0,0.209,19900,0,0.75,"C",0.00608040272699623,-5.09658538355239
2019,1,0.319,25000,0,0.95,"C",0.167301354525601,-1.60487510222613
2019,1,0.275,4500,1,0.93,"Missing",0.838784190829055,1.64920955443988
2019,0,0.319,2550,1,0.76,"Missing",0.149252185035154,-1.74047835274725
2019,1,0.286,5500,0,0.99,"Missing",0.999289790610283,7.24924025460607
2019,0,0.286,2000,1,0,"Missing",0.0801327336054689,-2.44054495413606
2019,0,0.176,5000,0,0,"C",6.683134194078e-05,-9.61327156315173
2019,0,0.132,1000,1,0.45,"D",0.00019137629364747,-8.56107754964921
2019,0,0.253,8000,1,0,"C",0.119880134419816,-1.99356574534871
2019,0,0.11,2000,0,0,"AA",2.7400278318303e-07,-15.1101272990048
2019,0,0.11,5000,0,0.52,"AA",7.3724903961099e-06,-11.8177476264042
2019,0,0.264,9999,0,0.89,"B",1.32153241259232e-05,-11.2341202676749
2019,1,0.319,6000,0,0,"Missing",0.98854565144135,4.45786537940367
2019,0,0.286,10000,0,0.88,"D",0.481550519398367,-0.0738314425712976
2019,0,0.143,10200,0,0.95,"A",0.0231644440539796,-3.74169980338605
2019,0,0.077,1850,1,0.31,"AA",0.00453143541595401,-5.39217478732427
2019,1,0.297,2000,0,0,"Missing",0.97213094459004,3.55197356384151
2019,0,0.165,6010,0,0.63,"B",0.00017366821971553,-8.65819017891742
2019,0,0.165,5000,0,0.46,"C",0.388497904019493,-0.453630607992507
2019,0,0.143,10200,0,0.95,"A",0.0144460768586996,-4.22278096159845
2019,0,0.187,6500,0,0.79,"C",0.00145969988828877,-6.52806365406997
2019,0,0.088,1668,0,0.05,"AA",0.00132480209798286,-6.6251665102881
2019,0,0.308,5000,0,0.56,"Missing",0.000163852195964644,-8.71638191500155
2019,0,0.077,6500,0,0.75,"Missing",0.0990565778000448,-2.20775128136158
2019,0,0.253,6001,0,0.24,"D",0.0513571028042534,-2.91622918579012
2019,1,0.319,16000,1,0,"D",0.703883376377727,0.865859308429942
2019,0,0.132,5000,0,0,"AA",0.00178874263500836,-6.3244520001524
2019,1,0.319,6000,0,0.92,"Missing",0.500865350026939,0.0034614035637639
2019,0,0.22,3000,0,0,"D",0.00127132647183262,-6.66642232228389
2019,0,0.165,9500,0,0.94,"B",1.49892922235472e-05,-11.1081594741345
2019,0,0.11,1000,0,0.24,"AA",0.000710169293471089,-7.24929675325986
2019,0,0.187,2400,0,0.77,"D",0.000307176473387645,-8.08778091998631
2019,1,0.319,25000,0,0.11,"C",0.962232164832116,3.23779793823149
2019,0,0.099,4900,0,0,"AA",0.000510747871160647,-7.57912361399325
2019,1,0.319,3000,1,0.8,"Missing",0.805199002687524,1.41911094430588
2019,0,0.319,5000,0,0.32,"Missing",0.717038322733493,0.929817815438784
2019,0,0.165,2890,1,0,"D",0.0152222374532558,-4.16965864486546
2019,0,0.264,1025,1,0.59,"Missing",0.343649072109346,-0.647074599501394
2019,0,0.297,4700,0,0,"D",0.00926443346677929,-4.67226495355014
2019,0,0.319,5001,1,0.3,"D",0.066527422475981,-2.64129735585041
2019,0,0.176,2000,0,0.89,"C",0.00420718559634874,-5.46674529856357
2019,0,0.165,5000,1,0.92,"C",0.000107946021795769,-9.13377130211973
2019,0,0.165,19300,0,0.39,"A",3.82108949545655e-06,-12.4749711466784
2019,0,0.165,5100,0,0.19,"C",0.0290106294010288,-3.51065322747111
2019,0,0.319,8000,0,0.8,"Missing",0.0765548170818952,-2.49010439252551
2019,1,0.187,3000,0,1.12,"Missing",0.931500701998619,2.60997344660241
2019,1,0.187,4990,0,0.9,"C",0.944494663643002,2.83417087029085
2019,0,0.165,6000,0,0.72,"B",0.00862069335414699,-4.74493169555115
2019,0,0.275,14000,0,0.84,"B",0.00761919380263282,-4.86943634691605
2019,0,0.165,3000,1,0,"C",0.0299364178051171,-3.47828589195805
2019,0,0.22,2400,1,0,"D",0.0535150888994136,-2.87279137909692
2019,0,0.22,8000,1,0.52,"D",0.00810028247884231,-4.80772307596484
2019,0,0.121,1000,0,0.05,"C",0.00107117192798634,-6.83793022402477
2019,1,0.297,6000,0,0.95,"Missing",0.928391990434575,2.56224711393547
2019,1,0.319,3000,0,0,"Missing",0.795721723714285,1.35976636765305
2019,0,0.209,1000,1,0,"Missing",0.145415089411348,-1.77102352802448
2019,0,0.088,2000,0,0.05,"AA",0.000600781493939183,-7.41667829831817
2019,1,0.264,3000,0,0,"Missing",0.407667841979549,-0.373614825236845
2019,0,0.099,6100,0,0.48,"A",0.00107031596197482,-6.83873049337391
2019,0,0.11,2000,0,0,"AA",0.000153467674040662,-8.78186712623232
2019,0,0.165,3000,0,0.27,"C",4.975310420349e-06,-12.2110178179274
2019,0,0.165,25000,0,0.09,"C",0.0063526048540007,-5.05251746845172
2019,0,0.165,18000,0,0.37,"B",7.66721161835521e-06,-11.7785498853333
2019,0,0.187,1000,1,0.14,"D",0.125192156753862,-1.94415444355387
2019,1,0.319,2000,1,0,"Missing",0.320618167500139,-0.750932409105527
2019,1,0.319,8500,1,0.87,"Missing",0.957741614978753,3.12077523247242
2019,0,0.275,5000,1,0.92,"Missing",0.000258663507631954,-8.25972384232
2019,0,0.143,2500,0,0.57,"A",0.00403040077303319,-5.50985091583747
2019,0,0.165,1500,1,0.85,"D",0.000199893031083049,-8.51752826606902
2019,0,0.187,4990,0,0.9,"C",0.000633071301635428,-7.36429422957345
2019,0,0.11,1000,0,0.56,"A",7.34020986306054e-05,-9.51948462626222
2019,0,0.187,15000,1,0,"A",0.000237047840076689,-8.34701150439548
2019,0,0.231,15500,0,0.66,"A",0.0609543389248087,-2.73473906370966
2019,0,0.286,10848,0,0.68,"B",0.00334945485296703,-5.6956026000107
2019,0,0.209,1500,0,0.86,"D",0.153442184109079,-1.70785465384971
2019,0,0.132,4800,0,0.66,"B",0.0634048617213654,-2.6927105641112
2019,1,0.319,5500,0,0.99,"Missing",0.915634253953823,2.38445553217358
2019,0,0.22,5000,0,0.85,"D",0.0185960431515643,-3.9660353311871
2019,0,0.319,2500,0,0.83,"D",0.00224121611147651,-6.09849292213147
2019,0,0.11,3900,0,0.41,"AA",0.000275028352430276,-8.198361299686
2019,1,0.319,3000,1,0,"Missing",0.997971671556635,6.19851286375701
2019,1,0.319,2500,1,0,"Missing",0.953044701661749,3.01046575886782
2019,1,0.319,6000,0,0.94,"Missing",0.510512166500479,0.0420548631321478
2019,1,0.253,5000,0,0.97,"Missing",0.141923294824081,-1.79940676110621
2019,1,0.297,1000,1,0,"Missing",0.987833471511075,4.39682551765824
2019,0,0.319,2100,0,0,"Missing",0.967696005220928,3.39972709380927
2019,1,0.319,4000,0,0.77,"Missing",0.989310049218389,4.52770365931158
2019,0,0.187,1500,0,0.61,"D",0.0286014305093284,-3.52528012290047
2019,0,0.22,5000,0,0.97,"C",0.0262534274800057,-3.61335452612108
2019,0,0.099,6000,0,0,"AA",0.000444790122414634,-7.71746313300523
2019,1,0.253,1600,1,1.46,"Missing",0.976268690515934,3.71694259461943
2019,0,0.22,10000,0,0.87,"C",0.0019934095908112,-6.2159133450836
2019,1,0.242,2500,1,1,"Missing",0.999410465093552,7.43558691733658
2019,0,0.22,3000,1,0.62,"D",0.0336574154808482,-3.35728501098664
2019,1,0.22,1000,0,0,"Missing",0.183231065470011,-1.49460822377834
2019,0,0.308,6000,0,0.68,"D",0.00182464890041014,-6.30454137819269
2019,0,0.187,10000,1,0.95,"D",0.0179308700623014,-4.0031378910174
2019,0,0.132,11000,0,0.7,"A",0.00331155943082563,-5.70701901862183
2019,0,0.143,6001,0,0.94,"A",1.73698447183914e-05,-10.9607575473992
2019,1,0.22,2000,0,0.01,"D",0.706918368705443,0.880464022395747
2019,1,0.121,5000,1,0,"Missing",0.996795112056459,5.73986811763837
2019,1,0.308,3500,0,1.01,"Missing",0.99967353951611,8.02687513222281
2019,0,0.176,25000,1,0.66,"AA",6.29723552495998e-07,-14.2779842897023
2019,0,0.22,4200,1,0.97,"Missing",0.00135200656318015,-6.60481252560128
2019,0,0.165,5000,0,0.53,"A",0.00020920528783058,-8.47198532248183
2019,0,0.319,5000,0,0.89,"Missing",0.01703966416846,-4.05502495642932
2019,1,0.165,6500,0,1.05,"C",0.882624666299693,2.01752326320783
2019,0,0.209,6001,0,0.2,"C",0.213947221859024,-1.30129458015949
2019,0,0.154,25000,0,0.58,"AA",0.000678328175467253,-7.29520079417426
2019,0,0.077,1325,0,0.02,"AA",0.000277860570325826,-8.18811321649952
2019,0,0.077,1850,1,0.31,"AA",2.81627223911206e-07,-15.082681259887
2019,1,0.253,1000,1,0,"Missing",0.988955552437146,4.49472157001155
2019,0,0.242,2500,1,0.74,"D",0.960550029461911,3.19247276727126
2019,1,0.187,3500,0,0.76,"Missing",0.435154256836797,-0.260852091273223
2019,0,0.176,5000,0,0.94,"B",5.23847992836427e-06,-12.1594739532287
2019,1,0.319,3500,0,0.99,"Missing",0.999756708039339,8.32100503006507
2019,0,0.209,25000,0,0.89,"B",0.00465959469025261,-5.36415632652524
2019,0,0.132,10000,1,0.08,"AA",0.000559636037838821,-7.48766412527086
2019,0,0.165,1800,1,1.02,"D",0.0258672786850627,-3.62856875979697
2019,0,0.132,3000,0,0.98,"B",0.00316604960611938,-5.75209957711208
2019,0,0.165,16000,0,0.77,"B",0.0472721166911273,-3.00340870340963
2019,0,0.264,11520,0,0.6,"D",0.0200798927071621,-3.88775209363042
2019,0,0.165,4999,0,0.89,"C",0.529180307468375,0.11685401734093
2019,1,0.154,1400,0,0.61,"C",0.726438776745303,0.976628760111812
2019,1,0.319,25000,0,0.98,"Missing",0.900853546091012,2.20674460902303
2019,0,0.275,3000,0,0.73,"D",0.00495494973996122,-5.30240098834382
2019,0,0.121,4500,1,0.97,"AA",0.464808591607267,-0.140998765715349
2019,1,0.209,13000,1,0.89,"C",0.913268682659733,2.35421508923818
2019,1,0.319,4000,0,1.21,"Missing",0.341087367559365,-0.65845229543203
2019,1,0.275,1000,1,0.95,"D",0.882899576498815,2.02017957706252
2019,1,0.264,3500,0,1,"Missing",0.568614112568428,0.276198998759726
2019,1,0.319,20000,1,0.99,"Missing",0.621253823625976,0.494873470731333
2019,0,0.264,10000,0,0.54,"A",0.0211853229004889,-3.83303370054757
2019,1,0.22,2000,1,0.87,"Missing",0.935203410337034,2.66951108347511
2019,0,0.319,3000,1,0,"Missing",0.104370530488227,-2.14957942836851
2019,1,0.187,1500,0,0,"Missing",0.917516444681128,2.40907155912263
2019,0,0.187,10000,0,0.79,"A",9.98989853219054e-05,-9.21125112532367
2019,0,0.22,6500,0,0.9,"D",0.0325355661184763,-3.39234483029544
2019,1,0.275,10000,1,0.71,"D",0.983163664561785,4.06723622668855
2019,0,0.176,2000,1,0.41,"C",0.0706367455143032,-2.57694919524989
2019,0,0.319,5224,0,0.67,"Missing",0.831584192847414,1.59689658357837
2019,0,0.099,2550,0,0.01,"AA",0.0027306839822739,-5.90046873910749
2019,1,0.319,3001,1,0,"Missing",0.997304633114759,5.91352194243416
2019,0,0.077,2000,1,0.81,"Missing",0.00057147134137572,-7.46672458761762
2019,0,0.176,4000,0,0.8,"C",0.115039506557361,-2.0402673991838
2019,0,0.165,7000,0,0,"A",0.000324458472670312,-8.03302849216971
2019,1,0.264,5250,0,0.57,"Missing",0.998395916160936,6.43359713040188
2019,1,0.253,5000,0,0.39,"D",0.438453542852435,-0.247440647734388
2019,1,0.187,1700,0,0.8,"Missing",0.957356112779614,3.11129149649561
2019,0,0.253,4400,1,0,"Missing",0.577441618938222,0.312279727258938
2019,0,0.132,3000,0,0.98,"B",4.83876479096026e-05,-9.93621759647357
2019,1,0.319,6000,0,0,"Missing",0.589920454008563,0.36363654860272
2019,0,0.165,2000,0,0.62,"C",0.0028458662095723,-5.85903786702203
2019,0,0.187,6550,0,0.77,"C",0.301334497578566,-0.840951155027612
2019,0,0.209,6000,0,0.5,"B",0.000584649376820974,-7.44391342592861
2019,1,0.198,15000,0,0.51,"B",0.715855327262214,0.923994570144064
2019,0,0.308,8000,0,0.92,"D",0.00592847691837777,-5.12204182230261
2019,1,0.319,4000,0,1.07,"Missing",0.999750342350911,8.29517029341847
2019,0,0.297,8500,0,0.96,"C",0.224105334590298,-1.24190058548643
2019,0,0.275,4000,0,0.46,"C",0.108357296277773,-2.10763143035915
2019,0,0.22,8000,0,0.79,"C",0.0576710970391069,-2.79359823737627
2019,0,0.165,15000,0,0.05,"AA",0.000342881828925561,-7.97778175161627
2019,0,0.176,20000,1,0.32,"A",1.31919165338929e-05,-11.2358931077479
2019,0,0.132,8000,0,0.72,"B",0.000793769836456281,-7.13792293222003
2019,0,0.253,4000,1,1,"Missing",0.0476281242364883,-2.99553215225759
2019,1,0.22,5000,0,0.72,"Missing",0.916354332108984,2.39381347774264
2019,0,0.198,4500,0,0.49,"B",6.53060852879355e-06,-11.9390038986799
2019,0,0.165,3010,0,0.34,"AA",0.000771742549162082,-7.16608750860377
2019,0,0.22,2000,1,0.88,"D",0.147190974575206,-1.75680474625195
2019,1,0.319,2000,0,0.28,"Missing",0.270768763681414,-0.99072569221971
2019,0,0.22,3000,0,1,"C",0.0677292380685434,-2.62210532596563
2019,0,0.099,2000,0,0.02,"AA",0.000132019233535238,-8.93243090944324
2019,1,0.308,3500,0,0,"Missing",0.999021408376886,6.92841706846104
2019,1,0.165,2000,1,0,"Missing",0.999037314679308,6.94482082035795
2019,0,0.11,7500,0,0.23,"AA",0.00427931160968168,-5.44967462711443
2019,0,0.319,12000,0,0.6,"B",0.0001745808320135,-8.65294810679463
2019,0,0.187,4000,0,0.73,"B",3.45551839818828e-06,-12.5755346135846
2019,0,0.165,9500,0,0.39,"B",0.031543830686605,-3.42432519653419
2019,1,0.242,3000,0,0.3,"Missing",0.983290206592214,4.0749093228583
2019,1,0.308,3500,0,1.01,"Missing",0.977534533398823,3.77305430707513
2019,0,0.121,1000,0,0.05,"C",0.0199062782700891,-3.89661302857733
2019,0,0.099,2500,0,0.09,"AA",3.5645087198329e-06,-12.5444807555776
2019,1,0.308,11000,0,0.84,"Missing",0.992001844704143,4.8205140397915
2019,0,0.154,3000,0,0,"C",0.0203589991096251,-3.87366314810012
2019,0,0.099,2000,0,0.06,"AA",0.00946891588996067,-4.65022682559953
2019,1,0.275,5500,0,0.49,"Missing",0.999991110320239,11.6306106417031
2019,1,0.231,3001,1,0,"C",0.980429951181899,3.913990925206
2019,1,0.154,9999,0,0.54,"A",0.916494491944927,2.395643462969
2019,0,0.132,17000,0,0.19,"AA",1.57307519391842e-05,-11.0598773082885
2019,0,0.165,5100,0,0.19,"C",0.000146016362736978,-8.8316458419706
2019,1,0.319,7000,1,0.64,"Missing",0.907023976644293,2.27782723834103
2019,0,0.165,6010,0,0.63,"B",0.000168992189375045,-8.68548905435477
2019,0,0.099,1000,0,0.6,"A",2.04956322193468e-06,-13.0978818004206
2019,0,0.264,17500,0,0.15,"D",0.486448458868947,-0.0542194432457204
2019,0,0.319,9740,0,0.56,"D",0.0420836362627232,-3.12510149338792
2019,0,0.176,20000,1,0.32,"A",0.000152411742716006,-8.78877244237922
2019,1,0.308,5000,0,0.95,"Missing",0.983835848216714,4.10866312484021
2019,0,0.143,2000,1,0.54,"A",0.293696046558756,-0.877500296496457
2019,0,0.143,2500,0,0.57,"A",0.195800313798893,-1.41275227151779
2019,1,0.319,4000,1,0,"Missing",0.994194707401032,5.14316305164612
2019,0,0.187,4600,0,0.88,"B",1.94690449949095e-07,-15.4518547811625
2019,1,0.264,2000,1,0.93,"Missing",0.915326758123835,2.38048147893985
2019,1,0.275,9000,0,0.97,"D",0.649053106979476,0.614879632209562
2019,0,0.319,3000,0,1.15,"Missing",0.195323981173763,-1.41578011351125
2019,1,0.319,2100,1,1.14,"Missing",0.983857636975501,4.11003414862825
2019,1,0.319,7000,0,0.36,"Missing",0.990866659226052,4.68664843414604
2019,0,0.121,6001,0,0.01,"A",9.87686049179859e-07,-13.8278999659977
2019,1,0.264,4500,0,0.6,"D",0.174717764368508,-1.5525535346615
2019,0,0.264,4000,0,0.63,"D",0.00105961088971822,-6.84879335074769
2019,0,0.22,5000,0,0.85,"D",0.0890342419278364,-2.32548427286542
2019,1,0.319,3000,0,0.36,"Missing",0.994211566164173,5.14608826691331
2019,1,0.319,3000,1,0.4,"Missing",0.998363548746266,6.41358745966625
2019,0,0.253,8100,0,0.93,"C",0.417419459375981,-0.333375829040769
2019,0,0.319,6000,1,0.77,"Missing",0.299992116843498,-0.84733539950953
2019,0,0.264,5000,0,0.7,"B",0.00137626855046173,-6.5870021745491
2019,1,0.253,8500,1,1.13,"Missing",0.916562425458317,2.39653143586669
2019,0,0.275,4000,0,0.45,"D",0.302870004613573,-0.833668214608221
2019,0,0.242,5600,0,0.94,"D",0.00360815503191131,-5.62094402864791
2019,0,0.099,6001,0,0.26,"AA",0.00313179863576471,-5.76301108248015
2019,0,0.319,6700,0,0.39,"Missing",0.182148420112415,-1.50185902759535
2019,0,0.187,6000,0,0.6,"C",0.00010967275155653,-9.11789993332231
2019,0,0.319,9000,1,0.95,"D",0.00733258353215683,-4.90806776606811
2019,0,0.165,11000,0,0.65,"B",8.28488872988368e-05,-9.39840939217219
2019,0,0.187,20000,1,0.01,"AA",0.0483641544465632,-2.97942351771195
2019,1,0.264,3000,0,1,"Missing",0.999551959515335,7.710178821191
2019,0,0.22,10000,0,0.03,"D",0.0288757833758457,-3.5154510882285
2019,0,0.253,7000,0,0.98,"C",4.33787364156591e-05,-10.0454978015822
2019,0,0.165,9500,0,0.36,"A",0.00149038862859729,-6.50722686810917
2019,1,0.319,4500,0,0.98,"Missing",0.987111166781052,4.33842136953363
2019,1,0.319,18000,0,0.93,"D",0.908750310390353,2.29847077948645
2019,1,0.198,10000,0,0.15,"B",0.105742836821103,-2.13498330965554
2019,0,0.11,7500,0,0.23,"AA",0.000772081210414015,-7.16564843921666
2019,0,0.275,2000,0,0,"D",0.566054566437218,0.265771683611384
2019,0,0.319,2800,0,0.99,"C",0.642778096675579,0.587442391796289
2019,1,0.319,3000,0,0.91,"Missing",0.820471436569954,1.51954477468703
2019,0,0.253,16000,1,0,"A",7.89417282808085e-07,-14.0519699909394
2019,0,0.264,2350,0,1.37,"Missing",0.094855395906139,-2.25574113086564
2019,0,0.176,10000,1,0.83,"C",0.100468830219992,-2.19202617280158
2019,1,0.275,3000,0,0,"Missing",0.941223740490414,2.77344285663687
2019,1,0.275,10000,1,0.71,"D",0.691317218825004,0.806284639086176
2019,0,0.187,1700,0,0.8,"Missing",0.165748051207012,-1.61606658203766
2019,0,0.099,8000,0,0,"AA",2.14833179427289e-05,-10.7482123500961
2019,0,0.319,2500,1,1.04,"Missing",0.117221164064493,-2.01901225870694
2019,0,0.11,7000,0,0.51,"AA",0.000769024072120464,-7.1696189658782
2019,0,0.198,25000,0,0.6,"A",0.0520058896515114,-2.90299131482638
2019,0,0.165,3000,1,0.99,"C",0.000236467501689989,-8.34946327758284
2019,1,0.209,5000,0,0.42,"B",0.81182721258702,1.461926902421
2019,0,0.253,15000,0,0.18,"D",0.205232226713732,-1.35390781168092
2019,0,0.264,4500,0,0.72,"D",0.138566958964226,-1.82724366222662
2019,0,0.319,3700,0,0.58,"D",0.00456935202128327,-5.38380405036193
2019,1,0.253,3500,0,0.92,"Missing",0.985040374177208,4.18732766895637
2019,0,0.275,15000,0,0,"D",0.00625219299792418,-5.06855117730344
2019,0,0.11,6500,0,0.34,"A",5.75824870575852e-05,-9.76223449648737
2019,1,0.209,23000,0,0.27,"A",0.413506505631599,-0.349488328308737
2019,1,0.319,25000,0,0.47,"D",0.544392868422959,0.178040286202466
2019,0,0.165,2000,0,0,"C",0.0781963764727003,-2.46710890139292
2019,1,0.198,5000,0,0.99,"D",0.368629774729177,-0.538099598469281
2019,1,0.187,5000,0,0.61,"C",0.346637155790181,-0.633854059929809
2019,1,0.319,2600,1,0,"Missing",0.472672901305812,-0.109417427945167
2019,0,0.22,24000,0,0.76,"C",0.00571776433611721,-5.15844322699247
2019,1,0.297,10000,1,0.79,"D",0.803513594410227,1.40840085785981
2019,1,0.275,5100,0,1.02,"Missing",0.998894865712692,6.80668267902258
2019,0,0.198,3000,1,0.95,"D",0.000190744053885852,-8.56438729832684
2019,0,0.176,2000,1,0.41,"C",0.181317576537943,-1.50744618699352
2019,1,0.242,6500,1,0.97,"Missing",0.980893853303994,3.93845415134116
2019,0,0.187,7000,0,0.67,"B",0.000130899679601234,-8.94094842446425
2019,0,0.187,3500,0,0,"B",0.000830134407178807,-7.09309245476435
2019,0,0.308,5000,0,1.19,"Missing",0.915928093500176,2.38826539862853
2019,0,0.165,19300,0,0.39,"A",0.00188416469403356,-6.27238474746823
2019,1,0.308,4000,0,0,"Missing",0.839683138172161,1.65587236093385
2019,0,0.154,3000,0,0.95,"C",0.000259375006463656,-8.25697623340922
2019,0,0.286,12000,0,0.59,"D",0.0722624036820175,-2.5524449406955
2019,1,0.253,10000,1,0.72,"D",0.668357603977819,0.700766097601674
2019,0,0.286,6000,1,0,"Missing",0.938383232486179,2.72322439558553
2019,0,0.187,10000,1,0.6,"A",0.946385493445884,2.87083030827871
2019,0,0.165,6000,0,0.72,"B",8.23870749549133e-06,-11.7066588449481
2019,1,0.286,6500,0,0.53,"Missing",0.736481362169758,1.02775983235149
2019,0,0.275,10000,1,0.71,"D",0.598696665967503,0.400037483810929
2019,1,0.319,12000,0,0.63,"D",0.0654440678801995,-2.65887562521417
2019,0,0.165,1100,0,0,"Missing",0.226810314576442,-1.22641035757923
2019,0,0.121,8000,0,0.32,"A",5.41822883862072e-06,-12.1257361602166
2019,0,0.253,1000,1,0,"Missing",0.0399409754978009,-3.17959201465773
2019,0,0.198,12000,0,0.57,"A",0.000286022113691527,-8.15915536650794
2019,0,0.154,3210,0,0.08,"B",0.000191659252871289,-8.55959980963283
2019,0,0.11,7500,0,0.23,"AA",1.32372303127395e-06,-13.5350609894897
2019,1,0.231,3000,1,0.97,"D",0.351484679760916,-0.612519502609832
2019,0,0.319,5900,0,0.88,"Missing",0.152184430490185,-1.71756997954236
2019,0,0.198,10000,0,0.66,"B",0.000697265061464406,-7.26764742218644
2019,1,0.088,2500,1,0.24,"AA",0.515395729566928,0.0616023918882531
2019,0,0.198,2700,1,0.74,"C",0.00727201854339991,-4.91642278357734
2019,0,0.11,2750,0,0.37,"AA",0.00488731496192645,-5.31621291689829
2019,0,0.22,6000,0,1,"C",0.00826525047035169,-4.78739564618632
2019,0,0.176,25000,0,0.63,"A",0.00182397916333488,-6.30490916636668
2019,1,0.253,2600,0,0.5,"Missing",0.907143589843521,2.27924642735191
2019,0,0.275,16000,1,0.67,"D",0.665199971512283,0.686554280788904
2019,0,0.11,2000,0,0,"AA",3.652725568184e-06,-12.5200332852932
2019,0,0.165,12000,0,0.61,"B",0.0019292903284661,-6.24867189533732
2019,0,0.165,4500,0,0.96,"A",0.0819194202804039,-2.41654907962967
2019,0,0.187,1200,0,1.36,"Missing",0.00711401517239039,-4.9385490322733
2019,0,0.099,2000,0,0.06,"AA",0.0768738731632877,-2.48559980598038
2019,0,0.187,4000,1,0.76,"D",0.268836974181072,-1.00053130047477
2019,0,0.198,15000,0,0.58,"C",0.00435915784453698,-5.43110770852576
2019,0,0.198,8000,0,0.33,"C",0.759272835162239,1.14869698334298
2019,0,0.319,9740,0,0.56,"D",0.00768126372915358,-4.86126028071166
2019,0,0.099,8000,0,0,"AA",0.000155712165023209,-8.76734562671673
2019,0,0.121,7500,0,0,"AA",0.000445164067334607,-7.71662238992589
2019,0,0.209,6001,0,0.52,"C",0.000393577641543185,-7.83983854430849
2019,0,0.231,2500,1,0.38,"A",0.362864631121967,-0.562952295313087
2019,0,0.242,10000,0,0.8,"D",0.00650014889411056,-5.02940882869813
2019,0,0.198,2550,0,0.28,"D",0.000635526687305942,-7.36042074530934
2019,0,0.22,10000,0,0.87,"C",0.374887558809254,-0.511305401627332
2019,0,0.319,15000,0,0,"Missing",0.492062512509301,-0.0317526175189204
2019,1,0.22,8500,0,0.89,"D",0.0846953703094597,-2.38019599819122
2019,0,0.088,2000,0,0.23,"AA",1.8162258114324e-05,-10.9161466845959
2019,0,0.143,9500,0,0.27,"A",0.000622462816042228,-7.38120400804856
2019,0,0.088,3001,0,0.32,"AA",2.70170576435434e-06,-12.8216245181481
2019,0,0.077,5000,0,0.05,"AA",0.00978001864346215,-4.61758573150618
2019,0,0.22,7000,0,0.59,"C",0.573216375503611,0.294986113519735
2019,0,0.22,7500,0,0.74,"C",0.0278804191786037,-3.55155420154997
2019,0,0.099,1000,0,0.18,"AA",0.000186565028363716,-8.58654411966707
2019,0,0.132,19500,1,0,"AA",0.0149244493341063,-4.18971757635361
2019,1,0.319,5000,0,0.92,"Missing",0.938833269782223,2.73103448416636
2019,0,0.22,20000,1,0.05,"AA",7.45509478424198e-08,-16.4117830070815
2019,0,0.088,2499,0,0.01,"AA",0.136894241575133,-1.84132856258823
2019,0,0.165,2500,0,0.56,"C",0.167547629756097,-1.60310833970142
2019,0,0.275,15000,0,0.9,"D",0.00461101235687582,-5.37468617002549
2019,0,0.319,7000,0,0.36,"Missing",0.460529145071216,-0.158212617114547
2019,0,0.121,5000,0,0,"AA",0.000506679350191724,-7.5871253920767
2019,0,0.099,1000,0,0.02,"AA",0.000256821573144447,-8.26687212754762
2019,1,0.132,5900,1,0.31,"A",0.797247488006483,1.36917907253314
2019,1,0.187,9000,0,1,"Missing",0.945142563251215,2.84659801578094
2019,0,0.099,2000,0,0.06,"AA",0.012826614753802,-4.3433234030875
2019,0,0.253,15000,1,0.76,"B",2.32123719128564e-06,-12.9734079210793
2019,0,0.176,25000,0,0.76,"AA",0.0132081227223756,-4.31362715515168
2019,0,0.132,25000,1,0,"AA",0.00247953165965121,-5.99720297276471
2019,0,0.165,8000,0,0.84,"A",2.41627133634068e-05,-10.6306757201104
2019,1,0.077,2000,1,0.81,"Missing",0.0165823893193547,-4.08269261492003
2019,0,0.165,6500,0,0.9,"C",0.14673509664247,-1.76044115676008
2019,0,0.088,2000,0,0.15,"AA",0.000661221221623164,-7.32076065698885
2019,1,0.308,5500,0,0.35,"D",0.0794099121688616,-2.45039166539041
2019,0,0.275,15000,0,0,"C",2.79848518193377e-05,-10.4838192153947
2019,0,0.187,7500,0,0.62,"D",0.0938120033882688,-2.26795397057944
2019,0,0.308,11000,0,0.84,"Missing",0.194279828874664,-1.42243696333922
2019,1,0.319,3600,0,0.92,"Missing",0.947841489844215,2.89989992922284
2019,1,0.319,3000,1,0.8,"Missing",0.997912383250902,6.16964237623313
2019,1,0.132,10000,0,0.85,"A",0.848576354399152,1.7234785596613
2019,0,0.297,7000,0,0.71,"C",0.00214330479553535,-6.14326073920912
2019,0,0.22,5000,0,0.16,"A",1.68731216021988e-05,-10.9897717665997
2019,0,0.187,2400,0,0.77,"D",0.704911160313579,0.870795318650058
2019,0,0.22,5300,0,1.26,"D",0.0465942918286271,-3.01856248924566
2019,1,0.319,5000,0,0.46,"Missing",0.995691128616418,5.44276108779253
2019,0,0.165,3000,0,0,"C",8.29584730071959e-07,-14.0023397569896
2019,1,0.297,2000,1,0,"Missing",0.999849170168912,8.79920746186163
2019,0,0.22,7400,1,0.27,"D",0.01060866496661,-4.53541882408778
2019,0,0.077,3000,1,0.01,"AA",0.000225989439812078,-8.39479627129966
2019,0,0.165,4000,0,0.72,"C",0.168838364663188,-1.59388244781695
2019,0,0.099,2500,0,0.09,"AA",0.000188502681026508,-8.57620980777517
2019,0,0.176,10999,0,0.97,"B",0.00295236667771207,-5.82219143313133
2019,0,0.165,5000,0,0.92,"B",0.00068494011601221,-7.28549397060889
2019,1,0.308,8423,0,0.92,"Missing",0.926316217852718,2.53143294160979
2019,1,0.319,3800,0,0.73,"Missing",0.969383694140643,3.45512776444736
2019,0,0.198,8000,0,0.33,"C",0.000703241511563207,-7.2591066920629
2019,1,0.275,25000,0,0.18,"A",0.94332500451903,2.8120777561407
2019,0,0.132,25000,0,0.17,"AA",5.47771387275104e-05,-9.81218284891887
2019,0,0.11,5000,0,0,"A",0.00138349390812802,-6.58175871015992
2019,1,0.275,8000,1,0.48,"D",0.956883831642888,3.09978393338218
2019,1,0.319,3500,0,1.24,"Missing",0.999952663650999,9.95818474230725
2019,0,0.319,25000,0,0.52,"D",0.153991661059666,-1.7036307644768
2019,0,0.319,3000,0,0.98,"Missing",0.00105189061269572,-6.85611370616232
2019,0,0.132,9000,0,0.05,"AA",2.20075382941198e-07,-15.3292954794769
2019,0,0.209,13000,1,0.89,"C",0.0140341407811814,-4.25212874024804
2019,0,0.187,5000,0,0.03,"C",0.000183857763287356,-8.60116425023865
2019,0,0.319,20000,1,0.9,"C",0.000631698227034221,-7.36646686888901
2019,1,0.319,5000,1,1.05,"Missing",0.995109098047064,5.3154756424949
2019,1,0.319,7000,1,0.27,"Missing",0.98226544660379,4.01434667819951
2019,0,0.154,9000,1,0.54,"B",0.0156448215434558,-4.1418468152027
2019,0,0.231,3000,1,0.97,"D",0.00181172421550515,-6.31166291452062
2019,1,0.308,12000,0,0.83,"D",0.450092517186754,-0.200296895629075
2019,1,0.275,16000,1,0.67,"D",0.999918543987106,9.41536594317846
2019,1,0.264,25000,1,0.46,"C",0.747514578089102,1.08540029549267
2019,0,0.231,5000,0,0,"D",6.59551738388029e-05,-9.62646927359955
2019,0,0.22,2000,0,0.01,"D",0.0247124160204173,-3.67542659520646
2019,0,0.198,10000,0,0.66,"B",0.00664438933383544,-5.00731592807784
2019,0,0.121,9000,0,0.33,"A",1.54622783484617e-05,-11.0770916927307
2019,1,0.231,3000,1,0.65,"Missing",0.994518184075778,5.20082196366697
2019,1,0.165,1000,0,0,"Missing",0.643036215278832,0.588566711737838
2019,0,0.165,1500,1,0.64,"AA",0.0012777761913824,-6.66135546923328
2019,0,0.165,1250,0,0.74,"C",0.201263926323372,-1.37841345736625
2019,0,0.143,25000,1,0.11,"AA",0.000132222839679571,-8.93088964777844
2019,0,0.143,5000,0,0.32,"B",1.11624781777829e-05,-11.402941404181
2019,0,0.242,10000,0,0.8,"D",0.00694575107404658,-4.96265517752833
2019,0,0.121,10000,0,0.17,"AA",0.000211829714557531,-8.45951598712247
2019,0,0.165,9999,0,0.31,"A",0.000348306328369081,-7.96207984445084
2019,0,0.253,5000,0,0.78,"D",0.25355067098152,-1.07976404801693
2019,0,0.165,7000,0,0.33,"A",6.40405354329399e-06,-11.9585729978766
2019,1,0.22,4600,0,0.91,"Missing",0.862753613898806,1.83835140151435
2019,0,0.187,7500,0,0.62,"D",0.0929420754051365,-2.27822985801873
2019,0,0.165,5000,0,0.17,"B",0.00339472357285306,-5.68213244440581
2019,1,0.319,15000,0,0.98,"Missing",0.997726871576534,6.08432252026098
2019,1,0.275,2000,0,0.19,"D",0.830830992484292,1.59152813600927
2019,0,0.22,8000,0,0.79,"C",0.000364383561804105,-7.91693905393741
2019,0,0.121,10000,0,0.37,"AA",3.3857795816642e-05,-10.2933074219778
2019,0,0.165,11000,0,0.54,"B",0.000461113181887011,-7.68140581171927
2019,1,0.319,25000,0,0.98,"Missing",0.998486878293639,6.49206613935603
2019,0,0.176,8000,0,0.9,"B",0.114432876381987,-2.04623983879833
2019,0,0.275,3500,0,0.97,"Missing",0.127095466793799,-1.9268876838926
2019,1,0.264,3000,0,0.56,"Missing",0.994885601913348,5.27056804123699
2019,0,0.22,7500,0,0.38,"C",3.18984226020315e-05,-10.3529220986769
2019,0,0.176,5000,0,0.94,"B",0.000349119477498003,-7.95974717151259
2019,0,0.286,5050,1,0,"D",0.00646971539673483,-5.03413242486296
2019,1,0.176,10000,1,0.83,"C",0.512740437456971,0.0509727835230183
2019,0,0.231,25000,0,0.99,"C",0.0070014086056817,-4.95461788731424
2019,1,0.264,3000,0,1.99,"Missing",0.998852817581287,6.76929857269019
2019,0,0.176,8500,0,0.56,"C",0.050816901745931,-2.92737270731448
2019,1,0.275,16000,1,0.67,"D",0.998446578990672,6.46574104851345
2019,1,0.308,6500,1,0,"Missing",0.989349624550299,4.53145263732003
2019,0,0.319,10000,0,0.93,"D",0.00931093055803047,-4.66721169193015
2019,0,0.242,10000,0,0.8,"D",0.0626687574173554,-2.70517369708114
2019,0,0.165,4400,0,0.8,"Missing",0.285647891717558,-0.91661608514257
2019,1,0.275,6000,1,1,"Missing",0.980455257042092,3.91531066393591
2019,1,0.319,5000,0,0.73,"Missing",0.975537314974847,3.68583951516655
2019,0,0.165,12000,0,0.43,"A",0.0529662685498549,-2.88367944334218
2019,0,0.22,5000,1,0,"C",0.000931796121635393,-6.97746429030533
2019,0,0.165,4999,0,0.89,"C",0.00156501495785616,-6.45829365642715
2019,0,0.154,9500,0,0.77,"A",0.00101269376812942,-6.89412819447441
2019,0,0.165,3000,0,0.91,"Missing",0.63614342766312,0.558664295164802
2019,0,0.11,2000,0,0,"A",0.00122745897188802,-6.70158091006133
2019,0,0.154,6001,0,0.54,"A",7.7803341018568e-05,-9.46124837765073
2019,0,0.165,16000,0,0.24,"C",0.114070217816589,-2.04982349031245
2019,1,0.165,4500,1,0,"C",0.681541280205019,0.76086396343671
2019,1,0.319,4000,0,0.98,"Missing",0.834779021593917,1.61988320407366
2019,1,0.297,6000,0,0.85,"Missing",0.817879555055438,1.50204682894981
2019,0,0.077,1000,0,0,"AA",0.00730556942578866,-4.91178590089147
2019,0,0.319,2000,0,0.77,"Missing",0.044724444341489,-3.06147963339072
2019,0,0.22,3000,0,0,"D",0.0970711975820902,-2.23019899975071
2019,0,0.286,5050,1,0,"D",0.041345962798721,-3.14355547424822
2019,1,0.319,2700,0,0.47,"Missing",0.963552817536412,3.27476314796029
2019,0,0.209,3000,0,0.97,"C",9.36668257693046e-05,-9.27567280748262
2019,1,0.286,2200,0,0.97,"Missing",0.984062668583197,4.12302533751534
2019,0,0.077,1000,0,0,"AA",0.000927530428774311,-6.9820569958657
2019,1,0.154,8000,0,0.76,"AA",0.0659258247744062,-2.65102560884544
2019,1,0.198,13000,0,0.73,"C",0.985339791477599,4.20784962739291
2019,1,0.319,3000,0,0.36,"Missing",0.999518194731116,7.63748861063687
2019,0,0.066,9600,1,0.16,"C",0.00141242034724456,-6.56103706911193
2019,0,0.165,1500,1,0.42,"C",7.67947608221881e-05,-9.47429734088903
2019,1,0.187,5000,0,0.03,"C",0.61086712504474,0.450958598081248
2020,0,0.15,5250,1,0.39,"Missing",0.015291518951246,-4.1650472812457
2020,1,0.1375,4500,1,0.97,"Missing",0.146928771279656,-1.75889512755186
2020,0,0.2125,10000,1,0.6,"A",0.0252129265143558,-3.65486224106072
2020,0,0.3,7500,0,0,"Missing",0.000434675417862317,-7.74047620131302
2020,1,0.325,3000,1,0,"Missing",0.99983296389421,8.6971335165212
2020,0,0.3,4500,0,0.72,"Missing",0.000460064205127802,-7.68368433178909
2020,0,0.3125,15000,0,0.45,"Missing",0.728665233156234,0.987861052231806
2020,0,0.1875,11000,0,0.42,"A",0.00214527402159391,-6.14234040734833
2020,0,0.1125,3500,0,0,"Missing",3.71723729783947e-06,-12.5025261102161
2020,0,0.1875,3000,0,0.96,"Missing",0.0894433483208161,-2.3204506724286
2020,1,0.325,2200,0,0.97,"Missing",0.975459191380632,3.68257093583259
2020,0,0.2375,3000,1,0.77,"Missing",0.131624725252117,-1.8866690823075
2020,0,0.2875,19000,0,0.95,"Missing",0.00257099039430461,-5.96088978581047
2020,0,0.3125,16000,1,0.67,"Missing",0.365098161310669,-0.553304149678374
2020,1,0.325,5000,0,0.61,"Missing",0.860498570833184,1.8194371086616
2020,0,0.1875,18000,0,0.37,"Missing",0.0162114350569286,-4.10569413999587
2020,0,0.2875,10000,0,1.02,"Missing",0.000728994735301161,-7.22311478720963
2020,0,0.225,1600,0,0.94,"Missing",2.31130559986704e-05,-10.6750897920282
2020,0,0.3625,3001,0,0,"Missing",0.0200740865730541,-3.88804721218493
2020,0,0.2375,2100,0,0.86,"Missing",0.0867225415512522,-2.35432588714386
2020,1,0.325,9000,1,0.83,"Missing",0.995051776677022,5.30376618516525
2020,0,0.3625,5000,1,0,"Missing",0.0117505763507268,-4.43203282846037
2020,1,0.3375,2800,0,0,"Missing",0.992517678921854,4.88770177650152
2020,0,0.1875,5000,1,0.42,"Missing",0.000102261671956909,-9.18787335148726
2020,0,0.1875,19300,0,0.39,"Missing",0.172746898224425,-1.5662831890957
2020,1,0.3625,15000,0,0.97,"Missing",0.643346942001008,0.58992066345963
2020,0,0.3625,4000,1,0.94,"Missing",0.0385013500339412,-3.21779985444079
2020,1,0.3625,7900,1,0.99,"Missing",0.999995218380657,12.2507265125265
2020,1,0.25,8500,0,0.48,"Missing",0.019421315980908,-3.92177166651403
2020,0,0.2875,1000,1,0,"Missing",0.914703983006921,2.37247273778836
2020,0,0.125,8000,0,0.45,"Missing",0.00030601707155775,-8.09156360425932
2020,0,0.3,6000,0,0.52,"Missing",0.000459431283860486,-7.68506163595822
2020,1,0.3625,7000,1,0.91,"D",0.521147921409265,0.0846421829527579
2020,0,0.3125,3500,0,0.97,"Missing",0.0011110037650978,-6.8013797580162
2020,1,0.3125,15000,0,0.9,"Missing",0.825389562083723,1.55329804785133
2020,0,0.1375,8000,0,0.62,"Missing",5.76963670521173e-07,-14.3654859581583
2020,1,0.3375,6000,0,0.95,"Missing",0.99982776677936,8.66648881759105
2020,0,0.1875,5000,0,0.85,"Missing",0.201761553029899,-1.37532078894396
2020,0,0.125,6000,0,0.52,"Missing",0.207906780494461,-1.33758927774094
2020,0,0.3,25000,0,0.85,"Missing",0.0101797682974233,-4.57712109220554
2020,1,0.2625,5000,0,0.85,"Missing",0.871430329617579,1.91366497932589
2020,0,0.125,5000,1,0.06,"Missing",0.000397031641387746,-7.83109746874516
2020,0,0.2,20000,0,0.29,"Missing",0.0229073980243121,-3.75312151329357
2020,0,0.2875,6000,0,0,"Missing",1.62844721568286e-05,-11.0252822480011
2020,0,0.25,15000,0,0.84,"Missing",0.000546026823810163,-7.51229627961792
2020,0,0.2125,6500,0,0.81,"Missing",0.0638602355446701,-2.68506791059581
2020,0,0.25,3100,1,0.92,"Missing",0.00244288769358252,-6.01212858205003
2020,1,0.3125,2000,0,0,"Missing",0.999821050847307,8.62822989048043
2020,0,0.2875,3890,0,0.97,"Missing",0.588137004121406,0.35626916119228
2020,0,0.225,2275,0,1.03,"Missing",1.72566748110272e-05,-10.9672942869405
2020,0,0.1375,12000,0,0.41,"Missing",3.79414536788766e-05,-10.179428336813
2020,0,0.2125,1100,0,0.29,"Missing",0.0344462023803133,-3.33330306458607
2020,1,0.3625,2000,1,0,"Missing",0.999621854954623,7.8798545014563
2020,1,0.275,1100,1,0,"Missing",0.932439625052322,2.62478276239829
2020,0,0.3125,5000,1,0.92,"Missing",0.0773422040111607,-2.47901863038857
2020,0,0.3625,10000,0,0.93,"D",0.000240587800028516,-8.33218484541179
2020,0,0.3,6001,0,0.74,"Missing",0.0935068716087034,-2.27154852305717
2020,0,0.125,5000,0,0.52,"Missing",0.00178907914084833,-6.32426355650157
2020,0,0.1,2000,0,0.05,"Missing",1.13216970715332e-05,-11.3887782566847
2020,1,0.35,12000,0,0.83,"Missing",0.659127455860042,0.659408287220228
2020,1,0.3625,4850,0,0.89,"Missing",0.999979126239772,10.7769968052807
2020,0,0.325,2000,1,0,"Missing",0.00412287633186888,-5.48707282158377
2020,0,0.1875,15000,0,0,"Missing",3.35214382488808e-06,-12.6059071169293
2020,1,0.3625,4000,1,0,"Missing",0.999511879012112,7.624459016682
2020,1,0.3625,3000,0,0.29,"Missing",0.752398805785484,1.11144714625944
2020,0,0.175,9000,1,0.54,"Missing",0.00135706910603172,-6.60106998307334
2020,0,0.225,10000,0,0.66,"Missing",9.10895104641548e-07,-13.9088371785142
2020,0,0.1125,2500,1,0.24,"Missing",0.00121065954899239,-6.71537859307543
2020,0,0.125,3885,0,0.38,"Missing",0.0882631514603081,-2.33502869541357
2020,0,0.2125,10000,0,0.05,"Missing",4.86436110803989e-07,-14.5361597816518
2020,0,0.3625,2800,0,0.99,"Missing",0.639351835053606,0.572552034686745
2020,1,0.3625,3000,0,0.63,"Missing",0.836408805743787,1.63174689776775
2020,0,0.225,12000,0,0.54,"Missing",0.000149519549888945,-8.80793387446601
2020,0,0.25,2000,0,0,"Missing",0.0385703748230163,-3.21593687943987
2020,1,0.35,6215,1,0.91,"Missing",0.98573649240228,4.23568471046632
2020,1,0.3625,2975,0,0.96,"Missing",0.999758237048659,8.32731105960155
2020,0,0.25,3500,0,0.8,"Missing",0.172442326553552,-1.56841595908261
2020,1,0.25,2200,0,0.92,"Missing",0.551450141768307,0.206531587888767
2020,0,0.2,4000,0,0.8,"Missing",0.00652139005614717,-5.02612497974844
2020,1,0.225,1000,1,0.61,"Missing",0.699527170586064,0.845047304255386
2020,0,0.1875,9990,0,0.2,"Missing",0.000931056344736501,-6.9782592718094
2020,1,0.3,3000,0,0.91,"Missing",0.990398070393142,4.63614287462757
2020,0,0.1375,2500,1,0,"Missing",0.00424247231010326,-5.45835759053504
2020,0,0.2125,5600,0,1.09,"Missing",0.000242981008443237,-8.32228426169942
2020,1,0.3625,2975,0,0.96,"Missing",0.255160025681947,-1.07127849570963
2020,1,0.3625,1800,0,1.11,"Missing",0.98577054071083,4.23810919675826
2020,0,0.2125,2000,0,0.53,"Missing",0.029890587348975,-3.47986523523059
2020,0,0.325,2864,0,0.71,"Missing",0.0291073322397714,-3.50722581490298
2020,0,0.2125,5000,0,0,"Missing",0.164789010522192,-1.62301844341413
2020,0,0.15,4000,0,0.04,"Missing",5.96438743750648e-06,-12.0296982360726
2020,1,0.2875,4400,1,0,"Missing",0.911696371483386,2.3345258088181
2020,0,0.275,25000,0,0.83,"Missing",0.00814025908383392,-4.8027596990941
2020,1,0.3625,10500,0,0.99,"Missing",0.999831399006923,8.6878070070692
2020,0,0.1875,2500,0,1.01,"Missing",0.356664750054943,-0.589869707319917
2020,0,0.2125,6500,1,0.33,"Missing",0.00252144414483574,-5.98039883991635
2020,0,0.3625,2000,0,1.26,"Missing",0.00439602800952121,-5.42264815191624
2020,0,0.2,25000,0,0.78,"Missing",0.000147583706208193,-8.82096744883715
2020,1,0.25,6500,1,0.9,"Missing",0.95883595053241,3.1481547075049
2020,0,0.3375,2000,1,0,"Missing",0.321159595227523,-0.748447874443248
2020,0,0.1875,4000,0,0,"C",4.78694739800917e-08,-16.8547877742415
2020,0,0.2125,1500,0,0.67,"Missing",0.0980373576594129,-2.21922449609275
2020,0,0.275,9000,0,0.95,"Missing",0.353174397218409,-0.605114732642412
2020,0,0.2625,10000,0,0.21,"Missing",4.02130134533942e-05,-10.1212796831564
2020,0,0.125,3000,1,0.32,"Missing",1.15059335028871e-07,-15.977817769811
2020,1,0.3625,3001,0,0.92,"Missing",0.318014585947704,-0.762911021106305
2020,1,0.1875,5000,0,0.64,"C",0.995847882283163,5.47997601998799
2020,0,0.1875,2000,0,0,"Missing",0.0145738541210339,-4.21384507335971
2020,1,0.3625,6000,0,0.84,"Missing",0.886768426163404,2.0581488251763
2020,0,0.2375,13000,1,0.89,"Missing",0.00453252052165256,-5.3919342641411
2020,1,0.2,4200,1,0.83,"Missing",0.965823661785047,3.34144773325361
2020,0,0.125,5000,0,0.52,"Missing",0.0208531364133434,-3.84917728072744
2020,1,0.3125,15000,0,0.83,"Missing",0.927455310130966,2.54824182623007
2020,0,0.275,12000,1,0.92,"Missing",0.0371400369044986,-3.25521243429453
2020,0,0.275,12800,0,0,"A",0.000705020619567683,-7.2565782387025
2020,0,0.2375,15000,1,0.94,"Missing",0.00523430723516736,-5.24727272250496
2020,0,0.1875,2000,0,1.59,"Missing",0.146788464062674,-1.76001497688167
2020,0,0.225,4800,0,0.89,"Missing",0.000972543287195327,-6.93462295569317
2020,0,0.225,15000,0,0.29,"C",0.000279523207784299,-8.18214567331698
2020,0,0.125,3000,0,0.14,"Missing",0.00481267447375433,-5.33167803305581
2020,1,0.3625,4500,1,0.6,"Missing",0.999925712303907,9.50749092716887
2020,0,0.3625,3000,1,0.59,"D",0.00375446256845666,-5.58104860000136
2020,1,0.35,2550,0,0.74,"Missing",0.981736013452689,3.98439127415124
2020,0,0.3125,25000,0,0.57,"Missing",0.0129691537788918,-4.33212753974457
2020,0,0.3625,23500,0,0.86,"C",0.620958674444279,0.493619295386774
2020,1,0.3625,5500,0,0.72,"Missing",0.224308685911756,-1.240731484615
2020,1,0.1875,1000,0,0,"Missing",0.999064882238565,6.9739025332907
2020,0,0.275,6001,0,0,"Missing",0.00875149848423021,-4.72974032018861
2020,0,0.3625,4531,0,0,"Missing",0.272358380706781,-0.982689870613757
2020,1,0.1875,7500,0,0.72,"B",0.798892223849218,1.379385083758
2020,1,0.3625,6000,0,0.92,"Missing",0.990290275145158,4.62487016173491
2020,0,0.2125,9200,0,0.06,"A",0.04398062650282,-3.07902894780979
2020,0,0.3625,2000,1,0,"Missing",0.819597710448241,1.51362432378529
2020,0,0.25,9900,0,0.96,"Missing",0.00235206467429845,-6.05010691662449
2020,0,0.225,13000,0,0.52,"Missing",0.00161142586186235,-6.42902313783236
2020,0,0.2,5000,0,0,"Missing",5.58093304309686e-07,-14.3987391184255
2020,0,0.3625,2500,0,0.85,"Missing",0.548520128676831,0.194693186644517
2020,0,0.3625,2500,1,0.89,"Missing",0.00073505959871096,-7.21482364546973
2020,0,0.3125,15000,1,0.82,"D",0.00278299536930045,-5.88144058526266
2020,1,0.3625,2400,0,1.05,"Missing",0.819368645917658,1.51207586313783
2020,0,0.2375,6000,0,0.5,"Missing",1.35084529629387e-06,-13.5147786652121
2020,0,0.225,13000,0,0.52,"Missing",0.00115454602053217,-6.76289285506914
2020,1,0.1875,3000,0,0.08,"Missing",0.556916105789342,0.228655481044619
2020,0,0.275,7000,0,0.07,"Missing",0.030958170633669,-3.44367081960382
2020,1,0.25,2500,0,0.8,"Missing",0.96038541930766,3.18813743254323
2020,0,0.1875,4000,0,0.95,"Missing",0.000210968166175585,-8.46359231665308
2020,0,0.3125,15000,1,1.04,"Missing",0.000458185415143246,-7.68777832880284
2020,0,0.25,13000,0,0.9,"Missing",0.00349637682313968,-5.6525255366248
2020,0,0.2875,10000,0,0.67,"Missing",0.0472428573242302,-3.00405856185878
2020,1,0.3625,5000,0,0.51,"Missing",0.844272810689835,1.69036998791706
2020,1,0.3625,6000,0,0.92,"Missing",0.990540301444224,4.65121003587478
2020,0,0.15,6000,0,0.33,"Missing",4.49503067741142e-05,-10.0099080209672
2020,1,0.3625,6000,1,0.79,"Missing",0.992442606494311,4.87764282731617
2020,0,0.1625,8500,0,0.21,"Missing",0.00179895173006121,-6.31875058412583
2020,0,0.25,9000,0,1.01,"Missing",0.112551931268922,-2.06493527911765
2020,1,0.3375,1000,1,0,"Missing",0.953042618575502,3.01041921095444
2020,0,0.1375,14000,0,0.56,"Missing",0.000313021853042388,-8.06892448097988
2020,1,0.2125,2000,1,0.97,"Missing",0.761308998038198,1.15986948092731
2020,1,0.2125,1000,1,0.71,"Missing",0.300619664726508,-0.844348814236592
2020,0,0.35,10000,0,0.24,"Missing",0.000537408441390391,-7.52821460117444
2020,1,0.3375,2000,1,0,"Missing",0.984509444427328,4.15191297083037
2020,0,0.225,2800,0,0.99,"Missing",0.0167676381744298,-4.07139474293636
2020,0,0.25,5000,0,0.61,"C",2.76160768160327e-05,-10.4970848450319
2020,1,0.3125,16000,1,0.67,"Missing",0.870209251588439,1.90281017578584
2020,1,0.2875,3000,0,0.86,"Missing",0.995253591152322,5.34560927012334
2020,1,0.2375,25000,0,0.66,"Missing",0.990867031126502,4.68668952929773
2020,0,0.225,2500,0,0.84,"Missing",0.000199055464342641,-8.52172798150551
2020,0,0.25,21000,0,0.34,"AA",4.33333611913268e-05,-10.0465444190001
2020,0,0.0875,2500,1,0,"AA",4.61187609843595e-06,-12.2868712090715
2020,0,0.3125,5100,0,1.02,"Missing",0.242776064658849,-1.13751955532115
2020,1,0.3625,4000,1,0.98,"Missing",0.999997184079614,12.7802185760186
2020,0,0.35,4000,0,0,"Missing",0.655789203365142,0.644585150355761
2020,1,0.3625,3001,1,0,"Missing",0.879239731434292,1.98525026370908
2020,0,0.0875,2000,0,0.39,"Missing",2.68842480220876e-05,-10.5239431336504
2020,0,0.3625,7000,1,0.91,"Missing",0.0863647747155401,-2.35885150210464
2020,1,0.275,1100,1,0,"Missing",0.999295522954426,7.25735008442857
2020,1,0.2875,1000,1,0,"Missing",0.814638865997766,1.48043890789154
2020,0,0.1875,2600,0,0.68,"Missing",5.1157193678187e-05,-9.88055627808337
2020,0,0.225,3000,0,0.79,"Missing",0.158209253195635,-1.67161292000779
2020,1,0.3625,12500,0,0.96,"Missing",0.678737325418634,0.747975108276496
2020,0,0.2875,8000,1,0.74,"Missing",0.0870937789938857,-2.34964770251507
2020,0,0.125,8300,0,0.05,"Missing",0.00131253133073305,-6.63448429929426
2020,0,0.1875,2000,0,0.36,"Missing",0.00246224159855095,-6.00421784712216
2020,0,0.35,4000,0,0,"Missing",0.725393639267198,0.971375801528033
2020,0,0.1875,1500,0,0.77,"Missing",0.000569890641778573,-7.46949601898014
2020,1,0.2375,3900,1,0,"Missing",0.955495697155009,3.06664438278749
2020,0,0.3,2000,1,0.93,"Missing",0.00658026829100172,-5.01707774706502
2020,0,0.325,1000,0,0,"Missing",0.0333420725942242,-3.36702464586677
2020,0,0.3,10000,1,0.73,"Missing",0.00084129974899969,-7.07972088791547
2020,0,0.2875,12500,1,0.41,"Missing",0.388997834887236,-0.451526724961021
2020,1,0.25,13500,0,0.31,"C",0.997546442571087,6.00775972344056
2020,1,0.2125,5000,0,0.97,"Missing",0.343731515659061,-0.646709105217129
2020,0,0.1625,9500,0,0.27,"Missing",0.000262088313873097,-8.24656691248395
2020,1,0.3625,3001,1,0,"Missing",0.99988849439991,9.1013242314819
2020,0,0.3625,4669,1,0,"Missing",0.012227813710592,-4.39173892122759
2020,1,0.3625,3300,0,0.91,"Missing",0.476200127088617,-0.0952714885119641
2020,1,0.3625,2975,0,0.96,"Missing",0.996763998519809,5.73017557371637
2020,1,0.25,12000,0,0.34,"Missing",0.516148881416127,0.0646180005765764
2020,0,0.1375,8000,0,0.32,"Missing",0.0041838640640655,-5.47232740130277
2020,0,0.275,5400,0,0.63,"Missing",2.8845023797975e-05,-10.4535442197865
2020,1,0.2125,4990,0,0.9,"Missing",0.439596091247072,-0.242801458495103
2020,1,0.3625,2000,0,0,"Missing",0.998620359287282,6.58455157352074
2020,0,0.3625,5000,0,0,"Missing",0.000262647761348329,-8.24443405166768
2020,0,0.2625,25000,0,0.07,"Missing",1.54505882913201e-06,-13.3804470261714
2020,0,0.225,20000,0,0.67,"Missing",0.000117587668815001,-9.04820879043014
2020,0,0.3125,15000,0,0.79,"D",0.00728751652707315,-4.91427825924903
2020,0,0.3,3500,0,0,"Missing",0.0078681435290744,-4.83703387579151
2020,1,0.35,9000,0,0.7,"Missing",0.999762461487449,8.34494322279733
2020,1,0.075,6000,1,0.81,"Missing",0.954451446313792,3.04235790270507
2020,0,0.1375,1500,0,0.07,"Missing",2.60681467403555e-08,-17.4625516732865
2020,0,0.3125,2000,0,0.19,"Missing",0.590850305880807,0.367481606408644
2020,0,0.1875,10000,0,0.41,"Missing",0.000733779738670892,-7.21656760885169
2020,0,0.2875,6000,0,0,"Missing",0.000543322082087675,-7.51726479112506
2020,0,0.3,5500,0,0,"D",0.337723910958932,-0.67345379171478
2020,1,0.3625,3000,1,0.8,"Missing",0.969102765892064,3.44570399099237
2020,0,0.3625,4000,0,0.8,"D",0.0306725337415037,-3.45323490953653
2020,1,0.3625,2100,0,0,"Missing",0.175780613405398,-1.54520003758919
2020,1,0.3125,3000,0,0,"Missing",0.739190290834408,1.04176432779229
2020,1,0.25,13500,0,0.31,"Missing",0.91550407345576,2.38277148691338
2020,0,0.3,4000,0,0.92,"Missing",0.26846433797599,-1.002427885513
2020,1,0.3125,25000,0,0.57,"Missing",0.5981186531125,0.397632262789401
2020,0,0.2875,6000,0,0,"C",0.135454477219006,-1.85356833927885
2020,1,0.3625,4000,0,0.98,"Missing",0.967520384604243,3.39412382008063
2020,0,0.25,3000,0,0.27,"Missing",0.00958710469901509,-4.63770298716999
2020,0,0.275,24000,0,0.72,"Missing",0.00625765140306788,-5.0676730269264
2020,0,0.1375,1500,0,0,"AA",0.00439781547867752,-5.42223982914931
2020,0,0.1125,6500,0,0.09,"Missing",0.0020441280063866,-6.1907377630803
2020,0,0.15,10000,1,0.08,"AA",0.000161369008195377,-8.73165545715279
2020,0,0.25,2000,1,0.98,"Missing",0.536079044872547,0.144567439589675
2020,1,0.3125,4500,0,0.87,"Missing",0.407310406597875,-0.375095246156674
2020,0,0.3625,5000,0,1,"D",0.00508377329010226,-5.2766047798399
2020,0,0.25,13000,0,0.9,"Missing",0.010207720176155,-4.57435078873774
2020,0,0.2125,1000,1,0.76,"D",0.141744034306499,-1.80087952760997
2020,0,0.25,15000,0,0.84,"Missing",0.0815790814770414,-2.42108292778565
2020,0,0.3625,4000,0,0.77,"Missing",0.240726784651866,-1.14869906339057
2020,0,0.125,1000,0,0.24,"Missing",2.85020982043468e-07,-15.0707027531615
2020,0,0.275,1100,1,0,"Missing",0.00863398135485352,-4.74337807124123
2020,1,0.3625,4000,1,0.98,"Missing",0.970352075080931,3.48826683251442
2020,0,0.1875,15000,0,0,"Missing",0.00196035583057324,-6.23266699616342
2020,1,0.3625,1800,0,0.73,"Missing",0.995358066362066,5.36797152637015
2020,1,0.3625,3000,0,1.15,"Missing",0.999969548198688,10.3993349568951
2020,0,0.275,15000,0,0.94,"Missing",0.00203274354848191,-6.19633408429391
2020,0,0.1875,5000,0,0.33,"Missing",0.0094568477206279,-4.65151432573541
2020,1,0.3625,5000,0,0.92,"Missing",0.946337478644223,2.86988441667195
2020,1,0.25,1500,0,0,"Missing",0.115058234271008,-2.04008345624782
2020,0,0.3625,13500,0,0.78,"Missing",0.000154082384152329,-8.77786904230764
2020,0,0.325,2550,1,0.51,"Missing",0.0853749948169004,-2.37146089368996
2020,0,0.1875,8500,0,0.22,"Missing",0.000303998453492269,-8.09818389909709
2020,0,0.225,12000,0,0.57,"A",7.68292109079376e-05,-9.47384880759932
2020,0,0.0875,5000,0,0.05,"Missing",5.6597978268929e-05,-9.77948069344333
2020,1,0.3625,12000,0,0.63,"D",0.943349669830557,2.81253920397001
2020,0,0.2875,7200,0,1.12,"Missing",0.198620906243743,-1.39493609654345
2020,1,0.2375,1500,0,0.86,"Missing",0.165398410173602,-1.61859730251814
2020,1,0.25,2500,0,0.78,"Missing",0.98035048742998,3.9098576155506
2020,0,0.2375,7500,0,0.57,"Missing",0.00059506443498383,-7.42624562263546
2020,1,0.1375,6001,0,0.01,"Missing",0.0292833387889841,-3.50101591241996
2020,0,0.3375,5000,0,0.96,"Missing",0.304340919091423,-0.826711196612675
2020,0,0.15,9000,0,0.12,"Missing",4.45230993162311e-05,-10.019457893622
2020,0,0.3625,15000,0,0.98,"Missing",0.05520037484534,-2.84000312420093
2020,1,0.3625,2500,0,0.96,"Missing",0.99271213444886,4.91423001539275
2020,1,0.3125,5000,1,0.92,"Missing",0.98409226560854,4.12491422785167
2020,0,0.1875,5000,0,0,"C",0.000520225571917795,-7.56072768736362
2020,1,0.2875,6001,1,0.85,"Missing",0.883533846132652,2.02632889412295
2020,0,0.2375,6001,0,0.52,"Missing",0.00356259548589045,-5.63369697404776
2020,1,0.1375,1200,0,0.87,"Missing",0.897762018931076,2.17260177739822
2020,0,0.3375,15000,0,0.94,"Missing",0.0446685258307308,-3.06278924013608
2020,0,0.2625,14000,0,0.85,"Missing",7.10105750446534e-05,-9.55261073462675
2020,1,0.2875,5000,0,0.97,"Missing",0.999742140860836,8.26283920198099
2020,1,0.3625,3000,1,0.98,"Missing",0.999997149104272,12.7678744716273
2020,1,0.3625,10500,0,0.99,"Missing",0.967135657182801,3.38195050717435
2020,1,0.3625,4600,0,0.9,"Missing",0.991928661755469,4.81133189305462
2020,0,0.2125,6300,0,0.41,"C",0.0171668190785269,-4.04746100437552
2020,0,0.175,22000,0,0.71,"A",0.01564930125068,-4.14155596725391
2020,0,0.15,25000,1,0,"Missing",0.585160010198249,0.34399245240006
2020,1,0.3,3000,0,0,"Missing",0.772327400051428,1.22149992162287
2020,1,0.2875,6001,1,0.85,"Missing",0.985018732074796,4.18586004261698
2020,1,0.275,13000,0,0.82,"Missing",0.838268741940242,1.64540268664302
2020,1,0.3625,4000,0,0,"Missing",0.99766678183738,6.05817083433262
2020,1,0.3625,15000,0,0,"Missing",0.987536031193724,4.37237099697491
2020,0,0.3625,2000,0,0,"Missing",0.000192884706215671,-8.5532250213702
2020,0,0.2125,1200,0,1.36,"Missing",0.0118989794495772,-4.41933230414151
2020,0,0.1875,2000,1,0,"Missing",0.00433773572978017,-5.43605561726208
2020,0,0.3,2000,0,1.02,"Missing",0.66822076220694,0.700148799949975
2020,1,0.3625,2501,0,1.07,"Missing",0.999994583986811,12.1261451711658
2020,0,0.1875,25000,0,0,"A",0.000191332248268097,-8.56130777084694
2020,1,0.25,8000,0,0.79,"Missing",0.169957085986504,-1.58593143327519
2020,0,0.2125,11000,0,0.61,"Missing",0.607959961928024,0.438745055192304
2020,0,0.3125,7500,0,0.54,"Missing",0.0618189243077149,-2.71973343866386
2020,1,0.3625,5224,0,0.67,"Missing",0.989565067787765,4.55210647681406
2020,0,0.1875,18000,0,0.37,"Missing",0.109711459467981,-2.09369178932567
2020,1,0.3625,3500,0,0.9,"Missing",0.999564758670895,7.73917456508263
2020,0,0.175,7500,1,0.54,"Missing",0.00539999178378878,-5.21594322249298
2020,0,0.2125,9000,0,0.99,"Missing",0.273718506408655,-0.975837442465588
2020,0,0.125,6000,0,0,"Missing",0.000371800430236767,-7.89678145593986
2020,1,0.2875,1000,1,0.93,"Missing",0.994674608719397,5.22992946843963
2020,0,0.3625,3000,0,0.79,"Missing",0.0760072271154772,-2.49787582066763
2020,0,0.2125,1275,0,0.91,"Missing",0.000878047335568961,-7.03693161978878
2020,1,0.275,2000,0,0,"Missing",0.960488823635126,3.19085876832298
2020,1,0.3625,5000,0,0.92,"Missing",0.999173091469596,7.09698922255679
2020,0,0.1875,6000,0,0.14,"Missing",4.79796235387917e-06,-12.2473144418148
2020,0,0.2875,6300,0,0.76,"Missing",0.00026044289027057,-8.25286647520114
2020,0,0.1875,25000,0,0,"Missing",0.000439262073316121,-7.72997498649134
2020,1,0.3625,5000,0,0.89,"Missing",0.945691452312337,2.85723472497329
2020,0,0.2125,9000,0,0.9,"Missing",0.000121184157988997,-9.01807801103267
2020,1,0.3375,4700,0,0,"Missing",0.972195713590534,3.55436693942077
2020,1,0.3625,8500,1,0,"B",0.28333985502047,-0.927954654112974
2020,1,0.3625,18000,0,0.93,"Missing",0.995435004470477,5.38476229728874
2020,0,0.1375,1000,1,0.97,"Missing",0.579846273471704,0.322142362817567
2020,1,0.3625,3500,0,0.98,"Missing",0.308563809659142,-0.806842209284046
2020,1,0.2375,4400,0,0.98,"Missing",0.932538572712304,2.62635452855102
2020,0,0.3,3000,0,0.56,"Missing",0.41339497100256,-0.349948247429074
2020,1,0.3625,5500,0,1.02,"Missing",0.935938431427856,2.68170506605968
2020,0,0.1625,10200,0,0.95,"Missing",0.00453736954522991,-5.39086013551621
2020,0,0.0875,1000,0,0.07,"Missing",1.16855136506609e-05,-11.3571489472352
2020,0,0.125,5000,0,1.13,"A",7.47972047156574e-05,-9.50065524379149
2020,0,0.35,15000,0,0.93,"Missing",0.0234216238831905,-3.73039531615568
2020,0,0.25,10000,0,0.03,"D",0.333018683551086,-0.694563439035795
2020,1,0.3375,2000,0,0,"Missing",0.99790429501738,6.16576737095131
2020,0,0.2125,1000,1,0.76,"Missing",0.0060770566806821,-5.09713920164754
2020,1,0.3625,6000,1,0.77,"Missing",0.955888148645849,3.0759124223435
2020,0,0.3625,6500,0,0.95,"Missing",0.0260360227355224,-3.62189324968671
2020,0,0.2125,25000,0,0.54,"A",0.00134923370126078,-6.60686833165306
2020,0,0.1875,7000,0,0.95,"Missing",0.0424108793364664,-3.11701387568544
2020,0,0.35,6500,1,0,"Missing",0.0118576944372545,-4.42284974488245
2020,0,0.25,9000,1,0.93,"Missing",0.0045782743183909,-5.38184435152111
2020,0,0.2125,9000,0,0.99,"Missing",0.00293701226574246,-5.82742111674177
2020,0,0.1625,10000,0,0.12,"AA",0.00895427780435931,-4.70662928563377
2020,0,0.25,12200,0,0.35,"C",3.30440362750481e-05,-10.3176364089022
2020,1,0.3375,3500,1,1.09,"Missing",0.985612616137859,4.22691169128265
2020,0,0.225,19200,0,0,"Missing",0.000394003444354659,-7.83875682560355
2020,1,0.3125,6000,0,1.02,"Missing",0.995505324873095,5.40035708144752
2020,1,0.3625,25000,1,0.93,"Missing",0.98023066165816,3.9036557441737
2020,0,0.1125,3001,0,0.21,"Missing",1.57487833221781e-05,-11.0587316961547
2020,0,0.2625,2500,1,0.38,"A",0.000672048744541021,-7.30450740888187
2020,1,0.325,25000,0,0.92,"Missing",0.825130002218897,1.55149812433092
2020,0,0.2375,11500,0,0.38,"C",0.0610072858755913,-2.73381442236791
2020,1,0.3625,4000,0,0,"Missing",0.995854798007251,5.48164994275918
2020,0,0.25,3500,0,1,"Missing",7.97380598261414e-05,-9.4366838063178
2020,0,0.2625,25000,0,0.07,"Missing",0.0101845596264839,-4.57664569059903
2020,0,0.0875,3000,0,0.06,"Missing",0.00256644460832763,-5.96266401519643
2020,1,0.25,9000,0,0.94,"Missing",0.978885712906005,3.8364649723077
2020,0,0.3625,5500,0,1.02,"Missing",9.21376458328965e-06,-11.5948028278625
2020,0,0.25,19900,0,0.98,"Missing",2.64264844480103e-05,-10.5411174250577
2020,0,0.3625,1000,0,0.92,"Missing",0.000259386441293718,-8.25693213685248
2020,0,0.2125,1850,0,0.68,"Missing",0.053773272309295,-2.86770566370086
2020,0,0.1875,2000,0,0,"Missing",0.000806812459695932,-7.121612170544
2020,1,0.15,20000,0,0,"Missing",0.860482364366349,1.81930210722234
2020,0,0.2125,2800,0,0,"Missing",0.0335371533032566,-3.36098897871638
2020,0,0.15,4700,0,0.09,"Missing",0.00219691222930953,-6.11850310764247
2020,0,0.225,8000,0,0.33,"Missing",0.000155794177685179,-8.76681898935279
2020,1,0.225,10000,0,0.87,"Missing",0.540076379516995,0.160650139837794
2020,1,0.175,15000,0,0.59,"AA",0.126800841273563,-1.92954598460723
2020,1,0.1625,6001,0,0.94,"Missing",0.633032550721272,0.545248693704853
2020,1,0.3625,2550,0,0.9,"Missing",0.451811401683444,-0.193354545406088
2020,1,0.2,4200,1,0.83,"C",0.987600728435722,4.37764076898329
2020,1,0.3,6000,0,0.52,"Missing",0.959777645707067,3.17227872056879
2020,0,0.2875,6001,0,0.61,"Missing",0.0234758374627676,-3.72802779490906
2020,0,0.275,4000,0,0.47,"Missing",3.85112604885941e-08,-17.0723151196822
2020,0,0.3625,10500,0,0.99,"Missing",0.0320621602016431,-3.40749134525496
2020,0,0.2875,5000,0,0.37,"Missing",0.667928438529957,0.698830547562699
2020,1,0.3625,5000,0,0.82,"Missing",0.996691778501933,5.70803083999751
2020,1,0.25,2000,0,0.84,"Missing",0.742573442020481,1.05938730990433
2020,0,0.2375,6000,0,0.49,"Missing",0.175618746486332,-1.54631767694737
2020,0,0.2625,1500,0,0.01,"C",0.0141604300836168,-4.2430421724276
2020,1,0.3625,4750,1,1.19,"Missing",0.995813065092011,5.47159061361983
2020,0,0.3625,3000,0,0.61,"Missing",0.22323977652518,-1.24688528517877
2020,0,0.3625,18000,0,0.93,"Missing",0.00171946330005423,-6.36402212842814
2020,0,0.2125,1075,1,0.9,"Missing",0.683446053111717,0.769654050270101
2020,0,0.1625,9000,0,0.86,"Missing",4.02586780989309e-06,-12.4227660395149
2020,1,0.3625,1300,0,0.55,"Missing",0.997282656255715,5.90537939800061
2020,0,0.2375,4000,0,0.9,"Missing",0.0651900613530658,-2.663036210373
2020,0,0.3,15000,1,0.81,"Missing",0.0873822250029435,-2.34602525889237
2020,1,0.3625,5000,0,0.9,"Missing",0.998398560904804,6.43524989671844
2020,0,0.2625,7000,0,0.78,"D",0.0364110257278901,-3.27579319506166
2020,1,0.3625,1000,0,0.92,"Missing",0.995974011348474,5.51095065580332
2020,0,0.25,2550,0,0,"Missing",2.92088600715589e-06,-12.7436206397103
2020,0,0.25,20000,1,0.2,"Missing",0.000533856686489089,-7.53484913314628
2020,0,0.2125,5000,0,0,"Missing",0.0144388121124187,-4.22329134643345
2020,0,0.3625,15000,0,0.49,"Missing",0.363792406314576,-0.558941522623091
2020,0,0.25,3500,0,1,"Missing",0.117974163868222,-2.01175569802094
2020,0,0.25,7500,0,0.36,"C",0.00248456583881508,-5.99516968995354
2020,0,0.25,12000,0,0.95,"C",0.000283502013497033,-8.1680077903316
2020,0,0.3625,6000,0,0.59,"Missing",0.0944128299755233,-2.26090656529867
2020,1,0.3625,10500,0,0.99,"Missing",0.398292440054008,-0.412585036983258
2020,0,0.125,1425,0,0,"Missing",7.52236162137803e-05,-9.49497010446875
2020,1,0.2,9000,0,0.69,"Missing",0.984178691655236,4.13044981691155
2020,1,0.3625,4000,1,0.16,"Missing",0.99711792331464,5.84635793551027
2020,0,0.225,9995,0,0.53,"Missing",3.74381719852365e-07,-14.7979895443338
2020,1,0.3625,3001,1,0,"Missing",0.974083158185106,3.62660365751213
2020,0,0.3625,3000,1,0,"Missing",0.123806037626565,-1.95687135640338
2020,0,0.1625,25000,0,0.27,"Missing",9.91290682666464e-06,-11.5216630171075
2020,0,0.2875,10000,0,1.02,"Missing",0.000382109398802585,-7.86942142363669
2020,1,0.25,3000,0,1,"Missing",0.245257860317269,-1.12406600591277
2020,0,0.225,5000,1,0,"Missing",0.648273344238571,0.61145810713905
2020,0,0.1875,10000,0,0.41,"C",0.507297671494643,0.0291927590161336
2020,0,0.3125,6500,0,0.64,"D",0.00270880144496945,-5.90853653626381
2020,0,0.3,6500,0,0.98,"Missing",0.000366094102913837,-7.91225398469232
2020,0,0.3,1025,1,0.59,"Missing",0.44380368922416,-0.22573898559668
2020,0,0.175,3500,0,0.65,"Missing",7.64856202468589e-06,-11.7809852498325
2020,0,0.2625,5000,0,0,"Missing",0.0040389768035318,-5.50771673003882
2020,0,0.3,7500,0,0,"Missing",0.0860632523674633,-2.36267884660005
2020,0,0.2,5200,0,0.86,"Missing",0.0381689981375177,-3.22681514246065
2020,0,0.2125,7000,0,0.51,"Missing",1.15838021049876e-09,-20.5762431767629
2020,0,0.2,5000,0,0.94,"Missing",0.000139684425318822,-8.87598509035696
2020,1,0.3625,2500,0,0.89,"Missing",0.928438441535266,2.5629460429264
2020,0,0.2,10999,0,0.97,"B",5.43528233899589e-06,-12.1225936551459
2020,0,0.1625,4250,1,0.99,"B",2.45481702967604e-05,-10.6148486876931
2020,1,0.3375,2800,0,0,"Missing",0.999174107103667,7.09821922417348
2020,0,0.1875,25000,0,0.31,"Missing",0.000467429355810061,-7.66779479258563
2020,0,0.2125,20000,1,0.55,"Missing",0.000560414771975494,-7.48627281228649
2020,0,0.3125,15000,0,0.45,"Missing",0.0342637519041419,-3.33880276226232
2020,0,0.2875,5000,0,0.39,"D",0.0571873285321222,-2.80253526653601
2020,0,0.175,2100,0,0.92,"C",0.000550257971699446,-7.50457294082966
2020,0,0.175,8000,0,0.44,"A",0.0222529383847145,-3.78277694625239
2020,1,0.3625,1890,1,0,"Missing",0.999998181715385,13.2176152024741
2020,1,0.2875,8000,1,0.74,"Missing",0.933053713287961,2.63457216270261
2020,0,0.25,3000,0,0,"Missing",0.0022965892877135,-6.07403094455064
2020,0,0.3,25000,0,0.85,"Missing",0.0107464517053484,-4.52237504094622
2020,0,0.225,8000,0,0.35,"Missing",0.0226088573672665,-3.76654517421895
2020,0,0.1375,25000,1,0.09,"Missing",0.00276929153393353,-5.88639062230329
2020,0,0.2375,4000,0,0.9,"D",0.00748833069670871,-4.88689286822036
2020,1,0.3375,2000,1,0,"Missing",0.992070519615736,4.82920668489413
2020,0,0.25,4600,0,0.91,"Missing",0.343403897385096,-0.648161771540781
2020,0,0.25,7500,0,0,"Missing",0.0195295311559118,-3.91610478847012
2020,0,0.1875,13000,0,0.26,"Missing",1.535131753062e-06,-13.3868928128619
2020,0,0.2875,7800,1,1.03,"Missing",0.200388516889915,-1.38386789697085
2020,0,0.25,1500,0,0.41,"Missing",0.109579141707332,-2.09504718192961
2020,0,0.1625,17500,0,0.08,"Missing",1.14179552496097e-06,-13.6829073709122
2020,1,0.325,2600,0,0.36,"Missing",0.999899966930816,9.20990969673045
2020,0,0.25,3500,0,1,"Missing",0.511141153077667,0.0445719899692851
2020,0,0.25,8000,0,0.92,"D",0.00234919957063734,-6.05132865381654
2020,0,0.2125,4000,1,0.31,"Missing",6.59056966120222e-06,-11.9298641793165
2020,1,0.3375,2000,1,0,"Missing",0.99559289897462,5.42012132861905
2020,0,0.1375,4000,0,0,"Missing",0.182602148525125,-1.49881620825513
2020,0,0.175,2690,1,0.69,"Missing",0.000140530927153199,-8.86994243052441
2020,0,0.3125,10500,0,0.81,"Missing",0.108451267008095,-2.10665917976703
2020,1,0.3,2350,0,1.37,"Missing",0.945815830793783,2.85965908334719
2020,1,0.225,13000,0,0.73,"Missing",0.165602155738509,-1.61712206049295
2020,1,0.3625,4000,0,0.95,"Missing",0.996191797081961,5.56678240358775
2020,1,0.1375,4000,0,0.64,"D",0.799687384593775,1.3843416587942
2020,1,0.3,3000,0,0.67,"Missing",0.999989584637692,11.4722182813245
2020,1,0.2875,5000,0,1,"Missing",0.988535442455403,4.45696417302445
2020,0,0.2875,12500,1,0.41,"Missing",0.373012787010226,-0.519313445884283
2020,1,0.3,1000,1,0.9,"Missing",0.978763186651249,3.83055356570916
2020,0,0.2875,6001,1,0.85,"Missing",0.662371201630814,0.673879064017108
2020,1,0.3625,6000,1,0.77,"Missing",0.832072945053988,1.60039042295915
2020,1,0.1375,1000,1,0.97,"Missing",0.998012294750201,6.21878476307137
2020,1,0.2875,5300,0,0.45,"Missing",0.587716836742889,0.354534859008023
2020,0,0.1375,13000,0,0.82,"Missing",7.65105524702936e-07,-14.0832513067389
2020,0,0.2375,3000,0,0.97,"C",5.95056903341636e-07,-14.3346082050482
2020,1,0.3625,3600,0,0.3,"Missing",0.996033482984591,5.52589249094406
2020,0,0.3,2600,0,0.96,"Missing",0.265396835342089,-1.01810424365746
2020,0,0.2375,6001,0,0.05,"Missing",0.000143059699017575,-8.85210546924267
2020,1,0.275,10000,0,0.93,"Missing",0.769127564541433,1.20339150888147
2020,0,0.15,8000,1,0.91,"Missing",0.000907925622621126,-7.00343975809419
2020,0,0.3375,8500,0,0.96,"Missing",0.342226938343554,-0.653385901326612
2020,0,0.225,5000,0,0.5,"Missing",0.898388658574994,2.1794476222052
2020,1,0.275,12150,0,0,"D",0.946711975040045,2.87728326879157
2020,0,0.275,9000,0,0.99,"Missing",0.00368171597233531,-5.60068782848372
2020,0,0.1625,5000,0,0,"B",0.00197916298830415,-6.22310013271288
2020,0,0.275,3200,0,0,"Missing",0.00017183743032946,-8.66878984841508
2020,1,0.25,1300,0,0,"Missing",0.261965345602506,-1.0357785543561
2020,1,0.35,3000,0,0.98,"Missing",0.991755697971625,4.78995450624725
2020,1,0.1875,7500,0,0.65,"Missing",0.130840289028584,-1.89354948376649
2020,0,0.3625,3800,0,0.96,"Missing",0.559931429700172,0.240883772907187
2020,1,0.3625,5500,1,0.89,"Missing",0.927017660247685,2.54175512567319
2020,0,0.2375,9750,0,0.78,"Missing",0.0452348832546936,-3.04959681656571
2020,0,0.2,6500,1,0.93,"Missing",6.18296505972715e-07,-14.2962970931238
2020,1,0.3,1200,0,1.09,"Missing",0.992378007426914,4.86906626252911
2020,1,0.3625,1000,0,0,"Missing",0.923156716176226,2.4860309372459
2020,0,0.25,9000,0,0.72,"Missing",0.00228013607227418,-6.08123741743382
2020,0,0.3625,7500,0,0.35,"Missing",0.257227714423706,-1.06042777710699
2020,1,0.35,2550,0,0.94,"Missing",0.974459628548891,3.64162269583305
2020,0,0.2125,1000,0,1.02,"Missing",0.0393374142529469,-3.19544715726518
2020,0,0.2875,21000,0,0,"Missing",0.000596631773049643,-7.42361362060143
2020,0,0.25,2700,1,0.87,"Missing",0.129429346523291,-1.90601377460098
2020,0,0.15,6000,0,0.6,"Missing",0.000163197208383805,-8.72038801054546
2020,0,0.1875,9999,0,0.57,"B",0.000576374637372422,-7.45817615578468
2020,0,0.3,5250,0,0.57,"Missing",0.531606972165266,0.126596695642094
2020,1,0.2125,3000,0,0.88,"Missing",0.458860588710269,-0.164930501871878
2020,0,0.2125,8500,1,0.21,"B",0.00167614000393115,-6.3895841995477
2020,0,0.15,3001,0,0.05,"Missing",0.000871421272125076,-7.04451323196281
2020,1,0.3625,17000,1,0,"Missing",0.998670729829134,6.62179507663879
2020,0,0.175,8000,0,0.92,"Missing",0.00271944586601963,-5.9046039948808
2020,0,0.2625,5000,0,0,"Missing",0.00516410800300879,-5.26084540352089
2020,0,0.1875,5500,0,0.28,"C",0.00172352233493481,-6.36166020372593
2020,0,0.175,9900,0,0.02,"Missing",0.0253954878908677,-3.64746024394985
2020,0,0.3,3000,0,0,"Missing",0.0397939524495519,-3.18343294205527
2020,0,0.125,5000,0,0.11,"Missing",0.0179873800904097,-3.99993375358565
2020,1,0.3,3000,0,0.4,"Missing",0.89738569914665,2.16850844998176
2020,0,0.275,25000,0,0.63,"Missing",3.4211883813104e-06,-12.5855191661374
2020,1,0.3125,15000,0,0.65,"D",0.941405103556989,2.77672594882001
2020,0,0.2875,15000,1,0.76,"B",0.00232003403780719,-6.06385069245632
2020,1,0.2875,8500,1,1.13,"Missing",0.995861186669113,5.48319876535927
2020,0,0.3,5000,0,0.7,"Missing",0.365654336992834,-0.550905562958503
2020,1,0.0875,1500,1,0.07,"Missing",0.716739723191868,0.928346585587047
2020,0,0.1625,12500,0,0,"AA",0.000893881131032667,-7.01904347380083
2020,1,0.325,1000,1,0,"Missing",0.0548525988493063,-2.84669132875842
2020,0,0.325,1200,1,0,"Missing",0.955783653416833,3.07343703057259
2020,0,0.1875,20000,1,0.79,"Missing",0.181250748771913,-1.50789644753683
2020,1,0.3625,3000,1,0,"Missing",0.944312299536474,2.83069763219638
2020,0,0.15,9000,0,0.43,"Missing",1.97803864183915e-06,-13.1334028111005
2020,0,0.1875,5000,1,0.84,"Missing",0.00172844051834596,-6.35880577549581
2020,0,0.2625,25000,0,0.07,"Missing",3.63339820305273e-08,-17.1305123531596
2020,0,0.1625,20000,0,0.79,"Missing",0.00121231896425907,-6.71400719971037
2020,1,0.3625,15000,0,0.49,"Missing",0.907939702610868,2.28873420081237
2020,1,0.3625,4000,0,1,"Missing",0.808485481970611,1.44019910419862
2020,0,0.1,2000,0,0.23,"Missing",0.000218792654739989,-8.4271672420448
2020,0,0.25,2500,0,0,"Missing",0.00103782204842502,-6.86959258494694
2020,1,0.275,25000,0,0.7,"Missing",0.255524433358913,-1.06936199844846
2020,1,0.3625,2975,0,0.96,"Missing",0.869539897363753,1.89689676505793
2020,1,0.25,3500,0,1,"Missing",0.936373380180507,2.68898237398407
2020,1,0.225,7500,1,0.96,"Missing",0.704749193867018,0.870016800722834
2020,0,0.25,3000,0,0.62,"C",0.00110817445214697,-6.80393246633311
2020,0,0.3125,4000,1,0.99,"Missing",0.0955316634284523,-2.24788955090885
2020,0,0.275,6001,0,0.01,"D",0.000756207324414857,-7.18643848734389
2020,0,0.1125,5000,0,0,"Missing",0.00283389655674074,-5.86326471953296
2020,1,0.3,4000,0,0.63,"Missing",0.995231168936839,5.34087382602959
2020,0,0.3,7500,1,0.94,"Missing",0.00077643989873162,-7.16001457710362
2020,0,0.25,1000,0,0.91,"Missing",0.126018729548736,-1.93662840261952
2020,0,0.175,12000,1,0.37,"Missing",0.172848177090319,-1.565574640777
2020,1,0.3625,3000,1,0.75,"Missing",0.93448349893792,2.65769193357695
2020,0,0.2125,5000,1,0.98,"Missing",6.10669579020262e-05,-9.70347855644318
2020,0,0.275,6001,0,0.25,"Missing",0.658598496830712,0.657054874262074
2020,0,0.2125,6500,0,0.45,"Missing",0.000188427496045067,-8.57660881618271
2020,0,0.25,5000,0,0.45,"D",0.0168026824994038,-4.0692712836662
2020,0,0.35,2550,0,0.74,"Missing",0.0262898609315584,-3.61193031191593
2020,1,0.3625,3000,1,1.01,"Missing",0.989068252880123,4.50509220555601
2020,1,0.325,1000,1,0.33,"Missing",0.999994320827691,12.0786993768609
2020,0,0.275,12800,0,0,"Missing",0.00950632064524526,-4.64624657640061
2020,1,0.35,1500,1,1,"Missing",0.877167780696908,1.965878932683
2020,1,0.2125,10000,0,0.85,"Missing",0.559044280168275,0.237284221338344
2020,1,0.35,5000,0,1.19,"Missing",0.818839690050518,1.50850599644749
2020,0,0.3125,15000,0,0.65,"Missing",0.000865507538099399,-7.05132859154856
2020,1,0.3625,2550,1,1.51,"Missing",0.993244949654258,4.99068688552246
2020,1,0.1875,7500,1,0,"Missing",0.486925065447172,-0.0523116642313797
2020,0,0.325,2500,1,0.91,"Missing",0.00137316052812045,-6.58926613706746
2020,1,0.3625,4500,0,0.98,"Missing",0.999847626162925,8.78902121673842
2020,1,0.25,20000,1,0.2,"Missing",0.986961150933252,4.32669738705149
2020,1,0.25,6000,0,0.02,"Missing",0.507918132255463,0.0316751771093937
2020,1,0.325,2200,0,0.97,"Missing",0.830141086317261,1.58662749689675
2020,0,0.25,9000,0,0.88,"D",0.00283669300426311,-5.86227561636609
2020,1,0.3625,2550,1,0,"Missing",0.999849419329783,8.80086101064054
2020,0,0.25,25000,1,0.98,"Missing",0.00705981835500113,-4.94625109977464
2020,0,0.125,2750,0,0.37,"AA",0.134783664253586,-1.85930856871883
2020,0,0.225,25000,0,0.6,"Missing",0.000381328702353999,-7.87146741751632
2020,0,0.1375,15000,0,0.01,"AA",2.00707821788107e-06,-13.1188285092926
2020,0,0.3625,5000,0,0.93,"Missing",0.00375132879284175,-5.58188677433412
2020,0,0.325,5050,1,0,"Missing",0.297988753719289,-0.856893677644135
2020,0,0.175,9000,0,0.14,"Missing",0.000995114789465648,-6.91165685091782
2020,0,0.2375,2750,0,0,"Missing",0.00306281072359816,-5.78535473676371
2020,0,0.2625,4000,1,0.91,"Missing",0.627934434587697,0.523365667643908
2020,0,0.2,6500,1,0.93,"Missing",7.88932361358343e-05,-9.44733616448784
2020,1,0.3625,3001,0,0,"Missing",0.995218875952063,5.3382870134681
2020,1,0.3625,2000,1,0.98,"Missing",0.997381094375841,5.94237640821642
2020,1,0.3625,3800,0,1,"Missing",0.953236346797346,3.01475661562902
2020,0,0.1125,3600,0,0.23,"Missing",1.56811101129002e-05,-11.0630380662984
2020,0,0.1625,25000,0,0.27,"Missing",1.93882100200144e-05,-10.8508260191674
2020,0,0.15,10000,0,0.12,"Missing",0.000134297356705217,-8.91531983026963
2020,0,0.125,15000,0,0.21,"Missing",1.21347169888653e-07,-15.9246101055885
2020,0,0.15,4000,0,0.43,"Missing",2.04601921755148e-05,-10.7970089443408
2020,0,0.2875,15000,0,0.96,"Missing",0.30646552242991,-0.816695692777629
2020,0,0.2375,21200,1,0.47,"B",0.0534934483088828,-2.87321870775783
2020,0,0.25,5000,0,0.7,"Missing",0.0721037012343738,-2.55481460181419
2020,0,0.15,4000,0,0.04,"AA",5.27021696672462e-09,-19.0611942998139
2020,0,0.3375,2400,0,0,"Missing",0.121063497332268,-1.9823974776342
2020,0,0.1875,3800,0,0.2,"B",0.000328701040785672,-8.02003315585475
2020,1,0.3625,25000,1,0.97,"Missing",0.2489429500375,-1.10425786031018
2020,1,0.3,12000,0,0.9,"Missing",0.999186876875445,7.11381456127723
2020,0,0.25,2000,0,0,"Missing",0.284635172963848,-0.92158439478132
2020,1,0.3125,13000,0,0.93,"Missing",0.137020365781354,-1.84026152186696
2020,0,0.2375,23000,0,0.27,"Missing",0.00628537587845903,-5.06322442107087
2020,0,0.0875,3000,0,0.06,"Missing",5.61923364934098e-07,-14.3918997957545
2020,1,0.1875,12000,0,0.52,"C",0.913886133711875,2.36203553640014
2020,0,0.2625,12000,1,0.98,"C",0.101082985015016,-2.18524890877711
2020,1,0.3625,2000,0,0,"Missing",0.932317941563768,2.62285276644544
2020,0,0.1375,1000,0,0.03,"Missing",4.47296673645859e-05,-10.0148288463966
2020,0,0.225,4500,1,0.71,"Missing",0.000889494195260118,-7.02396768669556
2020,1,0.3625,4750,1,1.19,"Missing",0.999726318154126,8.20327055336923
2020,0,0.2875,5000,1,0.98,"D",0.0167832221388618,-4.07044991746847
2020,0,0.3625,4000,0,0.98,"Missing",0.101625721468308,-2.1792901055449
2020,0,0.25,1500,0,0.8,"Missing",0.0459297807043804,-3.03362355010665
2020,0,0.2125,5000,0,0.93,"Missing",0.00272005824978562,-5.90437821921092
2020,0,0.225,17000,0,0.23,"Missing",2.15307871133655e-05,-10.7460051573258
2020,1,0.3625,3000,0,0.61,"Missing",0.748680861575344,1.09158920737416
2020,1,0.3625,3600,0,0.3,"Missing",0.997241644152363,5.8903583170137
2020,0,0.3625,5000,0,0.92,"Missing",0.749561090415576,1.09627280557892
2020,1,0.1875,2000,0,0.36,"Missing",0.415971052108822,-0.339334878343416
2020,1,0.2875,4400,1,0,"Missing",0.980451577714646,3.91511867745981
2020,0,0.25,10000,0,0.85,"Missing",0.053935414702376,-2.8645235319796
2020,1,0.3625,3000,1,0.82,"Missing",0.987448187592079,4.36525895701285
2020,1,0.25,5000,0,0.72,"Missing",0.997377222776487,5.94089529091783
2020,0,0.175,4575,0,0.6,"C",0.0958020622434589,-2.24476408282493
2020,1,0.3625,2000,0,0,"Missing",0.999992967572448,11.8649715660392
2020,0,0.1875,10000,0,0.41,"C",0.0863093694160964,-2.35955387541433
2020,1,0.3,4000,0,1,"Missing",0.999551682435306,7.70956030881226
2020,0,0.35,25000,0,0.73,"Missing",0.0403501257762181,-3.16897399174554
2020,0,0.25,5000,0,0.64,"D",0.000106117993169995,-9.15085281619938
2020,0,0.175,8000,0,0.92,"Missing",0.0036224146216604,-5.61698546149402
2020,1,0.2625,5000,0,0.85,"Missing",0.676646133834168,0.738401154401182
2020,1,0.2875,10000,1,0.64,"Missing",0.618619269090129,0.483691839389275
2020,1,0.3625,2550,0,0.99,"Missing",0.993716530500028,5.06352968932715
2020,1,0.3625,8500,1,0.93,"B",0.958694154726813,3.14456808099095
2020,0,0.1125,1400,1,0.9,"D",0.0167055290946644,-4.07516889063206
2020,0,0.3,25000,0,0.42,"C",0.00583706380883748,-5.13767321498428
2020,1,0.3625,12500,0,0.96,"Missing",0.998729677563281,6.66721339357479
2020,0,0.1875,2000,0,0,"Missing",1.30916911970777e-05,-11.2435196969732
2020,1,0.3625,5000,0,0.32,"Missing",0.147139917531832,-1.75721155007569
2020,0,0.2125,10700,0,0.12,"Missing",0.123921258140903,-1.95580962595881
2020,0,0.1875,3010,0,0.34,"Missing",6.14037703162744e-06,-12.0006182714921
2020,0,0.3625,6700,0,0.39,"Missing",0.000900222682769138,-7.01196777181896
2020,1,0.3625,8500,1,0.87,"Missing",0.951984750418512,2.98703035612874
2020,0,0.1875,8500,0,0,"B",0.00151178233310494,-6.49295304494561
2020,1,0.1125,4900,0,0,"Missing",0.346675389569936,-0.633685246713053
2020,1,0.3625,5100,0,0.66,"Missing",0.797396820903977,1.37010316492988
2020,1,0.3375,1000,1,0,"Missing",0.994164598078732,5.13795964010146
2020,1,0.3625,4750,1,1.19,"Missing",0.981351515775596,3.96316585135698
2020,0,0.2875,6001,1,0.92,"Missing",0.88029641322658,1.99524010716348
2020,0,0.225,5500,0,1.02,"Missing",5.81703022413762e-05,-9.75207743223185
2020,0,0.175,9700,0,0.23,"Missing",0.00303754475653468,-5.79366356830331
2020,0,0.2375,10000,1,0.81,"Missing",0.000244890393817231,-8.31445489931054
2020,1,0.3625,9000,1,0,"Missing",0.619293546393019,0.486550771887013
2020,0,0.1875,2000,0,1.59,"Missing",0.00860994064170583,-4.74619063435834
2020,0,0.125,4000,0,0.16,"Missing",0.00117468304671477,-6.74558154172357
2020,0,0.25,4000,0,0.48,"Missing",0.0102297085691956,-4.57217679564992
2020,0,0.3125,5000,1,0.92,"Missing",0.00097041390018624,-6.93681699119841
2020,0,0.275,5000,0,0.93,"D",0.00518438304552286,-5.25690656411866
2020,0,0.175,20200,0,0.86,"Missing",0.00103696460055312,-6.87041998409717
2020,0,0.3625,12000,0,0.6,"Missing",0.0363485797124159,-3.27757450135106
2020,0,0.25,1750,0,0.96,"Missing",0.0427257776834979,-3.10928746319522
2020,0,0.325,7000,0,0.92,"Missing",0.0802661850184672,-2.43873587248877
2020,0,0.2125,2550,0,0.25,"Missing",0.000355170650053319,-7.94255694587656
2020,0,0.3125,3000,0,0.62,"Missing",5.63675365646361e-06,-12.0861966142275
2020,0,0.3625,4500,0,0.98,"Missing",0.508079212450103,0.0323196628271205
2020,1,0.175,8000,0,0.92,"Missing",0.0502745800675242,-2.93867332825265
2020,0,0.1875,5000,0,0.67,"Missing",2.38751590495901e-06,-12.945254715332
2020,0,0.3,6500,0,0.98,"Missing",1.59165832254271e-05,-11.048133105391
2020,1,0.2125,1500,0,0.77,"Missing",0.859519883048108,1.81130799542551
2020,1,0.3625,4000,0,0,"Missing",0.997264857647606,5.89883290636648
2020,0,0.325,7000,0,0.58,"Missing",0.00289018844011726,-5.84353920169103
2020,0,0.2125,8500,1,0.21,"Missing",0.000399306986441351,-7.82538066059482
2020,1,0.3625,12000,1,0,"Missing",0.97478358868061,3.65472046064969
2020,1,0.3625,3500,0,1.01,"Missing",0.987309763499163,4.35415091531874
2020,0,0.0625,2000,0,0.1,"Missing",2.58823861866742e-06,-12.8645303953759
2020,1,0.3,5000,0,0.95,"D",0.982887634818595,4.05069349297465
2020,0,0.2875,6001,0,0.81,"Missing",0.319465861350258,-0.756227569967608
2020,0,0.2875,5300,0,0.45,"Missing",0.0631711474171973,-2.69665294219102
2020,1,0.3625,2500,0,1.09,"Missing",0.997089319612367,5.8364534902893
2020,1,0.25,3500,0,0.51,"Missing",0.715765233672759,0.923551688584189
2020,1,0.3625,5000,0,0.72,"Missing",0.999903483943363,9.2457046527247
2020,0,0.2375,2500,0,0.82,"Missing",0.000826525843569186,-7.09745250490142
2020,1,0.3125,3500,0,0.97,"Missing",0.502062378539297,0.00824956094236917
2020,0,0.225,19200,0,0,"Missing",2.18150209121613e-05,-10.7328899775164
2020,0,0.2375,1100,1,1,"Missing",0.474587665859439,-0.101736997523501
2020,0,0.2875,6001,0,0.81,"Missing",0.000147247704455417,-8.82324706644453
2020,1,0.1375,2500,1,0,"B",0.498048152091102,-0.0078074312944878
2020,0,0.3625,25000,0,0.38,"Missing",1.79004576403734e-06,-13.2332675818898
2020,1,0.25,1000,0,0.9,"Missing",0.979228778139376,3.85319683646071
2020,0,0.1375,8000,0,0.32,"Missing",0.0315370426155026,-3.42454742372215
2020,0,0.25,15000,0,0.61,"Missing",0.00127438582313974,-6.66401572522807
2020,0,0.15,5000,0,0,"AA",0.0250893969489378,-3.6599004530409
2020,0,0.25,15000,0,0.59,"Missing",1.10700362064393e-05,-11.4112574704705
2020,1,0.0875,1500,1,0.91,"Missing",0.934744133731011,2.66195689140782
2020,1,0.2125,1075,1,0.9,"Missing",0.999936305537498,9.66134923357517
2020,0,0.2125,4000,0,0.73,"Missing",0.532233248122003,0.129112051320798
2020,0,0.0625,1000,0,0.64,"Missing",0.00372316839627893,-5.58945013713502
2020,0,0.3625,20000,0,0.03,"Missing",0.103622073562584,-2.1576117445381
2020,0,0.2125,4800,0,0.88,"Missing",2.56541723177865e-05,-10.5707786816129
2020,0,0.0875,1100,1,0.18,"Missing",0.0110368863511617,-4.49541406665248
2020,1,0.3625,6000,0,0.84,"Missing",0.905533346806907,2.26027720763879
2020,0,0.1875,10000,0,0.66,"Missing",0.00011364015865221,-9.0823599582683
2020,0,0.3,6001,0,0.74,"Missing",0.0196682551357981,-3.90888510795607
2020,0,0.275,15000,0,0.83,"Missing",0.00216781196650359,-6.13186676541144
2020,0,0.2,5300,0,0.92,"Missing",0.0216923419114327,-3.80886490843521
2020,0,0.1875,7000,0,0.33,"Missing",0.00013014808037822,-8.94670751938506
2020,0,0.325,2600,0,0.36,"Missing",0.734356892765167,1.01684143459954
2020,0,0.25,10000,1,0.89,"Missing",0.191734855210549,-1.4387766990084
2020,0,0.3625,25000,0,0.61,"Missing",0.0169868443439362,-4.05818332087861
2020,0,0.1,1500,1,0.22,"Missing",0.00442771248565994,-5.41543465337938
2020,0,0.25,13000,0,0.9,"Missing",0.00729304985166945,-4.91351368529949
2020,0,0.175,8000,0,0.92,"Missing",4.82825893104655e-07,-14.5436092352153
2020,0,0.125,4000,0,0.16,"Missing",0.00247584264548791,-5.99869556547029
2020,1,0.3625,4000,1,0,"Missing",0.979003590392362,3.84218385789038
2020,0,0.225,14000,0,0.91,"C",0.000354548489184447,-7.94431082808699
2020,1,0.3625,4000,0,0.77,"Missing",0.999461651316813,7.52646560407749
2020,1,0.3625,6000,0,0.94,"Missing",0.992153935954411,4.83986626203231
2020,0,0.1875,16000,0,0.24,"Missing",0.0460902812904655,-3.02996692271066
2020,0,0.1875,25000,0,0.44,"Missing",0.00402934660265076,-5.51011356321374
2020,0,0.3625,5000,0,0.93,"Missing",0.108130042364302,-2.10998573580024
2020,0,0.175,16500,0,0.2,"Missing",4.88574112316044e-07,-14.5317741743414
2020,0,0.325,3001,1,1.01,"Missing",0.440300086716357,-0.23994426125363
2020,0,0.1875,1500,1,0.42,"Missing",2.40245579602945e-06,-12.9390166929678
2020,1,0.3625,5000,0,0.88,"Missing",0.94692126742693,2.88143961928809
2020,0,0.2875,4000,0,1.01,"Missing",0.722156982897796,0.955186275582758
2020,0,0.2125,3650,0,0.85,"D",0.00632259101770354,-5.05728352043628
2020,0,0.175,25000,1,0.63,"AA",0.00013970832018706,-8.87581401786368
2020,1,0.25,1500,0,0.41,"Missing",0.991273460722178,4.7326215664296
2020,1,0.3625,3001,0,0.84,"Missing",0.969993788035902,3.47588524169324
2020,1,0.3625,3500,1,0.95,"Missing",0.996921404019232,5.7801982917221
2020,0,0.175,2690,1,0.69,"Missing",0.502270440082929,0.00908182275321945
2020,0,0.3625,4500,1,0.6,"Missing",0.00562880389045007,-5.17421360694685
2020,0,0.2125,5600,0,0.84,"Missing",3.0786473915401e-06,-12.6910171373759
2020,0,0.225,1000,1,0.61,"Missing",0.0961768284051154,-2.2404452749275
2020,0,0.3,9999,0,0.89,"Missing",0.0014988546911197,-6.50155402267457
2020,1,0.3625,5000,0,1.01,"Missing",0.841414005274297,1.6687868165586
2020,0,0.3125,9000,0,0.79,"Missing",3.75296576617265e-05,-10.1903415362203
2020,0,0.1125,7000,0,0.17,"AA",9.36731682962992e-06,-11.5782744929249
2020,0,0.0875,2550,0,0.44,"Missing",0.00521704844527505,-5.25059276418383
2020,1,0.3625,2550,0,1,"Missing",0.997911097411823,6.16902534094564
2020,1,0.35,3200,0,0.99,"Missing",0.808772247262118,1.44205221325666
2020,1,0.3625,5000,0,0.75,"Missing",0.968480871321581,3.42513411066605
2020,1,0.25,9000,0,0.72,"Missing",0.872114041535491,1.91978127964302
2020,0,0.2875,6500,0,0.71,"Missing",0.016579768907454,-4.0828533157844
2020,1,0.3125,4500,1,0.93,"Missing",0.280906618603627,-0.939968930088764
2020,0,0.175,8000,0,0.74,"Missing",0.00454568568626931,-5.38902064793384
2020,0,0.15,6000,0,0.03,"Missing",0.000906861691337642,-7.00461333659397
2020,1,0.3625,2500,1,0,"Missing",0.88613703774563,2.05187596896446
2020,0,0.2,20000,0,0.29,"Missing",3.1851805829979e-06,-12.6569983874032
2020,1,0.2875,8000,1,0,"Missing",0.522954178506501,0.0918812993224867
2020,0,0.3125,6000,0,0.11,"Missing",0.000416481852868572,-7.78325109924472
2020,0,0.3625,20000,0,1.03,"Missing",0.357137644702385,-0.58780936804981
2020,0,0.1375,1000,0,0.03,"Missing",0.00114131069100218,-6.77443598557659
2020,0,0.3625,10000,0,0.98,"Missing",1.67269628462355e-05,-10.9984718717193
2020,0,0.2,5000,0,0.94,"C",0.00120453624781794,-6.72045538041375
2020,0,0.3125,4000,0,0.45,"Missing",0.206304401393195,-1.3473472559041
2020,1,0.3625,2000,0,0.28,"Missing",0.679698620211252,0.752387129946737
2020,0,0.225,1600,0,0.94,"Missing",0.524243325797294,0.0970494038666745
2020,0,0.2125,25000,0,0.06,"Missing",0.0432354443660004,-3.09689670753072
2020,0,0.1375,3000,0,0.27,"Missing",0.673886237912136,0.725815026232929
2020,0,0.225,8000,1,0,"Missing",0.0256470506566283,-3.63734502813256
2020,1,0.3625,3500,0,0.71,"Missing",0.99993656180525,9.66538099685379
2020,0,0.3125,15000,0,0.79,"D",0.13646110553591,-1.84499930648691
2020,1,0.3625,5000,0,0.71,"Missing",0.967099212421339,3.38080449230516
2020,0,0.125,7500,0,0.2,"Missing",0.00182746698636239,-6.30299529258019
2020,0,0.2875,2600,0,0.5,"Missing",0.0237538339926844,-3.715970825158
2020,0,0.2875,15000,1,0.76,"Missing",0.37447705895194,-0.513057462294529
2020,0,0.125,7000,0,0.17,"Missing",0.0211033444101599,-3.83699454499032
2020,0,0.1875,3500,0,0.32,"Missing",3.56563672394699e-05,-10.2415471658562
2020,0,0.1875,8942,0,0,"Missing",2.65162902498194e-08,-17.4455065398965
2020,0,0.3125,9000,0,0.56,"Missing",0.064359447934279,-2.67674763283958
2020,0,0.125,6500,0,0.34,"Missing",0.0276163768450278,-3.56134143992228
2020,0,0.1375,20000,0,0.01,"Missing",1.14089166160362e-05,-11.3811039400079
2020,0,0.25,3000,0,1,"Missing",0.000498567546112403,-7.6032727871483
2020,1,0.25,3000,1,0.62,"D",0.923452872111305,2.49021316453026
2020,0,0.1875,3000,0,0.46,"Missing",0.000162847641802353,-8.72253264624008
2020,0,0.0625,2000,0,0.1,"Missing",3.08713710778584e-06,-12.688263311716
2020,0,0.2,9000,0,0.97,"Missing",0.031258325172865,-3.43371224066936
2020,1,0.3625,4000,0,0.95,"Missing",0.873707439527067,1.9341444582326
2020,0,0.35,6500,1,0,"Missing",0.04962931800843,-2.95227035207343
2020,1,0.3,3200,1,0.73,"Missing",0.99405050516474,5.11848170107442
2020,0,0.3,9500,0,0.86,"Missing",0.628190434103397,0.524461555953919
2020,0,0.2875,6000,0,0,"Missing",0.627905439908015,0.52324156596897
2020,0,0.1875,5000,0,0.53,"Missing",0.143216304724494,-1.78882938130905
2020,0,0.1375,8000,0,0,"Missing",0.000138713166678548,-8.88296358317149
2020,0,0.2875,6001,0,0.24,"Missing",0.303398320157877,-0.83116723924149
2020,0,0.1875,4000,0,0,"Missing",0.0028138557903393,-5.87038174669255
2020,0,0.1875,15000,1,0.72,"Missing",0.00585879030262916,-5.13393610935624
2020,0,0.2125,25000,0,0.34,"Missing",1.05289334836009e-07,-16.0665536012553
2020,0,0.1875,2000,0,0,"Missing",0.00108006257802416,-6.82965565064372
2020,1,0.25,5000,0,0.7,"D",0.339846900351082,-0.663976554172033
2020,0,0.35,15000,0,0.93,"Missing",4.24268538510929e-09,-19.2780694183939
2020,1,0.3625,3000,0,0,"Missing",0.999914425405796,9.36603653729477
2020,0,0.1875,13000,0,0.26,"AA",6.83464493939514e-07,-14.1960904460854
2020,0,0.1125,2000,0,0,"Missing",2.62654950839464e-05,-10.5472281883263
2020,1,0.2125,5000,0,0.89,"Missing",0.7184685258512,0.936877649174152
2020,1,0.3625,2400,0,0.87,"Missing",0.714986602654344,0.919727617577913
2020,0,0.35,5000,0,0.95,"Missing",0.31144875752313,-0.79335491929259
2020,1,0.3625,5000,0,0.78,"Missing",0.991969992017518,4.81650733480432
2020,1,0.3375,5000,0,0.83,"Missing",0.837898251549826,1.6426724599844
2020,1,0.2875,7500,1,0.81,"Missing",0.807567697689446,1.43428247216427
2020,1,0.25,2000,0,0,"Missing",0.806047047893819,1.42452649814451
2020,1,0.3625,2550,0,1,"Missing",0.976396803547827,3.722486919053
2020,1,0.3625,2000,0,0,"Missing",0.287330238747498,-0.908385933252808
2020,1,0.3625,2400,0,1.05,"Missing",0.999346350517118,7.332285445876
2020,0,0.3625,12000,0,0.6,"B",0.101691300894918,-2.17857200967962
2020,1,0.3625,5200,0,0,"Missing",0.998733230003539,6.67001735506356
2020,0,0.0625,1000,0,0.42,"Missing",0.0514236454649557,-2.91486419125408
2020,0,0.3625,12000,0,0.91,"D",0.00757014822496248,-4.87594368391727
2020,0,0.1625,10000,0,0.15,"Missing",0.00510633435519388,-5.27215406327031
2020,0,0.125,7500,1,1.02,"D",5.37879558054837e-05,-9.83040719624324
2020,1,0.225,1000,1,0.61,"D",0.618584012161017,0.483542403609322
2020,1,0.3625,2400,0,0.87,"Missing",0.622597100252995,0.500586284127421
2020,1,0.3125,3000,0,0.97,"Missing",0.610177655454748,0.448059044683288
2020,0,0.2625,25000,0,0.07,"Missing",1.13104367885679e-05,-11.3897733384024
2020,1,0.3375,10000,0,0.45,"Missing",0.992345386595276,4.86476269314585
2020,0,0.175,6001,0,0.54,"Missing",0.00814666245208138,-4.80196692284437
2020,0,0.2,6001,1,0.77,"Missing",0.00416414612769756,-5.47707119540963
2020,0,0.3,3000,0,1.99,"Missing",0.0883531278603371,-2.33391111229231
2020,0,0.15,4000,0,0.04,"Missing",0.000301420065086319,-8.10670423553921
2020,0,0.1375,1600,0,0.69,"Missing",2.4582699828931e-07,-15.2186375615762
2020,1,0.2125,4000,1,0.76,"Missing",0.21975165410679,-1.26711419742054
2020,0,0.3625,2500,1,0,"Missing",0.0015700645322342,-6.45506725875756
2020,1,0.3625,20000,0,0.03,"Missing",0.450793229366621,-0.197466239090628
2020,0,0.2875,7000,0,0.52,"D",0.17483873714362,-1.55171479031879
2020,0,0.25,3000,0,0.89,"Missing",5.45668622179147e-05,-9.81602921019812
2020,0,0.2375,2100,0,0.86,"Missing",0.00137142056241934,-6.59053580766301
2020,0,0.25,5000,1,0.72,"Missing",7.34190968346728e-05,-9.51925305953196
2020,1,0.25,5000,0,0.43,"Missing",0.993287235507039,4.99700902043985
2020,1,0.35,6000,0,0.86,"Missing",0.98048831213425,3.91703706150813
2020,1,0.2375,6001,1,0.24,"Missing",0.93802542740327,2.7170528752291
2020,0,0.125,1425,0,0,"Missing",0.0215616159561386,-3.81504312023097
2020,1,0.2375,3000,0,0,"D",0.522756252621942,0.0910879380903236
2020,0,0.2125,11300,0,0.27,"Missing",0.000476911218558607,-7.64770318403747
2020,0,0.2625,25000,1,0.01,"Missing",5.677146691539e-05,-9.77641992841414
2020,0,0.25,12000,0,0.66,"Missing",6.09668431026889e-06,-12.0077593935557
2020,0,0.325,5050,1,0,"Missing",0.000253123592163317,-8.28137952630952
2020,0,0.3125,25000,0,0.47,"AA",9.03620923859618e-05,-9.31159534434881
2020,0,0.25,24000,0,0.76,"Missing",0.000629539906894755,-7.36989157374832
2020,0,0.3625,3000,0,0.92,"Missing",0.93205696279822,2.61872426578997
2020,0,0.2,15000,0,0.59,"A",0.0015133558674724,-6.49191116316049
2020,0,0.2125,3000,1,0.14,"Missing",0.00913694308941543,-4.68625046259926
2020,0,0.1875,16000,0,0.77,"Missing",0.00353453418124354,-5.64163296625113
2020,0,0.3,22000,0,0.93,"Missing",0.191781397194179,-1.43847640285672
2020,1,0.325,2200,0,0.97,"Missing",0.990962757462142,4.69732285398383
2020,0,0.1875,7000,0,0.33,"Missing",0.0444331203361941,-3.0683196107751
2020,0,0.25,8500,0,0.64,"Missing",0.0462726294228866,-3.02582722641359
2020,0,0.1875,1000,1,0.46,"D",0.00996157339980103,-4.5990087261352
2020,0,0.1875,3500,0,0.56,"Missing",0.00132945620065282,-6.62165495133733
2020,0,0.3125,5100,0,1.02,"Missing",0.311105084020804,-0.794957996811602
2020,0,0.2875,4900,0,1,"D",0.209769429107274,-1.3263157938777
2020,0,0.3125,3000,0,0.97,"Missing",0.370710886912112,-0.529168312097946
2020,0,0.2125,1500,0,0.67,"Missing",0.293985998938135,-0.876102925283706
2020,0,0.225,15000,0,0.16,"Missing",0.00413317392742033,-5.48456792262981
2020,1,0.225,5000,0,0.12,"Missing",0.99379649211041,5.07641752869129
2020,1,0.2375,12500,0,0.88,"Missing",0.718394388397884,0.936511154057653
2020,0,0.3625,3000,0,1.15,"Missing",0.00307103381608484,-5.78266526704222
2020,0,0.1875,9999,0,0.31,"Missing",0.0369175473941248,-3.26145205154999
2020,0,0.2,5300,0,0.92,"Missing",0.00789091031588028,-4.83412156657211
2020,0,0.1375,25000,0,0.29,"AA",0.000282718458264462,-8.17077624420127
2020,1,0.3125,10500,0,0.81,"D",0.977820553557558,3.78616014602834
2020,0,0.3375,8500,0,0.96,"C",9.76908893178086e-05,-9.23360455921127
2020,1,0.3125,3000,1,0.93,"Missing",0.998515499707382,6.51119146338978
2020,0,0.1875,10000,0,0.68,"Missing",0.0122947634309583,-4.38621087527493
2020,0,0.2875,8200,0,0.44,"Missing",0.00141857549253045,-6.55668250253606
2020,1,0.3,4100,1,0.91,"Missing",0.999972197562859,10.4903590713551
2020,1,0.3,2000,1,0.93,"Missing",0.902997822451024,2.23098671474349
2020,0,0.25,5000,0,0,"Missing",1.03808345177801e-08,-18.3833045553562
2020,0,0.3625,6000,0,0.94,"Missing",0.000406048380973541,-7.80863210966172
2020,1,0.3625,5300,0,0.83,"Missing",0.978218752728327,3.80468393586952
2020,0,0.25,5000,1,0,"Missing",9.26171715364877e-05,-9.28694337428378
2020,0,0.325,10000,0,0.97,"Missing",0.00483637469099671,-5.32674176190629
2020,0,0.25,20000,1,0.2,"Missing",0.000555544675971482,-7.49500582827925
2020,1,0.35,6000,0,0,"D",0.9612885078472,3.21213806939053
2020,0,0.1875,1200,0,0.9,"Missing",0.609141407469366,0.443704598289349
2020,0,0.3625,1300,0,0.55,"Missing",0.75209358087178,1.10980942612757
2020,0,0.25,3000,1,0,"Missing",2.89168774235748e-05,-10.4510562221131
2020,0,0.3,10000,0,0.89,"Missing",0.0007358648761019,-7.21372791258582
2020,0,0.15,10000,1,0.08,"AA",1.09676247760082e-05,-11.4205518593988
2020,1,0.15,1000,1,0.45,"D",0.551047449426572,0.20490371640921
2020,0,0.3125,10000,0,0.93,"Missing",8.24583054785255e-06,-11.7057946276439
2020,0,0.25,3000,0,1,"Missing",0.000722274668638829,-7.23238252830338
2020,0,0.125,3900,0,0.53,"A",1.75280011280396e-06,-13.2542942315071
2020,1,0.3625,2550,0,0.95,"Missing",0.999545406141332,7.6956514587288
2020,1,0.3625,5000,1,0.97,"Missing",0.997192787477711,5.87275211279684
2020,1,0.225,9995,0,0.53,"Missing",0.0644523088554162,-2.67520657100277
2020,1,0.3625,1500,1,0.94,"Missing",0.974703866483035,3.65148213954139
2020,0,0.25,6000,0,0.25,"A",0.001126471966413,-6.78753757705204
2020,0,0.3625,2600,1,0,"Missing",0.00452381529217167,-5.39386547128473
2020,0,0.1875,2650,1,0.42,"Missing",0.0760129015065848,-2.49779502632985
2020,0,0.2875,14000,1,0.83,"C",0.714139900522011,0.91557635377609
2020,0,0.25,5000,0,0.7,"Missing",0.0707208625189093,-2.57566855009107
2020,0,0.35,5000,0,0.81,"D",0.0340159608201114,-3.34631746113668
2020,1,0.3625,5000,0,0,"Missing",0.445286368476295,-0.219734401487909
2020,0,0.2625,15000,0,0.82,"Missing",0.00577701476721849,-5.14807443971349
2020,1,0.3625,3000,1,1.01,"Missing",0.683235309160559,0.76868012512043
2020,0,0.3125,5000,0,0.2,"Missing",0.0822664185586156,-2.41194414474636
2020,0,0.3625,6700,0,0.39,"Missing",0.498947126904855,-0.00421149860541581
2020,1,0.25,4000,0,0,"Missing",0.88059112874602,1.99803992236114
2020,0,0.175,3000,0,0.98,"Missing",0.692852407850797,0.813488612575789
2020,0,0.3375,7500,0,0.69,"Missing",0.000712377341824984,-7.24619018126274
2020,0,0.3625,5500,0,0.41,"D",0.416377573368524,-0.337661767091636
2020,0,0.1125,1000,0,0.02,"Missing",1.82523302469414e-07,-15.5163878047876
2020,1,0.3625,3000,1,0.98,"Missing",0.999713621216897,8.15790878716929
2020,0,0.2625,13500,0,0.84,"Missing",4.24695154866095e-07,-14.6718937833651
2020,0,0.25,4500,0,0.39,"D",0.290795891200698,-0.891521751489049
2020,1,0.1875,3500,1,0.89,"Missing",0.21459795251855,-1.29742945983777
2020,0,0.1125,3500,0,0.67,"Missing",7.55853853239512e-05,-9.49017202104541
2020,0,0.15,12000,1,0,"Missing",0.0057242666502922,-5.15730012070858
2020,1,0.3625,5000,1,0.94,"Missing",0.981970200006251,3.99753501748461
2020,1,0.3625,10000,0,1.13,"Missing",0.847809547304711,1.71752330534254
2020,1,0.2125,15000,0,0.65,"Missing",0.497878611771884,-0.00848560382959107
2020,0,0.275,25000,0,0.83,"Missing",0.152217819148298,-1.71731122482952
2020,1,0.3375,3001,1,1.02,"Missing",0.30973439813943,-0.801361303719506
2020,0,0.1875,8000,0,0.84,"Missing",1.46687365145711e-07,-15.7349621359787
2020,0,0.25,1000,0,0.33,"D",0.000923177278480991,-6.98676567054161
2020,0,0.1125,2550,0,0.58,"Missing",0.00598523524011992,-5.11245641724289
2020,0,0.1375,12000,0,0.02,"Missing",0.00895678931160708,-4.70634630948474
2020,0,0.275,7500,0,0.92,"Missing",0.0405700190824765,-3.16330999065562
2020,0,0.225,13000,0,0.73,"Missing",0.0326316167500462,-3.3892977203242
2020,0,0.0875,1000,1,0.08,"Missing",8.1171160000461e-05,-9.41886937183886
2020,0,0.2375,9900,0,0.36,"Missing",0.160608355259469,-1.65370857156631
2020,0,0.325,10000,0,0.88,"Missing",0.318252068016879,-0.76181625282076
2020,1,0.3625,2500,1,0.82,"Missing",0.449503421877889,-0.202677273683848
2020,0,0.1875,12000,0,0.94,"Missing",0.102420924201199,-2.17061019358728
2020,1,0.3625,2700,0,0,"Missing",0.999817633521402,8.60930989371798
2020,0,0.2625,5000,0,0.77,"Missing",0.0023201466695928,-6.06380203326981
2020,0,0.2125,1500,0,0.67,"Missing",0.0270706767339966,-3.58186033886631
2020,1,0.275,5600,0,0.94,"Missing",0.929182710497964,2.57420222096145
2020,0,0.2125,20000,1,0.55,"Missing",8.14632287628807e-05,-9.41527735380663
2020,0,0.225,25000,0,0,"Missing",4.81329929485261e-06,-12.2441229715884
2020,0,0.35,5000,0,0.95,"Missing",0.0105288753605894,-4.54304906576849
2020,0,0.3,1000,1,0.9,"Missing",0.00997504248936256,-4.59764393006551
2020,0,0.2125,5600,0,1.09,"Missing",0.000313997348919961,-8.06581196836531
2020,0,0.0875,1000,1,0.34,"Missing",0.00010649582447748,-9.14729827887206
2020,1,0.1875,3000,0,0.27,"C",0.693086089806212,0.814586933749044
2020,0,0.175,24000,0,0.54,"A",4.00193243713386e-05,-10.1261080911014
2020,1,0.3625,5200,0,0,"Missing",0.996385071630578,5.61906176037672
2020,1,0.3125,10000,0,0.87,"Missing",0.494163488652798,-0.0233471058486789
2020,1,0.3625,2500,1,1.84,"Missing",0.132732467272653,-1.87701192398437
2020,0,0.2375,21200,1,0.47,"Missing",0.00239232112823075,-6.03309601367148
2020,0,0.1125,5000,0,0.18,"Missing",0.00112131592440548,-6.7921304057938
2020,0,0.2125,2000,0,0,"D",0.209004836214448,-1.33093446221869
2020,0,0.3625,12000,1,0.97,"D",0.11859923902251,-2.00576234557442
2020,0,0.275,25000,1,0.69,"Missing",0.0319735810772255,-3.41034940870494
2020,0,0.3625,2550,1,1.32,"Missing",0.229412239280354,-1.2116329925555
2020,0,0.35,5000,0,0.95,"C",0.0781668324970556,-2.46751884016118
2020,0,0.2,3500,0,0,"Missing",0.00144071551169855,-6.5411736513356
2020,0,0.125,2550,0,0.58,"Missing",0.000183210702430103,-8.60469046056473
2020,0,0.2375,4000,0,0.85,"Missing",0.126002416830312,-1.93677652243916
2020,1,0.1875,15000,0,0,"Missing",0.651352717019013,0.62499054283393
2020,0,0.2,20000,0,0.15,"AA",1.11402536609707e-06,-13.7075295324078
2020,1,0.35,2000,0,0.77,"Missing",0.411638810029285,-0.357194737811207
2020,0,0.2875,7100,0,0.27,"Missing",7.91434013606571e-05,-9.44416999736439
2020,0,0.2625,9500,0,0.73,"Missing",0.00015792549996339,-8.75322921738499
2020,1,0.2875,4000,0,1.01,"Missing",0.809087200992842,1.44408992577347
2020,1,0.3625,9000,1,0,"Missing",0.996160229118316,5.55849541866327
2020,0,0.15,15000,0,0.09,"Missing",0.00363159969346121,-5.61444383091504
2020,0,0.2125,15000,1,0.98,"Missing",0.000562018511086613,-7.4834135942338
2020,0,0.1875,12000,0,0.61,"Missing",4.01948841992581e-07,-14.7269406132015
2020,1,0.3125,3001,1,0.89,"D",0.926680342382455,2.53677992261445
2020,0,0.15,3500,0,0.31,"Missing",0.00489858648895699,-5.31389796323226
2020,0,0.1,3000,0,0.03,"Missing",0.00516564756216329,-5.26054577356867
2020,0,0.2125,7000,0,0.67,"Missing",0.000273878533734582,-8.20255194135875
2020,0,0.35,10500,0,0.94,"Missing",0.00105886809556121,-6.84949534668327
2020,0,0.2375,1000,0,0.87,"Missing",0.197138503285691,-1.40427567270214
2020,0,0.2875,1300,0,0.43,"Missing",0.0771401303913643,-2.48185375930157
2020,0,0.1125,2000,1,0.01,"Missing",2.17115070844474e-05,-10.7376464458348
2020,0,0.25,7000,0,0.28,"Missing",0.0714066208083008,-2.56528035222444
2020,0,0.3625,3000,0,1.01,"Missing",0.0325866648192029,-3.39072269478993
2020,0,0.35,1250,0,0,"Missing",0.757056603074951,1.13660954178614
2020,0,0.2625,6000,0,0.76,"D",0.0647273928896885,-2.67065355014685
2020,1,0.2125,3500,0,0.98,"Missing",0.999822569788384,8.63675575440422
2020,0,0.3375,6000,0,0.85,"Missing",0.0851260032290522,-2.37465379758225
2020,0,0.2375,7500,0,0.98,"Missing",0.0211452043298996,-3.83497017835025
2020,0,0.3,15000,0,1.03,"Missing",1.20776449434484e-05,-11.3241422617585
2020,1,0.3625,2875,1,1,"Missing",0.963648759106883,3.27749852968408
2020,0,0.1125,5000,0,0.08,"Missing",2.75132767495456e-05,-10.50081436525
2020,0,0.1875,3000,1,0,"C",0.0013829160363662,-6.58217706622722
2020,0,0.1125,2000,0,0.02,"Missing",0.00276140496770085,-5.88925045782489
2020,0,0.1375,1253,0,0.73,"Missing",0.457094999217511,-0.172043107069008
2020,0,0.225,6800,1,0.89,"D",0.00414127654894797,-5.48260131813401
2020,1,0.2375,2100,0,0.86,"D",0.86294681027676,1.83998395903412
2020,0,0.3125,9000,0,0.43,"Missing",0.22391276602231,-1.24300839018064
2020,0,0.1875,5000,0,0.83,"Missing",0.0336680195449517,-3.35695902837125
2020,0,0.2375,4000,0,0.9,"D",3.66745901700541e-05,-10.2133897333756
2020,0,0.15,10000,1,0.08,"Missing",0.00654689073664595,-5.02219662310976
2020,0,0.1625,5000,0,0.32,"Missing",0.000110157733463289,-9.11348711490626
2020,1,0.3625,3800,0,0.73,"Missing",0.0942893961644962,-2.26235109776963
2020,1,0.3625,4500,0,0.45,"Missing",0.911920306666615,2.33731059248959
2020,1,0.225,5600,0,0.48,"Missing",0.987056673637931,4.33414714140779
2020,1,0.3625,4300,1,0.95,"Missing",0.999999930109811,16.4763404897062
2020,0,0.2125,5000,0,0.03,"C",5.88527469025812e-06,-12.0430512567098
2020,0,0.1625,6000,1,0.22,"Missing",5.79543717428373e-06,-12.0584338486531
2020,0,0.35,3500,0,0.93,"Missing",0.0362133838897947,-3.28144114631125
2020,0,0.2875,12500,1,0.41,"D",0.0808067107612301,-2.43143640979994
2020,1,0.3625,6700,0,0.39,"Missing",0.999005527918218,6.91230356578467
2020,0,0.275,25000,0,0.7,"Missing",0.150118408008953,-1.73367266682001
2020,0,0.25,2850,0,0.7,"Missing",0.00394524202239434,-5.53129193239709
2020,0,0.3625,25000,0,0.82,"Missing",1.25817649364493e-06,-13.5858458543344
2020,1,0.2875,5000,0,0,"Missing",0.378654525157959,-0.495263001185777
2020,0,0.1625,1000,1,0.7,"Missing",0.0552328559892039,-2.83938049526873
2020,1,0.3125,2000,0,0.19,"Missing",0.735607452247808,1.02326170144721
2020,0,0.25,8000,0,0.87,"D",0.0896225324907154,-2.31825254590969
2020,1,0.3125,3500,1,0,"Missing",0.937262723270272,2.70400783445839
2020,1,0.3625,2400,0,1.05,"Missing",0.999730338178094,8.2180721972853
2020,0,0.125,2000,0,0,"Missing",6.19529911106303e-07,-14.2943042348552
2020,0,0.1125,1000,0,0.6,"Missing",0.085687042926084,-2.36747129353578
2020,1,0.3,3000,0,0.56,"Missing",0.604639804882274,0.424835681141155
2020,0,0.3625,2000,0,1.23,"Missing",0.0235627569682231,-3.724243110041
2020,1,0.2125,1200,0,1.36,"Missing",0.991975649536612,4.81721783354681
2020,1,0.275,6001,0,0.25,"Missing",0.102943086434808,-2.16494303220928
2020,0,0.2625,5000,0,0.97,"Missing",6.51309959526601e-07,-14.2442795284357
2020,1,0.25,3500,0,0.8,"Missing",0.977950026712082,3.79214718083806
2020,0,0.2875,15000,0,0.18,"D",0.0111431670153054,-4.48572307546222
2020,0,0.3625,5000,1,0.7,"Missing",0.265597953714299,-1.01707291245547
2020,0,0.1875,2300,0,0.46,"Missing",0.00156556435780892,-6.45794211684218
2020,1,0.3625,5000,0,0.92,"Missing",0.980505982605804,3.91796112900532
2020,0,0.25,20000,1,0.05,"Missing",0.0407222828710339,-3.15940518997386
2020,1,0.3125,3000,1,0.93,"Missing",0.889810810381243,2.0888100734506
2020,1,0.2625,2500,1,0.38,"Missing",0.454032317098348,-0.1843914066244
2020,0,0.275,15000,0,0.95,"C",0.000293768735134275,-8.13242390346558
2020,0,0.2125,5000,0,0.78,"Missing",0.000467378999830769,-7.66790257837218
2020,0,0.2,25000,0,0.63,"Missing",0.0140684055884215,-4.24965543056793
2020,0,0.175,8000,0,0.21,"Missing",0.128190114914872,-1.91705694368201
2020,1,0.3,3500,0,0.8,"Missing",0.989334185275431,4.52998843537601
2020,1,0.3625,7200,0,1.15,"Missing",0.99143459436445,4.75142148911259
2020,1,0.35,3001,0,0.75,"Missing",0.793887819392913,1.34852157924495
2020,0,0.3,4000,0,0.89,"Missing",0.0140879213772241,-4.24824939052771
2020,1,0.3,4000,0,0.63,"D",0.831708156945226,1.59778197305914
2020,0,0.2875,10000,0,0.69,"Missing",0.0719811840297832,-2.55664725646764
2020,0,0.225,6000,0,0.58,"C",0.72618421510127,0.975348160054003
2020,1,0.3375,1000,1,0.88,"Missing",0.892831353645063,2.1199939815161
2020,0,0.275,7000,0,0.07,"Missing",9.9369484752858e-07,-13.821834678165
2020,0,0.2125,25000,1,0.02,"Missing",0.00564770214141436,-5.17084280646951
2020,0,0.25,1000,1,0.76,"Missing",0.00024472240544102,-8.31514127645491
2020,0,0.0875,3000,1,0.09,"AA",0.0621248167652264,-2.7144713382788
2020,0,0.3625,2000,0,0,"Missing",0.0759582065015224,-2.49857402710348
2020,0,0.2875,5000,0,0.39,"Missing",0.161419800981051,-1.6477017915389
2020,0,0.2125,9200,0,0.06,"Missing",0.07109864390066,-2.56993428679035
2020,0,0.1375,1000,0,0.05,"Missing",0.0300233787991039,-3.47529559787797
2020,0,0.225,10000,0,0.66,"Missing",0.0127809684209046,-4.34693470894504
2020,0,0.125,5000,0,1.13,"Missing",0.00470750598530888,-5.35387840480411
2020,0,0.225,20000,0,0.53,"Missing",0.000446469535919658,-7.71369281936567
2020,1,0.25,9000,0,0.92,"Missing",0.758902227079929,1.14667040303961
2020,1,0.2875,7500,0,0.89,"D",0.901524814935769,2.2142829803814
2020,0,0.275,7000,0,0.75,"Missing",0.394542517854097,-0.428257430073998
2020,0,0.2,9000,0,0.69,"Missing",0.0366528525751848,-3.26892257403544
2020,0,0.35,4750,1,0.14,"Missing",0.066905441181832,-2.63522624803888
2020,0,0.25,18000,1,0.75,"Missing",0.00182242178447146,-6.30576492720077
2020,0,0.1125,6001,0,0.22,"AA",0.00186611214364384,-6.28203022444693
2020,1,0.25,4000,0,0,"Missing",0.973458634830913,3.60215086697074
2020,1,0.1375,1000,0,0.97,"Missing",0.994805277824669,5.25490387345026
2020,1,0.3125,8500,1,0.73,"Missing",0.0773031899225496,-2.47956547588961
2020,0,0.1875,6000,0,0.39,"B",9.08158147194878e-05,-9.30658629666483
2020,0,0.25,21000,0,0.34,"Missing",2.65259720421083e-05,-10.5373597015495
2020,0,0.0875,3000,1,0.09,"Missing",0.00110576473656519,-6.80611173754673
2020,1,0.3125,10000,0,0.87,"Missing",0.998727812398017,6.66574434158358
2020,0,0.1875,10000,0,0.66,"Missing",0.0063010119614193,-5.06072408256483
2020,0,0.3625,3000,1,0.53,"Missing",0.647411041901452,0.607678443296273
2020,1,0.3625,7000,1,0.91,"Missing",0.933819943587697,2.6469044848595
2020,0,0.2625,7500,1,1.02,"Missing",0.00507524432507002,-5.27829244522186
2020,0,0.1375,6100,0,0.76,"Missing",0.0893729815685654,-2.32131497657026
2020,0,0.1875,8942,0,0,"Missing",2.34488197578529e-07,-15.265860345994
2020,0,0.2125,5000,0,0.78,"Missing",0.0354830866438109,-3.30257121768935
2020,1,0.3625,3000,1,0,"Missing",0.999995229904206,12.2531394004639
2020,0,0.3,4100,1,0.91,"Missing",0.0365193225982454,-3.27271092629624
2020,0,0.25,7500,0,0,"Missing",0.000926551966234926,-6.98311344357225
2020,0,0.1875,9990,0,0.2,"Missing",0.0087682262432409,-4.72781385248728
2020,1,0.275,6500,1,0.97,"Missing",0.829645893056075,1.58311972220974
2020,0,0.2625,9975,0,0.62,"C",0.00699622070425618,-4.95536436611005
2020,1,0.3625,2550,0,0,"Missing",0.992170814980413,4.84203686474046
2020,0,0.2125,4990,0,0.9,"Missing",0.00109352615177472,-6.81725367798522
2020,1,0.1875,7500,0,0.65,"Missing",0.995922796564873,5.49825842025827
2020,0,0.2375,5000,0,0.28,"Missing",0.0155820447120118,-4.14593128680981
2020,0,0.2125,5000,0,0.46,"Missing",0.0781589920203408,-2.46762765485904
2020,0,0.2875,18000,0,0.58,"Missing",0.494222538875377,-0.0231108730939833
2020,1,0.3125,4000,1,0.99,"Missing",0.999768129723746,8.36910059959594
2020,0,0.1875,10000,0,0.59,"B",0.000319041271637492,-8.04987099319798
2020,0,0.2125,20000,0,0.56,"Missing",1.72343905435444e-06,-13.2711870897324
2020,0,0.25,9000,0,0,"Missing",0.00280350982321174,-5.87407569147943
2020,1,0.3625,7200,0,1.15,"Missing",0.900847256815797,2.20667419535585
2020,0,0.1875,8000,0,0.54,"Missing",0.000279359808403945,-8.1827305723159
2020,0,0.2625,3001,1,0,"Missing",0.315008154096709,-0.776808409888663
2020,1,0.25,5000,0,0.72,"Missing",0.962596976390812,3.24788326946014
2020,1,0.3,3000,0,0.97,"Missing",0.863936950832723,1.84838141744166
2020,1,0.25,3000,0,0.76,"Missing",0.988950309519969,4.49424167049119
2020,1,0.3,4800,1,0,"Missing",0.0756576935911273,-2.50286332963933
2020,1,0.2125,4000,1,0,"Missing",0.746164137404694,1.07825775145287
2020,0,0.3625,25000,0,0.57,"Missing",0.0209913133884192,-3.84243181145763
2020,0,0.1375,15000,0,0.01,"Missing",0.000525374589597259,-7.55087353315365
2020,0,0.3,2500,1,0.96,"Missing",0.00575946968246829,-5.15113375814113
2020,0,0.1375,10500,0,0.16,"Missing",0.111968107093937,-2.07079358512802
2020,0,0.3,5000,0,0.7,"Missing",0.0378834442489721,-3.23462141370312
2020,0,0.1375,10000,1,0.23,"Missing",1.41842393104964e-07,-15.768549161618
2020,0,0.25,5000,0,0.77,"Missing",1.41368846675749e-06,-13.4693069216138
2020,0,0.15,4000,0,0,"Missing",0.0106872810645782,-4.52795612987911
2020,0,0.275,7300,0,0.74,"Missing",0.00365797879900437,-5.6071798392552
2020,0,0.2125,25000,0,0.91,"Missing",0.000161303810244961,-8.73205963418957
2020,1,0.225,7500,1,0.96,"Missing",0.732087357347695,1.00523888035804
2020,0,0.1125,2500,0,0.04,"Missing",0.00264725216097406,-5.93158233501581
2020,0,0.1875,7000,0,0.33,"Missing",0.17480321686328,-1.55196101674621
2020,0,0.1375,1500,0,0.39,"Missing",0.000106207690060355,-9.15000782733304
2020,1,0.175,1000,0,0.6,"Missing",0.916320885784852,2.39337720044385
2020,0,0.3625,4000,0,1,"Missing",0.00549675774018014,-5.19808494185108
2020,1,0.3625,3000,0,0.29,"Missing",0.962738480915258,3.25182067365502
2020,0,0.35,9900,0,0.33,"Missing",0.000270499945754558,-8.21496812367797
2020,1,0.2375,10000,1,0.81,"Missing",0.855307312249832,1.77684873539085
2020,0,0.3375,7500,0,0.91,"Missing",0.11146826864913,-2.07583039605993
2020,1,0.3,1500,0,0,"Missing",0.999987753648775,11.3102702780639
2020,0,0.225,7500,0,0.58,"C",0.696346440467581,0.82995985102648
2020,0,0.1625,15000,0,0.09,"Missing",4.98787102857954e-06,-12.2084963989366
2020,0,0.0875,1000,1,0.99,"Missing",0.00118757682026473,-6.73465205085018
2020,0,0.2,25000,0,0.92,"A",0.000931408402597976,-6.97788086355288
2020,0,0.3625,9200,1,0.98,"Missing",0.39606787023502,-0.421876237630937
2020,0,0.1125,1500,0,0.03,"AA",0.000721651634128214,-7.23324612457006
2020,0,0.3625,10000,0,0.49,"D",0.0288761385620397,-3.51543842206978
2020,1,0.3625,2550,0,0.94,"Missing",0.999855676615134,8.84330971422702
2020,0,0.2,9000,0,0.05,"Missing",1.34604425558029e-07,-15.8209254063403
2020,0,0.3625,25000,0,0.34,"Missing",0.78916704919655,1.31991190355743
2020,0,0.325,3000,0,1.17,"Missing",0.00114638988385465,-6.76999045826981
2020,0,0.25,7500,0,0.74,"Missing",0.000457408124407397,-7.68947700161595
2020,0,0.125,2000,0,0,"AA",0.00758964353492034,-4.87335206233167
2020,1,0.3375,1700,0,0.95,"Missing",0.886425392581565,2.05473700739302
2020,0,0.1,3000,0,0.03,"Missing",0.000203570704737552,-8.49929357857027
2020,1,0.0875,3000,1,0.01,"Missing",0.191837442438447,-1.43811486393956
2020,0,0.175,25000,1,0.63,"AA",5.71151293392109e-06,-12.0730208957056
2020,0,0.2125,2000,0,0,"Missing",0.000368755413153834,-7.90500814725863
2020,0,0.2375,7000,0,0.62,"Missing",0.00256015193484063,-5.96512523797669
2020,1,0.0875,1500,1,0.91,"Missing",0.996854374780971,5.75859202770625
2020,0,0.275,12150,0,0,"D",0.0121575137242228,-4.39757586602768
2020,0,0.3625,12000,0,0.92,"Missing",0.445428543238332,-0.219158828231613
2020,0,0.1875,10000,0,0.08,"Missing",0.000327226875139512,-8.02452953944873
2020,1,0.3625,1000,1,1.09,"Missing",0.862458452154583,1.83586093871814
2020,0,0.2875,15000,0,0.86,"Missing",0.00448868685220859,-5.40169628928013
2020,0,0.3625,3000,1,0.98,"Missing",0.85230514258887,1.75279624015544
2020,0,0.175,2400,0,0.94,"Missing",7.55858194135501e-05,-9.49016627759164
2020,0,0.225,19200,0,0,"Missing",2.79334245196691e-06,-12.7882688743701
2020,0,0.1875,25000,0,0.31,"Missing",0.0438829261779801,-3.08135504861114
2020,0,0.3625,3500,0,1.01,"Missing",0.675320636164642,0.732349472095926
2020,0,0.2125,20000,1,0.55,"Missing",0.000133841573666477,-8.91871989300472
2020,0,0.1,2000,0,0.05,"Missing",0.0131595897640275,-4.31735758213805
2020,0,0.1375,3000,0,0.89,"B",2.37683440977101e-05,-10.6471321739299
2020,0,0.2625,4000,0,0,"Missing",0.168457894408931,-1.59659610171151
2020,0,0.25,5000,0,0,"B",0.163192017950279,-1.63466710032801
2020,0,0.125,2000,0,0,"Missing",0.0656269512752562,-2.65588931406759
2020,0,0.3,5000,0,0.7,"Missing",0.00156936533225948,-6.45551339024429
2020,1,0.3625,2500,1,0.89,"Missing",0.890795923123235,2.09889696207595
2020,1,0.3625,3000,1,0,"Missing",0.994296278358281,5.16091634762127
2020,1,0.3625,7500,1,0.09,"Missing",0.523713252370986,0.0949242223972604
2020,1,0.3625,3000,1,0.53,"Missing",0.999945959506055,9.82572286259734
2020,1,0.2375,7500,0,0.8,"Missing",0.913515434341227,2.35733430517938
2020,1,0.3625,7000,1,0.64,"Missing",0.999186704654538,7.11360260958492
2020,0,0.25,2700,1,0.8,"Missing",0.462570901352057,-0.149996996384929
2020,0,0.2125,2000,0,0.53,"Missing",3.16762356587301e-05,-10.3599121452445
2020,0,0.2375,7000,0,0.83,"Missing",2.09785861971075e-05,-10.771987366587
2020,1,0.3625,25000,0,0.11,"C",0.980220941587924,3.90315427482238
2020,1,0.3375,1000,1,0.88,"Missing",0.999916729248792,9.39332992219296
2020,0,0.2,7000,0,0.98,"C",0.004144529048361,-5.48181297465005
2020,1,0.3375,3200,1,0,"Missing",0.999996010075305,12.4317342108246
2020,1,0.3625,25000,0,0.95,"Missing",0.889784033487084,2.08853700136562
2020,0,0.3625,5000,0,0.77,"Missing",0.100272533396194,-2.19420008962088
2020,0,0.1375,8000,0,0.62,"B",0.000400941302873027,-7.82129449654576
2020,1,0.2875,1500,0,0.84,"Missing",0.972592916648106,3.56916411856284
2020,1,0.3625,5000,0,0.92,"Missing",0.958857707397631,3.14870607833917
2020,1,0.3,5250,0,0.57,"Missing",0.927213883980926,2.54465904301778
2020,1,0.3625,3442,0,0.26,"Missing",0.567703790178693,0.272488762368573
2020,0,0.1125,2550,0,0.58,"Missing",0.000108134971868307,-9.13202223077423
2020,1,0.3125,3500,1,0,"Missing",0.939685373930759,2.74597048128546
2020,0,0.25,8000,0,0.91,"Missing",0.000132288537105657,-8.93039283650141
2020,0,0.1875,2500,0,0.24,"C",0.00182816649769497,-6.3026118885743
2020,0,0.25,12000,0,0.95,"Missing",0.0180778302982374,-3.9948257061563
2020,1,0.3375,3500,1,1.09,"Missing",0.999938245928055,9.69228888622441
2020,0,0.2625,10001,0,0.69,"D",0.209422985918186,-1.32840701362745
2020,0,0.225,2800,0,0.38,"Missing",0.00531218639870039,-5.23242543107729
2020,0,0.1375,14000,0,0.56,"AA",0.000113581307959446,-9.08287802006755
2020,1,0.225,5000,0,0.66,"Missing",0.321939952046525,-0.744870806495209
2020,0,0.1875,20000,1,0.79,"Missing",0.0398033691958499,-3.18318652537311
2020,0,0.125,7500,0,0,"AA",2.5688611443076e-07,-15.1746327278888
2020,0,0.1375,25000,0,0.35,"Missing",5.21951827567925e-06,-12.1631002251489
2020,1,0.25,9000,0,1.01,"Missing",0.981453132055563,3.96873333040006
2020,0,0.25,2500,0,0.78,"Missing",0.00597418307786058,-5.11431581397851
2020,1,0.3125,3000,0,0.73,"Missing",0.780723704049368,1.26988875524241
2020,1,0.3125,5000,1,0.92,"Missing",0.919534683524546,2.43604152297133
2020,1,0.3125,8000,1,0.48,"Missing",0.603788439202263,0.421275557320396
2020,0,0.3625,5500,0,0.77,"Missing",0.113840115050268,-2.05210242696615
2020,0,0.125,6000,0,0.52,"Missing",0.000169806559570404,-8.68068083269818
2020,0,0.275,4000,0,0.47,"Missing",0.00139675769566822,-6.57220392587298
2020,0,0.2625,6001,1,0,"Missing",0.418566630965703,-0.328660289724195
2020,0,0.2375,10000,1,1.02,"Missing",0.00369979114607245,-5.59577225563081
2020,0,0.3625,2700,0,0,"Missing",0.507705259460368,0.0308234780245935
2020,0,0.1625,10000,0,0.28,"Missing",0.00439470138026233,-5.42295130902003
2020,0,0.2125,3800,0,0.7,"Missing",0.00174013282519694,-6.35205218373406
2020,1,0.3625,5000,0,1.08,"Missing",0.999997876486231,13.0624362796144
2020,1,0.3625,3000,1,1.01,"Missing",0.902379018199414,2.22394218158495
2020,1,0.225,2500,0,0.82,"D",0.350346784654455,-0.61751522841659
2020,1,0.0625,2000,0,0.1,"Missing",0.784386737101864,1.29141583247612
2020,0,0.15,22000,0,0.37,"AA",0.000490677733656655,-7.61923219443578
2020,0,0.1875,2000,0,0.62,"C",0.0244354077107509,-3.68698315631093
2020,1,0.3375,7500,0,0.91,"Missing",0.966697273868681,3.36824612998703
2020,1,0.3125,9000,0,0.42,"Missing",0.571272952625584,0.287046657825586
2020,0,0.3625,23500,0,0.86,"Missing",0.3349818825229,-0.685737836269813
2020,0,0.1125,1000,0,0.02,"Missing",0.00716587042385942,-4.9312340737452
2020,0,0.3625,2500,0,0.08,"Missing",0.0160995778701673,-4.11273164250654
2020,0,0.2875,15000,0,0.06,"D",0.0474040103038559,-3.00048404781835
2020,0,0.25,2700,1,0.87,"Missing",0.00034356743537514,-7.97578352068782
2020,0,0.25,7500,1,0.38,"Missing",0.00380745495625956,-5.56697958176752
2020,1,0.2875,7500,1,0.81,"Missing",0.941986890134908,2.78732234026353
2020,0,0.125,3500,0,0.07,"Missing",0.000836317288633848,-7.08566581782786
2020,1,0.3625,7000,1,0.27,"Missing",0.630078657271997,0.532554268588018
2020,1,0.3625,3600,1,0,"Missing",0.961485834046807,3.21745371128557
2020,0,0.2125,5000,1,0.08,"Missing",2.20568535991467e-05,-10.7218651264464
2020,0,0.125,2500,1,0,"B",8.28045588949677e-05,-9.39894463098341
2020,1,0.3625,3500,0,0.88,"Missing",0.202535706364216,-1.37052086205896
2020,0,0.1125,3500,0,0.14,"Missing",0.00131782991540811,-6.63045019970233
2020,1,0.2125,6300,0,0.41,"Missing",0.767489981244272,1.19419211010127
2020,0,0.1125,1500,0,0.76,"A",0.000603203591325265,-7.41265240190788
2020,0,0.3625,11000,0,0.98,"Missing",0.0581152669656086,-2.78545450317473
2020,0,0.25,3000,0,0.76,"Missing",2.47385112965775e-05,-10.6071246279391
2020,1,0.25,9500,1,0.65,"Missing",0.948684218244349,2.91707764969352
2020,0,0.1375,2700,1,0.12,"Missing",0.000125299838638456,-8.98467567617539
2020,1,0.3625,13531,0,0.82,"Missing",0.988973768362661,4.49639067964548
2020,0,0.1875,8000,0,0.64,"Missing",0.135456884792772,-1.85354778060405
2020,0,0.35,10000,0,0.87,"D",0.0399768607069185,-3.17865658320025
2020,1,0.35,5200,1,0.92,"Missing",0.970696179104242,3.50029561096375
2020,0,0.275,6001,0,0.98,"Missing",0.000204752049296772,-8.49350605349188
2020,0,0.1875,3010,0,0.34,"Missing",0.000342966649683708,-7.97753432129223
2020,0,0.15,7500,0,0.81,"Missing",0.0723780046707928,-2.55072186683972
2020,1,0.3625,10000,1,0.72,"Missing",0.929320584107083,2.57629938112826
2020,0,0.1375,2000,0,0.75,"Missing",7.57236047450443e-05,-9.48834490003709
2020,0,0.2,3300,0,0.3,"Missing",0.000330890697644587,-8.01339151026374
2020,1,0.3625,1000,1,1,"Missing",0.999947187035238,9.84870103829511
2020,0,0.25,5000,0,0.65,"Missing",2.85018334940891e-05,-10.4655136373933
2020,0,0.3625,3000,0,0.92,"Missing",0.410802022983621,-0.360650848601375
2020,0,0.125,2000,0,0.29,"Missing",0.000404358184879277,-7.81280503660189
2020,1,0.3375,2800,0,0,"Missing",0.998235615061101,6.33818718257421
2020,0,0.2625,7000,0,0.78,"Missing",0.0376284996983382,-3.24163881708749
2020,0,0.25,9000,0,0.88,"Missing",0.303696870503416,-0.829755028971298
2020,0,0.2125,25000,0,0.78,"Missing",4.10236016801521e-05,-10.1013219817047
2020,0,0.2125,7100,0,0.95,"Missing",0.00025580903400192,-8.27082351102329
2020,1,0.3625,6000,0,0,"Missing",0.848333319934555,1.72158840589585
2020,0,0.25,2500,0,1,"Missing",6.52145045469373e-05,-9.63776343476531
2020,1,0.35,1900,0,1.2,"Missing",0.992059465490457,4.82780245896357
2020,0,0.3125,1000,1,0.95,"Missing",0.450539777742779,-0.198490012219853
2020,1,0.3625,6700,0,0.39,"Missing",0.13596646161573,-1.8492033360679
2020,1,0.3625,5000,0,1,"Missing",0.997915370023822,6.17107710309843
2020,1,0.3625,1000,0,0,"Missing",0.971705940754653,3.53640136664753
2020,0,0.1125,2500,1,0.24,"Missing",0.0266178780651193,-3.59919363287788
2020,0,0.25,1000,0,1,"Missing",0.00674949141068973,-4.99151575125894
2020,1,0.3375,3750,0,0.88,"Missing",0.491521877180685,-0.0339157419463934
2020,0,0.2125,4000,0,0.75,"Missing",0.263312162884026,-1.02882398414735
2020,0,0.3625,5100,0,0.66,"Missing",0.151835927219415,-1.72027358747105
2020,0,0.3125,15000,0,0,"Missing",0.366985441703267,-0.545171241884408
2020,0,0.2,10000,0,0.11,"Missing",0.00031625403668772,-8.05864844971852
2020,0,0.175,8000,0,0.53,"Missing",3.59803771590127e-07,-14.8377066732182
2020,0,0.15,15000,0,0.55,"A",1.88770857624056e-05,-10.8775428877019
2020,0,0.1875,4000,0,0.84,"Missing",0.0423554738159371,-3.11837898625085
2020,1,0.3625,3000,0,0.82,"Missing",0.938902569552125,2.73224190359916
2020,0,0.3625,4200,0,1,"Missing",0.257418254028574,-1.05943075058173
2020,0,0.3625,2500,0,0,"Missing",0.0449865341201923,-3.05536223756396
2020,1,0.2125,5000,0,0,"C",0.887341317968553,2.06386697394821
2020,0,0.1875,5000,0,0.33,"Missing",0.000150195555741363,-8.80342220117477
2020,1,0.3625,4500,0,0.97,"Missing",0.699424464262211,0.844558713709688
2020,1,0.325,7225,0,1.01,"Missing",0.996004662462078,5.51862387301829
2020,1,0.2625,10000,0,0.84,"Missing",0.12842869597227,-1.91492382403441
2020,0,0.1375,1000,0,0.97,"Missing",0.00616639755243318,-5.08245498836114
2020,0,0.3625,3000,1,0,"Missing",0.0533637221863011,-2.87578378578126
2020,0,0.1875,1500,1,0.64,"Missing",0.00243154879014791,-6.01679235265213
2020,1,0.3625,3000,1,0.8,"Missing",0.999057767220048,6.96631552447892
2020,1,0.3,7500,1,0.82,"Missing",0.644370499574455,0.594384410799589
2020,1,0.325,3672,0,0.94,"Missing",0.946689612001458,2.87684007125808
2020,0,0.1125,5000,0,0.18,"Missing",2.21380569342942e-07,-15.3233823618213
2020,0,0.225,15000,0,0.65,"Missing",4.23268909689471e-08,-16.9778431902458
2020,1,0.3375,6000,0,0.85,"Missing",0.922574555838376,2.47785272947381
2020,0,0.1625,5000,0,0,"Missing",0.0230104049164286,-3.74852950081928
2020,0,0.2,3000,1,0.96,"Missing",4.51385608941761e-05,-10.0057285284477
2020,0,0.1875,3000,0,0.05,"Missing",0.0391844879050763,-3.19950146384085
2020,0,0.1625,4950,0,0,"Missing",4.76470290462965e-05,-9.95164263114427
2020,0,0.225,7500,0,0.9,"Missing",0.00514907681512089,-5.26377546058175
2020,0,0.225,6000,0,0.75,"Missing",2.04913987822656e-05,-10.7954848398528
2020,1,0.35,4000,0,0,"Missing",0.900616218914005,2.20409028451466
2020,0,0.325,2550,1,0.51,"Missing",0.444177913236859,-0.224223067547831
2020,1,0.2875,1800,0,0,"Missing",0.764112094824846,1.17535778526257
2020,1,0.3625,3001,0,0.84,"Missing",0.999997639637642,12.9566930488043
2020,0,0.3625,3000,0,0.91,"Missing",0.556910106851086,0.228631170311852
2020,1,0.35,12000,0,0.83,"Missing",0.0893603272266642,-2.32147047303369
2020,0,0.1875,3010,0,0.34,"Missing",0.0152594108165328,-4.16718182980407
2020,1,0.3625,7000,0,0.7,"D",0.999992956202514,11.8633560737834
2020,1,0.3625,12000,0,0.92,"Missing",0.65872616629382,0.65762273257918
2020,0,0.125,6500,0,0.34,"Missing",1.57084830926876e-05,-11.0612939585512
2020,0,0.25,7000,0,0.28,"Missing",0.025782369364365,-3.63194381839943
2020,0,0.325,1200,1,0,"Missing",0.0172435769929033,-4.04292157412831
2020,0,0.175,5000,0,0,"Missing",0.00892068579628063,-4.71042173901407
2020,0,0.1125,3000,0,0.13,"Missing",0.0323045645095967,-3.39970886868044
2020,1,0.3625,3500,0,1.01,"Missing",0.968046160486311,3.41098742641659
2020,1,0.2875,1400,0,0,"Missing",0.99052411990656,4.64948458457941
2020,0,0.0875,1325,0,0.02,"Missing",8.16626433089802e-08,-16.3206691002251
2020,1,0.3625,4000,1,0.98,"Missing",0.944195637834423,2.8284813468001
2020,0,0.225,8000,0,0.33,"Missing",0.0187179429232116,-3.95937735976448
2020,0,0.3625,7000,0,0.12,"Missing",0.465533021592618,-0.138086916113446
2020,0,0.275,7000,0,0.07,"Missing",0.000449650198055512,-7.70659086381688
2020,0,0.2,25000,0,0.76,"AA",0.000660888925860291,-7.3212636643693
2020,1,0.0625,1000,1,0.48,"Missing",0.962802160371311,3.25359726465352
2020,0,0.125,6000,0,0.52,"Missing",1.81098343694576e-05,-10.9190373219182
2020,1,0.2125,5000,1,0.08,"Missing",0.196558573242221,-1.40794381534562
2020,0,0.1875,18000,0,0.12,"B",0.000900779945191154,-7.01134837826675
2020,1,0.2375,16000,0,0,"Missing",0.550557817555684,0.202924758733532
2020,1,0.25,1000,1,0.42,"C",0.569820756106529,0.281119880308519
2020,1,0.3625,5000,0,1,"Missing",0.964814104423821,3.31129013643288
2020,1,0.3375,6000,0,0.85,"Missing",0.998433383776354,6.45726941247518
2020,1,0.225,3000,0,0.79,"Missing",0.714063030349394,0.915199835549315
2020,1,0.25,1500,0,0.74,"Missing",0.783115256529655,1.2839138074348
2020,1,0.1875,2000,0,0.54,"Missing",0.784020713843415,1.28925293505753
2020,0,0.1625,2500,0,0.57,"Missing",0.221954360809213,-1.25431340585985
2020,1,0.275,17500,0,0,"Missing",0.999480807986011,7.56271744722816
2020,1,0.3125,5500,0,0.49,"Missing",0.999990557944731,11.5703274402233
2020,0,0.15,9000,0,0.05,"AA",0.000795533135074215,-7.13570220817273
2020,0,0.3,6000,0,0.52,"Missing",0.0412332067331732,-3.14640394793108
2020,0,0.2125,4000,0,0.75,"Missing",0.000220636938839233,-8.41877135673916
2020,1,0.3,5000,0,0.7,"Missing",0.712561987288271,0.907859679029926
2020,0,0.25,4000,0,0,"Missing",0.15283289954828,-1.71255279552474
2020,0,0.3125,1000,1,0.95,"Missing",0.0122986178090106,-4.3858935245039
2020,0,0.275,2500,1,0.63,"D",0.000107772543256201,-9.13537985435735
2020,1,0.3625,7000,1,0.64,"Missing",0.990961369838681,4.69716792048535
2020,0,0.1875,6000,0,0.39,"Missing",0.00252755574639296,-5.97797179596295
2020,1,0.2875,4000,1,1.35,"Missing",0.817783338255102,1.50140100565846
2020,0,0.3125,14000,0,0.8,"D",0.0129232749813264,-4.33571782423321
2020,0,0.25,25000,1,0.98,"Missing",0.000138596810594241,-8.88380287664279
2020,0,0.2625,12000,1,0.98,"C",0.0200390658999888,-3.88982904435351
2020,0,0.1125,6500,0,0.09,"Missing",3.92178194464305e-07,-14.7515491305518
2020,0,0.2875,8500,0,0.86,"Missing",0.0984525059368616,-2.21453846596597
2020,0,0.1625,5000,0,0.69,"Missing",0.229325918455979,-1.21212134603003
2020,1,0.325,5500,0,0.99,"Missing",0.956873704160962,3.09953848882883
2020,0,0.1875,9500,0,0.94,"Missing",0.000501513231991113,-7.5973789270508
2020,0,0.1875,8000,0,0.12,"Missing",0.00155416521894625,-6.46526134000337
2020,0,0.15,25000,1,0.22,"Missing",4.31414590978876e-05,-10.0509829527959
2020,0,0.1875,14700,0,0.37,"Missing",0.00015745323091372,-8.75622462474753
2020,0,0.3,23000,0,0.82,"Missing",0.0559218646579458,-2.82625349074088
2020,0,0.35,5500,0,0.35,"Missing",6.87759121391107e-05,-9.58458821030908
2020,0,0.1125,3600,0,0.23,"Missing",0.006371239994365,-5.04956954377985
2020,0,0.3375,25000,1,0,"Missing",0.00754082272809179,-4.87985458930447
2020,0,0.35,23500,0,0.89,"Missing",0.00117215274809772,-6.74774042492185
2020,1,0.25,1500,0,0.74,"Missing",0.615905287294136,0.472204027472752
2020,1,0.3625,3000,0,0,"Missing",0.950235522391772,2.94940844370427
2020,1,0.3625,3500,0,0.71,"Missing",0.996433865450077,5.6327005205575
2020,1,0.3625,2000,1,0.83,"Missing",0.999718524860868,8.17518491521676
2020,0,0.2875,3500,0,0.92,"Missing",0.000225165970211804,-8.39844759097683
2020,1,0.2875,7200,0,1.12,"Missing",0.826167512451841,1.55870543227231
2020,1,0.35,4500,0,0.47,"Missing",0.95583463709494,3.07464408714789
2020,0,0.2125,6300,0,0.41,"Missing",0.0241870511124868,-3.69745350535483
2020,0,0.125,2100,0,0,"Missing",0.000243847835627811,-8.31872227411054
2020,0,0.3625,12000,1,0,"Missing",0.794138765377569,1.35005588998603
2020,1,0.3625,10000,0,0,"Missing",0.691983783330474,0.809410087737577
2020,0,0.125,4000,1,0.43,"Missing",0.00122074636117388,-6.70707134375988
2020,0,0.1375,2700,1,0.12,"Missing",0.229868524634031,-1.20905373404724
2020,0,0.2,3000,0,0.81,"Missing",0.0160249729156709,-4.1174522050753
2020,0,0.2875,10000,1,0,"Missing",0.970627610134691,3.49788777015977
2020,1,0.3625,2700,0,0,"Missing",0.989393675889789,4.5356418695238
2020,1,0.1875,20000,0,0.66,"Missing",0.992299204945076,4.85870110227993
2020,1,0.2,25000,0,0.78,"Missing",0.983163948933279,4.06725340641622
2020,0,0.1875,4000,0,0.95,"Missing",4.72063803354384e-05,-9.96093429041543
2020,0,0.1875,5000,0,0.92,"B",1.97658520363148e-05,-10.8315349877587
2020,0,0.3625,3001,1,0,"Missing",0.215533947188323,-1.29188487415523
2020,0,0.1875,25000,0,0.01,"Missing",0.00125664448105146,-6.67805278596105
2020,0,0.2625,10001,0,0.69,"Missing",0.000153380119563655,-8.78243788421865
2020,1,0.3625,2000,0,0,"Missing",0.999516903167079,7.63481022860599
2020,0,0.3,10000,0,0,"Missing",0.000625515380808091,-7.37630892764121
2020,0,0.2875,5000,0,0.37,"Missing",0.00430389958179244,-5.44392059974458
2020,0,0.25,8000,1,0.92,"Missing",0.00815223595256755,-4.80127739221228
2020,1,0.1875,3500,0,0.56,"Missing",0.972779839879738,3.57619990753429
2020,0,0.3625,12000,0,0.6,"Missing",0.1639752972284,-1.62894237159523
2020,1,0.3125,15000,0,0,"Missing",0.772166042012964,1.22058249802046
2020,0,0.225,3000,1,0.93,"Missing",0.140798586793783,-1.80867296184873
2020,0,0.2875,15000,0,0.18,"Missing",0.0160234203412628,-4.11755067230943
2020,1,0.35,3200,0,0.93,"Missing",0.973150765139845,3.59030169521863
2020,0,0.3625,20000,0,0.04,"Missing",0.000462731144099076,-7.67790151659352
2020,0,0.3625,25000,0,0.61,"A",0.00012577089807611,-8.98092279650016
2020,0,0.25,5000,0,0.65,"Missing",0.0240331102493183,-3.7039961880974
2020,0,0.125,6000,1,0.75,"Missing",0.177441467201338,-1.53377885231834
2020,0,0.25,5300,0,1.26,"D",0.021442181713582,-3.82071978372927
2020,0,0.3,4592,0,0.6,"Missing",5.4355071564577e-05,-9.8199182791459
2020,0,0.3125,1000,1,0.98,"Missing",0.0174076194853015,-4.03328635346868
2020,1,0.325,2200,0,0.97,"Missing",0.997701326788198,6.07312186771474
2020,1,0.25,1000,1,0.42,"C",0.680093402555121,0.754201075233401
2020,1,0.3125,15000,0,0.65,"Missing",0.806990210308719,1.43057062582074
2020,0,0.1625,4950,0,0,"Missing",0.241545997584771,-1.14422223297632
2020,1,0.3,3200,1,0.73,"Missing",0.947577365220923,2.89457012608015
2020,0,0.1375,9000,0,0.33,"Missing",0.00083868668554356,-7.08283432063194
2020,0,0.125,8000,0,0.45,"AA",0.0304850730059362,-3.4595587169823
2020,0,0.225,10000,0,0.66,"Missing",0.0155108378798333,-4.15058389186691
2020,1,0.3125,2550,1,0.67,"Missing",0.980903772608661,3.93898356686635
2020,0,0.25,3000,0,0.76,"Missing",0.00114611837764174,-6.7702275939792
2020,0,0.3125,3000,0,0.97,"Missing",0.020391150157349,-3.87205236826765
2020,0,0.3,4592,0,0.6,"C",0.0122811920648085,-4.38732905819734
2020,0,0.2875,1500,0,0.84,"Missing",0.251211663287085,-1.0921604852719
2020,0,0.2,25000,1,0.66,"Missing",0.000907381548646552,-7.00403973178328
2020,1,0.325,6000,1,0,"Missing",0.98208207447412,4.00387324597516
2020,0,0.1375,5000,0,0.46,"Missing",1.22745353574537e-05,-11.3079714631427
2020,1,0.35,2250,0,0.57,"Missing",0.454086272437102,-0.184173747750817
2020,0,0.1875,10200,0,0,"C",0.0858149723896822,-2.36583949353069
2020,0,0.3625,5000,0,0.82,"Missing",0.64735237710537,0.607421455615271
2020,0,0.2125,2000,0,0.74,"Missing",0.724132245126506,0.965052432840599
2020,0,0.25,3000,1,0.62,"Missing",0.0232913570039618,-3.73610604387733
2020,0,0.275,4500,1,0.68,"Missing",0.787736712655563,1.31133648747003
2020,0,0.275,20000,0,0.92,"D",0.0680333855739313,-2.61729844359766
2020,0,0.175,4000,0,0.18,"Missing",0.00608473206213802,-5.09586926654618
2020,1,0.3125,7000,0,1.02,"Missing",0.0132759932525202,-4.308432986297
2020,1,0.3625,7200,0,1.15,"Missing",0.843613725880229,1.68536565619729
2020,1,0.3625,10000,0,0,"Missing",0.955011366113183,3.0553133645255
2020,0,0.1375,8000,0,0.62,"B",0.000160667198544128,-8.73601474203973
2020,0,0.15,2500,0,0,"Missing",0.000309971542513645,-8.07872004344827
2020,0,0.2,2000,1,0.41,"Missing",0.000170921595988846,-8.67413467339071
2020,1,0.2,11204,0,0.73,"Missing",0.930541603162941,2.59503881895547
2020,0,0.2375,6000,1,0.61,"Missing",0.0104408407860057,-4.55153443596297
2020,1,0.3625,5000,1,1.02,"Missing",0.956484547466538,3.09014852779182
2020,0,0.1125,5000,0,0,"Missing",1.3285102787115e-07,-15.8340372948389
2020,0,0.125,3000,0,0.14,"Missing",1.97774545698474e-05,-10.8309481494658
2020,0,0.2125,5000,0,0.15,"Missing",0.000576144340442477,-7.45857602723974
2020,0,0.225,10000,0,0.96,"Missing",0.00216011563532544,-6.13543107179579
2020,0,0.2875,7000,0,0.98,"Missing",9.97770581816065e-06,-11.5151473942511
2020,0,0.2375,7500,0,0.98,"Missing",6.2143119327088e-05,-9.68600831183292
2020,1,0.3625,3000,0,0,"Missing",0.983931374336124,4.11468749884928
2020,0,0.2625,7500,1,1.02,"C",0.512770233976838,0.0510920472186647
2020,0,0.3625,5000,0,0.72,"Missing",0.505940989420887,0.0237650761213972
2020,0,0.175,3000,0,0,"Missing",2.04859505262168e-05,-10.795750760797
2020,1,0.3625,5000,0,1,"Missing",0.774325315748627,1.23289757781789
2020,0,0.2375,10000,1,1.02,"Missing",0.00614945915343516,-5.08522269860943
2020,0,0.1875,12000,1,0.53,"Missing",0.000239854969628537,-8.33523622675601
2020,1,0.35,3200,0,0.93,"D",0.986598946883487,4.29893032672578
2020,1,0.175,1400,0,0.61,"Missing",0.952494802552752,2.9982455253517
2020,1,0.3625,1000,1,0.42,"Missing",0.999935788721854,9.65326747729262
2020,1,0.3,2000,0,0,"Missing",0.853552336237939,1.76273873922156
2020,0,0.2125,10000,0,0.79,"Missing",0.000135160503468246,-8.90891240150703
2020,0,0.2,3500,1,0.51,"Missing",0.17378427526284,-1.55904117469524
2020,0,0.1875,8000,0,0.12,"Missing",0.0271150916234974,-3.58017533050457
2020,0,0.2,3000,0,0.81,"Missing",8.08374164828987e-05,-9.42298978365609
2020,1,0.325,4000,0,0.99,"Missing",0.885969448494521,2.05021605934655
2020,0,0.3,14900,0,0.93,"Missing",0.21201503760804,-1.31282180214701
2020,0,0.3,2350,0,1.37,"Missing",0.0870425601334238,-2.35029206783649
2020,1,0.3625,3000,1,0.92,"Missing",0.999561664596295,7.7320877472498
2020,1,0.3375,2000,1,0,"Missing",0.999892927037001,9.14189298000112
2020,0,0.2125,9500,0,0.37,"Missing",0.429253811600885,-0.284896227741585
2020,0,0.175,9250,0,0.92,"Missing",0.000700898620495383,-7.26244615828552
2020,0,0.35,1000,0,0,"Missing",0.00107366337139339,-6.83560452632232
2020,0,0.1375,5000,0,0.46,"A",0.00271600506971698,-5.90587350257239
2020,0,0.3625,3500,0,0.83,"Missing",0.0843693750893076,-2.3844085540715
2020,0,0.175,8000,0,0.92,"Missing",1.12985627476017e-06,-13.6934189939502
2020,0,0.2,10000,0,0.35,"Missing",9.66694609445454e-05,-9.24411634361302
2020,1,0.3625,1000,0,0.92,"Missing",0.969088927113,3.44524191415566
2020,1,0.3625,1000,1,1,"Missing",0.996517459027481,5.65650446798515
2020,0,0.1125,4000,0,0.32,"Missing",9.75748924300042e-05,-9.23479276767902
2020,1,0.3625,2525,0,0,"Missing",0.969185147643244,3.44845887135398
2020,1,0.2375,10000,1,1.02,"Missing",0.413904571402156,-0.347847180359713
2020,0,0.35,5000,0,0.95,"Missing",0.00245903163634046,-6.0055255902797
2020,0,0.2125,7500,0,0.62,"Missing",0.000105752455284601,-9.15430376443866
2020,0,0.2125,4000,0,0.75,"Missing",1.11801903127087e-07,-16.0065371419647
2020,0,0.3625,18000,0,0.93,"Missing",0.104209006029549,-2.15130856429589
2020,1,0.3625,5000,0,1,"Missing",0.614250373638725,0.465214097046059
2020,0,0.2375,15000,1,0.41,"Missing",2.61140824421514e-05,-10.5530097175503
2020,0,0.0875,1000,0,0.09,"Missing",5.60323421023544e-05,-9.78952546248573
2020,1,0.35,2550,0,0.74,"Missing",0.947019683499705,2.88339942029654
2020,0,0.1,2300,0,0.18,"Missing",0.000171569651644017,-8.67034965740108
2020,0,0.35,4000,0,0,"Missing",0.32968368768871,-0.709616036275449
2020,1,0.3375,12000,1,0,"Missing",0.993049829228147,4.96201461251335
2020,0,0.3625,2550,0,0,"Missing",0.00242689207524612,-6.01871397985347
2020,0,0.25,6500,0,0,"Missing",0.000900122130279507,-7.01207957605239
2020,1,0.3625,4500,1,1.32,"Missing",0.739677977022477,1.04429551074123
2020,0,0.3,7500,1,0.82,"Missing",0.00170384842462342,-6.37316050559205
2020,0,0.3625,2000,0,0.28,"Missing",0.0550871415741748,-2.84217638627085
2020,1,0.3625,3000,0,0.98,"Missing",0.984686499898117,4.1635885173488
2020,0,0.25,24000,0,0.76,"Missing",0.0600779320337671,-2.750154378755
2020,0,0.35,4000,0,0,"Missing",0.54411833279344,0.176933472620502
2020,0,0.1625,9999,0,0.61,"Missing",3.6316819863041e-06,-12.5258110282071
2020,0,0.1625,2500,1,0.77,"Missing",0.00284947197668346,-5.85776803375501
2020,1,0.2125,5000,0,0.93,"Missing",0.998155556473178,6.29373151185488
2020,0,0.25,8000,0,0.87,"Missing",0.141332054702727,-1.80427016803521
2020,1,0.35,5000,0,0.95,"Missing",0.985536522863506,4.2215595324487
2020,1,0.3625,5500,0,1.02,"Missing",0.963774007253073,3.28107994196354
2020,0,0.1625,20000,0,0.46,"A",0.000135073186134073,-8.90955872459855
2020,1,0.2375,4700,0,0.74,"D",0.871076677256699,1.91051217626876
2020,0,0.2125,5000,0,0.15,"B",0.096125663308124,-2.24103401436882
2020,1,0.25,7500,1,0.9,"D",0.989273084942139,4.52421440674767
2020,0,0.3125,6000,0,1.02,"Missing",0.00287873376199458,-5.84752186220444
2020,0,0.2375,6600,0,0.27,"Missing",6.21400154054914e-06,-11.9886992850567
2020,1,0.225,15000,0,0.51,"Missing",0.853697950054329,1.76390412290504
2020,0,0.1875,10000,0,0.66,"B",0.0280842944437821,-3.54405857452481
2020,0,0.35,6000,0,0.53,"Missing",0.00589246485113678,-5.1281709942662
2020,1,0.15,5250,1,0.39,"Missing",0.805575863311223,1.42151533558164
2020,0,0.25,9500,0,0.72,"Missing",0.00300303427237842,-5.80512452490513
2020,0,0.1875,15000,0,0.01,"AA",0.0104058875226753,-4.55492311774596
2020,0,0.1125,1000,0,0.02,"Missing",1.71197081278423e-07,-15.5804502507943
2020,0,0.1875,5000,0,0.7,"Missing",0.0392715590211008,-3.19719122155522
2020,1,0.25,9000,0,0.94,"Missing",0.99303795897123,4.96029620725507
2020,1,0.3625,1800,0,1.11,"Missing",0.999939865878509,9.71887299632566
2020,0,0.35,1250,0,0,"Missing",0.0745971185589367,-2.51812730894458
2020,1,0.2125,1800,0,0.96,"Missing",0.99219258953979,4.84484388944639
2020,0,0.1875,12000,0,0.43,"A",0.00206644195929669,-6.17985843088683
2020,0,0.25,2500,0,0.8,"Missing",0.355705681509249,-0.594051986411526
2020,0,0.15,11000,0,0.7,"Missing",1.06729044611717e-06,-13.7503863472258
2020,0,0.125,6000,0,0.02,"Missing",0.00319047222176693,-5.74439076860954
2020,1,0.3625,10000,0,0.47,"Missing",0.614575937746316,0.46658830932557
2020,0,0.1875,1500,1,0.64,"Missing",0.000836335381675668,-7.08564416577003
2020,0,0.25,6500,1,0.92,"Missing",0.0390549294237843,-3.20294814676458
2020,1,0.3625,5000,0,0.88,"Missing",0.999856006918442,8.84560130083202
2020,1,0.2,25000,0,0.63,"Missing",0.588667648840261,0.358460232951811
2020,0,0.2,8000,0,0.66,"Missing",0.00363776913874324,-5.6127402572777
2020,0,0.3,25000,0,0.42,"Missing",0.000371663270796519,-7.89715056729555
2020,1,0.2875,4500,1,0,"Missing",0.930511430045644,2.59457208181722
2020,1,0.2625,7000,0,0.78,"D",0.999289751105108,7.24918459193184
2020,1,0.2875,10000,0,0.44,"Missing",0.254791165317163,-1.07322024402185
2020,0,0.325,7300,0,0,"Missing",0.000459733364272411,-7.68440404035102
2020,1,0.35,12000,0,0,"Missing",0.213414287015335,-1.30446641074404
2020,1,0.3625,2500,1,0.87,"Missing",0.999491859582434,7.58424446648373
2020,0,0.2125,6750,1,0.73,"Missing",0.0376513360464139,-3.24100838196682
2020,0,0.225,3100,0,0.98,"C",0.000799234939083466,-7.131056059516
2020,0,0.25,1500,0,0.88,"Missing",0.837037231837613,1.63634679344823
2020,1,0.3625,2500,1,1.01,"Missing",0.992073356811616,4.82956741229595
2020,0,0.25,5200,1,0.77,"D",0.234309890291343,-1.1841329746623
2020,0,0.225,5600,0,0.33,"C",0.000146772337547344,-8.82648111275655
2020,0,0.325,2550,0,0.88,"Missing",0.109563631377663,-2.09520615544015
2020,0,0.3625,5000,0,0.77,"Missing",0.741507731435763,1.05381980361569
2020,0,0.1875,2000,0,0.54,"Missing",0.0842801824128038,-2.38556368858793
2020,0,0.225,10000,0,0.97,"Missing",0.00564480448006983,-5.17135892133014
2020,1,0.3625,2000,0,0.98,"Missing",0.999343643883051,7.32815048349982
2020,0,0.2375,15000,0,0.37,"C",0.000498886220400301,-7.6026334927365
2020,1,0.3375,3750,0,0.88,"Missing",0.990132089287986,4.60855020736087
2020,0,0.2125,2550,0,0.25,"C",0.000840060419199512,-7.08119632762743
2020,0,0.2625,1500,0,0.01,"Missing",8.97413819276873e-06,-11.6211546771118
2020,1,0.3625,16900,0,0.04,"D",0.0261445481424121,-3.61762220117478
2020,0,0.1,1500,1,0.22,"Missing",0.0416574311986123,-3.13572552869443
2020,0,0.25,1500,0,0.74,"Missing",0.000138736139926198,-8.88279795698643
2020,0,0.2125,4800,0,0.88,"Missing",7.29617915639021e-05,-9.52550169261998
2020,0,0.2,7000,0,0.29,"Missing",4.22515044006957e-05,-10.0718283452809
2020,0,0.1,1000,0,0.01,"Missing",3.86638760692313e-05,-10.1605661641302
2020,1,0.25,2018,0,0,"Missing",0.983404405366342,4.08188315807016
2020,1,0.3625,5000,0,0.32,"Missing",0.991927810358127,4.81122555625513
2020,0,0.2125,10000,0,0.39,"Missing",0.00544410232011348,-5.20776342389475
2020,0,0.2875,9600,0,0.94,"D",7.731781652909e-05,-9.46750882262367
2020,0,0.3625,25000,0,1.31,"Missing",0.81074584278913,1.45486375871854
2020,0,0.275,4000,1,1,"D",0.096784825005732,-2.23347059853719
2020,0,0.1375,6475,0,0.1,"Missing",0.00021069694524126,-8.46487901625732
2020,0,0.1375,5000,0,0,"Missing",0.0002224386418631,-8.41063679791107
2020,0,0.2875,3500,1,0.95,"Missing",0.00113450625284455,-6.78042259192521
2020,0,0.15,8000,1,0.91,"A",0.000107259966130497,-9.14014781446077
2020,0,0.15,10000,0,0.81,"Missing",0.0766240916813336,-2.48912487943375
2020,1,0.3625,4000,1,0,"Missing",0.999245510018852,7.18871378388865
2020,0,0.3625,10000,1,0.9,"Missing",0.0556892340395106,-2.83066846969713
2020,1,0.0875,5000,0,0.05,"Missing",0.905866639421749,2.26417959172223
2020,1,0.3625,2500,0,0.89,"Missing",0.9998608048546,8.87949448084084
2020,0,0.3625,5000,0,0.97,"Missing",0.568456393491064,0.275556042371837
2020,0,0.175,4500,0,0,"Missing",3.38702213125709e-05,-10.2929404861841
2020,0,0.3125,9000,0,0.86,"Missing",0.287601732348442,-0.907060470411593
2020,0,0.1625,13000,0,0.81,"Missing",0.00222575571530475,-6.10543053731189
2020,0,0.2125,5600,0,1.09,"Missing",0.0102418084741586,-4.57098244948809
2020,0,0.175,9000,1,0.54,"Missing",3.86106204154184e-05,-10.161944567676
2020,1,0.3125,2550,0,0.53,"Missing",0.828934028998007,1.57809129551939
2020,1,0.25,3000,0,0.62,"Missing",0.946531293056604,2.87370746614387
2020,0,0.25,5000,0,0.97,"C",0.000719227977296548,-7.23661268823847
2020,0,0.325,25000,0,0.92,"Missing",1.99617394803594e-05,-10.8216731806248
2020,1,0.3125,2550,0,0.53,"Missing",0.786850682761759,1.30604556075417
2020,0,0.3125,8500,0,0.87,"Missing",0.447350707731332,-0.211380741096956
2020,0,0.25,5000,1,0.72,"Missing",0.00880655756073474,-4.72341309317987
2020,0,0.125,4000,0,0.88,"Missing",0.00013807285565227,-8.88759099022032
2020,0,0.3625,25000,0,0.95,"C",0.000272500601951578,-8.20759719712981
2020,0,0.175,1500,1,0.25,"AA",0.000195173108583327,-8.54142846472329
2020,0,0.3,10000,1,0,"Missing",2.17558762069773e-05,-10.7356049103704
2020,0,0.3625,3000,0,0.94,"Missing",0.159669166863507,-1.66069169579816
2020,0,0.3625,3900,0,0,"Missing",1.78870970948081e-05,-10.9314130504776
2020,1,0.175,3500,0,0.94,"Missing",0.56268350534285,0.252060135573079
2020,1,0.3625,4000,0,1.07,"Missing",0.88042599357565,1.99647039364403
2020,0,0.225,3100,0,0.86,"Missing",0.0241973755329652,-3.69701615870177
2020,0,0.2,11204,0,0.73,"Missing",0.00322776985477653,-5.73273083731318
2020,0,0.25,1000,1,0.76,"Missing",0.0478794460502591,-2.99000534799494
2020,0,0.2125,3800,0,0.7,"Missing",0.00493490555933699,-5.30647462077723
2020,0,0.175,2400,1,0.22,"Missing",0.000246892154610256,-8.30631201505662
2020,0,0.15,25000,0,0.07,"Missing",0.0674146225736288,-2.62709875837008
2020,0,0.25,25000,1,0.87,"Missing",0.296668624315624,-0.863212381557971
2020,0,0.0875,2550,1,0,"Missing",2.104963065967e-07,-15.3737975193405
2020,0,0.2125,25000,0,0.11,"Missing",5.42987099873358e-05,-9.82095578826168
2020,1,0.3625,5000,0,0,"Missing",0.999904208160495,9.25323726281121
2020,0,0.2125,5000,0,0.15,"Missing",0.00784476842304915,-4.84003271178828
2020,0,0.3625,9000,1,0,"Missing",0.206763568774424,-1.34454536437589
2020,0,0.2,25000,0,0.92,"Missing",0.00114544391940275,-6.77081691413631
2020,0,0.2,25000,0,0.85,"Missing",0.00964426287608317,-4.63170099107282
2020,0,0.125,3900,0,0.53,"Missing",0.465593135285999,-0.1378453152804
2020,0,0.3625,2550,1,1.26,"Missing",0.723323759805057,0.961008907848148
2020,0,0.3625,1500,1,0.94,"Missing",0.00677272225394001,-4.98805640620368
2020,0,0.25,12000,0,0.34,"Missing",0.00436503501931343,-5.42975447737168
2020,0,0.3625,15000,0,0.49,"Missing",0.000273675574987535,-8.20329347295818
2020,0,0.225,7500,0,0.9,"Missing",6.4212352184899e-05,-9.65325074972735
2020,0,0.3625,5000,0,0.97,"Missing",0.666388665594912,0.691896436355135
2020,0,0.3625,6000,0,0,"Missing",0.301228505154183,-0.84145465577676
2020,0,0.1625,9500,0,0.27,"Missing",3.98307904803475e-07,-14.7360401022921
2020,1,0.3,4000,0,0.7,"Missing",0.938269707310765,2.72126266428567
2020,0,0.1625,5500,0,0.34,"Missing",0.00943808943058194,-4.6535187997007
2020,0,0.3625,25000,0,0.98,"Missing",0.487718185425566,-0.0491371425449925
2020,1,0.3125,2550,0,0,"Missing",0.461212239956602,-0.155463399798582
2020,1,0.2125,11000,0,0,"Missing",0.996849699866206,5.75710227733836
2020,1,0.3625,2400,0,1.05,"Missing",0.999904160013896,9.25273472400546
2020,0,0.1875,8500,0,0.22,"Missing",1.79708370259994e-08,-17.8345155401887
2020,0,0.3625,25000,0,0.95,"Missing",0.00340782964324066,-5.67826600905595
2020,1,0.3125,9000,0,0.43,"Missing",0.993180996212149,4.9811995305294
2020,0,0.15,25000,0,0.01,"Missing",0.187887760368631,-1.46379379152917
2020,0,0.1,1000,0,0.78,"A",4.01565195027085e-05,-10.1226855947799
2020,0,0.1125,5000,0,0.18,"Missing",0.000435339931971639,-7.73894794452258
2020,0,0.2,6500,0,0.67,"C",0.0624839252556298,-2.70832457633967
2020,0,0.0875,1100,1,0.18,"Missing",0.000379138421971169,-7.8772299797734
2020,0,0.1875,3500,0,0.56,"Missing",0.0534436140572398,-2.87420338672047
2020,0,0.2125,3600,1,0.76,"Missing",0.000372973705456046,-7.89362959228379
2020,0,0.0875,1325,0,0.02,"Missing",7.55051152294721e-05,-9.4912346446547
2020,0,0.1875,4000,0,1,"Missing",0.474268761642985,-0.103015959769924
2020,0,0.2,25000,0,0,"Missing",0.00113659176373932,-6.77858393735565
2020,0,0.3,5000,0,0.7,"Missing",3.90559244417303e-05,-10.150476922242
2020,0,0.25,2000,0,0,"D",0.00246101833930493,-6.00471600400563
2020,1,0.1125,5000,0,0.08,"Missing",0.998178183377474,6.30609765331416
2020,1,0.275,2500,1,0.63,"Missing",0.408137662700553,-0.371669543422768
2020,0,0.275,18200,1,0.8,"Missing",0.0406901811603103,-3.16022727298199
2020,0,0.3125,2500,0,1.01,"Missing",0.0685091575544881,-2.60981893575724
2020,0,0.175,10000,0,0.65,"Missing",0.0203513685854208,-3.87404580601903
2020,0,0.3625,23800,0,0.5,"Missing",0.0158752937234349,-4.12698857617187
2020,1,0.25,2000,1,0.88,"Missing",0.72486351038101,0.96871607516296
2020,0,0.1125,2550,0,0.17,"Missing",2.90868617877112e-07,-15.0503938658147
2020,1,0.275,6001,0,0.25,"Missing",0.599500999273856,0.403386369872151
2020,1,0.25,8000,0,0.92,"Missing",0.640569761651058,0.577837926443651
2020,0,0.1375,18800,0,0.63,"Missing",0.000985798643476009,-6.92107215489552
2020,0,0.225,4500,1,0.71,"Missing",0.00393704740894214,-5.53337940721544
2020,1,0.3625,1000,0,0.92,"Missing",0.999945997871017,9.82643308297027
2020,0,0.125,1000,0,0.3,"AA",0.00139492524392877,-6.57351855466841
2020,0,0.25,3000,0,0,"Missing",0.0100779716121753,-4.58727416737965
2020,1,0.3625,12000,1,0.18,"Missing",0.556538013950362,0.227123392821568
2020,0,0.3625,9000,1,0,"Missing",1.93622839837113e-05,-10.8521641462376
2020,1,0.35,4750,1,0.14,"Missing",0.99995591489662,10.0293445383378
2020,0,0.1875,8000,0,0.12,"Missing",0.0162974381512836,-4.10031564998658
2020,1,0.3,1000,1,0.98,"Missing",0.522597067361057,0.0904498846140744
2020,0,0.1375,1600,0,0.69,"Missing",0.000100913594066962,-9.20114499287697
2020,0,0.15,6000,0,0.03,"Missing",0.211121835024752,-1.31817650789361
2020,0,0.3625,5000,0,0.32,"Missing",0.419564837142618,-0.324560030897861
2020,1,0.225,15000,0,0.51,"Missing",0.599752683047821,0.404434726895722
2020,0,0.3125,1000,1,0.95,"D",0.00970090771313804,-4.62578755111749
2020,0,0.3625,7000,0,0.12,"Missing",0.000598785055721249,-7.42000889837649
2020,0,0.1375,2400,0,0.25,"Missing",0.00136775051730562,-6.59321916006209
2020,0,0.1875,10000,0,0.59,"B",0.000637594593314467,-7.35717011232622
2020,1,0.225,9800,0,0.57,"Missing",0.943379724869607,2.81310174015105
2020,0,0.25,21000,0,0.34,"AA",0.0185545621471738,-3.96831072492981
2020,1,0.1375,1200,0,1,"Missing",0.482824575970037,-0.068728737494006
2020,0,0.25,6000,0,0.85,"Missing",2.12987698116685e-05,-10.7568399432409
2020,0,0.3625,2550,0,1.16,"Missing",0.357221408226273,-0.587444548012401
2020,0,0.3625,5500,0,0.77,"Missing",0.507063690520732,0.0282566420304602
2020,0,0.125,10000,0,0.15,"Missing",2.11079492474965e-05,-10.765839738672
2020,1,0.1875,1500,1,0.42,"Missing",0.973774992199359,3.61446681105272
2020,1,0.3625,2550,1,0,"Missing",0.899795351540848,2.19495277090849
2020,0,0.275,13000,0,0.82,"Missing",0.000119591760970984,-9.03130700811048
2020,0,0.3625,23250,0,0.92,"C",0.00176651994472612,-6.336975718615
2020,0,0.2125,5000,1,0.98,"Missing",0.12291177276908,-1.96514078505447
2020,0,0.1625,10000,0,0.28,"Missing",0.000179276311278417,-8.62640301149856
2020,1,0.3625,3000,1,0,"Missing",0.912117003434717,2.3397619297742
2020,0,0.275,20000,1,0.89,"Missing",0.000554811295601776,-7.49632754469803
2020,0,0.225,15000,0,0.61,"Missing",0.0119723510636086,-4.41311076882648
2020,1,0.3625,1000,1,1.09,"Missing",0.999982239152925,10.9384963648522
2020,1,0.325,3600,0,0.53,"Missing",0.808222492853175,1.43850149992121
2020,0,0.25,5000,0,0,"Missing",0.00664724683504488,-5.00688308163193
2020,1,0.3375,3000,1,0.79,"Missing",0.997479627823673,5.9808251456841
2020,1,0.2125,3000,0,0.91,"Missing",0.92827397846248,2.56047332043971
2020,1,0.3625,5000,0,0.46,"Missing",0.999924648295984,9.4932686639248
2020,1,0.3625,3800,0,0.96,"Missing",0.969618446383209,3.46306700454932
2020,1,0.275,6001,0,0.25,"Missing",0.483779413422065,-0.0649051220651586
2020,0,0.2125,2500,1,0.59,"Missing",8.61397081567592e-05,-9.35945392293634
2020,0,0.3625,3000,0,0.92,"Missing",0.0223473134127639,-3.77844837218477
2020,1,0.2375,12200,1,0,"C",0.0623999581675573,-2.70975885845581
2020,1,0.175,4575,0,0.6,"Missing",0.969016013874077,3.44281064350967
2020,1,0.275,6001,0,0.98,"Missing",0.755409229278693,1.12767313752849
2020,0,0.1375,8000,0,0.62,"Missing",3.17590014111527e-06,-12.6599162808828
2020,0,0.2375,16000,0,0,"A",0.00169598322241256,-6.37779521107667
2020,0,0.25,9500,1,0.65,"AA",1.2086809148676e-05,-11.3233837661304
2020,0,0.1125,4900,0,0,"Missing",6.21196094113338e-05,-9.6863867258122
2020,0,0.225,10000,0,0.87,"Missing",0.402752360793757,-0.394009949699758
2020,0,0.25,11000,0,0.44,"Missing",1.56990218847867e-05,-11.0618964487377
2020,0,0.3,2800,0,0,"Missing",0.31260691232088,-0.787959778523838
2020,0,0.175,16500,0,0.2,"Missing",0.00492013031422622,-5.30948798819323
2020,0,0.125,6001,0,0.41,"Missing",6.05496727596345e-05,-9.71198594093897
2020,0,0.25,5000,0,0,"B",0.00207992602070243,-6.17334086080059
2020,0,0.3125,15000,0,0.45,"Missing",0.00958726874837956,-4.63768571021842
2020,0,0.3125,1250,0,0.99,"Missing",0.0067933268567948,-4.98499798668349
2020,1,0.3625,4000,0,0,"Missing",0.89735922680435,2.16822100434075
2020,1,0.3625,5000,0,0.92,"Missing",0.893536931754213,2.12738951957609
2020,1,0.2875,1000,1,0,"Missing",0.99994478884578,9.80429034321545
2020,0,0.225,2500,0,0.87,"Missing",0.000453087546895752,-7.698972000676
2020,0,0.2,8200,0,0.87,"C",0.00984005317052705,-4.61140537797443
2020,1,0.3625,4000,0,1,"Missing",0.729213180057775,0.990634248288003
2020,1,0.3125,7500,1,0.76,"Missing",0.968615376496655,3.42954952918626
2020,1,0.3625,3500,0,1.01,"Missing",0.998332430974893,6.39471942569796
2020,0,0.125,6000,0,0.51,"Missing",0.00641329552326768,-5.04294806891529
2020,0,0.2125,5500,0,0.07,"Missing",2.4784513032915e-05,-10.6052667895178
2020,0,0.2,15000,0,0.46,"Missing",7.39601216527549e-05,-9.51191054374461
2020,0,0.3,3000,0,0,"Missing",0.465217118254452,-0.139356618421341
2020,1,0.3125,9500,0,0.64,"Missing",0.525375345901319,0.101588661951403
2020,0,0.3625,6000,0,0,"Missing",9.63027214952175e-06,-11.5505894416409
2020,0,0.15,4000,0,0.43,"Missing",0.00349235426503288,-5.65368072891323
2020,1,0.3,3500,0,0.8,"Missing",0.830014271473241,1.58572841150521
2020,0,0.2625,12000,1,0.98,"Missing",1.39954455626364e-05,-11.1767646026871
2020,0,0.3125,5000,0,0.2,"Missing",0.00972529326795148,-4.62325234104789
2020,1,0.3,2550,1,0.93,"Missing",0.848756266231069,1.72487939531358
2020,0,0.1625,2550,0,0.53,"Missing",0.000258550980540452,-8.26015908225894
2020,0,0.25,4000,1,0.98,"Missing",0.637250379128369,0.563449791587343
2020,0,0.1875,1200,0,0.49,"Missing",0.0016726064050787,-6.39169814083678
2020,1,0.2125,1500,0,0,"Missing",0.730744851603172,0.99840492150185
2020,0,0.3125,15000,0,0.11,"Missing",9.05147386706577e-07,-13.9151671431193
2020,0,0.1875,7000,1,0,"Missing",0.00163859615478069,-6.41227546678667
2020,0,0.3125,3001,1,0.89,"Missing",0.422900446407395,-0.310877988116956
2020,0,0.25,7400,1,0.27,"D",2.96878446944197e-05,-10.424743177192
2020,1,0.3625,5000,0,1,"Missing",0.822752776083901,1.535110258649
2020,1,0.3,3000,0,1,"Missing",0.90368672424343,2.23887658872726
2020,1,0.125,3600,1,0.28,"Missing",0.412249130441542,-0.354675314750411
2020,0,0.175,9700,0,0.23,"Missing",2.87902062241994e-07,-15.0606451884022
2020,0,0.2125,12000,0,0.91,"Missing",0.0183520139501864,-3.97949345721364
2020,0,0.0875,1325,0,0.02,"AA",0.240322169303353,-1.15091404116495
2020,0,0.1,2750,0,0.01,"Missing",1.64104690220891e-06,-13.3201745237364
2020,0,0.1875,5000,0,0.83,"Missing",5.75775422125308e-05,-9.76232037923383
2020,0,0.1625,9000,0,0.86,"B",0.0612465022830377,-2.7296461867904
2020,0,0.25,3500,0,0.8,"Missing",0.349754815633011,-0.620117116246449
2020,1,0.1875,3500,0,0.9,"C",0.112882281873738,-2.06163216603452
2020,0,0.25,18000,0,0.71,"Missing",0.0201829577361989,-3.88252729078192
2020,0,0.175,2690,1,0.69,"C",0.0113334063143621,-4.46860248478228
2020,1,0.3,4000,0,0.7,"Missing",0.987510105829446,4.37026687950686
2020,0,0.125,3900,0,0.53,"Missing",0.00309020713806683,-5.77642216365862
2020,1,0.3625,4850,0,0.89,"Missing",0.233423456519564,-1.18908034032764
2020,1,0.3,7500,1,0.82,"D",0.582442445334586,0.332807983989897
2020,0,0.25,6000,0,0.02,"Missing",0.000189923260800207,-8.56870051661625
2020,1,0.2875,3100,0,0.78,"Missing",0.92430389843811,2.50231425138593
2020,1,0.3,2500,1,0.83,"Missing",0.710275901770332,0.896724403883741
2020,0,0.2375,25000,0,0.85,"Missing",0.0697088368749209,-2.59117052161537
2020,1,0.3625,4000,1,0,"Missing",0.999916224747327,9.38728912949236
2020,0,0.1625,9000,0,0.86,"Missing",6.87521867489164e-07,-14.1901715131325
2020,1,0.3625,2550,0,1.16,"Missing",0.287213167364065,-0.908957719761978
2020,0,0.2,2000,1,0.41,"Missing",0.0232479090012686,-3.73801768214494
2020,0,0.15,8000,0,0.61,"Missing",0.000159939819433162,-8.7405529894161
2020,0,0.25,8000,0,0.91,"Missing",0.0569731365669616,-2.80651490098696
2020,0,0.1875,2650,1,0.42,"Missing",0.0272068515871073,-3.57670262985985
2020,1,0.25,3800,0,1,"Missing",0.578908216466375,0.318293121158814
2020,0,0.125,6500,0,0.34,"Missing",5.59729040745169e-08,-16.6983980631466
2020,1,0.3,3000,0,0.92,"Missing",0.967237809671416,3.38516927382502
2020,1,0.175,3000,0,0,"Missing",0.740466480867347,1.04839450473725
2020,1,0.3625,2500,1,0.89,"Missing",0.99999832567963,13.3001015498335
2020,0,0.325,10000,0,0.88,"Missing",0.192516069053957,-1.43374352929267
2020,1,0.3625,4000,0,0.95,"Missing",0.978279174502097,3.80752358310891
2020,0,0.1625,25000,0,0.11,"Missing",1.01868844299521e-06,-13.7969935795818
2020,1,0.35,5000,0,0.56,"Missing",0.269291803822413,-0.998218631383632
2020,0,0.275,6001,0,0,"Missing",0.0487378923682246,-2.97133283230337
2020,0,0.2625,7500,1,1.02,"Missing",0.0155897114164496,-4.14543159800433
2020,0,0.225,9800,0,0.57,"Missing",0.162010876022348,-1.64334165293162
2020,1,0.3625,2000,0,1.26,"Missing",0.999013535370513,6.92039613618789
2020,0,0.175,3000,0,0.85,"Missing",0.0773682897227628,-2.47865313794752
2020,0,0.2,8000,0,0.66,"B",0.0011896065823395,-6.73294231487008
2020,0,0.1375,3500,0,0,"Missing",0.259934323337722,-1.04630993794738
2020,0,0.1875,11000,0,0.65,"Missing",0.0421751700831683,-3.12283325025831
2020,0,0.3625,3001,0,0,"Missing",0.0387124054922166,-3.2121135260529
2020,0,0.2,25000,1,0.66,"Missing",7.74522380390443e-06,-11.768426442693
2020,1,0.25,2000,0,1.03,"Missing",0.984841357195194,4.17390971805794
2020,0,0.25,3000,1,0.62,"D",0.00102982249759592,-6.87733847089356
2020,0,0.1875,18000,0,0.37,"B",0.00150689196508564,-6.49619802216772
2020,0,0.325,10848,0,0.68,"Missing",0.0240507465994381,-3.70324455088909
2020,1,0.2875,14000,1,0.83,"Missing",0.777851702007814,1.25319072379591
2020,0,0.1375,3000,0,0.26,"Missing",1.80429776769052e-07,-15.5279240028135
2020,1,0.2625,9000,0,0,"D",0.993440010682327,5.0201847038183
2020,1,0.3625,6000,0,0,"Missing",0.95521037282902,3.05995502565605
2020,0,0.25,3500,0,0,"Missing",0.421366042463473,-0.317168164505528
2020,0,0.3125,15000,0,0,"Missing",0.475119611060354,-0.0996038209493726
2020,0,0.1875,3000,0,0.96,"Missing",0.0258809792021339,-3.62802518895509
2020,1,0.2875,8500,1,1.13,"Missing",0.611845361934622,0.455075762069278
2020,0,0.3625,3000,1,0.67,"Missing",0.517024590141379,0.0681246954227146
2020,0,0.3125,3000,0,0,"Missing",0.226586968310765,-1.22768439162202
2020,0,0.1875,8000,0,0.64,"Missing",1.88364840264716e-07,-15.4848849266542
2020,0,0.225,15000,0,0.26,"Missing",0.00028236231899527,-8.17203709037706
2020,0,0.125,2100,0,0,"AA",1.32721156647208e-05,-11.2298320179676
2020,0,0.2875,21000,0,0,"Missing",0.0606427906290928,-2.74019506165015
2020,0,0.3125,8000,1,0.85,"Missing",0.00119469223626657,-6.72867126319175
2020,0,0.225,3000,1,0.93,"Missing",0.000123080783660192,-9.0025465520921
2020,0,0.2,3800,0,0,"Missing",0.000604173866392404,-7.41104418673416
2020,1,0.1875,2550,0,0.98,"Missing",0.776871634708819,1.24752789546696
2020,0,0.2125,6000,0,0.82,"Missing",0.093907762544174,-2.26682805720789
2020,1,0.3625,4000,1,0.92,"Missing",0.933405580603876,2.6402190311047
2020,1,0.35,5000,0,0.87,"Missing",0.989597458797245,4.55524813044767
2020,1,0.1875,9000,0,0.97,"Missing",0.972755510538468,3.57528149769123
2020,1,0.225,2500,0,0.87,"Missing",0.45922532030061,-0.163461720037511
2020,0,0.25,7500,0,0.74,"Missing",0.726030386203515,0.974574666538346
2020,1,0.3375,2550,0,0.98,"Missing",0.999829726539057,8.67793453157227
2020,0,0.225,2700,1,0.74,"Missing",0.00325852978684387,-5.72321532060251
2020,0,0.2625,12000,1,0.98,"Missing",0.0135010088051204,-4.29139789389406
2020,0,0.2,9800,0,0,"Missing",8.54311012080837e-05,-9.3677149059531
2020,0,0.2125,7100,0,0.95,"Missing",0.000493505651821875,-7.61348261916391
2020,1,0.225,2550,1,0.99,"Missing",0.953925849162176,3.03033386879469
2020,0,0.1125,5000,0,0,"Missing",8.97488353336371e-07,-13.9236647959634
2020,0,0.25,2500,0,0.8,"Missing",0.00790011151796699,-4.83294692067818
2020,1,0.3125,7500,0,0.54,"Missing",0.997200518819719,5.87551776467016
2020,1,0.275,3000,0,0.3,"Missing",0.377871342514657,-0.498593142216606
2020,0,0.25,9500,0,0.72,"Missing",0.073502845300598,-2.53408685765781
2020,0,0.1875,12000,0,0.61,"Missing",0.012112453942404,-4.4013346967652
2020,0,0.3625,9000,0,0.85,"Missing",0.650823382465294,0.622660441874744
2020,1,0.2875,8500,0,1,"Missing",0.993703132282511,5.06138618031479
2020,1,0.3125,5000,1,1.1,"Missing",0.998720400789937,6.65992794862396
2020,1,0.25,2000,1,0,"Missing",0.999737253551339,8.24405828336226
2020,0,0.3625,6000,0,0,"Missing",0.866995647792614,1.87465210587074
2020,1,0.3625,4600,0,0.9,"Missing",0.99801545100643,6.22037707710791
2020,0,0.2125,11300,0,0.27,"Missing",0.0144451562019276,-4.22284562835461
2020,0,0.1125,6500,0,0.09,"Missing",0.00118864671763068,-6.73375047733161
2020,0,0.3625,3500,0,1.24,"Missing",0.0945037285445629,-2.25984387043183
2020,0,0.1875,7000,0,0.95,"Missing",0.00215125165581906,-6.13955187181631
2020,0,0.0875,2550,0,0.01,"Missing",5.12236565835341e-05,-9.87925786501194
2020,1,0.3375,3000,1,0.79,"D",0.265752088571763,-1.01628284922675
2020,0,0.3625,4531,0,0,"Missing",0.111936677632025,-2.07110971629972
2020,0,0.1875,15000,0,0.05,"Missing",1.27232987097368e-05,-11.272062977767
2020,0,0.25,1000,1,0.76,"Missing",0.0172737694027453,-4.04114144600224
2020,1,0.25,10000,0,0.03,"Missing",0.896608597400776,2.16009760895961
2020,1,0.3625,20000,0,0.61,"Missing",0.962297084074828,3.23958578523725
2020,1,0.0875,1000,1,1.06,"Missing",0.523526683772809,0.0941762788763847
2020,0,0.2125,3000,0,0.88,"D",0.0972574793245834,-2.22807548731481
2020,0,0.1875,15500,0,0.98,"Missing",0.000592797343856321,-7.43006499154899
2020,1,0.3625,3000,0,0.61,"Missing",0.992645307314669,4.90503483711528
2020,1,0.2625,15000,0,0.24,"Missing",0.0558589081375667,-2.82744660277937
2020,1,0.3,2350,0,1.37,"Missing",0.999408892810068,7.43292190459821
2020,0,0.175,15000,0,0.59,"Missing",7.19036245870543e-07,-14.1453533499566
2020,0,0.3625,2000,0,0.28,"Missing",0.000654509751217838,-7.33096934996052
2020,0,0.2125,11000,0,0.61,"Missing",0.0436845665591216,-3.08609293818787
2020,0,0.2375,7000,0,0.83,"C",0.00525444299961785,-5.24341297850135
2020,0,0.1375,10000,1,0.23,"Missing",0.000506806495249554,-7.58687435843554
2020,0,0.2,23000,1,0.13,"Missing",1.47781196330015e-05,-11.1223480960572
2020,1,0.3375,1000,1,0.88,"Missing",0.975209528549251,3.67219298534048
2020,0,0.3125,3000,0,0,"Missing",0.0119582891577652,-4.4143002230277
2020,1,0.3625,3500,0,1.01,"Missing",0.147620913847071,-1.75338376981376
2020,1,0.3625,6000,0,1.12,"Missing",0.999006469909404,6.91325218499817
2020,1,0.3375,2000,1,0,"Missing",0.975142735086722,3.66943379479243
2020,1,0.3375,2000,1,0,"Missing",0.981573408773638,3.97536200665352
2020,0,0.15,15000,0,0,"Missing",1.92113374186447e-05,-10.8599907511251
2020,1,0.2625,13500,0,0.84,"Missing",0.374436980589073,-0.513228562622485
2020,0,0.1875,15000,0,0.65,"Missing",3.72050233423306e-05,-10.1990295640021
2020,0,0.2,5000,0,0,"Missing",0.00398155629574325,-5.52209300324289
2020,0,0.3625,3000,0,0.94,"Missing",0.672897851142688,0.721321032818899
2020,0,0.125,1000,0,0.28,"Missing",0.0518376718626498,-2.90640857883023
2020,1,0.2125,1000,1,0.14,"D",0.995466099512013,5.39162846530177
2020,0,0.3125,6000,0,0.11,"Missing",0.00391508214553274,-5.53899620136152
2020,0,0.15,12000,0,0,"Missing",0.00140623023651086,-6.56543552624087
2020,0,0.325,3675,0,0.85,"Missing",0.0076442672819077,-4.86612565253036
2020,1,0.35,4000,0,0.53,"Missing",0.99659953647361,5.68043726711831
2020,0,0.2625,7000,0,0.78,"Missing",0.0401109177298117,-3.1751691786402
2020,0,0.1375,3000,0,0,"Missing",1.12783201329716e-06,-13.695212212528
2020,0,0.1,4000,0,0.13,"Missing",0.00618888005952513,-5.07879302547149
2020,0,0.35,5000,0,1.19,"Missing",0.874643416403597,1.9426539342514
2020,0,0.25,8500,0,0.89,"Missing",0.00711343609458898,-4.93863101838671
2020,1,0.3125,5000,0,1,"Missing",0.848883477614298,1.7258707196078
2020,0,0.25,9000,0,0.94,"Missing",0.00644770379875522,-5.03756263172547
2020,0,0.3,2500,1,0.83,"Missing",0.0414755795277785,-3.140290231041
2020,0,0.1125,3030,0,0.04,"Missing",2.44856275935693e-07,-15.2225941825133
2020,0,0.3625,5300,0,0.96,"Missing",0.0176077631005157,-4.02165076513162
2020,1,0.3625,1800,0,0.73,"Missing",0.700814546250946,0.851179668273802
2020,0,0.2125,3500,0,0.96,"Missing",0.0267760604357168,-3.59310598842747
2020,0,0.2125,5000,0,0.46,"Missing",0.000288592986867537,-8.15020457781021
2020,1,0.1375,1500,0,0.2,"B",0.881822298959883,2.00980112791422
2020,0,0.2625,10001,0,0.69,"Missing",0.80538687130381,1.42030911493174
2020,1,0.3625,5000,0,0,"Missing",0.999536865856879,7.67703057845457
2020,1,0.3625,5000,0,0.89,"Missing",0.999996169727092,12.4725706716964
2020,0,0.15,4800,0,0.66,"Missing",0.00392077338992481,-5.53753787151955
2020,0,0.1875,7700,0,0.38,"Missing",0.000535503234108352,-7.53176798200951
2020,0,0.225,3001,0,0.8,"Missing",1.64920193233874e-05,-11.0126174792825
2020,1,0.35,4000,0,0,"Missing",0.984222966093002,4.13329713052818
2020,0,0.2125,7000,0,0.51,"Missing",1.10554107168795e-05,-11.4125795367357
2020,0,0.3625,25000,0,0.82,"Missing",3.05191770812571e-05,-10.3971247955303
2020,1,0.1875,9999,0,0.83,"Missing",0.295854282993395,-0.867118273197645
2020,1,0.2125,15000,1,0.41,"Missing",0.703139010672892,0.862290631654886
2020,0,0.1,3001,0,0.14,"Missing",0.000533415833929977,-7.53567570359809
2020,0,0.3625,2700,0,0.47,"Missing",0.00836312901461506,-4.7755243416804
2020,0,0.275,20000,1,0.77,"B",0.000100961658340905,-9.20066876682884
2020,0,0.3,1500,1,0.88,"Missing",0.0402519860039714,-3.17151142022487
2020,0,0.25,4100,1,0.8,"Missing",0.000268093403328053,-8.22390698894478
2020,0,0.1875,25000,0,0,"Missing",0.00084059613407387,-7.08055828477872
2020,0,0.2125,17000,1,0.59,"Missing",0.00122199416172904,-6.70604845447455
2020,0,0.2875,2000,0,1.13,"Missing",0.00367167153489646,-5.60342983283994
2020,1,0.3375,6000,0,0.85,"Missing",0.908853990480493,2.29972173384557
2020,0,0.125,1000,0,0.24,"Missing",0.0188199691393896,-3.9538374660464
2020,0,0.125,3000,0,0,"Missing",0.161785046396241,-1.64500599541174
2020,1,0.3,1000,1,0,"Missing",0.96303076174923,3.25999918673989
2020,0,0.2625,5000,0,0.77,"Missing",0.000101107634801922,-9.19922380471401
2020,0,0.2625,10000,0,0.84,"Missing",0.144109836227044,-1.78156629415399
2020,1,0.3625,3500,0,0.83,"Missing",0.937623922956164,2.71016711243708
2020,0,0.2875,3000,1,0.7,"D",0.692342731799489,0.811094712367788
2020,0,0.1875,20000,0,0.75,"B",0.00169530733283137,-6.37819449128856
2020,0,0.1875,10000,0,0.49,"Missing",0.00478024022358072,-5.33847277564881
2020,0,0.125,3000,1,0.32,"A",0.00484500809016697,-5.3249495806528
2020,0,0.125,3000,0,0.05,"Missing",0.0151512111330411,-4.17440764401187
2020,1,0.225,3000,1,0.93,"C",0.322693520574378,-0.74142085266097
2020,0,0.3625,5000,0,0,"Missing",0.107592951981415,-2.11556721680081
2020,1,0.35,1900,0,1.2,"Missing",0.936280864074031,2.68743057545517
2020,0,0.1375,8000,0,0.62,"B",8.90796532459584e-05,-9.32589052457546
2020,0,0.3125,4800,0,0.85,"Missing",0.0688504398739321,-2.6044832949512
2020,0,0.225,1230,0,0,"Missing",0.0427847214370273,-3.10784725454528
2020,0,0.2125,1700,0,0.8,"Missing",0.0507921349740803,-2.92788629122639
2020,0,0.3,4000,0,0.89,"Missing",0.154621282159074,-1.69880592756393
2020,1,0.3,1750,1,0.91,"Missing",0.88750483717227,2.06550374803644
2020,1,0.275,1100,1,0,"Missing",0.938446509944515,2.72431930534526
2020,0,0.1375,8000,0,0,"Missing",1.02084897972678e-05,-11.4922806422638
2020,0,0.325,10000,0,0.97,"Missing",0.00521206367196578,-5.2515537095197
2020,1,0.3625,7000,0,0.12,"Missing",0.00385598126691863,-5.55426632568077
2020,1,0.225,18000,0,0.15,"Missing",0.0498098227671625,-2.94844994221978
2020,1,0.3625,25000,0,0.61,"Missing",0.994302457193604,5.16200644796406
2020,0,0.2625,6001,1,0,"D",0.181712374478802,-1.50478881825622
2020,1,0.25,9000,0,1.01,"Missing",0.866935233996076,1.87412830058745
2020,1,0.35,4750,1,0.14,"Missing",0.995818819978924,5.47297182499592
2020,0,0.1,1668,0,0.05,"Missing",5.84629270170329e-08,-16.6548729513396
2020,0,0.1875,10000,0,0.66,"Missing",4.54605161549952e-06,-12.301246932489
2020,1,0.3625,3500,1,0,"Missing",0.999725766364749,8.20125586026118
2020,1,0.3625,1000,0,0,"Missing",0.998211373530666,6.32451706127785
2020,0,0.3125,10000,1,0.71,"D",0.546529889766965,0.186659640893796
2020,1,0.3625,3500,1,0,"Missing",0.999835420089103,8.71194973172769
2020,1,0.3125,4000,1,0.99,"Missing",0.70227363724381,0.858148305843553
2020,0,0.3625,3000,0,0.91,"Missing",0.00723865762686502,-4.92105451659903
2020,1,0.35,3500,0,1.01,"Missing",0.88259329949845,2.01722052514642
2020,1,0.3,3000,0,1,"Missing",0.975251197158302,3.6739179581135
2020,0,0.1125,4500,0,0.07,"Missing",3.16923637968028e-05,-10.3594031029244
2020,1,0.3,4500,0,1.46,"Missing",0.95393428921523,3.03052591736531
2020,0,0.2875,6500,0,0.71,"Missing",0.121007215681096,-1.98292651113871
2020,0,0.2,3800,0,0,"Missing",8.15409307066255e-06,-11.7169823853949
2020,0,0.125,1000,0,0.56,"Missing",8.88799531999313e-07,-13.9333932363746
2020,0,0.2875,14000,1,0.83,"Missing",0.0830370609857336,-2.40178002993247
2020,1,0.25,6500,1,1.06,"Missing",0.3341433024063,-0.689504528527934
2020,0,0.15,17000,0,0.19,"Missing",0.00157622323972684,-6.45114618121845
2020,0,0.3625,2500,0,1.21,"Missing",0.516037108443407,0.0641704450440659
2020,0,0.3125,2550,0,0.53,"Missing",0.122711368232751,-1.96700105278722
2020,1,0.3625,2550,1,1.32,"Missing",0.968805002565713,3.43580561258268
2020,0,0.3375,15000,0,0.94,"Missing",0.513592253650929,0.0543824133993751
2020,1,0.3625,12000,1,0,"Missing",0.99385407355154,5.08580089233408
2020,1,0.3625,2600,0,0.98,"Missing",0.999959276715498,10.1086698041985
2020,1,0.3,4000,0,0.92,"Missing",0.862701863251989,1.8379144238524
2020,1,0.3,2550,0,0,"Missing",0.926566033034034,2.53509872089258
2020,0,0.3,1000,1,0.29,"Missing",0.164744279149944,-1.62334348213175
2020,0,0.25,6500,0,0,"Missing",0.00257919691448927,-5.95769467318492
2020,1,0.2875,8000,0,0.87,"Missing",0.886538678497251,2.05586275599764
2020,1,0.3625,25000,0,0.98,"Missing",0.0659983752327251,-2.64984805376943
2020,1,0.3625,3600,0,0.3,"Missing",0.684376812997578,0.773959606267855
2020,1,0.3375,3200,1,0,"Missing",0.985493391754611,4.21853813442609
2020,0,0.1375,4000,0,0.64,"Missing",0.000470197218471868,-7.66188802970763
2020,1,0.2,2000,1,0.41,"Missing",0.97659501236783,3.73112289815024
2020,0,0.1375,20000,1,0.87,"Missing",0.00146547066731326,-6.5241122679745
2020,1,0.3625,20000,0,1.03,"Missing",0.0977785258219666,-2.22215504614744
2020,1,0.1875,2000,1,0,"Missing",0.902265315794639,2.22265211522239
2020,0,0.1875,25000,0,0.31,"Missing",0.000252568564403806,-8.28357520345126
2020,0,0.3,15000,1,0.81,"Missing",0.0266398456844981,-3.5983461089867
2020,1,0.25,4000,0,0.48,"Missing",0.907392197978662,2.28220137578383
2020,0,0.25,6500,1,0.9,"Missing",8.25139824538673e-06,-11.7051196362569
2020,0,0.1375,1500,0,0.39,"Missing",2.76406112359012e-06,-12.7988067740597
2020,1,0.275,19000,0,0.75,"C",0.00862511884941656,-4.74441400605508
2020,0,0.25,10000,0,0.03,"Missing",0.000564147566730202,-7.47963039079231
2020,0,0.2375,12200,1,0,"Missing",0.0459485308141699,-3.03319574620728
2020,0,0.125,3600,1,0.28,"Missing",0.00446326288212945,-5.40740193953216
2020,0,0.325,3600,0,0.53,"Missing",0.144306626019793,-1.7799717209142
2020,1,0.3,2000,1,0.93,"Missing",0.512497519130306,0.0500004908910641
2020,1,0.3625,1000,1,0.67,"Missing",0.542199852421657,0.16920193499756
2020,0,0.15,25000,0,0.07,"Missing",0.0119706984111759,-4.41325049012057
2020,0,0.2125,12000,1,0.51,"Missing",0.000750393799346627,-7.19416174795153
2020,0,0.15,9000,0,0.05,"Missing",0.000127482840248327,-8.96740129774409
2020,0,0.1875,11000,0,0.65,"Missing",0.0950418457271986,-2.25357142830226
2020,0,0.125,7000,0,0.51,"Missing",0.0149345746793904,-4.18902908746146
2020,0,0.1375,1000,0,0.01,"Missing",0.0232008614633167,-3.74009163084975
2020,0,0.35,8000,0,0.92,"Missing",0.437129879647632,-0.252818551064605
2020,1,0.2875,4400,1,0,"Missing",0.77178215573948,1.21840169844077
2020,1,0.3375,15000,1,0.96,"Missing",0.343635664119252,-0.647134044652842
2020,0,0.3625,5900,0,0.88,"Missing",0.745679784918783,1.07570210300334
2020,0,0.225,15000,0,0.26,"B",4.25200060739943e-05,-10.0654933407302
2020,0,0.2125,15000,1,0.89,"Missing",0.00556675352847604,-5.18536093878714
2020,0,0.3625,7500,0,0.35,"Missing",0.0232675402080696,-3.73715351089389
2020,0,0.1875,4000,0,0.28,"Missing",4.50296703109375e-05,-10.008143914536
2020,1,0.3,6500,0,0.98,"Missing",0.647828791643601,0.609509006289778
2020,1,0.3625,2550,0,1.16,"Missing",0.993671608553192,5.05636069034713
2020,1,0.3625,1500,1,1.29,"Missing",0.998304320846443,6.37797481939125
2020,0,0.35,25000,1,0.75,"Missing",0.0832473344516301,-2.39902160480492
2020,0,0.225,20000,0,0.67,"Missing",0.00339149041564662,-5.68308854901894
2020,0,0.1125,5500,1,0.48,"Missing",0.355265004309892,-0.595975370971383
2020,0,0.3625,3000,0,0,"Missing",0.000295616449107948,-8.12615206377755
2020,1,0.25,4000,0,0,"Missing",0.923661916611487,2.49317417282691
2020,0,0.2125,6000,0,0.6,"Missing",0.0643914013914103,-2.67621711971402
2020,0,0.2625,3000,0,0.04,"Missing",0.311588705145269,-0.792702406193166
2020,0,0.1125,2500,0,0.1,"AA",0.000314794839792766,-8.06327458917518
2020,0,0.15,15000,0,0.55,"Missing",0.0105190779025012,-4.5439899328962
2020,1,0.3625,3500,1,0.95,"Missing",0.999556721565833,7.72086908907908
2020,0,0.1625,20000,0,0.79,"Missing",0.000228959174255046,-8.38173786327635
2020,0,0.3625,2875,1,1,"Missing",0.795872101896113,1.36069174804282
2020,0,0.125,2750,0,0.37,"Missing",3.84854986714905e-07,-14.7703988466403
2020,1,0.25,2500,0,1,"Missing",0.983922019570517,4.11409598482631
2020,1,0.35,2000,1,0.97,"Missing",0.950262525466377,2.9499796252779
2020,0,0.2625,9800,0,0.7,"D",0.00143279207559451,-6.54669641844233
2020,0,0.25,2000,1,0,"D",0.000912790512377036,-6.99809094608894
2020,0,0.1875,25000,0,0.09,"Missing",0.00190320925491162,-6.26230871351237
2020,0,0.1875,2600,0,0.68,"C",0.00548978348008994,-5.19936155548267
2020,1,0.3,2550,0,0,"Missing",0.538164094994512,0.152953878921223
2020,0,0.25,5000,1,0,"Missing",0.0134867743522052,-4.29246720437802
2020,0,0.1875,2000,0,0.02,"Missing",0.000221920765455468,-8.41296820676962
2020,1,0.175,1400,0,0.61,"Missing",0.540262945716676,0.161401252633278
2020,1,0.25,13500,0,0.31,"C",0.966396033453608,3.35892961073848
2020,0,0.2,2000,1,0,"Missing",0.0339888436975183,-3.34714303888591
2020,1,0.3,4500,0,0.6,"D",0.86356326676618,1.84520614834046
2020,0,0.3,3500,0,1,"Missing",0.103417981555526,-2.15981092643667
2020,0,0.3625,18000,0,0.91,"Missing",0.215359300434102,-1.29291810734764
2020,0,0.1125,2500,0,0.28,"AA",8.13218452753882e-07,-14.0222652506988
2020,0,0.3625,4000,0,1,"Missing",0.000626435120746688,-7.37483871584293
2020,1,0.25,8000,1,0.92,"Missing",0.651601242099488,0.626085103137638
2020,0,0.175,5000,0,0.84,"Missing",7.5516979919475e-05,-9.49107750756825
2020,1,0.3625,6000,0,0,"Missing",0.999333948879212,7.31347785939819
2020,1,0.325,6000,1,1.06,"Missing",0.932037691277735,2.61841998714487
2020,0,0.2875,8000,1,0.74,"Missing",0.0518506203126282,-2.90614516514815
2020,0,0.125,1425,0,0,"Missing",0.00852130723596506,-4.7566276973057
2020,1,0.325,3675,0,0.85,"Missing",0.980491779312836,3.91721831098942
2020,0,0.1875,1500,1,0.85,"D",0.000573767869796058,-7.46271171892292
2020,1,0.175,7500,0,0.67,"Missing",0.991573329702373,4.76789119207367
2020,1,0.325,2550,1,0.51,"Missing",0.943046105189108,2.8068730959118
2020,0,0.2375,11500,0,0.38,"Missing",0.00312961127525218,-5.76371195660257
2020,0,0.1875,6010,0,0.63,"B",5.65047078925038e-05,-9.78113009144787
2020,0,0.25,10000,0,0.45,"Missing",0.0441062065531307,-3.07604630144274
2020,0,0.2125,5000,0,0.03,"Missing",2.54489421536241e-06,-12.8814189296011
2020,1,0.3625,1500,0,0.95,"Missing",0.998296836447769,6.37356322861215
2020,1,0.3625,1000,1,0.67,"Missing",0.915594635629706,2.38394277073148
2020,1,0.25,5000,0,0.95,"Missing",0.995519385708254,5.40350444093265
2020,1,0.3625,15000,0,0,"Missing",0.907161529845593,2.27945942373325
2020,0,0.1125,1500,0,0.29,"Missing",0.000626672007077018,-7.37446040046524
2020,1,0.2875,1800,0,0,"Missing",0.961899726722552,3.22868875631345
2020,1,0.3625,12000,0,0.63,"Missing",0.966551107268709,3.3637154921329
2020,0,0.25,5000,1,0.72,"Missing",0.00946145501384334,-4.65102260186013
2020,1,0.0875,1000,1,1.06,"Missing",0.898763668409442,2.18356241692646
2020,1,0.1875,3000,0,0.91,"Missing",0.942232273479228,2.79182156395832
2020,0,0.25,19900,0,0.98,"Missing",0.00294575348632712,-5.82444054110311
2020,0,0.2875,6300,0,0.76,"D",0.829585857553408,1.5826950029323
2020,0,0.1625,10000,0,0.28,"Missing",0.00297876376389011,-5.81326369975809
2020,0,0.2125,5000,0,0,"C",0.0147921950760622,-4.19875290644559
2020,1,0.3,1000,1,0.18,"Missing",0.966801250814189,3.37148074250921
2020,1,0.3625,6000,0,0,"Missing",0.981309145241603,3.96085318880225
2020,0,0.1875,2000,0,0.02,"B",1.167551162234e-08,-18.2657722006341
2020,1,0.325,2000,1,0,"Missing",0.506748645770472,0.0269962225240583
2020,0,0.125,7000,0,0.51,"Missing",2.082715097335e-08,-17.6870083453642
2020,0,0.3625,5000,0,0.97,"Missing",0.518244869501743,0.0730118946591913
2020,0,0.1375,10000,0,0.43,"Missing",4.68450445820572e-06,-12.2712457353472
2020,0,0.1875,15000,0,0.04,"Missing",0.000765406659193308,-7.1743375849994
2020,1,0.25,2000,0,0,"Missing",0.753749384516243,1.11871015200337
2020,1,0.25,4000,0,0.48,"Missing",0.94715525436411,2.88610473606118
2020,0,0.1875,2000,0,0.02,"Missing",2.52918178792611e-06,-12.887612182328
2020,1,0.3625,5000,0,1.08,"Missing",0.852629589306677,1.75537599048313
2020,0,0.1375,2500,0,0.33,"Missing",2.28814835990203e-05,-10.685159669195
2020,0,0.2875,6001,0,0.81,"Missing",0.398684940610022,-0.410947540009137
2020,0,0.2125,5000,0,0.15,"Missing",0.0127148362294007,-4.35218939875018
2020,0,0.225,1000,1,0.61,"Missing",0.857593389713446,1.79544366394461
2020,0,0.2625,10000,0,0.84,"Missing",0.072888820277719,-2.54313822305408
2020,0,0.25,5000,0,0.22,"Missing",0.000743966078087897,-7.20277087518031
2020,1,0.3625,2500,0,0,"Missing",0.993405771925728,5.01494448072689
2020,0,0.3125,16000,1,0.67,"D",0.0850934797524597,-2.3750714824036
2020,0,0.3125,25000,0,0.71,"Missing",0.000217443012728148,-8.43335628555468
2020,0,0.1,2300,0,0.18,"Missing",0.00014721330270067,-8.82348076000531
2020,0,0.125,2000,0,0,"Missing",0.00031956079028071,-8.04824342346515
2020,1,0.3,2000,0,0,"Missing",0.866861691452466,1.87349093684822
2020,0,0.2375,11500,0,0.38,"Missing",0.00195730138230883,-6.23422938082374
2020,0,0.1875,10000,0,0.16,"A",0.498356262709124,-0.00657497284988828
2020,1,0.3,5600,0,0.62,"Missing",0.994147058207396,5.13494073621895
2020,0,0.15,15000,0,0.09,"Missing",0.00111849826639634,-6.79464920271911
2020,1,0.3625,2550,0,0,"Missing",0.865118414255994,1.8584691417695
2020,0,0.2375,5000,0,0.42,"Missing",1.12101685240329e-08,-18.3064445553992
2020,0,0.1875,9999,0,0.31,"Missing",1.25114397442885e-06,-13.5914509944837
2020,0,0.1625,9500,0,0.27,"Missing",0.0062398466277955,-5.07054027994589
2020,0,0.1875,3000,0,0.03,"Missing",1.96887950453549e-05,-10.8354411744714
2020,1,0.3125,10000,1,0.71,"Missing",0.992513964191962,4.88720168937243
2020,1,0.3625,2500,0,1.21,"Missing",0.941391855251064,2.77648580137407
2020,0,0.2875,5000,0,0.78,"Missing",0.0584178369680556,-2.77994034177666
2020,0,0.125,2500,1,0,"Missing",0.000155748894856751,-8.76710973491969
2020,0,0.1875,12000,0,0.45,"AA",2.7726586089524e-05,-10.4930910914758
2020,0,0.125,6500,0,0.67,"Missing",0.000579305426241473,-7.45310123972348
2020,0,0.2375,4000,0,0.9,"Missing",0.362319764677874,-0.565309809387394
2020,1,0.225,9200,0,0.71,"Missing",0.947181667023991,2.8866325631253
2021,1,0.253,8500,0,1,"Missing",0.639504590203566,0.573214575030832
2021,0,0.187,5000,0,0.15,"Missing",0.000517234595291987,-7.56649665531399
2021,1,0.319,3000,1,0.98,"Missing",0.992147734155442,4.83906988899257
2021,0,0.231,5000,0,0.97,"Missing",0.1781656205475,-1.52882531970089
2021,1,0.319,3975,0,0.97,"Missing",0.994844870715645,5.26259461961122
2021,0,0.11,3000,0,0.07,"Missing",2.2744175558568e-05,-10.6911787203153
2021,0,0.099,5000,0,0.54,"Missing",4.5925056279759e-07,-14.5936694281302
2021,0,0.176,2000,1,0.41,"C",4.56761231699905e-05,-9.99388918836021
2021,0,0.099,3000,0,0,"Missing",1.52654541142982e-05,-11.0899029179236
2021,0,0.264,7500,1,0.82,"D",0.264294847729088,-1.02376410274152
2021,1,0.22,2000,0,0.84,"Missing",0.129029352784568,-1.90956835674375
2021,0,0.187,5000,1,0.98,"B",8.40953860165346e-06,-11.6861355389719
2021,0,0.297,5000,0,0.96,"Missing",0.0123654154307909,-4.38040927793697
2021,0,0.11,3885,0,0.38,"Missing",0.00246028575949073,-6.00501445615387
2021,1,0.319,5000,0,0.78,"Missing",0.996246525315826,5.58131274891879
2021,0,0.319,6000,1,0,"Missing",0.500757409613799,0.00302964077254719
2021,1,0.286,10000,0,0.46,"Missing",0.994796588295022,5.25322377482387
2021,1,0.319,3000,1,0,"Missing",0.927071979124368,2.54255827062168
2021,0,0.154,2000,0,0.5,"C",0.0012883961514959,-6.65306790070566
2021,0,0.176,3500,0,0.83,"Missing",2.69306202432775e-05,-10.5222196887381
2021,1,0.297,1000,1,0,"Missing",0.988470668055027,4.45126457697357
2021,1,0.176,9000,0,0.97,"Missing",0.968440792802301,3.42382197291115
2021,1,0.22,8000,0,0.91,"Missing",0.308127530828312,-0.808887887124309
2021,0,0.264,5000,1,0.47,"Missing",0.137370011271951,-1.8373077517259
2021,0,0.176,6500,1,0.93,"Missing",0.0420139487469167,-3.12683154141837
2021,1,0.154,3500,0,0.94,"Missing",0.864112430766746,1.84987504152088
2021,1,0.286,3600,0,0.53,"Missing",0.284324044276388,-0.923112900024776
2021,1,0.22,5000,0,0.72,"Missing",0.999035911633741,6.94336304791252
2021,0,0.319,7900,1,0.99,"Missing",0.526333206539021,0.10543037757059
2021,0,0.11,2000,0,0.06,"AA",5.56985127022151e-05,-9.79550141325871
2021,0,0.308,12000,1,0.87,"Missing",0.00669458248881092,-4.9997395717026
2021,0,0.286,10848,0,0.68,"Missing",3.66823411962422e-06,-12.5157965097695
2021,1,0.165,2000,0,0.5,"Missing",0.175371599860293,-1.54802571037994
2021,0,0.319,9740,0,0.56,"D",0.056144585087341,-2.82204275226874
2021,0,0.077,1850,1,0.31,"Missing",9.57537826484754e-06,-11.5563059427867
2021,1,0.165,5000,0,0.46,"Missing",0.000739855997420082,-7.20831485895775
2021,0,0.22,6000,1,0.25,"Missing",0.117419861679135,-2.01709352034577
2021,0,0.253,15000,1,0.76,"Missing",0.00193352541953465,-6.24647490300871
2021,0,0.176,15000,0,0.46,"AA",0.040304486781887,-3.17015326312698
2021,0,0.088,1000,0,0.05,"Missing",0.000853751288640489,-7.06501652175001
2021,0,0.099,3500,0,0.1,"Missing",7.27324334749296e-06,-11.8313009650562
2021,0,0.187,5000,0,0.78,"Missing",8.76568233411618e-05,-9.34199344137273
2021,0,0.308,3500,0,0,"Missing",0.00119992488510186,-6.72429567452445
2021,0,0.132,3000,0,0.56,"B",1.38203053701976e-05,-11.1893578232164
2021,1,0.275,5000,0,0.9,"Missing",0.995336908064901,5.36340254741518
2021,0,0.11,14000,0,0.26,"AA",0.242054411941642,-1.14144905588423
2021,1,0.297,2000,0,0,"Missing",0.997904202100973,6.1657229422352
2021,1,0.319,2610,0,1.39,"Missing",0.640022258322619,0.575460753513303
2021,0,0.231,1000,0,0.42,"Missing",0.639216085524454,0.571963354968305
2021,0,0.176,3300,0,0.3,"Missing",0.0782372542782914,-2.46654193323057
2021,0,0.121,6000,0,0,"Missing",1.18684719497479e-05,-11.341613221206
2021,0,0.187,1850,0,0.68,"Missing",0.0118288015165234,-4.42531859652757
2021,0,0.319,2200,0,1.06,"Missing",0.00655579255113765,-5.02082888505511
2021,1,0.22,2500,0,0.8,"Missing",0.959918927908085,3.17594462558089
2021,0,0.198,7500,0,0,"C",6.59016599427182e-05,-9.62728102412938
2021,1,0.319,5000,0,0,"Missing",0.918010673003224,2.41561993670109
2021,0,0.132,6250,0,0.21,"Missing",8.82069710406234e-05,-9.3357363504715
2021,0,0.121,1000,0,0.03,"Missing",0.000142589062185552,-8.85540115646303
2021,0,0.176,25000,0,0,"Missing",6.51748462488978e-05,-9.63837178022755
2021,0,0.165,2000,0,0.5,"Missing",0.634630928829258,0.5521356188768
2021,0,0.143,10000,0,0.15,"Missing",0.000239161470029189,-8.33813243726192
2021,0,0.253,1500,0,0.84,"Missing",0.00209215329279516,-6.16746711484647
2021,0,0.319,2500,0,0.96,"Missing",0.258732779692802,-1.05256539103217
2021,0,0.242,12150,0,0,"Missing",0.00033135188894196,-8.01199823190287
2021,0,0.187,3000,0,0,"C",0.0915015883517719,-2.29543680834477
2021,0,0.22,5000,0,0.65,"Missing",0.00413167345547365,-5.48493252664703
2021,1,0.319,3000,1,0.74,"Missing",0.999826703240371,8.66033174768423
2021,1,0.319,1000,0,0,"Missing",0.958849687303427,3.14850279756434
2021,0,0.297,3001,1,1.02,"Missing",0.087242848445932,-2.34777426419057
2021,0,0.176,3300,0,0.3,"Missing",0.0322382425668477,-3.40183253343151
2021,0,0.297,7500,0,0.94,"Missing",0.0794556702338673,-2.44976589885049
2021,0,0.11,6000,0,0.02,"AA",5.9104199840818e-05,-9.73614946683412
2021,1,0.286,2000,1,0,"Missing",0.998630259189042,6.59176306635869
2021,0,0.22,8500,0,0.64,"Missing",0.000855758254554043,-7.06266650998804
2021,0,0.165,2500,1,0.28,"Missing",0.182429087998739,-1.49997610291573
2021,0,0.209,10000,1,1.02,"Missing",0.0153375321912079,-4.1619960012801
2021,1,0.264,3000,0,0.4,"Missing",0.996317689359248,5.60052572529789
2021,0,0.154,3000,0,0,"C",0.0386702138529399,-3.21324788406237
2021,0,0.275,9900,0,0.37,"Missing",0.000233963347635898,-8.36011209818826
2021,0,0.165,4000,0,0.28,"Missing",0.00869814763667951,-4.73590899399076
2021,0,0.165,10500,0,0.84,"Missing",0.00337297415685028,-5.68858170924381
2021,0,0.132,10000,0,0.12,"Missing",4.9671545372972e-07,-14.5152480057976
2021,0,0.264,6500,0,0.98,"Missing",0.339997228805643,-0.66330656678563
2021,0,0.176,9800,0,0,"Missing",0.0312767863157203,-3.43310275876304
2021,1,0.319,5000,0,0.72,"Missing",0.99987677992848,9.00141537428983
2021,0,0.198,8000,0,0.23,"C",0.0163474923183377,-4.09719818152789
2021,0,0.198,2500,0,0.82,"Missing",0.00288428344179997,-5.84559033259528
2021,1,0.253,8200,0,0.44,"Missing",0.404795406366334,-0.385523431287984
2021,0,0.319,16900,0,0.04,"Missing",0.0168045805202622,-4.06915640019051
2021,1,0.264,3000,0,1.99,"Missing",0.984993463382514,4.18414912431105
2021,0,0.165,2000,1,0.49,"Missing",0.383673524301719,-0.473984822319289
2021,0,0.319,5000,1,0,"Missing",0.016063538631862,-4.11500930071631
2021,0,0.099,5500,1,0.48,"Missing",0.00719256897074775,-4.92748831312614
2021,0,0.165,4000,0,0.84,"Missing",0.563984331501795,0.257348290461165
2021,0,0.319,25000,0,0.11,"Missing",0.00569187640546777,-5.16300717585194
2021,0,0.187,2000,0,0.53,"A",0.000222114573952745,-8.41209507109393
2021,0,0.165,12000,0,0.52,"C",9.39384906337661e-06,-11.5754460439387
2021,0,0.319,7900,1,0.99,"Missing",0.00143788798558649,-6.54314099595481
2021,0,0.319,25000,0,0.52,"D",0.0240860940331803,-3.7017397085324
2021,0,0.308,25000,0,0.73,"Missing",0.0156621924116652,-4.14071945702443
2021,1,0.231,25000,0,0.07,"Missing",0.615362803048255,0.46991147310449
2021,1,0.264,3500,0,0,"Missing",0.800282806172182,1.38806283791198
2021,0,0.187,25000,0,0.34,"Missing",2.83318575415275e-05,-10.4714953460094
2021,0,0.132,10000,0,0.5,"Missing",1.37231094030577e-06,-13.4990130491501
2021,0,0.176,10000,0,0.11,"Missing",6.47929420474419e-05,-9.64424908451791
2021,0,0.286,2600,0,0.73,"Missing",1.42734830674373e-05,-11.1570927994619
2021,1,0.319,4000,0,1.07,"Missing",0.999726146171579,8.20264217550789
2021,0,0.22,3000,0,0.62,"Missing",0.0421447235914054,-3.12358720317844
2021,0,0.264,3000,0,0,"Missing",0.000708022574253188,-7.25232630689985
2021,0,0.319,3500,0,0.88,"Missing",0.149875624935146,-1.73557687933777
2021,1,0.143,5000,1,0.16,"Missing",0.891261290724907,2.10368979824223
2021,0,0.253,1525,0,0.56,"D",0.21756464828756,-1.27991526151176
2021,1,0.154,6000,0,0.03,"Missing",0.725750546667607,0.973168250314698
2021,1,0.319,6000,0,0.94,"Missing",0.656705651176006,0.648647659580833
2021,1,0.319,5000,0,1,"Missing",0.999262633518869,7.21168789020498
2021,0,0.22,8500,0,0.48,"Missing",0.16285257583518,-1.63715484016516
2021,0,0.319,3000,0,0.91,"Missing",0.0428323860549278,-3.10668402133153
2021,0,0.176,25000,1,0.66,"Missing",1.01798733581178e-06,-13.7976820621889
2021,0,0.165,10000,1,0,"Missing",0.00127287846436765,-6.66520074652664
2021,1,0.143,5000,0,0.32,"B",0.998783167079039,6.71028618816255
2021,0,0.165,12000,0,0.61,"B",0.000784982085706106,-7.14906437085334
2021,0,0.22,5000,0,0.96,"Missing",0.108739492772124,-2.10368171386141
2021,1,0.253,2000,0,1.13,"Missing",0.210401498525514,-1.32250698718106
2021,1,0.319,3000,1,0.8,"Missing",0.185325375399009,-1.48067573374146
2021,1,0.209,6500,0,0.7,"Missing",0.772638801466383,1.22327173504678
2021,0,0.154,2400,1,0.22,"Missing",0.0988648468259811,-2.20990151603514
2021,0,0.319,25000,0,0.52,"Missing",0.0195417770868048,-3.91546544820715
2021,1,0.319,1800,0,0.98,"Missing",0.999130521702279,7.0467473274608
2021,0,0.253,13100,0,0.71,"D",0.122471206097374,-1.96923381827658
2021,0,0.165,5000,0,0.27,"B",0.000264584207118514,-8.23708637472007
2021,0,0.165,5000,0,0.46,"Missing",5.4563965320021e-05,-9.81608230346313
2021,0,0.22,3500,1,0.81,"Missing",2.84137542804894e-05,-10.4686088102263
2021,1,0.209,11500,0,0.38,"Missing",0.208046315233988,-1.33674218696534
2021,0,0.11,3000,0,0.14,"AA",6.16249799220719e-05,-9.69438162453082
2021,0,0.22,8000,1,0.92,"C",0.0037738538109861,-5.57587757584992
2021,1,0.319,2501,0,1.22,"Missing",0.735032571124073,1.02030790415549
2021,0,0.319,20000,1,0.9,"C",0.000192056811498581,-8.55752726122572
2021,0,0.11,3000,0,0.05,"AA",0.00017884222710052,-8.6288276954212
2021,0,0.187,5000,0,0.15,"Missing",0.00185576399535957,-6.28760132231733
2021,0,0.176,10000,0,0.11,"Missing",0.0651999143971364,-2.66287453823376
2021,0,0.143,20000,0,0.13,"Missing",3.27516100975393e-05,-10.3265256816614
2021,0,0.154,16500,0,0.2,"Missing",0.0042314968728365,-5.46095900288254
2021,0,0.198,12000,0,0.54,"Missing",0.205916633407788,-1.34971705675916
2021,1,0.319,2000,0,1.23,"Missing",0.749131324910842,1.09398470641217
2021,0,0.165,1000,1,0.73,"Missing",0.443544485268249,-0.226789128210359
2021,0,0.253,8000,0,0,"Missing",0.0496262699911123,-2.95233497680211
2021,0,0.319,5000,0,0.75,"Missing",0.942848963718258,2.80320858133698
2021,0,0.176,7000,0,0.29,"C",0.0477867513723024,-2.9920405772305
2021,1,0.264,10000,0,0.57,"Missing",0.882374738973247,2.0151130228461
2021,1,0.275,9000,0,0.97,"Missing",0.918399505746169,2.42079716841283
2021,0,0.319,3000,1,0,"Missing",0.239573072531845,-1.15502154739525
2021,0,0.187,5000,0,0.93,"C",0.112466282274338,-2.06579304882694
2021,0,0.187,17000,0,0.7,"Missing",0.000232268635637465,-8.36738364831666
2021,1,0.319,3000,0,0.79,"Missing",0.991915621983064,4.80970448560911
2021,0,0.198,6500,0,0.85,"Missing",0.000130542814407846,-8.94367875391844
2021,0,0.11,2000,0,0.29,"Missing",0.00285371441383803,-5.85627603614278
2021,0,0.264,18000,1,0.97,"Missing",0.00147878826763326,-6.51505238188668
2021,0,0.121,9000,0,0.33,"Missing",1.75172640454369e-05,-10.9523061290232
2021,0,0.319,3500,0,0.98,"Missing",0.279779298406036,-0.945556622648891
2021,1,0.319,4000,0,1.07,"Missing",0.999605238665194,7.83683435208322
2021,0,0.242,6001,1,0.22,"C",0.00311331621336516,-5.76894864167904
2021,0,0.275,9000,0,0.79,"Missing",0.00258781467287146,-5.95435034622775
2021,0,0.264,10000,0,0.68,"Missing",0.00371710350161778,-5.59108651348487
2021,0,0.286,3600,0,0.53,"Missing",0.109641134833902,-2.09441197881551
2021,0,0.22,8500,0,0.48,"Missing",3.46695004622927e-05,-10.2696155366258
2021,1,0.275,3000,1,0.93,"Missing",0.923610114482034,2.49243972967022
2021,0,0.319,9000,0,0.85,"Missing",0.859264483330372,1.80919441074829
2021,0,0.275,4000,0,0.45,"Missing",0.00937537266333016,-4.66024935905381
2021,0,0.187,1700,0,0.28,"Missing",0.00059298976757306,-7.42974024881729
2021,0,0.165,9500,0,0.94,"Missing",0.00010591149450281,-9.15280085304053
2021,1,0.253,7200,0,1.12,"Missing",0.91134682806356,2.33019172385879
2021,0,0.198,20000,0,0.53,"A",0.000169642817411514,-8.68164574810825
2021,0,0.319,18000,0,0.91,"Missing",0.0257659446643637,-3.63259793224896
2021,0,0.231,5500,1,0,"C",0.000458783433656276,-7.68647339263944
2021,1,0.231,3001,1,0,"C",0.193345570428255,-1.42841625222733
2021,0,0.22,15000,0,0.61,"Missing",0.0777897831380511,-2.47276309807538
2021,1,0.275,15000,1,0,"Missing",0.919163646719989,2.43103739575075
2021,0,0.209,15000,1,0.94,"Missing",0.000234990218645951,-8.35573164963638
2021,0,0.066,9600,1,0.16,"C",0.00627978107239728,-5.06412057835553
2021,1,0.319,23500,0,0.86,"Missing",0.999976689395143,10.6665788459881
2021,0,0.187,15000,0,0.52,"Missing",0.0108321540887848,-4.51434508857493
2021,0,0.22,24900,0,0.87,"Missing",1.03106523319946e-05,-11.482322679457
2021,0,0.275,5000,0,0.52,"C",0.0186484512317432,-3.96316765416543
2021,0,0.132,6000,0,0.53,"Missing",1.58013036230592e-06,-13.3580016264088
2021,1,0.22,10000,0,0.79,"C",0.612779156653338,0.45900941964288
2021,0,0.319,10000,0,0.98,"Missing",0.156508835193636,-1.68443696418892
2021,0,0.264,1000,1,0,"Missing",0.00188251818149425,-6.2732606478268
2021,1,0.132,1000,1,0.45,"Missing",0.968744863363393,3.43381754327276
2021,0,0.165,8500,0,0,"Missing",0.000221394538041338,-8.41534278903794
2021,1,0.319,2000,0,1.26,"Missing",0.999894363908828,9.15540483094724
2021,0,0.143,25000,0,0.05,"Missing",5.02639278095943e-07,-14.5033925624382
2021,1,0.319,9740,0,0.56,"D",0.843995969726084,1.68826587737347
2021,1,0.22,4200,1,0.97,"Missing",0.940092784997231,2.75318162917139
2021,0,0.077,3000,1,0.09,"Missing",0.00192579623560672,-6.25048811491128
2021,1,0.187,1000,0,0.67,"Missing",0.971134559075421,3.51581997272117
2021,0,0.165,2500,0,0.7,"Missing",0.0248757565797007,-3.668671194182
2021,0,0.319,3000,0,1.15,"Missing",0.27763406943888,-0.956227889902053
2021,0,0.121,4000,0,0,"Missing",0.00641310435592512,-5.04297806973423
2021,0,0.154,25000,0,0,"Missing",5.26629090744081e-08,-16.7593543891584
2021,1,0.286,6500,0,0.53,"Missing",0.623660458351488,0.505114310818643
2021,0,0.22,7500,1,0.52,"D",0.513385929514247,0.0535565157341011
2021,0,0.253,6001,1,0.92,"Missing",0.0399043808090666,-3.18054677024342
2021,0,0.176,4000,0,0.8,"Missing",0.0234919390149944,-3.72732566359309
2021,0,0.319,1300,0,0.55,"Missing",0.0066856730669282,-5.00108026804205
2021,0,0.077,2500,1,0.06,"Missing",0.00145473170167677,-6.53147800198385
2021,0,0.275,3000,0,0,"Missing",0.0201656697816384,-3.88340186374492
2021,0,0.099,1000,1,0.05,"Missing",6.80549600768231e-08,-16.5029501537386
2021,0,0.22,3300,0,0.55,"Missing",0.000238017895524455,-8.34292664961402
2021,0,0.165,4500,0,0.96,"Missing",0.00770769548733792,-4.85779848196971
2021,0,0.099,3000,0,0.71,"AA",0.699008230830701,0.842579597893202
2021,1,0.319,5000,0,1,"Missing",0.998945982486826,6.85409163970577
2021,1,0.319,5000,0,0.93,"Missing",0.454628312447897,-0.181987368327521
2021,0,0.209,25000,0,0.85,"Missing",0.00444076220392209,-5.41247859804405
2021,0,0.22,13000,0,0.8,"Missing",0.0754855189012107,-2.50532787918778
2021,1,0.319,3600,1,0.69,"Missing",0.9807914161974,3.93300256112732
2021,0,0.275,15000,0,0.9,"Missing",0.0735208200758336,-2.53382294127918
2021,0,0.187,6500,0,0.79,"Missing",0.000933396298894204,-6.97574685745921
2021,0,0.165,3000,0,0.08,"Missing",0.597617837145255,0.395549190439123
2021,0,0.286,10848,0,0.68,"B",0.0396803026701295,-3.1864113369126
2021,0,0.176,5300,0,0.92,"Missing",0.0435678229436362,-3.08889100693533
2021,0,0.319,11700,0,0.56,"Missing",0.000918591747549538,-6.99174975592717
2021,0,0.176,25000,0,0.85,"Missing",0.00170156841648711,-6.37450183758993
2021,1,0.165,10200,0,0,"Missing",0.440271600462301,-0.240059854997546
2021,0,0.165,5000,0,0.53,"Missing",0.000724341094664233,-7.22952354773994
2021,0,0.319,6000,0,0.59,"Missing",0.373332082909019,-0.517948436247262
2021,0,0.165,1200,0,0.49,"Missing",0.157266884023462,-1.67870605907929
2021,0,0.275,3500,1,0,"Missing",0.100618384829217,-2.19037244016214
2021,0,0.22,12000,0,0.26,"Missing",0.00210776778410297,-6.160015821462
2021,0,0.11,6500,0,0.67,"Missing",0.339113198381437,-0.667248601790234
2021,1,0.253,1600,0,0.74,"Missing",0.99569414659622,5.44346477497194
2021,0,0.242,17500,0,0,"AA",0.0042097270590485,-5.46613885206266
2021,1,0.308,4750,1,0.14,"Missing",0.999007243516435,6.91403190746698
2021,0,0.209,6000,0,0.49,"Missing",5.85254175287862e-05,-9.74599088328713
2021,0,0.275,16000,1,0.67,"Missing",0.0381556381256008,-3.22717911642148
2021,0,0.11,4000,1,0.43,"Missing",0.00172494931499242,-6.36083117279047
2021,0,0.242,18200,1,0.8,"Missing",6.18043436105778e-06,-11.9941158235503
2021,0,0.198,4500,1,0.71,"C",0.081630935915563,-2.42039103368511
2021,1,0.275,3000,0,0,"Missing",0.935195734646089,2.66938442469242
2021,0,0.132,5000,0,0,"Missing",0.00127346848843908,-6.66473672787281
2021,1,0.319,2000,0,0,"Missing",0.875447755880675,1.95001021711494
2021,0,0.121,7500,0,0,"Missing",0.00541410459572304,-5.21331895450976
2021,0,0.198,5000,0,0.5,"Missing",0.000353392702843673,-7.9475771915644
2021,0,0.275,2000,0,0.19,"Missing",0.00701261485689776,-4.95300731058616
2021,0,0.319,25000,0,0.98,"Missing",0.132286390659234,-1.88089251850877
2021,0,0.121,25000,0,0.23,"Missing",4.74911789051381e-06,-12.2575469152945
2021,0,0.154,4500,0,0,"Missing",0.00453543391291937,-5.39128876888613
2021,0,0.253,15000,0,0.18,"Missing",0.00112280102454279,-6.79080536914999
2021,1,0.187,5000,0,0.03,"C",0.978620717221307,3.8237217902278
2021,0,0.264,9999,0,0.89,"Missing",0.00231544532057894,-6.06583511673308
2021,1,0.154,9250,0,0.92,"B",0.857197397364774,1.79220495191319
2021,0,0.198,4500,0,0.49,"Missing",0.00239884440586149,-6.03036642890038
2021,1,0.209,1100,1,1,"Missing",0.847597571475748,1.71588138288869
2021,1,0.319,2000,1,0.83,"Missing",0.998426864429645,6.45311009851407
2021,0,0.11,6001,0,0.41,"Missing",5.57400794938889e-10,-21.3077365741692
2021,0,0.209,13500,0,0.78,"Missing",9.97279494535462e-07,-13.8182337734492
2021,1,0.319,5224,0,0.67,"Missing",0.997941183690571,6.18356312981856
2021,1,0.242,5400,0,0.63,"Missing",0.244753154106165,-1.12679447563651
2021,0,0.319,8000,0,0.8,"Missing",0.000613587688927349,-7.39557359577934
2021,1,0.319,3001,1,0,"Missing",0.990645960193211,4.66254890051179
2021,1,0.242,7500,0,0.92,"Missing",0.98070557597924,3.928456144769
2021,0,0.275,4000,0,0.46,"Missing",5.29090689523548e-05,-9.84688288755246
2021,0,0.165,2000,1,0,"Missing",0.009574465168553,-4.63903500750344
2021,1,0.319,5000,0,0.82,"Missing",0.522965915206504,0.0919283453262913
2021,0,0.088,1000,0,0,"Missing",0.00189098423368043,-6.26876505249569
2021,1,0.308,2550,0,0.74,"Missing",0.998446146072159,6.46546196657189
2021,0,0.231,9000,0,0,"Missing",0.00207528295468775,-6.17558033155294
2021,1,0.264,1500,0,0.99,"Missing",0.995287885081856,5.35289519259831
2021,1,0.308,8000,0,0.92,"Missing",0.96635849395849,3.3577742736561
2021,1,0.319,25000,0,0.61,"Missing",0.572480457290878,0.291978597837868
2021,0,0.253,1300,0,0.43,"Missing",0.0654596104197456,-2.65862152885553
2021,1,0.319,5000,0,0.93,"Missing",0.658345014038047,0.65592771646075
2021,1,0.165,10000,0,0.49,"Missing",0.7580650952302,1.14210055814927
2021,1,0.253,14000,0,1.04,"Missing",0.986464076172159,4.28877973389115
2021,0,0.143,20000,0,0.79,"Missing",0.00120046980597002,-6.72384110288419
2021,0,0.11,3000,0,0.07,"Missing",0.0105380743724411,-4.54216645659649
2021,0,0.099,3000,0,0.13,"A",2.11873033709364e-05,-10.7620872657666
2021,0,0.209,2750,0,0,"Missing",0.177161578972703,-1.53569766044368
2021,0,0.264,10000,1,0.03,"A",0.0493096479514747,-2.95906864633776
2021,1,0.275,10500,0,0.81,"D",0.999986191930135,11.1902435557412
2021,0,0.077,1000,0,0.34,"AA",0.000230697890423774,-8.37417081256135
2021,1,0.319,2501,0,1.07,"Missing",0.998825634385875,6.74585212433628
2021,0,0.264,25000,1,0.46,"Missing",0.24076123314354,-1.14851060021875
2021,0,0.253,3500,1,0.95,"Missing",0.336710479539096,-0.677988127367716
2021,0,0.209,1100,1,1,"Missing",0.0314149470810406,-3.42855249687468
2021,0,0.187,6001,0,0.56,"Missing",0.0037053473677398,-5.59426603898176
2021,0,0.319,20000,1,0.87,"Missing",0.0545089034774439,-2.85334041648236
2021,1,0.319,5500,0,0.41,"Missing",0.0662122727660709,-2.64638330465358
2021,0,0.242,4000,0,0.47,"B",0.000650640903992298,-7.33690182205471
2021,1,0.187,1675,0,0.95,"Missing",0.999745753481098,8.27695193592011
2021,1,0.319,2100,0,0,"Missing",0.805006974025085,1.41788714707325
2021,0,0.165,1500,1,0.64,"Missing",0.00899204229039957,-4.70238256802306
2021,1,0.319,3500,0,0.71,"Missing",0.992621347455006,4.90175822956286
2021,0,0.22,8500,0,0.64,"Missing",8.07771768253902e-07,-14.0289854755863
2021,0,0.121,2593,0,1.01,"Missing",0.000743722168187943,-7.20309902386167
2021,1,0.319,4600,0,0.9,"Missing",0.999999801682503,15.4333963705063
2021,1,0.319,3550,0,0,"Missing",0.988843368687691,4.48450188801002
2021,1,0.275,3000,0,0.62,"Missing",0.984354554968548,4.14180632992368
2021,1,0.319,2550,1,1.51,"Missing",0.42258138370115,-0.312185455915059
2021,0,0.297,1000,0,0,"Missing",0.454559351507507,-0.182265505856467
2021,0,0.22,2500,0,1,"C",0.0733199211613013,-2.53677604377651
2021,0,0.253,10000,0,0.69,"Missing",0.0959043995690501,-2.24358325002034
2021,0,0.264,25000,0,0.89,"Missing",9.03923038560626e-05,-9.31126103213638
2021,0,0.22,15000,0,0.93,"Missing",0.00931208776363287,-4.66708624693601
2021,1,0.187,3800,0,0.7,"Missing",0.940075047639622,2.75286672465897
2021,0,0.187,10000,0,0.79,"A",0.00428042385274613,-5.44941363218307
2021,0,0.132,8000,1,0.91,"Missing",0.00724394457721213,-4.92031908050028
2021,0,0.187,3800,0,1.1,"Missing",0.305115685352685,-0.823054377033869
2021,0,0.176,10999,0,0.97,"Missing",0.000225207860987636,-8.39826152238922
2021,1,0.22,2400,1,0,"Missing",0.99975693824397,8.32195191557019
2021,0,0.209,12200,1,0,"Missing",0.102495570589462,-2.16979847174324
2021,0,0.077,1500,1,0.91,"Missing",0.362452577161922,-0.564735018916935
2021,1,0.253,6001,0,0.42,"Missing",0.0943473125670688,-2.26167309758936
2021,0,0.264,4000,0,0.92,"Missing",7.36445848198986e-07,-14.1214293931677
2021,0,0.264,7500,1,0.94,"C",0.00870282117965399,-4.73536712047679
2021,0,0.319,5000,0,0.82,"Missing",0.371089231571932,-0.527546833988101
2021,0,0.22,6000,0,0.25,"Missing",2.60237092101113e-05,-10.5564765187199
2021,0,0.154,3000,0,0.98,"Missing",0.000160518546180008,-8.73694053811581
2021,0,0.165,3000,0,0,"Missing",0.000813589621560909,-7.11324054873964
2021,0,0.187,4600,0,0.88,"B",0.0825554449758615,-2.40812201968862
2021,1,0.242,3000,0,0.3,"Missing",0.587316036566746,0.352880989416821
2021,1,0.319,2550,0,0.91,"Missing",0.995683713699278,5.44103427069374
2021,0,0.121,9000,1,0.85,"Missing",0.163896597456153,-1.62951656703222
2021,0,0.275,6000,1,1,"Missing",0.0750319889440545,-2.51184461241532
2021,1,0.275,8500,0,0.78,"Missing",0.997367465513831,5.93717220818415
2021,1,0.319,3975,0,0.97,"Missing",0.996221167098474,5.57455408250715
2021,1,0.286,10000,0,0.88,"Missing",0.96595208166204,3.34534533279982
2021,1,0.319,2500,0,0.89,"Missing",0.998829504276286,6.74915674313552
2021,0,0.22,16950,0,0.55,"Missing",3.42387162692781e-05,-10.2821192602267
2021,0,0.165,9000,0,0.3,"Missing",0.000336210121756745,-7.99743796443432
2021,1,0.253,1000,0,0.92,"Missing",0.587774960908515,0.354774743481985
2021,0,0.176,3400,0,0.49,"C",0.000164141887388715,-8.71461518181682
2021,1,0.22,9000,1,0.93,"Missing",0.948139563297379,2.90594550921376
2021,0,0.121,1500,0,0,"Missing",2.69692959608436e-06,-12.8233939217435
2021,0,0.275,15000,0,0,"Missing",0.000402125836570692,-7.81834328532166
2021,0,0.319,1000,0,0,"Missing",0.561486669923097,0.247197823164181
2021,0,0.242,25000,0,0.73,"Missing",0.100424394254367,-2.19251795453246
2021,0,0.088,2000,0,0.15,"Missing",0.0204552754618984,-3.8688470789046
2021,0,0.143,1000,1,0.7,"Missing",0.000460974395162785,-7.68170697777985
2021,0,0.143,25000,1,0.11,"Missing",0.0032362749709444,-5.73009078788149
2021,1,0.319,2000,0,1.23,"Missing",0.993371015465645,5.00965259491613
2021,0,0.132,12000,0,0,"Missing",3.01388479593378e-07,-15.0148654730775
2021,0,0.099,2500,0,0.28,"Missing",0.0791966310541819,-2.45331275539614
2021,0,0.242,6001,0,0.98,"Missing",2.79849905774563e-05,-10.4838142569386
2021,0,0.198,2000,0,0,"Missing",0.0206237204709951,-3.8604740270581
2021,1,0.253,4000,0,0.51,"Missing",0.348701716670317,-0.624750853061681
2021,0,0.22,9000,0,0.65,"Missing",0.109071664060243,-2.10025885855797
2021,0,0.319,4000,1,0.98,"Missing",0.0560584119691462,-2.82367006915275
2021,0,0.11,4500,0,0.4,"Missing",0.000181546531454017,-8.61381700245646
2021,0,0.11,5000,0,1.13,"A",0.0236022635215683,-3.72252740092111
2021,0,0.275,8000,1,0.85,"Missing",0.028978779553886,-3.51178449965771
2021,0,0.308,2000,1,0.97,"Missing",0.231331507188046,-1.20080801008141
2021,0,0.165,15000,0,0.63,"Missing",0.403634343606674,-0.390344618341617
2021,1,0.319,3000,1,0,"Missing",0.999814781829233,8.59379089094819
2021,1,0.319,20000,0,1.05,"Missing",0.148059553795934,-1.74990204222493
2021,0,0.187,4000,1,0.31,"Missing",7.63944600877043e-05,-9.47952397898367
2021,0,0.165,1000,1,0.55,"Missing",0.0208336901016228,-3.85013011261962
2021,1,0.319,3000,0,0.79,"Missing",0.945190775011633,2.84752826644795
2021,0,0.165,10000,1,0,"B",0.000301514303835466,-8.10639154091362
2021,0,0.187,8500,1,0.21,"Missing",0.00374378676410281,-5.58390686374718
2021,0,0.209,2100,0,0.86,"Missing",1.88348336560487e-05,-10.8797837134889
2021,1,0.286,2200,0,0.97,"Missing",0.981975776627356,3.99785004454423
2021,0,0.187,1500,0,0.61,"Missing",0.0345024821825385,-3.33161226221825
2021,1,0.22,1500,0,0.88,"Missing",0.957399042993673,3.11234355940884
2021,1,0.319,2000,0,1.23,"Missing",0.746506052506922,1.08006377781297
2021,0,0.209,15000,1,0.94,"Missing",0.000178489097357052,-8.63080453281376
2021,0,0.187,1000,0,0.35,"Missing",0.212479985293284,-1.31004098880394
2021,0,0.198,9900,0,0.55,"Missing",0.000117577185990722,-9.04829795389834
2021,0,0.319,5000,1,0.7,"Missing",0.107781733822636,-2.11360259661308
2021,0,0.187,2400,0,0.86,"Missing",0.0253809012196913,-3.64804975604372
2021,0,0.077,2500,1,0.06,"Missing",0.000274095047080227,-8.20176149195554
2021,0,0.209,1000,1,0,"Missing",4.85668563997159e-05,-9.93252065875138
2021,0,0.132,5000,0,0,"Missing",0.000438244665463483,-7.73229486587372
2021,1,0.319,2550,1,1.32,"Missing",0.999838567905405,8.73126452549988
2021,0,0.165,4200,0,0.3,"Missing",0.00347452389836491,-5.65881724294165
2021,1,0.319,5000,0,1,"D",0.999836998192476,8.72158625302133
2021,0,0.077,1000,0,0.02,"Missing",0.000206347664499155,-8.4857417510255
2021,0,0.121,10000,0,0.17,"Missing",1.52753642335198e-05,-11.0892539326351
2021,0,0.132,25000,0,0.17,"Missing",0.000415974134949351,-7.78447141456232
2021,0,0.319,12000,0,0.63,"D",0.0122224355899912,-4.39218428949711
2021,1,0.242,15000,0,0.83,"Missing",0.974247988125072,3.6331531240439
2021,1,0.121,1200,0,0.87,"Missing",0.990541459103486,4.65133359010657
2021,0,0.275,2000,0,0.19,"Missing",0.0118089844744713,-4.42701537671485
2021,1,0.297,3200,0,0.98,"Missing",0.996744157847721,5.72404315710771
2021,1,0.308,3500,0,0,"Missing",0.999817160451969,8.60671872017699
2021,0,0.231,3001,1,0,"C",0.0152125452813399,-4.17030540097941
2021,1,0.132,22000,0,0.37,"Missing",0.770776925700278,1.21270334758763
2021,0,0.099,1500,0,0.03,"Missing",0.000570352577134834,-7.46868531669588
2021,0,0.143,2550,0,0.27,"A",0.00167988515112194,-6.38734855259081
2021,1,0.319,10500,0,0.99,"Missing",0.996177126872504,5.56292281246968
2021,0,0.198,7500,1,0.96,"Missing",0.0421043437069281,-3.12458794246178
2021,0,0.165,19500,0,0.59,"Missing",0.00425952062082593,-5.45433003713316
2021,0,0.132,25000,1,0.22,"Missing",0.710318982933831,0.896933764430675
2021,1,0.253,3500,0,0.92,"Missing",0.99777993067326,6.10799431799029
2021,0,0.121,3000,0,0.32,"Missing",0.174385901393462,-1.55485680380876
2021,0,0.121,15000,0,0.01,"Missing",1.47286694637862e-07,-15.7308846985951
2021,1,0.319,2500,0,1.09,"Missing",0.94648451587445,2.87278357623004
2021,0,0.319,10000,0,0.98,"Missing",0.000231758039472096,-8.36958487894175
2021,0,0.319,5000,0,0.89,"Missing",0.727792260951217,0.983450130345793
2021,0,0.187,5000,0,0.97,"Missing",4.26353998074707e-05,-10.0627830320581
2021,0,0.11,3000,0,0.05,"Missing",0.000188601775209299,-8.57568415568389
2021,0,0.132,4500,0,0.09,"Missing",5.36600480416165e-07,-14.438011467058
2021,0,0.198,18000,0,0.15,"B",4.60312518376498e-05,-9.98614397206827
2021,1,0.286,2500,0,0.65,"Missing",0.979956309027778,3.88959354853789
2021,0,0.11,2100,0,0,"Missing",0.000246015112306977,-8.30987154639762
2021,0,0.132,15000,0,0,"Missing",3.27763197543266e-06,-12.6283860773781
2021,0,0.154,7500,0,0.67,"Missing",0.130667268686863,-1.89507178346114
2021,0,0.154,11500,1,0.36,"Missing",0.0330346886560955,-3.3766044415935
2021,1,0.209,6001,0,0.05,"D",0.995147468882866,5.3233904874701
2021,1,0.187,2000,0,0.25,"Missing",0.998676352156694,6.62603931158321
2021,0,0.319,3500,0,1.01,"Missing",0.301549203461245,-0.839931536198692
2021,1,0.319,3300,0,0.91,"Missing",0.999980035858933,10.8215528759896
2021,0,0.11,3000,0,0.04,"Missing",5.34034205474949e-05,-9.83758235400648
2021,0,0.308,3200,0,0.99,"Missing",0.688026753408202,0.790910286915355
2021,1,0.319,3000,0,1.02,"Missing",0.996701461844363,5.71097190147074
2021,0,0.22,5000,0,0.81,"Missing",0.0539908759546859,-2.86343714538739
2021,1,0.11,1000,0,0.24,"A",0.891016647778337,2.10116797301841
2021,0,0.253,10000,0,0.44,"Missing",0.0115975902327508,-4.44529257418439
2021,1,0.253,6001,1,0.85,"Missing",0.967456360963587,3.3920883906905
2021,0,0.132,5900,1,0.31,"Missing",0.490007945100617,-0.0399735415040894
2021,0,0.264,15000,0,0.86,"B",0.0247212794328085,-3.67505890915321
2021,0,0.275,3001,0,1.02,"D",0.0230092530906422,-3.74858073776243
2021,1,0.275,8500,0,0.86,"Missing",0.893028698884118,2.12205813335242
2021,0,0.121,8000,0,0.32,"Missing",0.232997672448995,-1.19146137195283
2021,0,0.22,1800,0,0.61,"Missing",0.928815790264506,2.56863941050993
2021,0,0.165,3600,0,0.28,"Missing",4.48162070217714e-05,-10.012895902874
2021,0,0.198,15000,1,0.02,"Missing",0.0109676161548573,-4.50178013029041
2021,0,0.275,9000,0,0.79,"Missing",0.00444507274811723,-5.41150406241142
2021,0,0.11,2550,0,0.58,"Missing",1.46211768696753e-07,-15.7382096494169
2021,0,0.11,6000,0,0,"Missing",1.45604487862305e-06,-13.4397853293887
2021,1,0.275,8000,1,0.85,"D",0.531299130692895,0.125360437620166
2021,0,0.22,15000,0,0.84,"Missing",0.000819782779048254,-7.10565103741411
2021,1,0.187,8000,0,0.8,"Missing",0.885570628299794,2.0462744233446
2021,1,0.231,2500,1,0.38,"Missing",0.852735092496434,1.75621588264449
2021,0,0.077,2550,1,0,"Missing",0.0698568036154803,-2.58889106471379
2021,0,0.308,6215,1,0.91,"Missing",0.693995642201915,0.818866338217939
2021,0,0.308,23500,0,0.89,"Missing",0.294324349557649,-0.874473324275433
2021,0,0.154,4575,0,0.6,"C",0.0722705185348319,-2.55232390301223
2021,0,0.143,1000,1,0.7,"Missing",0.0013184798024388,-6.62995652111678
2021,1,0.22,7500,0,0,"Missing",0.873566141591676,1.9328645339068
2021,0,0.22,3000,0,1,"Missing",0.000602068270856381,-7.4145374627606
2021,1,0.22,3100,1,0.92,"Missing",0.935806538838619,2.67950741139954
2021,0,0.22,10000,0,0.79,"Missing",0.0176766420761166,-4.01767642785745
2021,0,0.275,15000,0,0.45,"Missing",0.0415483967422251,-3.13846013471481
2021,1,0.253,4000,0,1.01,"Missing",0.912825353724386,2.34863103901594
2021,1,0.286,5500,0,0.99,"Missing",0.855180855283993,1.77582728711455
2021,1,0.22,1000,0,0.91,"Missing",0.999885705354466,9.07661653280109
2021,1,0.209,5000,0,0.97,"Missing",0.980572898931022,3.92146793806031
2021,1,0.264,1550,0,1.09,"Missing",0.960748686394902,3.19772795085935
2021,0,0.286,2200,0,0.97,"Missing",0.439756871073186,-0.242148839858579
2021,1,0.165,2000,0,0.54,"Missing",0.487509513939595,-0.0499723410346782
2021,0,0.154,2400,1,0.22,"Missing",0.00347427516900643,-5.65888908170237
2021,0,0.088,2300,0,0.18,"Missing",1.55980119600936e-05,-11.0683514921517
2021,0,0.176,2000,0,0.89,"Missing",0.0845868283139956,-2.38159695630834
2021,0,0.165,10000,0,0.64,"Missing",0.0064098545160658,-5.0434882188654
2021,1,0.319,1000,1,0.42,"Missing",0.250581426503993,-1.09551374693153
2021,0,0.121,1527,0,0.03,"Missing",0.000101897766075891,-9.1914386377275
2021,0,0.319,5500,0,0.41,"Missing",0.00399839899585777,-5.51785483505468
2021,0,0.286,5000,0,0.64,"D",0.0260209576774885,-3.62248750844362
2021,0,0.198,6500,0,0.85,"Missing",0.00144662478300513,-6.53707449964196
2021,1,0.165,5000,0,0.27,"Missing",0.626078426241417,0.515429565196213
2021,0,0.187,1500,0,0.92,"D",7.53358294202928e-06,-11.796132273394
2021,0,0.22,5000,0,0.64,"Missing",0.416815196213038,-0.335861174729384
2021,0,0.165,8500,0,0.22,"Missing",0.00618868963587447,-5.07882398623119
2021,0,0.099,2000,0,0.06,"Missing",0.000181022716492381,-8.61670698998775
2021,0,0.11,4000,0,0.88,"A",0.000720771973734521,-7.23446670273765
2021,0,0.275,25000,0,0.73,"Missing",0.00503830821212449,-5.28563388216649
2021,0,0.231,5000,0,0.73,"Missing",4.59026507733565e-05,-9.98894178780745
2021,1,0.319,2000,1,0,"Missing",0.629272599554729,0.52909752559303
2021,1,0.319,1000,0,0.45,"Missing",0.936820241655936,2.69650744879679
2021,1,0.209,10000,1,0.88,"D",0.997382104997065,5.94276339044725
2021,0,0.209,16000,0,0.99,"C",4.01750189761407e-05,-10.1222249981778
2021,1,0.165,12000,0,0.33,"Missing",0.390023287605897,-0.447214330884505
2021,0,0.231,3000,1,0.97,"Missing",0.00480413624674987,-5.33346230085891
2021,1,0.319,5000,0,0.83,"Missing",0.470981921999415,-0.116202894075579
2021,1,0.319,4600,0,0.9,"Missing",0.982443174592893,4.0245997181152
2021,1,0.22,5950,0,0.74,"Missing",0.853673619736013,1.76370933444686
2021,0,0.319,20000,1,0.99,"Missing",0.0504748770534832,-2.93448626062942
2021,0,0.154,3500,0,0.65,"B",0.0161108278767211,-4.11202167588877
2021,1,0.319,3500,0,0.88,"Missing",0.929089350201629,2.57278428211313
2021,1,0.275,7500,0,0.54,"D",0.950129027148659,2.94715866630866
2021,0,0.209,2500,0,0.82,"Missing",0.000463719735986525,-7.67576637821313
2021,0,0.22,9900,0,0.96,"Missing",2.54933403558223e-07,-15.1822632334802
2021,0,0.209,3000,0,0,"D",5.51992106357525e-05,-9.80450670412625
2021,1,0.165,3000,0,0.91,"Missing",0.999795960850745,8.49699461444946
2021,1,0.319,5000,1,0.65,"Missing",0.904848777977214,2.25230039680121
2021,1,0.231,3000,1,0.97,"Missing",0.86250110944621,1.83622058684477
2021,0,0.165,3000,0,0.91,"Missing",0.251478365178825,-1.09074314498491
2021,1,0.319,2550,1,0.75,"Missing",0.905829450942542,2.26374355433282
2021,0,0.22,9900,0,0.96,"Missing",0.00589750279123577,-5.12731131165375
2021,1,0.319,6000,0,1.02,"Missing",0.999039040077644,6.94661643202783
2021,0,0.198,17000,0,0.23,"Missing",0.00637381014929091,-5.04916363900125
2021,0,0.11,7500,0,0,"Missing",2.08878907789838e-06,-13.0789239596721
2021,0,0.319,8000,0,0.8,"Missing",0.00016548786636128,-8.70644717931143
2021,1,0.297,2000,1,0,"Missing",0.396868310192337,-0.418531050644209
2021,0,0.165,20000,0,0.66,"Missing",0.000567126342734008,-7.47436116514762
2021,1,0.319,1500,1,0.94,"Missing",0.945200784624632,2.84772149954361
2021,1,0.165,14500,1,0,"Missing",0.539240061260771,0.157283687326244
2021,0,0.319,2500,0,1.09,"Missing",0.160098109769164,-1.65749827430243
2021,0,0.275,9000,0,0.86,"Missing",0.0326724363065066,-3.38800538424428
2021,0,0.22,6000,0,1,"Missing",0.000371335888929002,-7.89803213910312
2021,1,0.319,3950,0,0.78,"Missing",0.999894868515376,9.16019361967747
2021,1,0.275,8500,0,0.78,"Missing",0.797844721207196,1.37287788456986
2021,1,0.165,5000,0,0,"Missing",0.878418956411435,1.9775425852982
2021,0,0.308,10000,0,0.87,"D",0.00983008358870671,-4.61242912358822
2021,0,0.22,7500,1,0.9,"Missing",0.000833624638619287,-7.08889335822016
2021,0,0.242,25000,1,0.69,"Missing",0.0170732791122065,-4.05301995464781
2021,1,0.209,23000,0,0.27,"A",0.753941246617436,1.11974410040949
2021,0,0.22,6000,0,0.02,"Missing",4.43985519057002e-05,-10.0222593042569
2021,0,0.319,25000,0,0.11,"Missing",0.00108810743790404,-6.82222668749351
2021,0,0.319,5000,0,1.08,"Missing",0.0872612675889467,-2.34754298163387
2021,1,0.286,6000,1,0,"Missing",0.990058836538431,4.60108030994316
2021,0,0.143,10000,0,0.28,"AA",3.01280604217671e-05,-10.4100234520351
2021,1,0.319,1890,1,0,"Missing",0.950697821027337,2.95922798509536
2021,0,0.275,15000,0,0.45,"Missing",7.57814180778921e-06,-11.7902349542833
2021,1,0.242,5600,0,0.94,"Missing",0.88408786138241,2.03172396999864
2021,0,0.198,6800,1,0.89,"Missing",0.0152528925351161,-4.16761570501597
2021,1,0.143,2500,0,0.57,"A",0.452449862289731,-0.190777077792996
2021,1,0.22,8500,0,0.48,"Missing",0.700906542150674,0.851618464782073
2021,0,0.198,7500,0,0.9,"Missing",0.0018909064966612,-6.26880624051498
2021,1,0.297,1700,0,0.95,"Missing",0.988000262689799,4.41079820489642
2021,1,0.297,2000,1,0,"Missing",0.996949760306057,5.78948020211618
2021,1,0.22,2018,0,0,"Missing",0.976226658401195,3.71512993941482
2021,1,0.22,6000,0,1,"Missing",0.944535112351791,2.83494269629346
2021,0,0.297,15000,1,0.75,"Missing",0.000829433936611148,-7.0939373158199
2021,0,0.319,10000,0,0.93,"D",0.0254125209631914,-3.64677227917201
2021,1,0.319,1300,0,0.55,"Missing",0.923517537378349,2.4911283218061
2021,1,0.132,4000,0,0.04,"Missing",0.2059522200196,-1.34949943549982
2021,0,0.209,7500,0,0.8,"Missing",0.00171820943925854,-6.36475286683105
2021,1,0.319,4000,0,1,"Missing",0.998186614062015,6.31074446517252
2021,0,0.242,20000,1,0.77,"B",1.57095353996934e-06,-13.3638262017129
2021,0,0.264,10000,0,0.68,"Missing",6.66571801211809e-05,-9.61588112899017
2021,1,0.22,5000,1,0.43,"Missing",0.419339046423583,-0.325487257128305
2021,0,0.264,3200,1,0.73,"Missing",0.0882488087952213,-2.33520693854051
2021,0,0.286,25000,0,0.92,"C",0.00516142352900226,-5.26136807013478
2021,0,0.319,2400,0,0.87,"Missing",0.376331992167717,-0.505146476351544
2021,0,0.165,4000,0,0,"Missing",1.13808959438729e-06,-13.6861583575789
2021,0,0.121,3000,0,0.26,"Missing",0.00177670728118332,-6.33121518228313
2021,0,0.165,5000,0,0,"Missing",0.00355371131534362,-5.63620273989859
2021,1,0.319,1000,1,1,"Missing",0.819501901532711,1.51297647562819
2021,0,0.187,5500,0,0.07,"Missing",0.00338650007976462,-5.68456606850559
2021,0,0.132,15000,0,0.09,"Missing",1.11560294963074e-06,-13.706114421607
2021,1,0.319,2400,0,1.05,"Missing",0.998372038095482,6.41879712337434
2021,1,0.319,3600,0,0.92,"Missing",0.942198952272214,2.79120955197151
2021,0,0.22,8500,0,0.64,"Missing",0.649069048994662,0.614949620617434
2021,1,0.143,25000,0,0.11,"Missing",0.347346445357462,-0.630723760813947
2021,1,0.275,3000,0,0,"Missing",0.999596768990824,7.81559762415672
2021,0,0.275,25000,0,0.57,"Missing",0.000428524071362977,-7.75473502971394
2021,0,0.121,4000,0,0,"Missing",0.0815056454030742,-2.42206347171019
2021,0,0.319,20000,0,0.61,"Missing",0.278943088714406,-0.949710290080251
2021,1,0.22,12000,0,0.26,"Missing",0.429263307717313,-0.284857467394279
2021,0,0.143,20000,0,0.79,"Missing",0.000246098019460765,-8.30953451999418
2021,0,0.176,9000,0,0.97,"Missing",0.0666301718811391,-2.63964400207966
2021,1,0.319,3300,0,0.91,"Missing",0.999664481033052,7.99949649450729
2021,0,0.22,25000,0,0.08,"Missing",0.00108702287675872,-6.8232250111737
2021,0,0.297,15000,0,0.94,"Missing",0.00353662355796603,-5.64103991197987
2021,0,0.231,25000,0,0.07,"Missing",0.000550957287672369,-7.5033021605316
2021,0,0.198,25000,0,0,"Missing",0.000113631185653267,-9.08243893011356
2021,0,0.11,3000,0,0.36,"Missing",2.691955808096e-05,-10.522630549414
2021,0,0.099,6001,0,0.26,"Missing",0.00320118273199281,-5.74102861623681
2021,1,0.077,2500,1,0.06,"Missing",0.950812574713565,2.96167895357983
2021,1,0.264,4500,0,1.46,"Missing",0.263006536466452,-1.03040013777822
2021,0,0.209,18000,0,0.76,"Missing",0.000263460769196974,-8.24134258908897
2021,0,0.275,15000,0,0.11,"Missing",7.09196166865074e-05,-9.55389255951285
2021,0,0.121,5000,0,0.18,"Missing",0.000215746503362212,-8.44119066524797
2021,1,0.297,1700,1,0,"Missing",0.675876811310343,0.734887172112127
2021,0,0.165,19500,0,0.59,"AA",0.0277899901487208,-3.55489595137645
2021,0,0.165,4500,1,0,"Missing",6.57760637869518e-05,-9.62918877982182
2021,0,0.264,5000,0,0.9,"C",0.00969952372380067,-4.62593162480372
2021,0,0.187,6500,0,0.45,"Missing",0.000133002741818982,-8.92500780318723
2021,1,0.286,3675,0,0.85,"Missing",0.825136396459375,1.55154244002337
2021,0,0.253,8100,0,0.93,"Missing",0.22239603566803,-1.2517576143129
2021,1,0.319,4000,0,1.12,"Missing",0.912962936331748,2.35036123718692
2021,0,0.187,3650,0,0.85,"Missing",0.0637923191579376,-2.68620453937777
2021,0,0.165,7500,0,0.72,"Missing",0.000157537428068356,-8.75568993956252
2021,1,0.319,7500,0,0.86,"Missing",0.979623209463005,3.87277148321129
2021,1,0.264,1750,1,0.91,"Missing",0.999135994487652,7.05306703016744
2021,0,0.121,12000,0,0.41,"Missing",6.99133231171204e-05,-9.56818440858579
2021,1,0.165,3000,0,0.91,"Missing",0.675162830281277,0.731629851298501
2021,1,0.253,1600,0,0.74,"Missing",0.353064118748431,-0.605597508016756
2021,1,0.319,17000,1,0,"Missing",0.462050895297737,-0.152088906765314
2021,0,0.132,20000,0,0,"Missing",0.122981641934531,-1.96449283328459
2021,1,0.319,3500,0,0.71,"Missing",0.99877592022503,6.70434109181415
2021,0,0.319,25000,0,0.11,"Missing",0.00632468424074305,-5.05695039823614
2021,0,0.165,9999,0,0.31,"Missing",1.05398916115389e-06,-13.7629273374435
2021,0,0.198,3002,1,0.8,"D",0.00743906384484575,-4.89354339368413
2021,0,0.242,3600,0,0.57,"Missing",0.00175711715774247,-6.34232212874223
2021,1,0.22,3000,1,0.07,"Missing",0.628348031488811,0.525136355392834
2021,0,0.165,4000,0,0.46,"Missing",0.00493909470370509,-5.30562189059164
2021,0,0.187,5000,0,0.46,"Missing",9.19667138305347e-06,-11.5966597488531
2021,0,0.209,6001,0,0.05,"Missing",0.0781104474809095,-2.46830160672563
2021,1,0.264,3500,0,0.8,"Missing",0.999963508582013,10.2183969565865
2021,1,0.11,6000,1,0.75,"A",0.986831827076436,4.3166968609948
2021,1,0.22,5000,0,0,"Missing",0.982516862676672,4.02888067176358
2021,1,0.132,4000,0,0,"Missing",0.462505244236703,-0.150261107456408
2021,0,0.209,25000,0,0.89,"Missing",0.00111287858244186,-6.79969180469662
2021,0,0.187,1675,0,0.95,"Missing",0.000822995201056947,-7.10173685429319
2021,0,0.077,2000,1,0.81,"Missing",9.55521330147007e-05,-9.255743007284
2021,0,0.165,12000,0,0.43,"Missing",0.0741206119953198,-2.52505031742728
2021,0,0.264,5500,0,0,"D",0.000875478861177393,-7.03986368907059
2021,1,0.275,7500,0,0.54,"Missing",0.989986304699358,4.59373742328868
2021,0,0.319,3500,0,0,"Missing",0.0603139442306835,-2.74598251164888
2021,0,0.165,1000,1,0.73,"Missing",0.0694816537709821,-2.59467904921053
2021,1,0.154,22000,0,0.71,"Missing",0.869071725534575,1.89277600978288
2021,1,0.165,15000,0,0.16,"Missing",0.69049354255397,0.802427664935004
2021,0,0.22,18000,0,0.71,"Missing",0.0577406960401879,-2.79231827739956
2021,1,0.286,25000,1,0.38,"Missing",0.606324016346367,0.431886329170967
2021,1,0.319,1000,1,0.42,"Missing",0.999533577023781,7.66995112945009
2021,0,0.308,2550,0,0.94,"Missing",0.0780113229369397,-2.46967896062627
2021,1,0.286,2200,0,0.97,"Missing",0.866309727048921,1.86871676843689
2021,0,0.165,12000,0,0.52,"Missing",0.0230022481410036,-3.74889239456121
2021,0,0.242,9000,0,0.95,"D",0.0416038742077067,-3.13706789205886
2021,0,0.275,4449,0,0.94,"Missing",0.00376490081648278,-5.5782617557465
2021,0,0.264,15000,1,0.81,"Missing",0.000481322976333985,-7.63849060587336
2021,0,0.11,7500,0,0.13,"Missing",1.96219926846658e-05,-10.8388399228508
2021,0,0.253,5000,0,0.97,"Missing",0.947276909021876,2.88853793845232
2021,0,0.319,1800,0,0.85,"Missing",0.1041342950116,-2.15210915459457
2021,0,0.253,9500,0,0.53,"Missing",0.00384584887004646,-5.55690766478495
2021,1,0.22,25000,1,0.98,"Missing",0.406897532310824,-0.376805789118131
2021,0,0.187,1000,0,0.35,"D",6.87287865506909e-06,-11.8879206483862
2021,1,0.286,2550,0,0.88,"Missing",0.995913346016268,5.49593371346429
2021,0,0.22,2000,0,0.01,"Missing",0.00024718496970734,-8.30512642085909
2021,1,0.22,5000,0,0.61,"C",0.996915498285794,5.77827588497183
2021,1,0.319,3000,0,0.36,"Missing",0.95244765446297,2.99720403396856
2021,0,0.187,5000,0,0.15,"Missing",7.1329696319384e-05,-9.54812648684683
2021,1,0.319,3001,0,0,"Missing",0.947779901270557,2.89865484973002
2021,0,0.132,13000,0,0.36,"Missing",0.000310934800616619,-8.07561632893217
2021,0,0.22,5000,0,0.08,"Missing",0.00679433165782976,-4.98484907593815
2021,0,0.121,1850,0,0.86,"Missing",0.0377037119673766,-3.23956384468375
2021,0,0.275,1500,0,0,"Missing",0.0387753746938365,-3.21042275057066
2021,0,0.165,20000,0,0.37,"Missing",0.00532629177308562,-5.22975948327599
2021,0,0.187,1000,0,0.67,"Missing",0.614261738869147,0.465262062624014
2021,0,0.187,2000,0,0.79,"Missing",0.000169140730234358,-8.68461031124651
2021,1,0.253,2400,0,0.91,"Missing",0.998455742140583,6.47166638247492
2021,0,0.143,2500,1,0.77,"Missing",0.320573611928546,-0.751136966837591
2021,0,0.242,4000,1,1,"Missing",0.0227873223043472,-3.75849997076048
2021,0,0.165,2000,1,0,"Missing",0.306064845084775,-0.818581527875801
2021,0,0.176,15000,0,0,"Missing",0.0013355703579088,-6.61706038095303
2021,0,0.121,2593,0,1.01,"Missing",0.298082217097902,-0.856446934039135
2021,0,0.176,10999,0,0.97,"B",2.5425290865473e-08,-17.4875214295153
2021,0,0.209,13000,0,0.82,"Missing",2.92475940673397e-06,-12.7422954100079
2021,1,0.308,5000,0,1.19,"Missing",0.998920563098992,6.83023574185932
2021,0,0.143,15000,0,0.09,"Missing",5.04954876084026e-05,-9.8935760832018
2021,1,0.308,6215,1,0.91,"Missing",0.810107323509206,1.45070768505701
2021,0,0.319,3000,1,0.8,"Missing",0.00328210840430972,-5.7159817505691
2021,1,0.187,3500,0,0.76,"Missing",0.708386704633707,0.887561543940368
2021,1,0.264,1000,0,0,"Missing",0.999956238237637,10.0367063645682
2021,0,0.275,7000,0,1.02,"Missing",0.00939794096579928,-4.65782227963449
2021,0,0.165,9500,0,0.36,"Missing",0.558665885506596,0.23574937628762
2021,0,0.22,21000,0,0.34,"Missing",0.00248075135222124,-5.99670996657012
2021,0,0.165,6010,0,0.63,"Missing",0.000754622392900187,-7.18853816841826
2021,0,0.242,5000,0,0.86,"Missing",2.28312444552579e-05,-10.6873577577553
2021,0,0.11,9000,0,0.22,"Missing",1.64322926084228e-06,-13.3188455474689
2021,1,0.319,4000,0,1,"Missing",0.999201071911206,7.13144037035598
2021,0,0.154,1000,0,0,"Missing",0.000139524541352299,-8.87713051422741
2021,0,0.319,3001,0,0,"Missing",0.145934657363382,-1.76684873526626
2021,0,0.165,15000,0,0.01,"Missing",0.317553694331117,-0.765036930913841
2021,0,0.209,4000,0,0.85,"C",0.00125388093777537,-6.68025711952749
2021,0,0.198,5000,0,0.12,"C",0.0049616478500042,-5.30104336790531
2021,0,0.308,12000,0,0.83,"Missing",0.000202322367160869,-8.50544591275054
2021,0,0.242,25000,0,0.73,"C",0.0343701854638692,-3.33559105905644
2021,1,0.319,2400,0,1.05,"Missing",0.881127031724679,2.00314637647178
2021,0,0.209,1500,0,0.86,"D",0.010830436520775,-4.51450539952178
2021,0,0.308,3500,0,0,"Missing",0.0327776355539069,-3.38468198194886
2021,0,0.132,15000,0,0.09,"AA",0.00550189959692894,-5.19714477432185
2021,0,0.231,25000,0,0.99,"C",4.02226506586848e-06,-12.4236613425171
2021,0,0.165,2650,1,0.42,"D",0.00119489283310982,-6.72850316973937
2021,0,0.22,5000,0,0.87,"Missing",0.48897139959747,-0.0441215578803726
2021,0,0.319,6000,0,1.12,"Missing",0.00385798087432397,-5.553745879839
2021,1,0.286,2600,0,0.36,"Missing",0.990469033891422,4.64363251450724
2021,0,0.165,10000,0,0.68,"Missing",0.000242587424887753,-8.32390578070163
2021,1,0.319,5224,0,0.67,"Missing",0.999138008269163,7.05540251688433
2021,0,0.099,2000,0,0.02,"AA",8.2024767657235e-06,-11.7110662021895
2021,0,0.088,2499,0,0.01,"AA",2.07512533739506e-06,-13.0854869274145
2021,0,0.187,5000,0,0.34,"Missing",0.126316169063695,-1.93393051845493
2021,0,0.319,4200,0,1,"Missing",0.0900626618748658,-2.31287006681726
2021,0,0.308,12839,0,0.45,"C",0.000317814451388406,-8.05372496671329
2021,1,0.297,1000,1,0,"Missing",0.981939815896794,3.99582027728934
2021,0,0.264,2350,0,1.37,"Missing",0.184619032402314,-1.4853610314025
2021,0,0.22,5000,0,0.7,"Missing",0.019871721941753,-3.89838574588724
2021,1,0.319,2550,0,0,"Missing",0.991809079300927,4.79650431936402
2021,0,0.253,15000,0,0.77,"C",0.000959095495619438,-6.94856035398542
2021,0,0.319,25000,0,0.58,"Missing",4.57088745583543e-08,-16.9009733205412
2021,0,0.275,15000,0,0.45,"C",0.00651742843728115,-5.02673663269675
2021,1,0.198,9999,0,0.97,"Missing",0.662378013044018,0.673909521811425
2021,1,0.22,1000,0,0,"Missing",0.999282994610135,7.23970993758598
2021,0,0.099,2550,0,0.58,"Missing",0.000214640624657762,-8.44633077792996
2021,0,0.165,7000,0,0.33,"A",0.0230344425739884,-3.7474607990129
2021,0,0.22,9000,0,0.65,"Missing",7.97747821467955e-05,-9.43622333868493
2021,0,0.187,1000,1,0.59,"Missing",0.684550402043279,0.77476335908105
2021,1,0.319,5000,0,1,"Missing",0.7981667975771,1.37487596941023
2021,1,0.319,25000,0,1.31,"Missing",0.994138920565865,5.13354316560889
2021,0,0.165,18000,0,0.12,"Missing",0.143918035636235,-1.78312218376783
2021,0,0.275,10000,1,0,"Missing",0.0961609770274064,-2.24062764143248
2021,0,0.22,9000,0,0.94,"Missing",0.0147731326927953,-4.20006176437647
2021,0,0.198,15000,0,0.61,"Missing",0.0281254091906557,-3.54255336491549
2021,1,0.319,2500,0,0.89,"Missing",0.998776675130613,6.70495875062288
2021,1,0.319,3001,1,0,"Missing",0.135473124593059,-1.85340911428394
2021,0,0.165,12000,0,0.52,"Missing",0.00234054676951559,-6.05502742459055
2021,1,0.165,1000,1,0.73,"Missing",0.641861049333891,0.583450804755512
2021,1,0.22,3000,1,1.03,"Missing",0.962353332411349,3.2411372325733
2021,0,0.198,2750,1,0,"Missing",0.76536092131819,1.18229901699675
2021,0,0.154,2500,1,0.71,"Missing",6.02979215591942e-05,-9.71615262342403
2021,0,0.176,4200,1,0.83,"Missing",1.65104334269877e-08,-17.9192733104568
2021,0,0.209,6000,1,0.61,"Missing",0.000122745639485805,-9.0052735622845
2021,1,0.121,25000,1,0.09,"Missing",0.99908056207369,6.99082816342107
2021,0,0.231,5500,1,0,"Missing",0.00416611940212701,-5.47659545360154
2021,1,0.319,5000,0,0,"Missing",0.999900168621037,9.21192816923385
2021,0,0.11,9990,0,0.05,"Missing",0.0115775263578312,-4.44704437523902
2021,0,0.154,6001,0,0.56,"Missing",2.71386638029684e-06,-12.8171335173877
2021,0,0.253,18000,0,0.58,"C",0.00450490194997743,-5.39807407327111
2021,1,0.275,5000,0,0.9,"Missing",0.883309072198115,2.02414636771509
2021,1,0.319,10000,0,0.51,"Missing",0.595674043819575,0.387472236230696
2021,0,0.209,6000,0,0.49,"Missing",0.00612777228007577,-5.08877738366705
2021,0,0.176,23000,1,0.13,"Missing",0.114843517519391,-2.04219396121582
2021,0,0.121,1000,1,0.97,"Missing",0.00349862913143673,-5.65187930029772
2021,0,0.154,24000,0,0.54,"Missing",0.014110430307512,-4.24663008801272
2021,1,0.253,8000,1,0.74,"Missing",0.569425966662403,0.279509497686649
2021,0,0.11,5000,0,0.11,"Missing",7.87478002395092e-08,-16.3570154143496
2021,1,0.165,1000,1,1.75,"Missing",0.982114552115685,4.00572053854729
2021,1,0.275,4000,1,0.99,"Missing",0.109034892119751,-2.10063732388092
2021,0,0.165,2000,1,0.49,"Missing",1.28279785595369e-05,-11.263869119454
2021,0,0.275,5000,0,0.2,"Missing",0.00325248870522865,-5.72507703068296
2021,0,0.22,8500,0,0.89,"D",0.482388131930315,-0.0704766289852472
2021,0,0.22,9000,0,0.72,"Missing",0.00881365422973414,-4.72260041878087
2021,1,0.253,5000,0,0.78,"Missing",0.211383658553682,-1.31660517394893
2021,0,0.198,6000,0,0.58,"Missing",0.0742944172128897,-2.52252042848962
2021,0,0.143,8500,0,0.21,"Missing",3.13885862635492e-06,-12.6716481800522
2021,0,0.165,3010,0,0.34,"Missing",8.87186710551266e-05,-9.32995147151766
2021,0,0.319,5000,1,0.75,"Missing",0.055016245458752,-2.84353922278827
2021,1,0.319,2000,0,1.23,"Missing",0.625949893463077,0.514880562366904
2021,0,0.253,3150,0,0.88,"Missing",0.00742069785861069,-4.89603380698883
2021,0,0.165,5000,0,0.27,"Missing",0.00256226754276198,-5.96429709788386
2021,0,0.132,3001,0,0.05,"Missing",0.0164108503454355,-4.09326555652903
2021,1,0.154,12000,1,0.37,"Missing",0.975312208815521,3.67644879650389
2021,0,0.187,1200,0,0.94,"Missing",0.000119774520997893,-9.02977979269124
2021,0,0.22,3000,0,0.27,"D",0.020056874427676,-3.88892257563892
2021,1,0.297,7000,0,0,"D",0.602762015260323,0.416986892065278
2021,0,0.22,3200,1,0,"Missing",0.00151539977701274,-6.49055944645789
2021,1,0.319,16900,0,0.04,"Missing",0.95915985706722,3.15639225929365
2021,0,0.187,1000,1,0.71,"Missing",0.00562392195634379,-5.17508620571611
2021,1,0.275,4500,1,0.93,"Missing",0.987755263263569,4.3903387673214
2021,0,0.253,2600,0,0.5,"Missing",0.00248721071998596,-5.99410308020015
2021,0,0.165,1000,0,0.27,"Missing",1.09315965603067e-06,-13.7264371948857
2021,0,0.319,2500,1,0.89,"Missing",0.0120011465694211,-4.41067934457643
2021,1,0.319,3500,0,1.24,"Missing",0.768847338300666,1.20181406463434
2021,1,0.198,2750,1,0,"D",0.170935486010926,-1.57901176303912
2021,0,0.121,1850,0,0.86,"Missing",0.0034803524708229,-5.65713528261888
2021,0,0.22,15000,0,0.93,"Missing",0.00258435372480778,-5.95569211309333
2021,1,0.253,4000,1,1.35,"Missing",0.0896278088961769,-2.31818787813389
2021,0,0.154,1500,1,0.25,"AA",4.46520809084303e-05,-10.0165649937578
2021,0,0.187,7000,0,0.51,"B",8.63414068369885e-07,-13.9623705963924
2021,0,0.176,8000,0,0.9,"Missing",0.00196889439927483,-6.2283122771968
2021,0,0.231,20000,0,0.01,"B",1.96338130755408e-05,-10.8382376871806
2021,0,0.253,7500,0,0.89,"Missing",0.0108350796128225,-4.51407208970262
2021,0,0.165,10000,0,0.08,"Missing",1.49703785090623e-06,-13.412020671301
2021,0,0.22,7500,1,0.62,"Missing",0.00950501373023257,-4.64638538384158
2021,0,0.11,5000,0,0.71,"Missing",0.000376976860683902,-7.8829497019619
2021,0,0.132,12000,0,0,"Missing",7.25131283105426e-05,-9.53167041659375
2021,0,0.187,5000,0,0.03,"Missing",6.96330518168612e-07,-14.177440710576
2021,0,0.187,9000,0,0.9,"C",0.00134481997556357,-6.61014939699381
2021,1,0.297,5000,0,0.96,"Missing",0.11800279639651,-2.01148056302381
2021,0,0.154,20200,0,0.86,"Missing",0.249595524971975,-1.10077065366135
2021,0,0.165,5000,0,5.95,"Missing",7.52905541666601e-08,-16.4019110773924
2021,0,0.253,8800,1,0.61,"Missing",0.00454305398705078,-5.38960240368827
2021,0,0.22,18000,1,0.75,"Missing",4.24817361179051e-06,-12.3690171576116
2021,0,0.231,9000,0,0,"Missing",0.00315909005533142,-5.75430715951018
2021,0,0.165,19300,0,0.39,"Missing",0.00133136674524241,-6.6202169825935
2021,0,0.165,7500,0,0.65,"Missing",0.0117381455220505,-4.43310385795308
2021,0,0.176,5000,0,0.89,"Missing",0.0112101718019203,-4.47966023689393
2021,0,0.165,12000,1,0.53,"Missing",0.0032919191538551,-5.71298720539573
2021,0,0.132,1800,0,0.39,"Missing",0.0197617155587676,-3.90404918117131
2021,1,0.22,2000,0,1.03,"Missing",0.972971025716937,3.58344489122965
2021,0,0.165,8000,0,0.64,"Missing",0.108550294523648,-2.1056354105196
2021,1,0.319,15000,0,0.98,"Missing",0.999119509175035,7.03415017165337
2021,0,0.132,5000,0,0,"Missing",0.0162141388806662,-4.10552462054853
2021,0,0.176,5000,1,0.69,"C",0.0084010366879451,-4.7709636412248
2021,0,0.264,10000,1,0.73,"Missing",0.906912415858413,2.27650506586385
2021,0,0.22,10000,0,0.45,"Missing",0.151738773474499,-1.72102819169796
2021,0,0.198,15000,0,0.16,"Missing",0.000584435920691701,-7.44427880727297
2021,0,0.165,15000,1,0.45,"Missing",0.0195168532240839,-3.91676709688385
2021,0,0.22,20000,1,0.05,"Missing",0.00190355654540526,-6.26212590595329
2021,1,0.275,10000,1,0.71,"Missing",0.0885229839419777,-2.33180415443044
2021,1,0.319,2000,1,0.98,"Missing",0.972248893697617,3.55633612900636
2021,0,0.231,5000,0,0.26,"Missing",0.00246516510840633,-6.00302828400192
2021,1,0.319,2100,0,1,"Missing",0.665919433235173,0.689786510357322
2021,0,0.132,13000,0,0.36,"Missing",0.00976794166135505,-4.61883355365714
2021,0,0.132,12000,0,0,"Missing",0.000131716108968729,-8.93472991627873
2021,0,0.242,7000,0,0.07,"Missing",3.68372586262953e-06,-12.5115821715744
2021,0,0.22,9000,1,1.01,"D",5.82805124468694e-05,-9.75018450162246
2021,1,0.165,8400,0,0.48,"B",0.804848728698005,1.41687933700786
2021,0,0.198,5000,0,0.66,"Missing",0.0453760619401826,-3.04633278484033
2021,1,0.264,2000,0,1.02,"Missing",0.999999628404544,14.8054596869842
2021,0,0.132,6000,0,0.03,"AA",0.691831141172929,0.808694034506599
2021,0,0.308,3200,0,0.93,"Missing",0.421312791112153,-0.317386575573926
2021,0,0.319,7000,0,0.12,"D",0.0166730019499768,-4.07715095645153
2021,1,0.22,2500,0,0,"Missing",0.964832569060151,3.31183418582235
2021,0,0.22,24000,0,0.76,"C",0.0010501207403023,-6.85779945815614
2021,0,0.22,4000,1,0.98,"B",0.00693911725387509,-4.96361740451477
2021,0,0.253,6001,0,0.24,"Missing",0.00111102253359156,-6.80136284609305
2021,0,0.22,3800,0,1,"Missing",1.84604969780166e-05,-10.8998589466985
2021,0,0.22,1500,0,0.6,"Missing",0.440980697127562,-0.237182899833539
2021,0,0.165,4000,0,0.28,"Missing",2.53479723004702e-05,-10.5827864709799
2021,1,0.319,2000,1,0,"Missing",0.5261195300641,0.104573313626622
2021,0,0.319,2500,1,0,"Missing",1.17505202061269e-05,-11.351601294903
2021,1,0.308,1900,0,1.2,"Missing",0.801312522365592,1.39451791011978
2021,1,0.319,4000,0,1,"Missing",0.999262109097156,7.21097640913723
2021,0,0.253,25000,0,0.04,"Missing",1.32303231014272e-05,-11.2329859278484
2021,0,0.176,6001,1,0.77,"Missing",0.0151229425823514,-4.17630385152648
2021,1,0.308,3500,0,1.01,"Missing",0.932977268753644,2.63334900275765
2021,0,0.209,15000,0,0.3,"Missing",6.52197621632539e-06,-11.9403266052906
2021,0,0.187,2000,0,0.53,"Missing",0.00913002324714023,-4.68701508079784
2021,0,0.319,6000,0,0.84,"Missing",0.547768101102221,0.191656925288308
2021,0,0.165,7500,1,0,"A",0.127854889823751,-1.92005987324276
2021,0,0.264,3500,0,0,"Missing",0.419828930700961,-0.323475686669255
2021,0,0.165,18000,0,0.61,"Missing",0.000149441686867388,-8.80845484276889
2021,0,0.264,7500,1,0.94,"Missing",0.000256764646337474,-8.26709386803525
2021,0,0.319,3001,0,0.85,"Missing",0.0701777785053461,-2.58396169277802
2021,1,0.253,7500,0,0.89,"Missing",0.684608835584466,0.775033971977466
2021,0,0.132,1800,0,0.39,"Missing",1.64881888260219e-05,-11.0128497737866
2021,0,0.209,3001,0,0.48,"Missing",0.0167998535877077,-4.06944253581202
2021,0,0.275,2550,1,0.67,"Missing",0.177325562132232,-1.53457316551651
2021,0,0.165,3600,0,0.28,"Missing",0.016853031823771,-4.06622804800825
2021,1,0.319,3000,1,0,"Missing",0.638252145934254,0.567785984929698
2021,0,0.319,2500,1,1.04,"Missing",0.661521808495654,0.670083287852608
2021,1,0.319,3000,0,0.91,"Missing",0.829905004335828,1.58495416262769
2021,0,0.253,10000,0,0.67,"Missing",0.049069602098791,-2.96420113032002
2021,0,0.253,8000,1,0.74,"D",1.44003901539861e-05,-11.1482408572287
2021,1,0.231,13500,0,0.82,"Missing",0.820681921139468,1.52097440004734
2021,1,0.242,7300,0,0.74,"Missing",0.962311267924591,3.23997679582372
2021,1,0.319,3000,0,0.82,"Missing",0.925483256714596,2.51929219855903
2021,1,0.242,20000,1,0.89,"Missing",0.509737718392172,0.0389557992829053
2021,0,0.099,1000,0,0.18,"Missing",0.000687775026774958,-7.28136075781988
2021,0,0.198,13000,0,0.52,"Missing",3.01648012774464e-05,-10.4088046686889
2021,1,0.319,3000,0,0.85,"Missing",0.419793779589902,-0.323620003057341
2021,0,0.154,4575,0,0.6,"C",0.00340241726291925,-5.67986092164257
2021,1,0.319,2550,0,0,"Missing",0.972669569936631,3.57204368950532
2021,0,0.242,18200,1,0.8,"Missing",0.000145087493686814,-8.83802849476259
2021,0,0.176,8000,0,0.66,"Missing",0.00023744996592257,-8.34531614832165
2021,0,0.121,3500,0,0.1,"Missing",1.18101715288425e-07,-15.9517194717128
2021,0,0.319,1500,0,0,"Missing",0.0225312581587983,-3.77006271709668
2021,0,0.132,4700,0,0.09,"B",2.60349742162683e-05,-10.5560437263856
2021,0,0.22,5000,0,0.64,"Missing",0.0013734940913166,-6.58902291615658
2021,0,0.077,1325,0,0.02,"AA",0.000291816475960038,-8.1390936012128
2021,0,0.22,8000,0,0.92,"Missing",0.00336553400878665,-5.69079742328553
2021,1,0.319,4000,0,0,"Missing",0.975299918516456,3.6759384898734
2021,0,0.165,2000,1,0.49,"Missing",0.000320810292359078,-8.04433973731
2021,0,0.176,9000,0,0.97,"Missing",4.05245224892596e-06,-12.4161843140607
2021,0,0.231,5000,0,0.73,"Missing",0.63415195381029,0.550070527651869
2021,0,0.275,7500,1,0.76,"Missing",0.00340772944563528,-5.67829551220396
2021,0,0.319,10000,0,0.04,"Missing",0.0659849109079983,-2.6500665001609
2021,0,0.319,25000,0,0.38,"B",0.000155376256484416,-8.7695055330512
2021,1,0.319,6000,0,0,"Missing",0.999760329431259,8.3360055084944
2021,1,0.319,2100,0,0,"Missing",0.853308823185309,1.76079198663555
2021,1,0.077,5000,0,0.05,"Missing",0.61011655462643,0.447802175633038
2021,1,0.297,6000,0,0.85,"Missing",0.999592289727104,7.80454595785227
2021,1,0.187,3500,0,0.98,"Missing",0.995619299155129,5.42615623291964
2021,0,0.165,2650,1,0.42,"Missing",0.000128481109627738,-8.95960018185955
2021,0,0.187,6500,0,0.81,"Missing",0.190753595601666,-1.44512092986902
2021,0,0.22,12000,0,0.26,"Missing",0.0671595007083505,-2.63116383374037
2021,0,0.319,25000,0,0.82,"Missing",0.00117057995385268,-6.74908470031344
2021,0,0.319,2200,0,1.06,"Missing",0.159292549741562,-1.6635012929784
2021,0,0.154,9999,0,0.54,"A",1.90725497154868e-05,-10.8672413715957
2021,1,0.22,10000,0,0.85,"Missing",0.259457072399831,-1.0487923384847
2021,0,0.319,3000,0,0.29,"Missing",0.0095229618507756,-4.64448076459454
2021,0,0.209,3000,0,0.97,"Missing",0.000561644479968743,-7.48407970390415
2021,0,0.22,7500,0,0,"Missing",0.0660741042687176,-2.64862019020517
2021,0,0.154,8000,0,0.44,"Missing",0.000609388430682411,-7.40244510217755
2021,1,0.319,20000,0,0.03,"D",0.991128913128186,4.71604728747542
2021,0,0.187,3000,0,0.53,"C",0.00194008905604619,-6.24307942831557
2021,0,0.22,5000,0,0.08,"Missing",0.0849786946249045,-2.37654677596711
2021,0,0.22,7500,0,0,"Missing",0.00115202519057183,-6.76508116085002
2021,1,0.187,10700,0,0.12,"Missing",0.791806260242755,1.33584765366444
2021,0,0.319,2000,0,0,"Missing",0.16670030006387,-1.6091957715187
2021,0,0.198,15000,0,0.29,"Missing",0.000116139585371588,-9.0606016217708
2021,0,0.198,10000,0,0.66,"Missing",0.111876233338894,-2.07171790935821
2021,0,0.22,6500,0,0.9,"Missing",0.0914089000965627,-2.29655230892623
2021,0,0.275,6000,0,0.11,"Missing",1.35061252639487e-05,-11.2123537459492
2021,0,0.198,7500,1,0.96,"Missing",0.00437391987826927,-5.42771216117031
2021,1,0.319,6000,1,0.77,"Missing",0.999853195751998,8.82626368983153
2021,0,0.11,2100,0,0,"Missing",5.41054006559444e-07,-14.4297461947464
2021,0,0.209,7500,0,0.8,"Missing",0.00782066533323102,-4.84313423994618
2021,0,0.198,14500,1,0.66,"Missing",2.01421978507792e-05,-10.8126734055888
2021,0,0.165,11000,0,0.54,"Missing",0.145515634828192,-1.77021466863702
2021,1,0.264,6000,0,0.52,"Missing",0.358698260364625,-0.5810185441286
2021,0,0.319,3001,0,0.83,"Missing",0.477804920137245,-0.0888387019588892
2021,0,0.165,15000,1,0.45,"Missing",0.0442690126050524,-3.07219153694829
2021,0,0.319,5000,1,0.65,"D",0.00474251336838983,-5.34643424254323
2021,0,0.132,10000,0,0.5,"Missing",3.05177754851412e-05,-10.3971707230818
2021,0,0.099,3000,0,0.71,"AA",0.00032225220818767,-8.03985375962037
2021,0,0.198,19200,0,0,"Missing",7.59672187907993e-06,-11.7877861386715
2021,0,0.209,2750,0,0,"Missing",0.0561392289363143,-2.82214383080637
2021,0,0.198,4500,0,0.49,"Missing",0.00383327860196686,-5.56019416568679
2021,1,0.319,2700,0,0,"Missing",0.999762240927669,8.34401491080464
2021,0,0.099,2500,0,0.09,"Missing",9.30473144600351e-05,-9.28230938490589
2021,1,0.319,3100,0,1,"Missing",0.611390435803201,0.453160617652919
2021,0,0.132,7000,0,0.2,"Missing",0.0887861037703028,-2.32854751380899
2021,1,0.319,3000,0,0,"Missing",0.992577492839328,4.89578819556052
2021,1,0.319,4000,0,1.12,"Missing",0.773992011501894,1.23099120649514
2021,0,0.198,5000,0,0.66,"Missing",9.02413829159766e-05,-9.31293220001027
2021,1,0.297,1000,1,0,"Missing",0.816171294755918,1.49061987873229
2021,0,0.275,4000,0,0.45,"Missing",0.00816305053954343,-4.7999407885668
2021,0,0.121,1500,0,0,"Missing",0.00381400285537453,-5.56525472843711
2021,0,0.187,3800,0,1.1,"Missing",0.00189543993921516,-6.2664070709364
2021,0,0.165,6010,0,0.63,"Missing",0.00552079325900644,-5.19369763351506
2021,1,0.209,3001,0,0.48,"Missing",0.980325275587576,3.90854964324534
2021,0,0.231,5000,0,0.26,"Missing",0.0212338615784329,-3.83069558427211
2021,0,0.132,12000,1,0,"Missing",0.0293163010670432,-3.49985695574361
2021,0,0.22,24000,0,0.76,"Missing",0.0488031669378456,-2.96992580893706
2021,0,0.154,6001,0,0.54,"Missing",0.000207889344356925,-8.47829670715192
2021,0,0.319,11700,0,0.56,"Missing",0.686173944705139,0.78229229090977
2021,0,0.121,23500,0,0.02,"AA",0.00063512411617459,-7.36105479373552
2021,1,0.319,3500,0,0.9,"Missing",0.995519829447736,5.40360392698544
2021,0,0.11,4000,0,0.16,"A",2.04265053559181e-07,-15.4038472000209
2021,0,0.319,1500,1,1.29,"Missing",0.00196821454078363,-6.22865831764759
2021,1,0.165,7500,0,0.72,"Missing",0.467470301986504,-0.130302845397427
2021,0,0.11,4000,0,0.88,"Missing",0.00217857117289714,-6.12690509463139
2021,1,0.22,2000,0,1.44,"Missing",0.957965801494539,3.12632854242846
2021,0,0.165,1000,1,0.73,"Missing",0.522277922424987,0.0891707289073969
2021,0,0.165,2300,0,0.46,"Missing",5.40358521225155e-06,-12.1284424929023
2021,0,0.143,4950,0,0,"B",2.55202981298122e-06,-12.8786189583142
2021,0,0.253,8000,1,0,"Missing",0.00073063971798934,-7.22085917479323
2021,1,0.231,7000,0,0.78,"Missing",0.0243323318068601,-3.69131603151695
2021,0,0.187,1600,0,0.98,"Missing",0.000602636949172967,-7.41359279828884
2021,1,0.319,12000,1,0.97,"Missing",0.637102885397659,0.562811794824667
2021,0,0.319,2700,0,0.47,"Missing",0.210077584590761,-1.32445781937592
2021,0,0.319,2700,0,0,"Missing",0.672938336624981,0.72150497468649
2021,0,0.187,25000,0,0.34,"Missing",2.01992880783944e-05,-10.8098429983299
2021,0,0.319,3000,0,0.91,"Missing",0.000188099331438592,-8.57835225892639
2021,0,0.319,22000,0,0,"D",0.467641915847667,-0.129613487456488
2021,0,0.154,8000,0,0.21,"Missing",7.47037796356162e-06,-11.804557492162
2021,1,0.319,3001,1,0,"Missing",0.999999934359064,16.5390662476837
2021,0,0.253,7500,0,0.89,"Missing",0.611693214412614,0.454435161487628
2021,1,0.198,20000,0,0.53,"Missing",0.329605216775965,-0.709971142043492
2021,0,0.187,5600,0,1.09,"Missing",3.9468700498209e-06,-12.4425837387327
2021,0,0.264,3500,0,1,"Missing",0.979736608951687,3.87846790782911
2021,0,0.187,1000,0,0.67,"D",1.39378998360334e-05,-11.1808848833713
2021,1,0.297,2800,0,0,"Missing",0.986888595815737,4.32107476163247
2021,0,0.198,25000,0,0,"Missing",2.27651833549033e-05,-10.6902554695218
2021,0,0.187,20000,0,0.56,"Missing",0.147041550141337,-1.75799563484351
2021,0,0.132,6000,0,0.33,"Missing",0.355919178409604,-0.593120539455736
2021,1,0.22,2500,0,0.78,"Missing",0.902610753482511,2.22657560202913
2021,0,0.22,10000,0,0.64,"D",0.0322381655231828,-3.40183500286663
2021,0,0.187,10000,1,0.6,"Missing",8.36286805757889e-06,-11.691700757711
2021,1,0.319,7500,1,0.09,"Missing",0.904568085616313,2.24904452148107
2021,0,0.165,6088,0,0.69,"Missing",0.000193785209980249,-8.54856637332244
2021,0,0.176,9000,0,0.97,"Missing",5.15471395866821e-05,-9.87296228870684
2021,0,0.319,15000,0,0,"Missing",0.133596798450751,-1.86952409378881
2021,0,0.121,6475,0,0.1,"AA",0.0275747789327185,-3.56289163087047
2021,1,0.319,4500,0,0.98,"Missing",0.894931302462519,2.14213255982077
2021,0,0.198,7000,0,0.33,"Missing",0.000373700280171469,-7.89168270162664
2021,1,0.275,1500,0,0,"Missing",0.99501135351051,5.29558951927799
2021,1,0.319,25000,0,0.38,"Missing",0.879042651605812,1.98339542853488
2021,1,0.319,3000,0,0.63,"Missing",0.900134944478824,2.1987248605152
2021,0,0.264,3000,0,1,"Missing",0.198794092784959,-1.39384839730423
2021,0,0.319,3100,0,1,"Missing",0.328941382377727,-0.712976925931914
2021,1,0.319,2550,1,0.91,"Missing",0.16039394033377,-1.6552998889946
2021,0,0.264,3000,0,1.62,"Missing",0.306819628112126,-0.815030197874147
2021,0,0.319,3000,0,0,"Missing",0.0137516279830977,-4.27275100560403
2021,1,0.22,17850,0,0.43,"Missing",0.477096350613489,-0.0916787569077293
2021,1,0.242,5400,0,0.63,"Missing",0.349793758847027,-0.619945886279827
2021,1,0.264,6000,0,0,"Missing",0.602845091274706,0.417333864118252
2021,0,0.165,3500,0,0.3,"Missing",6.99734481602853e-06,-11.8699727954926
2021,0,0.319,10000,0,1.13,"Missing",0.00693730239324791,-4.96388080682507
2021,0,0.187,7100,0,0.95,"D",0.0033080213380601,-5.70809154646288
2021,1,0.198,3000,1,0.95,"Missing",0.213720461038298,-1.30264347244125
2021,1,0.319,3300,0,0.91,"Missing",0.997253674393155,5.89474130002637
2021,0,0.198,20000,0,0.53,"Missing",4.90602582733874e-09,-19.1328016217787
2021,0,0.275,3000,0,0,"Missing",0.00414340457310929,-5.48208545618494
2021,0,0.297,2400,0,0,"Missing",0.363027022718293,-0.56224995857833
2021,0,0.319,25000,1,0.97,"Missing",0.028188804839802,-3.54023663430465
2021,0,0.308,25000,0,0.73,"Missing",0.000101126243302375,-9.19903975659602
2021,1,0.198,12000,1,0.68,"Missing",0.116241231478334,-2.02851652563044
2021,0,0.088,3000,0,0.03,"AA",0.00398980549632005,-5.52001501105358
2021,1,0.242,5600,0,0.94,"Missing",0.975606714732647,3.68875164852245
2021,1,0.319,7000,0,0.7,"Missing",0.999017194500638,6.92411603295703
2021,1,0.209,15000,0,0.37,"Missing",0.997762890299224,6.10033094266925
2021,0,0.077,6500,0,0.75,"Missing",0.0602690764916236,-2.74677443817529
2021,0,0.165,2000,1,0.49,"Missing",0.0243147807113137,-3.69205558801495
2021,1,0.264,25000,0,0,"Missing",0.615057300194244,0.468620942976028
2021,0,0.275,15000,0,0.11,"Missing",8.06450800461997e-05,-9.42537211068872
2021,1,0.242,6001,0,0.69,"Missing",0.751518347124228,1.10672661157413
2021,0,0.11,1500,1,0.79,"Missing",0.55038328119236,0.202219426569004
2021,0,0.319,16000,1,0,"Missing",0.0831479372289939,-2.4003247343364
2021,1,0.297,2000,0,0,"Missing",0.803048826904545,1.40545967199762
2021,0,0.176,10999,0,0.97,"Missing",0.000652145891620122,-7.33458990228338
2021,0,0.165,25000,0,0.31,"Missing",0.746372993946646,1.07936075949505
2021,0,0.132,25000,0,0.17,"Missing",4.97266775240817e-06,-12.2115491180774
2021,1,0.319,7000,1,0.64,"Missing",0.602156822215542,0.4144600114345
2021,1,0.319,6000,1,0,"Missing",0.349048183522622,-0.623225650499474
2021,1,0.308,3500,0,0,"Missing",0.77595770694152,1.24226317500416
2021,1,0.275,8000,1,0.85,"D",0.17852727689234,-1.52635733189484
2021,1,0.319,15000,0,0.98,"Missing",0.996672640399029,5.70224329456065
2021,1,0.319,4300,1,0.95,"Missing",0.835199160341164,1.62293249930962
2021,0,0.319,25000,1,0.42,"Missing",0.0513596645582721,-2.91617660538767
2021,0,0.099,1000,1,0.05,"Missing",9.07670394333755e-07,-13.9123836184105
2021,0,0.319,3000,1,1.01,"Missing",0.387654930600226,-0.457180372713293
2021,1,0.165,3500,0,0.32,"Missing",0.096127811415271,-2.24100929119637
2021,0,0.121,7000,0,0.83,"AA",0.00364854452570398,-5.60977173429641
2021,1,0.319,5500,0,0.77,"Missing",0.999828443345557,8.67042542793441
2021,0,0.319,4000,0,0.77,"Missing",0.660555700887476,0.665771585680346
2021,0,0.209,20000,1,0.82,"Missing",7.90394019597787e-05,-9.44548502832589
2021,1,0.319,3000,1,0.61,"Missing",0.999689122508557,8.07580071575735
2021,1,0.286,4500,0,0.96,"Missing",0.993657182092438,5.05406912531933
2021,1,0.319,5000,1,0.7,"Missing",0.999826486393973,8.65908101208466
2021,1,0.286,5500,0,0.99,"Missing",0.999898827443122,9.19858183730462
2021,0,0.242,6001,0,0.69,"Missing",0.170801592229818,-1.57995685686016
2021,1,0.275,4000,1,0.99,"Missing",0.956072511787457,3.08029348001407
2021,0,0.154,3000,0,0.95,"Missing",0.00600381963821897,-5.1093374909048
2021,1,0.198,3002,1,0.8,"Missing",0.069419647779675,-2.59563848950203
2021,1,0.308,2550,0,0.94,"Missing",0.996440508472426,5.63457173206182
2021,0,0.264,15000,0,0.85,"Missing",5.5236744664906e-05,-9.8038269236478
2021,0,0.11,3000,0,0.14,"Missing",5.74893318505522e-05,-9.7638536694238
2021,1,0.187,10700,0,0.12,"Missing",0.109555419001621,-2.09529033638453
2021,1,0.253,5000,0,0,"Missing",0.0310284585167465,-3.44133044247036
2021,0,0.231,7000,0,0.78,"Missing",0.000271265740541335,-8.21214032260804
2021,0,0.264,25000,0,0.97,"Missing",0.153886725479542,-1.70443646194469
2021,0,0.077,1000,0,0,"AA",0.000610718559462201,-7.40026342259941
2021,0,0.154,10000,0,0.44,"Missing",2.62568451585162e-06,-12.8501663022833
2021,0,0.121,11000,1,0.43,"Missing",1.5444010901473e-05,-11.0782738295613
2021,0,0.231,5000,0,0.73,"Missing",0.0418025800474575,-3.13209577059807
2021,1,0.319,2500,0,0.96,"Missing",0.950870591102216,2.96292016191464
2021,0,0.231,15000,0,0.82,"Missing",0.000931327169230779,-6.97796816429181
2021,0,0.121,6000,0,0.1,"Missing",1.41992412641416e-05,-11.1623078275452
2021,0,0.099,2500,0,0.28,"Missing",0.0252529580854721,-3.65323469238665
2021,0,0.22,19000,0,0.95,"Missing",0.000156019993221748,-8.76537036508327
2021,0,0.11,3000,0,0.05,"Missing",0.00845442225646878,-4.76457526694571
2021,1,0.286,17850,0,0.94,"Missing",0.590344484427857,0.365389637818584
2021,0,0.11,3000,0,0.07,"Missing",0.000770420409323384,-7.16780348864284
2021,1,0.253,6300,0,0.76,"D",0.881039744938096,2.00231329210806
2021,0,0.143,9000,0,0.26,"Missing",0.00318934039876707,-5.74474671792728
2021,0,0.165,8500,0,0.55,"Missing",0.000184266172803427,-8.59894497118568
2021,0,0.22,5000,0,0.65,"Missing",0.000272476542653525,-8.20768551590052
2021,1,0.297,2550,0,0.98,"Missing",0.978221857134044,3.80482964608723
2021,0,0.231,3000,1,0.97,"D",0.189847462110868,-1.45100162959479
2021,0,0.165,3010,0,0.34,"Missing",2.59228945767903e-05,-10.5603580959974
2021,1,0.319,3500,0,1.24,"Missing",0.936688640692529,2.69428616821326
2021,0,0.176,25000,0,0.76,"Missing",0.34606266235661,-0.636391669128726
2021,1,0.319,13200,0,0.98,"Missing",0.999000521476599,6.90727691326273
2021,1,0.286,1000,1,0,"Missing",0.994977607495622,5.28881381720971
2021,1,0.319,20000,0,1.05,"C",0.808153940496086,1.43805928377188
2021,0,0.319,5001,1,0.3,"Missing",0.000425554653338427,-7.7616915279931
2021,1,0.319,25000,0,0.52,"Missing",0.26926354279257,-0.998362258109625
2021,0,0.154,2400,1,0.22,"Missing",0.000606024301997515,-7.40798426238396
2021,0,0.319,1000,0,0,"Missing",0.00115220302406199,-6.764926628751
2021,1,0.242,15000,0,0.94,"Missing",0.984557745712546,4.1550850142093
2021,0,0.275,4500,0,0.87,"Missing",2.14877580765507e-06,-13.050610121
2021,0,0.165,3000,0,0,"C",6.85891607359014e-05,-9.58730745096902
2021,0,0.319,8500,1,0,"B",0.0412768773583752,-3.14529984561407
2021,0,0.099,1000,0,0,"A",0.000507327518282482,-7.58584631401649
2021,0,0.132,10000,0,0.85,"Missing",8.95347699251298e-06,-11.6234596568199
2021,0,0.165,9000,0,0.49,"Missing",0.000258930208090059,-8.25869303567489
2021,0,0.264,4500,0,0.72,"Missing",0.00660028375765081,-5.01402047533868
2021,0,0.176,3000,0,0.81,"Missing",0.000672050058906559,-7.3045054518093
2021,0,0.319,12000,1,0.18,"C",0.835466376401101,1.62487515544421
2021,1,0.319,5000,0,1,"Missing",0.973031661378414,3.58575308733901
2021,0,0.253,5000,0,0,"Missing",1.71605011745475e-05,-10.9728830977066
2021,0,0.165,2000,0,0.98,"Missing",0.055801963010642,-2.8285268809194
2021,0,0.319,2500,1,0.82,"Missing",0.27971825866274,-0.945859565352824
2021,0,0.319,2000,0,1.23,"Missing",0.460995764022673,-0.156334575550756
2021,0,0.264,7100,0,0.9,"Missing",0.00836625157608665,-4.77514789007505
2021,0,0.187,9000,0,1,"Missing",0.690179024182373,0.800956385974491
2021,1,0.253,3550,0,0.66,"Missing",0.73518437886843,1.02108750884554
2021,0,0.209,4041,0,0.91,"Missing",0.00109124559994756,-6.81934364149801
2021,1,0.319,5000,0,0,"Missing",0.999447183861639,7.49993212308898
2021,1,0.198,9995,0,0.53,"Missing",0.688821295971132,0.794614511952587
2021,0,0.154,25000,0,0.23,"Missing",2.00654888431619e-05,-10.8164891258736
2021,0,0.319,6000,0,0,"Missing",0.00255524944670207,-5.96704690962031
2021,1,0.121,5000,1,0,"Missing",0.815278901471703,1.48468315307477
2021,0,0.22,3000,0,0.27,"Missing",0.0992803049573137,-2.20524689234328
2021,1,0.264,4500,0,0.6,"Missing",0.828455614705687,1.57472122285227
2021,0,0.187,1000,0,0.89,"Missing",0.00184699823346189,-6.29234482816404
2021,0,0.11,6000,0,0,"Missing",0.10875939986805,-2.10347632303464
2021,1,0.121,1200,0,1,"Missing",0.902042428572318,2.22012711697736
2021,0,0.297,12000,1,0,"Missing",8.8646879158535e-05,-9.33076107933265
2021,0,0.209,4400,0,0.98,"Missing",0.00993154518935027,-4.60205801286777
2021,1,0.286,10000,0,0.88,"Missing",0.0128936994843682,-4.33803895426681
2021,0,0.308,5000,0,0.95,"C",0.0577327837319219,-2.79246371566431
2021,0,0.165,5500,0,0.28,"Missing",2.93795865366252e-06,-12.7377926153022
2021,0,0.154,2000,0,0.98,"B",0.000115998995193186,-9.06181302329954
2021,1,0.319,1500,0,0.84,"Missing",0.986808133849782,4.31487518835251
2021,0,0.253,16000,1,0,"Missing",0.00019954872485751,-8.51925254794275
2021,0,0.077,3000,0,0.06,"Missing",0.0289338617779056,-3.51338198244097
2021,0,0.209,5000,0,0.28,"Missing",0.00322222342984789,-5.73445622558097
2021,1,0.165,3500,0,0.56,"Missing",0.967018126528665,3.37825911859041
2021,1,0.22,1000,1,0.76,"Missing",0.813581592674082,1.47345257081385
2021,1,0.319,3000,1,0.53,"Missing",0.990706995167645,4.66915687621294
2021,0,0.297,1700,1,0,"Missing",0.497166571400818,-0.0113338357199444
2021,0,0.165,4200,0,0.3,"Missing",0.000298109667512328,-8.11775097326123
2021,1,0.264,6001,0,0.74,"Missing",0.982802810283107,4.04566251819155
2021,1,0.319,4000,0,0,"Missing",0.965055107309648,3.31841287962
2021,0,0.132,7500,0,0.81,"Missing",1.31832736064493e-05,-11.2365484995527
2021,0,0.165,14000,1,0.25,"A",0.0313007941975369,-3.43231067562545
2021,0,0.165,1800,1,1.02,"D",2.68242906597864e-05,-10.5261758883979
2021,0,0.121,1550,0,0.95,"Missing",2.20636843941379e-06,-13.0241604277479
2021,1,0.132,10000,1,0.08,"AA",0.135886209467501,-1.84988662171787
2021,1,0.308,4750,1,0.14,"Missing",0.999618701556382,7.87154680173196
2021,1,0.319,4750,0,1,"Missing",0.994516129885705,5.20044524031676
2021,0,0.319,2800,0,0.97,"Missing",0.193358457433272,-1.4283336257488
2021,0,0.264,3500,0,1,"Missing",0.0958143752294248,-2.24462194814234
2021,1,0.319,3000,0,1.15,"Missing",0.999054615451339,6.96297295173747
2021,1,0.319,3000,1,0,"Missing",0.987032632069749,4.33226705824267
2021,0,0.209,9900,0,0.36,"Missing",0.00103111064766551,-6.87608711637472
2021,0,0.143,5000,0,0.69,"Missing",0.000178314602335719,-8.631782808382
2021,0,0.319,25000,0,0.82,"B",3.99542046082387e-05,-10.1277366895228
2021,0,0.143,2550,0,0.53,"Missing",0.000205844530294725,-8.48818351569759
2021,1,0.319,3005,1,0.76,"Missing",0.999435167594483,7.47841650623984
2021,0,0.187,3000,0,0,"Missing",5.92001661747031e-07,-14.3397558030594
2021,0,0.099,1000,0,0,"Missing",1.33395952706294e-07,-15.8299439100622
2021,0,0.253,15000,0,0.96,"C",0.0149482606555757,-4.18809921808626
2021,1,0.275,2550,0,0.86,"Missing",0.363872773106916,-0.558594303511766
2021,0,0.22,15000,0,0.61,"Missing",0.706655517051153,0.87919567298101
2021,0,0.165,5000,0,0.27,"Missing",3.13771047188418e-05,-10.369400702493
2021,0,0.121,3000,0,0,"Missing",0.0012115814159798,-6.71461650136689
2021,0,0.165,7000,0,0,"Missing",0.00645260094740291,-5.03679847283142
2021,0,0.132,15000,0,0.55,"A",0.00138453616654481,-6.58100459771286
2021,0,0.297,6500,0,0.67,"Missing",0.438012272437318,-0.249233083330984
2021,0,0.253,3550,0,0.66,"Missing",0.582466712405594,0.332907765844512
2021,1,0.132,8000,0,0.72,"Missing",0.95446910212367,3.04276410220121
2021,0,0.099,2500,0,0.09,"Missing",3.00482870442736e-06,-12.715286990287
2021,0,0.121,10000,0,0.37,"Missing",0.00821808601597414,-4.79316590115777
2021,1,0.297,2800,0,0,"Missing",0.894066617623584,2.13296986035862
2021,1,0.165,5000,0,0.83,"Missing",0.738504023414101,1.03820765256427
2021,0,0.286,12000,0,0.59,"Missing",0.324369215183715,-0.733764330496308
2021,0,0.121,6001,0,0.01,"Missing",3.77548297757215e-05,-10.1843593938318
2021,0,0.176,10000,0,0.11,"Missing",0.000501554876447107,-7.5972958512312
2021,1,0.319,4000,0,0.95,"Missing",0.936500741970637,2.69112209291086
2021,1,0.187,1700,0,0.8,"Missing",0.478740572146942,-0.0850890123002191
2021,0,0.165,8500,0,0.55,"Missing",0.126222484804793,-1.93477968171423
2021,0,0.198,9999,0,0.97,"Missing",0.502824935882057,0.011299863763762
2021,0,0.165,4000,0,0.95,"Missing",2.96672762934455e-05,-10.4254362601777
2021,0,0.319,4000,1,0.16,"Missing",0.31229199743811,-0.789425693599958
2021,0,0.319,3600,0,0.92,"Missing",0.0794122441515214,-2.45035976628674
2021,0,0.165,25000,0,0,"Missing",0.00159650601712786,-6.43833999507616
2021,0,0.275,12000,0,0.43,"Missing",0.00683461738579969,-4.97889670869051
2021,0,0.275,8000,1,0.48,"Missing",0.14600251819089,-1.76630437564055
2021,0,0.165,8000,0,0.64,"Missing",0.000609102676312067,-7.40291441799718
2021,0,0.121,3000,0,0.26,"A",0.0214290492808927,-3.8213458493173
2021,0,0.165,5000,0,0.7,"Missing",0.000463440179912451,-7.6763696953636
2021,0,0.297,10000,0,0.45,"Missing",0.161428822113777,-1.64763514925654
2021,1,0.253,1000,0,0.92,"Missing",0.444588480682003,-0.222560223440136
2021,1,0.319,25000,0,0.95,"Missing",0.981110398528479,3.9500734059945
2021,0,0.242,10000,0,0.8,"Missing",0.00318088195191886,-5.74741082556126
2021,0,0.319,3000,1,0,"Missing",0.370947094626535,-0.528155913101065
2021,1,0.231,7000,0,0.52,"Missing",0.98300712400468,4.05782217020052
2021,0,0.253,25000,0,0.04,"AA",1.10642594815467e-06,-13.7143744976653
2021,0,0.165,2700,0,0.51,"Missing",1.77290973090842e-08,-17.8480586136205
2021,0,0.165,5500,1,0,"Missing",0.0017608901154242,-6.34017340807423
2021,0,0.319,25000,0,0.98,"Missing",0.00765807262223083,-4.86430739655617
2021,1,0.319,7000,0,0.7,"Missing",0.95105870661276,2.96695430640999
2021,1,0.253,7000,0,0.98,"C",0.963087001878886,3.26158001072267
2021,0,0.165,10000,1,0,"Missing",0.35052735129529,-0.61672198540545
2021,1,0.297,6000,0,0.85,"Missing",0.806415411354891,1.42688444086961
2021,0,0.165,5000,0,0.67,"Missing",0.00156519019835255,-6.45818151349267
2021,0,0.143,2500,0,0.57,"Missing",0.265206531331866,-1.01908057876034
2021,0,0.253,15000,0,0.06,"Missing",2.86844166303735e-06,-12.7617387817625
2021,0,0.22,25000,1,0.19,"Missing",0.60720364046595,0.435572913112039
2021,0,0.11,3000,0,0.14,"Missing",5.6355217735068e-06,-12.0864151841006
2021,0,0.11,6000,0,0.02,"AA",0.000218747300529876,-8.42737460200834
2021,0,0.242,2500,1,0.74,"Missing",6.12871458077753e-05,-9.6998791411716
2021,0,0.165,9500,0,0.37,"Missing",0.000838795523365996,-7.08270444839199
2021,0,0.143,10000,0,0.53,"Missing",6.96420220310643e-05,-9.57207276355525
2021,0,0.319,5000,0,1,"Missing",0.023823952933105,-3.71295144590913
2021,0,0.143,6000,0,0,"Missing",0.0552497819413669,-2.83905617941303
2021,0,0.099,1500,0,0.29,"Missing",0.000307241830219823,-8.0875681108417
2021,1,0.165,4000,0,0.95,"Missing",0.896380341947844,2.15763775032273
2021,1,0.22,7000,0,0.28,"Missing",0.093842788122391,-2.26759189868029
2021,0,0.187,1500,0,0,"Missing",0.00848100274700556,-4.76140941660961
2021,0,0.231,4000,1,0.91,"Missing",0.0607740108830011,-2.73789387523204
2021,0,0.22,8000,0,0.84,"D",2.20955135058304e-05,-10.720113883078
2021,0,0.154,9700,0,0.23,"Missing",0.000779670643860595,-7.15585900416957
2021,0,0.11,4999,0,0.06,"AA",0.000178381970074532,-8.63140500964835
2021,0,0.11,2000,0,0,"Missing",3.06214958369821e-05,-10.3937776953309
2021,0,0.132,10000,0,0.81,"AA",0.0330427622203905,-3.37635172547422
2021,0,0.165,3500,0,0.3,"Missing",0.000108636439248163,-9.12739502804847
2021,1,0.286,6000,1,0,"Missing",0.999795878852035,8.49659273583057
2021,0,0.264,2600,0,0.96,"Missing",0.370198722560919,-0.531364387529245
2021,0,0.319,3000,0,0,"Missing",0.170018361939026,-1.58549713510434
2021,1,0.286,2600,0,0.73,"Missing",0.34925194105715,-0.622329005161407
2021,0,0.231,9000,0,0,"Missing",0.221053308613124,-1.25953872354591
2021,0,0.198,9999,0,0.97,"Missing",0.0615103585677757,-2.72506622597413
2021,0,0.198,3000,1,0.93,"Missing",0.0746961646780985,-2.5166934063727
2021,0,0.297,7500,0,0.73,"C",0.0106500018421038,-4.53148809485361
2021,0,0.275,25000,0,0.87,"Missing",0.0400944416718925,-3.17559718984948
2021,0,0.319,5000,0,0.32,"Missing",0.179517001619454,-1.51962326928206
2021,0,0.264,3200,1,0.73,"Missing",0.479479321045522,-0.0821288489696408
2021,1,0.319,2500,0,0.83,"Missing",0.269014538408406,-0.999628146899107
2021,1,0.275,10000,0,0.87,"Missing",0.986726527053557,4.30862539789242
2021,0,0.22,6500,1,0.92,"Missing",0.111693211971125,-2.07356123129085
2021,1,0.319,5000,0,0.92,"Missing",0.30634513464957,-0.817262167258065
2021,0,0.143,24250,0,0,"Missing",0.587795410150286,0.354859142030559
2021,1,0.319,5200,0,0,"Missing",0.981682557755981,3.98141426115573
2021,0,0.275,3001,1,0.89,"Missing",0.000425759516158822,-7.76121003697571
2021,1,0.319,7000,0,0.7,"Missing",0.463567290050346,-0.145989577495176
2021,0,0.165,4000,0,1,"Missing",0.0860977525961805,-2.36224030656859
2021,0,0.319,25000,0,0.38,"Missing",6.78274323451292e-05,-9.59847600825617
2021,0,0.187,1000,0,0.89,"Missing",0.162867559615199,-1.6370449373748
2021,0,0.275,25000,0,0.18,"Missing",0.0442064842670638,-3.07367042079705
2021,1,0.319,6000,0,0,"Missing",0.885243431675957,2.04304958362622
2021,0,0.319,3442,0,0.26,"Missing",0.174120036159175,-1.55670451638187
2021,0,0.264,7500,0,0,"C",0.00168451957479214,-6.38458893467639
2021,1,0.275,2550,0,0,"Missing",0.692272459206019,0.810764821638356
2021,1,0.319,3300,0,0.91,"Missing",0.997412175842905,5.95434667177093
2021,0,0.198,2750,1,0,"D",0.000420859399456511,-7.7727908001128
2021,1,0.22,1990,1,1,"Missing",0.829249769839513,1.58031955388611
2021,0,0.308,10000,0,0.87,"Missing",0.0126520499288884,-4.35720325854905
2021,0,0.231,10000,0,1.01,"Missing",0.00317160450971647,-5.7503410199541
2021,0,0.209,6001,0,0.52,"C",0.0219496462837109,-3.79681013037289
2021,0,0.198,5000,0,0.92,"Missing",0.00450771956230047,-5.39744598366954
2021,1,0.319,6000,0,0,"Missing",0.893285232359548,2.12474638690447
2021,0,0.275,25000,0,0.71,"Missing",0.00071645461812771,-7.24047893958017
2021,1,0.319,6000,0,0,"Missing",0.951646124616183,2.97964687644381
2021,0,0.165,20000,0,0.66,"Missing",0.0184914366133218,-3.97178299932064
2021,1,0.319,2000,1,0,"Missing",0.992664781465719,4.907705820937
2021,0,0.187,3650,0,0.85,"Missing",0.00115051447241656,-6.76639489250489
2021,0,0.253,7200,0,1.12,"Missing",0.00713125276976264,-4.93611155426693
2021,0,0.143,5000,0,0.69,"A",0.000165860251101735,-8.70419911099706
2021,0,0.121,3000,0,0.32,"Missing",5.65618837095389e-05,-9.78011866882305
2021,1,0.319,5000,0,0.88,"Missing",0.999984788692632,11.0934562894886
2021,1,0.22,10000,1,0.89,"Missing",0.75332350890777,1.11641703675107
2021,0,0.242,3600,0,0.57,"D",1.38178196124039e-05,-11.1895377046051
2021,0,0.066,1000,0,0.04,"Missing",0.00142592395508409,-6.5515083442904
2021,1,0.11,3900,0,0.41,"Missing",0.205745664415163,-1.3507629646164
2021,1,0.319,3000,1,0.8,"Missing",0.999225402558538,7.16239219633638
2021,0,0.22,17850,0,0.43,"Missing",0.000464476895248832,-7.67413415727145
2021,1,0.319,2600,1,0,"Missing",0.104993408794258,-2.14293350792425
2021,0,0.154,9999,0,0,"Missing",4.60359021786628e-05,-9.98604294678628
2021,1,0.066,9600,1,0.16,"Missing",0.182144263322631,-1.50188693130911
2021,0,0.165,10000,1,0,"Missing",0.00495756101369613,-5.30187149980876
2021,0,0.088,3000,0,0.46,"Missing",7.07426511881943e-10,-21.0693873612301
2021,0,0.253,1300,0,0.43,"D",0.859742347511187,1.81315164232813
2021,1,0.275,6000,0,0.11,"D",0.665414054080498,0.687515699573358
2021,1,0.319,3001,0,0,"Missing",0.997801725663588,6.11788192486659
2021,0,0.187,25000,0,0.67,"Missing",0.153515822672605,-1.7072878685077
2021,1,0.187,5000,0,0.93,"Missing",0.681432564313132,0.760363112786973
2021,1,0.319,10000,0,0.49,"Missing",0.769355739280393,1.20467693576084
2021,0,0.165,4000,0,0.46,"Missing",4.9637647859082e-05,-9.91071134385371
2021,0,0.154,5000,0,0.34,"Missing",0.0654156865601498,-2.6593397605132
2021,0,0.319,3000,1,0.92,"Missing",0.0376189237379474,-3.24190328670748
2021,1,0.319,2610,0,1.39,"Missing",0.757579024054352,1.13945206924579
2021,0,0.264,4500,0,0.6,"D",0.000830175160379349,-7.09304332289048
2021,1,0.286,6500,0,0.53,"Missing",0.212765667259742,-1.30833455214626
2021,0,0.231,10000,0,1.01,"Missing",0.00274881095796242,-5.89383424385272
2021,0,0.319,25000,0,0.95,"Missing",0.105000962119769,-2.14285313011916
2021,0,0.264,17500,0,0.15,"Missing",0.000315539876319923,-8.06090990342877
2021,1,0.275,1250,0,0.99,"Missing",0.990646035661256,4.66255704468774
2021,1,0.187,1200,0,0.94,"Missing",0.383557224235584,-0.474476671737843
2021,0,0.319,3000,0,0.91,"Missing",0.0274933486835194,-3.56593280550482
2021,0,0.154,4575,0,0.6,"Missing",0.0121978860983234,-4.39421972201714
2021,0,0.209,3725,0,0.78,"Missing",0.0379967237131244,-3.2315179184298
2021,1,0.187,3800,0,0.7,"Missing",0.688037667031501,0.790961132170747
2021,0,0.253,15000,1,0.76,"Missing",0.00102302752140446,-6.88396533855964
2021,0,0.077,3000,0,0.87,"Missing",0.0227935943093279,-3.75821834936924
2021,1,0.319,3500,1,0,"Missing",0.981012348388908,3.94479619436423
2021,0,0.187,5000,0,0.03,"Missing",1.3413629964013e-05,-11.2192257927522
2021,0,0.077,2550,0,0.01,"Missing",2.39387689243798e-07,-15.245181229133
2021,1,0.286,1500,0,0,"Missing",0.999864235445467,8.90445261541558
2021,1,0.22,3000,1,0.47,"Missing",0.58614495387238,0.348051338156218
2021,0,0.176,8200,0,0.87,"C",0.245100205513478,-1.1249178888842
2021,1,0.11,1000,0,0.2,"A",0.999632072725994,7.90725726933353
2021,0,0.264,17500,0,0.15,"Missing",1.28188872560262e-05,-11.2645780887713
2021,1,0.275,5000,1,0.96,"Missing",0.498684096036543,-0.00526362800653768
2021,0,0.319,6000,1,0.72,"Missing",6.34523089545578e-07,-14.270391525788
2021,0,0.077,2550,0,0.01,"Missing",2.71504228845758e-07,-15.1192878503303
2021,0,0.22,13500,0,0.31,"Missing",0.000755781680296909,-7.18700193873928
2021,0,0.264,2600,0,0.96,"Missing",0.0107835955223011,-4.5188870728286
2021,0,0.176,6500,0,0.67,"Missing",2.93498200951524e-05,-10.4361947910952
2021,0,0.319,10000,0,0.49,"Missing",0.00182739864681867,-6.3030327575188
2021,1,0.286,2550,0,0.88,"Missing",0.900528094969913,2.20310612064325
2021,0,0.187,2000,0,0.53,"Missing",0.00255259764447273,-5.9680878931349
2021,0,0.253,10000,0,0.67,"Missing",0.022694251056957,-3.76268791479321
2021,1,0.308,3500,1,0.94,"Missing",0.742065608722216,1.05673240550732
2021,0,0.165,3000,0,0.08,"Missing",0.0714357050822206,-2.56484180887149
2021,0,0.319,22000,0,0.83,"Missing",1.96687198110805e-07,-15.441651000303
2021,1,0.319,4500,1,1.52,"Missing",0.999839502030256,8.73706875419176
2021,1,0.165,9500,0,0.94,"Missing",0.643678485769538,0.591365902603765
2021,0,0.187,10000,0,0.28,"Missing",0.439444031291179,-0.243418729800402
2021,1,0.319,4000,1,0.94,"Missing",0.0927585767589989,-2.28040842346267
2021,1,0.319,4500,1,1.32,"Missing",0.618755308911723,0.484268491095132
2021,0,0.22,2300,0,0.86,"Missing",1.25512678008245e-05,-11.2856763261561
2021,1,0.319,2550,0,0.98,"Missing",0.858185378652285,1.80029941393731
2021,0,0.264,10000,0,0.68,"D",0.00177486492295745,-6.33225451683089
2021,0,0.198,15000,0,0.58,"C",0.000299228297965908,-8.11400446449749
2021,1,0.099,4900,0,0,"AA",0.956472255286058,3.08985323766657
2021,0,0.319,5000,1,0,"Missing",0.0548396649587784,-2.84694083456828
2021,0,0.253,1000,1,0,"Missing",0.0027515723692909,-5.89282739514789
2021,1,0.319,3000,1,0,"Missing",0.569125013525547,0.278282123974313
2021,0,0.143,9000,0,0,"Missing",0.76166147687807,1.16181017178457
2021,0,0.319,25000,0,0.82,"Missing",0.030719522643023,-3.45165565113026
2021,1,0.319,5000,1,0.97,"Missing",0.952443103846436,2.99710356372891
2021,0,0.242,18200,1,0.8,"Missing",0.0144933294876061,-4.2194673869875
2021,0,0.11,4500,0,0.4,"Missing",0.00394030475379219,-5.53254912177791
2021,0,0.22,15000,0,0.59,"A",3.93870738527535e-05,-10.1420334824424
2021,1,0.286,3000,0,1.17,"Missing",0.999975139263159,10.6021959716552
2021,0,0.275,1000,1,0.98,"Missing",0.473485018438139,-0.106159514098069
2021,0,0.154,11500,1,0.36,"Missing",0.000790231922903882,-7.14239353797062
2021,0,0.143,15000,0,0.09,"Missing",0.00040416884975328,-7.81327357183592
2021,0,0.22,5000,0,0,"Missing",0.000513125285726715,-7.57447726394171
2021,1,0.297,6000,0,0.85,"Missing",0.381027275195596,-0.485190247388689
2021,0,0.319,5900,0,0.88,"Missing",0.136588359706231,-1.84391983589871
2021,1,0.242,10000,0,0.8,"Missing",0.7213758070769,0.951296336774285
2021,0,0.165,9000,0,0.97,"Missing",0.00161859152923811,-6.4245790314407
2021,1,0.264,1000,1,0.18,"Missing",0.998673965611179,6.62423553894998
2021,1,0.308,5500,0,0.35,"Missing",0.992274340076663,4.85545237544359
2021,0,0.099,1000,0,0.02,"Missing",0.000134308385680221,-8.91523769906622
2021,1,0.165,3000,1,0,"C",0.871561951628507,1.91484027439904
2021,1,0.319,7100,1,1.12,"Missing",0.988421004584151,4.44691600825764
2021,0,0.165,25000,0,0.01,"Missing",0.144010136320917,-1.78237484635909
2021,0,0.088,1668,0,0.05,"AA",0.00642196449786918,-5.04158853751145
2021,0,0.132,7500,0,0.81,"A",0.0504745525546417,-2.9344930313165
2021,0,0.154,5000,0,0.29,"Missing",2.25839591145964e-05,-10.6982480931709
2021,0,0.319,25000,0,0.57,"Missing",9.06210919944905e-07,-13.9139928483154
2021,0,0.165,12000,0,0.33,"Missing",1.38574831503124e-07,-15.7918552189919
2021,0,0.319,25000,1,0.93,"Missing",0.02465150907789,-3.67795671490976
2021,0,0.165,14500,1,0,"Missing",0.00284493364662034,-5.85936654631857
2021,0,0.154,3000,0,0.85,"Missing",3.78923552780849e-05,-10.1807232808507
2021,0,0.11,9000,0,0.22,"AA",0.0011790620171758,-6.74185629964647
2021,1,0.308,2250,0,0.57,"Missing",0.796834328187375,1.36662502440412
2021,0,0.319,13531,0,0.82,"Missing",0.0024345464399359,-6.01555729199742
2021,1,0.253,8200,0,0.44,"Missing",0.998970894768744,6.87803592668079
2021,0,0.176,25000,0,0.85,"Missing",0.000238846819463007,-8.33944925891257
2021,0,0.286,25000,0,0.92,"C",0.0189034282246319,-3.94932760373345
2021,0,0.275,15000,1,0,"Missing",0.0946562700574795,-2.25806256355517
2021,1,0.319,25000,0,0.6,"Missing",0.79516341507759,1.35633513255975
2021,0,0.275,10000,0,0.87,"Missing",0.0531079465879535,-2.8808585284316
2021,1,0.297,12000,1,0,"Missing",0.999949115821525,9.88590763271237
2021,1,0.22,2850,0,0.7,"Missing",0.123070061774509,-1.96367330005243
2021,0,0.275,3000,1,0.93,"Missing",0.944265754931618,2.82981287584971
2021,0,0.077,1500,1,0.07,"Missing",2.92731699000259e-07,-15.0440090577806
2021,0,0.121,10500,0,0.16,"AA",4.28253139209779e-06,-12.3609619939139
2021,0,0.253,1300,0,0.43,"Missing",0.119787951184659,-1.99443973680298
2021,1,0.22,1750,0,0.96,"Missing",0.680926915985193,0.758034801680321
2021,0,0.209,3900,1,0,"Missing",6.12587753268618e-05,-9.70034218750733
2021,1,0.319,5000,0,0,"Missing",0.999983553195783,11.0153629252234
2021,0,0.121,10000,0,0.43,"Missing",2.10137427452381e-06,-13.0729169094556
2021,0,0.22,12000,0,0.34,"Missing",0.0302247818805637,-3.46840213079462
2021,1,0.264,3500,0,0,"C",0.995565427393779,5.4138796017579
2021,0,0.187,25000,0,0.67,"Missing",0.000346649944110402,-7.96684838376244
2021,0,0.253,8000,0,0,"Missing",0.706971755681858,0.880721714206536
2021,1,0.143,12500,0,0,"Missing",0.553536664430235,0.214970709261599
2021,1,0.319,3005,1,0.76,"Missing",0.999954421516372,9.99602922354376
2021,0,0.253,25000,0,0,"Missing",0.000924765580823582,-6.98504508526603
2021,0,0.198,1600,0,0.94,"Missing",0.00741011604068494,-4.8974714724471
2021,0,0.308,3500,0,0.93,"Missing",0.290318650008243,-0.893836953583657
2021,0,0.187,3000,1,0.59,"C",0.00156074727957434,-6.46102858053417
2021,0,0.242,7300,0,0.74,"Missing",0.171578918085366,-1.5744782536268
2021,0,0.308,5500,0,0.35,"Missing",0.0181200071018884,-3.99245240151067
2021,1,0.319,2550,1,0.93,"Missing",0.982175299758264,4.00918465598897
2021,0,0.154,20200,0,0.86,"Missing",5.15452807512479e-07,-14.4782195692446
2021,1,0.319,2000,0,0,"Missing",0.507585736675222,0.030345275070915
2021,1,0.253,8000,1,0.74,"Missing",0.989392997440915,4.53557721940006
2021,0,0.165,12000,0,0.61,"Missing",0.244306650761729,-1.12921146955018
2021,0,0.176,25000,0,0,"A",0.00011850585165182,-9.04042970470625
2021,0,0.198,2500,0,0.84,"A",4.87556210192097e-06,-12.2312702816292
2021,0,0.264,15000,0,0.85,"Missing",0.267911316988649,-1.00524563928753
2021,0,0.286,25000,0,0.69,"Missing",0.00869485835998256,-4.73629054194045
2021,0,0.11,5000,0,0.52,"Missing",5.57029407245332e-05,-9.7954219121599
2021,0,0.275,7500,0,0.54,"D",0.0172060380103822,-4.04513912761442
2021,0,0.264,10000,1,0.03,"Missing",0.014076273950759,-4.24908831313336
2021,1,0.253,5000,0,0.97,"Missing",0.994858295184075,5.26521560939125
2021,0,0.121,14000,0,0.56,"Missing",1.0557521014531e-08,-18.3664273280813
2021,0,0.264,3000,0,0,"Missing",0.477905064302175,-0.0884373379800389
2021,0,0.198,9800,1,0.72,"Missing",0.00192400490791661,-6.25142051766679
2021,0,0.319,5000,0,0.77,"Missing",0.988767399733291,4.47763882823022
2021,1,0.198,5000,1,0,"D",0.979113362413935,3.84753782536634
2021,0,0.308,3500,0,0,"Missing",0.787295225585192,1.30869813722059
2021,1,0.308,5000,0,0.81,"D",0.609674411199153,0.44594382862331
2021,1,0.319,12000,0,0.91,"Missing",0.999649060977416,7.95454707380734
2021,0,0.132,17500,0,0.13,"Missing",0.000666657195547936,-7.31256771435905
2021,1,0.319,3500,0,0,"Missing",0.99925535379755,7.20185642483422
2021,0,0.22,8000,0,0.91,"Missing",0.0225315189641694,-3.77005087507768
2021,0,0.154,7000,0,0.32,"A",0.00016919546869491,-8.68428668212984
2021,0,0.319,1500,0,0,"Missing",0.000350993699932741,-7.95439122825642
2021,0,0.319,3500,1,0.74,"Missing",0.0480330016061896,-2.98664206051046
2021,0,0.198,13000,0,0.52,"Missing",0.000108652355255163,-9.12724851578641
2021,1,0.231,9800,0,0.7,"D",0.960273999304875,3.18521275701232
2021,1,0.319,4500,0,0.91,"Missing",0.999099099061374,7.011213945438
2021,0,0.22,10000,0,0.64,"Missing",7.14950971990893e-05,-9.5458101836044
2021,1,0.297,3001,1,1.02,"Missing",0.163389741112887,-1.63321992496002
2021,1,0.253,7000,0,0.98,"Missing",0.931641257574617,2.61217836209443
2021,1,0.275,7500,0,0.54,"D",0.871226607810257,1.91184790276462
2021,0,0.11,5200,0,0,"Missing",0.00010861069094398,-9.12763209540542
2021,0,0.22,2000,0,1.03,"Missing",0.144163463256446,-1.78113157888759
2021,0,0.165,5000,0,5.95,"Missing",0.0696496835255943,-2.59208304316699
2021,0,0.22,5000,0,0.61,"Missing",0.000622635015628905,-7.38092723163334
2021,0,0.22,4500,0,0.39,"Missing",0.000445648105582424,-7.71553517086933
2021,0,0.088,1000,0,0.01,"Missing",2.74138012237208e-08,-17.4122192286536
2021,1,0.198,1000,1,0,"Missing",0.627939701520425,0.523388211346503
2021,0,0.165,7500,0,0.65,"B",0.00375678789029942,-5.58042710884249
2021,0,0.198,6800,1,0.89,"D",0.0470693147640984,-3.00792087028165
2021,0,0.242,6001,0,0.01,"Missing",0.626456290618724,0.51704398015267
2021,0,0.275,10500,0,0.81,"Missing",0.0508951214228044,-2.92575223468473
2021,0,0.319,20000,1,0.9,"Missing",0.818853470582316,1.50859889670147
2021,1,0.297,2000,1,0,"Missing",0.998182406028288,6.30842239826277
2021,0,0.165,10000,0,0.59,"Missing",3.46196811997499e-08,-17.1788434611783
2021,0,0.165,2000,0,0.02,"Missing",0.000974146662522062,-6.9329740666676
2021,0,0.22,12000,0,0.95,"Missing",0.00192988299679747,-6.24836415370364
2021,1,0.286,9000,1,0.83,"Missing",0.381349178952006,-0.483825576215705
2021,0,0.165,3000,0,0,"Missing",0.000463498902676014,-7.67624293408321
2021,0,0.165,11000,0,0.54,"Missing",6.19155888057649e-06,-11.9923174728535
2021,1,0.187,1550,0,0.95,"Missing",0.95246045378612,2.99748667127148
2021,0,0.242,5000,1,0,"Missing",3.61197308598915e-05,-10.2286351603366
2021,1,0.286,6000,1,0,"Missing",0.999866604793726,8.92206095600345
2021,0,0.143,20000,0,0.13,"Missing",0.00119387919121104,-6.7293528565883
2021,0,0.209,5000,0,0.39,"Missing",0.00793506527910275,-4.82849698285601
2021,0,0.275,3000,0,0.73,"Missing",0.0691004796172138,-2.60058967323912
2021,0,0.22,15000,0,0.93,"Missing",2.84945973537027e-06,-12.7683782987267
2021,0,0.319,6500,1,0.85,"Missing",0.000897887873256922,-7.0145670689849
2021,0,0.264,1500,0,0.96,"Missing",0.00514837796954183,-5.26391189475545
2021,0,0.187,1800,0,0.96,"Missing",0.040883822912258,-3.15527775454814
2021,1,0.253,6500,0,0.71,"Missing",0.930863450464789,2.60002906900262
2021,1,0.319,2500,0,0.08,"Missing",0.986101827580967,4.26200227183182
2021,0,0.099,2000,0,0.02,"AA",0.000202599357329357,-8.50407751838708
2021,0,0.319,20000,1,0.99,"Missing",0.127965157634009,-1.91907135907192
2021,0,0.275,2550,0,0,"Missing",0.0429593444664247,-3.10359168189909
2021,0,0.22,5000,0,0.43,"Missing",0.00752638646746202,-4.88178538451547
2021,0,0.264,11520,0,0.6,"D",0.139366880292443,-1.82055842157636
2021,0,0.209,5000,0,0.42,"B",0.0302225603208465,-3.46847792555744
2021,0,0.231,3500,0,1.03,"Missing",0.00907739469544567,-4.69284921007942
2021,0,0.154,2690,1,0.69,"Missing",0.465317057025514,-0.138954924963627
2021,0,0.121,10000,1,0.23,"AA",2.46112491173426e-07,-15.2174768782299
2021,0,0.187,1500,0,0.77,"Missing",0.00685484650013281,-4.97592090973078
2021,0,0.176,5000,0,0.35,"B",0.00122700178798447,-6.70195390088336
2021,0,0.187,2500,1,0.59,"Missing",0.00177265139359859,-6.33350466633867
2021,0,0.209,4700,0,0.74,"Missing",0.010611800088518,-4.53512017436237
2021,1,0.319,1800,0,1.11,"Missing",0.508700452205483,0.0348053220238835
2021,0,0.231,13500,0,0.84,"D",0.000225290969351184,-8.3978924777515
2021,0,0.22,8500,0,0.64,"C",0.0654307598063343,-2.65909323613475
2021,0,0.187,10000,0,0.39,"Missing",0.0228115398151588,-3.75741299008961
2021,1,0.319,5000,0,0.92,"Missing",0.999686152331071,8.06628892364024
2021,0,0.187,10000,0,0.28,"B",7.4949701693277e-05,-9.49861836098938
2021,0,0.11,6500,0,0.69,"AA",0.0057282473925808,-5.15660094348553
2021,0,0.187,3500,0,0.76,"Missing",0.00100781862284483,-6.89895873636411
2021,1,0.319,2501,1,0,"Missing",0.723234699700161,0.960563933010189
2021,0,0.22,3000,0,0.98,"Missing",0.703665379413942,0.864813639057068
2021,1,0.22,5128,0,0,"Missing",0.671851777568994,0.716572343135795
2021,1,0.099,5500,1,0.48,"Missing",0.597143265867754,0.3935760606198
2021,1,0.22,5000,1,0.43,"Missing",0.999683163860515,8.05680894153163
2021,0,0.209,10000,1,1.02,"Missing",4.85545896226575e-05,-9.93277327798922
2021,0,0.319,7200,0,1.15,"Missing",0.00440052430210245,-5.42162135048005
2021,1,0.319,3000,0,0.94,"Missing",0.998151228976872,6.29138369035792
2021,0,0.165,5000,1,0.92,"Missing",0.00385825844893457,-5.55367365562126
2021,1,0.319,2550,0,0,"Missing",0.996771555510577,5.73252117280751
2021,0,0.176,5000,0,0.94,"Missing",0.020936521618582,-3.84510140062164
2021,0,0.077,2550,0,0.44,"AA",3.48549732235153e-07,-14.8694845646896
2021,0,0.176,5000,0,0.35,"Missing",0.0983995767977153,-2.21513492890301
2021,0,0.22,5128,0,0,"Missing",0.940432160444533,2.75922369110917
2021,0,0.275,7000,0,0.96,"Missing",0.0388787480455478,-3.20765279510133
2021,0,0.275,14000,0,0.8,"Missing",0.072722840779132,-2.54559699228874
2021,0,0.198,3000,0,0.79,"Missing",0.00163475746262847,-6.41462473139988
2021,0,0.319,5000,0,0,"Missing",0.490446311098107,-0.0382194072589885
2021,0,0.176,8000,0,0.9,"Missing",9.94845278284211e-05,-9.21540893562609
2021,1,0.264,6001,0,0.74,"Missing",0.960688012240661,3.19612020278054
2021,0,0.275,10000,0,0.87,"Missing",0.0428502982768019,-3.1062472013805
2021,1,0.319,3000,0,0,"Missing",0.999985033996162,11.1097143737291
2021,0,0.22,13000,0,0.9,"Missing",0.0684005816682933,-2.61152158511965
2021,0,0.143,5000,1,0.16,"Missing",3.44491965222118e-06,-12.5786065318578
2021,0,0.187,6000,0,0.82,"C",0.113983826577669,-2.05067863866149
2021,0,0.132,25000,1,0.22,"AA",0.00237553211582268,-6.04015545965455
2021,1,0.319,5300,0,0.83,"Missing",0.875168276849572,1.94744956872218
2021,0,0.22,18000,1,0.75,"Missing",0.00288430406237468,-5.84558316265202
2021,1,0.187,4000,0,0.75,"Missing",0.961712684919415,3.22359709934392
2021,1,0.319,2500,0,0.85,"Missing",0.997671478475395,6.06019051485909
2021,0,0.11,2000,0,0,"Missing",1.80812243269919e-06,-13.2232197729621
2021,0,0.187,4000,1,0.76,"Missing",0.272654576558197,-0.981195793400221
2021,0,0.275,10000,0,0.93,"B",0.0798642466135216,-2.44419294123841
2021,1,0.319,2500,0,0,"Missing",0.812739459424634,1.4679096778043
2021,0,0.121,5000,0,0.18,"Missing",0.00881514772264452,-4.72242947418347
2021,0,0.165,11000,0,0.65,"Missing",0.165312021891306,-1.61922324620621
2021,0,0.165,4999,0,0.89,"Missing",0.0108467973944494,-4.51297936080739
2021,1,0.231,6001,1,0,"D",0.998726548391308,6.66474999980112
2021,0,0.099,4000,0,0.32,"Missing",0.000177793315819857,-8.63471102028229
2021,0,0.121,2500,1,0,"Missing",4.00123673945153e-06,-12.4289030585245
2021,1,0.319,3500,0,0.88,"Missing",0.305556852611796,-0.820974439404778
2021,0,0.22,2000,0,1.03,"Missing",0.00093884569112451,-6.96992013877815
2021,0,0.231,5000,0,0,"Missing",0.0399617962436122,-3.1790491754382
2021,0,0.242,10001,1,0.81,"Missing",0.0524950658777479,-2.89311296256003
2021,1,0.264,1000,0,0.92,"Missing",0.968596146212257,3.4289171337647
2021,0,0.165,8942,0,0,"Missing",0.0032451748017941,-5.72733561043443
2021,1,0.286,2500,0,0.65,"Missing",0.997283914228115,5.90584370853599
2021,1,0.308,4500,0,0.47,"Missing",0.991514142613332,4.76083227079435
2021,1,0.275,2550,1,0.67,"Missing",0.666537788996545,0.692567287079638
2021,0,0.319,3800,0,0.73,"Missing",0.0733438578334653,-2.53642379728012
2021,0,0.286,2200,0,0.97,"Missing",0.86107943953422,1.8242845021214
2021,0,0.121,23500,0,0.02,"Missing",8.56802215789741e-06,-11.6674650706408
2021,1,0.319,6700,0,0.39,"Missing",0.802500673834042,1.40199752215498
2021,1,0.231,4900,0,0,"Missing",0.817160101454026,1.4972241396892
2021,0,0.275,4449,0,0.94,"Missing",0.0114474477830557,-4.45847500068492
2021,1,0.286,2000,1,0,"Missing",0.974139444885456,3.62883562136898
2021,0,0.187,5233,0,0.38,"B",0.0756585259067724,-2.50285142818769
2021,1,0.264,3000,0,1,"Missing",0.793215813809532,1.34441966255893
2021,0,0.275,7000,0,0.62,"D",0.000157983922520297,-8.75285928991218
2021,0,0.165,2500,1,0.28,"Missing",0.0026217786974644,-5.94127707781199
2021,0,0.099,1000,0,0.18,"Missing",0.043388875468164,-3.09319387778848
2021,0,0.242,15000,0,0.04,"Missing",0.00152382602890677,-6.48500599426182
2021,1,0.264,18000,1,0.97,"Missing",0.995196681664179,5.33363338861362
2021,0,0.099,3500,0,0,"Missing",0.0141581047519422,-4.24320875799257
2021,0,0.165,9800,0,0.94,"Missing",0.000102637907794128,-9.18420057861237
2021,0,0.275,4000,0,0.02,"Missing",0.0515175575361384,-2.91294060575865
2021,0,0.253,13100,0,0.71,"Missing",0.55139360947387,0.206303041411898
2021,0,0.319,8000,0,0.8,"Missing",4.25414228659839e-07,-14.6702020616059
2021,0,0.264,7100,0,0.9,"Missing",0.000554252619832902,-7.49733557639721
2021,0,0.132,25000,0,0.17,"Missing",9.92413990469896e-05,-9.2178560553045
2021,0,0.176,3500,1,0,"Missing",0.0922843911203783,-2.28605610654269
2021,0,0.176,5300,0,0.92,"C",0.000769157577505908,-7.16944524368796
2021,0,0.275,2000,1,1.4,"Missing",0.194676665502808,-1.41990379781084
2021,0,0.319,3000,1,0,"Missing",0.141504087747742,-1.80285331348356
2021,0,0.275,10000,1,0,"Missing",0.00311714481101189,-5.76771580759207
2021,0,0.099,3001,0,0.34,"AA",0.000750130863028497,-7.19451247026453
2021,0,0.209,9750,0,0.78,"Missing",0.00869713000889419,-4.73602702101215
2021,1,0.319,3000,1,0,"Missing",0.953788641708055,3.02721647898386
2021,0,0.088,1000,0,0.33,"Missing",0.000623124641045484,-7.38014067443984
2021,0,0.121,15000,0,0.21,"Missing",5.35698107495064e-06,-12.1371046168464
2021,0,0.121,2000,0,0.75,"Missing",0.000219893569114197,-8.42214698767404
2021,1,0.264,20000,1,0.88,"Missing",0.978283102922969,3.80770847475073
2021,0,0.22,6500,0,0.74,"Missing",0.0024431309582792,-6.01202876235321
2021,0,0.22,15000,1,0.8,"Missing",0.00301883020402732,-5.79986247623117
2021,0,0.11,2500,1,0,"Missing",0.0018137507367248,-6.31054295000304
2021,0,0.143,24250,0,0,"AA",0.00168817904173348,-6.38241521543372
2021,0,0.319,20000,1,0.9,"C",0.0246849705951498,-3.67656594538494
2021,0,0.242,15000,0,0.04,"Missing",4.09655187177944e-05,-10.1027388856299
2021,0,0.22,4600,0,0.91,"Missing",0.00444175866573991,-5.41225323249167
2021,1,0.319,9200,1,0.98,"Missing",0.960038499300005,3.17905687896515
2021,1,0.319,5500,0,1.13,"Missing",0.999749569956156,8.29208048112537
2021,1,0.264,3500,0,0.94,"Missing",0.993997999361988,5.1096423406222
2021,0,0.209,3000,0,0.97,"Missing",0.000377015358680226,-7.8828475456944
2021,1,0.319,5000,1,0.94,"Missing",0.993815861830488,5.07956428572808
2021,1,0.319,2550,0,0.43,"Missing",0.923297886897383,2.48802266191116
2021,0,0.319,5224,0,0.67,"Missing",0.986264049022355,4.27390756225537
2021,0,0.132,20000,0,0,"Missing",0.00091561021177472,-6.99500378721319
2021,1,0.319,3000,1,1.01,"Missing",0.994578395111232,5.21192704729632
2021,1,0.22,12000,0,0.66,"Missing",0.0919471723022631,-2.29008835917359
2021,1,0.319,3500,1,0,"Missing",0.887576988889223,2.06622662394027
2021,1,0.253,1500,1,1.11,"Missing",0.999858227598689,8.86114581144974
2021,0,0.253,10000,0,0.67,"Missing",0.0570972242922483,-2.80420767212972
2021,0,0.187,20000,1,0.55,"Missing",0.312480800162774,-0.788546728376891
2021,0,0.154,2000,0,0,"C",0.000277024605663609,-8.19112716362744
2021,0,0.099,9000,0,0.99,"Missing",4.97043481560917e-06,-12.2119982631853
2021,0,0.319,5500,0,0.41,"Missing",0.05769583385632,-2.79314314907546
2021,1,0.22,2700,1,0.8,"Missing",0.590380686654017,0.36553933610704
2021,1,0.198,9800,1,0.72,"C",0.183635333886275,-1.49190923985243
2021,0,0.165,2000,0,0.98,"Missing",0.000103201548326763,-9.17872349498908
2021,0,0.187,2500,1,0.59,"Missing",0.340591483654188,-0.660659481884982
2021,0,0.165,11000,0,0.65,"Missing",0.000157481130340022,-8.75604742070921
2021,0,0.286,12000,0,0.59,"Missing",0.0252884446848171,-3.65179402695166
2021,0,0.264,4592,0,0.6,"Missing",0.0167447290188921,-4.07278524876368
2021,0,0.231,9800,0,0.7,"Missing",0.145983689723038,-1.76645539104909
2021,1,0.242,19000,0,0.75,"C",0.158034664934353,-1.6729244363577
2021,1,0.264,1800,0,1.18,"Missing",0.99999041942992,11.5557638798215
2021,0,0.099,3600,0,0.23,"Missing",9.43404413753261e-06,-11.5711762604648
2021,1,0.242,6001,0,0.25,"Missing",0.999038860270803,6.94642915785437
2021,0,0.319,5500,0,0.99,"Missing",0.780648488650223,1.26944945225368
2021,0,0.231,4000,1,0.91,"Missing",2.8257110002954e-05,-10.4741371930086
2021,1,0.286,5500,0,0.99,"Missing",0.931818009365849,2.61495706366771
2021,0,0.319,3000,0,0,"Missing",0.00404327613978059,-5.50664851766235
2021,0,0.143,6000,0,0,"Missing",9.71141595440829e-05,-9.23952625007601
2021,0,0.22,7500,0,0.99,"D",0.0165333259669438,-4.08570565266947
2021,0,0.11,4000,0,0.88,"Missing",0.106378868289254,-2.12827494443772
2021,0,0.22,7400,1,0.27,"Missing",0.0554343806954795,-2.83552516826721
2021,1,0.308,11000,0,0.84,"Missing",0.994709313867515,5.23650260646581
2021,0,0.099,7000,0,0.17,"Missing",8.36784884101224e-09,-18.5988689853517
2021,0,0.22,3000,1,0,"Missing",0.0314218532316121,-3.42832555441202
2021,1,0.198,15000,0,0.58,"Missing",0.954517540843468,3.04387928140937
2021,1,0.22,3000,0,1,"Missing",0.925591239986607,2.52085903466535
2021,1,0.319,3500,0,0.99,"Missing",0.985175865116882,4.19656358059023
2021,0,0.231,25000,0,0.07,"Missing",0.000381636672250544,-7.87065981220802
2021,0,0.11,6000,0,0,"Missing",5.87586266380347e-06,-12.0446517964415
2021,0,0.286,17850,0,0.94,"Missing",0.121314927685513,-1.98003668141986
2021,0,0.209,8500,0,0.79,"C",1.85319168667794e-05,-10.8959975442595
2021,0,0.088,2000,0,0.05,"Missing",0.00146115292424822,-6.5270672592987
2021,0,0.319,3000,1,0.4,"Missing",0.155686258582958,-1.69068133784174
2021,0,0.176,6000,0,0.16,"Missing",2.24973238102167e-05,-10.7020917000193
2021,0,0.165,3500,0,0.56,"Missing",7.36715669479121e-06,-11.8184713534823
2021,1,0.286,2500,1,0.91,"Missing",0.98899562038669,4.49839656306442
2021,0,0.165,5000,0,0.35,"B",5.14196224844883e-05,-9.87543927701199
2021,0,0.242,25000,1,0.69,"Missing",0.00396806812390888,-5.52549995958818
2021,1,0.308,1900,0,1.2,"Missing",0.995728489264913,5.45150705248698
2021,0,0.187,4000,1,0.76,"Missing",0.442909552681693,-0.229362030540959
2021,0,0.11,9000,0,0.22,"Missing",1.86963918196408e-05,-10.8871613069759
2021,1,0.209,7400,1,0.87,"C",0.718643633751081,0.93774352020603
2021,0,0.187,15000,1,0.98,"Missing",0.00175348054779219,-6.34439756211186
2021,1,0.319,3000,1,0.74,"Missing",0.994938542771223,5.2810265374768
2021,0,0.088,3500,0,0,"Missing",0.000539779482424292,-7.52380994247513
2021,0,0.319,3025,1,0,"Missing",0.0290134824973792,-3.51055194737738
2021,1,0.275,4000,0,0.46,"Missing",0.850123185210565,1.73556754079989
2021,0,0.198,10000,0,0.87,"C",0.000344962435844604,-7.97173000652172
2021,1,0.209,5000,0,0.97,"Missing",0.986939217072505,4.32499438346606
2021,1,0.253,15000,0,0.18,"Missing",0.786080132148425,1.30145724092448
2021,0,0.165,2000,0,0.36,"Missing",0.295040471350036,-0.871027857047144
2021,0,0.264,3000,0,1.99,"Missing",0.886118302823785,2.05169030082625
2021,1,0.319,3000,0,0.91,"Missing",0.917739082875853,2.4120170149444
2021,0,0.165,8500,0,0.55,"Missing",0.573552127869949,0.296358689695804
2021,0,0.242,8000,1,0.93,"Missing",1.43983779360744e-05,-11.1483806025736
2021,1,0.308,3500,0,0,"Missing",0.999918807374859,9.41860494238506
2021,1,0.319,13531,0,0.82,"Missing",0.895109941965511,2.14403381565314
2021,0,0.22,3000,0,0,"Missing",0.0180844301711606,-3.99445397034769
2021,1,0.319,4000,0,0.98,"Missing",0.997363341902986,5.93560289585823
2021,1,0.22,5000,0,0.97,"Missing",0.698756103262216,0.841381534166541
2021,1,0.319,2550,0,1,"Missing",0.760357274761255,1.154639251818
2021,0,0.143,10000,0,0.15,"Missing",0.0185295659090084,-3.96968427644114
2021,1,0.319,3001,0,0.83,"Missing",0.629418878102437,0.529724604728403
2021,0,0.22,2500,0,0.8,"Missing",0.0684878653116212,-2.61015263615742
2021,0,0.143,10000,0,0.15,"Missing",1.69992963354079e-07,-15.5875086227947
2021,1,0.264,3000,0,0,"Missing",0.999994117293463,12.0434877237653
2021,1,0.275,2000,1,1.4,"Missing",0.989732264091866,4.56842792345713
2021,1,0.253,8800,1,0.61,"Missing",0.982756932920571,4.04295166463809
2021,0,0.286,2864,0,0.71,"Missing",0.66263246734151,0.675047551137828
2021,1,0.319,2000,1,0,"Missing",0.983123817845961,4.06483178348885
2021,1,0.264,1000,1,0.98,"Missing",0.999539287580743,7.682275710444
2021,0,0.319,2100,0,0,"Missing",0.151558236914212,-1.72243149402135
2021,1,0.253,3100,0,0.78,"Missing",0.97923089339955,3.85330083787017
2021,1,0.275,3001,0,1.02,"D",0.99447086098738,5.19217868820894
2021,0,0.165,4000,0,0.72,"C",0.00032603570214016,-8.02817757796328
2021,0,0.187,5600,0,0.84,"Missing",0.00431315736392581,-5.44176259016626
2021,1,0.077,2550,1,0.63,"Missing",0.843161083900587,1.68193875732076
2021,0,0.242,6001,0,0.69,"Missing",4.92629282214072e-05,-9.9182894586946
2021,0,0.22,5000,1,0.43,"D",0.900813042102181,2.20629120279233
2021,0,0.198,3000,0,0.79,"Missing",0.00188598571516605,-6.27141690251718
2021,0,0.198,10000,0,0.87,"Missing",5.45467047992758e-05,-9.81639870629661
2021,1,0.198,25000,0,0,"Missing",0.294839061618921,-0.871996404514626
2021,0,0.121,14000,0,0.56,"Missing",3.00582120711623e-05,-10.4123445954151
2021,0,0.132,25000,0,0.07,"AA",0.169779131934042,-1.58719340308453
2021,1,0.319,2700,0,0.47,"Missing",0.99742910742339,5.96092793130172
2021,1,0.319,5000,0,0.83,"Missing",0.9859241286665,4.24911732445286
2021,0,0.165,10000,0,0.68,"Missing",3.87827150333717e-05,-10.1574971159582
2021,0,0.319,1000,1,0.67,"Missing",0.00364531562416074,-5.61066035030155
2021,1,0.319,4750,0,1,"Missing",0.957505485091973,3.1149564429803
2021,1,0.275,2550,0,0,"Missing",0.843241633751452,1.68254800117413
2021,0,0.165,20000,0,0.75,"Missing",0.0819708350705874,-2.41586564606361
2021,1,0.297,3000,0,0.98,"Missing",0.996702802347548,5.71137972212113
2021,1,0.319,7000,0,0.7,"Missing",0.977713038827381,3.78121440396541
2021,0,0.264,4000,0,0.99,"Missing",0.423773803922063,-0.307300453568745
2021,1,0.319,2500,0,0.08,"Missing",0.982118512783668,4.00594604225486
2021,1,0.22,4200,1,0.97,"Missing",0.967168204784868,3.38297501312249
2021,0,0.11,3600,1,0.28,"Missing",0.262430620155035,-1.03337341522943
2021,0,0.132,17000,0,0.19,"Missing",0.0723790925561839,-2.55070566357634
2021,1,0.319,5224,0,0.67,"Missing",0.998582189534317,6.55722270642471
2021,0,0.198,9999,0,0.97,"Missing",0.225649194243529,-1.23304345287766
2021,1,0.286,1000,0,0,"Missing",0.995990079843248,5.51496596745251
2021,0,0.308,6000,0,0,"Missing",0.00133822529701379,-6.61507182651248
2021,0,0.11,4000,1,0.43,"A",0.000134466347177673,-8.9140621216982
2021,0,0.132,18950,0,0,"AA",5.32616163635285e-06,-12.1428743963118
2021,0,0.132,10000,0,0.58,"A",4.495376564115e-07,-14.6150457630092
2021,0,0.209,12200,1,0,"Missing",0.00234865812160839,-6.05155970545182
2021,0,0.308,1500,1,1,"Missing",0.308034228928496,-0.809325580941295
2021,0,0.154,7000,0,0.55,"Missing",0.345677436193957,-0.638094371801829
2021,0,0.165,4400,0,0.8,"Missing",0.112228299033611,-2.06817943559416
2021,0,0.264,3000,0,0.85,"Missing",0.00125393004384095,-6.68021790786631
2021,0,0.253,6500,0,0.71,"Missing",0.00111544560322595,-6.797385241582
2021,1,0.319,7100,1,1.12,"Missing",0.999982441155561,10.9499352193519
2021,1,0.319,2500,1,1.84,"Missing",0.956622521724983,3.09346850182425
2021,0,0.099,2550,0,0.58,"Missing",8.70666151453397e-05,-9.34874997057033
2021,1,0.165,1000,1,0.55,"B",0.989310108835183,4.5277092964889
2021,0,0.099,1000,1,0.05,"Missing",0.0093483384166654,-4.66316435254378
2021,0,0.154,9000,1,0.54,"Missing",0.0050516824371476,-5.28296944998768
2021,1,0.165,7500,0,0.65,"B",0.290513972765793,-0.892889128428556
2021,0,0.176,25000,0,0.85,"Missing",0.176102019713537,-1.54298322734744
2021,0,0.165,7500,0,0.72,"Missing",0.0014676513159809,-6.52262317080557
2021,1,0.242,2000,0,0,"Missing",0.999912200196895,9.34036349620201
2021,1,0.22,10000,1,0.89,"D",0.860972889892766,1.82339406630784
2021,0,0.319,3000,1,0.8,"Missing",0.000261112702809662,-8.25029728551541
2021,0,0.308,5500,0,0.35,"Missing",0.0265414132118813,-3.60214900750954
2021,1,0.165,4000,0,0.84,"Missing",0.991799129679332,4.79528031123346
2021,0,0.242,25000,0,0.73,"Missing",0.0625759691959056,-2.70675439500606
2021,1,0.319,5000,0,0.9,"Missing",0.999714742953239,8.16183456798104
2021,1,0.242,6001,0,0.25,"Missing",0.999997642952576,12.9580984566137
2021,0,0.319,5000,1,0.42,"Missing",0.00335824443488782,-5.69297303517485
2021,0,0.121,14000,0,0.56,"AA",0.0153317796684262,-4.16237697556575
2021,0,0.099,7000,0,0.17,"Missing",2.91512351023913e-05,-10.4429841238259
2021,0,0.11,1000,0,0.65,"Missing",0.000163432049576651,-8.71894980752565
2021,0,0.22,5950,0,0.74,"Missing",0.00011460021424874,-9.07394627736878
2021,0,0.319,4000,1,0.94,"Missing",0.0266501607769702,-3.59794838105568
2021,0,0.253,15000,0,0.77,"Missing",0.326365847332833,-0.724668180127432
2021,0,0.187,2000,0,0.53,"A",0.00449544626835217,-5.4001847537571
2021,0,0.242,25000,0,0.7,"C",0.000963581139674367,-6.94388981450732
2021,0,0.22,5000,0,0.81,"C",0.000378011139441976,-7.88020881075202
2021,0,0.297,1700,1,0,"Missing",0.235513932269936,-1.17743372908591
2021,1,0.242,10000,0,0.8,"Missing",0.993196196441195,4.98344642133755
2021,0,0.143,6000,0,0,"B",0.000253045749823977,-8.28168717846932
2021,1,0.198,14000,0,0.28,"Missing",0.988435501461794,4.44818345713148
2021,0,0.165,12000,0,0.33,"Missing",0.0125104270723991,-4.36860347528162
2021,1,0.231,5500,1,0,"Missing",0.984844839362118,4.17414299515782
2021,0,0.22,9000,1,1.01,"Missing",0.0316044002927628,-3.42234432050474
2021,1,0.176,2000,0,0.89,"C",0.980320756177869,3.90831535312153
2021,1,0.198,15000,0,0.61,"Missing",0.980296796420735,3.90707413854449
2021,1,0.319,9200,1,0.98,"Missing",0.235868933183312,-1.17546304499347
2021,0,0.099,3600,0,0.23,"Missing",1.1120925320068e-08,-18.3144373282287
2021,0,0.11,3600,1,0.28,"Missing",6.94740806631755e-06,-11.877134960613
2021,1,0.308,3001,0,0.75,"Missing",0.424019298618686,-0.306295185782008
2021,1,0.319,2100,0,0,"Missing",0.253137788382806,-1.08194675386161
2021,0,0.319,7400,0,0,"Missing",0.0654423115842724,-2.65890434145115
2021,1,0.253,1000,1,0.93,"Missing",0.847349713255646,1.71396389641569
2021,1,0.308,2500,1,1.04,"Missing",0.99998384217694,11.0330900676374
2021,0,0.132,10000,0,0.85,"Missing",2.66355380600499e-05,-10.5332375806657
2021,1,0.066,9600,1,0.16,"Missing",0.972886076532951,3.58021961355835
2021,0,0.143,20000,0,0.79,"Missing",4.18335847832678e-07,-14.6869808449754
2021,0,0.121,5000,0,0.12,"Missing",6.1730319206806e-06,-11.9953142704991
2021,0,0.22,3200,1,0,"Missing",0.145198392386496,-1.77276837352181
2021,0,0.154,22000,0,0.71,"Missing",0.0057337877347286,-5.15562864191176
2021,1,0.297,1000,1,0,"Missing",0.99990355317771,9.24642231439362
2021,0,0.121,7000,0,0.83,"Missing",9.85159373252906e-05,-9.22519370182738
2021,0,0.099,1000,0,0.6,"Missing",0.00171334660187302,-6.36759192787043
2021,0,0.165,14000,1,0.25,"Missing",1.52849970098865e-06,-13.3912223627387
2021,0,0.165,25000,0,0.09,"Missing",0.00183902890927153,-6.29667689138035
2021,1,0.319,5000,1,1.05,"Missing",0.931102278968198,2.60374602948884
2021,0,0.165,9000,0,0.97,"Missing",0.0167805886892942,-4.0706095178316
2021,0,0.11,1500,0,0.16,"Missing",0.0004030040495758,-7.81616086221536
2021,1,0.319,5100,0,0.66,"Missing",0.998208309504004,6.32280239614111
2021,0,0.22,6500,0,0,"C",0.00858448332960451,-4.74917742712013
2021,0,0.242,12150,0,0,"Missing",0.0258018005249815,-3.63117049587947
2021,0,0.165,15000,0,0.62,"Missing",0.00261215379703526,-5.94496461693008
2021,0,0.319,2600,0,0.98,"Missing",0.11988994399221,-1.99347277473802
2021,0,0.22,1000,0,0.33,"Missing",0.0292680778374485,-3.50155291740043
2021,0,0.231,9800,0,0.7,"Missing",0.00457532372024933,-5.38249200168372
2021,0,0.319,3600,0,0.92,"Missing",0.965624394768147,3.33542777073204
2021,0,0.264,4592,0,0.6,"Missing",0.0112520368310007,-4.47589029516661
2021,0,0.264,3000,0,0.92,"Missing",0.00118383594996791,-6.73781077065313
2021,0,0.275,3000,1,0.93,"Missing",0.093611798062176,-2.27031127001913
2021,0,0.187,2800,0,0,"Missing",7.87448566897323e-07,-14.0544669928071
2021,0,0.099,1500,0,0.03,"Missing",0.000108398154342713,-9.12959109143257
2021,0,0.066,1000,0,0.04,"Missing",0.0393017416773989,-3.19639153710439
2021,0,0.253,5000,0,0.37,"Missing",0.000306627590481153,-8.08956993244195
2021,0,0.308,10000,0,0.87,"Missing",0.0145241830603253,-4.21730952995679
2021,0,0.231,4500,0,0,"Missing",0.00033548254807952,-7.9996050817173
2021,1,0.319,25000,0,0.95,"Missing",0.9130242232079,2.35113275947711
2021,0,0.22,5000,0,0.22,"Missing",3.10638318315968e-06,-12.6820483657663
2021,1,0.22,5300,0,1.26,"Missing",0.846136112379741,1.70461187103347
2021,1,0.275,15000,0,0.83,"Missing",0.345058444127685,-0.640832198025471
2021,0,0.319,5000,0,0.82,"Missing",0.711750503979339,0.903901023505574
2021,1,0.253,3500,0,0.92,"Missing",0.961795407947906,3.22584603522104
2021,0,0.11,6000,1,0.75,"Missing",0.248490481881746,-1.10667933208978
2021,0,0.176,8000,0,0.8,"Missing",0.00304372018724793,-5.79162640420106
2021,1,0.319,4090,1,0.58,"Missing",0.999618444993444,7.87087390487166
2021,0,0.253,6000,0,0,"Missing",0.0737944464663532,-2.52981271242869
2021,0,0.154,3000,0,0.98,"Missing",0.0231567606905723,-3.74203941173711
2021,0,0.253,5000,1,0.98,"Missing",0.37305206371452,-0.51914551005055
2021,0,0.253,21000,0,0,"Missing",0.000488209053859031,-7.62427852652143
2021,0,0.253,6001,0,0.42,"Missing",0.0014841385240354,-6.51143555260748
2021,0,0.275,10000,0,0.93,"Missing",0.0339685191711463,-3.3477622335625
2021,0,0.154,8000,0,0.74,"Missing",0.000135230102272775,-8.90839752994499
2021,0,0.231,2500,1,0.38,"Missing",4.35068736987055e-07,-14.6477613672099
2021,0,0.253,8100,0,0.93,"Missing",0.0233647753649074,-3.73288365768268
2021,0,0.264,15000,1,0.81,"Missing",0.00536927301813843,-5.2216790186283
2021,0,0.154,22000,0,0.71,"Missing",0.110223983088739,-2.08845525923652
2021,0,0.187,4990,0,0.9,"Missing",0.000644689743696316,-7.34609647677415
2021,1,0.319,2700,0,0.47,"Missing",0.943435544691589,2.81414725751163
2021,0,0.209,21200,1,0.47,"B",0.000667087172285691,-7.31192251773232
2021,0,0.165,12000,1,0.53,"Missing",8.93292047242396e-05,-9.32309274976813
2021,1,0.319,6000,0,1.02,"Missing",0.990766518805593,4.67564276673098
2021,0,0.286,5000,0,0,"Missing",0.00445410890615607,-5.40946420112797
2021,0,0.286,7000,0,0.58,"Missing",0.000201206971525541,-8.51097524339329
2021,0,0.143,9500,0,0.27,"Missing",0.0649247003384139,-2.66739891840905
2021,0,0.121,3000,0,0.32,"AA",0.00108813697430636,-6.82219951354523
2021,0,0.187,4500,0,0.05,"Missing",0.0186134899988071,-3.96507979130115
2021,0,0.165,2600,0,0.68,"Missing",0.00392825852779324,-5.53562307960679
2021,0,0.22,9000,0,0.94,"Missing",0.00987602141320897,-4.60772042649641
2021,1,0.275,2550,0,0,"Missing",0.992155596751995,4.84007963107104
2021,0,0.176,2000,1,0.41,"Missing",0.00220394699040518,-6.11529906026506
2021,0,0.187,2500,0,0.59,"C",0.120644568757827,-1.98634040004578
2021,0,0.22,3100,1,0.92,"Missing",0.285411872000335,-0.917773030024489
2021,1,0.297,3000,1,0.65,"Missing",0.757451091624284,1.13875559572096
2021,1,0.253,7000,0,0.52,"Missing",0.916732390453618,2.39875596552423
2021,1,0.297,10000,0,0.45,"Missing",0.99999426202589,12.0683986144775
2021,0,0.253,10000,0,1.02,"D",0.000432022823161254,-7.74660002355199
2021,0,0.264,10000,0,0,"Missing",0.0606311569876865,-2.74039930348021
2021,0,0.308,7500,1,0,"C",0.000232388255210413,-8.36686865596237
2021,0,0.253,19000,0,0.95,"Missing",0.340870947309495,-0.659415394409414
2021,0,0.132,5000,0,0,"AA",0.0377711383314262,-3.23770704953626
2021,1,0.176,5200,0,0.86,"C",0.37876583896212,-0.49478990678348
2021,0,0.308,10000,0,0.24,"Missing",0.00798469656305261,-4.82221175394277
2021,0,0.143,10200,0,0.95,"Missing",8.16123871180823e-05,-9.41344788887984
2021,1,0.187,1075,1,0.9,"Missing",0.993059423869112,4.96340571797199
2021,1,0.308,3900,0,1.08,"Missing",0.999976725065453,10.6681102717759
2021,0,0.264,3000,0,0.67,"Missing",0.00840915247390146,-4.76998987719856
2021,0,0.319,6000,0,0.43,"D",0.0211678990329196,-3.83387428971486
2021,1,0.319,2501,0,1.07,"Missing",0.999996287025721,12.503673597064
2021,1,0.253,7500,1,0.81,"Missing",0.999624941695093,7.88805393567085
2021,0,0.264,10000,0,0.89,"Missing",0.000135578138929377,-8.90582682545939
2021,0,0.165,6000,0,0.39,"B",0.0312366101063031,-3.434429594636
2021,1,0.22,2000,0,1.03,"Missing",0.902154330532188,2.22139416755929
2021,1,0.231,5000,0,0.95,"Missing",0.731480951781365,1.00214932565894
2021,1,0.275,7500,1,0.76,"Missing",0.0590266317112525,-2.76892611068648
2021,1,0.319,5500,0,0.77,"Missing",0.999990748992607,11.5907688539772
2021,0,0.088,2000,0,0.15,"Missing",0.000451386009646087,-7.70273619939807
2021,0,0.121,3000,0,0.27,"Missing",2.28731413205959e-07,-15.290717161105
2021,0,0.231,2500,1,0.38,"Missing",0.481864034146861,-0.0725757027345999
2021,0,0.209,9000,1,0.98,"Missing",0.0549109792143613,-2.84556581073593
2021,1,0.308,2550,0,0.94,"Missing",0.999217861296242,7.15269601787906
2021,1,0.264,25000,0,0.85,"Missing",0.945640944089587,2.85625172352754
2021,1,0.319,3500,0,0.94,"Missing",0.99836509604741,6.41453497908495
2021,1,0.319,4000,0,0.8,"Missing",0.999973294495013,10.5306141286728
2021,0,0.198,6000,0,0.58,"C",0.00850373949734326,-4.7587091687826
2021,0,0.176,25000,0,0.85,"Missing",4.67121535103826e-08,-16.8792614129426
2021,1,0.275,9000,0,0.99,"Missing",0.980782811941185,3.93254595053098
2021,0,0.165,10500,0,0.84,"C",0.00489596151389106,-5.31443660853075
2021,0,0.319,23250,0,0.92,"C",0.000234054148253148,-8.35972398504164
2021,1,0.275,9000,0,0.99,"Missing",0.413995145866544,-0.347473824250357
2021,0,0.176,6000,1,0.55,"Missing",0.551887953661134,0.20830173859611
2021,1,0.264,17500,0,0.15,"Missing",0.96485670702483,3.31254581165089
2021,1,0.319,9200,1,0.98,"Missing",0.993919916688523,5.09663823826937
2021,1,0.165,10200,0,0,"Missing",0.420350017686575,-0.32133670294677
2021,0,0.319,23250,0,0.92,"Missing",0.00828606918270292,-4.78485899653522
2021,1,0.319,4200,0,1,"Missing",0.915475651009882,2.38240412079223
2021,0,0.22,12200,0,0.35,"Missing",6.49878966202051e-07,-14.246479047359
2021,1,0.22,2500,0,0,"Missing",0.909915719502851,2.31260629718798
2021,0,0.099,6000,0,0,"Missing",6.01747446512081e-08,-16.626013036548
2021,1,0.198,20000,0,0.53,"Missing",0.99964617975733,7.9463676800143
2021,0,0.22,7400,1,0.27,"Missing",2.5849478224951e-08,-17.4709753950676
2021,0,0.121,10121,0,0,"Missing",6.2756119118225e-08,-16.5840096851045
2021,1,0.319,6000,0,0.92,"Missing",0.999987023853067,11.2523847609522
2021,1,0.198,6000,0,0.75,"Missing",0.415583987309002,-0.340928350335388
2021,0,0.11,2000,0,0,"Missing",0.0109302724088974,-4.50522860733868
2021,1,0.165,7500,0,0.98,"Missing",0.911954074956729,2.33773107855905
2021,0,0.088,2499,0,0.01,"AA",0.0124364683563323,-4.37460767772756
2021,0,0.121,1600,0,0.69,"Missing",3.13027799299182e-08,-17.2795588963891
2021,0,0.11,3600,1,0.28,"Missing",0.00173902127011796,-6.35269227732668
2021,1,0.319,6000,0,0.98,"Missing",0.995331128476035,5.36215807544407
2021,1,0.319,3000,0,0.63,"Missing",0.994496526540006,5.19685717453536
2021,0,0.253,7500,0,0.89,"Missing",0.00205122479896341,-6.1872648698909
2021,1,0.187,1000,1,0.59,"Missing",0.863412159351378,1.84392423723616
2021,1,0.319,5000,0,0.89,"Missing",0.823278179712904,1.53871729104603
2021,0,0.209,11000,0,0.93,"Missing",0.0025938811140657,-5.95200277420922
2021,0,0.319,2550,0,0,"Missing",0.503462515522766,0.0138502834955494
2021,0,0.198,10000,0,0.66,"Missing",1.68215414340145e-05,-10.9928334430096
2021,0,0.165,25000,0,0.9,"B",0.00613550857428277,-5.08750789890909
2021,1,0.319,2100,0,0,"Missing",0.994572145996151,5.21076879590454
2021,0,0.22,18000,1,0.75,"Missing",0.000114906489814754,-9.07127697932575
2021,0,0.319,23500,0,0.86,"C",0.000974552759430762,-6.93255687253667
2021,1,0.231,6001,1,0,"D",0.997951224402778,6.18846205670739
2021,0,0.231,5500,1,0,"C",0.0333281993200511,-3.36745517328142
2021,0,0.253,6001,0,0.42,"Missing",0.0933703000466992,-2.27316078966612
2021,1,0.319,2500,0,0.89,"Missing",0.743745378353986,1.06552717688096
2021,1,0.319,9000,0,0.85,"Missing",0.973059829209652,3.58682705910102
2021,0,0.176,3000,1,0.96,"C",0.110438419807828,-2.08627065602127
2021,0,0.077,1000,0,0,"Missing",1.32081368932567e-06,-13.5372612591598
2021,0,0.242,20000,0,0.92,"D",0.000147904668688436,-8.8187947066172
2021,1,0.198,4500,0,0.49,"B",0.215119527716739,-1.29433762506444
2021,0,0.264,3500,0,0,"C",0.0152814531696946,-4.16571597913717
2021,1,0.264,3200,1,0.73,"Missing",0.998763993990285,6.69463328723463
2021,0,0.209,16000,0,0.99,"Missing",0.0342942460412374,-3.33788159908473
2021,0,0.121,12000,0,0.47,"Missing",0.0462443327367563,-3.0264686036368
2021,0,0.165,5000,1,0.92,"Missing",0.497682691121645,-0.00926930188101949
2021,0,0.187,8000,0,0.8,"Missing",0.00247473993373583,-5.99914215859689
2021,1,0.22,6000,0,1,"Missing",0.955027139708336,3.0556805554198
2021,1,0.319,25000,0,0.34,"Missing",0.978939869365917,3.8390885105459
2021,1,0.22,1300,0,0,"Missing",0.986941841638526,4.32519801308373
2021,1,0.297,1800,1,0.1,"Missing",0.999896006888717,9.17108190016307
2021,0,0.187,1000,1,0.71,"Missing",0.00824525030332175,-4.78983853484437
2021,1,0.319,3000,0,0.91,"Missing",0.70047159484797,0.849544560162198
2021,0,0.253,25000,0,0.04,"Missing",2.57981311605791e-05,-10.5651827058328
2021,1,0.308,2000,1,0.97,"Missing",0.93200178285692,2.6178532412721
2021,0,0.165,15000,1,0.72,"C",0.315655441283173,-0.773810288593107
2021,0,0.308,1250,0,0,"Missing",0.00252047813299024,-5.9807830002572
2021,0,0.187,5600,0,1.09,"Missing",0.356743879385111,-0.589524866642444
2021,0,0.121,6001,0,0.01,"A",6.1590943826333e-05,-9.69493412119834
2021,0,0.077,1000,0,0.34,"Missing",3.22053480762569e-05,-10.3433458240138
2021,0,0.286,9000,1,0.83,"Missing",0.00023286280642435,-8.36482820152362
2021,0,0.165,10200,0,0,"Missing",0.000211359922732437,-8.46173670050119
2021,1,0.165,3500,0,0.9,"Missing",0.904293853651829,2.24587184536089
2021,0,0.22,7000,0,0.59,"Missing",0.140852915372196,-1.80822394253915
2021,0,0.165,14000,1,0.25,"Missing",0.334185785577925,-0.689313591724845
2021,1,0.253,1000,1,0,"Missing",0.554765823020358,0.219945700046626
2021,1,0.319,2000,1,0.98,"Missing",0.999975366435333,10.6113759937899
2021,0,0.11,3000,1,0.32,"Missing",0.000864094985343043,-7.05296338993257
2021,0,0.176,10999,0,0.97,"Missing",6.18618214248797e-06,-11.9931862536258
2021,0,0.165,2500,0,0.7,"D",7.60724819210112e-06,-11.7864014483998
2021,0,0.319,12000,0,0.92,"Missing",2.77231317601765e-05,-10.4932156881467
2021,0,0.22,9999,0,0.94,"Missing",0.00424363218412788,-5.45808306730487
2021,0,0.319,3000,0,0.94,"Missing",0.231670227421904,-1.19890410541825
2021,0,0.22,13000,0,0.9,"Missing",0.0482268114853729,-2.98241163775996
2021,0,0.165,7000,0,0.95,"Missing",0.0360146014719741,-3.28715169507284
2021,0,0.165,9999,0,0.31,"Missing",0.233804190976598,-1.18695378807629
2021,0,0.187,6500,1,0.33,"Missing",0.000173632078829268,-8.65839833977133
2021,0,0.077,1000,0,0,"Missing",0.000861109721372795,-7.05642714615473
2021,0,0.187,6000,0,0.6,"Missing",0.172941114086022,-1.56492474118849
2021,1,0.22,1000,0,0.98,"Missing",0.955814531533609,3.07416792225912
2021,1,0.209,18000,0,0.76,"Missing",0.742676772825345,1.05992793227194
2021,0,0.264,4000,0,0.92,"Missing",0.0105740861204305,-4.53871858763399
2021,0,0.275,15000,0,0,"Missing",0.000400492726042823,-7.82241438086633
2021,0,0.22,5500,0,0.95,"Missing",0.000554632287696245,-7.49665042233594
2021,1,0.176,5000,0,0.35,"B",0.00927205975531266,-4.67143441538697
2021,1,0.319,7200,0,1.15,"Missing",0.996808733691347,5.74414110973523
2021,0,0.242,9000,0,0.95,"Missing",0.000407594593577064,-7.80482984306141
2021,0,0.11,9990,0,0.05,"Missing",0.00598821015385257,-5.11195650582315
2021,0,0.319,3600,0,0.3,"Missing",0.109831025922746,-2.09246824645596
2021,0,0.187,1000,0,0.72,"Missing",4.39933775074218e-05,-10.0314274522237
2021,0,0.22,2018,0,0,"Missing",0.0490096899216033,-2.96548584123938
2021,1,0.231,13500,0,0.82,"C",0.999575516711403,7.76421334684306
2021,0,0.165,3500,1,0.89,"Missing",0.0780865024558931,-2.46863418066243
2021,0,0.143,25000,0,0.11,"Missing",2.76323563668577e-06,-12.799105469508
2021,1,0.253,5000,0,0.78,"Missing",0.196489156100922,-1.40838343636657
2021,0,0.275,14000,0,0.84,"Missing",0.000201717339413006,-8.50844141266087
2021,0,0.22,2000,1,0.78,"Missing",0.00527727220817689,-5.23905469580717
2021,0,0.132,15000,0,0.55,"Missing",0.00388385381632147,-5.54703595110368
2021,1,0.319,10000,0,1.13,"Missing",0.976058893226471,3.70792599581041
2021,1,0.275,3000,0,0.71,"Missing",0.726138793352072,0.975119738998965
2021,0,0.22,3000,0,0,"Missing",0.00245958917095684,-6.00529832773122
2021,0,0.198,13000,0,0.52,"Missing",5.34497443203715e-07,-14.4419383555242
2021,0,0.264,22000,0,0.93,"Missing",0.00780837284530201,-4.84471966149009
2021,0,0.308,9000,0,0.7,"Missing",0.15480709644441,-1.69738508676582
2021,1,0.319,4000,1,1.14,"Missing",0.999980266759418,10.8331862715284
2021,0,0.275,15000,1,0.82,"Missing",0.00480098011693728,-5.33412264904195
2021,0,0.209,15000,1,0.41,"A",3.78676013722179e-05,-10.1813767882061
2021,0,0.242,25000,0,0.63,"Missing",9.37395038826847e-07,-13.8801601065589
2021,0,0.264,6000,0,0,"Missing",0.00307717202287193,-5.78066236191745
2021,0,0.242,5000,0,0.47,"Missing",0.488346554425029,-0.0466222254277149
2021,0,0.275,15000,0,0.11,"Missing",2.11579753048584e-05,-10.7634724823787
2021,0,0.209,5500,0,0.29,"Missing",4.46870914434684e-06,-12.3184065043505
2021,0,0.187,10000,0,0.05,"Missing",0.000118403581858575,-9.04129317319593
2021,0,0.11,1500,1,0.79,"Missing",0.000302635510601407,-8.10267873055727
2021,1,0.275,9000,0,0.79,"D",0.977134540111829,3.75499687984226
2021,0,0.198,2275,0,1.03,"Missing",0.0795458428217881,-2.44853370260968
2021,0,0.165,7500,1,0,"A",2.0881705414951e-05,-10.7766162394005
2021,1,0.319,3100,0,1,"Missing",0.9432546582149,2.81076272739491
2021,0,0.165,1000,1,0.46,"D",4.06853441603833e-05,-10.1096019385329
2021,0,0.231,15000,0,0.82,"Missing",0.00011850798361758,-9.040411712352
2021,1,0.319,1300,0,0.55,"Missing",0.976562599648774,3.72970580236459
2021,1,0.319,8500,1,0.87,"Missing",0.756376004212063,1.13291257674483
2021,0,0.275,5000,0,0.52,"C",0.0130871653663499,-4.32294971517407
2021,0,0.22,5000,0,0.77,"Missing",0.0100683265793863,-4.58824140988847
2021,0,0.176,8000,0,0.9,"Missing",6.76404666452366e-09,-18.811644500216
2021,0,0.187,1200,0,1.36,"Missing",0.94936871922488,2.93122767520844
2021,0,0.132,6000,0,0.6,"A",1.51977113285937e-05,-11.0943505141094
2021,0,0.231,10001,0,0.69,"Missing",0.00119544466258822,-6.72804090045084
2021,1,0.187,1600,0,0.98,"Missing",0.357723491486576,-0.585258591765002
2021,1,0.319,5824,0,0,"Missing",0.950198472784211,2.94862523095023
2021,0,0.121,1500,0,0.39,"Missing",2.0157496510711e-05,-10.8119141457889
2021,0,0.154,9500,0,0.77,"Missing",1.45977349481757e-05,-11.1346295839799
2021,0,0.099,5000,0,0.08,"A",4.3497408702173e-07,-14.6479789427229
2021,0,0.132,4000,0,0.04,"Missing",9.76716642869908e-06,-11.5364743945304
2021,0,0.077,1000,1,0.99,"Missing",0.000734398507916287,-7.21572408205386
2021,0,0.187,5000,0,0.78,"Missing",2.76645932425404e-06,-12.7979395112158
2021,0,0.275,15000,0,0.65,"Missing",0.0213735791469869,-3.82399443715629
2021,0,0.22,9000,0,0.92,"Missing",0.000177290492631393,-8.63754366317182
2021,0,0.099,3000,0,0.13,"A",0.00997764932436208,-4.59737999537511
2021,0,0.22,7500,0,0.36,"Missing",0.0471795641952662,-3.00546562909715
2021,0,0.198,13000,0,0.95,"Missing",0.000283496917353785,-8.16802577127701
2021,0,0.319,5000,0,1.08,"Missing",0.000194469353494523,-8.54504148463628
2021,1,0.319,2610,0,1.39,"Missing",0.368330435854083,-0.539385957082986
2021,0,0.132,8000,0,0.61,"A",0.00169455501768991,-6.37863910665237
2021,0,0.187,15000,0,0.96,"Missing",2.00532415691254e-06,-13.1197028306769
2021,0,0.209,10300,0,0.38,"Missing",0.00143596628773374,-6.54448028686484
2021,0,0.275,15000,0,0.79,"Missing",0.00987145423963985,-4.60818759693411
2021,0,0.11,6000,0,0.51,"Missing",0.000853598385981697,-7.06519578590679
2021,0,0.187,5000,0,0.97,"Missing",0.0041608274891569,-5.47787180100889
2021,0,0.077,1500,1,0.07,"Missing",2.05665944071112e-05,-10.7918218623519
2021,0,0.209,5000,0,0.39,"Missing",0.000230362141832445,-8.3756275689278
2021,0,0.077,2000,1,0.07,"Missing",0.00595476090285558,-5.11759166644386
2021,0,0.176,6000,1,0.55,"Missing",0.000508595047645043,-7.58334971782725
2021,0,0.187,1000,0,0.35,"D",0.00116190352967637,-6.7565330658685
2021,0,0.165,5500,0,0.28,"Missing",0.00983403680082053,-4.61202305748846
2021,0,0.198,2700,1,0.74,"Missing",0.000306277282097052,-8.09071339148002
2021,1,0.209,8750,0,0.73,"Missing",0.642040364350854,0.584230944073596
2021,0,0.275,10500,0,0.81,"Missing",0.0185606255495055,-3.9679778125804
2021,0,0.22,7500,0,0.36,"Missing",0.000247761093379756,-8.30279781745779
2021,0,0.165,5000,0,0.7,"Missing",0.0137421050828837,-4.27345339369345
2021,0,0.253,8500,0,1,"Missing",0.0100437980939092,-4.59070536271739
2021,0,0.319,10000,0,0.47,"Missing",0.000867701261213682,-7.0487949937205
2021,0,0.22,5000,0,0.97,"C",0.00636816215047286,-5.05005584204417
2021,0,0.286,2550,1,0.51,"Missing",0.514651442290493,0.0586225519338157
2021,0,0.231,6001,1,0,"Missing",0.408169679896561,-0.371537002304751
2021,0,0.121,2700,1,0.12,"Missing",0.00873854859790511,-4.73123421380436
2021,1,0.22,5000,0,0.72,"Missing",0.989097761325496,4.50782502426932
2021,1,0.275,1250,0,0.99,"Missing",0.835187490033826,1.62284771402515
2021,0,0.22,1500,0,0,"Missing",0.0015807682614807,-6.44826228968296
2021,0,0.187,11300,0,0.27,"Missing",0.00536745998993969,-5.22201856581584
2021,0,0.198,2500,0,0.84,"Missing",0.00453286943401306,-5.39185693683873
2021,0,0.22,20000,1,0.05,"Missing",0.155754437985106,-1.69016275098475
2021,0,0.11,1000,0,0.56,"Missing",0.000693778287046083,-7.27266410055182
2021,0,0.253,5000,0,0.97,"Missing",0.423354328655276,-0.309018505284787
2021,1,0.308,5000,0,0.56,"Missing",0.996755336444182,5.72749367610624
2021,0,0.319,1000,1,0.42,"Missing",0.127757135378997,-1.9209368178419
2021,0,0.286,3675,0,0.85,"Missing",0.722887722050694,0.958831155945492
2021,1,0.22,1500,0,0.6,"Missing",0.99491539428305,5.27644021463393
2021,1,0.319,2550,0,0.98,"Missing",0.994679284878389,5.23081264276955
2021,0,0.198,13000,0,0.95,"Missing",3.44482407680541e-07,-14.8812224695535
2021,0,0.242,6001,0,0.69,"Missing",0.00135623854454488,-6.60168302806126
2021,1,0.319,3700,0,0.58,"Missing",0.747795284279777,1.08688813470665
2021,1,0.308,5500,0,0.35,"Missing",0.96343270370356,3.27134834260599
2021,0,0.088,2500,0,0.47,"Missing",0.000263425323512858,-8.24147717235104
2021,0,0.319,13200,0,0.98,"Missing",0.00654005290234319,-5.02324849174999
2021,0,0.154,2500,1,0.71,"Missing",0.0575882807217148,-2.79512316107828
2021,0,0.319,2000,0,0.28,"Missing",0.0941103644493713,-2.26444930010498
2021,0,0.132,6250,0,0.21,"AA",0.0011128867728085,-6.79968443690136
2021,0,0.253,1525,0,0.56,"Missing",0.0133549410160101,-4.30242392880186
2021,0,0.286,9500,0,0.86,"D",0.00248076749444895,-5.99670344341752
2021,0,0.319,25000,0,0.58,"Missing",0.000788414862636884,-7.14469740539335
2021,0,0.176,4500,0,0.88,"Missing",0.104896815752953,-2.14396184142144
2021,0,0.132,5900,1,0.31,"Missing",0.00036233901941801,-7.92256786198826
2021,0,0.143,2500,1,0.9,"Missing",0.00355387363384075,-5.6361569022753
2021,0,0.22,4600,0,0.91,"Missing",0.652791843046925,0.631333832200631
2021,0,0.242,10000,0,0.65,"Missing",0.0109463041428495,-4.50374674514149
2021,0,0.319,10000,1,0.72,"Missing",0.308888059652891,-0.80532286348756
2021,0,0.187,1500,0,0.77,"Missing",0.312815606852618,-0.786988758168854
2021,0,0.187,25000,0,0.78,"B",0.00138929074861154,-6.57757165815247
2021,1,0.297,6000,0,0.85,"Missing",0.998347435885395,6.40377325733547
2021,1,0.319,5000,0,1,"Missing",0.9906314507695,4.66098431592283
2021,1,0.319,2600,0,0.98,"Missing",0.923981073518989,2.49770924629961
2021,1,0.308,1250,0,0,"Missing",0.983764524112783,4.10418784610082
2021,1,0.319,7000,1,0,"Missing",0.203179797483131,-1.36653777158665
2021,0,0.165,5000,1,0.92,"Missing",0.300096406610739,-0.846838823427238
2021,0,0.319,5000,0,0.32,"Missing",0.587150748825883,0.352199082102012
2021,1,0.297,15000,1,0.96,"Missing",0.138272614828036,-1.8297117558911
2021,0,0.319,5224,0,0.67,"Missing",0.0105955189145922,-4.53667206004692
2021,0,0.165,2500,0,0.24,"Missing",0.41783453564697,-0.331669203915236
2021,0,0.209,11000,0,0.93,"Missing",6.10627297961768e-06,-12.0061878515762
2021,0,0.319,25000,1,0.93,"Missing",0.038025289955883,-3.23073669786717
2021,0,0.11,3000,0,0.36,"Missing",1.78833264966606e-06,-13.2342250645085
2021,0,0.165,1500,1,0.85,"Missing",0.000128146623518949,-8.96220729854809
2021,1,0.319,11000,0,0.98,"Missing",0.136903298525284,-1.84125191108157
2021,0,0.121,12000,0,0.02,"Missing",5.66392694298797e-06,-12.0813874361968
2021,1,0.165,9000,0,0.97,"Missing",0.162572761612498,-1.63920871506493
2021,0,0.187,3600,1,0.76,"Missing",0.096342976455468,-2.23853539362
2021,1,0.22,12000,0,0.66,"C",0.944272314949422,2.82993753171186
2021,0,0.275,1500,0,0,"Missing",0.00554697243294762,-5.1889405936305
2021,0,0.11,3500,1,0.21,"Missing",0.44661007758267,-0.214376952610586
2021,0,0.088,1668,0,0.05,"AA",0.00252663855522651,-5.97833565806442
2021,0,0.187,20000,1,0.01,"Missing",0.217164546149161,-1.28226718218926
2021,0,0.264,10000,0,0.97,"Missing",0.00052705606439974,-7.5476764360138
2021,0,0.099,3500,0,0,"Missing",0.152628441097722,-1.71413279658011
2021,0,0.319,20000,0,0.04,"C",0.000209745911329735,-8.46940393796031
2021,0,0.319,15000,0,0.98,"Missing",0.518164160805626,0.0726886313505262
2021,1,0.121,14000,0,0.29,"Missing",0.929841483898561,2.58425692656587
2021,0,0.165,10000,0,0.41,"Missing",0.0159168909782489,-4.12432948284003
2021,0,0.176,17000,0,0,"Missing",0.000321185311942931,-8.04317106873
2021,1,0.319,3000,1,0,"Missing",0.999542869608384,7.69008465203585
2021,0,0.165,2000,0,0.36,"Missing",0.00062330919541787,-7.37984435792874
2021,0,0.253,18000,0,0.58,"Missing",0.000323892831357543,-8.03477391900657
2021,0,0.154,25000,0,0,"Missing",3.07058151673287e-06,-12.6936405245852
2021,1,0.242,6500,1,0.97,"Missing",0.98235711876925,4.01962253466147
2021,0,0.132,9000,0,0.05,"Missing",0.29855030960314,-0.854210719773557
2021,0,0.165,10000,1,0,"B",7.30264877247179e-06,-11.8272661274029
2021,0,0.11,3000,1,0.32,"Missing",8.80060039019848e-05,-9.33801750977779
2021,0,0.165,2300,0,0.46,"Missing",0.00277193693040308,-5.88543316443128
2021,0,0.187,3800,0,1.1,"Missing",0.00569684109487195,-5.16213032165889
2021,0,0.22,9000,1,1.01,"D",0.224783794762723,-1.23800293688023
2021,1,0.209,3000,1,0.77,"Missing",0.869065535341948,1.89272160884601
2021,0,0.319,3000,1,0.82,"Missing",0.00251396026694932,-5.98337884808171
2021,0,0.121,3000,0,0.89,"Missing",0.0128705785777115,-4.33985718076759
2021,0,0.242,5000,0,0.86,"Missing",0.0681558840067925,-2.61536804970509
2021,0,0.319,2500,0,0.95,"Missing",0.0564164926595388,-2.81692333013881
2021,0,0.11,2550,0,0.02,"Missing",8.55175639631763e-07,-13.9719581074609
2021,0,0.209,15000,0,0.37,"Missing",0.052059270003551,-2.90190910194537
2021,1,0.319,4750,0,1,"Missing",0.985407970822566,4.21258030611795
2021,0,0.275,7500,0,0.54,"Missing",0.00119725026072737,-6.72652983343232
2021,0,0.165,3000,0,0.46,"Missing",0.0997342015825074,-2.20018138819624
2021,1,0.308,5000,0,0.56,"Missing",0.746994515547238,1.08264667696283
2021,0,0.165,10000,0,0.16,"Missing",0.000378008412529978,-7.8802160273463
2021,1,0.319,3500,0,0.88,"Missing",0.99908435449868,6.99496521052903
2021,0,0.176,9000,0,0.69,"Missing",0.186149093513441,-1.47522925701163
2021,0,0.165,4999,0,0.89,"Missing",0.0127840542331926,-4.34669017425379
2021,0,0.275,15000,0,0,"Missing",0.00320506098279325,-5.73981395320617
2021,1,0.319,7000,1,0.91,"Missing",0.999503262087934,7.60695114953985
2021,1,0.275,25000,0,0.18,"Missing",0.918292718175108,2.41937307819044
2021,0,0.198,6000,0,0.75,"Missing",0.00106616829818621,-6.84261735041657
2021,1,0.264,1500,1,0.88,"Missing",0.949852664924775,2.94134150909635
2021,0,0.187,9200,0,0.06,"Missing",0.00855269002005504,-4.75291994912893
2021,0,0.143,2550,0,0.53,"B",0.00654937078065484,-5.02181538595625
2021,0,0.132,9000,0,0.05,"Missing",2.82890688494349e-05,-10.4730067982009
2021,1,0.319,3800,0,0.73,"Missing",0.977144714066703,3.75545233946005
2021,0,0.209,23000,0,0.27,"Missing",2.95437848426886e-07,-15.0348070535967
2021,0,0.165,9000,0,0.3,"Missing",0.202829323683478,-1.36870394895176
2021,0,0.198,15000,0,0.58,"Missing",4.37963253716749e-05,-10.0359168424407
2021,0,0.308,6000,0,0.68,"Missing",0.0607638749000673,-2.73807146246696
2021,0,0.22,7000,0,0.28,"Missing",3.23711145961354e-08,-17.2459993042322
2021,1,0.308,3001,0,0.75,"Missing",0.999993923328645,12.0110474096657
2021,1,0.319,7000,0,0.36,"Missing",0.999999971907238,17.3877538500839
2021,0,0.165,1000,0,0.27,"Missing",4.79333137014544e-05,-9.9456518764493
2021,1,0.319,2550,0,1.7,"Missing",0.989553673822583,4.55100365232077
2021,1,0.319,5000,0,1.01,"Missing",0.999507325482011,7.61516901295196
2021,0,0.121,14000,0,0.56,"AA",6.19080982575646e-06,-11.9924384609255
2021,0,0.154,5000,0,0.29,"Missing",0.00239499567039143,-6.03197598763065
2021,0,0.22,10000,0,0.87,"Missing",0.000325020710492789,-8.03129657953049
2021,0,0.198,20000,0,0.67,"Missing",0.00404336489372463,-5.5066264777916
2021,0,0.22,1000,0,0.9,"Missing",3.57669912547727e-05,-10.2384493542493
2021,0,0.286,1200,1,0,"Missing",0.00573181515556691,-5.15597471229418
2021,0,0.154,5000,0,0.34,"Missing",2.14382471021394e-05,-10.7503125449229
2021,0,0.319,5000,0,0.51,"Missing",0.275832873858418,-0.965227050147399
2021,1,0.121,1000,1,0.97,"Missing",0.707247057208387,0.882050994618288
2021,0,0.22,7500,1,0.9,"Missing",0.00459813510339881,-5.37749573094881
2021,0,0.132,4700,0,0.09,"Missing",0.022464173254303,-3.77311320224517
2021,0,0.143,5000,0,0.69,"Missing",1.54652885550961e-05,-11.0768970280031
2021,0,0.253,14000,1,0.83,"Missing",0.220165078891027,-1.26470463411126
2021,0,0.308,7500,1,0,"Missing",0.0119429664212255,-4.41559790127998
2022,0,0.132,8000,0,0.62,"B",0.0682721112989247,-2.61353945047023
2022,1,0.348,3000,0,1.01,"Missing",0.958378976393843,3.13663787621438
2022,0,0.288,1500,0,0.99,"Missing",0.0135828564891283,-4.28527088626859
2022,0,0.348,2000,1,1.08,"Missing",0.717065213059003,0.929950352874581
2022,0,0.18,1000,0,0,"Missing",0.0103343499944935,-4.56189386127749
2022,0,0.24,12200,0,0.35,"C",0.00226048283473974,-6.08991380324356
2022,0,0.24,1500,0,0,"D",4.3482028988086e-06,-12.3457435767223
2022,0,0.204,25000,1,0.02,"A",2.67809943920057e-06,-12.830400501392
2022,1,0.348,20000,0,0.04,"C",0.971271968957593,3.52073318320145
2022,1,0.24,4600,0,0.91,"Missing",0.740278666322356,1.04741742873595
2022,0,0.3,25000,0,0.87,"A",1.14597061296319e-05,-11.3766620303733
2022,0,0.168,5000,1,0.39,"B",0.000645294892177085,-7.34515764529297
2022,0,0.288,4000,0,0.7,"Missing",0.0268230186892558,-3.59130553286791
2022,0,0.276,6001,1,0.52,"D",0.000447191598691396,-7.71207613114944
2022,0,0.348,22000,0,0,"D",0.0644253366355847,-2.67565397195833
2022,0,0.18,20000,0,0.75,"B",2.32588915630767e-05,-10.6687998070571
2022,0,0.18,10200,0,0,"C",1.10656488847322e-05,-11.4116538774763
2022,0,0.228,6000,1,0.61,"D",3.90808270412836e-09,-19.3602189363058
2022,1,0.168,9700,0,0.23,"AA",0.992296184071736,4.85830585417183
2022,1,0.348,6000,1,0,"D",0.0872911709416036,-2.34716758999468
2022,0,0.156,2500,1,0.9,"C",0.00124144107066697,-6.69024020808246
2022,1,0.348,4300,1,0.95,"Missing",0.990989708888098,4.70033676873772
2022,0,0.132,1500,0,0,"AA",0.00274813612717583,-5.8940804498452
2022,1,0.288,2600,0,0.96,"Missing",0.999602006363428,7.82867646846376
2022,0,0.216,20000,0,0.53,"A",2.72137658043103e-06,-12.8143699885526
2022,0,0.264,5600,0,0.94,"D",0.000346189138606032,-7.96817903981568
2022,1,0.276,1750,1,0,"Missing",0.970676936826352,3.49961935569022
2022,0,0.144,18950,0,0,"AA",0.187521726722469,-1.46619445871431
2022,0,0.24,2600,0,0,"Missing",0.00182127232657954,-6.30639700873868
2022,0,0.24,2500,0,0.8,"Missing",0.0324131645278757,-3.39624052043796
2022,1,0.348,2500,0,0,"Missing",0.408689989270585,-0.369383536525107
2022,0,0.216,3002,1,0.8,"D",0.0406579965300284,-3.16105210315334
2022,0,0.108,2000,1,0.01,"AA",0.00810406545343429,-4.80725235349485
2022,1,0.324,10095,0,0.9,"Missing",0.999989292309473,11.4445376261006
2022,0,0.276,15000,0,0.86,"C",0.0100460128078234,-4.5904826442201
2022,0,0.264,17500,0,0,"AA",0.000516880566747872,-7.56718170804078
2022,0,0.24,2600,0,0,"Missing",0.0589459703394208,-2.77037928783199
2022,0,0.336,3500,0,0.93,"D",0.0111461908432135,-4.4854486927419
2022,0,0.132,4000,0,0.11,"AA",0.000178721596494635,-8.62950255217643
2022,0,0.144,4000,0,0,"B",1.51934548788806e-05,-11.0946306293502
2022,0,0.18,15000,0,0.05,"AA",0.0049202846983373,-5.30945645548477
2022,0,0.192,25000,0,0.78,"B",0.0975799092281563,-2.22440852004864
2022,0,0.12,2550,0,0.58,"A",2.11912314376603e-06,-13.0645060471469
2022,0,0.168,9000,0,0.14,"B",0.109492463622569,-2.09593584425585
2022,0,0.348,5000,1,0,"Missing",0.0504890985991576,-2.93418956773339
2022,0,0.204,13000,1,0.88,"B",0.704218971098897,0.86746993295309
2022,0,0.156,9000,0,0.26,"AA",1.77416407209659e-05,-10.939578356472
2022,1,0.132,10000,0,0.17,"AA",0.0180526609791152,-3.99624458408598
2022,0,0.12,7000,0,0.07,"AA",0.000206949533019168,-8.48282862531314
2022,1,0.348,3800,0,0.73,"Missing",0.999935577364651,9.64998108132259
2022,1,0.096,2750,0,0.01,"AA",0.710735072044824,0.898956773286338
2022,0,0.168,8000,0,0.53,"B",0.0651291567055892,-2.66403605962305
2022,1,0.312,5000,0,0.61,"D",0.9930713459025,4.96513692989377
2022,0,0.108,1000,0,0.18,"AA",0.000586901236191002,-7.44006693056605
2022,0,0.204,7100,0,0.95,"D",1.45453387229249e-05,-11.1382254329149
2022,0,0.228,4700,0,0.74,"D",0.00688691691779479,-4.97122102494331
2022,1,0.348,1000,0,0,"Missing",0.997857214372261,6.1435035165363
2022,0,0.108,2550,0,0.05,"A",1.34995840415926e-08,-18.120606950211
2022,0,0.348,1500,1,0.94,"Missing",0.973666144692402,3.61021309221816
2022,0,0.192,3000,1,0.96,"C",0.000230350774698976,-8.37567692613989
2022,1,0.18,2500,0,1.01,"D",0.902578436787492,2.22620802263388
2022,0,0.204,20000,0,0.56,"B",0.962763889532812,3.25252919760021
2022,1,0.084,2500,1,0.06,"AA",0.87189060922926,1.9177794535679
2022,0,0.132,1000,0,0.97,"Missing",0.00529798096266025,-5.235117416415
2022,0,0.132,10500,0,0.16,"AA",3.20964094405862e-07,-14.951936254542
2022,0,0.132,1000,0,0.98,"D",0.0884961586337594,-2.33213666264112
2022,1,0.348,5000,1,0,"Missing",0.997360350934596,5.93446616134917
2022,0,0.24,9000,0,0.72,"D",3.11836573796425e-05,-10.3755852181719
2022,0,0.288,15000,0,0.86,"B",0.000826426957504033,-7.09757225164773
2022,0,0.348,2000,0,0,"Missing",0.610294257465013,0.44854928212196
2022,1,0.348,2550,1,0.75,"D",0.994058845802605,5.11989298208821
2022,0,0.348,7400,0,0,"Missing",0.00669380681647346,-4.99985622499315
2022,0,0.144,25000,1,0,"AA",9.21799113516349e-07,-13.8969375965486
2022,0,0.348,5500,0,0.72,"D",0.000194895950943011,-8.54284981176962
2022,0,0.204,2500,0,0.59,"C",0.0717045013547822,-2.56079658132749
2022,1,0.348,3999,0,0.96,"Missing",0.974556726217638,3.64553131123494
2022,0,0.348,20000,0,0.04,"C",0.0299075940545713,-3.47927890091441
2022,0,0.12,6000,0,0.51,"AA",2.52595966749678e-05,-10.5862791481988
2022,1,0.348,2600,1,0,"Missing",0.99990008657396,9.21110656812525
2022,0,0.18,16000,0,0.77,"B",0.0123757755742343,-4.37956130659406
2022,0,0.348,3700,0,0.58,"D",0.00156047716901277,-6.46120193093778
2022,0,0.228,12500,0,0.02,"AA",0.000516578492444535,-7.56776659910282
2022,0,0.24,2018,0,0,"Missing",0.000121685568221331,-9.01394845689994
2022,0,0.288,1500,0,0,"Missing",0.0192825950002085,-3.92908147419611
2022,1,0.348,2500,1,0.87,"Missing",0.0559043116564919,-2.82658601699161
2022,1,0.18,5000,1,0.84,"B",0.678195321439123,0.745490557995408
2022,1,0.276,4500,1,0,"D",0.995156908576637,5.32534718112112
2022,1,0.348,13500,0,0.78,"D",0.999864368205545,8.9054310965664
2022,0,0.348,1000,0,0.95,"Missing",0.140075002423056,-1.8146671625749
2022,0,0.12,1425,0,0,"AA",2.87030828365276e-05,-10.4584773215657
2022,1,0.24,1500,0,0.74,"Missing",0.978562087696705,3.82092327918799
2022,1,0.216,7000,0,0.33,"C",0.565328847017096,0.262817816906448
2022,1,0.276,6001,1,0.85,"Missing",0.17230629719156,-1.5693694711034
2022,0,0.252,7000,0,0.78,"D",0.118397612641678,-2.00769258763128
2022,0,0.24,10000,0,0.35,"C",0.00465989113110153,-5.36409241127075
2022,0,0.18,4000,0,1,"D",0.000181422702051797,-8.61449943982472
2022,0,0.24,12000,0,0.95,"C",2.1224886494145e-06,-13.0629191440278
2022,0,0.18,10000,0,0.68,"B",0.00375459235705277,-5.58101390116676
2022,1,0.24,15000,0,1.03,"D",0.448489300650576,-0.206776413594899
2022,0,0.156,10000,0,0.15,"A",0.00133256353193793,-6.61931727212394
2022,0,0.156,20000,0,0.79,"A",0.00806434586178447,-4.81220564038555
2022,0,0.06,2000,0,0.1,"AA",2.10884443153621e-06,-13.0693683144307
2022,0,0.18,6010,0,0.63,"B",0.00719297774796612,-4.92743106973177
2022,0,0.324,7500,0,0.73,"C",0.00586967214237656,-5.13206953341401
2022,0,0.18,10000,0,0.64,"AA",0.000187118088826159,-8.58358351376968
2022,0,0.3,5000,0,0.76,"C",0.544156011394237,0.177085370668012
2022,0,0.12,1000,0,0.28,"A",7.40739255700625e-05,-9.51037289256351
2022,0,0.12,3000,0,0,"A",5.04851181768601e-05,-9.893781468287
2022,0,0.156,9900,0,0.86,"B",0.068184622209333,-2.61491564394017
2022,1,0.324,2800,0,0,"Missing",0.99999803681337,13.1409396102217
2022,0,0.144,12000,0,0,"AA",1.97760981990464e-05,-10.8310167348409
2022,1,0.348,3600,0,0.3,"Missing",0.999901301957629,9.22334674294277
2022,0,0.348,5000,1,0.96,"Missing",0.00121334756612019,-6.7131580714833
2022,1,0.348,2550,0,0.99,"Missing",0.999613531589117,7.85807388138853
2022,0,0.12,1500,0,0.16,"A",9.26827566007326e-05,-9.28623542858018
2022,0,0.216,5000,0,0.66,"C",0.0715243580568291,-2.56350608286929
2022,0,0.108,1500,0,0.76,"A",3.7210893756397e-05,-10.1988717850553
2022,0,0.18,5500,1,0,"C",2.33147325607702e-05,-10.6664017834594
2022,0,0.156,9000,0,0.26,"AA",6.79391874368282e-07,-14.2020670619107
2022,0,0.204,25000,0,0.91,"A",8.48644141280062e-05,-9.37437083493549
2022,0,0.084,2000,0,0.39,"C",0.0015830559058977,-6.44681387202093
2022,0,0.216,12000,0,0.54,"B",1.58798496740326e-05,-11.0504436885851
2022,0,0.348,5000,0,0,"Missing",0.848424835885626,1.72229986137024
2022,0,0.204,1000,0,0.67,"D",0.206302323555836,-1.34735994558508
2022,0,0.204,9500,0,0.95,"AA",8.84714284717224e-05,-9.33274242486026
2022,1,0.204,9000,0,1,"Missing",0.507642151892784,0.0305709882817236
2022,0,0.18,5000,0,0.64,"C",0.0697197791937469,-2.59100179985306
2022,0,0.084,1000,1,0,"Missing",0.146655239080513,-1.76107912056986
2022,1,0.204,7500,0,0.2,"C",0.829901326706835,1.58492811043617
2022,1,0.288,3500,0,0.8,"Missing",0.975397896505234,3.6800135395278
2022,0,0.348,3000,0,0.36,"Missing",0.00026948245193773,-8.21873776436993
2022,0,0.108,1000,0,0.6,"A",9.38489494415524e-05,-9.27373013565737
2022,1,0.336,5000,0,0.96,"Missing",0.419994593541583,-0.322795586302526
2022,0,0.348,25000,0,0.58,"D",0.00188234047079004,-6.27335523085343
2022,0,0.132,8000,0,0,"A",0.0138654945568309,-4.26438941268081
2022,0,0.192,2000,1,0.41,"C",0.0498643380628094,-2.94729869725796
2022,0,0.348,3700,0,0.58,"D",3.04720889926256e-05,-10.3986689357669
2022,0,0.168,14500,0,0.48,"A",2.16534164377126e-05,-10.7403256591869
2022,0,0.24,8000,0,0.84,"D",0.00328527866383713,-5.7150131144288
2022,0,0.216,9999,0,0.97,"C",0.0305320825715844,-3.45796936390123
2022,1,0.276,6500,0,0.71,"Missing",0.855688862404678,1.77993518515413
2022,1,0.348,25000,0,0.47,"D",0.140146583504992,-1.8140730288874
2022,0,0.276,5000,0,0,"D",0.111489212135631,-2.07561895510782
2022,0,0.264,7000,0,0.75,"C",0.286911054930281,-0.910433905685611
2022,1,0.168,2400,0,0.94,"B",0.675738022853392,0.734253700257473
2022,0,0.264,3000,0,0.3,"Missing",0.00251372426745393,-5.98347296466941
2022,0,0.336,10000,0,0.87,"D",0.842365287333614,1.67593334189583
2022,0,0.156,20000,0,0.52,"A",0.0139641805575334,-4.25719716260275
2022,0,0.3,5100,0,1.02,"Missing",0.000368439998388964,-7.90586417832774
2022,0,0.276,6001,0,0.88,"D",0.689261989751718,0.796671298737727
2022,1,0.204,1675,0,0.95,"Missing",0.993847850005127,5.08478251314761
2022,0,0.264,10000,0,0.65,"C",0.0769944375378314,-2.48390208151174
2022,0,0.348,25000,0,0.57,"B",0.0118836701643463,-4.42063523094911
2022,0,0.3,25000,0,0.71,"A",0.00224171370795415,-6.09827042731203
2022,0,0.348,2500,0,1.21,"Missing",0.0174136759376009,-4.03293233059447
2022,1,0.24,7000,0,0.59,"C",0.986108125707484,4.26246192362224
2022,0,0.18,7000,1,0,"B",0.955627918530728,3.06975815480695
2022,0,0.132,1000,0,0.01,"AA",5.89970013947777e-05,-9.73796494042567
2022,0,0.24,3000,0,0.39,"D",0.0175844994668543,-4.02299653361961
2022,0,0.348,5000,0,0.46,"Missing",0.0172822257847322,-4.04064341025948
2022,0,0.132,23500,0,0.02,"AA",0.000421763697214816,-7.77064350730603
2022,1,0.348,2000,0,0,"Missing",0.986419180650439,4.28542294143528
2022,0,0.204,4000,0,0.75,"B",0.00302805417224925,-5.79680240512377
2022,0,0.132,6475,0,0.1,"AA",0.000143966344570208,-8.84578702725837
2022,0,0.18,10000,0,0.59,"B",0.00140512934922266,-6.56621979946114
2022,0,0.204,7000,0,0.51,"B",0.00359659116328895,-5.62416570675152
2022,0,0.18,25000,0,0.44,"AA",1.06263390374986e-05,-11.4521641976403
2022,0,0.144,25000,1,0,"AA",0.00347423143317558,-5.65890171414628
2022,0,0.108,5000,0,0.08,"A",0.000395878280076027,-7.83400781084354
2022,0,0.168,5000,0,0,"B",1.15583186836161e-08,-18.2758604153154
2022,0,0.18,1500,1,0.85,"D",1.2935808839749e-05,-11.255498277291
2022,0,0.264,3200,0,0,"D",0.202090428780657,-1.37328000729559
2022,1,0.348,3500,0,1.01,"Missing",0.999912937834256,9.34880107974553
2022,0,0.228,25000,0,0.72,"C",0.0247482680691462,-3.67394011470717
2022,0,0.096,5000,0,0.13,"AA",3.5436351676406e-07,-14.852942212819
2022,0,0.276,8000,1,0,"C",0.0261193533615596,-3.61861220909532
2022,0,0.204,10000,0,0.79,"A",0.0121627917318031,-4.39713648181733
2022,0,0.192,6500,0,0.67,"C",0.156786783936246,-1.68233303312101
2022,0,0.3,5000,0,0.52,"C",0.55444098095323,0.218630648256233
2022,0,0.204,5000,0,0.34,"D",0.194765967457979,-1.41933428791676
2022,0,0.132,8000,0,0,"A",0.0495266922313729,-2.95444831799262
2022,0,0.348,2500,0,0,"Missing",0.000727292004889224,-7.22545494711926
2022,1,0.348,5000,0,0,"Missing",0.999782391078965,8.43259341382004
2022,0,0.156,6000,0,0.92,"C",0.0540119254402246,-2.8630250991308
2022,0,0.144,12000,0,0,"AA",1.29298400633528e-06,-13.5585565346898
2022,0,0.24,5000,0,0.87,"D",8.45622383271544e-06,-11.6805993832038
2022,0,0.216,10000,0,0.97,"C",0.00156157495908792,-6.46049758236609
2022,0,0.18,4000,0,0.84,"Missing",2.15358774725151e-05,-10.7457687578351
2022,0,0.168,3000,0,0,"C",0.0452306682225087,-3.04969441664133
2022,0,0.156,20000,0,0.46,"A",0.000812493078469732,-7.11459033927328
2022,0,0.264,15000,0,0.83,"D",0.000361130316897366,-7.9259104805966
2022,0,0.12,6000,0,0.52,"A",1.42862572509228e-08,-18.0639677788851
2022,0,0.312,5050,1,0,"D",0.0700150864678363,-2.58645762421016
2022,0,0.156,13000,0,0.81,"B",0.128923967661447,-1.91050643357318
2022,0,0.12,2000,1,0,"B",0.0003856872474373,-7.86009799507697
2022,1,0.324,1000,0,0,"Missing",0.995778491363739,5.46333227371579
2022,1,0.348,9000,1,0,"Missing",0.998586855319898,6.56052364426471
2022,0,0.18,3000,0,0,"C",3.99992167388689e-05,-10.1266106855536
2022,0,0.24,2000,1,0,"D",0.000113451939069201,-9.08401779666968
2022,0,0.24,2000,0,1.44,"Missing",0.363305852825424,-0.561044345273279
2022,1,0.348,1000,0,0,"Missing",0.942624037910238,2.79904207918362
2022,0,0.18,5000,0,0.53,"A",1.44928684473121e-05,-11.1418393677728
2022,0,0.276,7800,1,1.03,"C",0.0041800412601385,-5.47324535959287
2022,0,0.24,3000,0,0.98,"D",0.0296182223862035,-3.4892997861634
2022,0,0.348,17000,1,0,"D",0.000164654574350592,-8.71149609912741
2022,1,0.336,3500,1,0.94,"Missing",0.998567540278244,6.54692874054517
2022,1,0.312,2600,0,0.36,"Missing",0.998728176449278,6.66603090866743
2022,0,0.132,6475,0,0.1,"AA",0.00584771637058602,-5.13583917673919
2022,0,0.132,1000,0,0.98,"D",0.0580629417368766,-2.78641083071362
2022,0,0.336,23500,0,0.89,"D",0.075463534787173,-2.50564293659186
2022,0,0.192,3500,0,0.83,"C",2.25848456324553e-05,-10.6982088387392
2022,0,0.24,3500,1,0.81,"C",0.522076665866144,0.0883641157872583
2022,1,0.348,5500,0,0.72,"D",0.511231030577249,0.0449316799986961
2022,0,0.24,10000,0,0.64,"D",0.000165271112102696,-8.70775804405806
2022,0,0.18,6000,0,0.39,"B",5.18687621456912e-08,-16.774549061551
2022,0,0.348,2550,0,0.63,"D",0.0151260798069864,-4.17609323960932
2022,0,0.3,1500,0,0,"Missing",0.00460722030898916,-5.37551270742363
2022,1,0.3,10700,0,0,"Missing",0.999536216099831,7.67562795513777
2022,0,0.24,2000,1,0,"Missing",0.00105326611747893,-6.8548055334155
2022,1,0.348,2000,1,0.98,"Missing",0.998402645476282,6.43780780916999
2022,0,0.348,3800,0,1,"Missing",0.0043481027605495,-5.43365809277066
2022,0,0.228,6200,0,0,"C",3.39642458986628e-05,-10.2901682130512
2022,0,0.288,6001,0,0.74,"D",0.000530054062855194,-7.54200135664197
2022,0,0.276,8800,1,0.61,"C",0.0583787105761701,-2.78065188708593
2022,1,0.216,10000,0,0.27,"C",0.905509011389758,2.25999275778145
2022,0,0.3,9900,0,0.37,"B",0.000140937177745721,-8.86705536766443
2022,0,0.24,12000,0,0.34,"C",0.272382461966521,-0.982568361482887
2022,1,0.324,1800,1,0.1,"Missing",0.219711901043548,-1.26734606168091
2022,0,0.18,2000,0,0.02,"B",8.88868611586225e-07,-13.9333155169773
2022,0,0.24,2000,0,0,"D",0.115523793505965,-2.035519099596
2022,1,0.24,2600,0,0,"Missing",0.755697067840731,1.12923161148095
2022,1,0.336,4750,1,0.14,"Missing",0.965079451520216,3.3191349935312
2022,0,0.348,6000,0,0.43,"D",4.51330533299177e-05,-10.0058505560177
2022,1,0.288,10000,1,0.73,"D",0.999960628363124,10.1424255047225
2022,0,0.24,1990,1,1,"D",0.00246030658176725,-6.00500597195913
2022,0,0.228,13500,0,0.78,"B",3.98311160565694e-05,-10.1308223087526
2022,0,0.24,10000,1,0.89,"D",0.0578935222399718,-2.78951280199551
2022,0,0.348,7000,1,0.91,"D",0.806840262686129,1.42960820794328
2022,0,0.204,6000,0,0.6,"C",0.00378028006811238,-5.5741697366167
2022,0,0.168,2400,0,0.94,"B",0.000526025314668004,-7.54963505592484
2022,0,0.192,25000,1,0.66,"AA",0.00506456289254199,-5.28041001334435
2022,0,0.18,3000,0,0.91,"Missing",0.244891625774956,-1.12604551206161
2022,1,0.348,1000,1,0.67,"Missing",0.941885192180548,2.78546289129345
2022,0,0.24,7500,0,0.38,"C",0.000755479023339982,-7.18740277736357
2022,1,0.3,3001,1,0.84,"D",0.996770440424455,5.73217471950673
2022,0,0.348,2000,0,0,"Missing",0.0485895094797133,-2.97453795706122
2022,0,0.156,9500,0,0.27,"A",0.00357041077447204,-5.63149782702906
2022,0,0.348,6000,0,1.12,"Missing",7.87969612800084e-08,-16.3563913244656
2022,1,0.24,5000,0,0.77,"D",0.419856614656632,-0.323362029782211
2022,0,0.084,6500,0,0.75,"Missing",0.00598327794404294,-5.11278546054868
2022,1,0.336,5000,0,0.95,"C",0.985697300618204,4.23290102271549
2022,0,0.348,20000,0,1.03,"C",0.938815787889083,2.73073009673685
2022,0,0.276,13100,0,0.71,"D",0.000125113626238144,-8.98616310220253
2022,0,0.24,9000,0,0.88,"D",0.0181481836079457,-3.99086991815787
2022,1,0.324,7500,0,0.73,"C",0.457948126239639,-0.168605788690756
2022,1,0.348,3000,1,1.01,"Missing",0.566320625196836,0.266854900086825
2022,0,0.3,6000,0,0.11,"D",9.60530649307241e-05,-9.25051370183844
2022,0,0.276,19000,0,0.95,"C",0.0741272904276371,-2.5249530061623
2022,0,0.276,4900,0,1,"D",5.83251787506455e-05,-9.74941834844715
2022,0,0.228,16000,0,0.99,"C",0.00761517745534358,-4.86996766854395
2022,0,0.084,2500,1,0,"AA",0.00211856011325176,-6.15489780547953
2022,1,0.336,1000,0,0,"Missing",0.917493614889154,2.40876993502688
2022,0,0.324,6500,0,0.67,"D",0.00645925500607432,-5.03576108571298
2022,0,0.24,6000,0,1,"C",0.00609427278029467,-5.0942929186564
2022,1,0.084,1000,1,1.06,"Missing",0.642473862891568,0.586117665363085
2022,0,0.084,2500,1,0.06,"AA",0.025127355438326,-3.65834973072961
2022,0,0.168,9000,1,0.54,"B",0.421334865304184,-0.31729603709477
2022,0,0.192,3000,1,0.96,"C",0.00273192394112864,-5.90001351520219
2022,0,0.312,5000,1,0,"Missing",0.212805544606243,-1.30809648965167
2022,0,0.252,5000,0,0,"D",0.0418321383264999,-3.1313580799797
2022,0,0.18,4000,0,0.46,"B",5.42005887354499e-05,-9.82276458524235
2022,0,0.096,1000,0,0.31,"AA",0.0348211532278503,-3.32208836412089
2022,1,0.348,6000,0,0.43,"D",0.750021666787121,1.09872784820462
2022,0,0.216,3001,0,0.8,"D",1.61051032859858e-05,-11.0363582566818
2022,1,0.3,8000,1,0.85,"D",0.179191711772907,-1.52183332390414
2022,1,0.228,1000,1,0,"Missing",0.887188944211116,2.06234362794542
2022,0,0.24,2000,1,0.98,"C",0.0325088636937881,-3.39319348222984
2022,0,0.18,5000,0,0.83,"C",9.68159448152472e-07,-13.8478680759089
2022,0,0.144,8000,1,0.91,"A",0.00014180722701484,-8.86090016162821
2022,0,0.252,10000,0,0.72,"A",6.0488352221129e-06,-12.015638780874
2022,1,0.24,7500,1,0.9,"D",0.99654875982892,5.66556443321578
2022,0,0.24,8000,0,0.92,"D",0.428412051414572,-0.288332892785304
2022,1,0.192,8200,0,0.87,"C",0.831623052927839,1.59717407820645
2022,0,0.24,7000,0,0.59,"C",0.19945317615494,-1.38971552118227
2022,0,0.24,1000,0,0.9,"Missing",0.0753693196926687,-2.50699410167285
2022,1,0.156,2500,0,0.57,"A",0.995910109124639,5.49513871277069
2022,0,0.18,5100,0,0.19,"C",7.46620302166074e-06,-11.8051165187818
2022,0,0.348,2700,0,0.47,"Missing",0.199172460366913,-1.39147453313808
2022,0,0.24,9000,1,0.93,"D",0.254539845329018,-1.0745442980696
2022,1,0.348,2500,0,1.21,"Missing",0.778808263469467,1.25873497246378
2022,0,0.096,2500,1,0.24,"AA",0.0314911436612139,-3.42605127450397
2022,1,0.204,9000,0,0.99,"C",0.9887799967126,4.47877366354776
2022,1,0.24,10000,0,0.45,"A",0.857143983525938,1.79176866805344
2022,0,0.24,5000,0,0.97,"C",0.121566532599207,-1.97767846412505
2022,1,0.288,15000,0,1.03,"D",0.998049444562766,6.23768864711032
2022,0,0.264,25000,0,0.83,"A",0.00662400913290024,-5.01040843789412
2022,0,0.348,5000,0,0.77,"D",5.01324275337342e-06,-12.2034225828297
2022,0,0.132,1200,0,0.87,"Missing",0.0639029222503599,-2.68435409468864
2022,0,0.168,3000,0,0.95,"C",0.00201404209573093,-6.20559551034376
2022,0,0.348,10000,0,1.13,"Missing",0.185242500090788,-1.4812247448248
2022,1,0.312,1200,1,0,"Missing",0.9892867141365,4.52549955195937
2022,0,0.228,7500,0,0.57,"C",0.0549350625518596,-2.84510183520477
2022,0,0.204,5000,0,0.15,"B",9.72949542511272e-06,-11.5403387912134
2022,0,0.168,22000,0,0.77,"B",5.92774945587456e-09,-18.9436212084466
2022,0,0.18,25000,0,0.01,"A",0.0474469725562132,-2.99953305710731
2022,0,0.288,17500,0,0.15,"D",0.0075168051344104,-4.88306888175242
2022,1,0.276,2600,0,0.5,"Missing",0.874931581227623,1.94528475267783
2022,0,0.18,3000,1,0,"C",2.66135779997432e-05,-10.5340624073622
2022,0,0.168,2100,0,0.92,"C",0.00219643829566536,-6.11871933305566
2022,1,0.348,1000,1,1,"Missing",0.997409477018508,5.95330161610612
2022,1,0.168,9999,0,0,"A",0.109903348422291,-2.09172872526208
2022,0,0.348,7500,1,0.09,"D",0.200933118444101,-1.38047254021288
2022,1,0.348,5000,0,1,"D",0.664399709092206,0.682963098467041
2022,1,0.3,3500,0,0.97,"Missing",0.999992092129201,11.7476440829253
2022,0,0.264,6001,0,0.98,"C",0.00557533726351551,-5.18381153030029
2022,1,0.348,10000,0,0.04,"B",0.211896703998561,-1.31353025692341
2022,1,0.276,6300,0,0.76,"D",0.668464347780634,0.701247711436774
2022,0,0.348,12000,0,0.63,"D",2.99203174431279e-05,-10.416942874419
2022,0,0.18,1800,1,1.02,"D",0.345513404732214,-0.638819663743653
2022,0,0.192,25000,0,0.76,"AA",6.57613725997444e-07,-14.2346474629412
2022,1,0.192,8500,0,0.56,"C",0.864379208007131,1.85214887364014
2022,0,0.168,25000,0,0,"AA",0.000143148197827449,-8.85148695745448
2022,0,0.276,10000,0,0.44,"C",0.0199986487505543,-3.89188924169037
2022,0,0.348,2550,0,0.99,"Missing",0.0427679014610782,-3.10825803389688
2022,0,0.216,3500,0,0.01,"C",0.0305711037597961,-3.45665189011301
2022,0,0.18,25000,0,0.44,"AA",0.00291526582865028,-5.83487474648262
2022,0,0.204,20000,1,0.01,"AA",9.33868891158317e-06,-11.5813353503365
2022,1,0.336,6215,1,0.91,"Missing",0.996688240272376,5.70695833535642
2022,0,0.252,6001,1,0,"D",0.023236621000862,-3.73851490572596
2022,1,0.18,15000,1,0.45,"A",0.499957631390068,-0.000169474440132156
2022,0,0.18,3000,0,0.05,"AA",0.00308389650003124,-5.77847272263748
2022,0,0.348,2550,0,0.63,"D",2.2721234870357e-07,-15.2973805726758
2022,0,0.144,25000,0,0.17,"AA",4.25985987644464e-06,-12.3662700312084
2022,0,0.312,10848,0,0.68,"B",1.09556609990636e-05,-11.4216432933562
2022,0,0.156,7500,0,0.92,"B",1.44322284057116e-05,-11.1460323360986
2022,1,0.348,7000,1,0,"Missing",0.976877551207379,3.7435573579417
2022,0,0.132,5000,0,0.12,"A",0.110898484577548,-2.08159619007326
2022,1,0.336,3500,0,0,"Missing",0.524489312649796,0.098035693606727
2022,1,0.348,1500,0,0.51,"Missing",0.114694659616792,-2.0436591394085
2022,0,0.168,3000,0,0,"C",8.57902807852641e-06,-11.6661813493769
2022,0,0.18,15000,0,0.04,"AA",4.33160541004499e-07,-14.6521569800549
2022,1,0.132,13000,1,0,"AA",0.0973317132022191,-2.22723027191116
2022,0,0.348,2501,0,1.22,"Missing",0.127965545916441,-1.91906787953374
2022,0,0.156,20000,0,0.13,"AA",1.6779049761622e-09,-20.2057198580509
2022,1,0.348,3000,1,1.01,"Missing",0.990917664226263,4.69230004401754
2022,1,0.204,4800,0,0.88,"C",0.626829871086048,0.518640740487037
2022,0,0.108,2550,0,0.17,"A",0.00242111894282877,-6.02110141801467
2022,0,0.336,10000,0,0.87,"D",0.00302481114640435,-5.79787722525517
2022,0,0.192,4000,0,0.8,"C",0.00376834926870521,-5.57734276578588
2022,1,0.288,25000,0,0.42,"C",0.707131671072904,0.881493769013417
2022,1,0.24,6001,0,0.77,"C",0.890380588464102,2.09463452742221
2022,0,0.228,9000,1,0.98,"C",0.0149483653766169,-4.18809210623362
2022,0,0.24,10000,0,0.79,"C",0.00359914499619127,-5.62345332528436
2022,0,0.156,9900,0,0.86,"B",0.00131323625476078,-6.63394666546213
2022,1,0.264,1100,1,0,"Missing",0.438290194137222,-0.248104122175793
2022,0,0.144,10000,0,0.12,"AA",6.33210509725663e-05,-9.66722940223542
2022,0,0.348,25000,0,0.61,"A",1.1685697639903e-05,-11.3571332021042
2022,0,0.3,9900,0,0.37,"B",0.479214440268412,-0.0831901829568054
2022,1,0.288,4000,0,0.99,"Missing",0.999998318580252,13.2958703519841
2022,0,0.18,3010,0,0.34,"AA",0.00743723447723672,-4.89379118068835
2022,1,0.348,5000,0,0,"Missing",0.993102202917537,4.9696314849135
2022,1,0.348,8500,1,0.87,"Missing",0.623547730360922,0.504634049156642
2022,1,0.348,5000,0,1,"D",0.954406822624054,3.04133193298062
2022,1,0.252,10000,0,0.72,"A",0.268211456731581,-1.00371590985722
2022,1,0.216,12000,1,0.68,"C",0.999952426413928,9.95318529048621
2022,0,0.252,13500,0,0.82,"C",0.00081949117997095,-7.10600709538749
2022,1,0.348,3500,0,0.83,"Missing",0.996323118144003,5.60200654951944
2022,0,0.132,1000,0,0.98,"D",0.073869015096811,-2.52872221849549
2022,0,0.24,8000,0,0.84,"D",1.14429828561619e-05,-11.3781224237759
2022,0,0.18,3500,1,0.89,"C",0.000145678661740607,-8.83396161960778
2022,0,0.204,2550,0,0.25,"C",0.00153679870132767,-6.47651581077226
2022,1,0.18,2500,0,0.24,"C",0.659168986809157,0.659593138817473
2022,0,0.204,15000,1,0.41,"B",0.000309587319411181,-8.07996073981027
2022,0,0.348,3000,1,1.01,"Missing",0.142735624417388,-1.79275222176096
2022,0,0.348,3000,0,0.91,"Missing",0.214793757535072,-1.29626811207218
2022,0,0.18,2890,1,0,"D",0.000130262370053545,-8.94582963936508
2022,1,0.348,5000,0,0.72,"Missing",0.99998330687183,11.0004967168054
2022,1,0.336,5000,0,1.19,"Missing",0.98027679895417,3.90603931885562
2022,0,0.276,6001,0,0.61,"D",0.452063809907617,-0.192335496500593
2022,1,0.348,7900,1,0.99,"Missing",0.84944618891601,1.73026402567214
2022,0,0.144,10000,0,0.85,"A",0.000945780202539325,-6.96255413221239
2022,0,0.216,2700,1,0.74,"C",3.55102021389623e-06,-12.5482720605412
2022,1,0.144,2500,0,0,"B",0.168608360964767,-1.59552233540265
2022,0,0.072,1000,0,0.04,"AA",0.000321506271180165,-8.04217195050781
2022,0,0.144,15000,0,0.55,"A",0.0028583176445382,-5.85465965296933
2022,0,0.096,1500,1,0.22,"AA",0.00284731158112796,-5.85852866187721
2022,0,0.06,2000,0,0.1,"AA",0.000105635999455423,-9.15540569927339
2022,0,0.3,9500,0,0.64,"D",0.00380228497250559,-5.56834355237514
2022,1,0.348,3000,1,0.92,"Missing",0.999999488090133,14.4851167558965
2022,0,0.336,5500,0,0.35,"D",0.0693759722123531,-2.59631477291001
2022,0,0.3,15000,0,0.45,"C",8.83911427330064e-10,-20.8466642527549
2022,1,0.3,4000,0,0.45,"D",0.996928362221427,5.78246801632914
2022,0,0.168,1000,0,0,"B",0.000221796837246306,-8.41352692119652
2022,1,0.348,7500,0,0.86,"Missing",0.499686522749179,-0.00125390916757695
2022,0,0.06,1000,1,0.48,"D",0.0013071892092332,-6.63856804443684
2022,0,0.096,2600,0,0,"A",9.57016524359858e-08,-16.1620301761012
2022,0,0.168,8000,0,0.21,"B",0.000111724189736399,-9.09936558504314
2022,0,0.18,15152,0,0.85,"B",0.0140518898821805,-4.25084682864129
2022,0,0.18,1000,0,0,"Missing",0.00265125307949314,-5.93006811668573
2022,0,0.348,3000,1,0.67,"Missing",0.176692560568644,-1.53891841398167
2022,1,0.3,5000,0,1,"Missing",0.985240245932705,4.20098135900633
2022,1,0.348,5500,1,0.89,"Missing",0.999999768672663,15.2794318562878
2022,1,0.24,10000,0,0.45,"A",0.0621634755726623,-2.7138080349958
2022,0,0.132,10000,0,0.37,"AA",0.0335986847169925,-3.35909226731731
2022,0,0.276,6001,1,0.52,"D",0.172169376063998,-1.57032983616741
2022,1,0.228,13000,1,0.89,"C",0.996440892962532,5.63468014202663
2022,0,0.3,13000,0,0.74,"D",4.41285503714656e-06,-12.3309842644007
2022,0,0.12,1425,0,0,"AA",4.98265963335532e-09,-19.1173020205653
2022,1,0.348,2550,1,1.26,"Missing",0.994012296485773,5.11204162528075
2022,0,0.216,3500,0,0.01,"C",0.0592018199165605,-2.76577635945614
2022,0,0.24,20000,1,0.05,"AA",6.25227214195044e-06,-11.9825593652778
2022,1,0.336,3200,0,0.99,"Missing",0.996983688189196,5.8006995785877
2022,0,0.276,8000,1,0.74,"D",0.00057295791749111,-7.46412516424985
2022,0,0.18,7500,1,0,"A",0.00533998428520628,-5.22717827589687
2022,0,0.348,22000,0,0.83,"D",0.0883165314023741,-2.3343655472375
2022,0,0.228,3000,0,0,"D",0.00243870363252572,-6.01384699689746
2022,1,0.276,7200,0,1.12,"Missing",0.954527145046803,3.04410052829533
2022,0,0.288,11520,0,0.6,"D",0.00841668229138179,-4.76908725295648
2022,0,0.18,7000,0,0.95,"C",0.00147446076898025,-6.51798738752756
2022,0,0.132,8000,1,0.17,"AA",0.00815736191171787,-4.80064364216999
2022,1,0.3,3000,0,0.97,"Missing",0.594540406676535,0.382767459278263
2022,1,0.348,5000,0,0,"Missing",0.959855078565383,3.17428637064414
2022,0,0.204,5000,0,0.34,"D",0.119825900493468,-1.9940798681636
2022,0,0.24,9500,0,0.72,"D",0.323412417225821,-0.738133561509627
2022,0,0.24,18000,1,0.75,"B",2.50530355948719e-05,-10.5944905029938
2022,1,0.228,13000,1,0.89,"C",0.724321997741257,0.966002515617375
2022,0,0.144,10000,0,0.5,"B",6.87197002254135e-06,-11.8880528635594
2022,0,0.132,25000,1,0.09,"AA",1.27826172009955e-07,-15.8725943993329
2022,1,0.264,6001,0,0.25,"Missing",0.797754536563369,1.37231882662721
2022,1,0.312,2500,1,0.91,"Missing",0.487025590848664,-0.0519092895853719
2022,0,0.18,18000,0,0.37,"B",2.33379304362337e-06,-12.9680133644912
2022,0,0.288,10000,1,0.73,"D",0.00675193891436174,-4.99115073239268
2022,0,0.204,4600,0,0.88,"B",0.000346046648862302,-7.96859086215612
2022,1,0.228,7400,1,0.87,"C",0.93748194748863,2.70774214642906
2022,1,0.288,3000,0,1.62,"Missing",0.998985319936209,6.8921667290648
2022,1,0.276,1750,1,0,"Missing",0.999529024625527,7.66023366249413
2022,0,0.348,15000,0,0.98,"Missing",0.0292706201626195,-3.5014634387775
2022,0,0.192,23000,1,0.13,"A",0.396312009091099,-0.420855690354951
2022,0,0.156,15000,0,0.45,"A",0.626315028054079,0.516440362757817
2022,0,0.204,10000,0,0.76,"C",1.51885469239836e-05,-11.0949537173106
2022,0,0.18,10500,0,0.84,"C",0.00010381980128173,-9.17275001644149
2022,0,0.348,15000,0,0.98,"Missing",0.00191051033276041,-6.25847254500011
2022,0,0.18,3000,0,0,"C",1.91659197994743e-06,-13.1649600429725
2022,0,0.108,2550,0,0.17,"A",8.43145285339581e-06,-11.6835330260854
2022,0,0.108,3500,0,0.14,"AA",0.00215000810262701,-6.14013134549772
2022,0,0.24,5500,1,0.47,"D",0.0434652161293966,-3.09135616498982
2022,1,0.192,3000,0,0.81,"B",0.977805154158,3.78545032866532
2022,1,0.252,1500,0,0.01,"C",0.753286789113868,1.11621944481589
2022,1,0.336,11000,0,0.84,"Missing",0.998672740604233,6.623310926417
2022,0,0.288,3500,0,0.83,"Missing",0.000134339175846401,-8.91500844477821
2022,0,0.288,10000,0,0.57,"D",0.0328747368408697,-3.38162353934872
2022,0,0.276,25000,0,0.67,"D",0.0064060458196227,-5.04408642262674
2022,0,0.168,3000,0,0.95,"C",2.67882648385082e-06,-12.8301290596687
2022,0,0.336,4000,0,0,"Missing",0.0184469925012589,-3.97423466974202
2022,0,0.144,5900,1,0.31,"A",0.00202946994434306,-6.19794909907594
2022,0,0.144,8000,0,0.61,"A",0.00127312121490458,-6.66500981173987
2022,1,0.348,3000,0,0.79,"Missing",0.999999897745609,16.0958019954194
2022,0,0.24,3000,0,0.98,"D",0.0126185897823068,-4.35988529244248
2022,0,0.156,6000,0,0.92,"C",5.48001418250687e-07,-14.4169874139515
2022,0,0.228,12500,0,0.88,"C",0.604994519510746,0.42631975986868
2022,0,0.348,5100,0,0.66,"Missing",0.921458191673498,2.46232633306099
2022,1,0.348,3000,0,1.51,"Missing",0.806151763695757,1.42519645138276
2022,0,0.216,1600,0,0.94,"D",0.00146011884039595,-6.52777626319034
2022,0,0.336,9900,0,0.33,"D",0.280473643579743,-0.942113398968879
2022,0,0.144,17500,0,0.13,"AA",0.00686085755709946,-4.97503833528642
2022,1,0.288,2600,0,0.96,"Missing",0.999997501455947,12.8997998758925
2022,1,0.348,5000,0,0.77,"Missing",0.999623611097376,7.88451117386715
2022,0,0.288,3500,0,0.83,"Missing",0.00697681981890361,-4.95816080774552
2022,1,0.3,4500,1,0.93,"Missing",0.976348753673841,3.72040403984004
2022,1,0.18,2000,1,0,"Missing",0.987439473967116,4.36455616094953
2022,1,0.348,5500,0,0.77,"Missing",0.917758205222007,2.41227033779102
2022,1,0.336,8423,0,0.92,"Missing",0.985560357786621,4.22323301487791
2022,0,0.096,4000,0,0.13,"AA",6.26589785402639e-09,-18.888143939907
2022,1,0.12,1000,0,0.56,"A",0.740623795048114,1.04921326081111
2022,0,0.12,6000,1,0.75,"A",2.99535450874167e-05,-10.4158329195553
2022,1,0.348,3000,1,0.82,"Missing",0.999475776079509,7.55306727436761
2022,1,0.348,6000,0,0,"Missing",0.999442380543899,7.49127603156599
2022,1,0.24,3000,0,0.89,"D",0.994471193826988,5.19223922207753
2022,0,0.204,5500,0,0.07,"C",0.000418767431310843,-7.77777599354153
2022,0,0.204,1850,0,0.68,"D",0.00121645871160727,-6.71059413743322
2022,0,0.192,20000,0,0.29,"AA",2.85567677395219e-06,-12.7661988385973
2022,0,0.132,1200,0,0.87,"Missing",0.0138297492424994,-4.26700699371323
2022,1,0.348,5000,1,0.97,"Missing",0.98518791106566,4.19738872839072
2022,0,0.348,5300,0,0.96,"Missing",0.303216340344175,-0.832028429440216
2022,0,0.096,2500,0,0.47,"AA",0.14075369822022,-1.80904406993724
2022,0,0.24,1990,1,1,"D",2.80634401355766e-10,-21.9939683562221
2022,1,0.312,5000,1,0,"Missing",0.615617840876369,0.470989119075802
2022,0,0.228,6001,0,0.2,"C",5.25700495466264e-05,-9.85331142921335
2022,0,0.156,15000,0,0,"B",1.45004942248077e-09,-20.3516681951752
2022,0,0.192,11204,0,0.73,"B",0.00306728818062417,-5.78388943458424
2022,0,0.168,6000,0,0.03,"AA",0.000239750643751072,-8.3356713797227
2022,1,0.312,3000,1,0,"Missing",0.999414891367784,7.44312775200187
2022,0,0.24,5000,1,0.95,"C",0.300902157611155,-0.843005553107567
2022,0,0.24,13000,0,0.8,"D",0.0619247634709454,-2.71790999954597
2022,0,0.204,2500,1,0.59,"C",0.422238277959143,-0.313591743671146
2022,0,0.204,3500,0,0.12,"D",0.00591194391595892,-5.12485109321687
2022,1,0.264,1100,1,0,"Missing",0.879682699542833,1.98942885016055
2022,0,0.12,5000,0,0.11,"AA",9.27630436335971e-06,-11.588038050843
2022,1,0.24,5000,0,0.7,"D",0.712819717388192,0.909118356695517
2022,0,0.132,7000,0,0.83,"AA",0.0198105164567183,-3.90153297265283
2022,0,0.06,1000,1,0.48,"D",0.00338746879666567,-5.68427908487605
2022,0,0.12,4999,0,0.06,"AA",0.000589330064717632,-7.43593464595585
2022,0,0.348,6000,1,0.79,"Missing",0.658154097286752,0.655079035651922
2022,0,0.216,3000,0,0.79,"B",0.0716498294721733,-2.56161822628281
2022,0,0.204,5000,0,0.03,"C",0.000224400842030793,-8.40185220593372
2022,0,0.348,4000,0,1.07,"Missing",0.465488380788469,-0.138266333004147
2022,0,0.096,2300,0,0.18,"AA",0.440874988935516,-0.237611718082372
2022,0,0.156,5500,0,0.34,"B",9.41550437025674e-05,-9.27047357389464
2022,0,0.132,18800,0,0.63,"AA",0.0169100217909862,-4.06279419869552
2022,0,0.204,1000,0,0.72,"C",0.00342838206164317,-5.67223255880536
2022,1,0.24,25000,1,0.87,"C",0.997132554259339,5.85146206657661
2022,0,0.12,7500,0,0.13,"AA",8.00235346326904e-05,-9.43310975690838
2022,0,0.24,5000,0,0,"D",0.0403122703463975,-3.1699520522293
2022,0,0.12,5000,0,0.43,"A",3.90067524304422e-05,-10.1517367800662
2022,0,0.348,5500,1,0.89,"Missing",0.0238522933255239,-3.71173354485026
2022,0,0.336,4000,0,0.53,"Missing",0.244946073226955,-1.12575109584837
2022,0,0.144,25000,1,0,"AA",0.690732583075606,0.803546419401748
2022,0,0.24,18000,0,0.71,"B",0.0622772507292489,-2.71185812657095
2022,0,0.228,4041,0,0.91,"D",0.00166481409061777,-6.3963756176369
2022,0,0.192,4500,0,0.88,"D",6.51737264986303e-05,-9.63838896220703
2022,0,0.24,9000,0,0.72,"D",0.00164186931819634,-6.41027663942566
2022,0,0.24,25000,1,0.87,"C",0.0137577553541881,-4.2722993177832
2022,0,0.276,6001,0,0.42,"C",9.30800517010579e-05,-9.28195757969887
2022,1,0.144,25000,0,0.07,"AA",0.917979927177005,2.4152115167289
2022,1,0.24,10000,0,0.35,"C",0.991658878371226,4.77818148034693
2022,1,0.348,8000,0,0.8,"D",0.997651591136501,6.05166608880974
2022,0,0.18,6010,0,0.63,"B",9.07604604525945e-09,-18.5176271876669
2022,1,0.24,5500,0,0.8,"D",0.531353886629875,0.125580324512446
2022,0,0.12,2100,0,0,"AA",0.00181289916762759,-6.31101342060926
2022,1,0.348,2000,1,0.83,"Missing",0.930893621062392,2.60049796656288
2022,0,0.18,15500,0,0.98,"B",7.14344838158192e-05,-9.54665840156608
2022,1,0.348,3001,0,0.92,"Missing",0.376490642839842,-0.504470578565594
2022,0,0.132,14000,0,0.29,"AA",4.43467487629816e-07,-14.6286409030301
2022,1,0.348,3500,1,0.95,"Missing",0.999987011206507,11.2514106223846
2022,0,0.3,4449,0,0.94,"D",0.249087674278693,-1.10348396154166
2022,0,0.348,20000,1,0.9,"C",0.951558491401538,2.97774409582971
2022,1,0.3,9000,0,0.86,"Missing",0.999999994828832,19.0801671484068
2022,0,0.132,5000,0,0.46,"A",1.41695702416413e-06,-13.4669975095056
2022,0,0.348,3000,1,0.74,"Missing",0.636387763288084,0.55972005219856
2022,0,0.18,9000,0,0.49,"B",0.000153610878028775,-8.78093429658113
2022,0,0.348,20000,1,0.87,"D",0.492599127526513,-0.0296056521373751
2022,1,0.348,25000,0,0.6,"D",0.634490930015784,0.551531898196662
2022,0,0.228,7000,0,1,"C",4.00762878961829e-05,-10.1246856457467
2022,0,0.192,25000,0,0.85,"A",0.000531226504627145,-7.53979069763245
2022,0,0.204,6750,1,0.73,"C",9.05202235316714e-06,-11.6125133087152
2022,1,0.348,5500,0,0.72,"D",0.0199547168259647,-3.89413323014821
2022,1,0.348,3500,0,0,"Missing",0.942644004677395,2.79941132045703
2022,1,0.312,3000,0,1.17,"Missing",0.0623298040478525,-2.71095857668634
2022,0,0.336,25000,0,0.73,"C",0.763766061707857,1.17343896232637
2022,0,0.108,1000,0,0.6,"A",7.6602416749074e-05,-9.47680532611555
2022,0,0.108,5000,0,0,"AA",4.3180546238307e-05,-10.0500773012172
2022,0,0.096,2500,0,0.47,"AA",4.37936215192978e-05,-10.0359785840194
2022,0,0.12,4000,0,0.88,"A",3.12497414233669e-06,-12.6760814242834
2022,0,0.216,5000,0,0,"B",7.08093662995079e-08,-16.4632744818213
2022,0,0.216,1600,0,0.94,"D",0.0049945228032949,-5.29440636920287
2022,0,0.156,2000,1,0.54,"A",0.0212450291949169,-3.83015837825256
2022,0,0.348,5000,0,0.9,"Missing",0.053478490465217,-2.87351417005154
2022,0,0.204,10000,0,0.72,"B",0.0383020990938578,-3.22319566771222
2022,0,0.204,10000,0,0.72,"B",0.0292311433605542,-3.50285369888457
2022,0,0.216,4100,0,0.5,"C",0.0124445726474906,-4.37394802822836
2022,1,0.216,4000,0,0.19,"D",0.156381952256058,-1.68539841542737
2022,1,0.168,2000,0,0.5,"C",0.994262896611372,5.15504720836722
2022,0,0.132,25000,0,0.23,"AA",0.0727217994718545,-2.54561243421134
2022,0,0.18,3000,0,0.73,"D",0.337708331257294,-0.673523448457187
2022,0,0.24,1990,1,1,"D",0.000170094116512712,-8.67898853897913
2022,0,0.204,5000,1,0.08,"C",0.000224019053170744,-8.40355540677938
2022,0,0.288,3000,0,0,"Missing",3.47834437829619e-05,-10.2663342537048
2022,0,0.18,1600,0,0.82,"C",0.0130327760900695,-4.32716940891919
2022,0,0.216,17000,0,0.23,"B",0.0130089322711241,-4.32902477017574
2022,1,0.348,25000,0,0.82,"B",0.504636790717841,0.018547694579885
2022,1,0.336,2000,0,0.77,"Missing",0.988459711916752,4.4503036603391
2022,0,0.3,2550,0,0.53,"D",0.016935212516647,-4.06127999074174
2022,0,0.24,4500,0,0.39,"D",0.181319736372338,-1.50743163699105
2022,0,0.156,8500,0,0.21,"AA",4.53955054752058e-05,-10.0000520596252
2022,1,0.24,8500,0,0.89,"D",0.593110630121826,0.376839611655983
2022,0,0.108,1000,0,0.02,"AA",2.09299128073858e-05,-10.7743102572988
2022,0,0.216,14000,0,0.28,"C",0.601724832300675,0.412657109087148
2022,0,0.144,4000,0,0.43,"B",0.0017896881588451,-6.32392259567796
2022,1,0.264,9000,0,0.99,"C",0.794603307044316,1.35289980841307
2022,0,0.18,5000,0,0.41,"B",0.134612937338366,-1.86077334861295
2022,0,0.252,9975,0,0.62,"C",5.21943357905305e-05,-9.86048438302528
2022,0,0.252,5000,0,0.95,"D",0.317591380806589,-0.764863036316744
2022,0,0.216,9800,1,0.72,"C",0.00510417344237426,-5.27257950762895
2022,0,0.12,3000,0,0,"A",0.00356329621705703,-5.63349959895629
2022,0,0.348,6000,0,0.84,"Missing",0.506857853609433,0.0274331347701846
2022,0,0.3,4500,1,0.2,"D",0.00117912853034474,-6.74179982271167
2022,0,0.18,5000,0,0.41,"B",2.79343310748709e-09,-19.6959944902942
2022,0,0.18,6000,0,0.39,"B",0.0106041435920776,-4.53584968115254
2022,0,0.18,6010,0,0.63,"B",0.00183397775078733,-6.29943237519718
2022,0,0.24,9000,0,0.88,"D",0.000102699133028357,-9.1836041784466
2022,1,0.348,4000,1,0.94,"D",0.975423315473262,3.68107333644798
2022,1,0.348,5000,0,0.75,"Missing",0.999924829400236,9.49567519061288
2022,0,0.24,7500,0,0.36,"C",0.422625087120133,-0.312006350692185
2022,0,0.288,4500,0,0.6,"D",0.00127286233297989,-6.66521343591521
2022,1,0.348,3000,0,1.01,"Missing",0.999801839978367,8.52623748395633
2022,0,0.18,5000,0,0.17,"B",1.49572002546042e-07,-15.7154877881049
2022,1,0.348,4000,0,0.95,"Missing",0.938057007980563,2.7175962447548
2022,1,0.252,9800,0,0.7,"D",0.998552377147,6.53638380790862
2022,0,0.216,2275,0,1.03,"D",1.14964301078101e-07,-15.9786440672186
2022,0,0.18,5000,0,0.17,"B",0.234971962096336,-1.1804462872116
2022,1,0.3,1500,1,0,"Missing",0.999990742925095,11.5901131871223
2022,0,0.24,13500,0,0.31,"C",0.0719333890488991,-2.55736297055224
2022,0,0.336,5000,0,0.81,"D",0.0163486934367312,-4.09712348897846
2022,0,0.108,1000,0,0,"A",0.00797946062986009,-4.82287299314645
2022,0,0.336,7500,1,0,"C",2.77203910841871e-05,-10.4933145545906
2022,1,0.348,3000,1,0.4,"Missing",0.0820569440454955,-2.41472191231399
2022,0,0.276,1000,1,0.93,"Missing",0.0131535077842129,-4.31782602296452
2022,0,0.3,10000,0,0.93,"B",7.74842651621973e-07,-14.0706050835287
2022,0,0.3,25000,0,0.18,"A",0.0587062843210544,-2.77470844293199
2022,1,0.348,3975,0,0.97,"Missing",0.984366909913105,4.14260887628982
2022,1,0.264,2500,1,0.63,"D",0.920616925010439,2.45075883178412
2022,0,0.312,7000,0,0.92,"C",0.000564771208737271,-7.47852491836424
2022,0,0.264,25000,1,0.69,"AA",0.00987176404742968,-4.60815590032031
2022,0,0.144,4500,0,0.09,"AA",6.83503349213735e-05,-9.59079574204216
2022,0,0.288,1500,0,0.99,"Missing",0.00040211884642516,-7.8183606754461
2022,0,0.24,2600,0,0,"Missing",2.40041497568408e-06,-12.9398665286041
2022,1,0.324,3750,0,0.88,"Missing",0.997063870190903,5.82772250760522
2022,0,0.168,3000,0,0.85,"C",0.0156075910139692,-4.14426720781478
2022,1,0.24,10000,1,0.85,"Missing",0.999991112432795,11.630848313537
2022,0,0.192,9800,0,0,"C",5.86130545285895e-05,-9.74449449789389
2022,0,0.24,5000,0,0,"D",1.12184619069289e-06,-13.7005337233579
2022,1,0.348,3000,0,0.91,"Missing",0.998875274154318,6.7890906069263
2022,0,0.348,10000,0,0.62,"C",0.493034892365171,-0.0278622328630145
2022,1,0.288,7500,1,0.82,"D",0.589275462307396,0.360970987062472
2022,1,0.348,2550,0,0,"Missing",0.999932333263784,9.60084817073537
2022,1,0.3,4800,0,0.85,"Missing",0.999621445287284,7.87877131772034
2022,0,0.24,12000,0,0.26,"C",0.0342674747183453,-3.33869026157972
2022,0,0.204,1000,1,0.14,"D",0.0164140025902266,-4.09307028716562
2022,0,0.3,3000,0,0,"Missing",4.57602255634152e-05,-9.99204952036185
2022,1,0.288,3000,0,0.67,"Missing",0.764497902324573,1.17749946076914
2022,0,0.156,19000,0,0.08,"AA",0.0134512568913279,-4.29514018353656
2022,1,0.348,2600,0,0.98,"Missing",0.998898402828595,6.80989197389256
2022,1,0.348,3000,0,0,"Missing",0.994984321039714,5.29015818113592
2022,0,0.18,1000,0,0,"D",0.0125392895123733,-4.3662698332416
2022,0,0.18,5000,0,0.17,"B",0.000105638518171996,-9.15538185368426
2022,0,0.096,2600,0,0,"A",0.00255572495193935,-5.96686036065243
2022,1,0.276,10000,1,0.72,"D",0.99079815983556,4.67910735843429
2022,0,0.348,25000,0,0.61,"A",0.110126141895348,-2.08945326692817
2022,0,0.096,2750,0,0.01,"AA",0.00306964232988943,-5.78311986574666
2022,0,0.108,1000,0,0.6,"A",0.000711819690007729,-7.24697384984131
2022,0,0.288,7500,1,0.82,"D",2.14595012718373e-06,-13.0519260079691
2022,0,0.12,7500,0,0.2,"AA",2.16563807947007e-08,-17.647965679336
2022,0,0.18,3000,0,0.46,"B",0.000253816048299512,-8.27864692434743
2022,1,0.348,2000,1,0.98,"Missing",0.976714214942182,3.73635100535948
2022,0,0.3,8000,1,0.48,"D",1.11550968448018e-08,-18.3113693162052
2022,1,0.348,6500,1,0.85,"D",0.99920970824493,7.14231776626568
2022,0,0.348,10000,0,0.49,"D",0.360112041861955,-0.574877885195399
2022,1,0.084,2550,1,0.63,"Missing",0.999940717909538,9.73314402954458
2022,0,0.336,2000,1,0.97,"Missing",0.00727636951219356,-4.91582026313157
2022,1,0.204,6000,0,0.6,"C",0.457698118374673,-0.169612986947854
2022,1,0.18,8000,0,0.64,"B",0.193873022749814,-1.42503784724896
2022,1,0.24,3000,0,0.89,"D",0.836259558116462,1.63065653847791
2022,0,0.216,10000,0,0.15,"B",1.94949249522944e-05,-10.8453368900095
2022,0,0.108,3500,0,0.67,"A",0.0702049331965169,-2.58354562157167
2022,1,0.348,5000,1,0.97,"Missing",0.902885709125054,2.22970743609199
2022,0,0.348,6000,0,0.84,"Missing",0.000219080818342645,-8.42585075787579
2022,0,0.348,7000,0,0,"Missing",0.226889249121395,-1.22596030333215
2022,1,0.288,5600,0,0.62,"Missing",0.877462035863967,1.96861279714467
2022,0,0.264,5000,0,0.47,"D",0.0312160654892688,-3.4351087274087
2022,1,0.288,10000,0,0.57,"D",0.937272333487364,2.70417128156207
2022,1,0.276,7800,1,1.03,"C",0.999809809497947,8.56729413713912
2022,1,0.336,6000,0,0.68,"D",0.994838013229289,5.2612583846598
2022,0,0.18,2500,0,0.94,"D",0.0245994607074211,-3.68012367593411
2022,0,0.336,9900,0,0.33,"D",0.0102978383294481,-4.5654700487855
2022,0,0.324,3200,1,0,"Missing",0.852764214492399,1.7564478053462
2022,1,0.348,4000,0,2.68,"Missing",0.998004811525797,6.21501957830399
2022,0,0.3,25000,0,0.71,"A",0.000403205915717137,-7.81565988217216
2022,1,0.228,12200,1,0,"C",0.998236113386173,6.33847015724587
2022,0,0.204,2000,0,0,"D",0.000109583232686132,-9.11871659235702
2022,1,0.264,2500,1,0.74,"D",0.999936534264178,9.66494692330234
2022,0,0.12,1500,0,0.89,"A",3.21267496646391e-06,-12.648403432277
2022,0,0.228,9000,0,0.76,"C",0.00257510572078362,-5.95928626208572
2022,0,0.192,6500,0,0.67,"C",0.000253517279122393,-8.2798250256174
2022,1,0.288,1000,0,0.81,"Missing",0.98118064577202,3.95387076663445
2022,1,0.156,10000,0,0.78,"B",0.594720043073939,0.383512699004764
2022,0,0.12,1425,0,0,"AA",3.94756094136236e-06,-12.4424087054032
2022,0,0.24,13000,0,0.8,"D",0.569215123392639,0.278649596123345
2022,1,0.228,13000,1,0.89,"C",0.455863075080657,-0.177008424926925
2022,1,0.324,15000,1,0.96,"Missing",0.999252249964729,7.19769378354534
2022,0,0.216,3001,0,1,"Missing",0.618928313017572,0.485001942783591
2022,0,0.24,1000,0,0.98,"Missing",0.144213419995716,-1.78072673695275
2022,0,0.3,9000,0,0.97,"D",0.000184328587275871,-8.59860624701081
2022,0,0.216,20000,0,0.53,"A",0.00111897245399242,-6.79422486761301
2022,0,0.276,7200,0,1.12,"Missing",0.0364448303770045,-3.2748301252087
2022,0,0.18,15000,0,0.16,"AA",1.8171514124879e-07,-15.5208253522675
2022,0,0.24,25000,1,0.87,"C",1.1198519395948e-05,-11.3997177866102
2022,0,0.3,15000,0,0.11,"D",0.0453195775544116,-3.04763753357283
2022,1,0.132,2500,1,0,"B",0.997626986812049,6.04121891079659
2022,0,0.132,3000,0,0,"B",1.16275963979391e-05,-11.3621176577056
2022,0,0.156,25000,1,0.11,"AA",4.36009630626456e-06,-12.3430120521487
2022,0,0.228,13500,0,0.78,"B",0.0510945229993814,-2.92163188145311
2022,0,0.144,15000,0,0.09,"A",0.000495338311632066,-7.60977410997179
2022,1,0.324,2400,0,0,"Missing",0.859050401845258,1.80742522870782
2022,1,0.336,9900,0,0.33,"D",0.380950725554811,-0.485514835309956
2022,0,0.216,2700,1,0.74,"C",0.0575251287008675,-2.79628738399301
2022,1,0.156,9000,0,0.26,"AA",0.970990692605645,3.5107001597476
2022,0,0.168,17500,0,0.79,"B",0.000179417662048553,-8.62561472876537
2022,1,0.348,7200,0,1.15,"Missing",0.992489658110536,4.883935603165
2022,0,0.348,6000,0,0.43,"D",7.65343455467124e-07,-14.0829403771342
2022,0,0.216,15000,0,0.61,"A",0.00327818936262242,-5.71718045820056
2022,0,0.24,20000,1,0.05,"AA",0.000792894786757628,-7.1390268133187
2022,0,0.312,25000,1,0.09,"B",0.0581221913306792,-2.78532800982687
2022,0,0.108,4000,0,0.32,"A",0.0377518632116676,-3.23823752477721
2022,0,0.24,15000,0,0.65,"B",2.92612927415771e-07,-15.0444148755348
2022,0,0.108,3000,0,0.13,"A",0.000655316828363055,-7.32973620021095
2022,0,0.24,15000,0,0.59,"A",0.253877351267133,-1.07803871380655
2022,0,0.276,7200,0,1.12,"Missing",1.86288205749543e-05,-10.8907820542
2022,1,0.348,2550,0,0.98,"Missing",0.183360408359724,-1.49374420061092
2022,1,0.348,2800,0,0.97,"Missing",0.999975877847452,10.6323558243476
2022,0,0.348,3000,1,0,"Missing",0.187571218301089,-1.46586965283637
2022,0,0.168,17500,0,0.79,"B",4.09193906618446e-05,-10.1038655877256
2022,0,0.12,7500,0,0.13,"AA",0.0582263623958274,-2.78342673160785
2022,0,0.24,13000,0,1.01,"B",0.00212912720434257,-6.14991174943809
2022,1,0.348,1000,0,0,"Missing",0.999148692535096,7.06788552625117
2022,1,0.348,2550,1,0.93,"Missing",0.999777095084429,8.40854233524496
2022,0,0.204,4000,0,0.73,"B",0.000250742816742515,-8.29083200436326
2022,0,0.348,3000,1,0,"Missing",0.0130372567004737,-4.32682113266825
2022,0,0.18,25000,0,0.44,"AA",0.0918092702091135,-2.29174113618052
2022,0,0.336,6000,0,0,"D",0.00978061656945713,-4.61752399203259
2022,1,0.264,7000,0,0.07,"AA",0.97351029810568,3.60415235348738
2022,0,0.084,1000,1,0.99,"D",0.0627153707432731,-2.70438043764426
2022,0,0.24,6500,0,0.9,"D",1.42907044672784e-06,-13.4584849332401
2022,0,0.312,7000,0,0.92,"C",0.154690700986094,-1.69827494892659
2022,0,0.228,4700,0,0.74,"D",0.000952618267650479,-6.9553432208622
2022,0,0.18,7000,0,0.95,"C",0.0353480764977827,-3.30652335745007
2022,0,0.288,9999,0,0.89,"B",0.000188095084308521,-8.57837484261673
2022,0,0.204,3000,1,0.14,"AA",0.000499162483039973,-7.60207961079389
2022,0,0.348,2600,0,0.98,"Missing",0.0138730127739083,-4.26383971072711
2022,0,0.348,7900,1,0.99,"Missing",3.39467574466019e-06,-12.5932989165064
2022,0,0.228,19250,0,0.88,"B",0.00562607042175296,-5.17470209542774
2022,0,0.276,15000,0,0.96,"C",0.114082410290868,-2.04970284788829
2022,0,0.168,14100,0,0.73,"B",1.72446506063407e-06,-13.2705919408857
2022,0,0.216,8000,0,0.23,"C",2.59213042242292e-05,-10.5604194488131
2022,0,0.192,11204,0,0.73,"B",9.3513479108748e-05,-9.27731145261726
2022,1,0.144,13000,0,0.36,"AA",0.0841509336438945,-2.38723956080583
2022,0,0.204,1200,0,0.94,"D",3.17942620679007e-06,-12.6588066361382
2022,0,0.216,10000,0,0.97,"C",0.0076762220693048,-4.86192193500567
2022,1,0.3,5000,0,0.52,"C",0.393986541123158,-0.430585446061827
2022,1,0.24,1500,0,0,"D",0.980445133328711,3.91478249617627
2022,1,0.348,4000,1,0,"Missing",0.702830300463116,0.860812114763771
2022,0,0.18,5000,0,0.17,"B",2.11110299634772e-07,-15.3708848818605
2022,0,0.18,1100,0,0,"Missing",0.0455746228279585,-3.04175841541419
2022,0,0.18,5000,0,0.83,"C",0.107736062793602,-2.11407760954669
2022,0,0.144,1500,1,0.59,"D",0.0114301852906211,-4.46000157845735
2022,1,0.324,15000,1,0.75,"C",0.650658074745746,0.62193310231735
2022,0,0.12,2550,0,0.58,"A",0.0836948414813789,-2.39317210713276
2022,0,0.18,25000,0,0.16,"AA",0.00624027646253646,-5.07047096431889
2022,0,0.204,1000,0,0.72,"C",0.0366315899480988,-3.26952492211883
2022,1,0.24,5000,1,0,"C",0.804937767084531,1.41744631565597
2022,0,0.264,10000,0,0.93,"D",0.0030622647872607,-5.78553354710645
2022,0,0.192,5000,0,0.94,"B",2.81547441740466e-07,-15.0829645900814
2022,0,0.24,3500,0,0.51,"D",0.00047934799535521,-7.64260425753713
2022,0,0.348,10000,0,0.49,"D",0.094081075525389,-2.26479289858884
2022,1,0.24,15000,0,1.03,"D",0.999137359479226,7.05464948688368
2022,1,0.3,15000,0,0.79,"D",0.998749952215546,6.68332267108955
2022,1,0.348,3000,0,0,"Missing",0.995826977617138,5.474932959913
2022,0,0.18,3000,1,0.99,"C",7.13320546542209e-07,-14.1533342298466
2022,0,0.12,6500,0,0.69,"AA",7.09550477476885e-06,-11.8560420092129
2022,0,0.144,17500,0,0.13,"AA",0.000139941314497382,-8.87414745429073
2022,1,0.252,4000,1,0.91,"D",0.838622841734079,1.64801684899823
2022,0,0.264,8000,1,0.93,"D",0.465631288860285,-0.137691975674601
2022,0,0.156,6000,0,0.92,"C",0.0363709253751388,-3.27693674116569
2022,1,0.348,2550,0,0.9,"Missing",0.995208704542412,5.33615164317873
2022,0,0.348,3600,1,0.69,"D",0.196245746087921,-1.40992588767648
2022,0,0.18,1000,0,0.27,"A",5.33807070330734e-06,-12.1406409237042
2022,0,0.288,25000,0,0.97,"C",0.00337845675630453,-5.68695207809917
2022,0,0.108,3001,0,0.34,"AA",5.70654384783374e-05,-9.77125483808132
2022,0,0.12,1000,0,0.65,"A",0.000250904146179585,-8.29018864387302
2022,1,0.348,3500,0,0.88,"Missing",0.989780985006545,4.57323349154569
2022,1,0.3,9000,0,0.86,"Missing",0.988145992395339,4.42316444752145
2022,1,0.264,6500,1,0.97,"Missing",0.999147367613218,7.06632907236523
2022,0,0.348,3000,1,0.95,"Missing",0.987727408130256,4.388038284234
2022,0,0.24,7000,0,0.28,"C",0.00755353630083958,-4.87815723242877
2022,1,0.312,3000,0,1.17,"Missing",0.864362768381194,1.85200864421532
2022,0,0.228,13500,0,0.78,"B",0.349627239803939,-0.620678117933844
2022,0,0.288,4500,0,0.72,"D",0.00601128444510116,-5.10808741033211
2022,0,0.18,15000,0,0.63,"B",0.00964307615561572,-4.63182524628989
2022,0,0.288,10000,0,0.57,"D",0.872558529234329,1.92377252766046
2022,0,0.252,5000,1,0.94,"C",0.0926620275296568,-2.2815562463262
2022,1,0.228,2500,0,0.82,"C",0.995578353115366,5.41681160267956
2022,0,0.168,4000,0,0.16,"B",8.84089090046303e-05,-9.33344939998603
2022,0,0.24,7500,1,0.62,"C",0.0694551524968652,-2.59508901566196
2022,0,0.156,19000,0,0.08,"AA",0.000338512795321784,-7.99061009615828
2022,1,0.348,9200,1,0.98,"Missing",0.999868025530044,8.93277008032931
2022,0,0.132,12000,0,0.47,"A",1.15604137073327e-06,-13.6705078444809
2022,0,0.348,3000,1,1.01,"Missing",0.0688767422786599,-2.60407309794525
2022,1,0.3,14000,0,0.8,"D",0.999619905148823,7.87470956092478
2022,1,0.192,6001,1,0.77,"C",0.9996578200338,7.97983150382367
2022,1,0.3,15000,0,0.65,"D",0.890609395883641,2.09698094218354
2022,1,0.3,4500,1,0.93,"Missing",0.998777989595719,6.7060351464592
2022,0,0.204,5000,0,0.61,"C",0.297282244317034,-0.860273320576184
2022,0,0.12,2000,0,0,"AA",0.0020517603154949,-6.18700329575102
2022,0,0.3,15000,0,0.83,"C",0.018925247351391,-3.94815178779475
2022,0,0.24,7500,1,0.9,"D",0.0185773647846514,-3.96705929502345
2022,0,0.264,2000,1,0.84,"D",0.0328719873270293,-3.38171002188979
2022,0,0.132,3000,0,0.89,"B",2.22069908072111e-06,-13.0176862897238
2022,1,0.24,8000,1,0.92,"C",0.877950467707093,1.97316321239408
2022,0,0.204,5233,0,0.38,"B",0.00538797552306213,-5.21818302029293
2022,0,0.12,2000,0,0,"AA",0.000954346787308001,-6.95352864139453
2022,0,0.168,25000,1,0.63,"AA",0.000353884468175285,-7.94618611208457
2022,0,0.312,7000,0,0.58,"D",6.3940469624552e-05,-9.6574941270763
2022,0,0.168,1000,0,0,"B",0.59065153224823,0.36665942687365
2022,0,0.336,4000,0,0,"Missing",0.0148064766286923,-4.19777339720853
2022,1,0.288,15000,0,0.86,"B",0.951455704859624,2.97551644969323
2022,1,0.3,25000,0,0.18,"A",0.42017977104332,-0.322035459427413
2022,1,0.3,2500,0,1.01,"D",0.596346745595974,0.39026605755626
2022,0,0.144,4000,0,0.28,"AA",0.000159690583827573,-8.74211276277661
2022,0,0.12,6500,0,0.67,"A",0.0162574603552392,-4.10281231390821
2022,1,0.348,2550,1,0,"Missing",0.977373547989579,3.76574925603804
2022,1,0.348,4000,0,0.77,"Missing",0.961958141121251,3.2302838344643
2022,0,0.18,10000,0,0.49,"A",0.00140493974977671,-6.56635493223413
2022,0,0.348,4000,1,0,"Missing",0.502970424454432,0.0118818376036565
2022,1,0.324,12000,1,0,"D",0.993508847532418,5.03080287652002
2022,0,0.192,3800,0,0,"B",0.000115137793693696,-9.06926579642227
2022,0,0.348,25000,0,0.38,"B",0.00246367065589191,-6.00363619413978
2022,0,0.156,25000,1,0.11,"AA",0.0228427659425825,-3.75601309640041
2022,0,0.252,7000,0,0.78,"D",0.0014173049908436,-6.55757979410588
2022,0,0.276,6001,0,0.61,"D",1.19705465312162e-05,-11.3330494104045
2022,1,0.132,9000,1,0.85,"A",0.913981402490465,2.36324670087683
2022,1,0.216,9750,0,0.92,"C",0.993266666489281,4.99392883222314
2022,0,0.168,1000,0,0,"B",0.000398308514467886,-7.82788530312273
2022,0,0.24,8000,1,0.52,"D",4.05233100255652e-06,-12.4162142338888
2022,0,0.18,9000,0,0.3,"B",0.0292163250338083,-3.50337602809873
2022,0,0.132,1527,0,0.03,"AA",2.63985405606805e-08,-17.4499570837161
2022,0,0.12,4000,0,0.88,"A",0.0435603697648833,-3.0890698849465
2022,0,0.192,25000,1,0.66,"AA",0.233688266061534,-1.18760101944254
2022,0,0.18,4000,0,0.84,"Missing",0.000286197910479339,-8.15854075290642
2022,0,0.18,20000,1,0.79,"B",0.188002877714405,-1.46303952646782
2022,0,0.348,25000,0,0.98,"D",0.00314318329908294,-5.75937106960735
2022,1,0.348,4000,0,1,"Missing",0.990873702536178,4.68742700456729
2022,1,0.348,3000,0,1.02,"Missing",0.714843768743451,0.919026803643838
2022,0,0.192,8200,0,0.87,"C",0.000343077555565035,-7.97721089041805
2022,1,0.348,5000,0,0,"Missing",0.9959258686218,5.49901526047258
2022,1,0.348,5000,0,0,"Missing",0.999742858853681,8.26562824214862
2022,0,0.252,4500,0,0,"D",2.13235392654483e-05,-10.7556776418555
2022,0,0.216,5000,0,0.5,"D",2.32849928036566e-10,-22.1806269553223
2022,0,0.276,13100,0,0.71,"D",0.00628502021829397,-5.06328136592698
2022,0,0.288,7500,0,0,"C",9.1533608383417e-05,-9.29871281058803
2022,0,0.3,16000,1,0.67,"D",0.00147936688962523,-6.51466059777593
2022,0,0.12,2000,0,0,"A",4.15943580774449e-06,-12.3901269565826
2022,0,0.24,8000,0,0.91,"D",0.00872564017818206,-4.73272550924449
2022,1,0.348,5000,0,0.46,"Missing",0.999997465659828,12.8855747076805
2022,0,0.084,1000,0,0.07,"AA",7.0693562596167e-07,-14.1623255206475
2022,0,0.276,3100,0,0.78,"Missing",0.0538720852640288,-2.86576533120118
2022,0,0.108,6000,0,0,"AA",4.71276148224821e-05,-9.96260429806086
2022,1,0.24,2200,0,0.92,"Missing",0.628751013609956,0.526862373665286
2022,1,0.264,6001,0,0,"D",0.152236338521597,-1.71716772386099
2022,0,0.216,5000,0,0.66,"C",0.455687624871561,-0.177715759445858
2022,1,0.108,2500,0,0.09,"AA",0.639006661751947,0.571055375043994
2022,0,0.192,25000,0,0,"A",0.0174781447415206,-4.02917135950796
2022,0,0.3,15000,0,0,"C",4.03462178626189e-05,-10.1179725538782
2022,1,0.348,2500,1,0,"Missing",0.999324398086541,7.29923071056333
2022,0,0.24,2500,0,0.78,"Missing",0.0141510630800366,-4.24371338427478
2022,0,0.228,3000,0,0,"D",0.000452445738121543,-7.70039016964568
2022,1,0.348,5000,1,0,"Missing",0.98790232535569,4.40257057590683
2022,0,0.156,25000,0,0.27,"AA",3.59823226693362e-06,-12.5350642718245
2022,1,0.156,9000,0,0.26,"AA",0.757152676773934,1.13713197332836
2022,0,0.18,5600,0,0.07,"A",0.0251395973831073,-3.65785009590178
2022,0,0.288,10000,0,0.97,"B",0.00284668562282144,-5.8587491556629
2022,0,0.18,6000,0,0.39,"B",2.00477115102845e-06,-13.1199786380849
2022,0,0.132,2593,0,1.01,"Missing",0.0206942275114014,-3.85698912801626
2022,0,0.252,6000,0,0.76,"D",0.00144231777709511,-6.54006053301382
2022,0,0.216,15000,0,0.61,"A",0.128760034872014,-1.91196696696117
2022,0,0.348,5000,1,0.65,"D",0.000830832342870362,-7.09225135925371
2022,0,0.348,25000,0,0.82,"B",0.472230510768087,-0.111192378312956
2022,0,0.18,2000,0,0,"B",2.07438348761312e-05,-10.7832407257881
2022,1,0.348,3000,0,1.15,"Missing",0.899428570631373,2.19089142512617
2022,0,0.24,2500,0,0.78,"Missing",0.543436655143708,0.174185697479538
2022,1,0.348,1300,0,0.55,"Missing",0.653372401503085,0.633896259514568
2022,0,0.24,7500,1,0.9,"D",3.12376760796125e-07,-14.9790554986281
2022,0,0.3,4800,0,0.85,"Missing",0.0322012245223259,-3.40301970862364
2022,0,0.168,3500,0,0.94,"C",0.00386484668801364,-5.55196092997183
2022,0,0.18,11000,0,0.54,"B",0.000248877538720838,-8.29830068633117
2022,0,0.204,10000,0,0.05,"B",0.0017553425065967,-6.34333439572617
2022,1,0.24,9000,1,1.01,"D",0.988289343131504,4.43547624159533
2022,0,0.348,12000,0,0.92,"C",0.00523874244333649,-5.24642128841311
2022,0,0.348,4850,0,0.89,"Missing",0.0860660914528325,-2.36264275234616
2022,0,0.096,2750,0,0.01,"AA",9.66698086484452e-05,-9.24411274643883
2022,1,0.18,3000,0,0,"C",0.846520150835252,1.70756472356483
2022,1,0.348,4669,1,0,"Missing",0.999997605656938,12.9423992659913
2022,0,0.18,1000,0,0.87,"C",0.38246594675454,-0.479094592727155
2022,1,0.348,10000,0,0.04,"B",0.628634404569071,0.526362845103584
2022,0,0.204,6001,0,0.56,"B",2.61280443190009e-06,-12.8550838056975
2022,1,0.324,3001,1,1.02,"Missing",0.999925126992737,9.49964224025842
2022,0,0.156,4950,0,0,"B",2.12148669644128e-05,-10.7607871350643
2022,0,0.204,20000,1,0.01,"AA",0.0201863062446146,-3.88235797933813
2022,0,0.168,7500,1,0.54,"B",5.08790390900895e-06,-12.1886395299959
2022,0,0.18,5000,0,0.92,"B",0.0238111855045861,-3.71350057572133
2022,1,0.348,10000,1,0.9,"Missing",0.941159545350662,2.77228305136049
2022,1,0.336,12839,0,0.45,"C",0.894302451148816,2.13546232727511
2022,1,0.18,2500,1,0.28,"B",0.760714972628227,1.15660331999276
2022,0,0.204,3000,0,0,"C",3.09144762865562e-06,-12.6868679970705
2022,0,0.108,5000,0,0.08,"A",3.24200352267161e-05,-10.336701534523
2022,1,0.24,2700,1,0.87,"D",0.999736976401506,8.24300374350211
2022,0,0.324,3200,0,0.98,"Missing",0.844501810732183,1.69211279342107
2022,0,0.204,6550,0,0.77,"C",0.00105530364249428,-6.85287087980604
2022,0,0.192,6001,1,0.77,"C",0.000513487189778616,-7.57377185671445
2022,0,0.228,4700,0,0.74,"D",0.000215590173521359,-8.44191568391088
2022,1,0.18,1600,0,0.82,"C",0.388855766593238,-0.452124497639135
2022,1,0.348,6000,0,0,"Missing",0.290430086165113,-0.893296151248227
2022,0,0.348,6000,0,0,"Missing",0.0344068219745559,-3.33448774681571
2022,0,0.204,2500,1,0.59,"C",0.000394533940847917,-7.83741077448686
2022,1,0.288,2000,1,0.93,"Missing",0.999999981081262,17.7831129723798
2022,0,0.24,2018,0,0,"Missing",0.122246537281475,-1.9713259569769
2022,1,0.276,3550,0,0.66,"D",0.924089934299411,2.49926010486347
2022,0,0.216,2750,1,0,"D",0.19444091997175,-1.42140818215292
2022,0,0.216,8000,0,0.23,"C",0.000273815930299109,-8.20278061113116
2022,1,0.348,11000,0,0.98,"D",0.722943304468732,0.959108639776247
2022,0,0.132,20000,0,0.01,"AA",0.0730788058297866,-2.54033015948182
2022,0,0.204,8500,1,0.21,"B",0.0108133907308762,-4.51609775002673
2022,0,0.348,2500,0,0.83,"D",0.0525083568630582,-2.89284578173543
2022,1,0.348,3000,1,0,"Missing",0.999991598535214,11.687096086533
2022,0,0.12,2000,0,0,"AA",0.00413346371454622,-5.48449752160522
2022,0,0.192,25000,0,0,"A",5.92513914458819e-07,-14.3388908873801
2022,0,0.288,25000,0,0,"A",0.000952866631030609,-6.95508228965913
2022,1,0.348,5000,0,1,"Missing",0.999835985104467,8.71538927949433
2022,1,0.348,3025,1,0,"Missing",0.143101164840248,-1.78976803973577
2022,1,0.276,3000,0,0.89,"Missing",0.875159035555016,1.94736498194103
2022,1,0.204,11000,0,0.61,"C",0.08745988961968,-2.34505175715409
2022,0,0.12,1000,0,0.28,"A",2.00455298999261e-05,-10.817484330972
2022,0,0.348,3000,0,0.36,"Missing",0.0783668090447562,-2.46474682008871
2022,0,0.132,8000,0,0.06,"A",2.85519632919594e-06,-12.7663670952265
2022,0,0.24,12200,0,0.35,"C",2.42807016752283e-05,-10.6258044118849
2022,1,0.18,7000,0,0.95,"C",0.899174420013974,2.18808493809561
2022,0,0.204,5000,0,0.89,"D",0.0459963540849799,-3.03210535882908
2022,1,0.348,22000,0,0,"D",0.996912910134325,5.77743455812278
2022,1,0.348,3001,0,0.84,"Missing",0.999675461769613,8.03278262464312
2022,1,0.3,15000,1,0.82,"D",0.431096848872671,-0.277377438502071
2022,0,0.204,6550,0,0.77,"C",0.0595449376945418,-2.75963258409655
2022,0,0.204,5233,0,0.38,"B",0.00123840790220912,-6.6926894988034
2022,1,0.204,2400,0,0.77,"D",0.822020927836195,1.53009988312034
2022,0,0.228,2500,0,0.82,"C",0.000989844367782872,-6.91697249686601
2022,0,0.18,10000,0,0.41,"C",0.00788394822890504,-4.83501126544852
2022,1,0.348,4000,0,1.21,"Missing",0.657425698137042,0.65184317711039
2022,1,0.348,3500,0,0.88,"Missing",0.983830719477894,4.10834067121594
2022,0,0.264,9000,0,0.95,"D",0.0045052035773408,-5.39800681715316
2022,0,0.108,2500,0,0.09,"AA",2.65452627651146e-06,-12.8392416915866
2022,0,0.18,15000,1,0.45,"A",0.000142286545082034,-8.85752531385331
2022,0,0.18,8000,0,0.84,"A",0.000318349062487923,-8.0520436966692
2022,1,0.288,1000,1,0.29,"Missing",0.787579942165067,1.31039916024776
2022,0,0.24,15000,0,0.61,"B",0.0743216602967204,-2.52212437487612
2022,0,0.108,1025,1,0.76,"D",0.00672246237185801,-4.99555560727906
2022,0,0.348,20000,0,0.61,"D",2.0643208530191e-05,-10.7881035339666
2022,0,0.24,9500,1,0.65,"AA",4.51947828945371e-05,-10.0044837046708
2022,0,0.228,4700,0,0.74,"D",4.05533785423664e-05,-10.1128509087352
2022,0,0.12,2000,0,0,"B",8.15770304707687e-05,-9.41388124459053
2022,0,0.276,6500,0,0.75,"D",0.3642997541234,-0.556750111637774
2022,0,0.192,23000,1,0.13,"A",0.573053597052859,0.294320764634223
2022,1,0.3,5500,0,0.49,"Missing",0.995436213800596,5.38502846101745
2022,0,0.132,25000,0,0.23,"AA",6.09246079900132e-07,-14.3110429695198
2022,1,0.3,15000,0,0.45,"C",0.996184979385835,5.56498689444263
2022,1,0.324,5000,0,0.96,"Missing",0.99918057726668,7.1060906907308
2022,0,0.264,15000,0,0.95,"C",0.000923074141750091,-6.98687749932724
2022,0,0.3,9000,0,0.56,"B",0.206800624028194,-1.34431944974877
2022,0,0.348,6000,0,0,"Missing",0.285654797720477,-0.916582241254254
2022,0,0.12,7500,0,0.13,"AA",5.22024168463161e-06,-12.1629616371484
2022,1,0.348,4750,1,1.19,"Missing",0.996894339038562,5.77141822268733
2022,0,0.216,14500,1,0.66,"B",0.00312412886857961,-5.76547077756259
2022,1,0.3,5500,0,0.49,"Missing",0.892783307976562,2.11949194950031
2022,0,0.348,10000,0,0.98,"C",0.029096429990264,-3.50761166747548
2022,1,0.204,25000,0,0.78,"B",0.410994192907037,-0.359856957627549
2022,0,0.324,15000,0,0.94,"D",3.7966390423005e-05,-10.178771285047
2022,1,0.24,5500,0,0.95,"Missing",0.923313249815105,2.48823961429069
2022,1,0.156,3500,1,0.71,"C",0.488491342498116,-0.0460427622591606
2022,0,0.288,20000,1,0.88,"C",0.232807184916062,-1.19252757998806
2022,1,0.348,3000,0,0.29,"Missing",0.999999144870487,13.9720120474883
2022,0,0.12,5000,0,0.11,"AA",3.62863110610762e-07,-14.8292398166961
2022,0,0.18,3800,0,0.2,"B",1.81806249710148e-07,-15.5203240971441
2022,0,0.096,2600,0,0,"A",0.0218184049221498,-3.80294145674724
2022,1,0.276,5000,0,1,"Missing",0.524208610440192,0.0969102156813978
2022,0,0.12,3500,1,0.21,"AA",3.54133136719213e-06,-12.5510042677588
2022,0,0.12,1000,0,0.2,"A",0.00640640286384076,-5.04403032932563
2022,0,0.24,5000,0,0.97,"C",0.54904076126055,0.196795729446595
2022,1,0.084,1500,1,0.91,"Missing",0.999734182573018,8.23243499680503
2022,1,0.348,6000,0,1.02,"Missing",0.990130608517729,4.60839866394324
2022,0,0.132,5000,1,0,"A",1.42452320396195e-05,-11.159074055616
2022,0,0.192,8000,0,0.9,"B",0.000422386971720983,-7.76916619330925
2022,0,0.204,11300,0,0.27,"C",0.00201697321560983,-6.20413828937372
2022,0,0.192,24000,1,0.35,"A",0.000308832748697913,-8.08240181350648
2022,0,0.204,9000,0,0.94,"C",2.65715414328525e-06,-12.8382522216788
2022,0,0.216,5000,1,0,"D",0.677424119662985,0.741959149557201
2022,1,0.348,4000,1,0.98,"Missing",0.905563189030178,2.26062611461083
2022,0,0.144,6250,0,0.21,"AA",0.000373597198912379,-7.89195868219183
2022,0,0.24,1500,0,0.74,"Missing",0.776326285671414,1.24438454556305
2022,1,0.312,5000,0,0,"Missing",0.912815220275066,2.34850370143895
2022,0,0.228,6000,0,0.5,"B",0.0265320153946231,-3.6025128054824
2022,0,0.3,3000,1,0.93,"Missing",0.0124517007361177,-4.37336818733444
2022,0,0.204,7500,0,0.2,"C",3.57467395223005e-06,-12.5416330134705
2022,0,0.132,5000,0,0.05,"A",5.77730886764044e-07,-14.3641570927993
2022,0,0.144,15000,0,0,"AA",0.00252360421957887,-5.97954035954547
2022,1,0.348,3000,1,0.4,"Missing",0.988307759681966,4.43706874580164
2022,0,0.132,3500,1,0.18,"A",0.358968222252898,-0.579845163791363
2022,0,0.24,15000,0,1.03,"D",0.00415257185204744,-5.47986619558194
2022,0,0.156,20000,0,0.13,"AA",0.151718469411339,-1.72118594578897
2022,0,0.156,19000,0,0.08,"AA",0.119133893658197,-2.00065761781686
2022,0,0.288,25000,1,0.46,"C",0.00049528078269197,-7.60989031497782
2022,0,0.204,10000,0,0.76,"C",0.295894883129074,-0.866923392060505
2022,1,0.336,3500,0,0,"Missing",0.908085736738911,2.29048257639942
2022,1,0.348,25000,0,1.31,"Missing",0.99688775219087,5.76929294472888
2022,0,0.276,7000,0,0.98,"C",0.0310498655219673,-3.44061867240507
2022,0,0.24,4200,1,0.97,"Missing",0.000518063238299713,-7.56489504401705
2022,1,0.348,3500,1,0.95,"Missing",0.713446093043315,0.912180205842763
2022,0,0.156,2600,1,0.1,"C",0.0108822653774222,-4.50967893405459
2022,0,0.288,3500,0,1,"Missing",0.405730154218116,-0.381645208189663
2022,0,0.06,2000,0,0.1,"AA",8.36569148049655e-05,-9.3887028099955
2022,0,0.276,6001,1,0.52,"D",0.00763550339088021,-4.8672816073896
2022,0,0.3,7900,0,0.68,"C",1.22026267993412e-07,-15.9190293819416
2022,1,0.204,9000,0,1,"Missing",0.999999760883392,15.2463142655444
2022,1,0.168,3000,0,0,"C",0.448138475294929,-0.208194872469734
2022,1,0.252,5500,1,0,"C",0.997689598186144,6.06802074927274
2022,1,0.252,4000,0,0,"D",0.661523583185016,0.670091213742667
2022,1,0.228,11000,0,0.93,"B",0.988139983479506,4.42265158486775
2022,0,0.18,6010,0,0.63,"B",0.349130641471927,-0.622862760902508
2022,1,0.12,5000,1,0.06,"AA",0.868404592125489,1.88692560230863
2022,0,0.24,3200,1,0,"D",0.00054540507452753,-7.5134362295032
2022,0,0.348,6000,1,0.72,"Missing",0.539313334128168,0.157578598586391
2022,0,0.132,4000,0,0,"B",1.75084746963299e-05,-10.9528080172652
2022,0,0.348,4000,0,1.21,"Missing",0.0489144056109341,-2.96753211674304
2022,0,0.3,15000,0,0.11,"D",0.00264000702747775,-5.93433020191257
2022,0,0.192,3400,0,0.49,"C",0.398381175618803,-0.412214788032021
2022,1,0.348,1890,1,0,"Missing",0.920868930898953,2.45421213417881
2022,0,0.156,7500,0,0.92,"B",7.77640112401999e-05,-9.46175404722841
2022,0,0.204,1000,1,0.76,"D",0.00510086954750547,-5.27323033088224
2022,1,0.18,6088,0,0.69,"B",0.972911789451707,3.58119482164119
2022,1,0.312,2000,1,0,"Missing",0.993006412911627,4.95574352322361
2022,1,0.18,2550,0,0.98,"Missing",0.829179101314322,1.57982054529831
2022,1,0.336,3900,0,1.08,"Missing",0.710472409353704,0.897679517115354
2022,0,0.348,25000,1,0.93,"C",0.00167778542152214,-6.38860136215397
2022,0,0.3,5000,0,0.52,"C",8.30856138111621e-05,-9.39555590102334
2022,1,0.348,5000,1,0.96,"Missing",0.999802085731201,8.52747867304347
2022,0,0.108,4500,0,0.07,"AA",0.000155835250521426,-8.76655534777394
2022,0,0.24,2018,0,0,"Missing",0.0019176374062431,-6.25474188980573
2022,1,0.3,5000,1,0.96,"Missing",0.999718683462182,8.17574869740434
2022,1,0.24,2600,0,0,"Missing",0.633639450349837,0.547862145537266
2022,0,0.24,19000,0,0.95,"C",0.124392773350816,-1.9514735324004
2022,1,0.348,3000,0,1.34,"Missing",0.974573894109734,3.646223906625
2022,0,0.108,4500,0,0.07,"AA",6.00116469909224e-07,-14.3261414839364
2022,1,0.18,25000,0,0.04,"A",0.269522921673314,-0.997044413314356
2022,0,0.216,6000,0,0.58,"C",0.00264860907251293,-5.93106853223455
2022,1,0.348,6000,0,0,"Missing",0.950403694646646,2.95297049395296
2022,0,0.3,10000,1,0,"A",0.000257764867956026,-8.26320495500428
2022,0,0.288,10000,0,0.68,"D",0.00988436121546219,-4.60686791022801
2022,0,0.252,15000,0,0.82,"C",0.0344117238652757,-3.33434021182168
2022,0,0.24,25000,0,0,"B",0.127557774110546,-1.92272704289379
2022,1,0.084,6500,0,0.75,"Missing",0.319985208071117,-0.753839780822539
2022,0,0.156,2000,1,0.54,"A",1.7109717698195e-06,-13.2784473514459
2022,0,0.24,18000,0,0.71,"B",0.000191924784047078,-8.55821506924131
2022,1,0.3,15000,1,0,"D",0.984813628132937,4.17205397526845
2022,0,0.312,25000,1,0.38,"D",0.00177027721028872,-6.33484728267435
2022,0,0.132,7000,0,0,"AA",3.37465793841348e-06,-12.5992132156938
2022,1,0.264,2500,1,1,"Missing",0.998867345807815,6.78205826170588
2022,1,0.288,3000,0,1,"Missing",0.999987138889776,11.2612896501228
2022,0,0.3,4500,1,0.2,"D",0.191353856802412,-1.44123705370414
2022,1,0.24,1000,0,0,"Missing",0.828638569009472,1.57600911830984
2022,0,0.156,20000,0,0.46,"A",0.00109679218780487,-6.81426815835322
2022,0,0.204,5000,0,0.15,"B",0.00217292353005546,-6.12950648152789
2022,0,0.132,15200,0,0.83,"A",0.000349672475592316,-7.95816389199671
2022,0,0.108,2550,0,0.17,"A",4.56219507661883e-07,-14.6002913105854
2022,1,0.264,5000,1,0,"D",0.909223700015848,2.30419292038113
2022,1,0.348,2500,1,0,"Missing",0.99913416114455,7.0509455319633
2022,1,0.276,7200,0,1.12,"Missing",0.99916668786784,7.08926861797857
2022,1,0.276,1400,0,0,"Missing",0.844032226896962,1.68854127415863
2022,0,0.156,10000,0,0.78,"B",1.78244061707881e-07,-15.5401119143647
2022,0,0.336,2550,0,0.74,"Missing",0.000612794331717794,-7.39686820722154
2022,0,0.216,7500,1,0.96,"D",0.0067653061171908,-4.9891594737023
2022,0,0.18,12000,0,0.94,"B",1.34084435924262e-05,-11.2196125220777
2022,0,0.156,4000,0,0.01,"A",0.113922052290345,-2.05129046114374
2022,0,0.144,11000,0,0.7,"A",0.000175639304665459,-8.64690241640965
2022,1,0.288,15000,1,0.81,"D",0.959271418682058,3.15924396777422
2022,0,0.216,13000,0,0.95,"B",0.000444474420335082,-7.71817347849052
2022,0,0.348,5500,0,0.72,"D",0.180851747300554,-1.51058746424605
2022,0,0.204,5000,0,0,"C",0.0597002513856696,-2.75686247473183
2022,1,0.276,6001,1,0.85,"Missing",0.999995331818298,12.2747362511478
2022,0,0.108,5000,0,0,"AA",0.014086221239315,-4.24837180277671
2022,0,0.228,13000,0,0.82,"C",0.00131569650317255,-6.63207253057385
2022,0,0.348,5000,0,0,"Missing",0.749261744197049,1.0946787912121
2022,1,0.336,3500,0,1.01,"Missing",0.967225770584944,3.3847894254613
2022,0,0.3,15000,0,0,"D",8.12554035438454e-05,-9.41783197510583
2022,0,0.24,5000,0,0.95,"Missing",0.0592133467562932,-2.76556942199663
2022,0,0.168,7000,0,0.32,"A",0.00824102109070462,-4.79035585793605
2022,0,0.204,7000,0,0.51,"B",0.000194039233383635,-8.54725612734978
2022,1,0.132,2500,1,0,"B",0.963795640789615,3.28169974949697
2022,0,0.192,25000,0,0.85,"A",3.21119721071722e-05,-10.3462495220337
2022,0,0.348,5000,0,1,"Missing",0.0560376298668357,-2.8240628762263
2022,0,0.24,15000,0,0.84,"C",0.0237434802821964,-3.71641740109886
2022,0,0.216,12000,0,0.57,"A",9.61718446974062e-08,-16.1571291006036
2022,0,0.192,5000,1,0.69,"C",0.00159762912695713,-6.43763563763584
2022,0,0.156,15000,0,0,"B",0.0338425683084051,-3.35160736620298
2022,0,0.156,6001,0,0.94,"A",3.26928970386245e-05,-10.3283200261686
2022,0,0.132,8000,0,0,"A",0.00106146004379002,-6.84704789500971
2022,0,0.168,8000,0,0.76,"AA",0.0011540532220465,-6.76332027268111
2022,0,0.264,5600,0,0.94,"D",0.000783565347798078,-7.15087222217541
2022,1,0.12,3900,0,0.53,"A",0.996502946470964,5.65233133137346
2022,1,0.216,9800,1,0.72,"C",0.998160486572985,6.29641297676202
2022,0,0.204,17000,0,0.7,"A",3.25828467075128e-06,-12.6343064173903
2022,0,0.252,15000,0,0.24,"C",0.347711308526291,-0.629114679975269
2022,0,0.192,7000,0,0.98,"C",0.000305799153405758,-8.09227618701094
2022,1,0.312,5000,1,0,"Missing",0.997701080546839,6.0730145033871
2022,0,0.18,9500,0,0.36,"A",0.00206993244565361,-6.17816722947063
2022,0,0.3,4000,0,0.45,"D",0.0756359090059843,-2.50317487463488
2022,0,0.12,4000,1,0.43,"A",0.00421581822113289,-5.4646868552641
2022,1,0.348,3500,0,0.83,"Missing",0.787603590151554,1.31054051865851
2022,0,0.348,3000,0,0.91,"Missing",0.0117514949908734,-4.43195372364725
2022,0,0.3,25000,0,0.71,"A",0.00228861755657497,-6.07751609034921
2022,1,0.348,4000,0,1.12,"Missing",0.999468618863585,7.53949950080028
2022,1,0.348,3500,1,1,"Missing",0.650668953847786,0.621980964516421
2022,1,0.18,20000,0,0.66,"A",0.99890836527703,6.81898672940215
2022,0,0.252,3000,1,0.97,"D",0.00137666580466302,-6.58671317255065
2022,0,0.252,10000,0,0.21,"D",0.000767649515979778,-7.17140934407183
2022,0,0.228,16000,0,0,"A",6.84381610905842e-07,-14.1947494798353
2022,0,0.144,6000,0,0.6,"A",1.39299057154631e-06,-13.48405623865
2022,1,0.3,7000,0,0.62,"D",0.996924022965724,5.78105197589152
2022,0,0.348,13500,0,0.78,"D",5.1821531855722e-07,-14.4728744899491
2022,1,0.348,4750,0,1,"Missing",0.952729482248856,3.00344420642319
2022,1,0.168,14500,0,0.48,"A",0.865272085417284,1.85978670993134
2022,1,0.348,2550,0,0.94,"Missing",0.999995914176782,12.4079832419873
2022,0,0.3,9000,0,0.78,"D",0.00223177894893639,-6.10272200350329
2022,0,0.348,3600,0,0.92,"Missing",0.121742105479562,-1.97603536222381
2022,0,0.348,7000,1,0.64,"Missing",0.291377047986316,-0.888705456528241
2022,1,0.348,4000,0,1.21,"Missing",0.999473090138075,7.54795401531437
2022,1,0.216,2800,0,0.99,"C",0.895551098046915,2.14874130549375
2022,1,0.18,2000,0,0.87,"D",0.3887808604691,-0.452439707853479
2022,0,0.12,4000,1,0.43,"A",0.0082109899802994,-4.79403689470227
2022,0,0.18,11000,0,0.54,"B",0.0274839237172325,-3.56628536460669
2022,0,0.288,5600,0,0.62,"Missing",0.000476311290497739,-7.64896252108246
2022,0,0.18,5500,0,0.28,"C",1.41528817591374e-05,-11.165578143739
2022,0,0.24,5000,0,0,"C",0.0031425966418133,-5.75955831984177
2022,0,0.312,5050,1,0,"D",0.0194125466962588,-3.92223224027197
2022,1,0.336,1200,0,0.81,"Missing",0.995004225396575,5.2941545079411
2022,0,0.288,5000,0,0.9,"C",0.204819671471285,-1.35643897661215
2022,0,0.132,6001,0,0.01,"A",1.33805214386851e-07,-15.8268805847053
2022,0,0.276,15000,1,0.76,"B",1.92453064215015e-08,-17.7659986089565
2022,1,0.348,20000,0,0.03,"D",0.959370687365815,3.16178774334679
2022,1,0.324,2000,1,0,"Missing",0.994265507108504,5.15550495753765
2022,0,0.192,3400,0,0.49,"C",0.0421408317714764,-3.12368361467019
2022,0,0.204,5000,1,0.98,"B",0.22725617756581,-1.22386967002239
2022,1,0.348,1500,0,0.95,"Missing",0.996363734961901,5.61315532023648
2022,1,0.24,8000,0,0.91,"D",0.0640173666638518,-2.68244252150493
2022,0,0.18,15000,0,0.65,"B",0.000859126827030422,-7.05873450581908
2022,0,0.192,6001,1,0.77,"C",4.45565799623156e-05,-10.0187061590127
2022,1,0.348,3000,0,0.91,"Missing",0.999581295815058,7.77792709803737
2022,1,0.204,4900,0,0.13,"D",0.570053395765691,0.282069008445291
2022,1,0.264,2000,1,0.84,"D",0.995903384764813,5.49348916927046
2022,0,0.3,1250,0,0.99,"Missing",0.699218031768885,0.843576968913263
2022,1,0.18,2000,0,0.98,"C",0.434042635328455,-0.265375980571139
2022,0,0.3,3001,1,0.84,"D",6.05186120560991e-05,-9.71249908250385
2022,0,0.312,9000,1,0.83,"Missing",0.313320385425029,-0.784641566484375
2022,1,0.348,1750,1,0.98,"Missing",0.999513244504963,7.62726175053788
2022,0,0.12,2000,0,0.29,"A",0.00071236506956318,-7.24620742088493
2022,0,0.288,25000,0,0.97,"C",0.000558355237771781,-7.4899566601366
2022,0,0.192,9000,0,0.97,"C",0.00609523353036224,-5.09413431641504
2022,1,0.348,20000,0,1.05,"C",0.918716626398286,2.42503623596318
2022,1,0.348,3000,0,0,"Missing",0.175759494788112,-1.54534580894888
2022,0,0.24,1000,1,0.9,"D",0.000790139607016206,-7.14251045844207
2022,1,0.264,2500,1,0.63,"D",0.534162306569592,0.136862461568787
2022,1,0.18,9999,0,0.54,"C",0.964274646453298,3.29551553688754
2022,0,0.3,15000,0,0,"D",0.000155456320444833,-8.76899029485991
2022,0,0.348,1890,1,0,"Missing",0.528149452664301,0.112716999497565
2022,0,0.132,4999,0,0.28,"A",0.00685414503810138,-4.97602395208567
2022,0,0.168,18500,0,0.45,"A",2.85417028890412e-06,-12.7667265197654
2022,0,0.288,1550,0,1.09,"Missing",0.00257454096609689,-5.95950616555514
2022,0,0.24,13000,0,1.01,"B",0.0949208115249953,-2.25497945985026
2022,0,0.144,25000,0,0.06,"AA",1.37223075973202e-06,-13.4990714783471
2022,0,0.192,20000,0,0.29,"AA",4.481256122111e-06,-12.3156026851718
2022,0,0.348,12000,0,0.6,"B",0.0147232200692977,-4.2034967524688
2022,0,0.108,5000,0,0.17,"AA",0.00176908111723892,-6.33552436221133
2022,0,0.132,15152,0,0.6,"A",0.00090970854701403,-7.00147616517694
2022,0,0.108,3000,0,0.13,"A",0.000195056585540879,-8.54202578362279
2022,0,0.18,3000,0,0.73,"D",0.00494842243063136,-5.30372574766612
2022,0,0.12,5000,0,0.52,"AA",0.00103809710041266,-6.86932731664023
2022,0,0.348,25000,0,0.47,"D",0.0518101719328372,-2.90696822343944
2022,1,0.348,5000,0,0.6,"Missing",0.992866048614247,4.93573048682161
2022,0,0.168,9700,0,0.23,"AA",7.95835379638103e-08,-16.3464584954004
2022,1,0.288,4592,0,0.6,"C",0.0800418732323527,-2.44177824148006
2022,0,0.348,2500,1,0,"Missing",0.00959432072237815,-4.63694330424545
2022,1,0.348,7500,1,0.09,"D",0.777709832515478,1.25236989953781
2022,0,0.24,3000,0,0,"D",0.1822592588009,-1.50111517171976
2022,0,0.18,10000,0,0.49,"A",3.23702063770017e-05,-10.3382397437523
2022,0,0.18,16000,0,0.77,"B",6.47469357156264e-05,-9.64495943432778
2022,0,0.276,6001,0,0.24,"D",0.00248606151856788,-5.99456638329424
2022,0,0.168,5000,1,0.39,"B",0.0199692466298653,-3.89339053054044
2022,0,0.288,2000,0,0,"Missing",0.00141857858062375,-6.55668032254855
2022,0,0.24,7500,0,0.36,"C",0.000480472561224985,-7.64025984778993
2022,0,0.216,13000,0,0.73,"C",4.86916528267411e-06,-12.2325831662449
2022,0,0.276,15000,0,0.96,"C",2.09367433635249e-05,-10.7739839499309
2022,1,0.336,6000,0,0.53,"D",0.998696986030257,6.64177139605136
2022,0,0.348,20000,1,0.87,"D",0.00038816198258621,-7.85369958723266
2022,1,0.348,3000,1,0.92,"Missing",0.999992875619102,11.8519806027205
2022,0,0.204,10000,0,0.72,"B",0.0125366536941588,-4.36648272937314
2022,0,0.156,7500,0,0.92,"B",0.00138044014694075,-6.5839714897751
2022,1,0.228,5000,0,0.97,"Missing",0.981692112542963,3.9819457526069
2022,1,0.336,3001,0,0.75,"Missing",0.752276454538665,1.11079049376674
2022,1,0.348,5000,0,0,"Missing",0.999818063228497,8.61166938724771
2022,0,0.24,12000,0,0.34,"C",0.0179275099855593,-4.00332872061078
2022,0,0.108,2500,0,0.1,"AA",7.75962594586281e-06,-11.7665686681276
2022,0,0.252,15500,0,0.66,"A",5.09407890607968e-08,-16.7926018265704
2022,0,0.204,9000,0,0.9,"C",0.4220692046583,-0.314284837589227
2022,0,0.348,4000,0,1,"Missing",0.924707475238688,2.50809658739203
2022,0,0.168,5000,0,0.34,"B",0.00268931387552293,-5.91577624618773
2022,0,0.3,25000,0,0.71,"A",0.0121370912106401,-4.39927777864886
2022,1,0.348,1000,0,0.45,"Missing",0.999561233885992,7.73110519437406
2022,0,0.228,3000,0,0.97,"C",1.04010577940384e-05,-11.473592644912
2022,0,0.252,1000,0,0.42,"D",0.660374800523791,0.664964898330505
2022,1,0.264,3200,0,0,"D",0.828347611486847,1.57396145209481
2022,0,0.204,3500,0,0,"B",0.0345988741717694,-3.32872254625757
2022,0,0.168,5000,0,0.29,"B",0.000719087019118373,-7.23680883389928
2022,1,0.228,19900,0,0.75,"C",0.879448355665626,1.98721659754351
2022,1,0.348,4000,0,1.21,"Missing",0.99986936777666,8.9429939977216
2022,0,0.348,20000,0,0.95,"Missing",0.0046930903493297,-5.35695985294561
2022,0,0.288,25000,0,0.89,"B",0.0106546391128798,-4.53104807801227
2022,0,0.108,2500,0,0.09,"AA",0.00440795985809551,-5.41992561021873
2022,0,0.132,25000,0,0.29,"AA",0.00108941723304259,-6.82102236322205
2022,1,0.252,2550,0,0.24,"Missing",0.846937644427895,1.71078168148828
2022,0,0.168,5000,0,0.68,"B",0.000155230826434084,-8.77044210313134
2022,1,0.264,25000,1,0.69,"AA",0.595372187183673,0.386219070780588
2022,0,0.348,3000,0,0.85,"D",7.16981136753251e-06,-11.8456240424346
2022,1,0.288,10000,1,0.03,"A",0.943385242377766,2.81320504111207
2022,1,0.252,2550,0,0.24,"Missing",0.994670122753943,5.22908294011405
2022,1,0.348,5500,1,0.89,"Missing",0.814981703695088,1.48271094440138
2022,0,0.108,2500,0,0,"AA",0.000128271778596299,-8.9612309947076
2022,0,0.168,25000,1,0.63,"AA",0.175924582608213,-1.54420665638761
2022,1,0.24,5500,0,0.8,"D",0.982091791942901,4.00442562004918
2022,0,0.348,25000,0,0.47,"D",5.1040964570399e-05,-9.88283097851624
2022,1,0.348,1000,0,0.92,"Missing",0.990523209262193,4.64938756854334
2022,0,0.192,9000,0,0.97,"C",0.444654213659171,-0.22229402603943
2022,0,0.288,10000,0,0.97,"B",0.0314032543024663,-3.42893684241343
2022,1,0.156,10200,0,0.95,"A",0.8536664114025,1.76365162970289
2022,0,0.3,15000,0,0,"D",0.0233896264108908,-3.73179516542223
2022,1,0.228,10000,0,0.64,"C",0.839058439727305,1.65123903864818
2022,0,0.108,3500,0,0.67,"A",0.0317968616321973,-3.41607432484165
2022,0,0.144,10000,0,0.5,"B",0.00361689017820826,-5.61851724220678
2022,1,0.348,2000,1,0.09,"Missing",0.999995091189477,12.2244739927894
2022,1,0.312,2200,0,0.97,"Missing",0.999820022758449,8.62250015745759
2022,0,0.12,3900,0,0.41,"AA",3.35430866550848e-08,-17.2104350221704
2022,0,0.084,2000,1,0.07,"AA",0.190501155829382,-1.44675708339125
2022,0,0.348,5000,0,0.46,"Missing",0.0222526771136362,-3.78278895450856
2022,0,0.3,25000,0,0.87,"A",0.00713288326902431,-4.93588129683958
2022,0,0.276,1500,0,0.84,"Missing",0.0323074536096524,-3.39961645394424
2022,0,0.24,2850,0,0.7,"C",2.18065209637556e-05,-10.7332796993622
2022,1,0.348,2500,1,0.82,"Missing",0.999998308630423,13.2899702652128
2022,1,0.348,2000,1,0,"Missing",0.891304496873931,2.10413569273571
2022,0,0.18,2000,0,0,"B",0.0122463956731656,-4.39020161537788
2022,0,0.348,15000,0,0,"AA",0.00341492788506281,-5.67617813123423
2022,0,0.3,9000,0,0.43,"D",0.000147160666800163,-8.82383842511828
2022,0,0.228,3000,0,0.97,"C",0.0562889826029264,-2.81932116853451
2022,0,0.288,3000,0,0,"Missing",0.814761244081855,1.48124955273929
2022,0,0.288,5000,0,0.9,"C",0.0628325985843204,-2.70238789854154
2022,0,0.18,8500,0,0.22,"B",0.0116884831468456,-4.43739393791663
2022,1,0.24,10000,0,0.64,"D",0.984242985447378,4.13458716845373
2022,1,0.324,15000,1,0.96,"Missing",0.648041329314812,0.610440718246735
2022,1,0.264,6001,0,0.25,"Missing",0.989886045466471,4.58367372366589
2022,0,0.252,3000,0,0.04,"C",0.00249304551591773,-5.99175405879077
2022,0,0.204,1200,0,0.94,"D",0.0624135415553253,-2.7095267119971
2022,1,0.288,4100,1,0.91,"Missing",0.999967481675897,10.3336742901099
2022,0,0.144,2000,0,0.01,"AA",2.12183971421778e-08,-17.6683972206365
2022,0,0.264,6001,1,0.22,"C",7.55703310309669e-05,-9.49037122529986
2022,0,0.168,2690,1,0.69,"C",8.11932299172897e-06,-11.7212556633135
2022,1,0.348,5000,0,0,"Missing",0.999770359892246,8.37876755695653
2022,1,0.348,5000,0,0.92,"Missing",0.999425351931124,7.46117794543545
2022,0,0.24,5000,0,0,"D",1.25999125011925e-07,-15.8869907483697
2022,0,0.24,5000,0,0.87,"D",0.0624531613915031,-2.70884985972639
2022,0,0.12,9990,0,0.05,"AA",0.00035292634527067,-7.94889818778791
2022,0,0.3,5000,0,0.2,"D",0.00938677173957886,-4.65902273744473
2022,1,0.24,5000,1,0,"C",0.996046756325016,5.5292577751177
2022,0,0.204,20000,1,0.01,"AA",0.102029814940682,-2.17487179234606
2022,0,0.132,7000,0,0.83,"AA",1.68364526249029e-06,-13.2945476324155
2022,1,0.168,25000,0,0.58,"AA",0.601922116968349,0.413480390982976
2022,1,0.276,7500,0,0.89,"D",0.999036464421987,6.94393714490957
2022,1,0.348,2500,0,0,"Missing",0.998646091628438,6.60340495345442
2022,0,0.3,7900,0,0.68,"C",0.00351456749503612,-5.64731804870267
2022,1,0.24,2700,1,0.8,"D",0.999461383460502,7.52596790809797
2022,1,0.18,4400,0,0.8,"Missing",0.793811795700779,1.34805703522573
2022,0,0.108,5000,0,0.17,"AA",1.83446826561391e-05,-10.9061524541126
2022,0,0.12,3000,0,0.36,"A",0.00441184163648894,-5.41904146952053
2022,0,0.204,5600,0,1.09,"B",1.25657614889493e-07,-15.8897048451603
2022,0,0.228,2500,0,0.82,"C",0.00388817594602139,-5.5459193852484
2022,0,0.18,20000,0,0.37,"A",9.90015839472732e-08,-16.1281298884708
2022,0,0.216,15000,0,0.61,"A",0.00337948632815239,-5.68664634526543
2022,0,0.3,10000,1,0,"A",0.47932609232996,-0.0827428057176229
2022,0,0.18,15000,0,0.63,"B",0.0267732955152495,-3.59321209565998
2022,0,0.216,12000,0,0.57,"A",1.10360141513057e-08,-18.3221018872704
2022,0,0.18,15000,1,0.72,"C",0.00117823561252543,-6.7425582728416
2022,0,0.132,1527,0,0.03,"AA",0.00118910853502564,-6.73336156674198
2022,0,0.228,4700,0,0.74,"D",0.00419230365402161,-5.47030378203888
2022,0,0.192,9800,0,0,"C",1.2400569743692e-06,-13.6003519922732
2022,0,0.336,10500,0,0.94,"C",0.000636477306091436,-7.35892511487481
2022,0,0.348,6500,0,0.89,"Missing",0.220098133373643,-1.26509459206504
2022,0,0.24,5000,0,0.16,"A",0.0486613938063936,-2.9729840712271
2022,0,0.264,2500,1,0.63,"D",0.0021746742571466,-6.12869935019184
2022,0,0.24,5500,0,0.95,"Missing",0.909708388802306,2.31007953943243
2022,0,0.18,1000,0,0,"D",0.467424698440629,-0.130486036064186
2022,1,0.336,1500,1,1,"Missing",0.999482562128789,7.56610352387557
2022,1,0.348,6000,0,0.94,"Missing",0.977687856455957,3.7800593701177
2022,1,0.348,15000,0,0.97,"D",0.998433774400663,6.45751917749704
2022,1,0.348,2550,1,0.93,"Missing",0.999919351787353,9.4253332640274
2022,0,0.18,5000,0,0.74,"C",0.0274800013549662,-3.56643212277907
2022,1,0.3,15000,0,0.65,"D",0.910657826020164,2.32169357468416
2022,0,0.12,5000,0,0.43,"A",1.62312102029332e-06,-13.3311580832894
2022,1,0.348,5000,0,0.88,"Missing",0.999396592166569,7.41231365921425
2022,1,0.276,3000,0,0.89,"Missing",0.999858468564476,8.86284716492144
2022,1,0.348,2550,0,0.9,"Missing",0.999944056905772,9.79111961373369
2022,1,0.216,9500,1,0.36,"A",0.917547247773025,2.40947864580712
2022,0,0.24,6500,1,0.9,"C",0.0411838538985085,-3.14765305844701
2022,0,0.216,5000,0,0.92,"B",0.0107523200761453,-4.52182318265036
2022,0,0.228,10000,1,0.88,"D",0.0694443317107742,-2.59525645146966
2022,1,0.348,5000,0,0.97,"Missing",0.659113891376608,0.659347914928376
2022,0,0.264,15000,0,0.94,"C",0.0511817034682916,-2.91983519787883
2022,0,0.132,1000,0,0.98,"D",0.110130789034405,-2.08940584723214
2022,0,0.108,4500,0,0.07,"AA",1.38088823503131e-05,-11.1901847153029
2022,0,0.348,5224,0,0.67,"Missing",0.00572753510635551,-5.15672601388175
2022,1,0.348,5000,0,0.97,"Missing",0.998315666557106,6.38469962276643
2022,0,0.348,3000,0,0.94,"Missing",0.154455947989272,-1.70007133931049
2022,1,0.084,1000,0,0.34,"AA",0.73884345200339,1.03996603262622
2022,0,0.144,4000,0,0.28,"AA",0.0969690300491691,-2.23136519988315
2022,0,0.3,8500,0,0.86,"Missing",0.32471189504759,-0.732201109561393
2022,0,0.132,7000,0,0.83,"AA",0.00664306904230203,-5.00751598467645
2022,0,0.168,2000,0,0.5,"C",0.000712656869130459,-7.24579759192432
2022,0,0.312,25000,1,0.38,"D",1.17930481869134e-05,-11.3479885436864
2022,0,0.312,5000,0,0.61,"D",0.047780955258828,-2.99216796278145
2022,0,0.348,6000,0,0.43,"D",3.0820080677499e-06,-12.6899261213574
2022,0,0.3,4000,0,0.45,"D",0.0273939843868842,-3.56965564166907
2022,1,0.348,5100,0,0.81,"Missing",0.997244209851546,5.89129147792301
2022,0,0.24,3500,1,0.81,"C",0.339619034839103,-0.664992384804501
2022,0,0.288,3000,0,0.92,"Missing",0.0437803124329623,-3.08380345686146
2022,0,0.18,2000,0,0.87,"D",0.000127919552305113,-8.96398106151367
2022,1,0.288,1000,0,0.97,"Missing",0.897194069674441,2.16642915346072
2022,1,0.336,12000,0,0,"Missing",0.999990303928422,11.5437800502902
2022,0,0.156,25000,0,0.1,"AA",0.191468037551789,-1.44049932230205
2022,0,0.348,11000,0,0.98,"D",0.00275900297850743,-5.89012308814472
2022,1,0.348,5000,0,0.75,"Missing",0.978679669982374,3.82654330931615
2022,0,0.336,5500,0,0.35,"D",0.0853630892067716,-2.37161337104587
2022,0,0.132,15200,0,0.83,"A",0.281331441092359,-0.937866796415482
2022,0,0.132,1500,0,0.2,"B",4.41893791397075e-05,-10.0269818983564
2022,0,0.12,8300,0,0.05,"AA",1.11812481653159e-09,-20.6116128246332
2022,1,0.348,3000,1,0.67,"Missing",0.998184077176165,6.30934392398375
2022,0,0.3,7000,0,0.62,"D",0.00894100169185711,-4.70812643769532
2022,0,0.108,2500,0,0.28,"AA",2.37169115629161e-07,-15.2544921450552
2022,1,0.312,2600,0,0.36,"Missing",0.999997135703332,12.7631848648476
2022,0,0.204,7000,0,0.67,"B",0.000610271717722547,-7.40099580307664
2022,1,0.348,6000,0,1.02,"Missing",0.98417049800138,4.12992373831298
2022,0,0.204,2000,0,0.74,"B",0.00176673585022971,-6.33685328898289
2022,0,0.084,2000,1,0.07,"AA",0.114000472604517,-2.0505138231517
2022,0,0.24,2550,0,0,"AA",0.000561118759537695,-7.48501670601915
2022,0,0.204,5000,0,0.03,"C",0.366515053530784,-0.547196642762283
2022,0,0.3,5000,0,0.9,"D",2.23778430143034e-06,-13.0100220949905
2022,1,0.216,1000,1,0.61,"D",0.765764002172051,1.18454488626006
2022,0,0.168,11500,1,0.36,"A",6.54659588845876e-06,-11.9365588084824
2022,0,0.12,6500,0,0.67,"A",0.00616605821363027,-5.08251036163511
2022,0,0.216,5000,0,0.66,"C",0.0435600249392368,-3.08907816154864
2022,0,0.3,2000,0,0.19,"D",5.78277397188942e-05,-9.75798414206933
2022,1,0.264,5600,0,0.94,"D",0.964655727000292,3.30663490737699
2022,1,0.336,5000,0,0.87,"Missing",0.989458523802609,4.54184025786075
2022,0,0.204,4000,0,0.78,"C",0.000400967713993384,-7.82122859950828
2022,0,0.348,3000,0,0,"Missing",0.15234816922388,-1.71630148611688
2022,0,0.204,8000,0,0.8,"C",1.97665737867449e-05,-10.8314984726862
2022,1,0.156,8000,0,0.57,"A",0.474054863131407,-0.103873844766521
2022,1,0.312,5000,1,0,"Missing",0.848619796528843,1.7238166849647
2022,0,0.108,2500,0,0.09,"AA",0.000143737123164776,-8.84738071282899
2022,0,0.108,6500,0,0.09,"AA",2.05389676797779e-07,-15.3983565943429
2022,1,0.324,2000,1,0,"Missing",0.999967740561247,10.34166762306
2022,0,0.18,3800,0,0.2,"B",0.000632048200977119,-7.36591265132912
2022,0,0.264,12000,1,0.92,"C",1.16400525901509e-05,-11.3610469574966
2022,0,0.288,25000,1,0.46,"C",0.0484341683965977,-2.97790334826618
2022,0,0.24,5000,0,0.97,"C",0.00107366061336435,-6.83560709788901
2022,1,0.312,9000,1,0.83,"Missing",0.99999763718351,12.9556538596311
2022,0,0.12,5000,0,0.52,"AA",1.9351922382422e-07,-15.4578887879632
2022,1,0.336,10000,0,0.87,"D",0.974766968104206,3.65404450966007
2022,0,0.264,6500,1,0.97,"Missing",0.456558720626025,-0.174204335072978
2022,0,0.348,1890,1,0,"Missing",0.000109460935022827,-9.11983336321701
2022,0,0.204,1675,0,0.95,"Missing",1.12069122716076e-05,-11.3989685959496
2022,0,0.288,1000,0,0,"D",0.00895397230122445,-4.70666371260031
2022,0,0.24,18000,0,0.71,"B",0.00191027795007225,-6.25859441905512
2022,0,0.24,5950,0,0.74,"C",0.00231519353867519,-6.06594411517587
2022,0,0.3,5000,0,0.52,"C",1.50712408097011e-06,-13.405305798174
2022,0,0.348,1300,0,0.55,"Missing",0.273144150248275,-0.978728498209136
2022,1,0.144,15000,0,0.55,"A",0.898388798379211,2.17944915369494
2022,1,0.336,2000,1,0.97,"Missing",0.678444884067323,0.746634281266177
2022,0,0.12,1000,0,0.2,"A",0.0114572494385164,-4.45760922120044
2022,0,0.204,20000,0,0.56,"B",2.96171754909061e-07,-15.0323260016611
2022,0,0.348,3600,0,0.92,"Missing",0.068620202641724,-2.60808014916893
2022,0,0.348,15000,0,0,"AA",0.170907824139664,-1.57920696712118
2022,0,0.12,3500,0,0.07,"AA",0.000379842062540896,-7.87537510231138
2022,0,0.108,2500,1,0.24,"AA",0.000531216677314846,-7.53980920692447
2022,0,0.348,15000,0,0.97,"D",0.000425482645729257,-7.76186082318861
2022,0,0.228,4000,0,0.9,"D",0.0697589820927165,-2.59039752367805
2022,0,0.204,25000,0,0.54,"A",3.3817379962328e-06,-12.5971173988123
2022,1,0.312,7225,0,1.01,"Missing",0.999055892618142,6.96432609298815
2022,0,0.084,2000,0,0.39,"C",0.00339571878713721,-5.68183832372195
2022,1,0.24,2200,0,0.92,"Missing",0.945958959397013,2.86245541574109
2022,0,0.18,5000,0,0.41,"B",0.0522639492652396,-2.89776920919403
2022,0,0.204,6500,1,0,"D",0.00198188826184801,-6.2217213663266
2022,0,0.3,2000,0,0.19,"D",0.00210883066865487,-6.15951061320021
2022,0,0.204,7000,0,0.67,"B",0.000282543779813904,-8.17139446288941
2022,0,0.204,25000,0,0.34,"AA",0.000119806474123624,-9.0295130189929
2022,1,0.348,3000,0,0.36,"Missing",0.990446350069034,4.64123242697783
2022,1,0.348,6700,0,0.39,"Missing",0.855966306222508,1.78218375670565
2022,0,0.24,3000,0,0.76,"C",0.0221908024513843,-3.78563665743141
2022,1,0.24,1500,0,0.74,"Missing",0.999999067513356,13.885410075432
2022,0,0.204,9000,0,0.99,"C",0.00027284098716376,-8.20634851886429
2022,1,0.18,18000,0,0.12,"B",0.429589837390658,-0.283524798643596
2022,1,0.18,25000,0,0.9,"B",0.674518681815236,0.728694306752184
2022,0,0.12,5000,0,0.71,"AA",0.000451708431425125,-7.70202183901118
2022,1,0.348,4500,1,1.52,"Missing",0.999999984278342,17.9682265633816
2022,1,0.348,1500,0,0,"Missing",0.99980588815594,8.54688191856481
2022,1,0.264,2500,1,1,"Missing",0.978429902535953,3.81464116770505
2022,1,0.18,4999,0,0.89,"C",0.588081971948202,0.356041977742572
2022,0,0.12,2000,0,0,"AA",2.72457086325236e-06,-12.8131968990513
2022,1,0.228,8500,0,0.79,"C",0.970628147993606,3.4979066361803
2022,0,0.24,1000,0,0.33,"D",0.0319269740212089,-3.41185629140077
2022,1,0.348,5000,0,0,"Missing",0.890728829559505,2.09820744224155
2022,0,0.24,2500,0,0.78,"Missing",0.00483410861904056,-5.327212696433
2022,0,0.276,15000,1,0.76,"B",1.0670586724612e-05,-11.4480088352702
2022,0,0.132,3000,0,0.89,"B",4.26071451821018e-07,-14.6686583513908
2022,1,0.348,2550,0,0,"Missing",0.971574393934402,3.53162748126808
2022,0,0.324,3200,0,0.98,"Missing",0.0142205521122187,-4.23874439581954
2022,0,0.24,2500,0,0,"Missing",0.254966792184437,-1.07229548168474
2022,0,0.168,2690,1,0.69,"C",0.0209013359006388,-3.84681934232324
2022,0,0.192,2000,1,0,"C",7.43691073555694e-08,-16.414225130683
2022,1,0.252,4000,1,0.91,"D",0.957012135074601,3.102898206874
2022,0,0.348,1000,0,0,"Missing",0.225779904195575,-1.23229554516422
2022,0,0.12,2000,0,0,"A",0.00604176405545803,-5.1029991581547
2022,1,0.288,1000,0,0,"Missing",0.997654745398655,6.05301330195688
2022,0,0.348,15000,0,0.97,"D",6.87556363209844e-06,-11.8875300593341
2022,0,0.132,3000,1,0,"C",0.207081531542846,-1.34260781439187
2022,1,0.348,3000,0,0,"Missing",0.866285122259301,1.86850433989842
2022,0,0.132,8000,0,0.06,"A",8.58629991305374e-05,-9.36267169861788
2022,0,0.216,20000,1,0.43,"B",0.000322518947728172,-8.03902609984067
2022,1,0.3,5100,0,1.02,"Missing",0.994027975153276,5.11467931007313
2022,0,0.276,6001,0,0.61,"D",0.0027379122850847,-5.89781792153361
2022,0,0.18,12000,0,0.43,"A",0.134269853262768,-1.86372164592178
2022,1,0.3,25000,0,0.73,"A",0.120541500827031,-1.98731227738243
2022,0,0.24,5000,0,0,"C",2.32567202331614e-06,-12.9714991927284
2022,1,0.276,7500,1,0.81,"Missing",0.999598365286482,7.81956583988807
2022,1,0.348,5000,0,0.93,"Missing",0.978111183286082,3.79964749385219
2022,0,0.18,1000,1,0.46,"D",0.123287591876732,-1.96165924020576
2022,0,0.132,23500,0,0.02,"AA",0.00258925877367126,-5.95379101530016
2022,0,0.18,12000,0,0.43,"A",0.0100531859341811,-4.58976162587488
2022,0,0.108,6500,0,0.09,"AA",3.32117166145064e-05,-10.3125746219563
2022,0,0.24,5000,0,0,"D",0.0042366416825509,-5.45973873790475
2022,1,0.12,1000,0,0.56,"A",0.953175873413484,3.01340083831703
2022,0,0.276,2400,0,0.91,"Missing",0.551208566392937,0.205554994232134
2022,1,0.288,2500,1,1,"D",0.999185155707701,7.11169833891178
2022,0,0.24,25000,0,0.08,"B",3.1176780098487e-08,-17.2835922156416
2022,1,0.216,6000,0,0.75,"C",0.373879233136651,-0.515610431588399
2022,0,0.348,25000,1,0.42,"D",0.00532713146992446,-5.22960100020491
2022,0,0.3,13000,0,0.74,"D",0.0831816908845142,-2.39988205431089
2022,0,0.18,2000,0,0.87,"D",0.00679244321433234,-4.9851289598994
2022,0,0.348,6000,0,0,"Missing",0.00607895713114806,-5.09682461298416
2022,0,0.12,6500,0,0.69,"AA",1.09784257219718e-05,-11.4195675305459
2022,1,0.348,2400,0,0.87,"Missing",0.997797110789274,6.11578018346952
2022,0,0.156,6000,0,0,"B",0.000131425394446531,-8.93693977592659
2022,0,0.24,5000,0,0.97,"C",0.000894718847730253,-7.01810590630736
2022,0,0.3,12000,0,0.43,"C",0.139914304683278,-1.81600190421166
2022,0,0.204,2500,1,0.59,"C",0.0086044554272231,-4.74683344946117
2022,1,0.348,3000,0,0.98,"Missing",0.993812411874528,5.07900309810456
2022,0,0.132,8000,0,0.06,"A",0.000419585173270304,-7.7758243442328
2022,0,0.348,3000,0,0,"Missing",0.000283364477198306,-8.1684931790328
2022,0,0.288,1000,1,0.18,"C",0.150366160409863,-1.73173209079533
2022,0,0.216,5000,0,0.92,"B",0.0409894469110044,-3.15258743792803
2022,0,0.24,13000,0,0.8,"D",0.00335323000386998,-5.69447235272932
2022,0,0.132,5000,0,0.46,"A",0.00658388240239264,-5.01652502512585
2022,0,0.18,10000,0,0.66,"B",0.000214407151681024,-8.44741934246258
2022,1,0.3,3500,0,0.97,"Missing",0.99994776120734,9.85963294450666
2022,0,0.3,6500,0,0.64,"D",0.0630582182907289,-2.69856274813362
2022,1,0.348,3000,0,0.91,"Missing",0.449761758227116,-0.201633334889739
2022,0,0.348,2550,0,0.94,"Missing",0.411551755622367,-0.357554192561937
2022,0,0.348,5500,1,0.89,"Missing",0.732232046256987,1.00597670560104
2022,0,0.204,1000,0,0.35,"D",0.00320042950631137,-5.74126469562676
2022,0,0.204,5000,0,0.78,"C",0.054905270234361,-2.84567582471701
2022,0,0.24,6000,0,0.02,"C",5.9902160511556e-08,-16.630553203933
2022,0,0.18,3010,0,0.34,"AA",0.000143129309560198,-8.85161893409128
2022,0,0.24,5000,0,0.96,"C",0.000676595337770078,-7.29776036798356
2022,0,0.348,3000,0,0.92,"Missing",0.0522227255222086,-2.89860177713697
2022,0,0.144,13000,0,0.36,"AA",0.00504884761039949,-5.2835336215916
2022,1,0.336,5000,0,0.87,"Missing",0.99535526834472,5.36736612710686
2022,0,0.276,10000,0,0.69,"A",0.00328790779401791,-5.71421052052338
2022,0,0.12,7500,0,0,"AA",0.00170462481244369,-6.37270416447568
2022,1,0.264,18200,1,0.8,"C",0.965369254128745,3.32776877843368
2022,1,0.18,4000,0,0.46,"B",0.658170101125026,0.655150168643154
2022,0,0.132,13000,0,0.82,"A",0.000233557680116013,-8.36184790235033
2022,0,0.288,10000,0,0.89,"D",0.598806783240359,0.400495831971937
2022,0,0.276,2000,0,1.13,"Missing",0.000435991141733284,-7.73745254573362
2022,0,0.216,8000,0,0.35,"C",0.0057329561518243,-5.15577452084324
2022,0,0.18,5000,1,0.92,"C",0.00212158505551933,-6.15346796315933
2022,0,0.288,10000,0,0.89,"D",0.000316784642353144,-8.05697154179049
2022,1,0.24,3000,0,1,"C",0.999955622666854,10.0227373552975
2022,0,0.336,5500,0,0.35,"D",0.0202456732731311,-3.87936074802555
2022,0,0.348,3500,1,0.95,"Missing",0.00216195190334294,-6.13457951408977
2022,0,0.12,5000,0,0,"A",0.00309240682265868,-5.77570838606074
2022,0,0.096,4000,0,0.13,"AA",0.000433235614289518,-7.74379550461072
2022,1,0.3,8500,1,0.73,"D",0.999609964975666,7.84888390578019
2022,1,0.348,10500,0,0.99,"Missing",0.966417572482125,3.35959307083868
2022,0,0.108,1000,0,0.18,"AA",0.000488353511964631,-7.62398253181027
2022,1,0.348,2550,0,0.99,"Missing",0.961263434166081,3.21146448891544
2022,1,0.24,2018,0,0,"Missing",0.871831772563416,1.91725280606294
2022,1,0.204,1675,0,0.95,"Missing",0.999835467764279,8.7122394993549
2022,0,0.228,12200,1,0,"C",0.0200369125006521,-3.88993870762483
2022,0,0.24,3500,0,0.8,"D",3.913674274639e-06,-12.4510299993543
2022,0,0.252,3000,1,0.97,"D",0.0811945934595282,-2.42622569320715
2022,0,0.168,25000,0,0,"AA",1.81720231799264e-06,-13.2182106102732
2022,0,0.348,4500,0,0.97,"D",5.41027352518354e-05,-9.8245717100074
2022,0,0.18,1500,1,0.2,"C",1.83265253510732e-05,-10.907142748159
2022,0,0.18,9999,0,0.83,"C",0.444411520317311,-0.223276895017098
2022,0,0.24,9000,0,0,"C",0.884714702760716,2.03785532156874
2022,0,0.348,3800,0,0.73,"Missing",0.00018100607407591,-8.61679894637343
2022,1,0.216,25000,0,0.6,"A",0.966697634089979,3.36825731924726
2022,1,0.204,1700,0,0.56,"Missing",0.997996720446207,6.21096437568973
2022,0,0.18,15000,0,0.04,"AA",0.595921814892903,0.388501088664566
2022,1,0.324,2000,0,0,"Missing",0.994006134180249,5.11100679496165
2022,1,0.276,7000,0,0.52,"D",0.783858924132024,1.2882977369428
2022,0,0.12,8300,0,0.05,"AA",0.000515165776848763,-7.57050651378415
2022,0,0.348,5500,0,1.13,"Missing",0.45207261326401,-0.192299956468331
2022,0,0.348,2000,0,0.98,"Missing",0.616580800638499,0.475060471561672
2022,0,0.264,4500,1,0.68,"D",0.0020666228136592,-6.1797707337962
2022,0,0.204,5000,0,0.97,"D",0.378370511832736,-0.496470331484049
2022,0,0.168,9999,0,0,"A",7.35386010932873e-05,-9.51762656335896
2022,0,0.144,15000,0,0.09,"A",0.00616444603884926,-5.0827734775435
2022,0,0.18,6010,0,0.63,"B",2.8051431068428e-05,-10.4814428569902
2022,0,0.144,6000,0,0.03,"AA",0.00246817103623548,-6.00180665179456
2022,0,0.336,12000,1,0.87,"D",0.00493327022814282,-5.3068076995797
2022,0,0.264,10001,1,0.81,"D",0.0753491294904536,-2.50728385685281
2022,0,0.24,5128,0,0,"Missing",0.00790177268426121,-4.83273499714026
2022,0,0.24,7500,0,0.38,"C",0.00116731458596331,-6.75188139748441
2022,1,0.324,1000,1,0,"Missing",0.772321666281101,1.22146731361805
2022,0,0.348,12000,0,0.92,"C",0.0025198514359918,-5.98103230156305
2022,0,0.24,2300,0,0.86,"C",0.164674639669494,-1.62384965565307
2022,0,0.348,10000,0,0.04,"B",0.0601995099417329,-2.74800339633924
2022,0,0.348,3442,0,0.26,"Missing",0.00369603558756708,-5.5967916137743
2022,0,0.3,8500,0,0.78,"D",2.17973052603998e-05,-10.7337024101753
2022,0,0.168,3000,0,0.95,"C",0.0251131341095858,-3.65893044870378
2022,1,0.24,5950,0,0.74,"C",0.111709320306442,-2.07339888830733
2022,0,0.276,25000,0,0,"B",0.000151259707214556,-8.7963610120337
2022,1,0.276,8100,0,0.93,"C",0.977433265024669,3.76845310023707
2022,0,0.12,8000,0,0.21,"A",8.45758221998878e-07,-13.9830314620267
2022,0,0.168,25000,0,0.58,"AA",0.000122601476115761,-9.00644888544643
2022,0,0.156,2500,1,0.9,"C",1.71866862316291e-07,-15.576545544303
2022,1,0.24,2000,0,0.77,"Missing",0.364043476247415,-0.557856901379492
2022,1,0.192,25000,0,0.85,"A",0.977636946756954,3.77772819273456
2022,1,0.348,1890,1,0,"Missing",0.91980337181459,2.43967844949916
2022,0,0.348,15000,0,0,"Missing",0.478756745466212,-0.0850242019446483
2022,0,0.24,7500,1,0.62,"C",0.0485633801625978,-2.97510332144194
2022,0,0.348,3800,0,0.84,"Missing",0.0671208820880075,-2.63178042563065
2022,0,0.3,8500,0,0.86,"Missing",0.0262494375390773,-3.61351061308303
2022,1,0.312,2550,0,0.88,"Missing",0.994289154438429,5.15966096714824
2022,0,0.24,6000,0,0.25,"A",0.0158964737706003,-4.1256337919044
2022,1,0.18,5500,1,0,"C",0.985949621365985,4.25095591489113
2022,0,0.18,5000,0,0.33,"B",0.000180445245396872,-8.61990271428536
2022,0,0.204,25000,0,0.91,"A",0.0113090069154664,-4.4707823586146
2022,0,0.264,2500,1,0.63,"D",0.0120115639046582,-4.4098011488339
2022,0,0.276,1800,0,0,"Missing",0.251859358632161,-1.08872015247012
2022,0,0.18,1500,0,0.77,"C",2.52718207888972e-05,-10.5857953136404
2022,0,0.252,25000,0,0.07,"A",8.23599482053151e-06,-11.7069881616517
2022,0,0.204,7500,0,0.62,"D",1.01652976127583e-06,-13.7991149095906
2022,0,0.276,4000,0,0.51,"D",0.0729694250354556,-2.541946029442
2022,1,0.144,25000,0,0.17,"AA",0.999041029243696,6.9486905466303
2022,0,0.204,5000,0,0.97,"D",2.08261957924931e-07,-15.3844689282779
2022,0,0.132,25000,0,0.29,"AA",2.77493280044109e-05,-10.4922711844093
2022,1,0.348,3100,0,1,"Missing",0.993491673985012,5.02814339886932
2022,0,0.312,2864,0,0.71,"Missing",9.0070049163804e-05,-9.31483279222311
2022,0,0.12,7000,0,0.07,"AA",1.98554175982925e-06,-13.129616768653
2022,1,0.204,4500,0,0.89,"D",0.677413789245725,0.741911875630854
2022,0,0.288,4800,1,0,"C",0.382108399060454,-0.48060870353609
2022,1,0.204,1000,0,0.72,"C",0.812870025565317,1.46876780074212
2022,0,0.156,25000,0,0.1,"AA",1.56150735587677e-05,-11.0672582412688
2022,0,0.132,1500,0,0.07,"B",0.112396859573631,-2.06648873182922
2022,0,0.24,6500,1,0.9,"C",0.00140313998283555,-6.56763858359497
2022,1,0.348,1000,0,0,"Missing",0.940186661973054,2.75484975210256
2022,0,0.3,3001,0,1.02,"D",0.000625356326659542,-7.3765633960873
2022,0,0.288,9950,0,0,"D",0.00400633994819276,-5.51586279875271
2022,0,0.132,8000,1,0.17,"AA",0.0174236764669011,-4.03234802593826
2022,0,0.348,12000,0,0.63,"D",0.000696073932640112,-7.26935836190913
2022,1,0.348,5500,0,1.02,"Missing",0.990923690502233,4.69296986182908
2022,0,0.132,2700,1,0.12,"AA",0.0599386069511402,-2.75262436398871
2022,0,0.216,9750,0,0.92,"C",0.00215594943987151,-6.13736580026019
2022,1,0.264,6001,0,0.25,"Missing",0.99999554001301,12.3203602490069
2022,0,0.348,25000,1,0.93,"C",0.0332117210342523,-3.37107666840248
2022,1,0.336,12839,0,0.45,"C",0.946915678433534,2.88132842624923
2022,1,0.324,2800,0,0,"Missing",0.855748553039055,1.7804186502771
2022,0,0.192,25000,0,0.92,"A",0.00135703941539094,-6.60109189154687
2022,0,0.204,10000,0,0.72,"B",5.12489568275913e-07,-14.4839849682349
2022,0,0.336,12000,1,0.87,"D",0.000503647058406882,-7.59313104221167
2022,1,0.348,5000,0,0.93,"Missing",0.992947992634994,4.94736597977024
2022,0,0.216,3000,0,0.79,"B",3.1088395899257e-06,-12.6812579147665
2022,0,0.18,25000,0,0.16,"AA",1.31546884301816e-07,-15.8439023827105
2022,1,0.276,1000,1,0.93,"Missing",0.999957867608871,10.0746515943247
2022,0,0.18,1000,0,0,"Missing",6.21168245010618e-05,-9.68643156102179
2022,0,0.24,5500,1,0.47,"D",0.0570289929081601,-2.80547575073626
2022,0,0.18,3000,0,0,"C",0.018630374589501,-3.96415588171088
2022,1,0.24,2700,1,0.87,"D",0.469789167027892,-0.120990712236155
2022,0,0.18,25000,0,0.01,"A",7.36494235249678e-06,-11.8187719703346
2022,0,0.132,1600,0,0.9,"B",0.0090439624478919,-4.69657276939268
2022,1,0.276,6001,0,0.61,"D",0.89570707264432,2.15040988255048
2022,0,0.336,9000,0,0.7,"D",7.69350604416274e-05,-9.47247192481576
2022,1,0.3,4500,1,0.93,"Missing",0.993458456472949,5.02301909485803
2022,0,0.156,2500,1,0.9,"C",0.0974442086755591,-2.2259505114264
2022,0,0.144,1000,1,0.45,"D",0.0939986146135034,-2.2657607911588
2022,0,0.096,2000,0,0.05,"AA",3.10840211532621e-05,-10.3787855755939
2022,0,0.348,20000,0,0.04,"C",0.0187760631997429,-3.95621788299268
2022,1,0.132,4000,0,0.11,"AA",0.520372852645649,0.0815365532451366
2022,1,0.348,20000,0,0.61,"D",0.986058514651026,4.25884674566259
2022,1,0.204,1775,0,0.9,"D",0.848651987618184,1.72406729091198
2022,0,0.204,17000,1,0.59,"B",4.44418867967086e-05,-10.0212836940481
2022,1,0.348,5000,0,0.75,"Missing",0.906345303142482,2.26980578178514
2022,1,0.348,4000,1,0.16,"Missing",0.995893211618067,5.49099872712972
2022,0,0.24,9000,0,0.92,"C",0.312793997410264,-0.787089286860942
2022,0,0.228,6001,0,0.52,"C",0.000104912126687155,-9.16228252925701
2022,1,0.264,6001,0,0,"D",0.936730456479548,2.69499150599768
2022,0,0.144,9000,0,0.43,"B",5.17274680201996e-07,-14.4746912899223
2022,0,0.312,1000,1,0.33,"Missing",0.0118356267507593,-4.42473485463757
2022,0,0.264,4500,1,0.68,"D",1.60949591444808e-08,-17.9447596945021
2022,0,0.216,2500,0,0.84,"A",0.000322074162314341,-8.04040659515319
2022,0,0.18,18000,0,0.12,"B",0.000440951546439103,-7.72613451177981
2022,1,0.288,4000,0,0.7,"Missing",0.787577668611761,1.31038557044123
2022,0,0.12,1500,1,0.79,"A",0.000516363569975914,-7.56818295068367
2022,1,0.348,1750,1,0.98,"Missing",0.947647767333886,2.89598829453217
2022,1,0.348,6000,0,1.02,"Missing",0.928374704830538,2.56198713198133
2022,0,0.348,5000,0,0.89,"Missing",0.207434304297422,-1.34046071535628
2022,1,0.24,10000,1,0.89,"D",0.293001949261901,-0.880848647037873
2022,0,0.216,25000,0,0.6,"A",5.2332016420586e-06,-12.1604820653173
2022,0,0.192,2000,1,0,"C",0.158588336756544,-1.66876926501003
2022,0,0.192,9800,0,0,"C",0.000629166019176447,-7.37048603060609
2022,1,0.18,5500,1,0,"C",0.973225760132523,3.59317585378048
2022,0,0.18,20000,0,0.75,"B",1.80418798014527e-06,-13.2253981357085
2022,1,0.348,3025,1,0,"Missing",0.964693976923331,3.30775735390004
2022,1,0.084,2550,1,0.63,"Missing",0.969321084166228,3.45302027522073
2022,0,0.348,5000,0,1,"D",0.0759844310269902,-2.49820045664495
2022,1,0.348,3500,1,1,"Missing",0.968189774312878,3.41564031532147
2022,1,0.132,6001,0,0.01,"A",0.370330989520064,-0.530797129111697
2022,0,0.3,9000,0,0.78,"D",1.96730742319063e-06,-13.1388427730734
2022,1,0.348,1300,0,0.55,"Missing",0.832815496679373,1.6057141121858
2022,1,0.348,5000,1,0.65,"D",0.733505781433966,1.0124829300997
2022,0,0.216,9800,0,0.57,"C",8.05148683547831e-06,-11.7296457320101
2022,1,0.348,4000,1,0.92,"Missing",0.544340049378865,0.177827333334943
2022,0,0.24,1000,0,0.98,"Missing",2.49991083479954e-06,-12.8992529928924
2022,0,0.18,9999,0,0.31,"A",0.00237998374548212,-6.03827880054294
2022,1,0.132,5000,1,0.45,"B",0.373799055235506,-0.51595295005919
2022,0,0.348,3600,0,0.3,"Missing",0.16098233620882,-1.65093711365512
2022,0,0.18,15000,0,0.16,"AA",0.0014098662411351,-6.56284958249749
2022,0,0.12,8000,0,0.45,"AA",0.00819888503452803,-4.79552442461194
2022,0,0.216,18000,0,0.15,"B",0.000203435821323607,-8.49995652063654
2022,0,0.204,10000,0,0.84,"C",0.00429134353444074,-5.44685483910417
2022,0,0.24,6001,0,0.77,"C",0.00173446769191955,-6.35531874484532
2022,1,0.348,2550,0,1,"Missing",0.753216065180548,1.11583892980341
2022,1,0.276,3000,0,0.89,"Missing",0.648194642816803,0.611112965855919
2022,0,0.204,7500,0,0.2,"C",4.71073886479551e-06,-12.2656610799826
2022,0,0.324,2000,1,0,"Missing",0.092434285074416,-2.28426801624413
2022,1,0.24,10000,0,0.79,"C",0.678847539475564,0.748480600212263
2022,0,0.108,2000,0,0.06,"AA",0.000461511042877057,-7.68054295850812
2022,1,0.324,1000,1,0.88,"Missing",0.902183610457807,2.22172591338166
2022,0,0.24,10000,0,0.03,"D",7.77661340984287e-06,-11.7643818322631
2022,1,0.348,9000,1,0.95,"D",0.756969493374825,1.13613597612441
2022,0,0.084,2000,1,0.07,"AA",0.000322150985663718,-8.04016801985472
2022,1,0.348,4500,0,0.91,"Missing",0.999999955830265,16.9352259766863
2022,0,0.228,1100,1,1,"Missing",0.0939989913284508,-2.26575636770233
2022,0,0.108,1000,0,0.18,"AA",0.000133134389561937,-8.92401834881446
2022,0,0.192,3800,0,0,"B",0.000160224386072544,-8.73877507501628
2022,1,0.168,2500,0,0.24,"C",0.932727729453093,2.62936521138413
2022,1,0.348,5000,1,0.75,"D",0.755529292068332,1.12832305494862
2022,0,0.144,3500,0,0.31,"A",0.00500228579722579,-5.29284547245859
2022,1,0.348,6000,0,0,"Missing",0.969801556226701,3.46930107699064
2022,0,0.12,7500,0,0.13,"AA",5.14612405368718e-05,-9.87463018201819
2022,0,0.324,2800,0,0,"Missing",0.589248264321007,0.360858613696699
2022,0,0.276,3100,0,0.78,"Missing",0.0095607840627648,-4.64047875857201
2022,1,0.204,2000,1,0.97,"Missing",0.999906219420366,9.27445897855594
2022,0,0.12,5000,0,0.11,"AA",0.000487103430876067,-7.62654685159854
2022,1,0.132,1000,0,0.01,"AA",0.258078233634368,-1.05598103134637
2022,0,0.24,4200,1,0.97,"Missing",0.278951282892558,-0.949669550519576
2022,0,0.192,15000,0,0.46,"AA",0.0217776883837355,-3.80485097963691
2022,0,0.276,8000,0,0.87,"D",0.0144997906872469,-4.21901512502514
2022,0,0.3,15000,0,0.65,"D",0.00565729656015722,-5.16913578074782
2022,1,0.204,1600,0,0.98,"C",0.967934933170086,3.40739769041793
2022,1,0.12,6500,0,0.67,"A",0.99886372742374,6.77886512495064
2022,0,0.348,3000,0,0.63,"Missing",0.0372208022015427,-3.25295629578107
2022,0,0.252,5000,0,0.73,"D",0.753142480888501,1.11544310306186
2022,1,0.348,10000,0,0.47,"Missing",0.983353412037194,4.07876331121095
2022,0,0.156,6000,1,0.22,"A",1.37890843581034e-06,-13.4942169814255
2022,0,0.264,7300,0,0.74,"D",2.13614626801664e-05,-10.75390070699
2022,0,0.348,10000,0,0.04,"B",0.292115827591299,-0.885130088568448
2022,0,0.312,2200,0,0.98,"Missing",0.00244240685931185,-6.0123259137161
2022,1,0.336,1250,0,0,"Missing",0.981746672068631,3.98498588784911
2022,0,0.228,6000,0,0.5,"B",5.74065949814406e-07,-14.3705209780136
2022,0,0.312,10000,0,0.46,"D",0.0270794115055503,-3.58152874763426
2022,0,0.276,18000,0,0.58,"C",0.0220813338047237,-3.79069387576999
2022,0,0.168,11500,1,0.36,"A",0.0261935990015314,-3.61569744894461
2022,1,0.312,5000,0,0,"Missing",0.999993478105199,11.9403390886541
2022,0,0.228,9750,0,0.78,"B",0.00506237016429549,-5.28084526606682
2022,0,0.3,25000,0,0.73,"A",4.17504277796814e-06,-12.3863817784425
2022,0,0.228,15000,0,0.37,"C",0.135786204397378,-1.8507385644918
2022,0,0.216,4100,0,0.5,"C",3.19923179759529e-05,-10.3499827544061
2022,1,0.276,6001,0,0.42,"C",0.946879424177895,2.88060741595192
2022,0,0.252,9800,0,0.7,"D",0.0565827946189284,-2.81380365131533
2022,0,0.24,10000,0,0.45,"A",3.21237430580798e-05,-10.3458830178521
2022,1,0.348,23250,0,0.92,"C",0.938704427771476,2.72879304709936
2022,0,0.312,1200,1,0,"Missing",0.189571419956789,-1.45279737906681
2022,1,0.276,1000,1,0.93,"Missing",0.994072660876752,5.12223490561198
2022,0,0.348,2000,1,0.09,"Missing",0.00629946813233528,-5.06097067908207
2022,0,0.204,1775,0,0.9,"D",0.070919140853442,-2.57265540710832
2022,0,0.288,1000,0,0.81,"Missing",0.00316272045722685,-5.75315498513506
2022,0,0.204,3000,0,0.91,"D",0.0423477367921672,-3.11856975093187
2022,0,0.3,9000,0,0.79,"D",0.0110976237230052,-4.48986461083123
2022,0,0.156,2550,0,0.53,"B",1.21027404285349e-05,-11.3220665464939
2022,0,0.288,2500,1,1,"D",0.133292352984501,-1.87215686066031
2022,0,0.348,3000,0,1.34,"Missing",0.352761844625063,-0.606921150413084
2022,0,0.18,15000,1,0.45,"A",1.1936542229245e-05,-11.3358941508679
2022,0,0.24,20000,1,0.05,"AA",0.0108904135347054,-4.50892222078208
2022,0,0.18,3000,0,0.27,"C",0.00163202898409756,-6.41629790054007
2022,0,0.108,1000,1,0.05,"AA",5.00215765311522e-06,-12.2056362058195
2022,0,0.156,25000,0,0.05,"AA",0.00017227541861031,-8.66624380056837
2022,0,0.204,25000,0,0.11,"A",0.112678488179213,-2.06366886170392
2022,0,0.228,6000,0,0.49,"C",3.00217364459345e-06,-12.7161709812785
2022,0,0.228,2750,0,0,"C",7.02499454974084e-05,-9.56338077317518
2022,0,0.312,1000,0,0,"Missing",0.0141571698149703,-4.24327574399741
2022,0,0.336,12000,1,0.87,"D",0.0481573087051854,-2.98392686382948
2022,0,0.348,1000,0,0.92,"Missing",0.000460963695361829,-7.68173020002355
2022,1,0.348,2000,0,0,"Missing",0.999988165421937,11.3444731326286
2022,0,0.24,3500,1,0.81,"C",0.00142882300676635,-6.54947440106385
2022,0,0.288,12000,0,0.9,"D",0.621533337372554,0.496061558297362
2022,0,0.18,5000,0,5.95,"B",1.90608990868312e-05,-10.8678524283728
2022,1,0.24,4500,0,0.39,"D",0.985529422514518,4.22106153256253
2022,0,0.348,22000,0,0,"D",0.085468120967647,-2.37026887450903
2022,0,0.096,2500,0,0.06,"AA",9.23847138461404e-08,-16.1973042141654
2022,0,0.192,8000,0,0.9,"B",0.00277997496215497,-5.88252951147025
2022,0,0.18,2000,0,0.5,"D",0.220304615645417,-1.26389210530223
2022,0,0.348,3000,1,0.98,"Missing",0.00207871397850131,-6.17392497854606
2022,0,0.216,4000,0,0.19,"D",0.0324832171770248,-3.39400920993552
2022,0,0.12,6500,0,0.67,"A",8.94387142269261e-06,-11.6245330735605
2022,0,0.12,3000,0,0.07,"AA",0.425300792735719,-0.301050119919609
2022,0,0.216,15000,0,0.65,"B",0.363629224237711,-0.559646640466545
2022,0,0.276,8800,1,0.61,"C",0.00294794299020167,-5.8236953465756
2022,0,0.348,1300,0,0.55,"Missing",0.380565090553036,-0.487150397538529
2022,1,0.348,5000,0,0,"Missing",0.787654785364652,1.31084658299477
2022,0,0.264,6001,0,0.69,"D",0.391007560976219,-0.443078954903249
2022,0,0.348,25000,0,0.95,"C",0.549147865660856,0.197228317635054
2022,0,0.168,7000,0,0.32,"A",2.67432170911931e-07,-15.134399602016
2022,1,0.132,2500,1,0,"B",0.0749969506010836,-2.51234958009696
2022,1,0.324,3200,1,0,"Missing",0.964340613895494,3.2974321690735
2022,1,0.252,6250,0,0,"C",0.994990786833575,5.29145462749908
2022,0,0.336,9900,0,0.33,"D",0.500284352398111,0.00113740971506449
2022,0,0.18,1250,0,0.74,"C",6.9509922005137e-06,-11.876619194897
2022,0,0.24,1500,0,0.41,"Missing",0.12956438972581,-1.90481581227644
2022,0,0.18,8942,0,0,"B",6.5667087531954e-07,-14.2360822381159
2022,0,0.276,8500,1,1.13,"Missing",0.0024907951381555,-5.99265938455973
2022,0,0.12,1000,0,0.24,"AA",7.44848541621492e-07,-14.1100841942232
2022,0,0.348,2000,0,0.28,"Missing",0.0979003146959198,-2.22077526582016
2022,0,0.24,12000,0,0.26,"C",1.251838812822e-10,-22.801237409178
2022,1,0.348,2000,1,0,"Missing",0.998078201745123,6.25257029290976
2022,1,0.18,1000,1,1.75,"Missing",0.849786997908124,1.73293142660921
2022,0,0.12,2000,0,0,"A",4.80193304982969e-06,-12.2464872004607
2022,1,0.288,7500,0,0,"C",0.946391040790937,2.87093964246782
2022,1,0.288,3000,0,0.91,"Missing",0.794475470128105,1.35211671731152
2022,0,0.132,13000,0,0.82,"A",0.0392651251574143,-3.19736176192047
2022,0,0.228,5000,0,0.39,"C",0.000152244548152033,-8.78987020440212
2022,0,0.336,11000,0,0.84,"Missing",0.129114723111241,-1.90880891833906
2022,1,0.348,3000,0,1.02,"Missing",0.997998034224405,6.2116217209549
2022,1,0.336,2550,0,0.74,"Missing",0.898782713060721,2.18377174494797
2022,1,0.24,5000,1,0.43,"D",0.998766885997009,6.69697872431399
2022,1,0.348,5200,0,0,"Missing",0.99993397119374,9.62535342168413
2022,0,0.348,12000,0,0.92,"C",0.395153696209852,-0.425699588885896
2022,1,0.252,6000,0,0.76,"D",0.878364161644463,1.97702962090961
2022,1,0.204,1200,0,1.36,"Missing",0.999603375384394,7.83212357393241
2022,0,0.252,9000,0,0,"D",2.84642427305887e-05,-10.4668334347948
2022,0,0.204,10000,0,0.39,"A",0.0318651315824285,-3.41385904631974
2022,0,0.216,4000,0,0.19,"D",9.96769611426414e-07,-13.818745178737
2022,1,0.348,3500,0,1.01,"Missing",0.999350677213723,7.33893107177379
2022,0,0.24,3000,0,0.27,"D",0.0422917452894819,-3.11995127560979
2022,0,0.144,20000,0,0,"AA",4.76128046818271e-05,-9.95236121304356
2022,0,0.18,25000,0,0.31,"B",9.41405638153327e-07,-13.8758907774757
2022,0,0.132,6475,0,0.1,"AA",8.44402227155301e-06,-11.6820433463642
2022,0,0.192,20000,0,0.15,"AA",1.44544823135653e-06,-13.4470896443406
2022,0,0.204,6550,0,0.77,"C",0.000190478693094198,-8.56577972009098
2022,1,0.348,5000,0,0.97,"Missing",0.766421457265931,1.18821383174028
2022,0,0.132,9000,0,0.33,"A",9.54120473567357e-08,-16.1650608884877
2022,0,0.348,2550,0,0.43,"Missing",0.03910983571305,-3.20148612117194
2022,1,0.108,6100,0,0.48,"A",0.809312194276673,1.44554717832771
2022,1,0.288,1000,1,0,"Missing",0.995429307579143,5.38350940116844
2022,0,0.204,1700,0,0.28,"D",6.69839125780702e-06,-11.9136364727599
2022,0,0.204,3600,1,0.76,"D",3.06906585760107e-06,-12.6941342545091
2022,0,0.12,3000,0,0.14,"AA",4.32396368401177e-07,-14.6539227175223
2022,0,0.348,2400,0,1.05,"Missing",0.278070755219874,-0.954051538684581
2022,1,0.276,10000,0,0.67,"D",0.968683480598008,3.43179217837825
2022,0,0.144,1000,1,0.45,"D",0.0529331998155366,-2.88433889167066
2022,0,0.336,23500,0,0.89,"D",1.58716637570513e-06,-13.3535586981342
2022,0,0.252,3500,0,1.03,"D",0.000189601556304324,-8.57039614028795
2022,1,0.252,3000,0,0.04,"C",0.97123928707171,3.5195625501499
2022,0,0.288,3000,0,0.97,"Missing",0.82446730285011,1.54691215017081
2022,1,0.276,7500,1,0.81,"Missing",0.650754772135969,0.622358543044325
2022,0,0.348,7000,0,0.12,"D",9.59884871452851e-05,-9.2511863061637
2022,0,0.348,9740,0,0.56,"D",0.00213940725335133,-6.14508477367655
2022,1,0.156,10200,0,0.95,"A",0.365289289516698,-0.552479707365352
2022,0,0.276,10000,1,0.72,"D",0.00164516197852851,-6.40826991567822
2022,0,0.3,8500,0,0.87,"C",0.000405950375829363,-7.80887360005816
2022,0,0.18,2200,1,0,"C",0.00879774133282337,-4.72442358721725
2022,0,0.18,2000,1,0.49,"D",0.00283050840130367,-5.8644644144924
2022,0,0.084,1100,1,0.18,"A",0.331245540740416,-0.702557050945606
2022,0,0.3,8500,0,0.78,"D",0.00130887435651659,-6.63727804930695
2022,1,0.24,9000,1,0.93,"D",0.662457141289027,0.674263372350368
2022,0,0.312,2600,0,0.36,"Missing",0.0869003563897235,-2.35208287990428
2022,1,0.132,10000,0,0.37,"AA",0.314202151365308,-0.780546330089557
2022,0,0.348,2800,0,0.99,"C",0.15587106676624,-1.68927607699767
2022,0,0.12,9990,0,0.05,"AA",4.81769632768456e-06,-12.2432098667581
2022,1,0.216,7500,1,0.96,"D",0.933436986649773,2.64072439027568
2022,0,0.096,2500,0,0.47,"AA",2.76939369294645e-05,-10.4942693578219
2022,0,0.288,23000,0,0.82,"B",0.650612675150825,0.62173337596159
2022,0,0.144,4000,0,0.04,"AA",0.0100457794448942,-4.59050610962886
2022,0,0.168,3000,0,0.85,"C",0.0263280811042107,-3.6104383158166
2022,0,0.348,3600,1,0.69,"D",0.00728966499948134,-4.91398132300955
2022,0,0.156,1200,0,0.72,"D",0.000412476590692047,-7.79291854195477
2022,1,0.348,3000,1,0,"Missing",0.995971444026511,5.51031059400401
2022,0,0.3,3001,0,1.02,"D",5.81646591389724e-08,-16.6599878397731
2022,0,0.336,1200,0,0.81,"Missing",0.000146818299777298,-8.82616796259087
2022,0,0.348,10000,0,0.93,"D",0.00165254596594204,-6.40378425769785
2022,1,0.288,3500,0,0.83,"Missing",0.998934515539811,6.84325963856479
2022,1,0.24,2200,0,0.92,"Missing",0.97420018756596,3.63124959200303
2022,0,0.18,3800,0,0.2,"B",0.0209263504700572,-3.84559771616119
2022,1,0.192,6000,1,0.55,"C",0.63631805615826,0.55941882162345
2022,1,0.18,1000,1,0.46,"D",0.834362548622199,1.61686664643278
2022,1,0.336,2500,1,1.04,"Missing",0.999987265556136,11.2711873858439
2022,0,0.324,12000,1,0,"D",0.0014337588697801,-6.546020915434
2022,0,0.348,1000,0,0.45,"Missing",0.0189186046530281,-3.94850961687066
2022,0,0.228,10000,1,0.81,"C",0.316369332899246,-0.770507505313675
2022,0,0.156,2000,1,0.54,"A",9.95752563043844e-06,-11.5171719903354
2022,0,0.3,2000,1,1.4,"Missing",0.214590538242096,-1.29747345010749
2022,0,0.108,5000,0,0,"A",0.0331087129730039,-3.37428958664727
2022,0,0.228,12500,0,0.88,"C",0.024593280684385,-3.680381269315
2022,1,0.204,1000,0,0.35,"D",0.987545688955558,4.37315593139834
2022,1,0.228,19900,0,0.75,"C",0.606456828658507,0.432442771743737
2022,0,0.108,6000,0,0,"AA",8.64967725145115e-07,-13.9605727777135
2022,0,0.18,5500,1,0,"C",0.0167929406402693,-4.06986114009301
2022,0,0.216,2500,0,0.82,"D",0.00277352833221118,-5.88485762150504
2022,0,0.348,1800,0,0.85,"Missing",0.0264045667433064,-3.60745887319436
2022,0,0.18,2700,0,0.51,"C",0.0323738710992169,-3.39749413230649
2022,0,0.204,6750,1,0.73,"C",0.000202670446258944,-8.50372662454943
2022,0,0.348,4000,1,0.16,"Missing",0.0125877083827004,-4.36236686157472
2022,0,0.324,3001,1,1.02,"Missing",0.000420861070550943,-7.77278682777736
2022,1,0.24,3000,1,0.62,"D",0.999960285574794,10.1337563657383
2022,1,0.24,1000,0,0.98,"Missing",0.993553608875557,5.03776756151888
2022,1,0.348,3950,0,0.78,"Missing",0.995038821774308,5.30113849522618
2022,1,0.348,4000,1,0,"Missing",0.99958559576407,7.7882541551066
2022,1,0.24,2400,1,0,"D",0.997970459914744,6.19791446819156
2022,0,0.156,15000,1,0.07,"AA",7.87087007758015e-06,-11.7523340745084
2022,1,0.24,4000,0,0.48,"D",0.998323774640134,6.38953319123685
2022,0,0.348,3000,0,0.82,"Missing",0.860038176818598,1.81560708605102
2022,1,0.348,7000,1,1.02,"Missing",0.9949644876651,5.28619177004183
2022,0,0.348,20000,0,0.89,"C",0.000205011736334726,-8.4922382972972
2022,0,0.216,10000,0,0.66,"B",6.8075404235941e-07,-14.2000640865591
2022,0,0.336,5000,0,1.19,"Missing",0.728118183976083,0.98509590368587
2022,1,0.3,7500,0,0.54,"D",0.369975539424622,-0.532321751152235
2022,0,0.204,1500,0,0.67,"C",0.0096269753807869,-4.63351257122118
2022,0,0.252,13500,0,0.84,"D",0.05717347460084,-2.8027922452956
2022,0,0.156,15000,0,0.09,"AA",2.08974024039373e-08,-17.6836409516955
2022,1,0.348,2000,0,0,"Missing",0.99709860951656,5.83965957217784
2022,0,0.108,5000,0,0,"AA",0.0569896599765491,-2.80620740014483
2022,0,0.12,7500,0,0.23,"AA",0.0713698052835795,-2.5658357067314
2022,0,0.216,10000,0,0.87,"C",0.00234427197107027,-6.053433361306
2022,0,0.24,2300,0,0.86,"C",3.3341021722046e-05,-10.3086886940014
2022,0,0.192,2000,1,0.41,"C",4.07473014382805e-05,-10.1080801947121
2022,0,0.228,9900,0,0.36,"C",4.22191292279552e-05,-10.0725949203702
2022,0,0.216,15000,0,0.26,"B",0.00802124047827352,-4.81760861226398
2022,0,0.348,5500,0,0.72,"D",0.00568970094896876,-5.16339164056647
2022,0,0.204,25000,1,0.02,"A",0.000437654715923081,-7.7336425277709
2022,0,0.264,15000,0,0.04,"D",0.0221081678224529,-3.78945193790215
2022,0,0.276,5000,0,0.97,"Missing",0.00375306478875204,-5.58142237058085
2022,1,0.252,4900,0,0,"D",0.784490038376171,1.29202673992983
2022,0,0.276,8200,0,0.44,"C",1.14541645263991e-08,-18.2849124475239
2022,0,0.192,5000,1,0.69,"C",0.578376457210779,0.316112129516805
2022,0,0.3,3001,0,1.02,"D",0.0274422825899701,-3.56784443908967
2022,0,0.336,5500,0,0.35,"D",0.00589482940276665,-5.12776741222895
2022,0,0.348,5300,0,0.96,"Missing",0.122726243082308,-1.96686288632333
2022,0,0.18,3000,0,0.96,"C",0.0155535212510128,-4.14779247270963
2022,0,0.156,5000,0,0.69,"A",1.64248189622443e-07,-15.6218870374798
2022,1,0.348,2501,0,1.07,"Missing",0.754169993853118,1.12097753349867
2022,0,0.348,23250,0,0.92,"C",0.0157720063549692,-4.13362095212994
2022,1,0.24,3000,0,1,"C",0.997625160519803,6.04044776718109
2022,0,0.24,8000,1,0.52,"D",3.16753990736782e-08,-17.267725480132
2022,0,0.312,1000,1,0,"Missing",0.0717999982432624,-2.55936277711262
2022,0,0.3,1000,1,0.98,"C",0.00450645698622666,-5.39772738316975
2022,0,0.228,23000,0,0.27,"A",0.0274915030133788,-3.56600183711946
2022,0,0.18,9000,0,0.49,"B",0.0465386495445737,-3.01981574946314
2022,0,0.348,8500,1,0.87,"Missing",0.624572191997287,0.509000725491097
2022,0,0.168,5000,0,0.84,"C",0.00703614144712968,-4.94963433714471
2022,0,0.312,7000,0,0.92,"C",0.0110552214561968,-4.49373564808632
2022,0,0.228,6001,1,0.24,"D",0.000718057848125357,-7.23824210796665
2022,0,0.18,4000,0,0.28,"B",0.034452912964182,-3.33310132009119
2022,0,0.3,16000,1,0.67,"D",9.33147420377146e-05,-9.27943913666151
2022,0,0.324,3500,1,1.09,"Missing",0.0406315277027808,-3.1617309169757
2022,0,0.084,5000,0,0.05,"AA",6.49476553442742e-06,-11.944507513102
2022,0,0.18,15000,0,0.63,"B",4.31275539720546e-07,-14.6565182165384
2022,1,0.3,9000,0,0.78,"D",0.582327587267407,0.332335730429687
2022,1,0.312,9000,1,0.83,"Missing",0.997696468076367,6.0710055257985
2022,0,0.228,6200,0,0,"C",0.768023077554097,1.19718188709209
2022,0,0.12,5000,0,0.71,"AA",1.28599889954766e-05,-11.2613768348007
2022,1,0.312,25000,0,0.69,"B",0.945458000796997,2.85269843454729
2022,0,0.348,3999,0,0.94,"Missing",0.0682199916689426,-2.61435908938988
2022,0,0.348,13500,0,0.78,"D",0.00286951976475958,-5.85073694783419
2022,0,0.18,7700,0,0.38,"C",0.00214411163233041,-6.14288355628013
2022,0,0.108,2000,0,0.13,"AA",0.000150780707668765,-8.79953325172935
2022,1,0.156,3500,1,0.71,"C",0.999645028350826,7.94311759849427
2022,0,0.108,1500,0,0.03,"AA",0.00201584363808716,-6.20469961406807
2022,0,0.252,6001,1,0,"D",2.93278765948297e-05,-10.4369427463286
2022,1,0.132,13000,0,0.82,"A",0.973419615107333,3.60064171460664
2022,1,0.324,7500,0,0.69,"Missing",0.7889130685081,1.31838608922471
2022,0,0.3,2000,0,0,"D",0.00158475044627528,-6.44574232370242
2022,0,0.24,2000,0,0,"D",0.000381014822161112,-7.87229119285753
2022,0,0.156,9000,0,0,"A",0.680229317156447,0.754825849645131
2022,0,0.312,2864,0,0.71,"Missing",0.545487049658996,0.182452657866669
2022,0,0.108,3001,0,0.34,"AA",0.0711506370495574,-2.56914729788089
2022,0,0.264,8500,0,0.93,"D",0.010888601270855,-4.50909047593946
2022,0,0.348,3000,0,0.85,"Missing",0.0493808666328295,-2.95755045760854
2022,0,0.348,3500,0,0.88,"Missing",0.212402659638769,-1.31050315873984
2022,0,0.336,23500,0,0.89,"D",0.116410522371474,-2.02686963335942
2022,1,0.348,1800,0,0.98,"Missing",0.997884040951457,6.15612891756098
2022,0,0.18,9999,0,0.31,"A",0.000534693446584184,-7.53328213588662
2022,1,0.216,20000,0,0.67,"B",0.132804229239583,-1.87638867056398
2022,0,0.108,3600,0,0.23,"AA",0.0852854224484552,-2.37260853705686
2022,0,0.156,2600,1,0.1,"C",0.00105946233388943,-6.84893370776288
2022,0,0.252,9800,0,0.7,"D",0.00685205835496837,-4.97633054057234
2022,0,0.24,4000,1,0.98,"B",0.00173624255644893,-6.35429419947487
2022,0,0.12,1000,0,0.2,"A",0.392909876406536,-0.435096990383041
2022,0,0.348,5500,0,0.72,"D",0.382396133637531,-0.479390188647279
2022,0,0.348,2500,1,0,"Missing",0.0113180477972746,-4.46997409283661
2022,1,0.3,8000,1,0.48,"D",0.999790027164079,8.46832239348989
2022,0,0.288,9999,0,0.89,"B",0.000178565699944191,-8.63037537590566
2022,0,0.336,9900,0,0.33,"D",0.122789862842737,-1.96627211057878
2022,1,0.348,3500,0,0.99,"Missing",0.893233416822136,2.1242029457683
2022,0,0.204,2000,0,0.73,"C",0.0687209293754633,-2.60650518431003
2022,0,0.18,25000,0,0.09,"C",0.0214664107086579,-3.81956569271449
2022,1,0.276,7000,0,0.98,"C",0.275163546263839,-0.968580413772714
2022,0,0.228,24000,1,0.18,"B",0.000447175006033984,-7.71211325257281
2022,1,0.192,8000,0,0.8,"C",0.994523317055442,5.201763928425
2022,1,0.348,10000,1,0.9,"Missing",0.99913004593429,7.04619981304885
2022,0,0.18,7700,0,0.38,"C",0.000151823044504466,-8.79264306162386
2022,0,0.24,13000,0,0.8,"D",0.0147543390981908,-4.20135379633433
2022,0,0.156,10200,0,0.95,"A",0.00247547126273126,-5.99884595159501
2022,0,0.12,2000,0,0,"B",0.0450841708806166,-3.05309199290415
2022,0,0.18,15000,0,0.65,"B",3.32290752105027e-06,-12.6146670760238
2022,1,0.276,15000,0,0.96,"C",0.494772976907437,-0.0209088540816671
2022,1,0.18,1000,0,0.27,"A",0.820140649116413,1.517300687392
2022,0,0.156,5000,0,0.32,"B",0.000222588167100963,-8.40996466526984
2022,1,0.348,3000,0,1.01,"Missing",0.999143058896804,7.06128405763361
2022,1,0.204,6550,0,0.77,"C",0.38967470013045,-0.448679804662339
2022,0,0.084,1000,1,0.08,"AA",0.000809536373073888,-7.11823898886567
2022,0,0.288,25000,0,0.89,"B",9.48974958342673e-05,-9.26261833811318
2022,0,0.348,3000,0,0.85,"D",0.608880393223997,0.442608436883719
2022,0,0.204,6500,0,0.79,"C",0.0372404552443409,-3.25240800975954
2022,1,0.288,2350,0,1.37,"Missing",0.999253389425028,7.19921993798247
2022,0,0.204,25000,0,0.89,"B",0.0287600535732455,-3.51958615483849
2022,0,0.348,2500,0,1.09,"Missing",0.124334698133271,-1.95200683457369
2022,0,0.24,5000,1,0.72,"A",0.000966639327588362,-6.94071800603822
2022,0,0.324,10000,1,0.79,"D",0.0177701423924705,-4.01230569663094
2022,1,0.276,2600,0,0.5,"Missing",0.993438000592449,5.01987631075014
2022,1,0.24,2000,1,0.87,"Missing",0.949797253792268,2.94017881422244
2022,0,0.216,10000,0,0.15,"B",0.0740523928387163,-2.52604479928966
2022,1,0.24,8000,0,0.87,"D",0.772429060981607,1.22207816446434
2022,0,0.108,3500,0,0.1,"AA",0.111136997548743,-2.0791794682099
2022,0,0.18,4000,0,0.28,"B",1.55956213004333e-07,-15.67369039901
2022,0,0.24,1000,0,0.33,"D",0.015249248306308,-4.16785835473634
2022,0,0.156,2500,1,0.77,"B",0.000480203738587472,-7.64081976965415
2022,0,0.348,4000,0,1.12,"Missing",0.00097907303572408,-6.92792476320165
2022,0,0.132,1000,0,0.01,"AA",0.118562315890319,-2.00611561148193
2022,0,0.18,3200,0,0.7,"C",6.67127529601966e-05,-9.61504770953696
2022,1,0.336,8000,0,0.92,"D",0.993539761290804,5.03560781362134
2022,0,0.216,1500,0,0.1,"C",0.00188506841595124,-6.27190431641303
2022,1,0.348,3000,0,0.85,"D",0.0912363330875065,-2.29863186111629
2022,0,0.204,15000,0,0.52,"B",5.5012730686613e-06,-12.1105255241927
2022,0,0.276,4900,0,1,"D",0.0194401629481408,-3.92078248975107
2022,1,0.276,1600,1,1.46,"Missing",0.946091085791007,2.86504300115623
2022,0,0.348,20000,0,1.03,"C",0.0204556178992046,-3.86882998867449
2022,0,0.12,1000,0,0.56,"A",9.11635786619134e-07,-13.9080243717773
2022,1,0.144,1000,1,0.45,"D",0.886726499555764,2.05773133925549
2022,1,0.312,7225,0,1.01,"Missing",0.989797088133535,4.57482680398608
2022,0,0.144,10000,0,0.81,"AA",1.32326535643651e-05,-11.2328097954496
2022,0,0.264,5000,0,0.86,"Missing",0.798166914847131,1.37487669735908
2022,0,0.348,8000,0,0.8,"Missing",0.688310761757571,0.792233764387437
2022,0,0.18,9000,0,0.3,"B",0.0245645766700371,-3.68157852691935
2022,0,0.288,3000,0,1.62,"Missing",0.123586399447033,-1.95889762412736
2023,1,0.192,25000,0,0.85,"A",0.999999653933623,14.8766348938871
2023,0,0.264,8000,1,0.93,"D",0.080585043225059,-2.434424486848
2023,0,0.228,13500,0,0.78,"B",0.265542294569616,-1.01735828157656
2023,0,0.348,2500,0,0.96,"Missing",0.0714189811307009,-2.56509395860572
2023,0,0.096,2499,0,0.01,"AA",0.00115194484152356,-6.7651509896367
2023,0,0.24,13000,0,1.01,"B",0.000187753667564056,-8.58019196191943
2023,1,0.348,4000,0,0,"Missing",0.967794996721017,3.40289846278629
2023,0,0.108,1500,0,0.76,"A",6.55570314874513e-05,-9.63252452525837
2023,1,0.252,15000,0,0.82,"C",0.129004137198277,-1.90979275174874
2023,0,0.144,7500,1,0,"B",0.0312426540091886,-3.4342298867543
2023,0,0.264,19000,0,0.75,"C",0.000944858061006831,-6.96353053702369
2023,0,0.144,25000,1,0,"AA",5.91271863846238e-05,-9.7357606038803
2023,1,0.348,5000,0,0.71,"Missing",0.997213144220289,5.88005053303148
2023,0,0.204,4000,0,0.73,"B",0.0155091403538161,-4.1506950634097
2023,0,0.12,3000,0,0.16,"AA",0.0102360480591415,-4.57155086892006
2023,0,0.24,12000,0,0.66,"C",0.00792351529401159,-4.8299652482229
2023,0,0.252,5000,0,0.95,"D",7.74892494322998e-05,-9.46529385597777
2023,0,0.348,5000,1,1.02,"Missing",0.339093299911987,-0.667337389755803
2023,1,0.228,25000,0,0.89,"B",0.7281279896894,0.985145437533055
2023,0,0.156,5000,0,0.95,"B",0.0263444496879944,-3.60979998187878
2023,0,0.096,3000,0,0.03,"AA",5.62306896278548e-05,-9.78599163905331
2023,0,0.228,6000,1,0.61,"D",0.339727874622945,-0.664507132832845
2023,0,0.276,2500,0,0.79,"D",0.38242710496526,-0.479259050323598
2023,1,0.348,3001,0,0.84,"Missing",0.890431533547411,2.09515659610209
2023,0,0.336,6000,0,0.98,"Missing",0.067868138571325,-2.61990760294187
2023,0,0.168,2690,1,0.69,"C",0.00316250495726606,-5.75322334117043
2023,1,0.204,5000,0,0.03,"C",0.793426669452286,1.34570566067215
2023,0,0.192,3500,0,0,"C",9.50767810960448e-05,-9.2607306894345
2023,0,0.144,1500,1,0.59,"D",7.54360691946767e-07,-14.0973944576784
2023,1,0.084,2000,1,0.81,"Missing",0.999727657535771,8.20817784439934
2023,1,0.3,1500,1,0.97,"Missing",0.999777619859929,8.41089989294529
2023,1,0.348,1300,0,0.55,"Missing",0.748404434369728,1.09012061952562
2023,1,0.348,6000,0,0,"Missing",0.998837925204209,6.75638550394519
2023,0,0.348,5000,0,0.71,"Missing",0.00702914945468496,-4.95063559812588
2023,0,0.348,7000,0,0.12,"D",0.353427594432804,-0.60400654862172
2023,0,0.24,15000,0,0.93,"D",0.38503229090349,-0.468242557646641
2023,0,0.24,17850,0,0.43,"C",0.196610301749833,-1.40761629327049
2023,0,0.084,5000,0,0.05,"AA",9.47349301850888e-05,-9.2643330354119
2023,1,0.348,3442,0,0.26,"Missing",0.986760486850736,4.31122156352468
2023,1,0.348,5000,0,0.89,"Missing",0.995933072219918,5.50079218953378
2023,0,0.312,10000,0,0.46,"D",3.09241705903084e-05,-10.3839415354352
2023,0,0.168,3210,0,0.08,"B",0.540494593955574,0.162333928311777
2023,1,0.192,6000,0,0.16,"A",0.893053829801183,2.12232123317279
2023,1,0.324,3200,0,0.98,"Missing",0.999698742716099,8.10724459185558
2023,0,0.3,15000,0,0.9,"D",0.00257441742314084,-5.95955427696969
2023,0,0.132,10000,0,0.43,"AA",0.00104138010313261,-6.86616650058566
2023,0,0.18,9990,0,0.2,"A",0.0111874822190155,-4.48170925195348
2023,0,0.3,5500,0,0.49,"Missing",0.0438885827290759,-3.08122023977564
2023,0,0.144,8000,0,0.61,"A",0.000574444465943615,-7.46153252084962
2023,0,0.108,5000,0,0.02,"AA",1.90612433912668e-08,-17.7756086861485
2023,0,0.18,8000,0,0.54,"B",2.31181970085537e-05,-10.6748673827959
2023,0,0.3,3500,1,0,"D",0.00196950775635417,-6.22800018753883
2023,0,0.18,18000,0,0.37,"B",0.000600890483597331,-7.4164967925749
2023,0,0.168,20200,0,0.86,"A",6.3840896394004e-05,-9.65905272072753
2023,0,0.168,7500,1,0.54,"B",0.0243174214547311,-3.69194428084824
2023,1,0.276,6001,0,1.2,"Missing",0.982701444204566,4.03968233701008
2023,0,0.324,10000,0,0.45,"Missing",0.0450293209756703,-3.05436678259392
2023,1,0.348,2000,1,0,"Missing",0.997553418109533,6.01061379563442
2023,0,0.156,4950,0,0,"B",0.000227927850518091,-8.38625347035522
2023,1,0.264,8000,1,0.93,"D",0.574474516208616,0.300130900473793
2023,1,0.276,7200,0,1.12,"Missing",0.975184313817065,3.6711505323456
2023,1,0.18,9500,0,0.37,"C",0.800512530928652,1.38950076350665
2023,0,0.348,4000,1,1.14,"Missing",0.681960696648664,0.762797056048061
2023,0,0.228,3725,0,0.78,"D",0.315303166435903,-0.775441552443141
2023,0,0.168,8000,0,0.53,"B",0.00257019998540556,-5.96119805914972
2023,1,0.24,1000,0,0,"Missing",0.985582579925452,4.22479571518394
2023,0,0.348,8500,1,0,"B",0.00355102547841704,-5.63696150471403
2023,1,0.12,4500,0,0.04,"AA",0.961885666456765,3.22830517389761
2023,0,0.252,6001,1,0,"D",0.000726488412716797,-7.22656127210853
2023,0,0.156,8500,0,0.21,"AA",1.69463457096699e-06,-13.2880417380891
2023,0,0.348,3000,0,0.94,"Missing",0.0301047970589206,-3.47250349767088
2023,0,0.348,3700,0,0.58,"D",2.92735156138899e-05,-10.4387980807275
2023,1,0.348,3500,0,0.99,"Missing",0.999545583032469,7.69604083049159
2023,0,0.3,4000,1,0.47,"C",0.00208399060836818,-6.1713844965039
2023,0,0.216,5000,0,0.92,"B",0.000373294540270037,-7.89276943350121
2023,0,0.204,4000,0,0.02,"AA",1.00516337734994e-05,-11.5077653204598
2023,0,0.3,4500,1,0.2,"D",0.00386749222839476,-5.55127399466867
2023,0,0.348,1000,0,0,"Missing",0.0460559035379508,-3.0307491177149
2023,0,0.132,1500,0,0,"AA",0.000246741302131452,-8.30692335824475
2023,1,0.348,5500,0,0.77,"Missing",0.997648164809911,6.05020471854396
2023,1,0.336,11000,0,0.9,"Missing",0.999929179118487,9.55528584073185
2023,0,0.168,7750,0,0.59,"C",0.00310933738776678,-5.77023145266607
2023,0,0.18,5000,0,0.33,"B",1.67872242740007e-05,-10.9948756333671
2023,0,0.156,8500,0,0.21,"AA",9.59537064823139e-05,-9.25154874863612
2023,0,0.132,9000,1,0.85,"A",0.000433562667936288,-7.74304055279499
2023,0,0.288,5500,0,0,"D",0.0299934660645252,-3.4763232473991
2023,0,0.252,25000,0,0.99,"C",0.001058901063029,-6.8494641795342
2023,1,0.276,3000,1,0.7,"D",0.722550213524284,0.957146950083118
2023,0,0.348,5100,0,0.81,"Missing",0.917263710120317,2.40573669078863
2023,0,0.12,14000,0,0.26,"AA",0.0794076192219665,-2.4504230313599
2023,0,0.204,15000,1,0.89,"B",5.57222491018629e-09,-19.0054714119162
2023,0,0.12,1500,1,0.79,"A",1.18183663582921e-05,-11.3458439470604
2023,0,0.336,5000,0,0.87,"Missing",0.00471964600298328,-5.35129066286506
2023,0,0.324,6500,0,0.67,"D",0.00099160178766576,-6.91519686124554
2023,0,0.132,5000,0,0.18,"A",0.00142152589173208,-6.5546018754473
2023,0,0.348,2000,0,0,"Missing",0.0315108314569537,-3.42540595653655
2023,0,0.228,1000,0,0.87,"C",0.220422769063541,-1.26320438126865
2023,0,0.336,2500,1,1.04,"Missing",0.013611300016235,-4.28315016467314
2023,0,0.252,25000,0,0.07,"A",7.65617063603491e-05,-9.47733695854724
2023,0,0.216,14000,0,0.91,"C",4.28331827173026e-05,-10.0581546245308
2023,0,0.24,3000,0,0.76,"C",0.360030051013862,-0.575233717537339
2023,1,0.276,5000,0,1,"Missing",0.947832153451614,2.89971109466087
2023,0,0.204,25000,0,0.54,"A",0.000258797128255699,-8.25920726116155
2023,0,0.216,2500,0,0.82,"D",0.00255387708424803,-5.96758550550127
2023,0,0.348,5824,0,0,"Missing",0.107734228624307,-2.11409668997981
2023,0,0.204,6500,0,0.45,"B",1.43569944816538e-05,-11.1512589570875
2023,0,0.228,7500,0,0.8,"D",0.00419411422781607,-5.46987017667082
2023,0,0.108,1025,1,0.76,"D",0.000455898124180901,-7.6927851832167
2023,1,0.348,3300,0,0.91,"Missing",0.983894699327141,4.1123704263033
2023,1,0.348,1500,1,0.94,"Missing",0.999996989559254,12.7134210523578
2023,0,0.348,10000,0,1.13,"Missing",0.0283915954814309,-3.5328596796567
2023,0,0.18,9000,0,0.97,"C",0.180816555738877,-1.51082503132079
2023,1,0.288,9950,0,0,"D",0.765192816516739,1.18136316826482
2023,1,0.288,1500,0,0.99,"Missing",0.999876512101906,8.99924390231237
2023,1,0.24,9000,0,0.88,"D",0.855108267131194,1.77524129549022
2023,0,0.348,9000,0,0.85,"Missing",0.0429723001819136,-3.10327660915924
2023,0,0.132,1000,1,0.97,"Missing",0.000557933048317149,-7.49071349912559
2023,0,0.24,4000,0,0,"D",0.181635793549797,-1.50530392988146
2023,0,0.108,5000,0,0.17,"AA",0.00307175232155891,-5.78243061160321
2023,0,0.144,15000,0,0.55,"A",0.154522800741387,-1.69955953774257
2023,0,0.24,5200,1,0.77,"D",0.0330362550045051,-3.37655540759452
2023,0,0.228,21200,1,0.47,"B",0.00413535627955282,-5.48403786178308
2023,0,0.12,2000,0,0.06,"AA",0.00475509218770589,-5.34377276203672
2023,0,0.24,1500,0,0.88,"Missing",0.0150525579522331,-4.18104034106511
2023,0,0.168,3500,0,0.65,"B",3.2636951306317e-05,-10.3300327983523
2023,0,0.12,5000,0,0.11,"AA",4.14949952806649e-08,-16.9976929711336
2023,1,0.264,1500,1,1,"Missing",0.96067047044356,3.19565582247246
2023,0,0.24,5000,0,0,"C",0.0109108222055478,-4.50702933765136
2023,0,0.204,1800,0,0.96,"Missing",0.539384270859593,0.157864113797659
2023,0,0.24,20000,1,1,"C",0.0155251201263066,-4.14964901674136
2023,1,0.24,12500,0,0.52,"A",0.278671748519666,-0.951059745625828
2023,0,0.108,2500,0,0,"AA",4.15547166574303e-05,-10.0884579698977
2023,0,0.24,12000,0,0.34,"C",0.0810231713713463,-2.42852572828225
2023,0,0.108,2550,0,0.05,"A",0.00162876288202714,-6.41830442964871
2023,0,0.18,1200,1,0,"Missing",0.00280100255363918,-5.87497293831428
2023,1,0.336,4000,0,0,"Missing",0.996609941259881,5.68351221226218
2023,0,0.336,1500,1,1,"Missing",0.00419377479029315,-5.46995145268677
2023,1,0.204,15000,1,0.89,"B",0.961548716616729,3.21915315768033
2023,1,0.336,2000,1,0.97,"Missing",0.319327769951843,-0.756862816165018
2023,1,0.288,17500,0,0.15,"D",0.508204580928416,0.0328212697500643
2023,0,0.204,1000,0,0.67,"D",4.9373410428284e-05,-9.91604915448942
2023,0,0.24,9999,0,0.94,"D",1.99401101318818e-07,-15.4279472568692
2023,0,0.108,4500,0,0.07,"AA",0.000170027650188316,-8.6793794438667
2023,0,0.108,2000,0,0,"AA",7.29353565400338e-05,-9.5258640979588
2023,0,0.24,5000,0,0.22,"D",8.19657099681703e-05,-9.40912760020848
2023,0,0.324,3000,1,0.65,"Missing",0.000909462297208295,-7.00174713917278
2023,1,0.276,6001,1,0.85,"Missing",0.999955926026258,10.029597039367
2023,0,0.348,23800,0,0.5,"C",0.0352907819368145,-3.30820493259536
2023,0,0.348,10000,0,0.51,"D",0.0341197024303371,-3.34316490965751
2023,0,0.18,2500,0,0.24,"C",0.000154073605807796,-8.77792602446979
2023,0,0.348,2400,0,1.05,"Missing",0.021261376722665,-3.8293724962181
2023,1,0.348,2550,1,0.91,"Missing",0.99819509772282,6.31544229565347
2023,1,0.24,3000,0,1,"C",0.886528245970504,2.05575904457991
2023,1,0.324,3000,0,0.98,"Missing",0.937858030192951,2.71417698084783
2023,1,0.264,2500,1,1,"Missing",0.718600333283892,0.937529378173568
2023,0,0.24,6500,0,0.9,"D",0.178820087275118,-1.52436202259671
2023,1,0.276,8000,1,0.74,"D",0.994924833161689,5.27830779081227
2023,0,0.192,5000,0,0,"C",0.013349988571296,-4.30279984943558
2023,1,0.084,2000,1,0.81,"Missing",0.679755741936291,0.752649519533771
2023,0,0.216,7500,0,0.9,"B",0.022955099732755,-3.75099248587257
2023,1,0.3,3000,0,0,"Missing",0.999378398306117,7.38258923890892
2023,1,0.276,2000,0,0.9,"Missing",0.866201010122363,1.86777839676244
2023,0,0.084,1000,0,0.12,"C",2.26020057043106e-05,-10.6974493053844
2023,0,0.264,4000,1,1,"D",0.00237705528732297,-6.03951294662017
2023,1,0.24,1000,0,0,"Missing",0.947440223130499,2.89181271700774
2023,1,0.348,3000,1,0.75,"Missing",0.999995322256876,12.2726901250711
2023,1,0.24,4000,0,0,"D",0.996329809930944,5.60383488658147
2023,0,0.216,5000,0,0.99,"D",7.09160933886499e-05,-9.55394224442984
2023,1,0.108,5000,1,0,"AA",0.44518110588002,-0.220160564714346
2023,0,0.216,9800,0,0.57,"C",0.0379724532687482,-3.23218210224262
2023,0,0.348,7000,1,1.02,"Missing",0.00415171252801865,-5.4800740176903
2023,0,0.252,4500,0,0,"D",0.0143355242382221,-4.23057533924344
2023,0,0.348,2501,0,1.22,"Missing",0.0453042609517029,-3.04799160305292
2023,0,0.348,2500,0,1.21,"Missing",0.888770600845243,2.07824443265939
2023,0,0.276,6000,0,0,"C",2.56039996942815e-05,-10.5727363762973
2023,1,0.276,10000,0,0.67,"D",0.996709237202524,5.7133396984771
2023,0,0.12,5000,0,0.43,"A",0.00518431664472077,-5.25691943879785
2023,0,0.228,6600,0,0.27,"C",0.000277003659557365,-8.19120279843362
2023,0,0.096,2300,0,0.18,"AA",0.000104938781386549,-9.16202846796338
2023,1,0.252,6000,0,0.89,"C",0.438806132406302,-0.246008717153525
2023,0,0.144,25000,0,0.06,"AA",0.0128465766904076,-4.34174810100271
2023,0,0.12,3600,1,0.28,"A",0.0689750475913879,-2.60254126856238
2023,0,0.3,8000,1,0.48,"D",0.00471824441393087,-5.35158908430918
2023,0,0.228,11000,0,0.93,"B",1.00362773900955e-06,-13.8118883797005
2023,1,0.348,3000,0,0.61,"Missing",0.675946217447719,0.735204015340994
2023,1,0.348,5000,0,0.9,"Missing",0.883314944368193,2.02420333930321
2023,0,0.132,5000,0,0.18,"A",3.74933487665142e-07,-14.796516818
2023,1,0.348,5108,0,0,"Missing",0.99946562566279,7.53387944141658
2023,0,0.18,3500,0,0.9,"C",9.49011455744467e-08,-16.1704299651171
2023,0,0.336,6000,0,0,"D",0.000263364731428507,-8.24170727558822
2023,0,0.276,2600,0,0.5,"Missing",0.866508991567747,1.87043836297861
2023,0,0.24,3000,0,0.39,"D",0.00493165180585538,-5.30713744261695
2023,0,0.144,4000,0,0,"B",2.52691850889022e-05,-10.5858996157435
2023,0,0.288,25000,1,0.46,"C",0.0274598447203696,-3.56718661984941
2023,0,0.144,25000,1,0,"AA",0.00210698879290447,-6.1603862515398
2023,0,0.24,18000,0,0.71,"B",0.00255995802757566,-5.96520117578031
2023,0,0.084,1000,0,0.07,"AA",0.0628681936339706,-2.70178357060805
2023,0,0.3,2550,0,0.86,"D",0.0110182922546302,-4.49711901184764
2023,0,0.264,12150,0,0,"D",0.00321441336062673,-5.73689081673566
2023,1,0.336,7500,1,0,"C",0.976389551574081,3.72217229352533
2023,0,0.348,2700,0,0,"Missing",0.474494501646208,-0.10211062304864
2023,0,0.348,25000,1,0.93,"C",0.00539733490109621,-5.21643803093882
2023,0,0.12,2000,0,0,"B",9.85769504958552e-08,-16.1324282718793
2023,0,0.168,2000,0,0.5,"C",0.00217402941266088,-6.12899656504649
2023,1,0.348,5000,0,0.32,"Missing",0.996872660026744,5.76444024423611
2023,1,0.336,10500,0,0.94,"C",0.925048369125503,2.51300304328029
2023,1,0.348,3800,0,0.96,"Missing",0.900550852373031,2.20336019989219
2023,1,0.348,3900,0,0,"Missing",0.999634408375331,7.91362796863081
2023,0,0.348,3000,0,0.85,"D",2.29449318709982e-06,-12.984996277851
2023,1,0.18,3200,0,0.7,"C",0.929304999201463,2.57606213374405
2023,1,0.348,4000,0,1.07,"Missing",0.969030796013971,3.44330310170678
2023,1,0.264,2000,0,0,"Missing",0.605730052729762,0.429398609233042
2023,0,0.348,2000,0,0.4,"Missing",0.00793384580220646,-4.82865190592093
2023,0,0.24,2200,0,0.92,"Missing",0.10470026444513,-2.1460569186549
2023,1,0.348,4000,0,1.21,"Missing",0.999959502578866,10.1142317633479
2023,0,0.288,7000,0,1.14,"D",0.022243878122906,-3.78319344459397
2023,0,0.24,4000,0,0,"D",1.18387619534082e-06,-13.6467154078388
2023,0,0.168,22000,0,0.77,"B",0.0278197896420343,-3.55379356380527
2023,0,0.144,4000,0,0.43,"B",0.0904688943069724,-2.30792311593621
2023,0,0.168,5000,0,0.84,"C",0.00678849978439916,-4.98571366022097
2023,0,0.18,3000,0,0.27,"C",0.00540815398084624,-5.21442463687069
2023,1,0.24,15000,0,0.65,"B",0.96993682123888,3.4739298106892
2023,1,0.348,2000,1,0,"Missing",0.997070197520634,5.82988616865933
2023,1,0.348,2000,1,0.09,"Missing",0.99992747058419,9.5314458110371
2023,0,0.12,5000,0,0.52,"AA",0.00113678944164322,-6.7784098329351
2023,0,0.18,7000,0,0.33,"A",0.00195446036294858,-6.2356847800173
2023,0,0.156,20000,0,0.79,"A",0.00515357257688229,-5.26289820252485
2023,0,0.276,19000,0,0.95,"C",0.392087431263733,-0.438546216346068
2023,0,0.228,7400,1,0.87,"C",0.000282690876732644,-8.17087383484849
2023,0,0.276,5000,0,0.37,"D",3.19973476636346e-05,-10.3498255462516
2023,0,0.168,3000,0,0.85,"C",0.000245923301173281,-8.31024490094978
2023,0,0.24,5000,0,0.45,"D",2.02495608307534e-05,-10.8073572022512
2023,1,0.276,5000,0,0.97,"Missing",0.811773930147245,1.46157815062575
2023,0,0.096,3500,0,0,"AA",0.509022655673092,0.0360945408936626
2023,0,0.24,5000,0,0.97,"C",0.0497819993412865,-2.94903797296872
2023,1,0.348,7200,0,1.15,"Missing",0.982805904969034,4.04584563621984
2023,1,0.24,1000,0,1,"Missing",0.920533454832659,2.44961722662152
2023,0,0.168,15000,0,0.59,"AA",0.000976513058830794,-6.93054544448002
2023,0,0.348,3000,0,0.61,"Missing",0.037186694616039,-3.25390849959411
2023,0,0.216,2500,0,0,"C",0.0314817711125062,-3.42635862096125
2023,1,0.192,25000,0,0.76,"AA",0.197816464692498,-1.39999777388492
2023,0,0.24,15000,0,0.61,"B",0.00344897469042628,-5.66622334717493
2023,0,0.204,2800,0,0,"C",0.000370877461824508,-7.89926789523938
2023,1,0.348,3000,0,0.98,"Missing",0.999991395817813,11.6632535679333
2023,0,0.3,15000,0,0,"D",0.111309856437563,-2.07743081808283
2023,1,0.324,6000,0,0.95,"Missing",0.97205440525804,3.54915220029717
2023,1,0.18,1200,0,0.49,"C",0.388671525411475,-0.452899837110621
2023,0,0.18,2000,1,0.49,"D",0.116989037459845,-2.02125738215113
2023,1,0.24,1000,1,0.9,"D",0.686108221562077,0.781987100817731
2023,1,0.324,3000,1,0.79,"D",0.0373089596193077,-3.25049902790277
2023,0,0.348,3975,0,0.97,"Missing",0.00202287914738941,-6.20120853395346
2023,1,0.348,3000,0,0.36,"Missing",0.971155024861556,3.51655030459337
2023,0,0.192,25000,0,0.76,"AA",0.00154766710361495,-6.4694577103079
2023,0,0.348,3000,0,1.51,"Missing",0.0219905667681478,-3.79490573728116
2023,1,0.216,6000,0,0.75,"C",0.936024141746339,2.68313547119928
2023,1,0.348,3000,0,0,"Missing",0.269470825539743,-0.997309037590521
2023,1,0.204,1000,0,0.89,"Missing",0.968701394023845,3.43238284644669
2023,0,0.3,2500,0,0,"Missing",0.000273993295127481,-8.20213289137512
2023,0,0.324,15000,0,0.94,"D",0.00777566876929914,-4.84894975236239
2023,0,0.348,23500,0,0.86,"C",0.000693759802250022,-7.27269076306911
2023,0,0.204,5000,1,0.28,"B",0.0011717834152569,-6.74805593368343
2023,0,0.336,10000,0,0.87,"D",0.189638753852891,-1.45235916425054
2023,0,0.12,3000,0,0.2,"AA",0.0520146786344817,-2.90281305816364
2023,1,0.276,5000,0,0.39,"D",0.234124497163328,-1.18516661456291
2023,0,0.348,2800,0,0.99,"C",0.00415576889926685,-5.47909338571432
2023,0,0.228,1500,0,0.86,"D",6.05785605812372e-05,-9.71150893287859
2023,0,0.108,2000,0,0.85,"A",0.00125774750250792,-6.67717431514651
2023,0,0.276,8200,0,0.44,"C",8.74513050173298e-05,-9.3443409784707
2023,0,0.3,4500,1,0.2,"D",1.59466131291542e-05,-11.0462481475408
2023,0,0.228,4000,0,0.9,"D",0.0337323009314641,-3.35498505409207
2023,1,0.24,25000,1,0.87,"C",0.856724119610696,1.78834394749512
2023,0,0.3,8000,1,0.85,"D",0.000810633481327558,-7.11688357802429
2023,0,0.132,3000,1,0,"C",2.41368252549633e-05,-10.6317477277059
2023,0,0.348,7000,1,0,"Missing",0.00365730467044157,-5.6073648227463
2023,0,0.192,9000,0,0.05,"B",0.00905675229421366,-4.69514667561848
2023,0,0.12,5200,0,0,"A",0.00717394921114416,-4.93009917374879
2023,0,0.18,10000,0,0.08,"B",0.000312363996715287,-8.07102898123797
2023,1,0.192,4200,1,0.83,"C",0.118239420411566,-2.00920901205207
2023,0,0.204,6500,0,0.79,"C",0.0319110917223261,-3.41237027820276
2023,1,0.18,1000,1,0.73,"C",0.827452190694169,1.5676769765189
2023,0,0.144,3000,0,0.98,"B",9.86212421604489e-06,-11.5267991126475
2023,0,0.24,1000,0,0.33,"D",0.104494156746955,-2.1482575930641
2023,0,0.108,5000,0,0,"AA",5.00088281444239e-06,-12.2058910973318
2023,1,0.3,5000,1,0.96,"Missing",0.998369110188949,6.41699729560086
2023,0,0.252,5000,0,0.85,"C",0.00048297195156406,-7.63506888867376
2023,1,0.204,25000,1,0.02,"A",0.742946253125688,1.0613385096139
2023,0,0.096,3001,0,0.14,"AA",9.68737063112e-05,-9.24200554618803
2023,0,0.3,7000,0,1.02,"C",1.97547493783368e-06,-13.1346997381912
2023,0,0.12,2000,0,0,"A",0.0034101416195294,-5.67758548849002
2023,0,0.288,14900,0,0.93,"D",0.00249151582196069,-5.99236936507478
2023,0,0.288,1000,1,0,"Missing",0.212146348258213,-1.31203599298761
2023,1,0.3,4500,0,0.87,"D",0.389300391057527,-0.450253940755301
2023,0,0.312,4000,0,0.99,"Missing",0.0816591431886279,-2.42001483200838
2023,0,0.096,1000,0,0.33,"A",0.000369191766969643,-7.90382509529804
2023,0,0.132,1527,0,0.03,"AA",1.34345957777389e-05,-11.2176639689177
2023,0,0.348,10000,0,0,"Missing",0.0706329237430165,-2.57700741352989
2023,0,0.144,10000,0,0.85,"A",0.637751082223994,0.5656164602708
2023,0,0.348,4000,0,1,"Missing",0.6434593773856,0.590410715647436
2023,0,0.312,17850,0,0.94,"C",7.59619995161028e-10,-20.9982028133005
2023,0,0.24,13500,0,0.31,"C",0.00942600691789552,-4.65481200368918
2023,0,0.348,3025,1,0,"Missing",0.0561613117456999,-2.82172715371711
2023,0,0.264,6000,0,0.71,"C",0.420218742748968,-0.321875497964878
2023,0,0.336,5500,0,0.35,"D",0.118544581427985,-2.00628532164554
2023,0,0.252,25000,0,0.07,"A",0.496671601005205,-0.0133137926393543
2023,0,0.096,1000,0,0.78,"A",0.000146548848639289,-8.82800518768637
2023,0,0.348,16000,1,0,"D",0.0100486212669571,-4.59022039180514
2023,0,0.348,8000,0,0.8,"D",0.113202989507619,-2.05843353212
2023,0,0.216,5000,0,0.12,"C",0.240833770382555,-1.14811381871574
2023,0,0.144,10000,0,0.5,"B",6.07311399501924e-05,-9.70899324445489
2023,0,0.132,18000,0,0.46,"AA",0.00527936667200949,-5.23865578516981
2023,1,0.18,15000,0,0.63,"B",0.99327496317886,4.99517012646888
2023,0,0.096,2300,0,0.18,"AA",2.88659045001994e-07,-15.058019331737
2023,1,0.336,4000,0,0.53,"Missing",0.998302069665879,6.37664584668055
2023,1,0.24,5000,0,0.97,"C",0.998609966285152,6.57703627613972
2023,0,0.108,5000,0,0.18,"AA",1.43479535498468e-05,-11.1518888876387
2023,0,0.204,18000,0,0.22,"B",0.00146217642919337,-6.52636600188021
2023,0,0.144,17500,0,0.13,"AA",8.97032889142315e-06,-11.6215792464861
2023,0,0.204,7500,0,0.2,"C",0.208665191433587,-1.33299013813711
2023,1,0.24,2500,0,0.8,"Missing",0.999960904450489,10.1494628243923
2023,0,0.18,18000,0,0.37,"B",0.017509018469826,-4.02737507527739
2023,0,0.192,23000,1,0.13,"A",0.406718101994744,-0.377549340728971
2023,0,0.12,1500,1,0.79,"A",0.000389492497728557,-7.85027638575674
2023,0,0.276,21000,0,0,"B",2.29465840199035e-06,-12.9849242753178
2023,0,0.132,8000,0,0,"A",1.03261016999179e-05,-11.4808253964832
2023,1,0.348,5000,1,0,"Missing",0.999735009484217,8.23555149648307
2023,0,0.288,9000,0,1.03,"D",0.00925486064941258,-4.67330843690578
2023,0,0.144,1500,1,0.59,"D",0.430862322457485,-0.278333767285247
2023,0,0.3,8500,0,0.78,"D",0.759981823170785,1.15257985885132
2023,0,0.288,15000,0,0.85,"C",0.250370650934771,-1.0966364594968
2023,0,0.156,17500,0,0.08,"AA",0.00213021732648874,-6.14939878378351
2023,0,0.096,1000,0,0.33,"A",9.49747592688461e-06,-11.564474989046
2023,0,0.132,5000,0,0,"AA",1.63581065167712e-05,-11.0207706138313
2023,0,0.288,1500,0,0.96,"Missing",0.163474777238375,-1.63259796192423
2023,0,0.276,3000,0,0.86,"Missing",0.0851719178428596,-2.37406438254845
2023,0,0.06,1000,0,0.64,"D",0.199495106950255,-1.38945293544596
2023,1,0.144,22000,0,0.37,"AA",0.763560039479997,1.17229744975852
2023,0,0.276,7800,1,1.03,"C",0.0363065152188996,-3.27877607442459
2023,0,0.3,1500,0,0,"Missing",0.250870144445213,-1.09397688794157
2023,0,0.168,4000,0,0.18,"B",0.0042763231457894,-5.45037622392762
2023,0,0.168,8000,0,0.76,"AA",0.000429892980748222,-7.75154427682258
2023,0,0.348,3000,1,0,"Missing",0.0718230586234448,-2.5590168089572
2023,0,0.132,8000,0,0.06,"A",3.13409802760119e-06,-12.6731660016671
2023,0,0.348,12000,1,0.97,"D",0.616617116303331,0.475214088082333
2023,1,0.288,3000,0,0.92,"Missing",0.575549926130783,0.304531589796518
2023,0,0.276,1525,0,0.56,"D",0.000179546537737771,-8.62489655781761
2023,0,0.252,4900,0,0,"D",0.00241865390962646,-6.0221225456837
2023,0,0.192,25000,0,0.92,"A",0.000997750887593267,-6.90900867546862
2023,0,0.18,25000,0,0.44,"AA",0.000106340823282358,-9.14875496145825
2023,0,0.288,10000,0,0.97,"B",5.3556058792628e-07,-14.4399512751786
2023,0,0.348,2000,0,0.98,"Missing",0.00180311658355964,-6.31643393182024
2023,0,0.264,6000,0,0.71,"C",0.00150675632858399,-6.49628817282719
2023,0,0.3,25000,0,0.71,"A",0.350048487921996,-0.618826081496036
2023,1,0.264,1100,1,0,"Missing",0.998459992855179,6.47442702889843
2023,0,0.348,4000,1,0.98,"Missing",0.0131536941762964,-4.31781166366551
2023,1,0.312,2500,0,0.65,"Missing",0.997854661807906,6.14231043099168
2023,0,0.132,10500,0,0.16,"AA",0.0097962873068447,-4.61590722470211
2023,1,0.24,2700,1,0.87,"D",0.954504911122657,3.04358840501359
2023,0,0.168,6000,0,0.03,"AA",2.09616829278012e-07,-15.377984385749
2023,1,0.348,3000,1,0.92,"Missing",0.999963733128467,10.2245695958062
2023,0,0.216,19200,0,0,"AA",1.90689624075465e-06,-13.1700317356006
2023,0,0.324,2000,0,0,"Missing",0.0672530660569518,-2.6296713156128
2023,0,0.156,8500,0,0.21,"AA",1.28824537332873e-05,-11.2596314656528
2023,0,0.132,1000,0,0.01,"AA",6.29186433021912e-06,-11.9762468433831
2023,0,0.24,10000,0,0.79,"C",0.000367581221588546,-7.90819860380932
2023,0,0.108,6001,0,0.26,"AA",9.5220869222519e-05,-9.25921620026567
2023,0,0.204,6500,0,0.81,"C",0.000302352594590284,-8.10361429155631
2023,1,0.336,4500,0,0.47,"Missing",0.405375470824258,-0.383116436871406
2023,1,0.264,6001,0,0.98,"C",0.979601967460568,3.87170788145495
2023,1,0.348,3000,0,0,"Missing",0.99861786308092,6.5827413924521
2023,0,0.132,3000,0,0.27,"B",0.000457119701230066,-7.69010804886164
2023,0,0.336,2250,0,0.57,"Missing",0.0148712139080745,-4.19334498808097
2023,0,0.3,7000,0,0.96,"D",0.00579324584561091,-5.14525245758747
2023,0,0.18,4999,0,0.89,"C",0.000310104497577549,-8.07829107573705
2023,0,0.24,5000,1,0.95,"C",0.000212774449005221,-8.45506508108131
2023,1,0.324,3500,1,1.09,"Missing",0.988628701485744,4.46522632636609
2023,0,0.264,12150,0,0,"D",0.000267227522977443,-8.22714285321673
2023,1,0.348,10000,0,0.51,"D",0.998697621129425,6.64225955859749
2023,1,0.348,2550,0,0.95,"Missing",0.978179393743758,3.8028383179516
2023,1,0.348,5500,0,1.02,"Missing",0.997088078695074,5.83602600422416
2023,0,0.12,5000,0,0,"AA",2.0195381964788e-06,-13.112639668752
2023,0,0.12,5000,0,1.13,"A",4.99862866157626e-05,-9.90371187030316
2023,0,0.252,5500,1,0,"C",0.0128082340664833,-4.34477606173769
2023,1,0.348,2500,0,0,"Missing",0.96251166225273,3.245516291513
2023,0,0.12,7000,0,0.07,"AA",1.76709098549005e-07,-15.5487607907319
2023,1,0.312,2000,1,0,"Missing",0.939161461608789,2.73676397173212
2023,0,0.276,6001,0,0.88,"D",0.0130102773233613,-4.32892001822453
2023,1,0.132,5000,1,0,"Missing",0.625927823910775,0.514786304194457
2023,1,0.288,5500,0,0,"D",0.647633691745147,0.608653963048455
2023,0,0.252,3001,1,0,"C",9.87081077326276e-06,-11.5259186918191
2023,1,0.216,8000,0,0.33,"C",0.751346238510418,1.10580516945716
2023,1,0.264,4500,1,0.68,"D",0.313419563875983,-0.784180634175889
2023,0,0.132,5000,0,0.18,"A",1.18519765255735e-08,-18.2507711760151
2023,0,0.336,6000,0,0,"D",0.124110074142001,-1.95407156109718
2023,0,0.132,1500,0,0.39,"B",0.0501863787489195,-2.94052212697496
2023,1,0.348,10000,1,0.9,"Missing",0.999173997807136,7.09808678612685
2023,1,0.348,5000,0,0.89,"Missing",0.97643952979951,3.72434250679055
2023,1,0.336,8423,0,0.92,"Missing",0.288168942713802,-0.904293689369751
2023,0,0.18,5000,0,0.92,"B",0.559150558554491,0.237715357870862
2023,0,0.228,13000,1,0.89,"C",0.00364050443042025,-5.61198587995542
2023,0,0.144,25000,0,0.06,"AA",1.12707401536797e-05,-11.3932892865822
2023,0,0.348,3999,0,0.96,"Missing",0.00146303480695273,-6.52577825964782
2023,0,0.264,6001,0,0.69,"D",3.61934775979811e-08,-17.1343868750064
2023,0,0.252,9500,0,0.73,"D",4.00503527110538e-07,-14.7305428632053
2023,0,0.276,12000,0,0.79,"D",0.020117036011201,-3.88586612119885
2023,0,0.3,6500,0,0.64,"D",0.507874530487602,0.0315007265284373
2023,0,0.216,2500,0,0,"C",0.0124570148903411,-4.37293611581038
2023,0,0.12,2000,0,0,"AA",4.4544078682413e-06,-12.3216119654326
2023,1,0.276,1800,0,0,"Missing",0.600736445840589,0.408534576727079
2023,0,0.276,12000,0,0.79,"D",0.00469020639220848,-5.35757745070132
2023,0,0.24,4000,0,0,"D",0.0419376340045018,-3.12872926599086
2023,0,0.108,1500,0,0.29,"A",8.56540279422686e-05,-9.36510864867272
2023,1,0.324,10000,0,0.45,"Missing",0.585254851415342,0.344383164013648
2023,1,0.348,2000,1,0,"Missing",0.900934454726774,2.20765080318348
2023,0,0.276,10000,0,0.44,"C",0.0566625254859126,-2.81231102585246
2023,1,0.348,3500,0,0,"Missing",0.998772241059667,6.70133625793381
2023,0,0.204,15000,1,0.41,"B",0.000265419998098815,-8.23393163288988
2023,0,0.24,5200,1,0.77,"D",7.29207550027476e-06,-11.8287150552493
2023,1,0.312,1000,1,0.33,"Missing",0.999926913988151,9.52380047720715
2023,0,0.156,5500,0,0.34,"B",0.0174494013751073,-4.03084649938145
2023,0,0.3,25000,0,0.73,"A",0.0241400603089557,-3.69944635773443
2023,0,0.132,8000,0,0,"A",0.000182545027370126,-8.60833112836691
2023,0,0.18,12000,0,0.43,"A",1.25975042723751e-08,-18.1897671036317
2023,0,0.12,9990,0,0.05,"AA",0.0233981910647235,-3.73142028945531
2023,0,0.168,1000,0,0.6,"A",0.0284018715794405,-3.53248722715987
2023,1,0.276,3550,0,0.66,"D",0.918591396958178,2.42336045056542
2023,0,0.204,1000,1,0.59,"D",0.055427445603776,-2.83565762268482
2023,1,0.348,4750,1,1.19,"Missing",0.999961180845518,10.156557941039
2023,0,0.3,9000,0,0.56,"B",0.200019435259191,-1.38617289517615
2023,0,0.3,4449,0,0.94,"D",0.925323804662446,2.51698236417793
2023,0,0.348,7100,1,1.12,"Missing",0.0146572963239818,-4.20805124910117
2023,0,0.18,1500,1,0.42,"C",9.12600133612243e-07,-13.9069671094442
2023,0,0.204,2000,0,0.25,"Missing",0.0162305226999823,-4.10449801177138
2023,0,0.108,3001,0,0.21,"AA",0.00160832040031963,-6.43095525900768
2023,0,0.264,5000,0,0.55,"C",2.82640097801068e-06,-12.7765035684696
2023,1,0.312,1000,1,0,"Missing",0.982767878894366,4.04359780851594
2023,1,0.348,2550,0,0,"Missing",0.999593869608298,7.8084300752108
2023,0,0.216,2500,0,0.84,"A",0.136843908852113,-1.84175462029047
2023,0,0.216,3001,0,0.8,"D",0.00824519154559045,-4.78984572036797
2023,0,0.18,4500,1,0,"C",0.00579275304052744,-5.14533802233549
2023,1,0.132,25000,0,0.29,"AA",0.53300287784381,0.132203728239528
2023,0,0.108,3000,0,0.13,"A",0.134022911580049,-1.86584768414673
2023,0,0.132,1000,0,0.05,"C",0.122724403996922,-1.96687996806362
2023,0,0.096,2000,0,0.23,"AA",0.0496277550507261,-2.952303489774
2023,0,0.108,4900,0,0,"AA",2.99658148684986e-05,-10.4154233641504
2023,0,0.18,2500,1,0.9,"C",9.03408876891981e-05,-9.3118300567249
2023,0,0.18,10000,0,0.41,"C",0.03058273361939,-3.45625954576335
2023,0,0.24,5000,0,0.97,"C",0.183667411044248,-1.49169528307962
2023,0,0.132,6001,0,0.01,"A",2.83730962382425e-06,-12.7726514330193
2023,1,0.288,3000,0,0,"Missing",0.889536390351961,2.08601427502222
2023,1,0.348,1000,0,0.45,"Missing",0.988173062058399,4.42547804036007
2023,0,0.336,4500,0,0.47,"Missing",0.000143423522094167,-8.84956517810211
2023,0,0.24,9000,1,0.93,"D",0.36808944276121,-0.540421901156764
2023,0,0.144,7000,0,0.2,"B",2.52044149921253e-06,-12.8910739532415
2023,0,0.12,6000,0,0.02,"AA",0.000785708518407924,-7.14813865868494
2023,1,0.348,4000,1,0,"Missing",0.802986217204346,1.40506385995
2023,0,0.24,1500,0,0,"D",1.1035793318191e-06,-13.7169506191626
2023,0,0.288,7500,1,0.82,"D",0.00212117675667929,-6.15366084075093
2023,0,0.12,5200,0,0,"A",1.3969585881008e-08,-18.086383293597
2023,0,0.144,10000,0,0.85,"A",2.8247145268818e-06,-12.7771004261847
2023,0,0.276,15000,0,0.18,"D",0.0138449283574199,-4.26589463371566
2023,0,0.18,4500,1,0,"C",0.000321901520905751,-8.04094294155125
2023,0,0.24,3500,0,0.8,"D",0.00200381438267568,-6.21069689875995
2023,0,0.312,6000,1,0,"Missing",0.0445810246043503,-3.06484165077222
2023,0,0.24,3000,1,0.07,"D",2.42423811051982e-05,-10.6273839285
2023,1,0.348,25000,0,0.11,"C",0.978547070587418,3.82020768512021
2023,0,0.204,15000,1,0.98,"B",0.124227774364559,-1.95298927010592
2023,0,0.168,4575,0,0.6,"C",0.001495653042029,-6.5036955774582
2023,1,0.276,1000,1,0.93,"Missing",0.999886359298082,9.08235517715872
2023,0,0.24,3000,0,0.76,"C",0.0421867278345938,-3.12254717945502
2023,0,0.216,3000,1,0.93,"C",0.000139392169805376,-8.87807983002283
2023,1,0.264,20000,1,0.77,"B",0.00594172042602136,-5.11979711085092
2023,0,0.192,2000,0,0.89,"C",7.99583959424043e-06,-11.7365812064061
2023,0,0.084,3000,0,0.87,"C",1.80851158113958e-06,-13.2230045733349
2023,1,0.348,3000,0,0.98,"Missing",0.986392849613321,4.2834592845481
2023,0,0.18,12000,1,0.53,"B",0.00539163899335655,-5.21749963354858
2023,1,0.348,4000,0,1.21,"Missing",0.806291505221498,1.42609092134254
2023,0,0.264,12500,0,0.96,"C",0.000783272690548702,-7.1512460792029
2023,1,0.264,2000,0,0,"Missing",0.99681322860656,5.74555511711364
2023,1,0.348,5000,1,1.05,"Missing",0.929097793765342,2.57291245044206
2023,0,0.18,1600,0,0.82,"C",5.14476887658329e-05,-9.87489356962788
2023,1,0.348,5000,1,0.75,"D",0.943294895694368,2.81151472481638
2023,0,0.156,13000,0,0.81,"B",6.14659453270112e-08,-16.6047824885557
2023,0,0.24,4100,1,0.8,"D",0.00473395636020377,-5.34824878928889
2023,1,0.192,25000,0,0.92,"A",0.330101450254731,-0.707726250399988
2023,0,0.204,9500,0,0.95,"AA",0.000251919209861136,-8.28615016669698
2023,0,0.132,4500,1,0.97,"AA",0.000181557564843687,-8.61375621882288
2023,0,0.18,1000,0,0,"D",0.114370249334228,-2.04685798776876
2023,1,0.348,1000,1,0.42,"Missing",0.99999262061344,11.8168126653991
2023,0,0.144,4800,0,0.66,"B",0.000195352095749451,-8.54051163716391
2023,0,0.3,2500,0,0.66,"D",0.00100270005204696,-6.90405566243555
2023,0,0.348,6000,1,0.79,"Missing",0.0257054231253711,-3.63501171204799
2023,1,0.228,15000,0,0.37,"C",0.964429480982854,3.30001953780451
2023,0,0.204,2400,0,0.86,"D",0.000177212695108209,-8.63798265113753
2023,0,0.132,1000,0,0.01,"AA",0.000104082175894511,-9.17022573040465
2023,0,0.204,2000,0,0.74,"B",0.000105074959344496,-9.16073148351197
2023,0,0.108,2500,0,0.09,"AA",0.000619755150649471,-7.38556612895496
2023,1,0.3,1250,0,0.99,"Missing",0.994492319705873,5.19608884022605
2023,0,0.156,25000,1,0.11,"AA",9.42502399251636e-09,-18.4798975485655
2023,1,0.252,5000,0,0.95,"D",0.680206784725044,0.754722262477134
2023,0,0.276,7200,0,1.12,"Missing",0.002488361401669,-5.99363939423013
2023,1,0.3,2550,0,0,"Missing",0.976087470157254,3.7091496206968
2023,0,0.324,1000,1,0.88,"Missing",0.000152376883921994,-8.78900121802377
2023,0,0.18,1200,0,0.49,"C",0.00124973729351999,-6.68357139607332
2023,1,0.192,3500,1,0,"C",0.103625322177939,-2.15757677025348
2023,0,0.24,2000,0,0,"Missing",0.277704719092226,-0.955875643952802
2023,1,0.24,1500,0,0.6,"Missing",0.888954647009197,2.08010751510813
2023,1,0.348,2500,0,0,"Missing",0.937210283171353,2.70311636350092
2023,0,0.348,5000,1,0.65,"D",0.0184428166404936,-3.97446532051635
2023,0,0.24,5000,0,0.16,"A",0.00143756624702167,-6.54336510093327
2023,0,0.216,10000,0,0.15,"B",3.77112435724743e-05,-10.1855145580231
2023,0,0.252,20000,0,0.01,"B",0.00234259385136076,-6.05415113802214
2023,0,0.204,3500,0,0.76,"Missing",0.0421045314539105,-3.12458328738409
2023,0,0.18,9000,0,0.49,"B",0.0493433712077376,-2.9583494992106
2023,0,0.132,15200,0,0.83,"A",2.99572464124827e-05,-10.4157093546396
2023,0,0.24,10000,0,0.85,"D",0.126341259606012,-1.93370318680128
2023,0,0.24,5200,1,0.77,"D",0.10339606338276,-2.16004733270147
2023,0,0.276,10000,1,0.72,"D",0.000601422089532212,-7.41561195488478
2023,0,0.264,5000,0,0.55,"C",0.060359762224623,-2.74517438163031
2023,0,0.156,20000,0,0.79,"A",0.00508351868416311,-5.27665511908064
2023,1,0.312,6000,1,1.06,"Missing",0.950054789153985,2.94559303418602
2023,1,0.348,3000,0,0,"Missing",0.993233930623281,4.98904589194836
2023,0,0.204,10000,0,0.05,"B",3.00635901429165e-08,-17.3199509971241
2023,0,0.3,5500,0,0.49,"Missing",0.00686265967041116,-4.97477388931459
2023,0,0.18,1200,0,0.9,"D",0.000670829904289228,-7.30632389395992
2023,0,0.336,12000,1,0.87,"D",0.000497362229117094,-7.60569448015989
2023,0,0.084,1325,0,0.02,"AA",0.00177533381843227,-6.3319898954235
2023,0,0.18,4500,1,0.49,"C",0.000344223781346706,-7.97387430188135
2023,0,0.12,4999,0,0.06,"AA",0.000134158413414277,-8.91635509917707
2023,0,0.348,4000,0,1.12,"Missing",0.271236197038378,-0.988359661019023
2023,0,0.24,8000,0,0.84,"D",0.0651847218847094,-2.66312383170526
2023,0,0.3,5000,0,0.76,"C",0.00052539204501005,-7.55084029154163
2023,0,0.348,2501,0,1.22,"Missing",0.0460684546530635,-3.03046347854121
2023,0,0.24,8000,0,0.92,"D",9.40403970349396e-06,-11.5743618012321
2023,0,0.228,19250,0,0.88,"B",0.000694769399902489,-7.27123555529429
2023,0,0.276,16000,1,0,"A",0.329560106789633,-0.710175298491801
2023,1,0.312,2550,0,0.88,"Missing",0.982868417525554,4.04955156476209
2023,0,0.252,5500,1,0,"C",0.000231574933393043,-8.37037544869907
2023,1,0.192,24000,1,0.35,"A",0.998536628826247,6.52554803889399
2023,0,0.252,5000,0,0.95,"D",0.000391926090782023,-7.84404527695998
2023,0,0.216,15000,0,0.61,"A",0.00121894810395366,-6.70854731040228
2023,0,0.132,15200,0,0.83,"A",1.07909548559757e-07,-16.0419723661585
2023,1,0.3,4000,1,0.99,"Missing",0.775974686228438,1.24236084543262
2023,0,0.192,15000,0,0.46,"AA",6.4754745829074e-09,-18.8552439309137
2023,0,0.228,2500,0,0.82,"C",0.000336763427699138,-7.99579304893856
2023,1,0.348,2550,0,0.98,"Missing",0.999571311744302,7.75435179971961
2023,0,0.24,5000,0,0.97,"C",0.0600410313325996,-2.75080803991474
2023,1,0.348,3001,0,0.83,"Missing",0.996023721404021,5.52342471822095
2023,1,0.348,3000,0,1.01,"Missing",0.980530646795627,3.91925230272336
2023,0,0.192,9000,0,0.05,"B",0.00656007526133121,-5.02017151620418
2023,0,0.348,10000,0,0.93,"D",4.038606509204e-05,-10.1169853690807
2023,0,0.084,1000,0,0.09,"AA",0.000256089473867139,-8.26972754498427
2023,0,0.264,7300,0,0.74,"D",0.000530121631951852,-7.541873821303
2023,1,0.348,4000,0,0.98,"Missing",0.928535607458477,2.56440941025982
2023,1,0.348,2525,0,0,"D",0.815333047427838,1.4850427306154
2023,0,0.216,10000,0,0.15,"B",2.13859165688453e-07,-15.3579479289706
2023,0,0.228,24000,1,0.18,"B",0.00948102375314741,-4.64893672293064
2023,0,0.168,8000,0,0.76,"AA",4.75336535241288e-05,-9.95402506775985
2023,1,0.24,8500,0,0.89,"D",0.800093032350627,1.38687591477139
2023,1,0.276,10000,0,0.69,"A",0.990424651229049,4.63894183222733
2023,0,0.3,4000,0,0.46,"C",0.00180764221093111,-6.31392265081186
2023,0,0.288,3500,0,0.8,"Missing",0.188518494009428,-1.45966548325678
2023,1,0.168,2500,0,0.24,"C",0.564368700258213,0.258911518978375
2023,1,0.348,5000,1,0.96,"Missing",0.975581098658034,3.68767581450585
2023,0,0.084,2500,1,0.06,"AA",0.000117308643891487,-9.05058479903026
2023,0,0.132,7500,0,0,"AA",0.011377258714245,-4.46469629072402
2023,0,0.18,8500,0,0,"B",0.00625140220161687,-5.06867846410325
2023,0,0.264,2500,1,0.63,"D",0.0317903838371584,-3.41628476045911
2023,0,0.192,3500,0,0.53,"B",3.8072182192668e-07,-14.7811964739464
2023,0,0.348,5500,0,0.41,"D",0.0167500444609922,-4.07246245343837
2023,0,0.3,9000,0,0.79,"D",0.0153549019304291,-4.16084650266208
2023,1,0.3,8000,1,0.85,"D",0.838566041948325,1.64759720961914
2023,0,0.348,12000,1,0,"Missing",0.000762052724810077,-7.1787324687726
2023,0,0.084,1000,0,0.09,"AA",0.0345356526655198,-3.33061697352141
2023,0,0.168,4500,1,0.76,"B",4.6062548578327e-06,-12.2880908201262
2023,1,0.288,1000,0,0,"D",0.910221574812377,2.31634336626997
2023,1,0.252,2550,0,0.24,"Missing",0.98807832507438,4.41740380533637
2023,0,0.264,7300,0,0.74,"D",0.0166628309134813,-4.07777151634266
2023,0,0.348,2550,0,0.43,"Missing",0.397263033527644,-0.416882279126612
2023,1,0.336,5000,0,0.87,"Missing",0.985964311684185,4.25201690748151
2023,0,0.204,3600,1,0.76,"D",0.0385643095735399,-3.21610045186347
2023,0,0.336,10000,0,0.24,"C",1.01842861840712e-07,-16.0998346799068
2023,0,0.252,6000,0,0.76,"D",1.24569385130644e-07,-15.8984028414257
2023,0,0.24,8000,1,0.52,"D",1.59930193145091e-06,-13.3459417174619
2023,0,0.132,1500,0,0.39,"B",0.00845876880451191,-4.76405690011453
2023,0,0.216,12000,0,0.57,"A",0.000305482552966356,-8.09331236152761
2023,0,0.132,12000,0,0.41,"A",0.00056150091572952,-7.4843354943078
2023,1,0.132,1000,1,0.97,"Missing",0.924189322654736,2.5006778004987
2023,1,0.216,8000,1,0,"C",0.769828691527816,1.20734416043328
2023,1,0.24,2000,1,0,"D",0.9787163274004,3.82830160888531
2023,0,0.24,4000,0,0.48,"D",0.00233498168133721,-6.05741352114172
2023,0,0.204,1500,0,0.92,"D",0.00285005267207984,-5.8575636816353
2023,0,0.324,6000,0,0.95,"Missing",0.15075429964292,-1.7286971872789
2023,0,0.24,7000,0,0.59,"C",0.000134961704811795,-8.91038451701505
2023,1,0.288,2350,0,1.37,"Missing",0.736722629695521,1.029003354494
2023,0,0.204,15000,1,0.41,"B",0.000461583070022989,-7.68038683053734
2023,0,0.132,18800,0,0.63,"AA",0.110983305639882,-2.0807362237849
2023,0,0.168,3500,0,0.65,"B",0.000776989529952412,-7.15930639110937
2023,1,0.348,12000,1,0.97,"D",0.817781638636791,1.50138959991804
2023,1,0.348,10000,0,1.13,"Missing",0.957570296950574,3.11655047495034
2023,1,0.192,6001,1,0.77,"C",0.999954955193245,10.0078078120872
2023,0,0.108,5000,0,0.28,"AA",4.92413341280146e-05,-9.91872792007345
2023,0,0.144,9000,0,0.05,"AA",0.000340523692010794,-7.98468527305085
2023,1,0.288,3500,0,0.94,"Missing",0.230198942974192,-1.20718820946045
2023,0,0.288,7500,1,0.94,"C",0.00136749568232882,-6.59340574946165
2023,0,0.24,3000,1,0.07,"D",9.42361059054552e-06,-11.572282829291
2023,1,0.348,3001,0,0.92,"Missing",0.981912347150195,3.99427250235086
2023,0,0.348,25000,0,0.82,"B",0.00314228776526777,-5.75965692157003
2023,0,0.144,15000,0,0.55,"A",0.0331484548726627,-3.37304885723033
2023,0,0.204,3000,0,0,"Missing",0.653333176000412,0.633723065428559
2023,0,0.264,5000,0,0.47,"D",1.33351500543371e-05,-11.2250938124859
2023,0,0.144,6000,0,0.6,"A",2.87267853235482e-05,-10.4576518567071
2023,0,0.228,25000,0,0.72,"A",0.00166522031373109,-6.39613123540991
2023,0,0.348,5500,0,0.72,"D",0.000994167351338805,-6.91261034210758
2023,0,0.204,3800,0,1.1,"D",0.0267905348931834,-3.59255068711105
2023,0,0.348,15000,0,0.97,"D",0.00260330455697937,-5.94836695847001
2023,0,0.3,4000,1,0.47,"C",0.00191911478522764,-6.25397028997355
2023,0,0.204,4000,1,0,"C",0.256163206213046,-1.06600688196288
2023,0,0.348,3000,1,0,"Missing",0.661970210526359,0.672086529582819
2023,0,0.168,9700,0,0.23,"AA",1.8964461294382e-06,-13.1755269850257
2023,0,0.204,10000,1,0.95,"D",2.41903125538693e-05,-10.6295341220324
2023,0,0.096,2000,0,0.15,"AA",1.19571025928934e-07,-15.9393551633274
2023,0,0.24,6000,1,0.25,"C",0.000385778727839046,-7.85986074364727
2023,0,0.156,9000,0,0.86,"B",2.8984226650728e-09,-19.6590991536231
2023,1,0.264,13000,0,0.82,"D",0.544876958404206,0.179992201295261
2023,0,0.3,25000,0,0.71,"A",0.000240988280269253,-8.33052123792163
2023,0,0.144,6000,0,0.53,"AA",1.46473171178165e-06,-13.4338369994228
2023,0,0.216,6000,0,0.58,"C",0.000263698507940741,-8.24044038950789
2023,0,0.18,9900,0,0.72,"B",4.30193553010754e-05,-10.0538173999843
2023,1,0.348,2100,0,0,"Missing",0.834249261140125,1.61604714524096
2023,0,0.156,4250,1,0.99,"B",1.29890770420139e-06,-13.5539855753146
2023,0,0.24,5000,1,0.72,"A",0.000116901990624552,-9.05405775236776
2023,0,0.192,20000,0,0.15,"AA",0.407205855204797,-0.375528352412455
2023,0,0.3,15000,0,0,"C",0.409639951976765,-0.365453993684797
2023,0,0.3,3000,0,0.62,"Missing",0.00196796624458907,-6.22878472740439
2023,0,0.06,1000,0,0.42,"D",0.000405345438482784,-7.81036549226114
2023,0,0.18,1000,0,0.87,"C",0.0690440189037434,-2.60146773852772
2023,0,0.348,25000,0,0.61,"A",0.00313963537835379,-5.760504032974
2023,0,0.228,4000,0,0.9,"D",0.0279432916381759,-3.54923698684666
2023,0,0.204,25000,0,0.91,"A",0.0711858098730694,-2.56861520916182
2023,1,0.3,7500,1,0.76,"Missing",0.893716119799421,2.12927455592142
2023,0,0.264,15000,0,0.94,"C",3.55938990488873e-05,-10.2433007152914
2023,0,0.3,6000,0,0.11,"D",0.000197079721010465,-8.53170513676141
2023,0,0.156,25000,0,0.05,"AA",1.41566449035257e-06,-13.4679101169438
2023,0,0.132,15200,0,0.83,"A",0.0603181658217208,-2.74590802791773
2023,0,0.12,4000,0,0.16,"A",0.000161161433567797,-8.73294282795148
2023,0,0.18,3000,0,0.91,"Missing",0.557880373046409,0.23256405950095
2023,0,0.108,4000,0,0.32,"A",0.0858215647415982,-2.36575546474322
2023,0,0.24,5000,0,0.7,"D",0.0376996166349186,-3.23967672517923
2023,0,0.168,2400,1,0.22,"B",0.00258242095199516,-5.95644220538777
2023,1,0.18,2000,0,1.59,"Missing",0.99730524628368,5.913750073106
2023,0,0.24,5000,0,0.97,"C",0.0238233902759784,-3.71297563986354
2023,0,0.204,3000,0,0,"Missing",0.0478663111410614,-2.99029351390246
2023,0,0.144,6250,0,0.21,"AA",0.0353923837648506,-3.30522475424168
2023,0,0.216,9999,0,0.92,"D",3.719681093855e-08,-17.1070427696036
2023,1,0.348,2200,0,1.06,"Missing",0.948174848791591,2.90666334891101
2023,0,0.12,5000,0,0.71,"AA",0.0105411392647266,-4.54187256146313
2023,0,0.252,5000,0,0.95,"D",5.98603869064379e-05,-9.72343572985982
2023,1,0.228,6000,0,0.49,"C",0.99741900579444,5.95699627257147
2023,1,0.348,3000,0,0.92,"Missing",0.319189021782361,-0.757501230523917
2023,1,0.348,20000,1,0.99,"Missing",0.814713851406292,1.48093556977186
2023,1,0.348,3000,0,0.92,"Missing",0.995878129450102,5.48731781281566
2023,0,0.18,15000,0,0.16,"AA",3.50550350318085e-06,-12.5611728894518
2023,0,0.216,10000,0,0.15,"B",0.00108248667593348,-6.82741133378207
2023,0,0.132,25000,0,0.29,"AA",0.243181039330254,-1.13531788739041
2023,1,0.324,7500,0,0.91,"Missing",0.899515544735459,2.19185329321919
2023,0,0.348,3000,1,0.59,"D",0.000119205615515941,-9.03454148168853
2023,0,0.096,2500,0,0.06,"AA",7.53133732805408e-05,-9.49377752271078
2023,1,0.348,3500,0,0,"Missing",0.87787925228182,1.97249876763961
2023,1,0.348,5000,0,0.75,"Missing",0.98714581661132,4.34114845181746
2023,1,0.348,8500,1,0,"B",0.984012642187898,4.11984047154805
2023,0,0.204,25000,0,0.78,"B",4.43201157136075e-05,-10.0240275835642
2023,1,0.348,4000,0,1,"Missing",0.990543899387343,4.65159408489444
2023,1,0.348,1890,1,0,"Missing",0.912397133242298,2.34326162545728
2023,1,0.3,10700,0,0,"Missing",0.997418532543052,5.95681245479151
2023,1,0.348,5000,0,0.78,"Missing",0.981892875788847,3.99317675095592
2023,0,0.312,1000,1,0,"Missing",0.926042804841362,2.52743397706962
2023,1,0.18,5000,0,0.46,"C",0.0869567253564498,-2.35137269255758
2023,1,0.276,7000,0,0.98,"C",0.668354344552954,0.700751392739391
2023,0,0.264,9000,0,0.99,"C",1.54030217605525e-06,-13.383530402266
2023,1,0.3,5000,1,0.96,"Missing",0.924474635958944,2.50475706763506
2023,1,0.348,4000,0,2.68,"Missing",0.40809810814902,-0.371833291278127
2023,1,0.324,3200,1,0,"Missing",0.791960283539562,1.33678223751595
2023,1,0.312,1200,1,0,"Missing",0.994008390632423,5.11138559613822
2023,0,0.228,8750,0,0.73,"D",4.7017498265529e-08,-16.8727459539847
2023,0,0.132,3000,0,0.89,"B",0.00166245880814689,-6.39779372056947
2023,0,0.12,6001,0,0.41,"AA",0.00705595179659009,-4.9468028291054
2023,1,0.204,5000,0,0.34,"D",0.94696417672024,2.88229366813158
2023,0,0.12,7000,0,0.51,"AA",0.000223655459276388,-8.40518013799937
2023,0,0.288,10000,0,0,"C",0.110346712376488,-2.08720448279088
2023,0,0.24,1000,0,0.33,"D",0.0157119925144033,-4.13749426957433
2023,0,0.18,2000,0,0,"B",5.94142781682866e-05,-9.73091657123394
2023,0,0.276,5000,0,0.97,"Missing",0.000130173307195612,-8.94651368128613
2023,0,0.3,15000,0,0,"D",0.000128563922224455,-8.95895575591102
2023,0,0.276,15000,1,0.76,"B",1.2368466293782e-06,-13.6029442213448
2023,0,0.288,1000,1,0,"Missing",0.533639006132703,0.134759592699683
2023,1,0.336,6000,0,0.68,"D",0.416455448264089,-0.337341312468738
2023,0,0.18,4000,0,0,"C",0.00033795029483035,-7.9922737225972
2023,0,0.216,9999,0,0.92,"D",1.07712414112097e-06,-13.7412148236431
2023,0,0.288,3000,0,0,"Missing",0.00148637702103253,-6.50992616672657
2023,0,0.18,1000,0,0,"D",0.426705054548657,-0.295307287492872
2023,0,0.192,7000,0,0.98,"C",5.38797302127611e-07,-14.4339258608124
2023,0,0.216,15000,0,0.29,"C",0.127718780478564,-1.92128105196574
2023,0,0.24,25000,0,0,"B",0.000135051312167632,-8.90972070117877
2023,0,0.18,9999,0,0.31,"B",0.0134207968947736,-4.29743809830807
2023,0,0.168,24000,0,0.54,"A",0.000532658190921248,-7.53709783224162
2023,0,0.18,9800,0,0.94,"B",0.00144445726621952,-6.5385761207824
2023,0,0.12,3000,0,0.36,"A",3.7246090358362e-06,-12.5005449438476
2023,0,0.132,25000,1,0.09,"AA",0.00051193848719469,-7.57679401276785
2023,0,0.252,25000,1,0.01,"B",1.84667999198632e-06,-13.2021192833405
2023,0,0.264,7300,0,0.74,"D",0.000776683806696601,-7.15970024602625
2023,0,0.276,2000,0,1.13,"Missing",0.435939324388087,-0.257658757166552
2023,1,0.276,2400,0,0.91,"Missing",0.997840392865228,6.13566701342958
2023,0,0.108,3030,0,0.04,"AA",0.000543642441057358,-7.51667501440977
2023,1,0.348,1000,1,0.42,"Missing",0.994488284896869,5.19535247261639
2023,0,0.216,2000,0,0,"D",0.0377096614026496,-3.23939988015524
2023,0,0.3,2800,0,0.97,"Missing",0.00883203137117082,-4.72049897252512
2023,0,0.288,25000,0,0.42,"C",6.85366362513328e-05,-9.5880735808989
2023,0,0.264,5000,0,0.55,"C",0.00047856551792331,-7.64423875281781
2023,0,0.348,2500,0,0.85,"Missing",0.00283552003712254,-5.86269037627375
2023,0,0.108,5000,0,0.54,"A",7.94840567884195e-05,-9.43987461274161
2023,0,0.132,25000,0,0.35,"AA",5.0736188652402e-05,-9.88882038438497
2023,1,0.168,9500,0,0.77,"A",0.533700596291861,0.135007075577953
2023,1,0.336,5000,0,0.56,"Missing",0.992282975773,4.85657949753934
2023,0,0.348,3000,1,0.53,"D",0.0462787910276208,-3.02568761597252
2023,0,0.348,6000,1,0,"D",0.00908170298513715,-4.69237035748471
2023,1,0.348,2200,0,1.06,"Missing",0.945593655213963,2.85533215767305
2023,1,0.348,4000,1,0,"Missing",0.370691704642076,-0.529250539971413
2023,0,0.24,15000,1,0.8,"B",0.808347208967802,1.4393063253955
2023,0,0.228,12500,0,0.02,"AA",9.78078122681609e-06,-11.5350814162362
2023,1,0.348,6000,0,0,"Missing",0.952358504506458,2.9952374087202
2023,0,0.24,5000,0,0,"B",8.85668771950208e-05,-9.33166404600914
2023,0,0.18,25000,0,0.9,"B",0.00268824268942962,-5.9161757116481
2023,0,0.12,3900,0,0.53,"A",2.19236848070349e-06,-13.0305259081245
2023,0,0.288,5000,0,0.7,"B",0.0023870431247539,-6.03530996862684
2023,0,0.24,5000,0,0.96,"C",1.31201655581593e-06,-13.5439439367424
2023,0,0.216,10000,0,0.96,"C",0.00784765812177835,-4.83966150708624
2023,1,0.336,2500,1,1.04,"Missing",0.578929656030365,0.318381070478061
2023,1,0.348,1800,0,0.98,"Missing",0.285267459127887,-0.918481210725359
2023,0,0.108,1000,0,0.6,"A",5.55393973398955e-05,-9.79836238612492
2023,1,0.348,2550,0,1.16,"Missing",0.993565969151952,5.03969923720239
2023,0,0.18,11000,0,0.42,"A",0.00706061526608646,-4.94613742373911
2023,1,0.288,1550,0,1.09,"Missing",0.999873813715341,8.97762509892195
2023,1,0.228,9000,1,0.98,"C",0.626437287710195,0.516962775031892
2023,1,0.348,5000,0,0,"Missing",0.999528082771092,7.65823492162163
2023,0,0.264,2500,1,0.74,"D",0.76909191010195,1.20319072923442
2023,0,0.204,1500,0,0,"Missing",0.0696619391325191,-2.59189392475169
2023,1,0.288,10000,0,0.54,"A",0.104389717212054,-2.14937418964991
2023,0,0.288,9500,0,0.86,"D",0.0588374386159379,-2.77233751508163
2023,1,0.348,5000,0,1,"Missing",0.999846901539443,8.7842762003152
2023,0,0.204,1700,0,0.8,"Missing",0.244208038541747,-1.1297456760572
2023,0,0.12,5000,0,0.43,"A",4.36964595962153e-05,-10.0381997778353
2023,1,0.348,5500,0,1.13,"Missing",0.994135657257432,5.13298326198621
2023,0,0.228,12500,0,0.02,"AA",3.27561073230868e-05,-10.3263883734773
2023,0,0.18,2000,0,0.02,"B",4.88650491142041e-05,-9.92639929283108
2023,0,0.288,3000,0,0,"Missing",0.0161047893300333,-4.11240269649094
2023,0,0.24,4100,1,0.8,"D",0.57382961548949,0.297493285183451
2023,1,0.348,9000,1,0.95,"D",0.999962752722264,10.197894448747
2023,1,0.3,1500,1,0.97,"Missing",0.992151680059347,4.83957651029224
2023,1,0.348,3000,0,0.85,"Missing",0.742390346418884,1.05842970957013
2023,0,0.24,15000,0,0.65,"B",4.21634760497258e-05,-10.0739140437677
2023,1,0.348,25000,1,0.96,"Missing",0.999262575795741,7.21160955268247
2023,0,0.348,2000,1,0,"Missing",0.000584464380630456,-7.44423008355911
2023,0,0.312,2000,1,0,"Missing",0.667516835663892,0.696975386686341
2023,0,0.168,18500,0,0.45,"A",4.36214015674213e-05,-10.0399190440513
2023,0,0.18,20000,1,0.79,"B",9.74272829438438e-06,-11.5389796243984
2023,0,0.216,20000,1,0.43,"B",0.0002709269142628,-8.21339049890278
2023,0,0.276,8500,0,1,"D",0.0434024224312459,-3.09286754297159
2023,0,0.276,8800,1,0.61,"C",0.124759597369444,-1.94810992999173
2023,1,0.3,9000,0,0.86,"Missing",0.905953662115297,2.26520054213965
2023,1,0.348,5000,0,0,"Missing",0.825913466159284,1.55693750899885
2023,1,0.18,2000,1,0,"Missing",0.999811441602594,8.57591422231584
2023,0,0.168,25000,0,0.58,"AA",0.185955831722606,-1.47650544365628
2023,0,0.156,8500,0,0.21,"AA",0.022344894116295,-3.77855911157951
2023,0,0.24,5000,0,0.72,"Missing",0.0539091949874606,-2.86503749600571
2023,1,0.24,4000,0,0,"D",0.93962644915629,2.74493129267132
2023,0,0.348,20000,0,1.05,"C",0.00833291845888832,-4.77917369764494
2023,0,0.252,1000,0,0.42,"D",0.00588337374625451,-5.12972416626971
2023,1,0.348,7400,0,0,"Missing",0.434137077683888,-0.264991530721515
2023,0,0.252,6000,0,0.76,"D",3.83688835418535e-05,-10.1682253816722
2023,1,0.324,10000,0,0.45,"Missing",0.338339787258706,-0.670701472094891
2023,1,0.216,5500,0,1.02,"C",0.154160199110017,-1.70233766533953
2023,0,0.108,5000,0,0.08,"A",1.89600442554634e-05,-10.8731577667672
2023,0,0.192,24000,1,0.35,"A",0.000642144215870279,-7.35005529371031
2023,0,0.3,15000,1,1.04,"D",0.243556698247999,-1.13327781987363
2023,0,0.204,9000,0,0.9,"C",0.000259074076069842,-8.258137421524
2023,0,0.18,3500,0,0.3,"C",0.00010964290480065,-9.11817214397839
2023,0,0.276,5000,0,0.37,"D",0.00121067118595335,-6.71536896938683
2023,0,0.312,2500,0,0.65,"Missing",0.00072134158168266,-7.23367616999263
2023,1,0.348,10000,0,0.04,"B",0.991862330911975,4.80308053214635
2023,0,0.348,3000,1,0.95,"Missing",0.0841981989080843,-2.38662643652885
2023,0,0.336,8423,0,0.92,"Missing",0.647908909985364,0.609860194889606
2023,1,0.348,2550,1,0.76,"Missing",0.924996092494245,2.51224930091708
2023,0,0.12,3500,1,0.21,"AA",0.139465685810697,-1.81973490074054
2023,1,0.348,2600,0,0.98,"Missing",0.647079725085842,0.606227328284184
2023,0,0.288,3000,0,0,"Missing",0.146023363929372,-1.76613719936431
2023,0,0.204,5500,0,0.91,"C",0.000349429990120524,-7.9588578396915
2023,0,0.204,1000,0,0.67,"D",0.0195459399858468,-3.91524819940101
2023,0,0.276,15000,0,0.77,"C",0.00130056533334435,-6.64365482543819
2023,0,0.192,10000,1,0.83,"C",0.133723015024755,-1.86843409290928
2023,0,0.216,20000,0,0.53,"A",0.000595307476687448,-7.42583703361254
2023,1,0.216,2550,1,0.99,"Missing",0.976429897114109,3.72392387573097
2023,1,0.312,2600,0,0.36,"Missing",0.985214640655292,4.19922206903797
2023,1,0.24,1500,0,0,"D",0.682258126856072,0.764168737878044
2023,0,0.276,4900,0,1,"D",0.000703847699818251,-7.25824446517867
2023,0,0.24,24900,0,0.87,"C",0.0461040398434093,-3.02965403072037
2023,0,0.18,2500,0,0.56,"C",0.044285994921014,-3.07179022509767
2023,1,0.348,1000,1,1,"Missing",0.977084076688103,3.75274069426228
2023,0,0.348,6500,0,0.89,"Missing",0.0414217196490228,-3.14164585632707
2023,0,0.192,25000,0,0,"AA",0.959721999397665,3.17083822942447
2023,0,0.216,2750,1,0,"D",0.554234787862914,0.217796018552959
2023,0,0.168,14500,0,0.48,"A",0.00227576457131071,-6.08316084967944
2023,0,0.228,6001,0,0.05,"D",0.00076758685334485,-7.17149103933928
2023,0,0.108,6001,0,0.22,"AA",0.0290664095161803,-3.50867487775455
2023,0,0.204,12000,0,0.91,"D",0.00156161813331079,-6.46046989163563
2023,0,0.24,2400,1,0,"D",0.0072280242863855,-4.92253527320083
2023,0,0.168,2690,1,0.69,"C",0.274461316351949,-0.97210406390407
2023,0,0.24,3000,0,0,"D",0.149879283218128,-1.73554816760155
2023,0,0.156,25000,0,0.1,"AA",2.76022854037333e-07,-15.1027818941514
2023,1,0.348,4500,1,1.52,"Missing",0.999962594271227,10.1936492831026
2023,1,0.132,6000,0,0.4,"AA",0.891900953105592,2.11030717957712
2023,0,0.084,1000,0,0.34,"AA",0.00325173794320994,-5.72530863748022
2023,0,0.156,2550,0,0.53,"B",2.48156858657945e-06,-12.9066172215676
2023,0,0.132,5000,0,0.18,"A",4.47094384147797e-08,-16.9230811626877
2023,0,0.132,1500,0,0,"AA",0.0326726441371863,-3.38799880837396
2023,0,0.3,4500,0,0.87,"D",3.60709834752046e-07,-14.8351916229598
2023,1,0.324,1000,1,0,"Missing",0.999478895114281,7.55903797960535
2023,0,0.18,6000,0,0.39,"B",0.000443223997927853,-7.72099195479725
2023,0,0.24,2600,0,0,"Missing",0.00637144426680303,-5.04953727706605
2023,0,0.24,6000,0,1,"C",1.49440082871915e-09,-20.32154049241
2023,0,0.312,5000,0,0,"Missing",9.56438791766433e-05,-9.2547832075526
2023,0,0.24,9000,0,0,"C",0.08079293504467,-2.43162188834955
2023,0,0.204,6550,0,0.77,"C",7.29809779014731e-06,-11.8278895223337
2023,0,0.18,9000,0,0.49,"B",0.0222450261033649,-3.78314066300099
2023,0,0.18,14000,1,0.25,"A",0.00567953989544401,-5.16518932404123
2023,0,0.18,5000,0,0.27,"B",3.94695795817046e-05,-10.1399408495787
2023,1,0.24,9000,0,0.94,"D",0.928996044530587,2.57136889470728
2023,0,0.156,13000,0,0.81,"B",0.00116815675290437,-6.75115935774739
2023,0,0.24,2700,1,0.8,"D",0.0130402841295467,-4.32658587854283
2023,1,0.348,20000,1,0.99,"Missing",0.989117524894123,4.50965944970484
2023,0,0.348,23800,0,0.5,"C",0.00866806410955522,-4.73940394892579
2023,0,0.348,3000,1,1.01,"Missing",0.0516665998410612,-2.9098945935072
2023,0,0.288,5000,0,0.7,"B",0.0319065844888365,-3.41251618744816
2023,0,0.18,2000,0,0.54,"C",0.015663994404286,-4.14060257931223
2023,0,0.12,1000,0,0.53,"A",0.00311511687556289,-5.76836862824963
2023,0,0.096,2000,0,0.05,"AA",0.000148623578884312,-8.81394513012858
2023,0,0.324,2000,1,0,"Missing",0.430787505811716,-0.278638873843396
2023,0,0.156,9999,0,0.61,"B",9.96218364915601e-06,-11.5167043062814
2023,1,0.348,3600,0,0.3,"Missing",0.205007325303467,-1.35528718870604
2023,0,0.336,6000,0,0.68,"D",0.444800265101341,-0.221702592767064
2023,0,0.348,9740,0,0.56,"D",0.00409936396128622,-5.49281565931206
2023,0,0.204,9500,0,0.37,"C",7.54256527776893e-07,-14.0975325500284
2023,0,0.204,10000,0,0.84,"C",0.000517917009895703,-7.56517748992152
2023,0,0.288,1800,0,1.18,"Missing",0.00439805723215852,-5.42218461657358
2023,0,0.252,3500,0,1.03,"D",1.31997717411528e-05,-11.2352978209995
2023,0,0.168,1500,0,0.04,"AA",0.0772013051668682,-2.48099474874912
2023,0,0.18,9000,0,0.97,"C",0.00328452692596393,-5.71524271495212
2023,0,0.168,2400,1,0.22,"B",0.000516868049944583,-7.56720593690271
2023,0,0.144,6250,0,0.21,"AA",0.00512470454629589,-5.26854452424224
2023,0,0.264,15000,0,0,"C",0.000411783476702431,-7.79460102046193
2023,1,0.348,2550,0,1.16,"Missing",0.994646348351479,5.22460836598512
2023,1,0.336,5000,0,0.56,"Missing",0.541628154314794,0.166898958989455
2023,0,0.276,5000,0,0.37,"D",0.000115605866452305,-9.06520824260699
2023,0,0.18,3000,0,0.46,"B",3.42076321794782e-05,-10.283027567433
2023,1,0.288,2550,0,0,"Missing",0.848293447042334,1.72127853973026
2023,1,0.24,7500,1,0.52,"D",0.530586511372204,0.122499001022148
2023,0,0.216,2700,1,0.74,"C",2.49552840598498e-06,-12.9010075696868
2023,0,0.108,9000,0,0.99,"Missing",0.0192694504713459,-3.92977678794604
2023,0,0.18,3000,0,0,"C",0.000116878972833388,-9.0542546929721
2023,0,0.288,1000,0,0.81,"Missing",0.0249338079071075,-3.66628072818081
2023,0,0.216,7500,0,0.58,"C",0.000168130172586978,-8.6906038974568
2023,0,0.312,2500,1,0.91,"Missing",0.0461288326393618,-3.02909042627259
2023,0,0.144,9000,0,0.05,"AA",5.83332219915671e-05,-9.74928044650324
2023,0,0.276,8000,0,0,"D",0.0419026389031413,-3.12960059641759
2023,1,0.168,5000,1,0.39,"B",0.758513165500973,1.14454519984873
2023,0,0.18,9500,0,0.36,"A",1.25495535166749e-06,-13.5884093074178
2023,0,0.3,2550,1,0.67,"Missing",0.429622678168315,-0.283390779116351
2023,0,0.288,1500,0,0.99,"Missing",0.00594869371505071,-5.11861716954001
2023,1,0.348,5000,0,0.78,"Missing",0.557806081142185,0.232262860834586
2023,0,0.18,5000,0,0.7,"C",0.00419584692943793,-5.46945539503267
2023,0,0.348,3000,0,1.51,"Missing",2.19364389336297e-06,-13.0299443249535
2023,0,0.276,5000,0,0,"D",0.0973115837440015,-2.22745940594656
2023,0,0.24,5200,1,0.77,"D",0.0635654971154251,-2.69000875629228
2023,0,0.228,6001,0,0.52,"C",4.87051096208986e-07,-14.5348963119694
2023,0,0.288,1550,0,1.09,"Missing",0.00659701189273773,-5.01451960764002
2023,1,0.3,3000,0,0,"Missing",0.897532856711846,2.17010753493805
2023,0,0.12,1000,0,0.24,"AA",0.0292665914862911,-3.50160523389157
2023,1,0.336,5000,0,0.96,"Missing",0.946088462022712,2.86499155866664
2023,0,0.348,3001,1,0,"Missing",0.000562233838329502,-7.483030320221
2023,0,0.132,9000,1,0.85,"A",0.000731808196561306,-7.21926002879462
2023,1,0.336,8423,0,0.92,"Missing",0.999976203942795,10.6459668583153
2023,1,0.3,3001,1,0.89,"D",0.802165378331248,1.39988335641764
2023,0,0.288,2000,0,0,"Missing",0.339521978757512,-0.665425163958443
2023,0,0.18,10500,0,0.84,"C",1.71855909035002e-05,-10.9714220776736
2023,1,0.288,1500,0,0.96,"Missing",0.612054474394531,0.455956357157197
2023,1,0.336,1250,0,0,"Missing",0.715734356440997,0.923399921937265
2023,0,0.144,5000,0,0.1,"AA",2.76092187367507e-05,-10.4973332192098
2023,0,0.192,3300,0,0.3,"C",0.0832942406575706,-2.39840714062107
2023,0,0.144,25000,0,0.17,"AA",8.9771483477571e-06,-11.6208193048221
2023,0,0.24,5500,1,0.47,"D",0.319664205329823,-0.755315405487213
2023,0,0.216,3100,0,0.98,"C",7.74983356304584e-09,-18.6755944617979
2023,1,0.24,1500,0,0.53,"D",0.684596051288531,0.774974764024529
2023,0,0.18,6000,0,0.39,"B",0.00869568067941255,-4.73619514151188
2023,1,0.348,4500,1,1.52,"Missing",0.999993590878274,11.9577819035772
2023,0,0.288,1500,0,0.99,"Missing",0.104711740895896,-2.14593449358924
2023,0,0.108,8000,0,0,"AA",1.63130502958038e-05,-11.0235288256583
2023,1,0.348,7500,1,0.09,"D",0.176934069002559,-1.53725913636569
2023,0,0.24,19900,0,0.98,"A",0.00736958106095212,-4.90299754764837
2023,0,0.192,20000,1,0.32,"A",0.134812731568201,-1.85905933694342
2023,1,0.348,3000,0,0,"Missing",0.240178093595453,-1.15170336733992
2023,0,0.348,6000,1,0.77,"Missing",0.211899199479862,-1.31351531367195
2023,1,0.348,6000,1,0.72,"Missing",0.999937318566909,9.67738259372541
2023,0,0.168,6001,0,0.54,"A",0.048597981515049,-2.97435470815859
2023,0,0.228,18000,0,0.76,"C",0.0174622043122281,-4.03010002018572
2023,0,0.348,6700,0,0.39,"Missing",0.0938720575385566,-2.26724774778741
2023,0,0.204,10000,0,0.76,"C",0.00106328836911805,-6.84532508378223
2023,0,0.3,25000,0,0.18,"A",0.0056255654142167,-5.17479236935738
2023,0,0.132,6001,0,0.01,"A",9.61159048368603e-08,-16.1577109355633
2023,0,0.084,1850,1,0.31,"AA",5.88387207825638e-07,-14.3458800006771
2023,0,0.204,2800,0,0,"C",0.0647553661187188,-2.6701915640154
2023,1,0.348,2550,0,1,"Missing",0.736535660315055,1.0280396277934
2023,0,0.228,7500,0,0.98,"D",3.57632480947493e-07,-14.8437596097493
2023,1,0.24,2018,0,0,"Missing",0.999149370608106,7.06868303005152
2023,1,0.144,1000,1,0.45,"D",0.941026356614496,2.76988052653175
2023,1,0.276,15000,0,0.77,"C",0.740293566384548,1.04749492723836
2023,1,0.348,10000,0,0,"Missing",0.999017985417245,6.92492190258934
2023,0,0.252,10000,0,0.72,"A",0.00409175360337245,-5.49468149920253
2023,0,0.144,2500,0,0,"B",0.000141718885876332,-8.86152341051172
2023,0,0.204,7500,0,0.2,"C",0.00465143630972279,-5.3659169353633
2023,1,0.204,10000,0,0.76,"C",0.987908377044602,4.40307706255846
2023,0,0.228,1500,0,0.86,"D",2.85493919357247e-07,-15.0690448208065
2023,1,0.3,5000,0,0.52,"C",0.737540134638914,1.03322233010296
2023,0,0.084,3000,1,0.01,"AA",4.1896068964915e-06,-12.382899458269
2023,0,0.324,3001,1,1.02,"Missing",0.115373905817113,-2.03698685421475
2023,0,0.12,2000,0,0,"AA",4.14409541531957e-06,-12.3938218842358
2023,0,0.18,3800,0,0.2,"B",2.22933493964578e-06,-13.0138050209779
2023,0,0.216,4100,0,0.5,"C",0.000117917484381507,-9.04540753857763
2023,0,0.156,19000,0,0.08,"AA",3.98555546006893e-05,-10.1302089183716
2023,0,0.096,1668,0,0.05,"AA",4.79440195629603e-06,-12.2480567853514
2023,0,0.348,12000,1,0,"Missing",0.0648253672992975,-2.66903628736897
2023,0,0.216,14000,0,0.91,"C",0.0115022850440868,-4.45364061586331
2023,1,0.348,25000,1,0.97,"D",0.994758916852654,5.24597222869938
2023,1,0.348,3000,1,0.59,"D",0.339078644361317,-0.667402785178004
2023,1,0.348,5900,0,0.88,"Missing",0.389490666521727,-0.449453679379906
2023,0,0.18,4000,0,0.64,"B",2.51993124208714e-05,-10.5886686490753
2023,0,0.204,2000,0,0,"D",0.110026085539192,-2.0904746737578
2023,1,0.348,3000,1,0.74,"Missing",0.99405861334676,5.11985362263045
2023,0,0.204,4500,0,0.89,"D",0.0014138080886333,-6.56005363458498
2023,0,0.24,6000,0,0.02,"C",0.00335616708783797,-5.69359389217263
2023,1,0.348,5500,0,0.99,"Missing",0.99986342471474,8.89849797040325
2023,0,0.348,3000,1,0.82,"Missing",0.694043719040619,0.819092735195073
2023,0,0.348,16000,1,0,"D",0.0886593125084248,-2.33011572321267
2023,1,0.276,7200,0,1.12,"Missing",0.660396122648813,0.665059969034188
2023,1,0.348,2600,0,0.98,"Missing",0.710968289036046,0.900091419684926
2023,0,0.132,12000,0,0.41,"A",0.58134269083213,0.3282877048896
2023,0,0.276,8500,0,1,"D",0.0129814221334993,-4.3311695930981
2023,0,0.108,5000,0,0.01,"AA",6.09891398437601e-07,-14.3099843210858
2023,1,0.348,2500,0,1.09,"Missing",0.974547892457866,3.64517511275884
2023,0,0.096,3000,0,0,"AA",0.00238739629881579,-6.03516167093041
2023,1,0.288,3000,0,1.62,"Missing",0.614530865899095,0.466398034420566
2023,0,0.276,6001,0,0.61,"D",4.21945198814174e-05,-10.0731780105748
2023,0,0.228,3900,1,0,"C",0.0242678772852806,-3.69403453088934
2023,0,0.096,2000,0,0.05,"AA",1.11205844637539e-07,-16.0118827856152
2023,0,0.24,2000,0,0,"Missing",0.046680828960027,-3.01661619386696
2023,0,0.168,2000,0,0.98,"B",6.48279682866613e-06,-11.9463520485367
2023,0,0.288,3500,0,0.94,"Missing",0.0131420303704024,-4.31871060857902
2023,1,0.288,4100,1,0.91,"Missing",0.673028236205056,0.721913466574772
2023,1,0.348,2000,0,0.77,"Missing",0.978511076244273,3.81849447815451
2023,0,0.24,2018,0,0,"Missing",0.0343167707136304,-3.33720168367458
2023,0,0.216,5600,0,0.33,"C",1.96906619149747e-07,-15.4405360381504
2023,0,0.18,1500,1,0.2,"C",0.0515782361717588,-2.9116994979736
2023,0,0.276,10000,0,1.02,"D",0.0997801769522895,-2.19966944547571
2023,0,0.132,3000,1,0,"C",0.00120037656922422,-6.72391886613043
2023,0,0.084,3000,0,0.06,"AA",1.07734075000657e-05,-11.4384189552494
2023,0,0.348,18000,0,0.91,"C",0.00141031824707622,-6.56252857923194
2023,0,0.3,9000,0,0.42,"C",0.000402105264548595,-7.81839446538105
2023,0,0.276,5000,0,0,"D",0.199606785564299,-1.38875376584449
2023,1,0.204,6001,0,0.56,"B",0.691218585659089,0.80582247648324
2023,0,0.24,5500,0,0.8,"D",0.000491208570322405,-7.61815040430601
2023,0,0.24,5000,1,0,"C",0.449156488756846,-0.20407940586289
2023,1,0.132,2593,0,1.01,"Missing",0.932984255439932,2.63346074028842
2023,0,0.192,15000,0,0.59,"A",0.0113471732056529,-4.4673745792726
2023,0,0.228,16000,0,0.99,"C",3.35747761191767e-07,-14.9069053338986
2023,0,0.192,11204,0,0.73,"B",0.0581341502817753,-2.78510957864929
2023,0,0.216,1600,0,0.94,"D",0.530962813155514,0.124009932117293
2023,1,0.192,8000,0,0.9,"B",0.475880052693683,-0.0965547328616898
2023,0,0.18,5000,0,0.92,"B",0.00541706497129993,-5.21276933794371
2023,0,0.204,3800,0,0.7,"C",0.929449700304214,2.57826676462778
2023,0,0.156,10200,0,0.95,"A",1.26245027920434e-05,-11.2798583418043
2023,0,0.276,8500,1,1.13,"Missing",0.253649308595884,-1.07924294726988
2023,1,0.348,10000,0,0.47,"Missing",0.999797176228238,8.50297023101474
2023,0,0.288,8000,1,0.93,"Missing",0.00668532615140166,-5.00113250803319
2023,0,0.18,7000,1,0,"B",1.97352826157194e-06,-13.1356856478828
2023,1,0.18,1600,0,0.82,"C",0.976491269878668,3.72659396337249
2023,0,0.24,2000,1,0,"D",0.0125271032959312,-4.3672544893315
2023,1,0.348,2500,0,0.83,"D",0.40077163113641,-0.402251008979886
2023,0,0.18,25000,1,0.37,"AA",0.00117197227541483,-6.74789458432454
2023,0,0.084,1000,0,0.07,"AA",0.0902061068790339,-2.31112095424658
2023,0,0.108,3001,0,0.21,"AA",3.16993940387211e-06,-12.6617949158111
2023,1,0.216,3000,1,0.95,"D",0.783914642582891,1.28862663731551
2023,1,0.24,3200,1,0,"D",0.880184143479535,1.99417510434529
2023,0,0.3,2500,0,0.66,"D",0.000119384586957558,-9.03304106108205
2023,0,0.132,1500,0,0.07,"B",2.75063665589094e-07,-15.1062629797777
2023,0,0.204,1000,0,0.35,"D",0.575479884258224,0.304244882511562
2023,0,0.192,10999,0,0.97,"B",0.00730752608312206,-4.91151613477923
2023,0,0.3,7900,0,0.68,"C",0.000951175532778925,-6.95686030720925
2023,0,0.216,2800,0,0.38,"C",0.0150681602018565,-4.17998851890433
2023,0,0.24,7500,1,0.52,"D",0.0704368563433835,-2.57999808400609
2023,0,0.252,7500,1,1.02,"C",0.331683363036459,-0.700581280624192
2023,0,0.264,25000,0,0.63,"AA",6.14267196527764e-07,-14.3028352156944
2023,0,0.312,7225,0,1.01,"Missing",0.177625149373739,-1.53252088640225
2023,0,0.12,1000,0,0.56,"A",8.94701437896685e-09,-18.5319459403081
2023,0,0.228,10000,0,0.64,"C",0.000996257687650356,-6.91050785701987
2023,0,0.168,22000,0,0.71,"A",0.153659115516565,-1.70618560187495
2023,0,0.348,4000,0,1.12,"Missing",7.78859696292995e-05,-9.4601868397604
2023,0,0.132,8000,0,0.32,"A",0.000956184077055761,-6.95160347271392
2023,1,0.264,6001,0,0.25,"Missing",0.999985874814754,11.1675370409806
2023,0,0.348,5000,0,0.51,"Missing",7.37038263745185e-06,-11.8180335644578
2023,1,0.216,6000,0,0.58,"C",0.995945289883267,5.5038131290866
2023,1,0.204,3500,0,0.98,"Missing",0.264601194871883,-1.02218917663665
2023,1,0.348,2550,0,1,"Missing",0.993133812906933,4.97425646729369
2023,0,0.156,18000,0,0.53,"AA",1.71125212177741e-05,-10.9756830147837
2023,1,0.348,2500,1,1.84,"Missing",0.975118474458718,3.66843339392203
2023,0,0.144,6000,0,0.6,"A",0.021734314901514,-3.80688895137165
2023,0,0.18,7500,0,0.72,"B",0.376595738350891,-0.504022903405466
2023,0,0.18,11000,0,0.65,"B",0.0053362617750673,-5.2278793628014
2023,0,0.156,20000,0,0.46,"A",0.00177216635085412,-6.33377881525297
2023,0,0.324,12000,1,0,"D",1.38885561810426e-05,-11.1844314645974
2023,0,0.192,20000,0,0.29,"AA",0.0136472142843836,-4.28047866637943
2023,0,0.348,18000,0,0.93,"D",0.00164714085655825,-6.4070658094514
2023,1,0.324,2000,1,0,"Missing",0.999985773952827,11.1604217395239
2023,0,0.348,4000,0,2.68,"Missing",0.847436153259646,1.71463232544921
2023,1,0.288,10000,0,0.89,"D",0.830651327419168,1.59025038396495
2023,0,0.216,4800,0,0.89,"C",2.60892330392372e-08,-17.4617431088736
2023,0,0.336,7500,1,0,"C",9.07303538385729e-07,-13.9127878735674
2023,0,0.228,12500,0,0.88,"C",0.0266493849773894,-3.59797828902276
2023,0,0.348,2000,1,0.98,"Missing",0.52446602021475,0.0979423000371979
2023,1,0.312,7000,0,0.92,"C",0.962265631701587,3.23871923185229
2023,0,0.108,7000,0,0.17,"AA",0.000919885600687231,-6.99034093377693
2023,1,0.288,6001,0,0.74,"D",0.107604739873292,-2.11544445354226
2023,0,0.336,8423,0,0.92,"Missing",0.398300901786453,-0.412549729220623
2023,0,0.288,4000,0,0.63,"D",0.335520135591399,-0.683322604549341
2023,0,0.24,9900,0,0.96,"D",0.000384975054595983,-7.86194696985633
2023,1,0.264,2000,0,0,"Missing",0.988220691657553,4.42956158299045
2023,0,0.144,3000,0,0.98,"B",0.368703382969828,-0.537783346025958
2023,1,0.18,9999,0,0.57,"B",0.148312278760061,-1.74789989279642
2023,0,0.288,10000,1,0,"C",0.00604137188612971,-5.10306446455354
2023,1,0.228,7500,0,0.8,"D",0.986842947855319,4.31755300641736
2023,0,0.192,6500,0,0.67,"C",0.000270235381016427,-8.21594692530322
2023,1,0.24,5000,0,0.87,"Missing",0.550134177855446,0.201212842920501
2023,0,0.12,3000,0,0,"A",0.00149784707955079,-6.50222751220094
2023,0,0.348,2500,1,0.89,"Missing",0.00243097273155913,-6.0170298683324
2023,0,0.204,3500,0,0.76,"Missing",0.00122738438991335,-6.70164174785807
2023,0,0.3,1000,1,0.95,"D",0.0429287219076458,-3.10433675919468
2023,0,0.24,12000,0,0.95,"C",0.00119884983067949,-6.72519308722628
2023,0,0.24,5128,0,0,"Missing",0.0559011174216137,-2.82664653953935
2023,0,0.144,10000,0,0.85,"A",0.00113991395710684,-6.77566193149309
2023,1,0.348,3500,0,1.01,"Missing",0.988763265056147,4.4772666181337
2023,0,0.3,3000,0,0.71,"D",0.0149437901611763,-4.18840286565939
2023,0,0.144,25000,0,0.01,"AA",0.00429837112915812,-5.44521149953651
2023,0,0.192,2000,0,0.89,"C",0.0976377172513043,-2.22375221725637
2023,0,0.24,5000,0,0.81,"C",0.000178687201301291,-8.62969505634159
2023,1,0.348,15000,0,0.98,"Missing",0.950677153298625,2.95878712798783
2023,0,0.288,3000,0,0.85,"Missing",0.932889270429436,2.63194257721682
2023,1,0.348,3600,0,0.92,"Missing",0.980043945048993,3.89406480894267
2023,0,0.084,1000,0,0.07,"AA",3.1267019376005e-07,-14.9781165833192
2023,0,0.12,10000,0,0.12,"A",1.67653018362211e-06,-13.2987825907206
2023,0,0.252,10000,0,0.84,"D",0.00525867886995107,-5.24260289480072
2023,0,0.348,3000,1,1.01,"Missing",0.866481756768591,1.87020293307993
2023,0,0.204,1100,0,0.29,"D",9.14796939826798e-09,-18.5097338968263
2023,0,0.3,15000,1,0.82,"D",0.0651800388424358,-2.663200686501
2023,1,0.348,2550,1,0,"Missing",0.987380926090282,4.35984643665817
2023,1,0.24,5000,0,0,"D",0.99277974419522,4.92361844867593
2023,0,0.24,6000,0,1,"C",0.127460349989409,-1.92360276142344
2023,0,0.18,2000,0,0,"B",4.08428570529315e-06,-12.4083596185931
2023,0,0.348,3000,1,0.53,"D",0.00129845682733117,-6.64527947496982
2023,0,0.132,12000,0,0.47,"A",0.000477470231586831,-7.64653115795658
2023,0,0.348,25000,0,0.6,"D",1.13305766022908e-06,-13.6905895525142
2023,0,0.288,1000,0,0,"D",2.48160990439555e-07,-15.2091878982322
2023,0,0.12,1000,0,0.2,"A",1.20485685708778e-09,-20.5369050666536
2023,0,0.324,4700,0,0,"D",6.77007944350416e-06,-11.9029909663679
2023,0,0.132,10000,0,0.17,"AA",0.000432940217166222,-7.74447787212172
2023,0,0.204,5000,0,0.61,"C",0.00137754182037328,-6.58607616627706
2023,0,0.276,10000,0,0.69,"A",5.05302032154722e-06,-12.1955193569499
2023,0,0.348,23800,0,0.5,"C",0.00227584016725967,-6.08312755663789
2023,0,0.12,1000,0,0.65,"A",0.00173562149255513,-6.35465259133074
2023,1,0.336,6215,1,0.91,"Missing",0.998634617933565,6.59495467231045
2023,0,0.108,5400,0,0.18,"AA",2.09709125792415e-07,-15.3775441719529
2023,0,0.132,1527,0,0.03,"AA",0.000335517869591807,-7.99949976623391
2023,0,0.336,5000,0,0.96,"Missing",0.599609345732105,0.403837646538834
2023,0,0.18,1250,0,0.74,"C",0.00812173164315294,-4.80505699842145
2023,0,0.12,9000,0,0.22,"AA",0.000249181902959252,-8.2970781812828
2023,0,0.288,3000,0,0.97,"Missing",0.375363758850459,-0.509273886736912
2023,0,0.168,6000,0,0.03,"AA",0.789130569203153,1.31969266355999
2023,0,0.132,2700,1,0.12,"AA",3.26841514565273e-07,-14.9337901216336
2023,1,0.204,2000,0,0.79,"D",0.23469753785735,-1.18197351882923
2023,0,0.216,15000,0,0.29,"C",8.89480908805078e-06,-11.6300338050667
2023,0,0.156,21000,0,0.24,"A",9.8951851729014e-07,-13.826046368775
2023,0,0.18,3000,0,0.96,"C",0.000156253053424248,-8.76387746236131
2023,0,0.348,6000,0,0,"Missing",0.192375482841335,-1.4346481419724
2023,1,0.348,5000,0,0.89,"Missing",0.999979468243765,10.7935172538025
2023,0,0.144,6250,0,0.21,"AA",0.000888050326623087,-7.025593697576
2023,0,0.204,18000,0,0.22,"B",0.000411253762684208,-7.79588876819175
2023,0,0.18,5000,0,0.17,"B",0.00403186545605587,-5.50948610246448
2023,0,0.072,9600,1,0.16,"C",5.39878467016271e-06,-12.1293312920058
2023,0,0.132,1550,0,0.95,"D",4.75264709157764e-09,-19.164564086934
2023,1,0.264,1500,1,1,"Missing",0.461790609524128,-0.153136123865014
2023,0,0.204,11000,0,0,"C",0.000137542633192224,-8.89143907724332
2023,0,0.18,2500,0,0.56,"C",0.00884266370691261,-4.71928513133595
2023,1,0.18,4000,0,0.72,"C",0.961021718626068,3.20499240557991
2023,0,0.276,10000,0,0.88,"C",0.000240000608906211,-8.33462906810263
2023,0,0.132,6001,0,0.01,"A",0.00159822196828975,-6.437264036986
2023,1,0.348,3000,1,0,"Missing",0.999769311630815,8.37421209439549
2023,1,0.348,6000,1,0.79,"Missing",0.555364655218638,0.222370438118388
2023,0,0.264,3200,0,0,"D",0.142061858460835,-1.79826941507196
2023,0,0.18,3000,1,0.99,"C",0.010147277481009,-4.58035072589359
2023,0,0.144,5250,1,0.39,"B",0.00578223045699017,-5.1471667662486
2023,0,0.18,1250,0,0.74,"C",8.87825804440981e-06,-11.6318963080759
2023,0,0.336,5000,0,0.81,"D",0.0019829247310375,-6.22119749395251
2023,0,0.156,10000,0,0.15,"A",1.00216203753157e-05,-11.5107557396079
2023,0,0.3,7000,0,1.02,"C",0.000259599717069958,-8.25611002958521
2023,0,0.264,5400,0,0.63,"D",0.45320188318591,-0.187741976377657
2023,1,0.18,25000,0,0.01,"A",0.440683957767912,-0.238386714633781
2023,0,0.228,12500,0,0.02,"AA",2.06073927884284e-05,-10.7898400657185
2023,0,0.156,12500,0,0,"AA",3.88755607204084e-05,-10.1551058875764
2023,0,0.3,8000,1,0.85,"D",0.000690353111971057,-7.27761674328046
2023,0,0.348,3500,0,1.24,"Missing",0.142695396717976,-1.79308101967758
2023,1,0.276,7000,0,0.98,"C",0.943031068413787,2.80659316910242
2023,1,0.096,1000,0,0.33,"A",0.743766316765697,1.06563704188564
2023,0,0.156,5000,0,0.69,"A",0.000700680988257116,-7.26275692887616
2023,0,0.252,3500,0,1.03,"D",0.0321563906180776,-3.40445930768107
2023,1,0.24,6500,0,0,"C",0.931055474917144,2.60301666495693
2023,0,0.24,9500,0,0.72,"D",0.000152516286026536,-8.78808664608439
2023,0,0.348,2550,1,0,"Missing",0.789570149298395,1.32233633580641
2023,0,0.192,3300,0,0.3,"C",0.0564400930662654,-2.81648008123342
2023,0,0.348,5500,1,0.89,"Missing",0.651719091098379,0.626604263570445
2023,0,0.276,7500,0,0.89,"D",0.00186683855892938,-6.28164030573421
2023,0,0.348,1000,0,0,"Missing",0.0008338374413933,-7.08863790372313
2023,0,0.18,10000,0,0.66,"B",8.50776120448312e-07,-13.9771159704118
2023,0,0.12,14000,0,0.26,"AA",2.13492704832003e-07,-15.3596629607739
2023,0,0.324,6000,0,0.95,"Missing",0.0644737734517148,-2.6748506521531
2023,1,0.336,3200,0,0.93,"D",0.979756390647274,3.87946480356648
2023,0,0.192,5000,0,0.89,"C",0.000714249821483106,-7.24356326177016
2023,0,0.24,15000,0,0.93,"D",0.0090519720283865,-4.69567945126675
2023,0,0.132,3000,0,0.32,"AA",0.00740158304948324,-4.89863226536354
2023,0,0.24,6500,0,0,"C",0.65125007355761,0.624538583798238
2023,0,0.132,10000,0,0.43,"AA",3.20529582970748e-06,-12.6507029639895
2023,0,0.168,7750,0,0.59,"C",1.98531497805223e-05,-10.8271280309529
2023,0,0.312,5000,1,0,"Missing",0.552372338234126,0.210260569953212
2023,0,0.24,1100,0,0,"Missing",0.133825039695969,-1.86755364793486
2023,1,0.312,5000,1,0,"Missing",0.986318989563066,4.27797104929264
2023,0,0.348,25000,0,0.11,"C",0.000340499295932124,-7.98475694284493
2023,0,0.288,3000,0,1.62,"Missing",0.0380543424308192,-3.22994275792916
2023,0,0.348,25000,0,0.44,"AA",0.00619349639916685,-5.07804274969864
2023,0,0.24,24900,0,0.87,"C",0.000604955647164778,-7.40975027438555
2023,0,0.348,20000,0,0.95,"Missing",0.136571218757549,-1.84406518963733
2023,1,0.348,7500,1,0.09,"D",0.984517779922932,4.15245968405693
2023,0,0.288,10000,1,0.03,"A",1.90458216186932e-05,-10.868643772048
2023,1,0.252,5000,1,0.94,"C",0.949887577382949,2.94207470421215
2023,0,0.18,8500,0,0.22,"B",0.00116917392356394,-6.75028796983726
2023,1,0.084,2550,1,0.63,"Missing",0.933631905901857,2.64386582508885
2023,0,0.168,9000,0,0.14,"B",0.000227451762439163,-8.38834489765643
2023,0,0.156,9500,0,0.27,"A",1.25955516777431e-06,-13.5847506812277
2023,0,0.348,2000,0,0,"Missing",0.195155084244986,-1.41685506132524
2023,1,0.24,5000,0,0,"C",0.936579836084646,2.69245291396642
2023,0,0.18,4000,0,0.84,"Missing",0.522186531943641,0.0888044428012291
2023,0,0.228,6200,0,0,"C",1.1542405032825e-05,-11.3694713677363
2023,1,0.3,5000,1,1.1,"Missing",0.663253044032272,0.677824806770185
2023,0,0.156,6000,0,0.92,"C",6.63412448248758e-07,-14.2258682828785
2023,1,0.348,3000,0,0.36,"Missing",0.994413757679248,5.18184652866201
2023,0,0.264,4500,1,0.68,"D",0.0356639674927382,-3.29729895015282
2023,0,0.348,20000,1,0.87,"D",0.362891083233509,-0.562837881837607
2023,1,0.24,3500,0,1,"D",0.976145751370634,3.71164956961895
2023,1,0.348,2550,0,1,"Missing",0.632241083182992,0.541843176001083
2023,1,0.228,11500,0,0.38,"C",0.987756528607389,4.3904433914626
2023,1,0.24,2550,0,0,"AA",0.978173844346111,3.80257835794683
2023,0,0.216,13000,0,0.73,"C",0.166632852933199,-1.60968139107528
2023,1,0.204,1075,1,0.9,"Missing",0.999294466310222,7.25585025206447
2023,0,0.18,2000,0,0.87,"D",3.81761509406587e-06,-12.475880833618
2023,0,0.144,9000,0,0.12,"A",0.110776399205147,-2.08283497528142
2023,0,0.18,5500,1,0,"C",0.243034707157037,-1.13611314314603
2023,1,0.3,2550,0,0.53,"D",0.576995785718498,0.310452820863582
2023,0,0.24,2500,0,0.8,"Missing",0.972330557459788,3.55936717946334
2023,0,0.18,17500,0,0.55,"B",0.302671956957572,-0.834606381313557
2023,0,0.3,1500,1,0.97,"Missing",0.780741206748377,1.26999099703085
2023,0,0.348,25000,0,0.82,"B",0.000110735233560676,-9.10825774784385
2023,0,0.192,5000,1,0.69,"C",5.37334563053484e-05,-9.8314209931014
2023,0,0.348,4750,0,1,"Missing",0.690216972399472,0.801133859453136
2023,0,0.192,5000,0,0.94,"C",0.0062974493257442,-5.06129323459296
2023,0,0.336,2550,0,0.74,"Missing",0.0190126093374359,-3.94345719754044
2023,0,0.132,2593,0,1.01,"Missing",0.0142509987654375,-4.23657476649245
2023,0,0.12,7500,0,0.23,"AA",0.0580169442659684,-2.78725217647329
2023,1,0.348,5000,0,0,"Missing",0.991898515417354,4.80757347235233
2023,0,0.276,10000,0,1.02,"D",0.000245331503770407,-8.31265482378643
2023,0,0.24,2500,0,0,"Missing",0.331278341934306,-0.702408982652894
2023,0,0.204,1000,1,0.59,"D",0.00214649332793246,-6.14177097830516
2023,1,0.348,4500,1,1.52,"Missing",0.999996060011255,12.4443287513325
2023,1,0.324,1000,1,0.88,"Missing",0.997288768690748,5.90763747626841
2023,1,0.24,2000,1,0,"Missing",0.991779602193827,4.79288230458378
2023,1,0.348,2501,1,0,"Missing",0.998421563668657,6.44974090231607
2023,0,0.12,4000,0,0.88,"A",0.000262251479180327,-8.24594438448623
2023,0,0.216,20000,0,0.67,"B",0.00122848297938657,-6.70074598270904
2023,1,0.288,4500,0,0.72,"D",0.995203942202675,5.33515339494885
2023,1,0.348,5300,0,0.96,"Missing",0.977032176824525,3.75042534175918
2023,0,0.348,6000,0,0.92,"Missing",0.038524874030191,-3.217164583287
2023,0,0.204,3600,1,0.76,"D",3.58303438979933e-07,-14.8418852563319
2023,0,0.348,3900,0,0,"Missing",0.902528236857235,2.22563724982712
2023,1,0.276,7500,0,0.89,"D",0.239805476485755,-1.15374627246797
2023,0,0.18,6500,0,1.05,"C",1.52653841960551e-05,-11.0899074981653
2023,0,0.348,3000,0,1.15,"Missing",0.473850510547204,-0.10469347948061
2023,0,0.312,25000,0,0.69,"B",0.298213483581158,-0.855819632231885
2023,1,0.348,2550,0,0,"Missing",0.973908761610848,3.6197180612754
2023,0,0.24,3000,1,1.03,"Missing",0.465235534664759,-0.139282594739883
2023,0,0.216,6000,0,0.58,"C",0.00192380123291256,-6.25152658725713
2023,0,0.348,5300,0,0.83,"Missing",0.0016051695279314,-6.43291944390589
2023,0,0.348,3000,1,0.61,"Missing",0.076228116663172,-2.49473478194098
2023,0,0.108,1000,0,0.18,"AA",1.40202940687637e-05,-11.174990681238
2023,0,0.288,1750,1,0.91,"Missing",0.000193631849797847,-8.54935823263515
2023,0,0.192,15000,0,0.46,"AA",9.97667892284046e-05,-9.21257543152438
2023,0,0.18,6000,0,0.14,"C",0.0353975706819154,-3.3050728331234
2023,1,0.348,4000,1,0,"Missing",0.992926776403343,4.94434059129283
2023,0,0.156,10000,0,0.12,"AA",0.0137626430952851,-4.27193915324409
2023,0,0.216,25000,0,0.69,"B",4.29256647161208e-06,-12.3586214661949
2023,1,0.132,8000,0,0.62,"B",0.965687565307132,3.33733253457469
2023,0,0.348,5000,1,0.75,"D",0.000648195512018539,-7.34066978535959
2023,0,0.096,2500,1,0.24,"AA",9.8774220867524e-08,-16.130429089858
2023,0,0.168,5000,0,0.84,"C",0.0182171900456052,-3.98700445645064
2023,1,0.288,1000,1,0.9,"D",0.680174837127467,0.754575398086772
2023,0,0.276,1800,0,0,"Missing",0.744951946945988,1.07186774480138
2023,0,0.204,1000,1,0.71,"Missing",0.114587226920646,-2.04471760639791
2023,0,0.204,12000,1,0.51,"A",0.167851379408291,-1.60093211389406
2023,0,0.168,25000,0,0.23,"B",1.55576732337224e-06,-13.3735401227288
2023,0,0.228,3000,1,0.77,"D",3.91921073822964e-05,-10.1469959808529
2023,0,0.24,12000,0,0.95,"C",0.0876451207316816,-2.34273309420925
2023,0,0.276,5000,0,1,"Missing",0.284717131023478,-0.92118192073568
2023,0,0.204,5500,0,0.91,"C",0.000845324323976484,-7.07494450707653
2023,1,0.288,4500,0,1.46,"Missing",0.753570460489159,1.11774641577697
2023,1,0.144,15000,0,0.09,"A",0.175415776147199,-1.547720268491
2023,0,0.228,10300,0,0.38,"B",0.0274111337388351,-3.56901217881329
2023,0,0.204,2000,0,0.73,"C",1.87338856934026e-06,-13.1877598243582
2023,0,0.156,4950,0,0,"B",0.0114724761570869,-4.45626569725438
2023,0,0.204,5000,1,0.98,"B",0.998526154350987,6.51840527360114
2023,0,0.168,25000,0,0.23,"B",0.000420536733701956,-7.77355809998415
2023,1,0.108,6001,0,0.22,"AA",0.849250700547603,1.7287362434273
2023,0,0.18,14000,1,0.25,"A",0.00508271194936268,-5.27681463867218
2023,0,0.288,10000,0,0.54,"A",1.59404619081503e-06,-13.349233406042
2023,0,0.18,1000,1,0.55,"B",0.00344032377772004,-5.66874343529602
2023,1,0.204,1500,1,0.56,"C",0.476086591979702,-0.0957266651853192
2023,1,0.348,2600,1,0,"Missing",0.969605662826915,3.46263314181303
2023,0,0.168,6001,0,0.56,"B",1.37307485550348e-06,-13.4984565399213
2023,0,0.24,5000,0,0.97,"C",0.0180808376342072,-3.99465630236646
2023,0,0.12,7000,0,0.17,"AA",7.99801680412494e-05,-9.43365187014031
2023,0,0.24,1000,1,0.42,"C",0.000295632113505685,-8.12609906058777
2023,1,0.312,2600,0,0.36,"Missing",0.999501217388736,7.60284129886096
2023,0,0.228,9000,1,0.98,"C",3.04999179089177e-07,-15.0029564468543
2023,0,0.192,5200,0,0.86,"C",0.0740604152556103,-2.52592780677533
2023,0,0.18,3000,0,0.46,"B",0.218842704287036,-1.27242330603225
2023,0,0.168,9500,0,0.77,"A",0.00465987870446906,-5.36409509048075
2023,0,0.216,17000,0,0.23,"B",0.000539604384675218,-7.52413455785215
2023,1,0.288,3000,0,0.4,"Missing",0.999906395122879,9.27633446059054
2023,0,0.228,3001,0,0.48,"D",0.000111593728433388,-9.10053410647413
2023,0,0.144,15000,0,0,"AA",2.04403500758178e-05,-10.7979792252195
2023,1,0.336,1200,0,0.81,"Missing",0.630066326724296,0.532501366206725
2023,0,0.18,2000,0,0,"B",0.000306802144494317,-8.08900064940053
2023,0,0.144,15000,0,0,"AA",5.40033909708983e-08,-16.7342189425929
2023,0,0.144,3000,0,0.98,"B",0.00177557580236257,-6.33185335895694
2023,0,0.12,4000,0,0.88,"A",1.56924163273417e-05,-11.0623173062453
2023,0,0.204,5600,0,0.84,"C",6.79241422300226e-06,-11.8996973314809
2023,0,0.12,1000,0,0.53,"A",0.0221004375991321,-3.78980955863612
2023,0,0.3,15000,0,0.9,"D",0.000942526921449906,-6.96600310379822
2023,1,0.324,3750,0,0.88,"Missing",0.99942216055878,7.4556365047819
2023,0,0.312,3675,0,0.85,"Missing",0.132251936300052,-1.88119271149484
2023,0,0.216,5000,0,0.12,"C",0.0107806624636718,-4.5191620674946
2023,0,0.276,10000,1,0.64,"C",0.000316568546487364,-8.05765414458513
2023,0,0.204,25000,0,0.06,"AA",0.00445903015258692,-5.40835498989415
2023,0,0.264,20000,1,0.77,"B",2.22431864807082e-06,-13.0160576905077
2023,0,0.18,17500,0,0.55,"B",0.0105220741375638,-4.54370210717709
2023,0,0.192,5000,1,0.69,"C",0.00175896216682323,-6.34127081084462
2023,0,0.348,3000,0,0.91,"Missing",0.000868217456658459,-7.0481997540004
2023,1,0.132,2400,0,0.25,"B",0.492968229410486,-0.0281289369328395
2023,0,0.18,3000,0,0.46,"B",0.00177234165340263,-6.33367972461434
2023,0,0.3,15000,0,0.79,"D",0.00171362376775554,-6.36742989459441
2023,0,0.084,2550,1,0.63,"Missing",0.0324600778443534,-3.39474572701658
2023,0,0.12,3900,0,0.41,"AA",3.99974826255821e-08,-17.0344492791759
2023,0,0.144,10000,0,0.58,"A",0.0021334920189381,-6.14785942501844
2023,0,0.336,12000,0,0.83,"D",0.162136758430203,-1.6424147239997
2023,0,0.108,2000,0,0.85,"A",0.0231657626030999,-3.74164153393782
2023,1,0.324,7500,0,0.94,"Missing",0.909750946175934,2.31059776331706
2023,0,0.348,2000,0,1.26,"Missing",0.384756245442028,-0.469408533100648
2023,1,0.324,3500,1,1.09,"Missing",0.999876624458166,9.00015428530437
2023,0,0.24,15000,0,0.93,"D",0.000390831699422737,-7.84684261880813
2023,0,0.132,6100,0,0.76,"B",0.0001528141471241,-8.78613527380256
2023,1,0.288,2000,1,0.93,"Missing",0.977685776508144,3.77996402660633
2023,0,0.24,10000,0,0.79,"C",0.5586888761661,0.23584262313429
2023,0,0.192,3000,0,0.81,"B",0.0642473218556953,-2.67861116908344
2023,0,0.252,2500,1,0.38,"A",0.509452390656916,0.0378140678565106
2023,0,0.204,4900,0,0.13,"D",0.000207264524791624,-8.4813073969639
2023,0,0.156,6000,1,0.22,"A",3.53900489417963e-06,-12.5516614346635
2023,0,0.24,2400,1,0,"D",0.0616874942100617,-2.7220018320086
2023,0,0.168,8000,0,0.44,"A",5.94728045657984e-06,-12.0325705617162
2023,0,0.168,9700,0,0.23,"AA",0.0849852967708824,-2.37646187188767
2023,1,0.348,7000,0,0.12,"D",0.602515465608596,0.415957307949229
2023,0,0.252,4000,1,0.91,"D",0.0502407666418269,-2.93938173226924
2023,0,0.192,3500,1,0.51,"C",0.0121170338002878,-4.40095202072946
2023,0,0.24,12000,0,0.95,"C",0.000688179360060668,-7.28077263997992
2023,1,0.348,3500,0,0,"Missing",0.883405056518759,2.02507791646901
2023,1,0.204,1000,1,0.76,"D",0.956590154469105,3.09268876805118
2023,1,0.132,5000,0,0.18,"A",0.919852248751831,2.4403412360923
2023,1,0.312,6500,0,0.53,"Missing",0.987153290756119,4.34173764858319
2023,0,0.132,4000,0,0,"B",6.4703697516494e-06,-11.9482708320616
2023,1,0.348,3900,0,0,"Missing",0.998419687329639,6.4485509962063
2023,1,0.3,1500,1,0,"Missing",0.999935149142832,9.64335557662265
2023,0,0.24,24900,0,0.87,"C",2.29156234684375e-05,-10.6836687166131
2023,0,0.156,20000,0,0.13,"AA",5.3913625293101e-07,-14.4332969704774
2023,1,0.348,3000,1,1.01,"Missing",0.892797296756006,2.11963809864835
2023,1,0.24,5000,0,0.95,"Missing",0.976879002202489,3.74362159790698
2023,1,0.324,2550,0,0.98,"Missing",0.73126642754631,1.00105741149442
2023,1,0.288,3000,0,0.56,"Missing",0.999999877223993,15.91290410333
2023,0,0.18,4500,1,0,"C",0.00149913121901167,-6.50136926995277
2023,0,0.204,5000,0,0.15,"B",0.0167618147623134,-4.07174802664244
2023,0,0.3,2500,0,0.66,"D",4.15815043091425e-05,-10.0878135151489
2023,1,0.24,3000,1,1.03,"Missing",0.960373987732186,3.1878370010913
2023,0,0.3,7000,0,0.14,"D",0.00259277752375403,-5.95242943029748
2023,0,0.24,3500,0,0,"Missing",0.15464116433585,-1.69865383060297
2023,0,0.264,7300,0,0.74,"D",0.000130616325871727,-8.94311571740291
2023,1,0.348,3001,1,0,"Missing",0.996938003263045,5.78562135316462
2023,1,0.336,1500,1,1,"Missing",0.998826146395647,6.74628872040731
2023,0,0.228,2750,0,0,"C",0.00478848937477287,-5.33674029698878
2023,0,0.096,3001,0,0.14,"AA",0.0511635511627448,-2.92020905604998
2023,0,0.132,3500,0,0.1,"AA",0.076272517045916,-2.49410441885921
2023,0,0.348,4300,1,0.95,"Missing",0.0219992706080272,-3.79450111720598
2023,0,0.204,1600,0,0.98,"C",0.00018728451902818,-8.58269430321785
2023,0,0.132,1527,0,0.03,"AA",0.000278673758797963,-8.18519007104406
2023,1,0.3,2750,1,0,"Missing",0.99678474887165,5.73662938172651
2023,0,0.348,25000,0,0.98,"Missing",0.00307424596677198,-5.78161664068325
2023,1,0.204,3000,1,0.14,"AA",0.938205725831869,2.72015853970266
2023,0,0.276,6001,0,1.2,"Missing",0.160868155576062,-1.65178271881638
2023,1,0.324,10000,1,0.79,"D",0.962957484921988,3.2579429531013
2023,0,0.18,10000,0,0.59,"B",7.03040791900514e-05,-9.56261042881739
2023,1,0.3,5000,0,0.9,"D",0.212710411914176,-1.30866447308635
2023,0,0.348,2700,0,0.47,"Missing",0.695088757296965,0.824018819026262
2023,0,0.084,1100,1,0.18,"A",3.70779661251773e-05,-10.2024505911105
2023,0,0.132,1000,0,0.05,"C",2.89335000692619e-05,-10.4504815283015
2023,0,0.3,3001,1,0.84,"D",0.00383712172632944,-5.5591882415067
2023,0,0.324,7000,0,0,"D",0.00181607745637369,-6.30925861900014
2023,0,0.348,23250,0,0.92,"C",0.0056999285024416,-5.16158541256292
2023,1,0.348,2550,0,1.7,"Missing",0.999690059830862,8.07882129368265
2023,1,0.252,4900,0,0,"D",0.993134455525851,4.97435071055119
2023,0,0.18,3010,0,0.34,"AA",0.0270543956248164,-3.58247868347777
2023,0,0.18,1600,0,0.82,"C",0.106845943892765,-2.12337106095076
2023,0,0.132,5000,1,0,"Missing",0.0218347457603247,-3.80217608418264
2023,0,0.18,10000,1,0,"B",0.00128606283507124,-6.65488290297266
2023,0,0.18,9500,0,0.36,"A",8.58544610096455e-05,-9.36277115098606
2023,0,0.18,1800,1,1.02,"D",2.51692457166068e-06,-12.8924702928887
2023,0,0.348,4000,1,0.94,"D",0.000362227740786248,-7.92287513239524
2023,1,0.348,10000,1,0.72,"Missing",0.885546673848723,2.04603805684356
2023,0,0.144,9000,0,0.05,"AA",0.000346375988508022,-7.96763926492814
2023,0,0.348,5500,0,1.13,"Missing",0.00424171460059548,-5.45853696835538
2023,0,0.216,9750,0,0.92,"C",3.8985557362739e-05,-10.1522803181365
2023,1,0.12,4999,0,0.06,"AA",0.0666504540467621,-2.63931791900246
2023,0,0.348,7500,0,0.35,"Missing",0.0489008184438413,-2.9678242155309
2023,0,0.084,1325,0,0.02,"AA",1.46488234378761e-06,-13.4337341652447
2023,0,0.168,25000,1,0.63,"AA",0.0070895579010756,-4.94201748743084
2023,1,0.348,5500,0,0.72,"D",0.968386573010769,3.42204942477162
2023,0,0.288,10000,0,0,"C",3.27375021607356e-05,-10.3269565440905
2023,0,0.324,4700,0,0,"D",0.00123853151608938,-6.69258956324476
2023,1,0.3,9000,0,0.99,"Missing",0.937139630608786,2.7019163821655
2023,1,0.24,15000,0,0.84,"C",0.133921160215072,-1.86672467323395
2023,0,0.18,4200,0,0.3,"C",6.88507165482161e-05,-9.5835010723754
2023,1,0.276,6500,0,0.75,"D",0.999340078526888,7.32272957083838
2023,1,0.348,12000,1,0.97,"D",0.995790679634434,5.46623587318276
2023,0,0.18,10000,0,0.59,"B",0.0287229188298942,-3.52091641451043
2023,1,0.348,5500,0,0.99,"Missing",0.902988584110127,2.23088124999077
2023,0,0.192,8000,0,0.66,"B",0.130793388148548,-1.89396196675497
2023,0,0.264,20000,1,0.77,"B",4.13462890049843e-07,-14.6986976589967
2023,0,0.348,3000,1,0.61,"Missing",0.167589609719471,-1.60280738514606
2023,1,0.288,9999,0,0.89,"B",0.574270014843877,0.299294387199875
2023,0,0.3,8000,1,0.85,"D",0.242108945303823,-1.14115183594015
2023,0,0.336,23500,0,0.89,"D",0.0216860304408108,-3.80916235602713
2023,0,0.348,15000,0,0.97,"D",0.00148403505525594,-6.51150537504987
2023,0,0.12,9000,0,0.22,"AA",8.28592753567356e-05,-9.39828400403789
2023,0,0.228,7000,0,0.62,"C",0.000641661949612182,-7.35080708328852
2023,0,0.288,1000,1,0.9,"D",0.00338678182414779,-5.68448259293295
2023,1,0.132,5000,1,0,"Missing",0.784918487075948,1.29456278811565
2023,0,0.264,7300,0,0.74,"D",3.28615148084737e-06,-12.6257901543968
2023,1,0.168,16500,0,0.2,"AA",0.959178720224842,3.15687390998735
2023,0,0.12,1500,0,0.16,"A",0.000122761423870232,-9.00514496050776
2023,0,0.132,5000,1,0.45,"B",0.0306119980294729,-3.4552729219998
2023,0,0.204,7500,0,0.62,"D",8.9988935959797e-05,-9.31573383598581
2023,0,0.276,15000,0,0.96,"C",0.0369395146633758,-3.26083438293266
2023,0,0.288,6500,0,0.98,"C",0.00539053123184968,-5.21770622756339
2023,0,0.18,4000,0,0.46,"B",0.0134848809444072,-4.29260952349102
2023,0,0.216,6000,0,0.75,"C",0.00653423594702371,-5.024144178279
2023,0,0.24,7500,0,0.74,"C",0.000509304675525241,-7.58195470940369
2023,0,0.228,9000,1,0.98,"C",2.31214594712633e-05,-10.674726268506
2023,0,0.3,9900,0,0.37,"B",4.67449515793089e-05,-9.97075754962487
2023,0,0.204,3500,0,0.12,"D",0.000595647949413059,-7.42526492891048
2023,0,0.18,1600,0,0.82,"C",0.00518958886236139,-5.25589770066449
2023,0,0.228,13000,0,0.82,"C",2.06590385706132e-05,-10.787336971892
2023,1,0.24,6000,0,0.85,"Missing",0.706460034709543,0.87825283458837
2023,0,0.156,2500,0,0.57,"A",0.000149619960355637,-8.80726244533252
2023,1,0.348,1000,0,0.95,"Missing",0.717040120860423,0.929826677835605
2023,0,0.348,4500,0,0.94,"Missing",6.78669618946459e-05,-9.59789334258294
2023,0,0.192,3500,1,0.51,"C",0.0668104681157485,-2.63674854605884
2023,1,0.348,3000,0,1.34,"Missing",0.992573747483761,4.89527995505226
2023,1,0.24,18000,0,0.71,"B",0.759600354182902,1.15048971586018
2023,1,0.348,5000,1,0,"Missing",0.879226132129389,1.9851221887453
2023,0,0.132,4000,0,0.11,"AA",2.63680507179745e-06,-12.8459399369577
2023,0,0.144,13000,0,0.36,"AA",0.00130576696308238,-6.63965807944821
2023,0,0.288,1750,1,0.91,"Missing",0.0104928566144517,-4.54651228099759
2023,0,0.228,25000,0,0.72,"C",2.53466837314472e-06,-12.8854452140794
2023,1,0.276,2000,0,0.9,"Missing",0.966088269550274,3.34949422088714
2023,1,0.18,1000,1,1.75,"Missing",0.80266627118822,1.40304267472714
2023,0,0.288,10000,0,0.68,"D",3.63295814035291e-06,-12.5254596938877
2023,0,0.144,25000,0,0.01,"AA",0.000250163200895286,-8.29314685500753
2023,0,0.264,15000,0,0.95,"C",0.266758759448438,-1.01113003441369
2023,1,0.3,9000,0,0.86,"Missing",0.9999985020762,13.4114290439357
2023,0,0.192,3300,0,0.3,"C",0.0807428210486728,-2.43229687499674
2023,0,0.288,25000,0,0.85,"B",0.00426990521041927,-5.45188460366422
2023,0,0.18,15000,0,0.62,"B",1.10475863293569e-05,-11.4132875379453
2023,0,0.144,10000,0,0.81,"AA",0.000150075505327651,-8.80422193489683
2023,1,0.312,5500,0,0.99,"Missing",0.99987905569954,9.02005949351505
2023,0,0.108,5000,1,0,"AA",0.00190136651845642,-6.26327925467413
2023,1,0.276,6300,0,0.76,"D",0.996173795047393,5.56204829742258
2023,0,0.108,4900,0,0,"AA",0.000132537484185975,-8.92851250676167
2023,1,0.348,3000,0,0,"Missing",0.999908667185002,9.30090907848305
2023,1,0.288,2550,0,0,"Missing",0.999992603259757,11.8144637657832
2023,1,0.204,9000,0,0.9,"C",0.963947301070437,3.28605489896357
2023,0,0.252,12000,1,0.98,"C",0.408358712793819,-0.370754531298569
2023,1,0.324,3500,1,1.09,"Missing",0.965519991853112,3.33228712579769
2023,0,0.216,3000,1,0.95,"D",0.0173254989316284,-4.03809859417897
2023,0,0.276,5000,0,0.78,"D",0.00133631084727173,-6.61650535631077
2023,0,0.216,13000,0,0.52,"B",0.00125220969922217,-6.68159253456893
2023,0,0.348,3001,0,0,"Missing",0.0170184586326665,-4.05629178519341
2023,1,0.3,4000,0,0.02,"Missing",0.978651915155916,3.82521399508525
2023,0,0.288,3000,0,0.56,"Missing",0.00917653535860445,-4.68188665837749
2023,1,0.264,6001,0,0.25,"Missing",0.211303573198127,-1.31708565487896
2023,0,0.348,2550,0,0.63,"D",0.030980148497478,-3.44293846995669
2023,0,0.312,25000,1,0.09,"B",1.36153196453811e-06,-13.5068986861327
2023,0,0.276,5000,0,0.78,"D",0.272870893710863,-0.980105282995138
2023,0,0.156,2500,0,0.57,"A",0.00521383142194769,-5.2512128249317
2023,0,0.12,2100,0,0,"AA",6.7077396658736e-08,-16.5174186431672
2023,1,0.348,9000,1,0,"Missing",0.995071626891405,5.30780578605665
2023,1,0.348,5000,1,1.05,"Missing",0.866676663043969,1.87188868675694
2023,0,0.288,1800,0,1.18,"Missing",0.00322217882808475,-5.73447011234402
2023,0,0.348,5500,0,0.72,"D",0.152246308801665,-1.71709047313607
2023,1,0.228,6000,0,0.49,"C",0.779919866538611,1.26519945616081
2023,0,0.132,4500,1,0.97,"AA",3.93635767854804e-06,-12.4452507729227
2023,0,0.24,3000,0,0.62,"C",0.000118088094433081,-9.04396155397855
2023,0,0.324,15000,0,0.94,"D",0.0427958971171377,-3.10757440611957
2023,0,0.18,9500,0,0.37,"C",0.0233914646635333,-3.73171469358367
2023,0,0.288,25000,1,0.46,"C",0.0256655902316858,-3.63660338795294
2023,0,0.204,4990,0,0.9,"C",6.9996120131757e-05,-9.56700074557024
2023,1,0.348,2800,0,0.97,"Missing",0.848988591383914,1.72669036080091
2023,0,0.288,1025,1,0.59,"Missing",0.00973011278267515,-4.62275203196572
2023,0,0.24,3200,1,0,"D",0.000300370583336416,-8.11019315214429
2023,0,0.3,9000,0,0.97,"D",5.60759668520255e-06,-12.0913827209657
2023,0,0.168,2000,0,0.5,"C",0.0401296225348701,-3.17468347369554
2023,1,0.336,3500,0,0,"Missing",0.999997876616386,13.0624975738386
2023,0,0.276,12000,0,0.79,"D",0.00431795740673188,-5.44064550434992
2023,0,0.228,7000,0,1,"C",1.70107571203407e-07,-15.5868346581195
2023,0,0.204,1000,1,0.14,"D",0.00903239599780692,-4.69786417383269
2023,0,0.18,4000,0,1,"D",5.16530488350132e-05,-9.87090968100639
2023,1,0.348,5000,0,0.6,"Missing",0.999978804286016,10.7616903713642
2023,0,0.276,10000,0,0.69,"A",0.000152246461129584,-8.78985763740487
2023,0,0.18,11000,0,0.42,"A",0.00123490153933837,-6.69552837265395
2023,0,0.252,5000,0,0.73,"D",0.00192346818116819,-6.25170005764039
2023,0,0.276,15000,0,0.96,"C",0.0010888890565784,-6.82150783431429
2023,1,0.348,2500,0,0.95,"D",0.827599895529065,1.56871185542846
2023,0,0.156,10000,0,0.53,"A",0.00137681424505833,-6.5866052036979
2023,0,0.24,2000,1,0.78,"D",0.0462473063043814,-3.02640118672025
2023,1,0.348,3001,0,0,"Missing",0.342378117713268,-0.652714385494159
2023,1,0.348,2100,1,1.14,"Missing",0.97248882949542,3.56526646668448
2023,1,0.348,2000,1,0,"Missing",0.998856859073608,6.77283181177852
2023,0,0.216,14500,1,0.66,"B",0.00302163606706354,-5.79893063979857
2023,0,0.24,18000,1,0.75,"B",0.0781693053595745,-2.46748452240839
2023,1,0.18,10000,0,0.49,"A",0.913209085133623,2.35346291453487
2023,1,0.348,5000,0,1,"Missing",0.97171287645079,3.53665366337998
2023,0,0.108,1025,1,0.76,"D",0.0124392644662808,-4.37438004016367
2023,0,0.216,7000,0,0.95,"C",0.00376018340742352,-5.57952027353098
2023,0,0.168,22000,0,0.71,"A",1.02169837870969e-05,-11.4914489281758
2023,1,0.348,2550,1,0.91,"Missing",0.998184085013092,6.30934824751638
2023,0,0.3,2000,0,0,"D",2.00790381225214e-05,-10.8158140873133
2023,0,0.276,3150,0,0.88,"Missing",0.00334035949746203,-5.69833089286161
2023,0,0.264,1500,1,1,"Missing",0.787119196077924,1.30764729013881
2023,0,0.18,3500,0,0.32,"A",0.0131848292609163,-4.31541588798158
2023,0,0.204,1675,0,0.95,"Missing",1.88055438893019e-05,-10.8813400381497
2023,0,0.348,3500,0,1.01,"Missing",0.0500057603915479,-2.94431771438296
2023,0,0.204,1000,1,0.71,"Missing",0.428336277918834,-0.288642336883978
2023,1,0.336,1000,0,0,"Missing",0.999911191523626,9.32893964543947
2023,0,0.3,3500,0,0.97,"Missing",0.0101765283120723,-4.57744269309289
2023,0,0.168,2500,0,0,"C",0.00251291752271158,-5.98379476100992
2023,0,0.168,11500,1,0.36,"A",0.012468022620967,-4.3720417021815
2023,0,0.18,3800,0,0.2,"B",0.00511084111364625,-5.27126734068259
2023,0,0.3,5500,0,0.49,"Missing",0.93967686362233,2.74582033606141
2023,0,0.24,6500,1,0.9,"C",0.0337127398189543,-3.35558535870302
2023,1,0.348,4000,1,0,"Missing",0.97296400193992,3.5831778450382
2023,0,0.276,21000,0,0,"B",0.512964777497906,0.0518707370318969
2023,0,0.204,3000,1,0.59,"C",2.04502230852098e-07,-15.4026867482086
2023,0,0.18,3200,0,0.7,"C",0.0118923548439592,-4.41989590082952
2023,1,0.204,6500,1,0,"D",0.82470332961876,1.54854392328608
2023,1,0.3,1500,1,0.97,"Missing",0.973952857606274,3.62145483645193
2023,0,0.168,25000,1,0.63,"AA",0.000770546019909522,-7.16764033461235
2023,0,0.348,4750,1,1.19,"Missing",0.063881402050541,-2.68471390436335
2023,1,0.348,5000,0,0.88,"Missing",0.842536990033846,1.67722699302278
2023,0,0.12,2550,0,0.58,"A",0.0312516770203121,-3.43393181015582
2023,1,0.18,1000,1,0.73,"C",0.0635706652135247,-2.68992193716053
2023,0,0.24,5000,0,0.7,"D",0.00152826962209791,-6.48208971093417
2023,1,0.348,3000,1,0.61,"Missing",0.999837469546608,8.72448262460333
2023,1,0.252,5000,0,0.73,"D",0.328093557984089,-0.716820302172133
2023,0,0.24,6500,0,0,"C",0.000239254726536779,-8.33774248883422
2023,0,0.348,25000,0,0.58,"D",0.00532726046294746,-5.22957665646475
2023,1,0.24,6500,0,0.74,"D",0.980231322076654,3.90368982467048
2023,0,0.348,8000,0,0.8,"Missing",0.000792730771118126,-7.13923385561332
2023,1,0.348,4000,1,0.98,"Missing",0.898354321409163,2.1790715312143
2023,0,0.348,18000,0,0.91,"C",0.000175338539457377,-8.64861658769976
2023,0,0.24,2400,1,0,"D",3.13338277948973e-06,-12.673394243405
2023,0,0.132,1000,0,0.97,"Missing",0.202541269973731,-1.37048641601547
2023,1,0.3,10000,0,0.87,"Missing",0.999651635423061,7.96191256642311
2023,1,0.3,5000,1,0.92,"Missing",0.979924329554039,3.88796669760842
2023,0,0.228,12500,0,0.02,"AA",2.77638656048198e-06,-12.7943574977297
2023,0,0.216,3100,0,0.86,"D",5.19725715473071e-05,-9.86474247486614
2023,0,0.348,3500,0,0.98,"Missing",0.0102833606641774,-4.56689155980556
2023,1,0.228,6000,1,0.61,"D",0.999768608350167,8.3711674108558
2023,0,0.132,3000,1,0,"C",0.0119661140911494,-4.41363816510542
2023,1,0.348,3000,1,0.98,"Missing",0.999783987666376,8.43995901613016
2023,1,0.348,3500,0,1.01,"Missing",0.999967127472025,10.3228403918954
2023,0,0.18,7000,0,0.33,"A",8.49009851094786e-07,-13.9791941985181
2023,0,0.204,11300,0,0.27,"C",2.87157021405334e-05,-10.4580377557854
2023,1,0.336,4000,0,0.53,"Missing",0.939404926570177,2.74103302472578
2023,0,0.084,3000,0,0.06,"AA",0.0119826337644497,-4.41224185944823
2023,0,0.144,3001,0,0.05,"AA",0.000264768872039224,-8.23638848960374
2023,0,0.108,3500,0,0.14,"AA",5.96721265853072e-05,-9.72658586405478
2023,0,0.228,6001,1,0.24,"D",0.14686176809622,-1.75942979689443
2023,0,0.168,10000,0,0.65,"C",0.000216818288347879,-8.43623409431156
2023,1,0.348,3800,0,1,"Missing",0.999999007984044,13.8235256530699
2023,0,0.216,5000,1,0,"D",0.00471610830029606,-5.35204406790341
2023,0,0.18,2000,0,0.54,"C",0.00340458088455265,-5.67922304553566
2023,1,0.276,6001,1,0.85,"Missing",0.93325045093984,2.63772605938304
2023,0,0.132,12000,0,0.47,"A",4.41337305201739e-07,-14.6334559481188
2023,0,0.276,10000,0,1.02,"D",0.00179324147113171,-6.32193556781117
2023,1,0.336,2250,0,0.57,"Missing",0.994345937758519,5.16971090441509
2023,0,0.216,18000,0,0.15,"B",1.08430893402549e-05,-11.4319717649194
2023,1,0.312,5000,0,0,"Missing",0.992551539014349,4.89227150774719
2023,1,0.108,3500,0,0,"AA",0.333203687958196,-0.693730641496871
2023,0,0.348,2550,0,0.43,"Missing",0.712086083824157,0.90553727506248
2023,0,0.228,5500,0,0.29,"B",0.0113896864280327,-4.46359198670326
2023,1,0.168,3000,0,0,"C",0.251782063701876,-1.0891304074718
2023,0,0.108,2500,0,0.04,"A",8.63544381129512e-07,-13.9622196803441
2023,0,0.06,1000,0,0.42,"D",2.6814278117384e-09,-19.7369164160374
2023,1,0.336,3001,0,0.75,"Missing",0.91164887145842,2.33393593435699
2023,1,0.348,3999,0,0.96,"Missing",0.999891034009054,9.12436576216299
2023,0,0.12,5000,0,0.43,"A",0.873564632664594,1.93285087214049
2023,0,0.24,3000,1,0.07,"D",0.00595538526197017,-5.11748619343205
2023,0,0.216,15000,0,0.58,"C",0.032567433967247,-3.39133289226227
2023,0,0.18,10000,0,0.49,"A",0.0256789174629662,-3.63607057978323
2023,0,0.348,3000,0,1.51,"Missing",0.087696441250844,-2.34209146431076
2023,1,0.24,1500,0,0.41,"Missing",0.75748022027435,1.13891415226337
2023,1,0.252,5000,0,0.26,"D",0.366755826285984,-0.546159785072674
2023,0,0.3,8500,0,0.78,"D",0.000181179358118399,-8.6158418927403
2023,0,0.264,7000,0,0.75,"C",0.00191604095584166,-6.25557634505126
2023,0,0.108,9000,0,0.37,"AA",6.389545967433e-07,-14.2634317997484
2023,0,0.192,24000,1,0.35,"A",0.00286713005053426,-5.85157248377763
2023,1,0.18,5000,0,0.35,"B",0.151774909554211,-1.72074747232011
2023,0,0.216,5000,0,0.12,"C",0.0340677829205058,-3.34474150778439
2023,0,0.192,3300,0,0.3,"C",0.00842275503052158,-4.76835987659549
2023,1,0.348,2500,1,0.89,"Missing",0.999989830536257,11.4961109090812
2023,1,0.348,7000,1,0.91,"D",0.99175568664534,4.78995312099587
2023,1,0.18,11000,0,0.54,"B",0.694045071022283,0.819099102052673
2023,0,0.108,3000,0,0.71,"AA",0.000721799994375601,-7.23304041293036
2023,0,0.276,1500,1,1.11,"Missing",0.0528842485413979,-2.8853157799622
2023,0,0.204,12000,0,0.91,"D",0.229601145179822,-1.21056472185852
2023,0,0.348,3500,0,0.88,"Missing",0.0496113560127072,-2.95265124047593
2023,0,0.132,1200,0,0.87,"Missing",0.0644757659763971,-2.67481761836293
2023,0,0.18,2000,0,0.02,"B",2.14939698827536e-09,-19.9580785025663
2023,0,0.204,4000,0,0.75,"B",0.00528587131466371,-5.2374179166966
2023,1,0.228,25000,0,0.72,"C",0.0829760099581257,-2.40258210398741
2023,0,0.276,18000,0,0.58,"C",0.0015289692223287,-6.48163134223065
2023,1,0.348,6000,0,0.98,"Missing",0.999560536404235,7.72951611510572
2023,0,0.18,1000,0,0.16,"A",1.71336092505458e-05,-10.9744514364274
2023,1,0.336,4000,0,0,"Missing",0.999997381693615,12.8529802486994
2023,0,0.18,15000,0,0,"AA",5.22329349531636e-05,-9.85974508993404
2023,1,0.312,2500,1,0.91,"Missing",0.923651466711292,2.49302597883865
2023,0,0.168,5000,0,0.29,"B",0.00193722172207225,-6.24456133380676
2023,1,0.288,3500,0,0.83,"Missing",0.992387102830838,4.87026945083098
2023,0,0.084,1000,1,0.99,"D",0.00347946776753508,-5.65739040206193
2023,0,0.24,11000,0,0.44,"C",0.00269734235723092,-5.91278731612183
2023,1,0.312,1000,0,0,"Missing",0.958798428291538,3.14720445942203
2023,0,0.228,4400,0,0.98,"D",0.323884788567796,-0.735975630919182
2023,0,0.252,15000,0,0.24,"C",0.0042160527591965,-5.46463098841132
2023,0,0.3,2800,0,0.97,"Missing",0.467085355590028,-0.131849254271406
2023,0,0.192,5200,0,0.86,"C",0.000134475960395839,-8.91399062301039
2023,0,0.18,1000,0,0.16,"A",0.000236915676291791,-8.34756933263157
2023,0,0.348,15000,0,0.97,"D",0.0100107107305854,-4.59403853128724
2023,0,0.348,5000,0,0.77,"D",0.000477741744600454,-7.64596239884151
2023,0,0.288,8000,1,0.93,"Missing",0.270849653529511,-0.990316064423695
2023,1,0.288,3000,0,0.92,"Missing",0.784060403463306,1.28948733970381
2023,0,0.348,5000,1,0.75,"D",1.41412867647316e-06,-13.4689955787516
2023,1,0.3,15000,0,0,"D",0.977883957621231,3.7890877655781
2023,0,0.204,3000,0,0.88,"D",3.21326291300475e-07,-14.9508084249578
2023,1,0.348,20000,0,0.03,"D",0.813249831132871,1.47126662945447
2023,0,0.168,18500,0,0.45,"A",0.00411398118452079,-5.48924159439973
2023,0,0.312,4000,0,0.99,"Missing",0.000536410113452436,-7.53007499839063
2023,0,0.336,2000,1,0.97,"Missing",0.000792107586827155,-7.14002091195225
2023,0,0.336,10500,0,0.94,"C",0.000140157176701133,-8.87260590737889
2023,0,0.108,3030,0,0.04,"AA",0.00160586098905565,-6.43248807268852
2023,1,0.276,3500,1,0.95,"D",0.822552502261739,1.53373753536771
2023,0,0.18,9000,0,0.97,"C",1.36346397914117e-05,-11.2028833252212
2023,0,0.348,25000,0,0.38,"B",0.00724304751435428,-4.92044382801657
2023,0,0.216,15000,1,0.02,"C",0.156658803709921,-1.68330140098325
2023,0,0.096,1000,0,0.78,"A",0.00387013807437743,-5.55058744800593
2023,1,0.348,2000,1,0,"Missing",0.756598881338062,1.13412245713519
2023,0,0.204,5500,0,0.91,"C",0.00329977639788538,-5.71059533835564
2023,0,0.348,8500,1,0.87,"Missing",0.226534550031795,-1.22798352981485
2023,0,0.144,10000,0,0.12,"AA",0.000719246309415824,-7.23658718161096
2023,1,0.348,5000,0,0.9,"Missing",0.999067475678441,6.97668236529225
2023,0,0.24,10000,0,0.03,"D",0.00714943732864918,-4.93354650364085
2023,0,0.192,3500,0,0,"C",0.0155072778233672,-4.15081705492757
2023,0,0.288,25000,0,0.89,"B",0.000916493559254331,-6.99403860445869
2023,0,0.144,2500,0,0,"B",0.16775951191011,-1.60158997010369
2023,0,0.336,12839,0,0.45,"C",0.000991622918259795,-6.9151755307648
2023,0,0.264,9000,0,0.99,"C",0.00011554179382468,-9.0657626936896
2023,0,0.12,1425,0,0,"AA",0.0022997946803397,-6.0726329861796
2023,0,0.336,3900,0,1.08,"Missing",0.0875678319899594,-2.34370003049019
2023,0,0.204,4000,1,0.31,"D",3.32869670272661e-06,-12.6129263824416
2023,0,0.204,6500,0,0.45,"B",0.00169718662787636,-6.37708469511857
2023,1,0.3,6000,0,0.11,"D",0.950119155432738,2.94695035085013
2023,1,0.348,5000,1,0,"Missing",0.99937411720335,7.37572135144917
2023,0,0.192,25000,1,0.66,"AA",0.000205625494023191,-8.48924838726529
2023,0,0.348,3000,1,0.67,"Missing",0.208918816422601,-1.33145485827278
2023,0,0.24,9000,1,0.93,"D",0.000202132321228914,-8.50638586667693
2023,0,0.168,4575,0,0.6,"C",2.16272190840255e-06,-13.0441408240785
2023,0,0.156,5000,0,0,"B",2.99890531381039e-07,-15.0198480243867
2023,0,0.204,3000,1,0.59,"C",0.00264615398503637,-5.93199835834063
2023,0,0.204,6500,0,0.81,"C",5.68865767858076e-05,-9.774394265329
2023,0,0.144,4500,0,0.09,"AA",0.000138412517463763,-8.88513365267083
2023,0,0.144,3000,0,0.56,"B",1.17832223959764e-06,-13.6514177837739
2023,0,0.144,15000,0,0,"A",0.00087257903638668,-7.04318436191875
2023,1,0.336,12000,0,0,"Missing",0.999483772707595,7.56844703972934
2023,0,0.264,12150,0,0,"D",0.000647604877641743,-7.34158198965068
2023,1,0.324,2400,0,0,"Missing",0.999986655015094,11.2243565610581
2023,0,0.18,6500,0,1.05,"C",0.194693907671626,-1.41979382302409
2023,1,0.18,2550,0,0.98,"Missing",0.790407392064951,1.3273828143593
2023,0,0.348,2550,1,1.51,"D",0.0731908517359713,-2.53867722644408
2023,0,0.3,5500,0,0.49,"Missing",0.00608727712032824,-5.09544852379623
2023,0,0.168,2400,1,0.22,"B",0.00429543001259745,-5.44589892733462
2023,1,0.348,5000,0,0.78,"Missing",0.706013957687672,0.876102716310105
2023,0,0.276,6001,0,1.2,"Missing",0.132753223085727,-1.87683163020686
2023,0,0.24,9500,0,0.72,"D",0.00148418221941494,-6.51140606770293
2023,0,0.24,15000,0,0.59,"A",0.0499375775614314,-2.94575391357062
2023,0,0.18,9500,0,0.37,"C",4.7843287481012e-05,-9.9475318880023
2023,0,0.348,2000,0,0,"Missing",0.0872912943976031,-2.34716604043128
2023,0,0.276,10000,0,0.69,"A",6.73477839363714e-06,-11.9082189175338
2023,0,0.18,9000,0,0.97,"C",1.24378474802747e-06,-13.5973503669658
2023,0,0.084,2000,1,0.07,"AA",0.000442799309113465,-7.72195102002503
2023,0,0.24,3000,1,0.62,"D",0.0152711498080772,-4.16640090938832
2023,1,0.3,9000,0,0.56,"B",0.134535074053693,-1.86144191050103
2023,1,0.288,1000,1,0.18,"C",0.669470300409882,0.705790285438883
2023,0,0.132,1550,0,0.95,"D",0.57585472143776,0.305779374493624
2023,0,0.24,10000,0,0.35,"C",0.00453005903931231,-5.39247995576115
2023,1,0.348,5500,0,0.72,"D",0.877839970735117,1.97213241087291
2023,1,0.204,1675,0,0.95,"Missing",0.0278891252626777,-3.55123302930107
2023,0,0.216,2800,0,0.38,"C",0.000150656777804388,-8.80035563486816
2023,0,0.108,1000,0,0,"A",7.24419601009778e-07,-14.1378943286148
2023,1,0.348,3005,1,0.76,"Missing",0.797509711125065,1.37080208232069
2023,0,0.084,1500,0,0.01,"AA",6.21370788793206e-06,-11.9887465430722
2023,0,0.216,13000,0,0.73,"C",8.44069010468774e-06,-11.6824380460151
2023,0,0.312,2600,0,0.36,"Missing",0.0531232104410985,-2.88055503779656
2023,1,0.24,3000,0,0.89,"D",0.312795620614863,-0.787081735464065
2023,1,0.348,7000,1,0.91,"D",0.998366336777425,6.41529541081713
2023,0,0.18,3000,0,0.96,"C",0.36214311253011,-0.566074471690984
2023,1,0.228,19900,0,0.75,"C",0.999397735277752,7.41421102520245
2023,1,0.348,5000,0,1,"Missing",0.999347254533573,7.33367033715567
2023,0,0.18,3500,0,0.32,"A",0.00089783542109282,-7.01462554046699
2023,1,0.348,25000,0,1.31,"Missing",0.998573154143562,6.55086110086606
2023,0,0.348,25000,0,0.61,"A",0.0126250423024387,-4.35936753779722
2023,1,0.216,4500,1,0.71,"C",0.796256103312125,1.36305707516099
2023,1,0.348,5000,1,0.42,"D",0.888934751822215,2.07990598776025
2023,0,0.144,8000,1,0.91,"A",0.000396803018545479,-7.83167369359533
2023,0,0.132,25000,0,0.35,"AA",0.00020752854942368,-8.48003409008737
2023,1,0.312,6000,1,1.06,"Missing",0.891740344302847,2.10864243534228
2023,0,0.132,3000,0,0.26,"A",0.0241460381164935,-3.69919263250668
2023,0,0.18,4000,0,0,"C",0.000108617364604821,-9.12757064491038
2023,0,0.3,5000,0,0.76,"C",0.00088328101730337,-7.03098348376048
2023,1,0.276,6500,0,0.75,"D",0.998224334029119,6.33180248722557
2023,0,0.06,1000,0,0.42,"D",2.79860590886809e-05,-10.4837760750166
2023,1,0.348,7500,0,0.35,"Missing",0.981696107257054,3.98216804196269
2023,0,0.348,5100,0,0.66,"Missing",0.00322553000381205,-5.73342725673078
2023,1,0.336,2550,0,0.74,"Missing",0.960044936404763,3.17922467962462
2023,0,0.24,20000,1,0.2,"C",0.780708221635506,1.26979831981506
2023,0,0.288,10000,0,0.97,"B",0.0365008224557773,-3.27323684087184
2023,0,0.132,11000,1,0.43,"AA",0.0152047746222703,-4.17082422812869
2023,1,0.336,3001,0,0.75,"Missing",0.999490997632086,7.58254875738007
2023,0,0.192,3500,1,0.51,"C",0.0158117299743895,-4.13106514204741
2023,0,0.312,10000,0,0.46,"D",0.00611540384038528,-5.09081029156874
2023,0,0.288,5000,0,0.95,"D",0.000376230496545212,-7.88493227838043
2023,1,0.336,2000,0,0.77,"Missing",0.999983337235536,11.0023173378891
2023,0,0.24,10000,0,0.79,"C",0.00729936401904671,-4.91264192057264
2023,1,0.336,15000,0,0.93,"B",0.993340541686186,5.00503540055371
2023,0,0.18,1000,0,0.16,"A",0.00152928444000846,-6.48142488425709
2023,1,0.216,12000,0,0.54,"B",0.64463562192451,0.595541549731825
2023,0,0.348,2400,0,1.05,"Missing",0.32359789407665,-0.737286053083126
2023,0,0.348,4000,1,0.92,"Missing",1.3304782629573e-05,-11.2273736862961
2023,0,0.228,8750,0,0.73,"D",1.43578686971379e-07,-15.7563824671882
2023,0,0.072,9600,1,0.16,"C",0.00264388385999562,-5.93285889873549
2023,0,0.336,5000,0,0.81,"D",3.50053534065604e-06,-12.5625911461506
2023,0,0.18,3500,0,0.32,"A",1.94970497146684e-07,-15.4504173915423
2023,1,0.276,5000,0,0.97,"Missing",0.999098750329279,7.01082657868234
2023,0,0.18,15000,0,0,"AA",7.4209094039482e-05,-9.50854964227427
2023,0,0.276,10000,1,0,"D",0.320322649205371,-0.75228943485245
2023,0,0.12,6500,0,0.34,"A",0.00410001022592687,-5.49265737283391
2023,0,0.228,5000,0,0.28,"B",6.03913950062062e-05,-9.71460353673889
2023,0,0.312,9000,1,0.83,"Missing",0.851540464063268,1.74673458405617
2023,0,0.132,20000,0,0.01,"AA",0.110873010494914,-2.08185457385737
2023,0,0.144,15000,0,0.09,"AA",5.16922213415174e-06,-12.1727831691392
2023,1,0.348,25000,0,0.95,"C",0.883750500744677,2.02843604684702
2023,1,0.348,4000,1,0.16,"Missing",0.99998922642212,11.4384031403446
2023,0,0.204,25000,0,0.91,"A",0.00471177203481164,-5.35296830608738
2023,1,0.24,1000,0,0,"Missing",0.954815887901053,3.05077301154556
2023,0,0.132,7500,0,0,"AA",0.00215023795351407,-6.14002421387927
2023,1,0.288,3000,0,0.97,"Missing",0.998746770574767,6.68077750371092
2023,0,0.108,1000,0,0.18,"AA",0.0326486631799056,-3.38875784513367
2023,0,0.24,8000,0,0.79,"C",4.04273631961934e-05,-10.1159632672491
2023,1,0.348,3500,0,0.94,"Missing",0.984301183246435,4.13834658725505
2023,0,0.276,10000,0,0.69,"A",0.000149256424804394,-8.8096954917878
2023,0,0.348,2700,0,0,"Missing",0.0453523659650607,-3.04687995637235
2023,0,0.192,3500,0,0.53,"B",2.62194505366421e-10,-22.0619345004434
2023,0,0.108,3000,0,0,"AA",0.000147436565360638,-8.82196509260544
2023,0,0.18,9500,0,0.94,"B",0.00105658997714405,-6.85165141066833
2023,0,0.276,15000,0,0.18,"D",0.0225676682549497,-3.76841078983378
2023,0,0.348,4000,1,0.16,"Missing",0.0406899228658561,-3.16023389008489
2023,0,0.108,9000,0,0.99,"Missing",0.0287998368548838,-3.51816286592337
2023,1,0.204,1200,0,0.94,"D",0.954501766329491,3.04351598891763
2023,1,0.348,2500,1,1.84,"Missing",0.98958049423986,4.55360150678012
2023,0,0.324,7500,0,0.69,"Missing",0.154222130914747,-1.70186278735763
2023,0,0.348,2000,0,0,"Missing",0.219772920573737,-1.26699017070555
2023,0,0.18,15000,1,0.45,"A",0.00258547634190041,-5.95525669201137
2023,0,0.18,9999,0,0.31,"A",1.43144317027971e-05,-11.1542280050885
2023,0,0.204,3800,0,1.1,"D",0.00200964952315478,-6.20778326712614
2023,0,0.12,7000,0,0.07,"AA",0.00872448191566096,-4.73285942892466
2023,0,0.156,10200,0,0.95,"A",0.000667610869636475,-7.31113725082774
2023,1,0.348,5000,1,0.65,"D",0.696655270588301,0.831420818523544
2023,0,0.216,10000,0,0.15,"B",0.00757932072920637,-4.8747235071598
2023,1,0.348,2000,0,1.26,"Missing",0.999965780517516,10.282681192735
2023,1,0.084,1000,1,0,"Missing",0.997082914001561,5.83424875773514
2023,0,0.18,10000,0,0.49,"A",0.0135149175846174,-4.2903541219781
2023,1,0.312,1000,1,0,"Missing",0.315573006215647,-0.774191929094443
2023,1,0.288,3500,0,0.8,"Missing",0.999584095513257,7.7846389322403
2023,0,0.276,15000,0,0.18,"D",0.0186129971066042,-3.9651067742677
2023,0,0.24,5000,0,0.16,"A",8.20777114179851e-07,-14.0130134244757
2023,1,0.348,3000,1,0.95,"Missing",0.997379082916506,5.9416066328884
2023,1,0.348,7100,1,1.12,"Missing",0.999202489435692,7.13321764786659
2023,1,0.348,2500,1,1.01,"Missing",0.999646557549807,7.94743638097588
2023,0,0.336,3500,0,1.01,"Missing",0.0471196484360258,-3.00679926824103
2023,0,0.252,4500,0,0,"D",0.00154506414054277,-6.4711435955967
2023,1,0.168,4000,0,0.16,"B",0.573703605535541,0.296978030300469
2023,0,0.276,7200,0,1.12,"Missing",0.542003062719574,0.168409155266617
2023,0,0.12,5000,0,0,"AA",5.36386233843282e-05,-9.83318752379412
2023,1,0.3,1500,1,0,"Missing",0.999999771170349,15.2902877626926
2023,1,0.324,7500,0,0.69,"Missing",0.928888378453132,2.56973780223563
2023,1,0.216,14000,0,0.91,"C",0.981709816430147,3.98293126309158
2023,0,0.3,3000,0,0.71,"D",0.0191296180968428,-3.93720250261695
2023,0,0.336,6500,1,0,"Missing",0.000796570963043032,-7.13439745060026
2023,0,0.18,11000,0,0.54,"B",0.0115138815722368,-4.45262119878866
2023,0,0.18,18000,0,0.12,"B",0.00456779326311157,-5.38414680778157
2023,0,0.18,5000,0,0,"C",7.69510198402077e-06,-11.7749188423456
2023,0,0.18,9999,0,0.83,"C",0.000162432773463731,-8.72508389758722
2023,0,0.228,6600,0,0.27,"C",8.13998902176215e-05,-9.41605523043119
2023,0,0.348,10000,0,0.98,"C",0.0161745372561409,-4.10801027466616
2023,0,0.24,5000,0,0.87,"D",0.00284818180839599,-5.85822220465592
2023,0,0.204,11000,0,0,"C",0.000284041355478658,-8.16610663081886
2023,0,0.264,2500,1,1,"Missing",3.3346000080936e-05,-10.3085393838428
2023,0,0.132,25000,1,0.09,"AA",0.000972320190725256,-6.93485260022179
2023,0,0.132,3000,0,0.32,"AA",0.0267184076996882,-3.59532069177045
2023,0,0.192,5000,0,0.35,"B",6.15948421052428e-06,-11.9975113564791
2023,0,0.3,12000,0,0.43,"C",0.154314313418994,-1.70115624307045
2023,0,0.252,10000,0,0.21,"D",0.0182770067701838,-3.98366537508066
2023,0,0.276,21000,0,0,"B",3.71510657284072e-06,-12.5030994779214
2023,0,0.348,3500,0,1.01,"Missing",0.10629961488456,-2.12910891687942
2023,0,0.18,1100,0,0,"Missing",0.567922159646269,0.273378608437062
2023,0,0.24,7500,1,0.52,"D",0.0221274212772491,-3.78856175277597
2023,0,0.108,2500,0,0.04,"A",3.88351821549062e-08,-17.0639392057676
2023,0,0.288,1000,1,0.9,"D",7.86661574327624e-05,-9.45021884568829
2023,1,0.348,3001,0,0,"Missing",0.919957651083849,2.44177178148958
2023,1,0.132,6100,0,0.76,"B",0.995569858578277,5.41488378821809
2023,0,0.12,7500,0,0.13,"AA",0.000227868281870495,-8.38651491279571
2023,0,0.18,15500,0,0.98,"B",0.0537354217896105,-2.86844980323052
2023,0,0.24,9000,0,0.72,"D",0.316435183867532,-0.770203051111649
2023,0,0.24,9500,1,0.65,"AA",0.109721467681234,-2.09358932884053
2023,0,0.18,25000,0,0,"B",0.0251847600056617,-3.65600890570405
2023,0,0.264,2500,1,0.74,"D",8.76532262594266e-06,-11.6446984664713
2023,1,0.288,4100,1,0.91,"Missing",0.98736613967149,4.35866039561582
2023,0,0.348,15000,0,0.97,"D",1.85921020797174e-05,-10.8927550945166
2023,1,0.3,9000,0,0.99,"Missing",0.485526755476849,-0.057909155720403
2023,0,0.24,8000,0,0.79,"C",0.245014845814295,-1.12537928185621
2023,0,0.132,5000,1,0.45,"B",0.00015657070109111,-8.76184630287876
2023,0,0.264,3000,0,0.3,"Missing",0.0291637755095871,-3.50523041282066
2023,0,0.144,9000,0,0.43,"B",0.00012276299305699,-9.00513217661084
2023,0,0.288,1000,0,0,"D",0.0373085250309482,-3.25051112776575
2023,0,0.192,3400,0,0.49,"C",0.115284295632551,-2.03786514179983
2023,0,0.204,10000,0,0.28,"B",3.19176404252573e-06,-12.6549336108544
2023,1,0.348,6500,0,0.95,"Missing",0.984721911499726,4.16593960019746
2023,0,0.18,3010,0,0.34,"AA",6.18323191934139e-06,-11.9936632756471
2023,1,0.348,1000,0,0.45,"Missing",0.999960432357918,10.1374593244346
2023,0,0.204,6500,1,0,"D",0.000195546118327192,-8.53951874174695
2023,1,0.348,3000,1,0,"Missing",0.999778937420097,8.41684364253314
2023,1,0.312,3000,1,0,"Missing",0.994393290874109,5.17816885442825
2023,0,0.3,15000,0,0.65,"D",2.51421792957581e-05,-10.5909385296773
2023,0,0.168,3000,0,0.95,"C",0.000280616443646154,-8.17824113445657
2023,0,0.18,12000,0,0.33,"B",4.56949072457675e-05,-9.99347800914606
2023,0,0.348,3000,0,0.29,"Missing",0.0203156702499928,-3.87583788551775
2023,0,0.348,3442,0,0.26,"Missing",0.290972730043421,-0.890664436765303
2023,0,0.276,10000,0,0.69,"A",0.000541363078233395,-7.5208788702767
2023,0,0.228,11000,0,0.93,"B",2.72834779365557e-05,-10.5092019589221
2023,0,0.228,8500,0,0.79,"C",7.54123131057572e-07,-14.0977094243578
2023,1,0.348,10000,0,1.13,"Missing",0.573800554734199,0.297374452237751
2023,1,0.348,5000,0,0.92,"Missing",0.280231953580607,-0.9433113364796
2023,0,0.276,4500,1,0,"D",0.00142645639859265,-6.55113447832662
2023,0,0.108,8000,0,0,"AA",3.71633657831401e-07,-14.8053568870404
2023,0,0.348,5000,0,0.83,"Missing",0.0569059710003867,-2.80776571615938
2023,0,0.336,3500,0,1.01,"Missing",0.157708447094543,-1.67537815980279
2023,0,0.156,1200,0,0.72,"D",0.126992478837534,-1.92781630815566
2023,0,0.24,4500,0,0.39,"D",2.30589638874483e-05,-10.6774329160631
2023,0,0.192,5200,0,0.86,"C",3.46427690103419e-05,-10.2703868973076
2023,0,0.216,2500,0,0.82,"D",7.46526560526501e-07,-14.1078338939976
2023,0,0.348,1000,1,1,"Missing",0.26054999288663,-1.04311192217873
2023,0,0.348,5000,0,0.72,"Missing",0.130994769376718,-1.8921917503945
2023,1,0.348,25000,0,0.57,"B",0.935488612030717,2.67422720662289
2023,1,0.288,2500,1,0.83,"D",0.403373691460067,-0.391427562172399
2023,0,0.132,3500,0,0,"D",0.000931443932699738,-6.97784268207643
2023,1,0.288,8000,1,0.93,"Missing",0.987755881227077,4.39038986190316
2023,0,0.168,7500,0,0.14,"A",0.000193452878042604,-8.55028312788646
2023,0,0.132,5000,0,0.46,"A",0.00772076554859615,-4.85609103057101
2023,0,0.348,3000,0,1.01,"Missing",0.106357102152761,-2.12850393189643
2023,0,0.24,20000,1,1,"C",0.00149699226304602,-6.50279922798847
2023,1,0.3,8500,0,0.78,"D",0.976843717013275,3.7420605301088
2023,0,0.192,25000,0,0.92,"A",1.67153167958766e-08,-17.9069403477491
2023,1,0.348,6000,0,1.02,"Missing",0.969407610472368,3.45593390430637
2023,1,0.18,1500,1,0.64,"AA",0.921570627493198,2.46388091170981
2023,0,0.204,6500,1,0,"D",0.019139492251945,-3.93667639795672
2023,1,0.348,3500,0,1.01,"Missing",0.998269025166683,6.35733806700384
2023,0,0.3,15000,1,0.82,"D",3.27085039301592e-05,-10.3278427458054
2023,0,0.204,5000,1,0.98,"B",0.000199409497761195,-8.51995064048733
2023,0,0.348,5000,0,0.77,"Missing",0.258000346519785,-1.05638784813882
2023,1,0.312,3000,0,1.17,"Missing",0.98701056581862,4.33054447264112
2023,0,0.18,2650,1,0.42,"D",0.482926653973703,-0.068319945974352
2023,1,0.348,6000,0,0.43,"D",0.244452654442086,-1.12842079979543
2023,0,0.348,2550,0,1,"Missing",0.000410301236322334,-7.79820855987223
2023,0,0.24,6500,1,0.9,"C",0.000390515015895813,-7.84765354513885
2023,0,0.324,7500,0,0.73,"C",0.00105686657559195,-6.85138938394465
2023,1,0.348,3000,0,0,"Missing",0.997663113825613,6.05659630952494
2023,0,0.228,1000,1,0,"Missing",0.0560998216021508,-2.82288778480539
2023,0,0.216,9200,0,0.71,"C",7.42089501988294e-06,-11.811203464511
2023,0,0.336,3200,0,0.93,"D",0.128121482504782,-1.91767120351011
2023,0,0.228,4000,0,0.85,"C",3.9988525935091e-05,-10.1268780072974
2023,0,0.204,1500,1,0.56,"C",3.82983188140588e-06,-12.4726858210902
2023,0,0.132,5000,0,0.46,"A",0.00145578062292707,-6.53075617032517
2023,1,0.24,9500,0,0.72,"D",0.315736148278722,-0.773436700370779
2023,0,0.264,5000,1,0,"D",0.00103999141062446,-6.86750229230098
2023,0,0.132,8000,0,0,"A",0.000480674585645153,-7.63983926378658
2023,1,0.348,2560,0,1,"Missing",0.993824827944522,5.08102421633313
2023,0,0.288,25000,0,0.97,"C",0.102167797593427,-2.17336665775713
2023,0,0.288,5500,0,0,"D",0.000174145020316922,-8.65544799559384
2023,1,0.204,10000,0,0.39,"A",0.0272519498365178,-3.57500003522156
2023,0,0.216,12000,1,0.68,"C",0.00117752850383451,-6.7431593029533
2023,1,0.348,6000,0,0,"Missing",0.364456555398953,-0.556073096390972
2023,0,0.132,5000,0,0,"AA",0.000741533540949483,-7.20604835487934
2023,0,0.348,8000,0,0.8,"D",1.52381854354206e-06,-13.3942896498863
2023,1,0.204,2000,1,0.97,"Missing",0.255532721612099,-1.06931842965828
2023,1,0.348,5824,0,0,"Missing",0.999784044349298,8.44022151321411
2023,0,0.204,1000,1,0.59,"D",4.08120786429386e-05,-10.1064916622853
2023,0,0.18,7500,0,0.65,"B",0.00505168169539805,-5.28296959756539
2023,1,0.348,6000,1,0.72,"Missing",0.9909017955268,4.69053834966218
2023,0,0.228,3000,1,0,"D",0.178241961704328,-1.52830403177035
2023,1,0.348,3000,0,1.15,"Missing",0.742822073196314,1.06068837769692
2023,0,0.132,1000,0,0.01,"AA",0.000133474679784728,-8.92146527905811
2023,0,0.288,3000,0,0.85,"Missing",0.0279144782255936,-3.55029829890935
2023,0,0.156,10000,0,0.53,"A",0.00223504690098964,-6.1012555180077
2023,0,0.288,3500,0,1,"Missing",0.886268717799096,2.05318170563705
2023,0,0.348,2700,0,0,"Missing",0.298839202166099,-0.8528316008962
2023,0,0.18,7500,0,0.65,"B",0.00044891917054314,-7.70821868752488
2023,1,0.204,1800,0,0.96,"Missing",0.911755037936609,2.33525474815801
2023,0,0.348,4000,0,1.12,"Missing",0.143556294819453,-1.78606133235561
2023,0,0.18,5000,0,0.92,"B",8.53480127521767e-08,-16.2765285861419
2023,1,0.312,1200,1,0,"Missing",0.972948751968212,3.58259826848666
2023,0,0.168,8000,0,0.21,"B",0.038506350488617,-3.21766478478703
2023,0,0.168,22000,0,0.71,"A",1.48344350577639e-08,-18.0263146508089
2023,0,0.168,8000,0,0.21,"B",1.21887869272993e-06,-13.6175780072948
2023,0,0.18,15000,1,0.72,"C",0.0136181456453519,-4.2826404137869
2023,1,0.348,3000,1,0,"Missing",0.999999504738373,14.5181791784445
2023,0,0.348,5000,0,0,"Missing",0.0818763083532712,-2.41712244818472
2023,0,0.132,10500,0,0.16,"AA",1.32845613625989e-05,-11.2288947121415
2023,0,0.348,22000,0,0.83,"D",0.0880393504850812,-2.33781296254864
2023,0,0.18,3200,0,0.7,"C",0.00587690691232355,-5.13083044690753
2023,0,0.216,3000,1,0.93,"C",8.90330418757619e-05,-9.32641396309439
2023,0,0.18,5000,0,0.83,"C",0.0619179085318944,-2.71802801096207
2023,0,0.276,15000,0,0.86,"C",4.00552200005612e-06,-12.4278326433144
2024,0,0.11,1500,0,0.89,"A",6.27681213094663e-06,-11.978642051997
2024,1,0.099,1000,0,0.6,"A",0.976461121923875,3.72528149544731
2024,1,0.22,20000,1,1,"C",0.827784056474517,1.5700031440477
2024,1,0.308,3500,0,1.01,"Missing",0.999970555522274,10.4329747340856
2024,0,0.319,3999,0,0.96,"Missing",0.00572692091698712,-5.15683387185989
2024,1,0.319,9000,1,0,"Missing",0.999997818124011,13.0353233240775
2024,0,0.165,15000,1,0.72,"C",0.000679026625560184,-7.29417096100423
2024,0,0.165,1800,1,1.02,"D",9.17401423638336e-08,-16.2043057042199
2024,1,0.319,5000,1,0,"Missing",0.876042749373727,1.95547813725049
2024,0,0.22,25000,1,0.98,"B",4.66435734792668e-05,-9.97292875585812
2024,0,0.187,2550,0,0.25,"C",0.000163765657937317,-8.71691028796006
2024,0,0.165,5000,0,0.17,"B",0.00392572031862857,-5.53627197773093
2024,1,0.22,1750,0,0.96,"Missing",0.959066254647699,3.15400536711667
2024,1,0.319,1500,0,0.84,"Missing",0.365388997727691,-0.552049683056773
2024,0,0.22,7500,0,0.36,"C",5.34655313566731e-06,-12.1390531318295
2024,1,0.165,6000,0,0.39,"B",0.581217403095827,0.327772951170746
2024,0,0.165,10500,0,0.84,"C",0.329741663879195,-0.709353703215151
2024,0,0.198,7500,0,0.58,"C",0.0150595007764419,-4.18057215962022
2024,0,0.121,6475,0,0.1,"AA",0.00825564417588732,-4.78856825929099
2024,1,0.11,6000,1,0.75,"A",0.985055998239628,4.18838849127647
2024,1,0.231,25000,1,0.01,"B",0.9805126529116,3.9183101624008
2024,0,0.187,2000,0,0.79,"D",0.017645830785565,-4.01945236508579
2024,1,0.297,1000,1,0,"Missing",0.997075851632717,5.83182356513505
2024,0,0.143,5000,0,0.95,"B",3.2021336452676e-05,-10.3490760913577
2024,0,0.099,2550,0,0.05,"A",0.000104131256818032,-9.16975423311482
2024,0,0.132,8000,0,0.61,"A",6.50605799349908e-05,-9.64012666041372
2024,0,0.253,12000,0,0.79,"D",0.00796108978079404,-4.82519643290663
2024,1,0.286,1000,1,0,"Missing",0.999995929710096,12.4117922612465
2024,0,0.242,24000,0,0.72,"B",0.00866182578998174,-4.7401301909331
2024,0,0.286,10000,0,0.46,"D",0.02616925301723,-3.61665234481911
2024,1,0.132,9000,0,0.43,"B",0.818763997229123,1.50799581799471
2024,0,0.253,3250,0,0.93,"D",0.0114609264484521,-4.45728462001112
2024,1,0.319,2550,0,0.99,"Missing",0.867748561122755,1.88119704591187
2024,0,0.154,3000,0,0.95,"C",0.00693616671769772,-4.96404566947793
2024,0,0.165,1000,0,0.16,"A",0.00498193930240259,-5.29694165506261
2024,0,0.264,1000,0,0.97,"Missing",0.00223728886117849,-6.10025068065584
2024,0,0.275,4500,1,0.2,"D",3.18626809300534e-05,-10.3540432466258
2024,1,0.319,2550,1,0.93,"Missing",0.99774958354755,6.09438703747005
2024,1,0.308,8423,0,0.92,"Missing",0.999800593254616,8.51996444597572
2024,0,0.143,7500,0,0.92,"B",0.00564103026193613,-5.17203155863609
2024,0,0.319,1800,0,0.85,"Missing",0.000370473888683426,-7.90035704906878
2024,1,0.242,5000,0,0.93,"D",0.866813825094657,1.87307625839593
2024,0,0.121,25000,1,0.09,"AA",0.0444903529292875,-3.06697248242368
2024,0,0.297,7000,0,0,"D",0.121297093771221,-1.98020399326914
2024,0,0.088,1000,0,0.33,"A",1.85334271104125e-05,-10.8959160518754
2024,1,0.264,1025,1,0.59,"Missing",0.996016872944412,5.52169699498799
2024,1,0.165,3200,0,0.7,"C",0.784011579659239,1.28919899350124
2024,1,0.319,2550,1,0.93,"Missing",0.608501818366959,0.441019029896185
2024,0,0.319,5000,1,0.96,"Missing",0.288957900425994,-0.900450635593485
2024,0,0.187,7100,0,0.95,"D",0.0161857500476002,-4.10730588041089
2024,0,0.088,1000,0,0.01,"AA",1.9518659072221e-08,-17.7518949338731
2024,1,0.308,2550,0,0.94,"Missing",0.999929862279976,9.56497967966953
2024,0,0.165,7700,0,0.38,"C",2.16301613411894e-06,-13.0440047888631
2024,0,0.187,3000,0,0.91,"D",0.480905745700718,-0.0764141781703751
2024,0,0.264,5500,0,0,"D",0.0307705825859107,-3.44994221802209
2024,0,0.121,1527,0,0.03,"AA",0.000734958750687366,-7.21496095287482
2024,0,0.143,9500,0,0.27,"A",0.00893875931552984,-4.7083795287456
2024,1,0.187,5600,0,1.09,"B",0.716580512816505,0.927562523544649
2024,1,0.319,2000,0,0,"Missing",0.97982145729448,3.88275057110547
2024,1,0.319,3500,0,0.83,"Missing",0.414407893668858,-0.345772743737903
2024,0,0.264,5250,0,0.57,"Missing",0.577920527223874,0.314242742647155
2024,0,0.319,7000,0,0.12,"D",0.000157022553016013,-8.75896407826674
2024,0,0.165,9990,0,0.2,"A",0.00355174762735229,-5.63675743717662
2024,1,0.319,4300,1,0.95,"Missing",0.964896476097586,3.31371929541623
2024,0,0.176,8000,0,0.8,"C",0.0101378921826287,-4.58128554337549
2024,1,0.253,5000,0,0.37,"D",0.995137436391936,5.32131506443813
2024,0,0.165,25000,0,0.9,"B",4.10221778950098e-06,-12.4039787040061
2024,0,0.253,8000,0,0,"D",0.47018789246251,-0.119390043597268
2024,1,0.187,9000,0,1,"Missing",0.968302051386777,3.41929210888722
2024,0,0.198,10000,0,0.97,"C",0.0303271501312751,-3.46491539118908
2024,1,0.319,4000,1,0.98,"Missing",0.998259994861029,6.35212569162239
2024,0,0.253,18000,0,0.58,"C",6.67888180207782e-05,-9.6139080952838
2024,0,0.319,5000,1,0.75,"D",1.77259061146007e-05,-10.9404656400786
2024,0,0.209,11500,0,0.38,"C",0.0250690063606105,-3.66073441595263
2024,0,0.264,7500,0,0,"C",0.072679213372474,-2.54624413354103
2024,1,0.231,4900,0,0,"D",0.999245462531497,7.18865079867085
2024,0,0.319,4000,0,1,"Missing",0.00357438320628547,-5.63038186085426
2024,1,0.209,4000,0,0.9,"D",0.999439672846597,7.4864292581138
2024,0,0.22,7500,1,0.52,"D",0.000678575194563218,-7.29483645459275
2024,1,0.319,5000,0,0,"Missing",0.998802173313175,6.72604791386016
2024,0,0.297,10000,1,0.79,"D",2.89033451084593e-05,-10.4515243180838
2024,0,0.275,15000,0,0.9,"D",0.0237842706950231,-3.71465912908975
2024,1,0.297,7500,0,0.69,"Missing",0.975835146846288,3.69839443676557
2024,1,0.319,5000,0,0.9,"Missing",0.962959635492731,3.25800324490491
2024,0,0.165,8000,0,0.54,"B",2.8594647948356e-05,-10.4622623972664
2024,1,0.319,3600,0,0.3,"Missing",0.827294209302979,1.56657087168595
2024,0,0.308,6000,0,0.86,"Missing",0.0112252735428183,-4.47829872416198
2024,0,0.264,25000,0,0.89,"B",6.21544683184448e-05,-9.68582569048084
2024,1,0.154,7750,0,0.59,"C",0.888929214934385,2.07984990773807
2024,0,0.11,5000,0,0.43,"A",2.36852575711925e-07,-15.2558276959175
2024,1,0.121,1200,0,1,"Missing",0.99964818376895,7.95204971143939
2024,1,0.253,10000,1,0.72,"D",0.492076233376027,-0.0316977202409912
2024,0,0.198,2750,1,0,"D",1.66829776485338e-05,-11.0011049777498
2024,1,0.275,2500,0,1.01,"D",0.959292723106625,3.15978939625075
2024,1,0.264,1000,1,0.9,"D",0.0487364776704925,-2.97136334655305
2024,0,0.165,5000,0,0.83,"C",0.000405974272606884,-7.80881471163124
2024,0,0.22,7000,0,0.28,"C",0.0221343457479388,-3.78824178436666
2024,0,0.319,5000,0,0.92,"Missing",0.00177306797477942,-6.33326927205559
2024,1,0.319,4669,1,0,"Missing",0.988858876184335,4.4859085174676
2024,0,0.22,7500,1,0.52,"D",0.534858535918404,0.139660709935018
2024,0,0.187,3000,0,1.12,"Missing",0.0142545481992283,-4.23632213113328
2024,0,0.132,10000,1,0.08,"AA",2.70744045771338e-05,-10.5168946821589
2024,0,0.099,3600,0,0.23,"AA",9.4149724172814e-09,-18.4809645950834
2024,0,0.143,9000,0,0,"A",0.00793375352302102,-4.8286636300845
2024,0,0.275,9000,0,0.97,"D",0.31827832308073,-0.761695246386306
2024,1,0.22,6000,0,0.85,"Missing",0.737451593514743,1.03276497945846
2024,1,0.099,6500,0,0.09,"AA",0.522145939007255,0.0886417513069429
2024,0,0.187,1775,0,0.9,"D",0.3111442185109,-0.794775403605955
2024,1,0.264,3000,0,0.4,"Missing",0.145876443301165,-1.76731587864548
2024,1,0.187,2000,1,0.97,"Missing",0.828365538029507,1.57408753379109
2024,0,0.242,15000,0,0,"C",0.0066628814290025,-5.00451806348108
2024,0,0.242,25000,0,0.63,"AA",0.000975287185216844,-6.93180281830988
2024,0,0.143,10000,0,0.12,"AA",4.56038970053441e-05,-9.99547177951508
2024,0,0.121,2500,1,0,"B",0.046853018850836,-3.01275367859334
2024,1,0.198,2800,0,0.38,"C",0.966665761008331,3.36726772371713
2024,1,0.22,8000,0,0.91,"D",0.875997382578948,1.9550604293918
2024,0,0.319,12000,1,0.97,"D",0.0173826335352977,-4.03474815844029
2024,0,0.176,25000,0,0.92,"A",0.0598747064592592,-2.75375900422267
2024,1,0.187,18000,0,0.22,"B",0.161440994536142,-1.64754523205486
2024,0,0.253,8100,0,0.93,"C",0.00115062114269884,-6.76630207472012
2024,0,0.121,3500,1,0.18,"A",0.346025476552003,-0.636555991725718
2024,0,0.187,3000,1,0.59,"C",0.461323627388367,-0.155015160322654
2024,0,0.187,2500,1,0.59,"C",0.0408734367534369,-3.15554265644205
2024,0,0.165,15152,0,0.85,"B",0.00238938694748639,-6.03432620718244
2024,0,0.11,7500,1,1.02,"D",0.000271747415365361,-8.21036575873783
2024,0,0.198,7000,0,0.95,"C",0.00848677203487317,-4.76072356911827
2024,1,0.198,3001,0,1,"Missing",0.9991574518425,7.07823683383307
2024,0,0.319,5000,0,0,"Missing",0.609288415610321,0.444322092487017
2024,0,0.22,7000,0,0.28,"C",0.00177056142711279,-6.33468646150783
2024,0,0.275,9000,0,0.78,"D",0.00118080158278349,-6.74038026440754
2024,0,0.143,10000,0,0.28,"AA",3.47620739216951e-05,-10.2669488326384
2024,0,0.198,2275,0,1.03,"D",0.00105430144216158,-6.85382201388803
2024,0,0.132,10000,1,0.08,"AA",5.44812812414803e-07,-14.4228230199264
2024,1,0.11,2000,0,0,"AA",0.911106005968403,2.32721467115705
2024,0,0.165,3200,0,0.7,"C",0.00288998614963412,-5.8436093991606
2024,0,0.187,9500,0,0.95,"AA",2.75302467469404e-06,-12.8028076159771
2024,0,0.165,10000,0,0.66,"B",0.000378046958340226,-7.88011402321099
2024,0,0.275,5100,0,1.02,"Missing",0.00341044282197953,-5.67749686466129
2024,1,0.22,3100,1,0.92,"C",0.998925944674537,6.83523913821964
2024,0,0.242,12150,0,0,"D",0.00593590683602897,-5.1207818736192
2024,1,0.319,4000,0,2.68,"Missing",0.267069119916175,-1.00954389915867
2024,0,0.242,10000,0,0.65,"C",0.00440610651074753,-5.42034801486503
2024,0,0.143,2000,1,0.54,"A",0.000266617220097384,-8.22942990802375
2024,1,0.319,1890,1,0,"Missing",0.949513369029864,2.93424104225816
2024,1,0.297,7000,0,0,"D",0.452443994163296,-0.190800764549679
2024,1,0.253,7500,1,0.81,"Missing",0.612486598508248,0.457776629502763
2024,0,0.319,3000,1,0,"Missing",0.401269453088922,-0.400178504208451
2024,0,0.209,6001,0,0.52,"C",3.76740460066727e-05,-10.186501460671
2024,0,0.319,5000,1,0.42,"D",0.360293425292848,-0.574090824482231
2024,0,0.319,5000,1,0,"Missing",0.0204356561505569,-3.86982670007736
2024,0,0.209,21200,1,0.47,"B",0.362097731323719,-0.566270936296791
2024,1,0.066,1000,0,0.04,"AA",0.715333001181766,0.921428098262686
2024,0,0.11,7500,0,0.13,"AA",0.0536611447685146,-2.86991152432303
2024,0,0.077,1850,1,0.31,"AA",5.17396540727602e-07,-14.4744557356965
2024,1,0.319,5000,1,0.96,"Missing",0.98325975867747,4.07305785530338
2024,1,0.231,6001,1,0,"D",0.999949810014347,9.89964484889942
2024,0,0.088,4000,0,0.13,"AA",1.25874248835512e-05,-11.2827996799764
2024,0,0.253,9600,0,0.94,"D",0.0797320078954675,-2.44599381350492
2024,0,0.264,1000,1,0.18,"C",0.182288004352994,-1.50092231321014
2024,0,0.165,2500,1,0.28,"B",0.172185549478852,-1.57021636430649
2024,1,0.297,8500,0,0.96,"C",0.980924370533724,3.94008378616761
2024,0,0.187,15000,1,0,"A",3.9213438254781e-06,-12.4490722289352
2024,1,0.264,3000,0,0,"Missing",0.388363584656529,-0.454196038692688
2024,0,0.242,10001,1,0.81,"D",0.00303915980738574,-5.7931303934812
2024,1,0.275,3000,0,0.62,"Missing",0.181022787317342,-1.50943334000131
2024,0,0.297,1000,0,0,"Missing",0.811610893063723,1.46051148791526
2024,1,0.319,2501,0,1.22,"Missing",0.591451336886308,0.369968375788695
2024,0,0.187,9000,0,0.99,"C",0.000487192170803675,-7.62636460058923
2024,0,0.077,1000,0,0.34,"AA",0.000384273383218209,-7.86377197598314
2024,0,0.165,5000,0,0.7,"C",0.0641627010227155,-2.68001957458266
2024,0,0.099,5400,0,0.18,"AA",0.159746026143623,-1.66011897848991
2024,0,0.143,10000,0,0.15,"A",1.42701808576924e-09,-20.3676788231252
2024,1,0.253,3550,0,0.66,"D",0.551326046581667,0.20602990792168
2024,0,0.187,10000,0,0.05,"B",7.53127300312296e-06,-11.7964389416201
2024,0,0.121,23500,0,0.02,"AA",0.0530732522110129,-2.88154866183847
2024,0,0.319,17000,1,0,"D",1.0951807418387e-05,-11.4219951024155
2024,0,0.154,2400,1,0.22,"B",0.00347610433027312,-5.65836089754802
2024,0,0.286,5000,0,0.61,"D",0.0343553667033457,-3.33603764972595
2024,0,0.319,3000,0,0.82,"Missing",0.463206421276807,-0.147440834423006
2024,0,0.176,25000,0,0.85,"A",0.0018709318546788,-6.27944596999103
2024,0,0.22,15000,0,0.65,"B",8.52099253405884e-06,-11.6729692082713
2024,1,0.165,1800,1,1.02,"D",0.160343023215647,-1.6556780319964
2024,0,0.099,2000,1,0.01,"AA",0.000106371527631432,-9.14846623713078
2024,0,0.22,6001,0,0,"A",0.00469068936695122,-5.35747399559444
2024,0,0.264,25000,0,0.97,"C",5.39554682698815e-05,-9.82729755636543
2024,1,0.077,3000,0,0.87,"C",0.00494698720266182,-5.30401726957904
2024,1,0.319,3000,0,0.29,"Missing",0.993313182752178,5.00090799157897
2024,0,0.22,3500,1,0.81,"C",9.33249678919246e-05,-9.27932954788656
2024,1,0.319,1890,1,0,"Missing",0.999534527015509,7.67199091704479
2024,0,0.275,5000,1,0.96,"Missing",0.00201112811419628,-6.20704631036171
2024,0,0.055,2000,0,0.1,"AA",0.000140684845624005,-8.86884761190986
2024,1,0.319,4750,0,1,"Missing",0.958265317760087,3.13379219775439
2024,0,0.121,2700,1,0.12,"AA",0.000308270083940117,-8.0842259457209
2024,1,0.253,4000,0,1.01,"Missing",0.974196016918763,3.63108366979243
2024,0,0.22,3000,1,1.03,"Missing",0.401488083214766,-0.399268583600514
2024,0,0.132,7500,1,0,"B",2.66401999431432e-05,-10.5330625663922
2024,1,0.319,23250,0,0.92,"C",0.999971701551762,10.4726752885381
2024,1,0.198,10000,0,0.27,"C",0.866610532304098,1.87131648526516
2024,0,0.154,2100,0,0.92,"C",0.000877470868327969,-7.03758894559074
2024,1,0.231,9800,0,0.7,"D",0.643834242070911,0.59204507023702
2024,1,0.319,3000,1,1.01,"Missing",0.998881967080071,6.79506580092268
2024,0,0.176,6000,0,0.16,"A",0.804627468550698,1.41547124459443
2024,1,0.132,25000,1,0.22,"AA",0.960333577409313,3.18677564932543
2024,0,0.165,1000,1,1.75,"Missing",0.447282053950217,-0.211658439298089
2024,0,0.242,2500,1,0.63,"D",0.0755009664854159,-2.50510654810806
2024,0,0.264,1000,0,0.92,"Missing",0.327243663327699,-0.720678167418585
2024,0,0.132,1500,1,0.59,"D",0.0112634411224384,-4.47486574300994
2024,0,0.275,5000,1,1.1,"Missing",0.000105369231185628,-9.15793451392731
2024,0,0.121,18800,0,0.63,"AA",9.06991340962612e-05,-9.30787204454024
2024,0,0.187,6000,0,0.6,"C",1.96855325887206e-06,-13.1382097028123
2024,0,0.187,6000,0,0.6,"C",4.85021625157696e-05,-9.93385366972205
2024,0,0.154,22000,0,0.77,"B",5.8182809006371e-07,-14.3570902289168
2024,1,0.286,5000,0,0.64,"D",0.489385605457426,-0.0424639578938653
2024,1,0.242,3000,0,0.3,"Missing",0.899022505622416,2.18641040415432
2024,1,0.22,5000,0,0.81,"C",0.998866762217315,6.78154256859585
2024,0,0.165,2000,0,0,"C",0.0414435290556855,-3.14109672177129
2024,0,0.209,19250,0,0.88,"B",0.145160620512845,-1.7730727340221
2024,0,0.264,10000,0,0.57,"D",1.78399784227438e-06,-13.2366519492952
2024,0,0.209,7400,1,0.87,"C",0.0154072650141283,-4.15738893630886
2024,1,0.319,3000,0,1.15,"Missing",0.999977310606125,10.6935902831709
2024,0,0.099,1400,1,0.9,"D",0.00799188767942855,-4.82130429787201
2024,1,0.319,5000,0,0.77,"D",0.468834015686725,-0.124825765867797
2024,0,0.319,3000,1,0,"Missing",0.0402586348355466,-3.17133932594514
2024,0,0.187,25000,0,0.89,"B",0.111153890537816,-2.0790084729255
2024,1,0.242,1100,1,0,"Missing",0.999774629114585,8.39753773693821
2024,1,0.319,3000,1,0,"Missing",0.950380955613004,2.95248819066905
2024,1,0.319,11700,0,0.56,"Missing",0.874888471657967,1.94489085103056
2024,1,0.297,1000,1,0,"Missing",0.999930436847283,9.57320598022884
2024,0,0.121,10000,1,0.23,"AA",0.000207531265848666,-8.48002099805224
2024,0,0.165,1500,1,0.2,"C",0.328940670806722,-0.712980149519777
2024,0,0.264,3500,0,0.8,"Missing",0.000166522478182434,-8.70021371721272
2024,0,0.132,6000,0,0.53,"AA",2.3452657818067e-08,-17.5682819852343
2024,0,0.187,9000,0,0.94,"C",0.368658695727005,-0.537975338375844
2024,0,0.165,13000,0,0.26,"AA",1.98744255464004e-08,-17.7338320602751
2024,1,0.319,1200,1,1,"Missing",0.999972033787943,10.4844855221153
2024,0,0.231,6000,0,0.76,"D",0.00308850943629244,-5.77697339880883
2024,0,0.132,13000,0,0.36,"AA",4.23846228859131e-06,-12.3713057838141
2024,0,0.22,8000,1,0.92,"C",0.190549361428695,-1.44644451746902
2024,1,0.319,5200,0,0,"Missing",0.999753099454121,8.30627801965304
2024,0,0.22,4100,1,0.8,"D",4.69082203060327e-05,-9.9672707155003
2024,0,0.165,9900,0,0.72,"B",2.9008422077292e-07,-15.053094249586
2024,1,0.22,9000,0,0.88,"D",0.342634555708171,-0.651575651710684
2024,1,0.319,2500,0,0.96,"Missing",0.953823954866623,3.02801796072542
2024,0,0.187,25000,0,0.11,"A",4.65834739775825e-05,-9.97421813084595
2024,1,0.22,1000,1,0.9,"D",0.583415476102043,0.336810204962548
2024,0,0.154,11500,1,0.36,"A",0.00187054614471332,-6.2796525369584
2024,0,0.099,3000,0,0,"AA",0.000277943939123463,-8.18781313986588
2024,0,0.319,5000,0,0.93,"Missing",0.258318449306705,-1.05472685064293
2024,1,0.11,2550,0,0.02,"AA",0.518959919472226,0.0758760595985528
2024,0,0.077,2550,1,0,"A",0.0134536250016061,-4.29496174740338
2024,1,0.187,6500,1,0.33,"C",0.703095050794928,0.862080038827046
2024,0,0.165,5000,0,0.41,"B",0.0148798822628903,-4.19275346374492
2024,0,0.187,4000,1,0.76,"D",0.000863879809307173,-7.05321265526653
2024,0,0.165,13000,0,0.26,"AA",4.15616687682011e-07,-14.6935020096816
2024,1,0.319,2500,1,0,"Missing",0.945813029605677,2.85960442547846
2024,1,0.319,2550,1,0.93,"Missing",0.96511903807594,3.32031027249186
2024,0,0.319,10500,0,0.76,"D",0.00473101899723053,-5.34887242117158
2024,0,0.11,4000,1,0.43,"A",0.000287618302334117,-8.15358863631222
2024,0,0.198,10000,0,0.66,"B",0.000968169056908006,-6.93913520233504
2024,0,0.165,5000,1,0.84,"B",0.0231548157455004,-3.74212539669138
2024,0,0.176,7000,0,0.29,"C",1.05639489288303e-06,-13.7606474345934
2024,0,0.209,24000,1,0.18,"B",1.45249546379648e-06,-13.4422260187604
2024,1,0.165,1000,1,1.75,"Missing",0.999594449824498,7.80986032226481
2024,0,0.209,7400,1,0.87,"C",0.0522506389949841,-2.89803795983386
2024,1,0.319,7000,0,0.7,"D",0.995411802839652,5.37966935234512
2024,0,0.275,5000,0,0.52,"C",0.000204849762739454,-8.49302884144074
2024,0,0.099,3500,0,0,"AA",4.74765815938404e-05,-9.95522650986595
2024,0,0.11,7500,0,0.23,"AA",0.000119078888343354,-9.03560527125808
2024,0,0.11,8300,0,0.05,"AA",1.01845956873666e-06,-13.7972182804786
2024,1,0.253,7800,1,1.03,"C",0.96877116270423,3.43468648556192
2024,0,0.264,25000,1,0.46,"C",0.0135420688066273,-4.28831963201563
2024,0,0.264,15000,0,1.03,"D",1.53914272053431e-05,-11.0816844869778
2024,0,0.165,8000,0,0.84,"A",0.00782605974809973,-4.84243927658664
2024,1,0.319,5000,0,0.92,"Missing",0.99996982649158,10.4085160492091
2024,1,0.22,20000,1,0.2,"C",0.99982368987802,8.64308973115433
2024,0,0.22,2300,0,0.86,"C",9.60984958762268e-06,-11.552712376861
2024,0,0.154,6001,0,0.54,"A",7.52378547310595e-07,-14.1000254998936
2024,0,0.264,4500,0,0.72,"D",0.161093758694824,-1.65011240206744
2024,0,0.242,15000,0,0,"C",3.17749923145489e-05,-10.3567992072626
2024,1,0.297,2000,1,0,"Missing",0.986170072288576,4.26699390811326
2024,1,0.198,14000,0,0.91,"C",0.997103674250542,5.84141180001948
2024,0,0.187,25000,0,0.67,"A",0.0153888447594585,-4.15860391630747
2024,0,0.253,1500,0,0.84,"Missing",0.00418572042486733,-5.47188194024909
2024,0,0.11,1000,0,0.24,"A",0.000968806992886689,-6.9384758710706
2024,1,0.209,25000,0,0.66,"A",0.40539878957229,-0.383019698010803
2024,0,0.275,15000,0,0,"D",1.35406053049386e-05,-11.2098040458386
2024,0,0.099,5000,0,0.28,"AA",2.20460253087597e-05,-10.7223561841577
2024,1,0.286,7000,0,0.58,"D",0.78420755239183,1.29035666547806
2024,0,0.275,7000,0,0.96,"D",0.00155298892974364,-6.46601966707816
2024,0,0.165,5000,0,0,"C",0.000337989537339814,-7.99215757090762
2024,0,0.11,3000,1,0.32,"A",1.27780798186691e-07,-15.8729494274411
2024,0,0.165,2000,1,0,"C",3.18247144182376e-05,-10.3552355618442
2024,0,0.253,15000,0,0.86,"C",0.14748875317405,-1.7544344786231
2024,1,0.319,3975,0,0.97,"Missing",0.999219674652832,7.15501898353442
2024,1,0.319,5000,1,0.96,"Missing",0.973601432243764,3.60769225572967
2024,0,0.154,5000,0,0.84,"C",0.00104902431693923,-6.85884519384165
2024,0,0.154,4500,1,0.76,"B",0.0230125742193597,-3.74843300999534
2024,0,0.198,1230,0,0,"C",0.000496575811921051,-7.60727769429793
2024,1,0.11,7500,1,1.02,"D",0.999917961843752,9.4082440573035
2024,0,0.187,9000,0,1,"Missing",0.00821284404514307,-4.79380924793715
2024,0,0.22,5000,0,0.85,"D",0.194017225737759,-1.42411542281098
2024,1,0.242,7000,0,0.07,"AA",0.25033189031681,-1.09684298946773
2024,0,0.231,6000,0,0.76,"D",3.72813415884397e-06,-12.499598946833
2024,1,0.198,2750,1,0,"D",0.972728951842859,3.57427984145277
2024,0,0.121,4999,0,0.28,"A",0.106626525609997,-2.12567240395361
2024,0,0.319,13200,0,0.98,"D",0.403750325431801,-0.389862815845254
2024,0,0.308,3001,0,0,"Missing",0.288652532235746,-0.901937359175952
2024,1,0.308,1900,0,1.2,"Missing",0.901647150402135,2.21566173925674
2024,1,0.198,8000,0,0.35,"C",0.817680429105525,1.5007105554547
2024,0,0.242,12500,0,0.96,"C",1.06318316546209e-05,-11.4516474386298
2024,0,0.264,1000,0,0.81,"Missing",0.0461079919097884,-3.02956417069738
2024,0,0.319,2500,1,0.87,"Missing",0.00133146531120843,-6.62014285296666
2024,0,0.198,15000,0,0.26,"B",0.0157479716505475,-4.13517041774285
2024,0,0.165,19300,0,0.39,"A",0.000490871768239741,-7.61883663647509
2024,0,0.176,5000,0,0.89,"C",9.42619074855253e-08,-16.1771885849676
2024,1,0.187,1200,0,1.36,"Missing",0.999941071511455,9.73912697752767
2024,0,0.187,3600,1,0.76,"D",0.00904638714335422,-4.69630225748837
2024,0,0.22,1800,0,0.61,"Missing",0.111578659666804,-2.07471630277981
2024,0,0.187,2000,0,0.74,"B",4.34817672227269e-06,-12.3457495968482
2024,1,0.22,4200,1,0.97,"Missing",0.531075712814241,0.124463275572798
2024,0,0.264,7100,0,0.9,"D",8.8833707004662e-05,-9.32865555895091
2024,1,0.297,15000,1,0.75,"C",0.020973572807935,-3.8432954287253
2024,1,0.308,23500,0,0.89,"D",0.35439746024254,-0.599764998550252
2024,1,0.319,2700,0,0,"Missing",0.999394603866863,7.40902196922314
2024,0,0.165,8400,0,0.48,"B",0.000775482869787928,-7.1612488811278
2024,0,0.176,5200,0,0.86,"C",0.00122086101771265,-6.70697731006383
2024,1,0.264,5250,0,0.57,"Missing",0.99075904227426,4.67482582847098
2024,0,0.154,14500,0,0.48,"A",9.6546183637152e-05,-9.24539252634751
2024,1,0.187,1500,0,0,"Missing",0.993872610916879,5.08884030564591
2024,1,0.22,9500,1,0.65,"AA",0.812943285520476,1.46924949074765
2024,0,0.319,6500,0,0.95,"Missing",0.00305971447252674,-5.78636927203423
2024,0,0.176,3500,1,0,"C",0.0492822383192459,-2.95965349929726
2024,0,0.198,10000,0,0.96,"C",0.000311546287064552,-8.07365104184037
2024,1,0.319,3000,1,0.8,"Missing",0.999998786782761,13.6222336381911
2024,1,0.088,2000,0,0.15,"AA",0.418494602993203,-0.328956259323942
2024,0,0.198,9999,0,0.92,"D",0.00385592834408673,-5.55428010377013
2024,0,0.319,25000,0,0.6,"D",0.0303261753998892,-3.46494853747516
2024,0,0.22,3000,0,0,"D",0.471736237943914,-0.113175696848476
2024,0,0.319,25000,1,0.93,"C",0.230063360957761,-1.20795347109391
2024,0,0.121,1000,1,0.97,"C",3.23503805633219e-05,-10.3388524222469
2024,0,0.319,5000,0,1.08,"Missing",0.260641931310714,-1.04263478027534
2024,0,0.165,13000,0,0.26,"AA",0.00205122228615111,-6.18726609743982
2024,0,0.22,2018,0,0,"Missing",0.960589833588421,3.19352369200686
2024,0,0.198,12000,0,0.93,"B",0.00145099875975326,-6.53405110735567
2024,0,0.209,6001,0,0.2,"C",0.815667649834019,1.48726660092661
2024,1,0.077,1000,1,1.06,"Missing",0.934406488740429,2.65643477900371
2024,0,0.319,23500,0,0.86,"C",0.0161988655652796,-4.10648256452401
2024,1,0.319,12000,1,0,"Missing",0.930240023979175,2.59038220728542
2024,0,0.099,5000,0,0,"AA",1.62664434033732e-08,-17.9341615217856
2024,1,0.319,1800,0,1.11,"Missing",0.926813718179883,2.53874459753478
2024,0,0.209,10000,1,0.81,"C",0.00162290215387879,-6.4219150589782
2024,1,0.319,2500,0,1.21,"Missing",0.982855969720085,4.04881256389224
2024,0,0.198,5600,0,0.48,"B",3.22108809943498e-07,-14.9483761072957
2024,1,0.319,2550,0,0.63,"D",0.938528982460078,2.725747933012
2024,1,0.297,15000,1,0.96,"Missing",0.989396155557551,4.53587819454164
2024,1,0.264,1000,1,0.98,"Missing",0.999880313763354,9.03051724068264
2024,0,0.319,23500,0,0.86,"C",0.00342340713356224,-5.67368970553957
2024,0,0.297,7500,0,0.91,"Missing",0.373700780993621,-0.51637281615067
2024,0,0.198,7000,0,0.95,"C",0.0019742322993481,-6.22559948172223
2024,0,0.319,3000,0,0.91,"Missing",0.000714779055999492,-7.24282204098027
2024,0,0.209,6500,0,0.7,"C",1.15831345024383e-05,-11.3659488568244
2024,0,0.264,25000,1,0.46,"C",0.0849954417619309,-2.37633141822191
2024,0,0.319,7400,0,0,"Missing",0.146268784547233,-1.76417048903233
2024,0,0.154,1400,0,0.61,"C",0.000569806940566457,-7.4696429859261
2024,1,0.319,20000,1,0.87,"D",0.999497348649612,7.59511099085761
2024,1,0.286,3000,1,0,"Missing",0.97467216293519,3.65019710120064
2024,1,0.165,9000,0,0.49,"B",0.393864523416392,-0.431096518831342
2024,1,0.297,3001,1,1.02,"Missing",0.993630071502969,5.04977673135627
2024,0,0.165,18000,0,0.12,"B",8.4218324911031e-07,-13.9872673686767
2024,0,0.319,5000,0,0,"Missing",0.129737359469374,-1.90328295665892
2024,0,0.275,25000,0,0.57,"D",0.0807380680946185,-2.43236091249055
2024,1,0.198,7000,0,0.33,"C",0.977453243440795,3.76935923560935
2024,1,0.319,2500,1,0.89,"Missing",0.995438782351796,5.38559401124486
2024,0,0.22,15000,0,0.61,"B",0.00232036749411443,-6.06370663949437
2024,0,0.165,12000,0,0.94,"B",0.00489491408132523,-5.31465162207598
2024,1,0.319,2200,0,1.06,"Missing",0.999473494070576,7.54872131990823
2024,0,0.121,1000,1,0.97,"C",0.00212860988810979,-6.15015526841159
2024,0,0.275,25000,0,0.18,"A",0.302035254779374,-0.837624844965278
2024,0,0.209,12500,0,0.02,"AA",5.68017932904858e-05,-9.77588585731339
2024,1,0.319,3001,0,0,"Missing",0.999374018717738,7.37556391056093
2024,1,0.319,5500,1,0.72,"C",0.668638460957955,0.702033454688282
2024,0,0.132,15000,0,0.09,"A",0.00881855931613498,-4.72203909221656
2024,0,0.121,13000,1,0,"AA",0.0403575625850559,-3.16878195224018
2024,1,0.22,2000,0,0.84,"Missing",0.999974583041549,10.5800685338748
2024,0,0.143,9000,0,0.26,"AA",5.29169700565023e-06,-12.1493662768078
2024,0,0.253,25000,0,0,"B",0.471942518616666,-0.112347948459431
2024,1,0.308,5200,1,0.92,"Missing",0.99559359390895,5.42027972420011
2024,0,0.165,2500,0,0.7,"D",0.136036137144998,-1.84861037778833
2024,0,0.198,5600,0,0.33,"C",0.00491588658869849,-5.31035514807321
2024,0,0.198,9500,1,0.36,"A",0.0155151282909334,-4.1503029647914
2024,0,0.099,1025,1,0.76,"D",5.07961441277185e-07,-14.4928597872848
2024,0,0.198,20000,0,0.67,"B",0.356030970943035,-0.592632909322464
2024,1,0.121,20000,1,0.87,"AA",0.985925274030704,4.24919986022909
2024,1,0.187,6750,1,0.73,"C",0.583465231187816,0.33701492663457
2024,0,0.297,2550,0,0.98,"Missing",0.0115176992995011,-4.4522858155036
2024,0,0.22,12000,0,0.34,"C",0.209727870386465,-1.32656651894248
2024,1,0.319,3000,0,0.98,"Missing",0.999996958860235,12.7032751490357
2024,0,0.165,9900,0,0.72,"B",0.035879098394453,-3.29106179483466
2024,0,0.165,15000,0,0.01,"AA",5.90913452912114e-05,-9.73636699295768
2024,1,0.319,5000,0,0.6,"Missing",0.98856564944404,4.45963302214598
2024,0,0.165,18000,0,0.61,"B",0.03566822048847,-3.29717529507338
2024,1,0.319,4500,1,0.6,"Missing",0.994093856706133,5.12583857999479
2024,0,0.165,2500,0,0.94,"D",0.0179219682057792,-4.00364353288239
2024,0,0.242,2000,1,0.84,"D",0.0210821053297437,-3.83802318047306
2024,0,0.264,3000,0,1,"Missing",3.73806227802385e-05,-10.1943207139666
2024,1,0.176,8000,0,0.8,"C",0.217688741427632,-1.27918643931075
2024,0,0.22,15000,0,0.59,"A",0.00505042318411664,-5.28322002069622
2024,0,0.198,14000,0,0.91,"C",0.000392724983073156,-7.84200817755955
2024,1,0.319,2550,0,0.98,"Missing",0.998900774086727,6.81204923160241
2024,0,0.165,8000,0,0.12,"B",3.69705765464478e-05,-10.2053512188964
2024,1,0.165,7000,1,0,"B",0.905526465010206,2.2601967615946
2024,0,0.121,5000,0,0.18,"A",0.259915368757985,-1.04640847295176
2024,1,0.319,1800,0,0.85,"Missing",0.450057869888941,-0.200436880461495
2024,0,0.198,10000,0,0.66,"B",1.60321057808535e-05,-11.0409012027422
2024,0,0.231,9500,0,0.73,"D",0.000424271357808627,-7.76471295122364
2024,0,0.165,7000,0,0,"A",1.64917311550645e-05,-11.0126349529216
2024,0,0.275,15000,0,0.11,"D",0.000180643363531555,-8.61880517797308
2024,0,0.11,4000,1,0.43,"A",1.66616384575159e-07,-15.6075715986433
2024,1,0.165,1000,0,0,"Missing",0.911110687183795,2.3272724711273
2024,0,0.121,3000,0,0,"B",0.400548136785298,-0.403181725346301
2024,0,0.286,10000,0,0.97,"D",0.0579486888149668,-2.78850180017935
2024,1,0.319,20000,0,0.03,"D",0.998604782245904,6.57330858778775
2024,0,0.11,2000,0,0.29,"A",1.02749156236302e-06,-13.7883890749298
2024,0,0.187,12000,0,0.91,"D",1.56012612118695e-05,-11.0681431986791
2024,1,0.319,1890,1,0,"Missing",0.812289773834851,1.46495771728705
2024,0,0.165,5000,0,0.85,"C",0.322641802021964,-0.741657493179805
2024,0,0.319,4750,1,1.19,"Missing",0.89500867667002,2.14295570104074
2024,1,0.242,7300,0,0.74,"D",0.972400753568168,3.56197954824276
2024,1,0.264,6000,0,0,"Missing",0.418456577629875,-0.329112514816723
2024,1,0.319,3001,0,0,"Missing",0.965258873393664,3.3244721380015
2024,1,0.319,4500,0,0.45,"Missing",0.915788456904043,2.38645339250534
2024,0,0.165,17500,0,0.55,"B",4.17899041391308e-05,-10.0828139846007
2024,0,0.253,1000,1,0.93,"Missing",0.0736996154650155,-2.53120098977931
2024,1,0.253,2400,0,0.91,"Missing",0.999924482231984,9.49106707082026
2024,0,0.308,9900,0,0.33,"D",0.00378455321742718,-5.57303570661097
2024,0,0.319,2700,0,0,"Missing",0.606489930715374,0.432581469399885
2024,0,0.231,10000,0,1.01,"D",0.00402155581788448,-5.51205676783047
2024,1,0.231,25000,0,0.07,"A",0.945822288949113,2.85978510752965
2024,0,0.308,4000,0,0.53,"Missing",0.0903012175200429,-2.30996259306279
2024,0,0.297,7000,0,0,"D",0.000552965348402021,-7.49966210123261
2024,0,0.209,21200,1,0.47,"B",0.000245696404817079,-8.31116818436019
2024,1,0.319,2550,1,1.26,"Missing",0.878253252747668,1.97599194981599
2024,1,0.242,6001,0,0.69,"D",0.201824394597672,-1.37493064449934
2024,1,0.165,2650,1,0.42,"D",0.996905619438601,5.77506835653312
2024,0,0.308,2500,1,1.04,"Missing",5.65735583539736e-05,-9.77991227364381
2024,1,0.319,4500,0,0.98,"Missing",0.398157917627202,-0.413146384709938
2024,1,0.231,5000,0,0,"D",0.999988867009984,11.4055866509969
2024,0,0.319,20000,1,0.87,"D",0.00454774416411774,-5.38856584045678
2024,1,0.319,20000,0,1.05,"C",0.0352376443118885,-3.30976685563711
2024,1,0.319,23250,0,0.92,"C",0.999041606414732,6.94929317065528
2024,0,0.22,10000,0,0.03,"D",0.00303970267411278,-5.7929512409616
2024,0,0.165,7500,0,0.98,"C",3.10677327536463e-08,-17.2870960573395
2024,0,0.209,8500,0,0.79,"C",0.000264523998121563,-8.23731402165265
2024,0,0.242,15000,0,0.04,"D",0.106126971963703,-2.13092751230385
2024,1,0.308,1250,0,0,"Missing",0.866588719303121,1.87112779917966
2024,0,0.077,2550,1,0,"A",0.286413797173242,-0.912865638061414
2024,0,0.154,2000,0,0.5,"C",0.0164107253472963,-4.09327330044015
2024,0,0.132,9000,0,0.12,"A",0.00617549692910397,-5.080971281177
2024,1,0.319,5500,0,0.41,"D",0.994646821726831,5.22469726683996
2024,0,0.165,5000,1,0.42,"B",0.0034151318521109,-5.67611820028296
2024,0,0.242,8000,1,0.93,"D",8.86758094482349e-05,-9.33043474934736
2024,0,0.121,1600,0,0.69,"B",0.216757946034069,-1.28466050993619
2024,1,0.264,2550,1,0.93,"Missing",0.995756208646568,5.45804540036146
2024,1,0.319,25000,1,0.93,"C",0.995494693823243,5.39798394081255
2024,0,0.242,10000,0,0.8,"D",0.00241536348204443,-6.02348720786179
2024,0,0.165,8000,0,0.84,"A",0.101468753907418,-2.18101057364763
2024,1,0.143,4250,1,0.99,"B",0.971201948674271,3.51822670421192
2024,0,0.143,25000,0,0.05,"AA",0.00560889582856429,-5.17777671607092
2024,0,0.319,12000,0,0.92,"C",0.000897504016743861,-7.01499505511661
2024,1,0.308,6215,1,0.91,"Missing",0.999302753698785,7.26767434679923
2024,0,0.319,3700,0,0.58,"D",4.58274419365833e-05,-9.99058164886108
2024,0,0.22,10000,1,0.89,"D",5.73574692359378e-07,-14.3713770957719
2024,1,0.319,5100,0,0.66,"Missing",0.951928108960943,2.98579189573323
2024,0,0.22,15000,0,0.84,"C",0.00873466388056424,-4.73168278109359
2024,1,0.165,2000,1,0,"C",0.612434553097813,0.457557354860931
2024,0,0.253,6001,0,0.88,"D",0.00333213637281489,-5.70080392699682
2024,0,0.077,1000,0,0.09,"AA",0.00912437778557569,-4.68763930984
2024,0,0.319,5000,0,0.6,"Missing",0.130602670237035,-1.89564058464141
2024,0,0.198,5500,0,1.02,"C",0.0407638316649978,-3.15834210031735
2024,0,0.143,7500,0,0.92,"B",0.00110189818962254,-6.80961845370598
2024,0,0.176,6000,1,0.55,"C",0.0707486126786648,-2.57524637457464
2024,1,0.319,3001,1,0,"Missing",0.97503572375288,3.66502825724302
2024,1,0.319,4500,1,1.52,"Missing",0.999393723886731,7.40756858323344
2024,0,0.22,5000,0,0.81,"C",5.43262002969494e-05,-9.82044960964619
2024,1,0.165,1100,0,0,"Missing",0.991601568154076,4.7712763781855
2024,1,0.275,9500,0,0.64,"D",0.982567477213079,4.03183143321855
2024,0,0.154,7000,0,0.32,"A",0.00610990643182033,-5.09171517156713
2024,1,0.319,20000,0,0.89,"C",0.93504936147937,2.66697174689638
2024,0,0.231,25000,0,0.99,"C",0.0230428224081681,-3.74708849189265
2024,0,0.088,2750,0,0.01,"AA",1.23098968347036e-06,-13.6076908604156
2024,1,0.121,6000,0,0.4,"AA",0.038882959632674,-3.20754009280435
2024,0,0.275,4500,1,0.2,"D",0.000197240417252467,-8.53088992128326
2024,0,0.319,12000,0,0.92,"C",0.00284144569893791,-5.86059681713947
2024,0,0.264,2350,0,1.37,"Missing",1.36182439623233e-05,-11.2040865780318
2024,0,0.319,7000,0,0.12,"D",7.0147005851863e-09,-18.7752577993714
2024,1,0.297,7500,0,0.91,"Missing",0.999994052161251,12.0324766920789
2024,1,0.198,2550,0,0.28,"D",0.77913785563599,1.2606492693602
2024,1,0.319,5000,1,0.94,"Missing",0.905826224076004,2.26370572638362
2024,1,0.297,5000,0,0.96,"Missing",0.999908848205039,9.30289320869497
2024,0,0.165,8500,0,0,"B",0.0366021194031489,-3.27036034835285
2024,1,0.286,1000,1,0,"Missing",0.432077431575246,-0.273380274292348
2024,0,0.154,5000,0,0.68,"B",3.74339821076115e-08,-17.1006868951274
2024,0,0.176,24000,1,0.35,"A",0.0179367247895145,-4.0028054660432
2024,0,0.275,5100,0,1.02,"Missing",1.3386646198885e-05,-11.221239513482
2024,0,0.088,3000,0,0,"AA",5.35936747622423e-07,-14.4392491550694
2024,0,0.154,10000,0,0.44,"A",0.00261688793252641,-5.94314916126069
2024,0,0.088,3000,0,0.46,"AA",2.26504773648779e-07,-15.3004995900286
2024,0,0.319,5000,1,0.96,"Missing",0.0331430235335384,-3.37321833712947
2024,0,0.319,15000,0,0.49,"C",0.555197343899875,0.221692910772474
2024,0,0.198,10000,0,0.97,"C",2.3797901380462e-05,-10.6458893602817
2024,1,0.154,25000,0,0,"AA",0.827392801941577,1.56726107289952
2024,0,0.077,2550,0,0.44,"AA",0.000263684318987107,-8.24049421263373
2024,0,0.11,6000,0,0.52,"A",1.42245012439905e-05,-11.160530415898
2024,0,0.242,10000,0,0.8,"D",0.00199632476154176,-6.21444908807104
2024,1,0.319,2500,1,0,"Missing",0.999835626203934,8.7132030920655
2024,0,0.198,13000,0,0.73,"C",0.0331586738665821,-3.37273005568571
2024,0,0.187,4000,0,0.02,"AA",2.2008275598344e-06,-13.0266749039407
2024,0,0.319,5000,0,0.75,"Missing",0.365169685124019,-0.55299560621014
2024,0,0.143,5000,0,0,"B",0.000773470211241145,-7.16384963084596
2024,0,0.253,3890,0,0.97,"Missing",8.61823856445492e-06,-11.6616212187645
2024,0,0.154,25000,1,0.63,"AA",0.00209595430740646,-6.1656481587688
2024,0,0.253,5000,0,0,"D",4.61983777666711e-06,-12.2851463469142
2024,1,0.231,5000,0,0,"C",0.875433549806652,1.94987993912767
2024,1,0.275,5000,1,0.92,"Missing",0.840245989150234,1.66005949321007
2024,1,0.319,5500,0,0.99,"Missing",0.999080894675416,6.99119030639721
2024,0,0.253,3000,0,0.86,"Missing",0.908697599163268,2.29783528125544
2024,0,0.209,24000,1,0.18,"B",5.9328503596316e-05,-9.73236136945195
2024,0,0.165,5000,0,0.46,"C",4.69504837847431e-06,-12.2689974460434
2024,0,0.11,2550,0,0.02,"AA",0.00503872552717867,-5.28555063775904
2024,0,0.198,1600,0,0.94,"D",0.00274127231174968,-5.89658808252479
2024,0,0.286,2600,0,0.36,"Missing",0.603607482203485,0.420519195889733
2024,0,0.209,7500,0,0.8,"D",2.68194248681965e-05,-10.526357304695
2024,1,0.319,3000,1,0.98,"Missing",0.999997229512874,12.7964846250424
2024,0,0.253,15900,0,0.74,"D",0.00132584016094577,-6.62438221689279
2024,0,0.275,3001,0,1.02,"D",1.66118727001199e-07,-15.6105629152223
2024,1,0.319,5000,0,0.89,"Missing",0.895109002715347,2.14402381176431
2024,1,0.319,2525,0,0,"D",0.650220025461493,0.62000649369307
2024,1,0.209,4000,0,0.9,"D",0.992023141540643,4.82320177800043
2024,0,0.242,12000,1,0.92,"C",2.02554776386567e-05,-10.8070650446332
2024,1,0.297,1800,1,0.1,"Missing",0.999971881877503,10.479068142279
2024,0,0.154,12000,1,0.37,"A",0.021030841892233,-3.8405101167395
2024,0,0.077,1100,1,0.18,"A",7.44519437480881e-05,-9.50528223635906
2024,0,0.198,20000,0,0.53,"A",0.00165409458378433,-6.40284603503132
2024,1,0.319,20000,0,1.05,"C",0.641040161628824,0.579881598207209
2024,0,0.099,1000,0,0.02,"AA",9.61036917281763e-06,-11.5526583098189
2024,0,0.275,9000,0,0.97,"D",0.00392895458066097,-5.53544520529869
2024,0,0.165,16000,0,0.24,"C",0.190095419148854,-1.44939028716518
2024,0,0.11,6000,1,0.75,"A",0.000356609808401612,-7.93851167417208
2024,0,0.198,4800,0,0.89,"C",0.0698327056466575,-2.58926199407079
2024,0,0.253,21000,0,0,"B",0.042479655560176,-3.11532169966711
2024,0,0.319,20000,0,1.05,"C",0.00675433444647156,-4.99079359176373
2024,0,0.209,3000,0,0,"D",0.000838930010928322,-7.08254399249954
2024,0,0.121,10500,0,0.16,"AA",0.00465459009540771,-5.3652359725389
2024,0,0.099,2500,0,0.09,"AA",4.62378606413479e-05,-9.98166536214767
2024,0,0.143,10000,0,0.51,"A",0.000181653758102034,-8.61322644055369
2024,0,0.187,8000,0,0.8,"C",0.00152215610666101,-6.4861041422447
2024,0,0.143,4950,0,0,"B",0.000163226396452774,-8.72020914582349
2024,1,0.253,1600,0,0.74,"Missing",0.785564505744055,1.29839360787879
2024,0,0.22,3500,1,0.81,"C",0.00124640324442923,-6.68624609916004
2024,1,0.319,2000,1,0,"Missing",0.998867229324457,6.78195530931771
2024,0,0.143,7500,0,0.92,"B",0.000156047787170908,-8.76519220964105
2024,0,0.319,7000,1,1.02,"Missing",0.108089027598287,-2.11041110370952
2024,0,0.187,1500,0,0.61,"D",8.88969424890766e-05,-9.3279439078406
2024,0,0.165,9999,0,0.83,"C",1.19399924168863e-06,-13.6382009840958
2024,0,0.121,8000,0,0.06,"A",1.7068603054232e-07,-15.5834398761162
2024,0,0.165,1100,0,0,"Missing",0.0844224714688691,-2.38372142909364
2024,1,0.231,4900,0,0,"D",0.987529211212748,4.37181706482961
2024,0,0.132,9000,0,0.43,"B",0.00702503307514701,-4.95122553077076
2024,1,0.319,2550,0,0,"Missing",0.998741279727809,6.67640021801307
2024,0,0.165,5000,1,0.42,"B",0.222380242888345,-1.25184893813507
2024,0,0.11,3500,0,0.07,"AA",2.0266904279974e-05,-10.8065010662785
2024,1,0.264,1000,1,0.18,"C",0.981266865815929,3.95855061961011
2024,0,0.187,1850,0,0.68,"D",1.06333547792313e-06,-13.754098849646
2024,0,0.209,25000,0,0.89,"B",0.00239886938428789,-6.03035599122475
2024,0,0.275,6500,0,0.64,"D",0.281504708324601,-0.937009979223672
2024,0,0.22,9999,0,0.9,"D",0.00297529542662109,-5.81443221143167
2024,1,0.319,2500,1,0,"Missing",0.7855761477207,1.29846272040529
2024,1,0.209,1000,1,0,"Missing",0.994155833087761,5.13644991331815
2024,0,0.176,25000,0,0,"AA",7.33374905591149e-05,-9.52036527226445
2024,0,0.286,3600,0,0.53,"Missing",0.326494524145465,-0.724082949063095
2024,0,0.11,4000,0,0.16,"A",8.89073802764346e-06,-11.630491603374
2024,0,0.165,15000,0,0.65,"B",0.0517079262380923,-2.90905146757709
2024,1,0.165,4000,0,0.95,"C",0.104282266608393,-2.15052400902467
2024,0,0.253,5000,0,0,"D",0.000115785931910353,-9.06365169366346
2024,0,0.275,1000,1,0.98,"C",2.00732411801884e-07,-15.4212928996692
2024,0,0.275,14000,0,0.84,"B",0.300146500999463,-0.84660033387417
2024,0,0.165,10000,0,0.49,"A",0.0254001510348142,-3.64727185517898
2024,0,0.077,3000,0,0.87,"C",0.00483011405620151,-5.32804338072018
2024,0,0.209,6000,0,0.5,"B",4.91032877191077e-05,-9.92153546125621
2024,0,0.209,3000,1,0.77,"D",0.0300391328493981,-3.47475476759198
2024,0,0.319,2800,0,0.99,"C",0.00173534290809846,-6.3548133931967
2024,0,0.132,3000,0,0.56,"B",2.73690438952477e-05,-10.5060705986848
2024,0,0.253,3000,1,0.7,"D",0.212299580974389,-1.31111944370566
2024,0,0.143,25000,0,0.11,"AA",1.34302836945758e-08,-18.1257536892595
2024,0,0.088,2600,0,0,"A",0.00807457483278908,-4.81092771277991
2024,0,0.286,1000,0,0,"Missing",0.26527388378929,-1.01873498276137
2024,0,0.121,1000,0,0.03,"AA",0.0572262961691873,-2.80181276312325
2024,0,0.22,25000,0,0.08,"B",0.00133416768622531,-6.61811257909011
2024,0,0.143,2600,1,0.1,"C",0.0117984396825652,-4.4279193929221
2024,1,0.143,5000,1,0.16,"A",0.511237514646405,0.0449576293754852
2024,0,0.143,10800,1,0.68,"A",0.0196256182245648,-3.91109875587159
2024,0,0.275,10000,0,0.87,"Missing",0.312379863574064,-0.789016599468279
2024,1,0.319,10000,0,0.51,"D",0.958433499065254,3.13800560299045
2024,0,0.231,15000,0,0.24,"C",0.00200579161488456,-6.20970866984453
2024,0,0.275,25000,0,0.71,"A",1.45256807509912e-05,-11.1395778630002
2024,0,0.22,5000,0,0.7,"D",0.00670605055540679,-4.99801645498766
2024,0,0.22,3000,1,0.07,"D",5.23226699448247e-05,-9.85802849702303
2024,0,0.176,2000,1,0.41,"C",8.54101511375912e-06,-11.6706221503964
2024,0,0.319,3800,0,0.84,"Missing",0.00386663802180573,-5.55149574492651
2024,0,0.319,2550,0,0.9,"Missing",0.00284893515295321,-5.85795698396865
2024,0,0.253,15000,0,0.86,"C",1.36988250347762e-05,-11.1981867937742
2024,0,0.088,1000,0,0.05,"AA",0.00313943198068173,-5.76056902296231
2024,0,0.275,10500,0,0.81,"D",8.03538992750756e-07,-14.0342393207813
2024,0,0.176,10000,0,0.11,"B",0.00140442258253942,-6.56672362424237
2024,0,0.275,4000,0,0.45,"D",0.271642120083806,-0.98630705572505
2024,0,0.286,3675,0,0.85,"Missing",0.0239487716684791,-3.70759803786719
2024,0,0.231,25000,0,0.99,"C",0.000506069161687477,-7.58833101758237
2024,0,0.165,9999,0,0.83,"C",0.00876781444779027,-4.72786123353834
2024,1,0.165,6088,0,0.69,"B",0.959476228786686,3.16449879508976
2024,1,0.242,8500,0,0.93,"D",0.938142263834987,2.71906443422403
2024,1,0.253,4400,1,0,"Missing",0.999812487325597,8.58147658776417
2024,1,0.319,4000,1,0.16,"Missing",0.924893237969627,2.51076771737212
2024,0,0.308,3200,0,0.93,"D",0.244792101300266,-1.1265837896726
2024,1,0.319,5100,0,0.81,"Missing",0.998400133240499,6.43623378060298
2024,1,0.198,6500,0,0.85,"C",0.505701942346901,0.0228087581708145
2024,0,0.198,9800,0,0.57,"C",0.257803697000793,-1.05741533649644
2024,0,0.187,5000,0,0.15,"B",0.573939457615906,0.297942461775942
2024,0,0.242,12500,0,0.96,"C",0.61505855286501,0.468626233827148
2024,0,0.11,2550,0,0.02,"AA",0.000743248844958423,-7.20373612493777
2024,0,0.242,10001,1,0.81,"D",0.00249611165014035,-5.99052186571802
2024,1,0.275,5100,0,1.02,"Missing",0.98604929700034,4.25817644907209
2024,0,0.077,2500,1,0,"AA",0.0113069141816338,-4.47096954259349
2024,0,0.275,3001,0,1.02,"D",0.0433057708042642,-3.09519792962312
2024,0,0.275,15000,0,0.11,"D",0.00760772723573976,-4.87095399306946
2024,0,0.275,2800,0,0.97,"Missing",0.000477541476979585,-7.64638188349515
2024,0,0.165,3000,0,0,"C",5.64172928682167e-06,-12.0853142865661
2024,0,0.099,3500,0,0.67,"A",1.33274251685872e-05,-11.2256732755637
2024,1,0.319,1800,0,1.11,"Missing",0.997694998099822,6.07036611565525
2024,1,0.198,10000,0,0.97,"C",0.129031085228242,-1.90955294099576
2024,0,0.242,24000,0,0.72,"B",0.000637024903408291,-7.35806458043383
2024,0,0.154,2500,0,0.24,"C",0.0977959742542881,-2.22195727395821
2024,0,0.319,4500,0,0.97,"D",0.00640264462776686,-5.04462092141222
2024,0,0.088,2000,0,0.23,"AA",3.4339782898538e-05,-10.2791716842584
2024,0,0.319,12000,1,0.97,"D",0.246720176803648,-1.1161819629288
2024,0,0.275,3500,1,0.62,"Missing",0.877481224635063,1.96879127215823
2024,0,0.308,3500,0,0.93,"D",1.42406950296556e-07,-15.7645768884903
2024,0,0.187,1100,0,0.29,"D",0.00461655187895266,-5.37347995802539
2024,0,0.165,3500,1,0.89,"C",0.00145444622525567,-6.53167454704568
2024,1,0.121,3000,0,0.32,"AA",0.162498642489076,-1.63975323678495
2024,0,0.121,9000,0,0.33,"A",0.000299247391498758,-8.11394063818538
2024,1,0.319,3000,1,1.01,"Missing",0.999679406750817,8.04501673018192
2024,0,0.319,7000,1,0.27,"Missing",0.474440963840539,-0.102325334149332
2024,1,0.242,6001,1,0.22,"C",0.973542167458244,3.60538889837828
2024,1,0.22,13000,0,0.8,"D",0.864854218705057,1.85620690218811
2024,0,0.165,1500,0,0.77,"C",0.00378444047246064,-5.57306561105404
2024,0,0.253,3550,0,0.66,"D",0.000151331358312486,-8.79588735666469
2024,0,0.308,9000,0,0.7,"D",0.465771943395288,-0.137126697605484
2024,0,0.187,2800,0,0,"C",4.71154009467737e-06,-12.2654910078244
2024,0,0.297,2550,0,0.98,"Missing",0.00763602352020673,-4.86721296573069
2024,0,0.319,1800,0,0.85,"Missing",0.00701603138977889,-4.95251679042662
2024,0,0.121,3500,0,0,"D",1.71053032677884e-05,-10.9761049044681
2024,0,0.055,2000,0,0.1,"AA",0.000106008370376291,-9.15188648716611
2024,0,0.319,7000,0,0,"C",3.36561540832129e-05,-10.2992809767865
2024,0,0.132,9000,0,0.12,"A",2.00273032722583e-06,-13.1209971420477
2024,0,0.143,10000,0,0.28,"AA",6.65850569575343e-06,-11.9196088100658
2024,1,0.209,3900,1,0,"C",0.980618592859317,3.92386937802903
2024,0,0.187,6001,0,0.56,"B",0.0031623610122421,-5.75326900274977
2024,1,0.143,9900,0,0.86,"B",0.940682262075506,2.76369703960421
2024,0,0.165,5000,0,0.33,"B",0.000147673958736734,-8.82035601097855
2024,0,0.253,1400,0,0,"Missing",0.1101630393241,-2.08907681156515
2024,0,0.264,4000,0,0.7,"Missing",0.270954717195947,-0.989784134708976
2024,0,0.121,1000,0,0.01,"AA",1.00120234923333e-05,-11.5117138259063
2024,0,0.099,5000,0,0.02,"AA",0.000606908505379795,-7.40652541800514
2024,0,0.22,13000,0,0.9,"C",1.25092104201038e-06,-13.5916291934485
2024,0,0.165,16000,0,0.24,"C",0.000271629904513393,-8.21079839655521
2024,1,0.319,2560,0,1,"Missing",0.931143450365332,2.60438799773869
2024,0,0.11,9990,0,0.05,"AA",0.144629293293922,-1.77736107929488
2024,0,0.143,2550,0,0.27,"A",0.00870801020858128,-4.73476581680343
2024,1,0.198,4000,0,0.19,"D",0.994312418232108,5.16376630038383
2024,1,0.22,15000,0,0.65,"B",0.394457836659955,-0.428611937838728
2024,0,0.231,5500,1,0,"C",0.00445206719300007,-5.40992474575805
2024,1,0.187,1700,0,0.56,"Missing",0.164649499846013,-1.62403242630154
2024,0,0.319,3800,0,0.84,"Missing",0.312691398606269,-0.78756663557814
2024,0,0.154,7750,0,0.59,"C",0.417012636010036,-0.335048988476866
2024,0,0.319,8500,1,0.93,"B",0.000324340313095236,-8.0333928514204
2024,0,0.231,2500,1,0.38,"A",0.00280858139795311,-5.87226323083438
2024,1,0.253,9500,0,0.53,"D",0.97346574601622,3.60242613630777
2024,0,0.132,17000,0,0.19,"AA",3.14976962358101e-06,-12.6681780933978
2024,0,0.165,25000,0,0.01,"A",1.07847964969853e-06,-13.7399571618938
2024,1,0.319,9740,0,0.56,"D",0.999967394136513,10.3309858178169
2024,0,0.319,10000,0,0.51,"D",0.00504299533159501,-5.28469930746206
2024,1,0.308,12000,1,0.87,"D",0.147737034416743,-1.75246122534794
2024,1,0.319,5000,0,0.89,"Missing",0.894542136166312,2.1380005294755
2024,1,0.154,1000,0,0,"B",0.275240705346153,-0.968193585364427
2024,1,0.22,7500,1,0.38,"C",0.978785691615242,3.83163683534043
2024,1,0.275,15000,0,0,"D",0.29592456757306,-0.866780916184981
2024,1,0.319,2550,1,0.76,"Missing",0.377880457322263,-0.498554369941457
2024,0,0.187,10000,0,0.84,"C",0.505639443485288,0.0225587305637269
2024,0,0.22,5000,0,0.85,"D",1.39335159347153e-06,-13.4837971014667
2024,0,0.242,17500,0,0,"AA",3.22766060938131e-05,-10.34113558256
2024,0,0.22,5000,0,0.85,"D",3.08220773803906e-05,-10.3872485041448
2024,0,0.143,4250,1,0.99,"B",0.100334418553036,-2.19351432593725
2024,0,0.22,18000,0,0.71,"B",0.0182217071655963,-3.98675192703409
2024,0,0.121,1500,0,0.07,"B",0.000203110127836195,-8.50155909360968
2024,1,0.319,4090,1,0.58,"Missing",0.999687178642275,8.06956540215623
2024,0,0.143,15000,1,0.07,"AA",0.0015006513789526,-6.50035423401532
2024,0,0.088,3001,0,0.14,"AA",0.00109878745041726,-6.8124486334195
2024,0,0.099,2000,0,0.13,"AA",2.84509453800784e-05,-10.4673007170657
2024,0,0.231,15500,0,0.66,"A",0.000494942096917009,-7.61057471354185
2024,0,0.187,5000,0,0.93,"C",4.34566008703555e-06,-12.3463285463505
2024,0,0.198,5500,0,1.02,"C",3.34505951647572e-08,-17.2131962244115
2024,0,0.253,5000,0,0,"D",7.62037097473559e-07,-14.0872698360589
2024,0,0.22,5950,0,0.74,"C",4.01457427706514e-05,-10.1229540097543
2024,0,0.319,3000,0,0,"Missing",0.295160949760734,-0.8704486792478
2024,0,0.319,10000,0,0.62,"C",0.618196412276911,0.481899918069582
2024,0,0.209,9750,0,0.78,"B",4.02726913558332e-06,-12.4224180182763
2024,0,0.231,3500,0,1.03,"D",0.0121004799628097,-4.4023358740449
2024,0,0.165,11000,0,0.65,"B",0.000141336444932418,-8.86422602917765
2024,0,0.11,6000,0,0,"AA",0.000238635304310033,-8.3403354310463
2024,1,0.176,20000,0,0.29,"AA",0.75651774482173,1.13368192357019
2024,0,0.319,1500,0,0,"Missing",0.0560289776316175,-2.82422645442315
2024,1,0.275,2000,0,0,"D",0.775627741155585,1.24036614775896
2024,1,0.286,7300,0,0,"C",0.947521351845006,2.89344308656912
2024,0,0.308,3001,0,0,"Missing",0.00864000938472103,-4.742674059312
2024,1,0.22,9000,0,1.01,"D",0.776695026261422,1.24650933933094
2024,0,0.319,6000,1,0,"D",1.54411483224845e-06,-13.3810581917933
2024,0,0.264,9000,0,0.64,"D",0.000585967321580693,-7.44166039609533
2024,0,0.275,9000,0,0.97,"D",0.81661166535695,1.49355771235097
2024,1,0.187,2000,0,0,"D",0.499832998921242,-0.000668004339872574
2024,0,0.187,3000,0,0.53,"C",0.106439716311529,-2.12763502061396
2024,0,0.187,3000,0,0,"C",0.0632126766625529,-2.69595141917176
2024,1,0.242,3600,0,0.57,"D",0.445492364996794,-0.218900467153146
2024,1,0.209,3000,0,0.97,"C",0.674923124328815,0.730537099618186
2024,0,0.187,3500,0,0.96,"Missing",0.481287659027724,-0.074884338128052
2024,0,0.319,3000,1,0.95,"Missing",0.0365113353152112,-3.27293795410058
2024,0,0.242,18200,1,0.8,"C",5.59722106350541e-05,-9.79059925527889
2024,0,0.264,15000,0,1.03,"D",0.000179880311953291,-8.62303896534092
2024,1,0.22,2000,1,0.98,"C",0.995657900702287,5.43504578508054
2024,0,0.154,2100,0,0.92,"C",0.0051436790091709,-5.26482974174577
2024,0,0.231,5000,0,0,"D",0.00545076482538658,-5.2065336707718
2024,0,0.176,10000,0,0.11,"B",2.72932686162738e-07,-15.1140403700648
2024,0,0.22,15000,0,0.59,"A",9.81834812219749e-05,-9.22857438411433
2024,0,0.22,2850,0,0.7,"C",0.000505215975637841,-7.59001920194499
2024,0,0.132,7500,0,0.81,"A",0.000329232064621356,-8.01841840598674
2024,0,0.264,3000,0,1.99,"Missing",0.0677408626571405,-2.62192123826277
2024,0,0.319,3000,0,1.02,"Missing",0.126591385000187,-1.93143904633048
2024,0,0.121,25000,0,0.29,"AA",0.0139083690782672,-4.26125853134036
2024,0,0.165,5000,1,0.6,"D",0.00342513232493933,-5.6731841614763
2024,1,0.22,7000,0,0.86,"D",0.834944167002512,1.62108105828465
2024,0,0.154,10000,0,0.65,"C",0.00765049937144386,-4.86530444139616
2024,0,0.121,5000,1,0,"Missing",0.648975801963991,0.614540269536444
2024,1,0.242,2000,1,0.84,"D",0.426367117244886,-0.296688861898779
2024,0,0.198,5000,0,0.92,"B",0.228605939606852,-1.21619961241361
2024,0,0.165,5000,1,0.6,"D",5.12520412961944e-06,-12.1813350783461
2024,0,0.099,6500,0,0.09,"AA",1.20808326757803e-05,-11.3238783568133
2024,0,0.121,3000,0,0.27,"B",0.00169383030096914,-6.37906759784033
2024,0,0.22,10000,0,0.45,"A",3.34570557653889e-09,-19.5155882275739
2024,0,0.099,5000,0,0,"AA",0.000431627371856938,-7.74751618653975
2024,0,0.187,10000,0,0.79,"A",0.000108204150292358,-9.13138262468239
2024,1,0.319,15000,0,0.49,"C",0.573392261553512,0.295705111946055
2024,0,0.22,5000,1,0,"C",0.00274638858476632,-5.89471830543548
2024,0,0.099,5000,0,0.18,"AA",9.47511016272573e-08,-16.1720122716275
2024,0,0.165,1000,1,0.73,"C",0.00294061906810156,-5.82619020123309
2024,0,0.121,1000,1,0.97,"C",0.00356058703455785,-5.63426290935291
2024,0,0.198,2500,0,0.84,"A",6.72833378845444e-07,-14.2117674448454
2024,0,0.319,25000,0,0.6,"D",0.0291253810502411,-3.50658733918812
2024,1,0.22,1000,0,0.9,"Missing",0.914730600983419,2.37281395204546
2024,1,0.264,15000,1,0.81,"D",0.606659311595253,0.433291239634276
2024,0,0.143,9000,0,0.86,"B",1.16711571368356e-06,-13.6609738876316
2024,1,0.286,3000,0,1.17,"Missing",0.9856534396982,4.22979459853247
2024,0,0.11,2000,0,0,"A",0.0233512241243323,-3.73347768719348
2024,0,0.242,3600,0,0.57,"D",0.379359891649051,-0.492266041569084
2024,0,0.099,2500,0,0,"AA",0.000124775525708545,-8.98886944605444
2024,0,0.165,3200,0,0.7,"C",0.92051794451555,2.44940521579099
2024,0,0.121,5000,0,0.12,"A",0.000459140255463339,-7.68569558142908
2024,0,0.187,10000,0,0.76,"C",0.628173102236184,0.524387351607504
2024,0,0.187,1100,0,0.29,"D",1.44179525531712e-06,-13.4496200739902
2024,0,0.275,6000,0,1.02,"D",0.0154722994281057,-4.15311074294789
2024,0,0.319,16900,0,0.04,"D",9.00487922784587e-05,-9.31506884526264
2024,1,0.253,6001,0,0.81,"D",0.80761008241146,1.43455523730063
2024,0,0.121,5000,0,0,"AA",4.07547994705058e-05,-10.1078961911654
2024,1,0.143,2550,0,0.27,"A",0.84549645217519,1.69970691286198
2024,1,0.319,4000,1,1.14,"Missing",0.986191401920802,4.26855900799315
2024,0,0.176,23000,1,0.13,"A",0.000722327105292675,-7.23230987913842
2024,0,0.264,3200,1,0.73,"Missing",0.0504233656285464,-2.93556156584663
2024,0,0.231,4500,0,0,"D",0.0255103198191944,-3.64283085994305
2024,0,0.099,2500,0,0.09,"AA",6.98776648441363e-07,-14.1739339771231
2024,0,0.308,5000,0,0.95,"Missing",0.36725708685633,-0.544002087315612
2024,1,0.319,2550,1,0,"Missing",0.462969982250727,-0.148391773088316
2024,0,0.275,15000,0,0.79,"D",0.0329479857313466,-3.37932215530972
2024,0,0.077,1000,0,0.12,"C",0.00217833691047495,-6.12701286549182
2024,0,0.187,2000,0,0.25,"Missing",0.000450701754094124,-7.70425393299176
2024,0,0.319,5200,0,0,"Missing",2.48992576607049e-05,-10.6006476681935
2024,0,0.121,25000,1,0.09,"AA",0.00114150108454413,-6.77426898879738
2024,1,0.242,9000,0,0.95,"D",0.980580177220812,3.92185007692752
2024,0,0.297,1000,0,0,"Missing",0.000201972007971887,-8.50717945215492
2024,1,0.165,4500,1,0.49,"C",0.440404688325631,-0.239519814362331
2024,0,0.264,4592,0,0.6,"C",0.0563084050966422,-2.81895559721329
2024,0,0.154,18500,0,0.45,"A",0.000192573415500929,-8.55484050575726
2024,0,0.187,1000,0,0.35,"D",0.00291161839850874,-5.83613033629779
2024,0,0.198,3000,0,0.79,"B",1.02029173363773e-06,-13.7954209378995
2024,0,0.143,18000,0,0.53,"AA",0.000236596921063329,-8.3489159948474
2024,0,0.22,15000,0,0.65,"B",5.24902773628082e-07,-14.4600522596916
2024,1,0.242,5000,0,0.93,"D",0.412133688275769,-0.35515177821345
2024,0,0.055,1000,0,0.42,"D",4.63956866475214e-05,-9.9782576664729
2024,1,0.165,9999,0,0.83,"C",0.880315622095009,1.99542241099458
2024,0,0.253,3500,0,0.92,"Missing",0.0252765623664096,-3.65227619936056
2024,0,0.088,3500,0,0.46,"AA",1.53686815315165e-05,-11.0831634172379
2024,1,0.198,12000,0,0.93,"B",0.994124288198767,5.13103502692142
2024,0,0.209,5000,0,0.42,"B",2.27283602194806e-05,-10.6918743357695
2024,1,0.319,20000,1,0.9,"C",0.835435384396696,1.62464971429888
2024,0,0.165,25000,0,0.44,"AA",6.26339773521689e-06,-11.9807814874769
2024,0,0.209,10000,1,0.88,"D",0.000418345029130546,-7.77878560481651
2024,0,0.22,8000,0,0.84,"D",0.00153690131442274,-6.47644893954979
2024,1,0.22,6500,0,0,"C",0.835209078585512,1.62300455956959
2024,0,0.253,8200,0,0.44,"C",2.50276583676629e-05,-10.5955039819552
2024,1,0.11,2550,0,0.58,"A",0.908554237565336,2.29610854992844
2024,1,0.319,3000,0,0.82,"Missing",0.949091363362792,2.92547247958379
2024,1,0.154,7750,0,0.59,"C",0.925503752437722,2.51958943067772
2024,1,0.264,1000,0,0,"D",0.932247835657,2.62174229215087
2024,0,0.143,15000,0,0,"B",4.48668706861001e-05,-10.0117660143164
2024,0,0.231,25000,0,0.99,"C",1.1364450342245e-05,-11.3850091013932
2024,0,0.187,1000,0,0.35,"D",0.0074159254696619,-4.89668194055258
2024,0,0.11,3000,0,0.05,"AA",0.000998171813285272,-6.90858646855123
2024,0,0.165,2000,1,0,"C",3.80065203306056e-06,-12.4803341176446
2024,0,0.253,2400,0,0.91,"Missing",0.0618292303028792,-2.71955575479218
2024,0,0.253,25000,0,0,"B",0.015488215590206,-4.15206641769194
2024,1,0.242,6001,0,0.69,"D",0.968990998161491,3.44197777780473
2024,0,0.143,25000,0,0.1,"AA",0.000190544964782906,-8.56543179252295
2024,0,0.154,9250,0,0.92,"B",0.00373413238869226,-5.58649865789978
2024,0,0.22,6001,0,0.77,"C",0.000200155675236023,-8.5162149423047
2024,1,0.319,3500,0,0.88,"Missing",0.97314377553092,3.59003421857113
2024,0,0.165,9500,0,0.94,"B",4.4249229127973e-06,-12.3282532755602
2024,0,0.242,3600,0,0.57,"D",0.0363299223409016,-3.27810728431145
2024,0,0.209,10000,1,0.81,"C",0.00069259565140521,-7.27437136906169
2024,0,0.165,7000,0,0.33,"A",0.0179807691746058,-4.00030808390423
2024,0,0.187,10000,0,0.79,"A",0.275287244511193,-0.967960298996566
2024,1,0.319,10000,1,0.9,"Missing",0.99489527056364,5.2724700254253
2024,1,0.319,3000,1,0.75,"Missing",0.995051857349506,5.30378256969505
2024,0,0.165,15000,0,0.16,"AA",0.110109404178423,-2.08962407416477
2024,0,0.121,18000,0,0.46,"AA",0.00017824394380776,-8.63217921524896
2024,0,0.297,6000,0,0.85,"Missing",0.00189019318439158,-6.26918425931644
2024,0,0.165,9500,0,0.37,"C",0.0442076092490061,-3.07364379575979
2024,1,0.187,1700,0,0.8,"Missing",0.30258108095378,-0.835036984077058
2024,1,0.242,6500,1,0.97,"Missing",0.999994940782548,12.1942936812367
2024,0,0.242,9000,0,0.95,"D",0.00230097146218615,-6.07212024759379
2024,0,0.055,2000,0,0.1,"AA",0.00319794842835837,-5.74204271812398
2024,0,0.253,1500,1,1.11,"Missing",0.0152851059022738,-4.16547326782883
2024,0,0.11,3900,0,0.41,"AA",0.0842056069752699,-2.38653036752901
2024,1,0.253,8000,0,0.87,"D",0.507807517060869,0.0312326068833437
2024,0,0.319,5000,0,0.72,"Missing",0.397324773970325,-0.416624437961869
2024,0,0.319,3000,1,0.53,"D",0.0156752075307231,-4.13987559020667
2024,1,0.275,2550,0,0,"Missing",0.712804934051226,0.90904614101987
2024,0,0.121,5000,0,0.46,"A",1.14099457208068e-05,-11.3810137412506
2024,0,0.253,5000,1,0.98,"D",0.200452068904743,-1.38347132147962
2024,0,0.154,9000,1,0.54,"B",7.59138811437066e-07,-14.0910804298647
2024,0,0.132,2500,0,0,"B",0.00399167346417993,-5.51954505997188
2024,1,0.198,15000,0,0.58,"C",0.502742468997586,0.010969986000239
2024,0,0.187,25000,0,0.89,"B",0.000837908120298805,-7.08376384577995
2024,0,0.22,15000,0,0.84,"C",0.0522202845894916,-2.89865109446898
2024,1,0.275,1500,1,0,"Missing",0.968545164509148,3.42724239219869
2024,0,0.099,5000,0,0.17,"AA",0.0248802622753727,-3.66848546195019
2024,0,0.319,5000,0,0,"Missing",0.000686400929907155,-7.28336201842072
2024,0,0.209,1000,1,0,"Missing",0.122312683498592,-1.97070965325869
2024,0,0.143,10000,0,0.51,"A",1.69877626243829e-05,-10.9830003308389
2024,0,0.165,1000,0,0,"D",0.31605762028098,-0.771949134271436
2024,0,0.165,4200,0,0.3,"C",0.000163891688790124,-8.71614087740887
2024,0,0.319,5100,0,0.66,"Missing",0.00510195884313624,-5.27301570783168
2024,0,0.121,1000,0,0.03,"AA",0.107895225455237,-2.1124229643688
2024,0,0.176,3000,1,0.96,"C",1.71721908400799e-07,-15.5773893084847
2024,0,0.264,3200,1,0.73,"Missing",0.103872133132576,-2.15492245776072
2024,1,0.319,3600,0,0.3,"Missing",0.999876913939247,9.00250367269855
2024,0,0.165,8500,0,0.22,"B",0.0039440384082964,-5.53159826723842
2024,1,0.209,4000,0,0.85,"C",0.981840128664591,3.99021420524014
2024,1,0.275,9000,0,0.99,"Missing",0.983877393504704,4.11127887192804
2024,1,0.253,6001,0,1.2,"Missing",0.970787199227018,3.5035002921182
2024,0,0.22,25000,1,0.19,"C",0.0140252200481945,-4.25277363513681
2024,0,0.154,7500,0,0.67,"B",3.36977395698219e-05,-10.2980460996277
2024,0,0.165,3000,0,0.03,"AA",3.88066323742788e-05,-10.1568805810764
2024,0,0.308,10000,0,0.24,"C",0.0107387024824373,-4.52310423039469
2024,0,0.11,3885,0,0.38,"A",6.96540888868502e-06,-11.8745472808222
2024,1,0.176,3500,0,0.53,"B",0.793930461640019,1.34878220093168
2024,0,0.198,3500,0,0.01,"C",0.0145359727810701,-4.21648616529206
2024,0,0.165,3500,0,0.3,"C",0.00062737357682525,-7.37334080799323
2024,0,0.121,8000,0,0.62,"B",1.42144409965663e-07,-15.7664221823768
2024,1,0.308,2550,0,0.74,"Missing",0.994527781206912,5.20258386911455
2024,0,0.198,2500,0,0.84,"A",3.32024767719202e-05,-10.3128528802325
2024,1,0.22,10000,0,0.03,"D",0.999744551208853,8.27223311302223
2024,0,0.165,7500,0,0.72,"B",4.85524602895719e-07,-14.5380353895969
2024,0,0.22,8500,0,0.89,"D",0.881316512973493,2.00495665024844
2024,0,0.319,3001,0,0.85,"Missing",0.366404276396963,-0.547673786992588
2024,0,0.264,4592,0,0.6,"C",0.00294828589947292,-5.82357868787628
2024,0,0.209,1500,0,0.86,"D",3.23765217846043e-05,-10.3380446570735
2024,0,0.187,1800,0,0.96,"Missing",0.454578742982264,-0.182187294251341
2024,0,0.176,20000,1,0.32,"A",0.000166986212510371,-8.69743230861765
2024,0,0.11,4000,0,0.34,"A",6.09931915818747e-07,-14.3099178894881
2024,0,0.11,6500,0,0.69,"AA",7.74337778030041e-05,-9.46601003006636
2024,0,0.176,3300,0,0.3,"C",0.0014099360636351,-6.56279998960106
2024,1,0.319,5000,0,0.75,"Missing",0.954511315901822,3.04373590452764
2024,0,0.22,4000,0,0,"D",0.00581369327053877,-5.14170857671118
2024,0,0.154,9900,0,0.02,"AA",0.0882164643038444,-2.33560899498806
2024,1,0.242,25000,0,0.73,"C",0.994644324077274,5.22422829134887
2024,0,0.264,2000,0,0,"Missing",0.0206532340331572,-3.85901386515135
2024,0,0.22,5000,0,0.72,"Missing",0.000240102502197278,-8.33420450198024
2024,0,0.275,3500,1,0.62,"Missing",0.00713288304243529,-4.93588132883462
2024,0,0.11,5000,0,1.13,"A",2.54716906860538e-05,-10.5779174196534
2024,0,0.275,10000,0,0.93,"B",1.01055945692545e-08,-18.4101766386014
2024,0,0.165,4000,0,0,"C",0.000223656577775376,-8.40517513590191
2024,0,0.154,10000,0,0.65,"C",3.10162038986013e-05,-10.3809697669511
2024,0,0.143,25000,0,0.11,"AA",0.0176855927628439,-4.01716108748661
2024,0,0.165,19300,0,0.39,"A",0.000296722983162224,-8.12241480402376
2024,1,0.22,8500,0,0.64,"C",0.851115484394755,1.74337688133128
2024,1,0.319,3000,1,0.75,"Missing",0.903817982800026,2.2403855848545
2024,0,0.165,15000,0,0.01,"AA",0.0127157298053729,-4.35211821792194
2024,0,0.22,6500,1,0.92,"D",0.00342387715649361,-5.6735519465009
2024,0,0.209,4700,0,0.74,"D",0.00243111008411268,-6.0169732311741
2024,0,0.22,2500,0,1,"C",0.433992228775107,-0.265581180296294
2024,0,0.176,5000,0,0.94,"C",0.0167289731583925,-4.07374266027209
2024,1,0.319,20000,1,0.99,"Missing",0.958279614774425,3.13414974515909
2024,0,0.319,3000,0,1.34,"Missing",4.27861622278353e-05,-10.0592530330094
2024,0,0.165,2700,0,0.51,"C",0.101837123144109,-2.1769767241316
2024,0,0.154,15000,0,0.59,"AA",3.22693577700389e-05,-10.3413601839851
2024,0,0.154,8000,0,0.53,"B",3.25242001290694e-05,-10.333493601635
2024,1,0.319,2000,1,0.83,"Missing",0.870136032162889,1.90216205689121
2024,1,0.088,1000,0,0.31,"AA",0.646427723646797,0.603373471880996
2024,0,0.22,6500,0,0,"C",7.71172069097281e-06,-11.7727615070183
2024,0,0.088,1000,0,0.78,"A",0.957284847991188,3.10954728869622
2024,0,0.187,3000,0,0.91,"D",0.0637983141411692,-2.68610416372879
2024,1,0.319,3000,0,0.65,"Missing",0.997102493792748,5.84100312836927
2024,0,0.187,2000,0,0,"D",0.00084614129009669,-7.07397770326234
2024,0,0.253,15000,0,0.77,"C",1.60255976115278e-05,-11.0413072376758
2024,0,0.22,3000,0,0,"D",0.130471451061408,-1.89679672998018
2024,0,0.319,12000,0,0.92,"C",3.90685699980199e-05,-10.1501531812572
2024,0,0.275,15000,0,0.9,"D",0.191731039091422,-1.43880132367162
2024,0,0.154,5000,1,0.39,"B",0.00575982824140334,-5.15107114389594
2024,0,0.121,12000,0,0.02,"AA",0.124960917538251,-1.94626752231063
2024,0,0.242,8500,0,0.93,"D",0.0334871817364928,-3.36253183024357
2024,1,0.319,5000,0,0.89,"Missing",0.949831934645624,2.94090638209437
2024,1,0.22,10000,0,0.03,"D",0.186030515303636,-1.4760121561829
2024,0,0.099,3000,0,0.71,"AA",9.60735483472057e-05,-9.25030045304273
2024,0,0.121,6000,0,0.4,"AA",0.159966476436233,-1.65847752903808
2024,0,0.253,6001,0,0.61,"D",0.00331634933661231,-5.70556883784912
2024,1,0.187,4000,1,0.76,"D",0.989082604052985,4.50642037545011
2024,0,0.165,8000,0,0.12,"B",0.206210555378508,-1.34792048270836
2024,0,0.121,6000,0,0.1,"A",1.69747497300616e-05,-10.983766653177
2024,0,0.231,6000,0,0.89,"C",0.00474666139175122,-5.34555581039039
2024,0,0.231,13500,0,0.84,"D",0.000355651505523952,-7.94120350886751
2024,0,0.176,4200,1,0.83,"C",0.0284367352055442,-3.5312245849541
2024,1,0.176,10000,0,0.11,"B",0.82883633478858,1.57740250551364
2024,1,0.275,1500,0,0,"Missing",0.996431587120463,5.63205955874841
2024,0,0.297,15000,1,0.75,"C",0.114739230482885,-2.04322026389204
2024,0,0.11,3900,0,0.41,"AA",0.0182427949349813,-3.98557382844099
2024,0,0.319,25000,0,0.44,"AA",1.74116405180991e-05,-10.9583541683362
2024,1,0.319,8500,1,0.93,"B",0.375408324238956,-0.509083819223852
2024,1,0.286,1000,1,0,"Missing",0.969715516806005,3.46636727130305
2024,0,0.187,4800,0,0.88,"C",0.0794377506306425,-2.45001091997978
2024,1,0.231,2550,0,0.24,"Missing",0.800398113090176,1.38878442795954
2024,0,0.121,1500,0,0.07,"B",0.000283198255633019,-8.16908011728778
2024,1,0.319,10000,0,0.62,"C",0.983105305038927,4.06371657557273
2024,0,0.286,10000,0,0.97,"D",5.91695697114056e-09,-18.9454435394349
2024,0,0.11,6001,0,0.41,"AA",0.00121610599473971,-6.71088448645854
2024,0,0.319,9200,1,0.98,"Missing",0.0180233551372857,-3.99789910034857
2024,0,0.242,12500,0,0.96,"C",0.000353801901044262,-7.94641953853207
2024,0,0.132,2500,0,0,"B",4.49089248275358e-05,-10.0108291018206
2024,1,0.264,4000,0,0.89,"D",0.767718316000437,1.19547209948126
2024,0,0.11,7000,0,0.17,"AA",3.7216993267246e-06,-12.5013264640188
2024,1,0.187,9000,0,1,"Missing",0.907716561928251,2.28606748383774
2024,0,0.253,2400,0,0.91,"Missing",0.130391106505586,-1.89750511734176
2024,0,0.308,5000,0,0.95,"C",7.76216067419142e-06,-11.766242062939
2024,0,0.319,23800,0,0.5,"C",0.0160678081909469,-4.11473920482101
2024,0,0.231,5000,1,0.94,"C",3.41941173754687e-05,-10.2834227405538
2024,0,0.198,8000,1,0,"C",0.000186847844686106,-8.58502907179181
2024,0,0.319,1000,0,0.92,"Missing",0.255570963000963,-1.06911741849278
2024,1,0.297,1000,1,0.88,"Missing",0.996395109098307,5.6218523675777
2024,1,0.22,4000,1,0.98,"B",0.932578669993931,2.62699207577892
2024,0,0.286,7000,0,0.58,"D",1.75566478379756e-07,-15.5552478960118
2024,1,0.319,25000,1,0.42,"D",0.331826072031178,-0.6999375586372
2024,0,0.286,10000,0,0.46,"D",1.1871905875212e-05,-11.3413239278952
2024,1,0.187,12000,0,0.91,"D",0.965992930606349,3.34658808962706
2024,0,0.264,5600,0,0.62,"Missing",0.22537015593156,-1.23464110677775
2024,0,0.077,1100,1,0.18,"A",3.47607985282373e-10,-21.7799457498345
2024,1,0.319,2100,0,0,"Missing",0.981122019894579,3.95070066595306
2024,1,0.319,17000,1,0,"D",0.994659679502292,5.22711497853339
2024,0,0.088,3500,0,0.46,"AA",2.45172292026403e-08,-17.52388970927
2024,0,0.319,10000,0,0.98,"C",0.00124093351980339,-6.69064963993949
2024,0,0.11,1500,0,0.89,"A",8.6390482275184e-05,-9.35654665286009
2024,0,0.187,4900,0,0.13,"D",0.000398386655707087,-7.82768906149316
2024,0,0.187,10000,0,0.39,"A",7.61920907346529e-05,-9.48217670179853
2024,0,0.11,15000,0,0.21,"AA",6.98901642332063e-07,-14.1737551176829
2024,1,0.22,2500,0,0.78,"Missing",0.634094379707319,0.549822375154868
2024,0,0.242,20000,1,0.89,"C",0.019387756730022,-3.92353534417413
2024,0,0.319,5500,0,0.41,"D",1.35271257221393e-08,-18.1185688411927
2024,1,0.198,1000,1,0,"C",0.999817246066009,8.60718716230227
2024,0,0.319,4000,1,0.98,"Missing",0.0621545192858641,-2.7139616716269
2024,1,0.242,1500,1,1,"Missing",0.414741635714907,-0.344397636269985
2024,0,0.11,4000,1,0.43,"A",0.000203979222516662,-8.49728841968657
2024,0,0.319,20000,0,0.04,"C",0.000645473796492228,-7.34488026042228
2024,1,0.275,25000,0,0.18,"A",0.999851700552279,8.81612872245124
2024,0,0.154,9500,0,0.77,"A",0.000947177063300449,-6.96107688347435
2024,0,0.11,6000,0,0.52,"A",0.0634956953359211,-2.69118200480294
2024,0,0.165,3600,0,0.28,"A",5.69345986132839e-05,-9.77355040541869
2024,1,0.319,2550,0,0.63,"D",0.979632672274797,3.87324564234245
2024,0,0.319,4000,0,0.8,"D",0.00917539275658035,-4.68201233275782
2024,0,0.121,1000,1,0.97,"Missing",0.0704119442503611,-2.58037862578868
2024,1,0.099,8000,0,0,"AA",0.650822010359806,0.622654404073614
2024,1,0.077,1000,1,1.06,"Missing",0.367454906536182,-0.543150904253
2024,1,0.253,10000,0,0.44,"C",0.976788718756691,3.73963195257202
2024,1,0.264,6500,0,0.98,"C",0.389900412799728,-0.44773084682733
2024,1,0.176,6001,1,0.77,"C",0.685651782891243,0.779868550598661
2024,0,0.264,1000,0,0.92,"Missing",0.011131380355331,-4.4867933024441
2024,1,0.319,4300,1,0.95,"Missing",0.992164539686783,4.84122933517882
2024,1,0.198,10000,0,0.96,"C",0.994097640222628,5.12648319821803
2024,0,0.242,10000,0,0.93,"D",0.357502711231752,-0.58621965097417
2024,0,0.11,2000,0,0,"A",1.74749043592287e-05,-10.9547272678078
2024,1,0.187,6001,0,0.56,"B",0.436575146176131,-0.255073451812018
2024,0,0.319,9000,1,0.95,"D",0.0511295607160649,-2.92090944833535
2024,1,0.11,4000,0,0.16,"A",0.929493863921991,2.57894046305892
2024,0,0.198,10000,0,0.27,"C",0.00064820000817339,-7.34066284446684
2024,0,0.165,10000,0,0.59,"B",4.29423075213585e-05,-10.0556100854569
2024,0,0.253,1300,0,0.43,"D",0.0412060592388469,-3.14709086848766
2024,1,0.319,3000,1,1.01,"Missing",0.694629137793512,0.821851108846531
2024,0,0.165,2000,0,0.54,"C",0.163736206932786,-1.63068746676217
2024,0,0.22,5000,0,0,"A",0.00450856810050966,-5.39725690787713
2024,1,0.165,4400,0,0.8,"Missing",0.665428561472516,0.687580861567117
2024,0,0.242,1500,1,1,"Missing",0.00701592929294165,-4.95253144528635
2024,0,0.121,1000,0,0.05,"C",0.00192585966567385,-6.25045511484073
2024,0,0.22,6500,0,0,"C",0.0372397228755934,-3.25242843659518
2024,0,0.099,6100,0,0.48,"A",0.000154674526290992,-8.77403279267103
2024,0,0.132,2500,0,0,"B",2.49680038513066e-05,-10.5978904304305
2024,0,0.121,6001,0,0.01,"A",0.115130798557687,-2.03937097830418
2024,0,0.055,1000,0,0.64,"D",0.152062629166963,-1.718514307938
2024,0,0.165,7500,0,0.98,"C",0.470933787910316,-0.116396082207298
2024,1,0.286,5000,0,0,"Missing",0.381897272395747,-0.481503017529535
2024,0,0.165,1500,0,0.8,"C",0.000367208846734945,-7.90921253080832
2024,0,0.22,5000,0,0.72,"Missing",0.000400863722487574,-7.82148808849863
2024,0,0.22,6001,0,0,"A",0.00573510467662907,-5.15539766278192
2024,0,0.11,5000,0,0.52,"AA",0.00282984665461207,-5.86469889620397
2024,1,0.308,5500,0,0.35,"D",0.999964347284244,10.2416495823559
2024,0,0.231,5000,0,0.97,"D",0.0013942756960523,-6.57398496424381
2024,0,0.165,2000,1,0,"C",0.000141048035630663,-8.86626898938827
2024,0,0.275,4449,0,0.94,"D",0.00227295491454272,-6.0843990275319
2024,1,0.319,5000,0,0.32,"Missing",0.998950734359361,6.85861493286208
2024,0,0.187,5000,0,0.78,"C",0.00015868456006707,-8.74843352807567
2024,0,0.308,3200,0,0.99,"Missing",0.00270340333492938,-5.91053674118076
2024,0,0.165,15000,1,0.45,"A",0.000377916891533843,-7.88045826186521
2024,0,0.187,1100,0,0.29,"D",0.00479472051705916,-5.33543360660844
2024,0,0.319,5000,1,0,"Missing",0.0310412462552234,-3.44090520070594
2024,1,0.22,1000,0,0.91,"Missing",0.986198889179486,4.26910896426123
2024,1,0.253,3250,0,0.93,"D",0.990537438054789,4.65090449742011
2024,0,0.176,3500,0,0,"C",0.0652810045714276,-2.66154484527612
2024,1,0.22,8000,0,0.92,"D",0.99753121221014,6.00155618187537
2024,0,0.154,9000,1,0.54,"B",0.00172876933588052,-6.35861522477469
2024,0,0.143,25000,0,0.1,"AA",1.79501185170092e-05,-10.9278958901533
2024,0,0.165,7000,0,0.95,"C",0.030714889798845,-3.45181125323863
2024,0,0.231,25000,0,0.07,"A",0.041443218874896,-3.1411045298111
2024,0,0.154,3000,0,0.35,"C",0.000921262775643767,-6.98884355943058
2024,0,0.198,2500,0,0.87,"D",0.000166583610522643,-8.6998466117983
2024,0,0.132,25000,1,0,"AA",0.104911153539261,-2.1438091479406
2024,0,0.099,1000,1,0.05,"AA",2.57952832167589e-07,-15.1704888318416
2024,1,0.242,10000,0,0.93,"D",0.98097896236092,3.94300540345368
2024,0,0.121,3000,0,0.32,"AA",6.11571979408222e-07,-14.3072325675942
2024,0,0.132,25000,1,0,"AA",0.018807967804795,-3.95448759242792
2024,1,0.308,2000,1,0.97,"Missing",0.999997733962685,12.9974756620242
2024,1,0.319,1000,1,0.42,"Missing",0.999526793195413,7.65550472722222
2024,0,0.176,20000,0,0.29,"AA",0.000231470729444981,-8.37082563359169
2024,0,0.286,9500,0,0.86,"D",0.0167985933359937,-4.06951883604728
2024,0,0.165,4500,1,0,"C",4.75292579043496e-05,-9.95411755027814
2024,0,0.088,2000,0,0.15,"AA",1.36364432290078e-05,-11.2027510633533
2024,0,0.22,24900,0,0.87,"C",0.00148405698955003,-6.51149057301972
2024,0,0.22,2000,1,0,"D",0.0178766421067744,-4.00622196902704
2024,0,0.187,12000,0,0.91,"D",0.638523503592943,0.56896146280349
2024,0,0.319,2550,1,0,"Missing",0.522754209519231,0.0910797487176311
2024,0,0.121,12000,0,0.02,"AA",2.43066617479619e-07,-15.2299300421037
2024,0,0.143,17500,0,0.08,"AA",0.00156011961071304,-6.4614314492614
2024,1,0.264,3200,1,0.73,"Missing",0.995887229416446,5.48953711837686
2024,0,0.198,9999,0,0.97,"C",0.114867722255962,-2.04195587514083
2024,0,0.187,3500,0,0.12,"D",0.019810794434507,-3.90151865732579
2024,0,0.165,3010,0,0.34,"AA",0.16767613081865,-1.60218730484679
2024,1,0.198,9750,0,0.92,"C",0.179320628081411,-1.52095707772521
2024,0,0.319,3300,0,0.91,"Missing",0.00769548434476639,-4.85939632350575
2024,0,0.22,5000,0,0.72,"Missing",0.121711030646267,-1.97632602785723
2024,0,0.22,3000,0,0.76,"C",0.334670536547652,-0.687135776825891
2024,0,0.099,2000,1,0.01,"AA",5.56379937381769e-06,-12.0992237786431
2024,0,0.11,3000,0,0.16,"AA",0.0093174082412998,-4.66650968783983
2024,0,0.187,9000,0,0.94,"C",0.000940876429585228,-6.96775742585809
2024,0,0.22,6000,0,0.85,"Missing",0.042833753442128,-3.10665066912094
2024,0,0.209,2500,0,0.82,"C",3.52358575957035e-05,-10.2534110756898
2024,0,0.187,10000,1,0.95,"D",3.28962685916402e-06,-12.6247331266544
2024,0,0.132,10000,1,0.08,"AA",1.51256882170772e-05,-11.0991009273244
2024,0,0.275,1000,1,0.98,"C",0.00539909908604187,-5.21610944835214
2024,0,0.231,2500,1,0.38,"A",3.23014852670187e-07,-14.945567208267
2024,1,0.176,5000,0,0.35,"B",0.968358395340032,3.42112940407891
2024,0,0.099,2500,0,0.28,"AA",0.11958505690289,-1.99636543115834
2024,0,0.143,2500,0,0.57,"A",0.00106316386125121,-6.84544231226836
2024,0,0.11,5000,0,0.52,"AA",0.000214686229767985,-8.44611828294263
2024,1,0.187,1075,1,0.9,"Missing",0.834654101152663,1.61897775264736
2024,1,0.319,5500,0,0.77,"Missing",0.892227065253407,2.11369409983404
2024,1,0.308,1000,0,0,"Missing",0.89783963952096,2.17344773692079
2024,0,0.319,3025,1,0,"Missing",0.860786854364136,1.82184073739311
2024,0,0.132,6000,0,0.6,"A",0.000693771445261608,-7.27267396907656
2024,0,0.165,8400,0,0.48,"B",0.000723643086691315,-7.23048835627081
2024,0,0.231,4500,0,0,"D",0.00292818269180993,-5.83044081187955
2024,0,0.187,15000,0,0.65,"B",1.60680672277479e-05,-11.0386605893272
2024,1,0.132,8000,0,0.72,"B",0.857365516518134,1.79357903629687
2024,1,0.264,2500,1,0.83,"D",0.987231132497459,4.34789420692
2024,1,0.319,2000,1,1.08,"Missing",0.984455753195658,4.1483983639043
2024,1,0.319,6500,0,0.95,"Missing",0.95144076197224,2.9751929720085
2024,1,0.297,2800,0,0,"Missing",0.998073361372369,6.25004994122146
2024,0,0.231,5000,0,0.97,"D",0.00302811662046567,-5.79678171948215
2024,1,0.22,15000,0,0.84,"C",0.99354483178735,5.03639810283557
2024,1,0.319,3000,0,0.92,"Missing",0.999261296052632,7.20987435285205
2024,0,0.198,17000,0,0.23,"B",0.00134939311181876,-6.60675003004662
2024,0,0.198,20000,0,0.53,"A",0.0450236544277324,-3.05449856552741
2024,0,0.22,5000,0,0,"B",0.0289381028680848,-3.5132310469348
2024,0,0.319,12000,0,0.63,"D",0.41013090561041,-0.363424247650837
2024,1,0.22,10000,0,0.64,"D",0.935491233710609,2.6742706489407
2024,0,0.198,3100,0,0.98,"C",0.158110402381483,-1.67235534816227
2024,0,0.132,10000,0,0.12,"AA",0.13486439300408,-1.85861648841025
2024,0,0.154,12000,1,0.37,"A",0.389423978283716,-0.449734140938446
2024,1,0.319,5100,0,0.66,"Missing",0.99996672293401,10.3106088296353
2024,1,0.264,3000,0,0.97,"Missing",0.989607937991154,4.55626659613044
2024,0,0.143,9500,0,0.27,"A",3.62275593006668e-05,-10.2256541939157
2024,0,0.253,6001,0,0.61,"D",0.443029527711891,-0.228875804670982
2024,0,0.253,10000,0,0.67,"D",0.000944946930177661,-6.96343639691566
2024,0,0.099,2000,0,0.02,"AA",0.000107219314602461,-9.14052692696345
2024,0,0.165,7700,0,0.38,"C",0.00220212136983543,-6.11612957459625
2024,0,0.176,3500,0,0.53,"B",0.0320572593250216,-3.40764927561165
2024,1,0.187,1550,0,0.95,"Missing",0.950486255745182,2.95472340905057
2024,0,0.099,8000,0,0,"AA",1.38433846585128e-08,-18.0954583465616
2024,1,0.176,8500,0,0.56,"C",0.211831055280911,-1.3139234158109
2024,0,0.319,1000,1,1.09,"Missing",0.00283158947861725,-5.86408146576147
2024,1,0.319,25000,0,0.11,"C",0.964213479485277,3.29374142127257
2024,1,0.319,3000,0,0,"Missing",0.800079953524553,1.38679414558286
2024,0,0.165,5000,0,0.46,"C",0.00428361572678354,-5.44866501335661
2024,0,0.22,3000,0,0.27,"D",0.0627685201093243,-2.70347661971741
2024,0,0.077,3000,0,0.87,"C",0.00261160355884775,-5.94517583620037
2024,0,0.165,3000,1,0,"C",0.000188631884098233,-8.57552449565161
2024,1,0.319,1000,0,0,"Missing",0.993657848890505,5.05417492837147
2024,0,0.077,3000,0,0.06,"AA",8.18434243827345e-07,-14.015871962341
2024,0,0.22,5000,0,0.16,"A",3.65922737518726e-05,-10.215636846574
2024,0,0.165,17500,0,0.55,"B",0.0343971749948512,-3.33477815666202
2024,0,0.22,7500,0,0.36,"C",0.00531319297452025,-5.23223495279424
2024,0,0.22,1500,0,0.41,"Missing",0.00238478229391437,-6.03625980976964
2024,1,0.253,2500,0,0.79,"D",0.0658505210974721,-2.65224912551585
2024,1,0.22,2600,0,0,"Missing",0.988529187998608,4.4564124476094
2024,0,0.209,5000,0,0.39,"C",0.000225162415631807,-8.39846338114531
2024,0,0.198,9999,0,0.97,"C",7.74521646447529e-06,-11.7684273903079
2024,0,0.319,10000,0,0.78,"D",0.0651025290333683,-2.66447346965699
2024,0,0.077,1000,0,0,"AA",7.63257908309544e-05,-9.48042332933122
2024,0,0.176,11204,0,0.73,"B",0.00116945179075524,-6.75005005875558
2024,1,0.275,2550,1,0.67,"Missing",0.595422023269738,0.38642594588158
2024,0,0.198,2275,0,1.03,"D",5.27454970376595e-06,-12.1526119718972
2024,0,0.319,25000,0,0.44,"AA",0.000244975234663187,-8.31410843029018
2024,0,0.165,6000,0,0.72,"B",2.54195270640753e-05,-10.579967477401
2024,0,0.165,3000,0,0.73,"D",0.726304230189358,0.975951816537784
2024,0,0.198,4500,0,0.49,"B",0.0441098612978336,-3.07595961912121
2024,0,0.198,14500,1,0.66,"B",0.717336823568753,0.931289498654955
2024,0,0.176,5000,1,0.69,"C",0.446959795692515,-0.212962053017018
2024,0,0.099,2500,0,0.09,"AA",3.10143817490287e-07,-14.9862294095164
2024,0,0.22,4000,0,0.48,"D",0.020474490551461,-3.86788853244436
2024,0,0.209,23000,0,0.27,"A",0.00955133400530801,-4.6414772072828
2024,0,0.187,2000,0,0,"D",0.00158598200179388,-6.44496426300664
2024,0,0.11,2000,0,0,"A",4.83995344633111e-07,-14.5411900648072
2024,0,0.319,12500,0,0.96,"D",0.43139047124998,-0.276180311600766
2024,0,0.165,5000,0,5.95,"B",0.0124262292853131,-4.37544169497372
2024,0,0.286,5000,0,0,"Missing",0.176847793602184,-1.53785168504639
2024,0,0.231,5000,0,0,"C",2.71694249689951e-06,-12.8160006749865
2024,0,0.198,25000,0,0.69,"B",3.9275941872102e-06,-12.4474795580357
2024,1,0.319,3000,0,0.85,"Missing",0.997586965083221,6.0244540711891
2024,1,0.264,3000,0,0,"Missing",0.9999782959291,10.7379890116248
2024,0,0.275,2550,1,0.67,"Missing",0.447735313135556,-0.209825197621549
2024,0,0.264,1200,0,1.09,"Missing",0.204448366762598,-1.35872029398352
2024,0,0.165,5000,0,0.83,"C",6.56697287343024e-06,-11.9334510145096
2024,0,0.319,2100,1,1.14,"Missing",0.00785177727379881,-4.83913260371956
2024,0,0.121,8000,0,0.06,"A",0.212215041226147,-1.31162505168055
2024,0,0.11,1000,0,0.65,"A",0.000108871892731014,-9.1252297851632
2024,0,0.132,4000,0,0,"B",4.55311097198921e-06,-12.2996952754095
2024,0,0.165,9000,0,0.3,"B",0.000675760059733301,-7.29899649766231
2024,0,0.242,3000,0,0.3,"Missing",0.207959357413809,-1.33727004333466
2024,0,0.253,3250,0,0.93,"D",0.670606979824245,0.7109316142951
2024,0,0.187,20000,1,0.01,"AA",6.19611748112612e-05,-9.68894061869937
2024,1,0.319,2500,0,0.89,"Missing",0.999962126308327,10.1812159636235
2024,1,0.319,3000,0,0.98,"Missing",0.935211575456782,2.6696458337923
2024,0,0.121,1500,0,0.39,"B",0.32417450245647,-0.734652944356093
2024,1,0.319,3000,0,0,"Missing",0.948201513276056,2.90720611139758
2024,1,0.319,2500,0,0.83,"D",0.221171224799982,-1.25885404655402
2024,0,0.187,11000,0,0,"C",0.326329729405116,-0.724832468342449
2024,0,0.319,16900,0,0.04,"D",0.000346430601597966,-7.96748155275985
2024,0,0.187,3000,0,0.53,"C",0.000717831976217964,-7.23855694297073
2024,0,0.11,1000,0,0.56,"A",5.73637108604199e-06,-12.0686780261527
2024,0,0.242,8500,0,0.93,"D",0.00535369437595831,-5.22460034207005
2024,0,0.242,6001,0,0.69,"D",0.0078551030409172,-4.83870577260359
2024,0,0.253,25000,0,0,"B",0.00579603754945452,-5.14476787627019
2024,0,0.187,2000,0,0.53,"A",5.580984936892e-05,-9.79350438075881
2024,0,0.22,2000,1,0,"D",0.0122580059545351,-4.3892422531842
2024,1,0.22,1800,0,0.61,"Missing",0.991170446217062,4.72078203457488
2024,0,0.319,3000,0,0.29,"Missing",0.66423213605432,0.682211650790346
2024,1,0.231,5500,1,0,"C",0.217621094307386,-1.27958370629614
2024,1,0.253,2600,0,0.5,"Missing",0.785806311286641,1.29982964563977
2024,0,0.121,25000,1,0.09,"AA",3.76397536099262e-06,-12.4900311182438
2024,0,0.22,5000,0,0.08,"D",0.002368223168592,-6.04324429106344
2024,1,0.22,2500,0,0.78,"Missing",0.996775681929348,5.73380427466906
2024,0,0.319,2501,1,0,"Missing",4.61874467160052e-05,-9.98275632438848
2024,1,0.319,2550,1,1.26,"Missing",0.782265551402592,1.27891806812888
2024,0,0.198,9995,0,0.53,"C",0.000346043959274268,-7.96859863720478
2024,0,0.308,10500,0,0.94,"C",0.828161890734176,1.57265584709986
2024,0,0.319,4000,1,0.94,"D",0.290825268351783,-0.891379309763293
2024,0,0.253,8000,0,0.87,"D",0.0777742360560176,-2.47297983661454
2024,1,0.253,12000,0,0.79,"D",0.107661249187892,-2.1148561098235
2024,0,0.209,7000,0,0.83,"C",0.00026769871250724,-8.22538068236052
2024,0,0.319,2501,0,1.07,"Missing",0.0294892381998048,-3.49379710146971
2024,1,0.319,2500,1,0.87,"Missing",0.896526852846752,2.15921611432849
2024,0,0.22,10000,1,0.85,"Missing",4.31961480209582e-05,-10.0497160357903
2024,0,0.121,14000,0,0.56,"AA",4.9910276662901e-06,-12.2078637332162
2024,1,0.22,4000,1,0.98,"B",0.721591406116373,0.952369262374835
2024,0,0.319,8000,0,0.8,"D",0.128110535779889,-1.91776920261271
2024,0,0.253,4000,1,1,"Missing",0.00108714082454892,-6.82311639364074
2024,0,0.187,15000,1,0.89,"B",0.000533540933747458,-7.5354410800491
2024,1,0.264,1000,1,0.98,"Missing",0.827576462452637,1.56854762713049
2024,1,0.308,12000,0,0.83,"D",0.860683811836602,1.82098111851536
2024,1,0.319,2501,1,0,"Missing",0.988154908796126,4.42392593837766
2024,0,0.121,6001,0,0.01,"A",0.713949574554281,0.914644227946189
2024,0,0.319,12000,1,0.18,"C",0.00032417611116799,-8.03389940818814
2024,1,0.264,2800,0,0,"Missing",0.999567086154851,7.74453881412216
2024,0,0.11,6000,0,0.52,"A",3.30923190332021e-06,-12.6187911396441
2024,1,0.275,10000,0,0.87,"Missing",0.709160958359114,0.891312529795301
2024,1,0.22,2500,0,0.78,"Missing",0.966532758532305,3.36314809828311
2024,0,0.121,3000,0,0.26,"A",4.2980459601978e-06,-12.3573457683542
2024,1,0.297,6500,0,0.67,"D",0.916592634638672,2.39692651736844
2024,1,0.275,7500,1,0.76,"Missing",0.9665853639343,3.36477560793594
2024,0,0.319,3000,1,0.61,"Missing",0.0238272510857622,-3.71280963832515
2024,0,0.11,1500,0,0.16,"A",4.772577967985e-07,-14.5552085602889
2024,0,0.22,8000,0,0.79,"C",0.000148881375058801,-8.81221181719298
2024,0,0.275,9000,0,0.43,"D",0.000109098119197394,-9.12315380045697
2024,0,0.165,6000,0,0.72,"B",0.010748861455444,-4.52214839333858
2024,1,0.143,13000,0,0.81,"B",0.906097731749632,2.26689262997016
2024,0,0.319,5000,0,0.82,"Missing",0.074425517376561,-2.52061574850085
2024,1,0.198,3001,0,1,"Missing",0.811551552634933,1.46012343181779
2024,1,0.165,8500,0,0.55,"AA",0.925036183361279,2.51282730158939
2024,0,0.121,10000,0,0.17,"AA",0.00360813721557457,-5.62094898433785
2024,0,0.308,10000,0,0.24,"C",0.0677024384842048,-2.62252983750317
2024,0,0.11,4000,0,0.88,"A",1.24629001457222e-07,-15.8979243765691
2024,0,0.132,6000,0,0.53,"AA",0.000315555107378267,-8.06086161952102
2024,0,0.198,1600,0,0.94,"D",0.0888089538457269,-2.32826510914073
2024,0,0.319,3100,0,1,"Missing",0.293279037912399,-0.879511405543788
2024,1,0.319,3500,1,0,"Missing",0.965584624740856,3.33423032691355
2024,0,0.319,5000,0,0,"Missing",0.92584972072864,2.52461809796622
2024,0,0.253,4000,0,0.51,"D",0.000353774104759803,-7.94649813396696
2024,1,0.297,10095,0,0.9,"Missing",0.728937619515506,0.989239177729217
2024,0,0.286,10000,0,0.88,"D",0.0887965422026798,-2.32841849681799
2024,1,0.22,1800,0,0.61,"Missing",0.93422542456221,2.65348439088878
2024,0,0.121,5000,1,0,"Missing",0.000144801268385408,-8.84000350673019
2024,0,0.099,5000,0,0,"A",0.000328305443456974,-8.0212377935066
2024,0,0.154,22000,0,0.77,"B",7.34899420925313e-05,-9.51828851074512
2024,0,0.264,4500,1,0.71,"D",0.309788044598424,-0.80111039563271
2024,0,0.319,5000,0,0.75,"Missing",0.979378793398601,3.86059849343935
2024,0,0.275,25000,0,0.87,"A",0.0200672943513721,-3.88839255847523
2024,0,0.165,1500,0,0.8,"C",0.00437926748056588,-5.42648492590036
2024,1,0.242,10000,0,0.8,"D",0.841972642224906,1.67297935378169
2024,0,0.143,13000,0,0.81,"B",0.000499620266737268,-7.60116246948982
2024,1,0.264,5000,0,0.95,"D",0.135553983297967,-1.85271889693928
2024,0,0.264,5700,0,0.1,"A",0.00124970273379262,-6.68359908465238
2024,0,0.099,1000,1,0.05,"AA",0.000456420511499891,-7.69163947434651
2024,1,0.275,9000,0,0.86,"Missing",0.949908881034317,2.94252233907048
2024,0,0.297,5000,0,0.83,"Missing",0.000444362614782778,-7.71842516751568
2024,0,0.264,10000,1,0.03,"A",0.0378879908610146,-3.23449667945329
2024,0,0.22,10000,0,0.79,"C",3.70963011587557e-06,-12.5045746759031
2024,0,0.11,3000,0,0.14,"AA",5.90214856693673e-05,-9.73754999323504
2024,0,0.22,5000,0,0.97,"C",0.00333708971857297,-5.69931352335601
2024,1,0.275,9500,0,0.64,"D",0.999967757142697,10.3421817748451
2024,1,0.253,5300,0,0.45,"D",0.64255376331645,0.586465527656421
2024,1,0.187,25000,0,0.91,"A",0.869078229153594,1.89283316754135
2024,0,0.077,1000,0,0.07,"AA",1.5086766802819e-11,-24.9172031270041
2024,1,0.319,3000,1,0,"Missing",0.999191080992601,7.11900251402181
2024,1,0.319,1000,1,1.09,"Missing",0.993973416710205,5.10553023100428
2024,0,0.11,2500,1,0,"B",2.6500365106903e-08,-17.4461072999298
2024,0,0.099,6500,0,0.09,"AA",0.0728392464562535,-2.54387205358574
2024,0,0.176,2000,1,0,"C",0.457245478883288,-0.171436739143983
2024,0,0.22,3100,1,0.92,"C",0.434721082381787,-0.262614633326355
2024,0,0.22,3300,0,0.55,"D",8.22014430724317e-06,-11.7089145732465
2024,0,0.176,8500,0,0.56,"C",0.0012804469891133,-6.65926478430374
2024,0,0.154,1000,0,0.6,"A",0.000530098541632146,-7.54191740199914
2024,0,0.319,23500,0,0.86,"C",0.205476834545025,-1.35240884251942
2024,0,0.22,3500,0,0.8,"D",1.5612339212157e-05,-11.0674333687654
2024,0,0.187,4000,1,0.31,"D",0.229157297158322,-1.21307568077298
2024,0,0.231,5500,1,0,"C",0.000118362350979377,-9.04164149831798
2024,0,0.165,2000,0,0.02,"B",0.0408435174945915,-3.15630611590301
2024,1,0.264,1200,0,1.09,"Missing",0.997985343588729,6.20528992505994
2024,0,0.121,6000,0,0.4,"AA",5.07857306629413e-09,-19.0982355021969
2024,0,0.264,5000,0,0.67,"D",0.0844024764764163,-2.38398014000769
2024,1,0.286,5000,0,0,"Missing",0.7931329881351,1.34391477809673
2024,0,0.11,3000,0,0.05,"AA",5.08148027740659e-08,-16.7950780808036
2024,1,0.231,5000,0,0.95,"D",0.937818709446535,2.71350249727845
2024,1,0.319,4000,0,0.77,"Missing",0.997028928405202,5.8158570909235
2024,0,0.198,8000,1,0,"C",0.00358706586658942,-5.62682720320257
2024,0,0.121,5000,0,0.12,"A",1.91633162727003e-06,-13.165095893933
2024,0,0.132,25000,1,0,"AA",0.00142908698848339,-6.54928939910366
2024,0,0.33,3000,0,1.03,"D",0.00608313290798652,-5.09613372425743
2024,0,0.275,9000,0,0.42,"C",0.00134219667149598,-6.61210460190573
2024,0,0.165,3000,0,0.46,"B",0.000117770414859096,-9.0466556881455
2024,1,0.319,5200,0,0,"Missing",0.999569225236978,7.7494943284822
2024,1,0.209,4041,0,0.91,"D",0.136988234167857,-1.84053328447784
2024,0,0.154,9900,0,0.02,"AA",2.52891949341687e-07,-15.1903032642514
2024,0,0.165,2500,0,0.24,"C",0.148207564500874,-1.74872912276749
2024,0,0.077,1500,1,0.07,"AA",0.00165999564398576,-6.39927892575868
2024,0,0.165,2500,0,0.94,"D",2.56667673084773e-05,-10.5702878365802
2024,0,0.165,14500,1,0,"A",6.48701069114577e-05,-9.64305877044177
2024,1,0.319,4669,1,0,"Missing",0.998259374434325,6.35176856765013
2024,1,0.319,2550,1,0.91,"Missing",0.999994891935143,12.1846848146991
2024,1,0.22,6000,0,0.02,"C",0.868986306190286,1.89202551638073
2024,0,0.22,10000,1,0.89,"D",0.0930622405557835,-2.27680530272639
2024,0,0.22,1100,0,0,"Missing",0.0208862683622314,-3.84755588013695
2024,0,0.121,6475,0,0.1,"AA",0.00159041360421509,-6.4421694884859
2024,0,0.165,3000,1,0,"C",0.194261099781561,-1.42255661553881
2024,0,0.121,1600,0,0.9,"B",0.00688130795702918,-4.97204144173642
2024,0,0.22,8000,0,0.92,"D",5.60355961687823e-05,-9.78946738612906
2024,0,0.143,9500,0,0.27,"A",0.148536388013331,-1.74612679982227
2024,0,0.275,3500,0,0.97,"Missing",0.0249242173993296,-3.66667527658815
2024,0,0.286,25000,1,0.09,"B",4.81204889182279e-09,-19.1521428736781
2024,0,0.22,8000,0,0.87,"D",3.01065381201979e-05,-10.4107380895099
2024,0,0.165,10000,0,0.08,"B",2.20496251086851e-05,-10.7221929082214
2024,1,0.253,2400,0,0.91,"Missing",0.987282787189594,4.35200009501714
2024,1,0.286,6000,1,1.06,"Missing",0.898961279269754,2.18573614571471
2024,0,0.264,5000,0,0.9,"C",0.0949020128571852,-2.25519829523686
2024,0,0.11,3500,0,0.07,"AA",0.0011466503234235,-6.76976304096498
2024,0,0.209,2500,0,0.82,"C",0.00015588069971938,-8.76626369581987
2024,0,0.187,10000,0,0.28,"B",1.16740506796565e-05,-11.3581303958315
2024,0,0.231,5000,1,0.94,"C",0.270198932749442,-0.993613510724725
2024,0,0.22,9000,0,0.92,"C",0.11158063652996,-2.07469636057735
2024,0,0.11,2500,1,0,"B",0.000260958542260013,-8.25088801257609
2024,1,0.253,6500,0,0.75,"D",0.266904651265636,-1.01038429029956
2024,1,0.319,2500,0,1.21,"Missing",0.999468657237204,7.53957175667175
2024,1,0.121,10000,1,0.23,"AA",0.971571324471365,3.5315163455005
2024,0,0.319,3975,0,0.97,"Missing",0.173421126067221,-1.56157245274049
2024,0,0.121,2500,0,0.33,"B",0.0103906463226533,-4.55640426361247
2024,0,0.11,7500,1,1.02,"D",7.03746914400876e-05,-9.56160647885648
2024,1,0.297,5000,0,0.83,"Missing",0.975180653817133,3.67099930272158
2024,1,0.319,13531,0,0.82,"D",0.708783905572578,0.889485108327932
2024,1,0.308,2000,1,0.97,"Missing",0.997151682304631,5.85817435944193
2024,0,0.253,13100,0,0.71,"D",0.0617983912214058,-2.72008752853432
2024,0,0.165,3000,0,0.73,"D",1.57545859060816e-06,-13.3609625839681
2024,0,0.264,5250,0,0.57,"Missing",0.0976864435439939,-2.22319928974657
2024,0,0.198,5500,0,1.02,"C",0.00138725816779146,-6.57903779971694
2024,0,0.066,9600,1,0.16,"C",0.000317291881721692,-8.05537110297034
2024,0,0.319,1500,0,0.51,"Missing",0.0172075409390601,-4.04505025327637
2024,1,0.209,4700,0,0.74,"D",0.996124193978602,5.54911829586345
2024,1,0.286,2550,1,0.51,"Missing",0.999991046649333,11.6234737661632
2024,0,0.275,5000,0,0.9,"D",4.8958986264966e-05,-9.92447866516219
2024,0,0.132,4700,0,0.09,"B",0.000111588434673358,-9.10058155068526
2024,0,0.154,9999,0,0.54,"A",0.0076473310715965,-4.8657218497018
2024,0,0.319,5000,0,0.73,"Missing",0.251334013757198,-1.09151015118938
2024,1,0.198,2550,0,0.28,"D",0.996945071350508,5.78793943748386
2024,0,0.165,3500,0,0.32,"C",7.59769672842708e-07,-14.0902497518777
2024,0,0.264,1500,0,0,"Missing",0.00895242655762594,-4.70683791937311
2024,0,0.319,3000,1,0.92,"Missing",0.196289787033839,-1.40964669998133
2024,0,0.22,3800,0,1,"Missing",0.423191311570633,-0.309686298996799
2024,0,0.242,5400,0,0.63,"D",0.00964101367785425,-4.63204123344863
2024,0,0.319,3500,1,0,"Missing",0.00494378384931974,-5.30466823480464
2024,0,0.154,12000,1,0.37,"A",1.80317322002325e-06,-13.2259607419588
2024,0,0.198,7500,0,0.58,"C",0.0132243729578352,-4.31238112214164
2024,0,0.165,2000,0,0.36,"D",0.0108080214743501,-4.51659983901237
2024,1,0.264,7000,0,1.14,"D",0.934215347093228,2.65332040336458
2024,0,0.22,1000,0,0,"Missing",0.781014190602326,1.27158638901376
2024,1,0.22,2000,0,0,"Missing",0.417406895687795,-0.333427493315458
2024,0,0.22,12000,0,0.26,"C",8.55398470285276e-06,-11.6691047824433
2024,0,0.165,25000,0,0.16,"AA",0.480447712475663,-0.0782490516845469
2024,0,0.209,19900,0,0.75,"C",0.00117338682001351,-6.7466869180631
2024,0,0.11,7000,0,0.17,"AA",4.88567779268789e-06,-12.2291976466221
2024,0,0.198,7000,0,0.33,"C",0.00162180824449371,-6.42259042712233
2024,1,0.165,2500,0,0.94,"D",0.750778930837153,1.10277091149275
2024,0,0.121,3500,0,0.1,"AA",1.98153450361321e-08,-17.7368091777646
2024,0,0.121,8000,1,0.17,"AA",0.39752774596168,-0.415776880095872
2024,0,0.187,2000,0,0.25,"Missing",0.265199432395193,-1.01911700778251
2024,0,0.099,6001,0,0.26,"AA",0.0203722586676971,-3.8729985375594
2024,1,0.264,6000,0,0,"Missing",0.999283884443228,7.24095263979646
2024,1,0.319,5000,0,0.83,"Missing",0.275426165372131,-0.967264077322803
2024,0,0.165,19500,0,0.59,"AA",0.00031721679802558,-8.05560784527836
2024,0,0.143,3500,1,0.71,"C",0.135728723665558,-1.85122848197754
2024,0,0.22,9000,0,0.72,"D",0.00911845683238692,-4.68829441176537
2024,0,0.154,3210,0,0.08,"B",4.32238519175107e-06,-12.35169885796
2024,0,0.165,1000,1,0.73,"C",6.96530476804841e-05,-9.57191444614419
2024,0,0.165,8400,0,0.48,"B",9.63085284082569e-06,-11.5505291443429
2024,1,0.22,7000,0,0.28,"C",0.974018449201107,3.62404354365888
2024,1,0.308,12839,0,0.45,"C",0.980993154834891,3.94376629566686
2024,0,0.286,2000,1,0,"Missing",0.111297560314189,-2.07755512783776
2024,0,0.297,10000,1,0.79,"D",0.018590046344857,-3.96636397117678
2024,1,0.319,2500,0,0.95,"D",0.643427667278785,0.590272499449799
2024,0,0.209,6500,0,0.7,"C",0.00387527260092537,-5.54925646909965
2024,1,0.22,6500,1,0.92,"D",0.762870927971483,1.16848425250483
2024,1,0.264,2500,1,0.96,"D",0.983952392937961,4.11601776896851
2024,0,0.165,12000,0,0.61,"B",0.131269400736142,-1.88978135916637
2024,1,0.275,25000,0,0.71,"A",0.999845495993046,8.77513601104092
2024,1,0.099,2550,0,0.58,"AA",0.853479273637359,1.76215436264807
2024,1,0.253,1500,1,1.11,"Missing",0.999949635458698,9.89617281028079
2024,1,0.319,3500,0,0.71,"Missing",0.997107268983767,5.8426573117133
2024,0,0.264,3000,0,0,"Missing",0.185992607322773,-1.47626252052752
2024,0,0.264,3000,0,1.99,"Missing",0.000217770094176061,-8.43185287173344
2024,0,0.11,10000,0,0.15,"AA",2.20122758604872e-06,-13.0264931583321
2024,1,0.319,4000,1,0,"Missing",0.999550748738916,7.70747887301167
2024,0,0.143,2500,1,0.77,"B",8.64386344181936e-06,-11.6586522735747
2024,0,0.099,2550,0,0.17,"A",2.93636909417102e-05,-10.4357222847236
2024,1,0.253,15000,0,0.18,"D",0.897290540855375,2.16747549514778
2024,0,0.176,2000,1,0,"C",0.00126104196167539,-6.67455510830179
2024,0,0.308,2250,0,0.57,"Missing",0.467883406990997,-0.128643490602599
2024,0,0.275,6000,0,0.11,"D",2.4349228412021e-06,-12.9255930543973
2024,0,0.132,15000,0,0.55,"A",0.000329487077595511,-8.01764388164341
2024,0,0.165,1200,0,0.9,"D",0.0111630702204287,-4.48391840560912
2024,0,0.209,8500,0,0.79,"C",0.0652697835803813,-2.66172875218259
2024,0,0.165,3000,0,0,"C",1.08701171040711e-07,-16.0346631610325
2024,0,0.11,6500,0,0.67,"A",0.00716257335740484,-4.93169760738859
2024,0,0.209,5500,0,0.29,"B",0.0149189629575563,-4.19009082340338
2024,1,0.22,5000,0,0.72,"Missing",0.819964470774673,1.51610679499844
2024,0,0.121,8000,0,0.62,"B",0.000278148107467258,-8.1870786386688
2024,1,0.33,3000,0,1.03,"D",0.998125668738212,6.2776272535391
2024,0,0.165,4000,0,0,"C",5.89315153057938e-06,-12.0417137456134
2024,0,0.22,5000,0,0.45,"D",0.0345810077828365,-3.32925757258435
2024,0,0.165,1500,0,0.77,"C",1.19809088810717e-05,-11.3321841206405
2024,1,0.264,10000,0,0.68,"D",0.945777025038621,2.85890212744555
2024,0,0.099,2000,0,0,"A",0.00471133990256804,-5.35306045778848
2024,0,0.264,3000,0,0.91,"Missing",0.441424574829564,-0.235382491923756
2024,0,0.165,9990,0,0.2,"A",0.00238454151135609,-6.03636102248903
2024,0,0.264,11520,0,0.6,"D",3.77569597456096e-05,-10.1843029774676
2024,0,0.187,1700,0,0.28,"D",0.767453112927435,1.19398551742292
2024,0,0.22,15000,0,0.65,"B",2.30884289361741e-05,-10.6761558890932
2024,0,0.077,1000,1,0.08,"AA",4.47021925620858e-06,-12.3180686297065
2024,0,0.121,4999,0,0.28,"A",0.00131529707722237,-6.63237656178998
2024,0,0.11,2750,0,0.37,"AA",1.55194291434115e-06,-13.3760013669323
2024,1,0.198,4500,1,0.71,"C",0.974873515229257,3.6583852746263
2024,1,0.209,6001,1,0.24,"D",0.674005181732329,0.726356312556978
2024,0,0.275,9000,0,0.78,"D",6.15102223319333e-06,-11.9988861221378
2024,0,0.22,4100,1,0.8,"D",1.90541942432021e-05,-10.8682042560029
2024,0,0.121,5000,1,0.45,"B",0.00151636549389822,-6.48992141351822
2024,1,0.319,16000,1,0,"D",0.999729083494729,8.21342892997898
2024,1,0.242,13000,0,0.82,"D",0.997166349221084,5.86335169764471
2024,0,0.209,11000,0,0.93,"B",0.0670404857637309,-2.63306510477769
2024,0,0.176,4200,1,0.83,"C",3.87017917939128e-06,-12.4622058822234
2024,1,0.319,1500,1,1.29,"Missing",0.984092100119593,4.12490365669224
2024,1,0.187,1075,1,0.9,"Missing",0.836878759606642,1.63518547845615
2024,1,0.319,2500,1,1.04,"Missing",0.999000077944634,6.90683280434335
2024,0,0.165,25000,0,0.44,"AA",1.94844346926521e-06,-13.1484777765808
2024,1,0.319,4000,0,0.8,"D",0.999515913405776,7.63276254976188
2024,0,0.165,9500,0,0.36,"A",2.58598873359278e-06,-12.8654000483247
2024,0,0.121,9000,1,0.85,"A",3.47667286324548e-10,-21.7797751669165
2024,1,0.319,2000,1,0,"Missing",0.999152640807637,7.07253815881402
2024,1,0.319,3001,0,0,"Missing",0.670645374397398,0.711105434501794
2024,1,0.22,2600,0,0,"Missing",0.81379067478435,1.47483173134199
2024,0,0.099,6001,0,0.26,"AA",2.52469464038284e-05,-10.5867800967928
2024,0,0.154,3000,0,0.95,"C",0.0136892222516152,-4.27736266909151
2024,1,0.22,3000,0,0,"D",0.656071295980348,0.645835085799271
2024,0,0.121,1000,0,0.98,"D",3.85853818687058e-06,-12.4652182957345
2024,0,0.143,4000,0,0.01,"A",0.00217615770935593,-6.12801594690734
2024,1,0.253,7000,0,0.98,"C",0.956993455536449,3.10244425197009
2024,0,0.154,4575,0,0.6,"C",4.73908970180897e-06,-12.2596607476314
2024,0,0.11,4000,0,0.16,"A",1.90574563630413e-08,-17.7758073827638
2024,1,0.319,2500,1,1.84,"Missing",0.97882471570341,3.83351791577776
2024,1,0.187,5600,0,0.84,"C",0.854557022278801,1.77079912797713
2024,0,0.198,12000,0,0.93,"B",7.60264398197204e-06,-11.7870068761349
2024,0,0.253,3000,0,0.89,"Missing",0.0997273322775609,-2.20025789696788
2024,0,0.319,5000,0,0.71,"Missing",0.0629379007719403,-2.70060101633026
2024,0,0.22,4000,0,0.48,"D",0.00993193176616225,-4.60201869903496
2024,0,0.198,6800,1,0.89,"D",0.270558922406716,-0.991788691435707
2024,0,0.264,6000,0,0.52,"D",0.111764287871352,-2.07284506836221
2024,0,0.22,5000,0,0.16,"A",0.00925549220754177,-4.67323956108047
2024,0,0.121,10000,1,0.23,"AA",1.55278898645226e-06,-13.3754563450286
2024,0,0.143,20000,0,0.46,"A",1.08491093818593e-08,-18.3391828341012
2024,1,0.165,3500,0,0.56,"C",0.704147220335669,0.867125489492848
2024,0,0.187,9200,0,0.06,"A",0.572947422639815,0.293886816819446
2024,0,0.132,2500,0,0,"C",0.000241440151879725,-8.32864746458385
2024,0,0.165,12000,0,0.52,"C",0.226474065499397,-1.22832876095625
2024,0,0.319,2200,0,1.06,"Missing",0.04508283964179,-3.05312291528362
2024,0,0.22,6000,0,0.25,"A",0.414034222599375,-0.347312753839008
2024,0,0.319,15000,0,0.49,"C",0.178889602169822,-1.52388870000887
2024,1,0.264,10000,1,0,"C",0.999961554807641,10.1662384600865
2024,0,0.22,3000,0,0,"D",0.000532911617512949,-7.53662191468406
2024,0,0.121,2700,1,0.12,"AA",5.35751680013485e-05,-9.83437130419023
2024,0,0.209,6001,1,0.24,"D",0.0376877980347019,-3.24000254977539
2024,1,0.198,5600,0,0.33,"C",0.886143546925492,2.05194048292789
2024,0,0.121,1200,0,1,"Missing",0.00170740340619513,-6.37107267574913
2024,0,0.231,10001,0,0.69,"D",3.94083819790219e-05,-10.1414926145436
2024,1,0.297,1700,1,0,"Missing",0.997160556829378,5.86130383067828
2024,0,0.11,6000,0,0.51,"AA",9.15403179613316e-08,-16.2064862367179
2024,0,0.088,2000,0,0.05,"AA",0.0121136620793217,-4.40123373542339
2024,0,0.077,1000,1,0.34,"AA",0.00727284838092212,-4.91630784039143
2024,1,0.319,2501,0,1.07,"Missing",0.99996200935486,10.1781326177018
2024,0,0.154,4000,0,0.18,"B",0.0788762789157955,-2.45771382546488
2024,1,0.319,5000,0,0,"Missing",0.998253211824069,6.34822818977498
2024,1,0.242,5000,0,0.55,"C",0.642517547606737,0.586307851131855
2024,0,0.165,14700,0,0.37,"AA",0.000100190373165572,-9.20833825472847
2024,0,0.165,4000,0,0.95,"C",0.0486624632269449,-2.97296097057007
2024,1,0.198,2750,1,0,"D",0.99921987511154,7.15527610834245
2024,1,0.121,5000,0,0.18,"A",0.934216334589386,2.65333647155093
2024,0,0.319,3000,0,0.61,"Missing",0.0232555048322479,-3.73768322706627
2024,0,0.319,25000,1,0.96,"Missing",0.719815389044788,0.943546064278329
2024,1,0.176,23000,1,0.13,"A",0.402700465922312,-0.39422569483776
2024,0,0.187,12000,1,0.51,"A",3.62499801050037e-05,-10.2250354748541
2024,1,0.319,3001,1,0,"Missing",0.992359757800312,4.86665639640713
2024,0,0.22,7400,1,0.27,"D",0.0137366563088316,-4.27385549913939
2024,0,0.198,2500,0,0.82,"D",6.73672703277864e-05,-9.60528389189525
2024,0,0.165,9000,0,0.3,"B",0.148175836982168,-1.7489804678315
2024,0,0.187,4990,0,0.9,"C",2.09253174304262e-07,-15.3797207485259
2024,1,0.319,4200,0,1,"Missing",0.964644309960383,3.30630010035749
2024,1,0.275,3000,1,0.93,"Missing",0.894857053635105,2.14134317065761
2024,1,0.275,1250,0,0.99,"Missing",0.993729489039466,5.06560718156266
2024,0,0.22,2000,0,0,"D",1.56282908786946e-05,-11.0664121398688
2024,0,0.132,10000,0,0.85,"A",6.53664779304123e-06,-11.9380795571062
2024,1,0.209,5000,0,0.28,"B",0.320078840801996,-0.753409506138383
2024,0,0.209,1000,0,0.87,"C",0.00138971675571436,-6.57726464216378
2024,0,0.253,5000,1,0.98,"D",9.27778436650785e-05,-9.28520991813957
2024,0,0.187,5500,0,0.91,"C",2.29905123012963e-06,-12.9830117297197
2024,0,0.22,15000,0,0.59,"A",1.15686200987454e-05,-11.3672027206342
2024,0,0.165,5000,0,0.67,"C",0.000204289789741475,-8.49576672352144
2024,0,0.187,6001,0,0.56,"B",0.000170766245136385,-8.67504414332056
2024,1,0.319,3500,1,0,"Missing",0.998442173207982,6.46290446953549
2024,0,0.209,16000,0,0.99,"C",0.000315275647819389,-8.06174790399117
2024,0,0.253,5000,0,0,"D",0.000124654369272966,-8.9898410341395
2024,0,0.187,1000,0,1.02,"D",0.308071595978624,-0.809150277431939
2024,0,0.198,15000,0,0.61,"A",4.48514796935581e-06,-12.3147345857871
2024,1,0.198,5000,0,0.12,"C",0.328232664421052,-0.71618935408917
2024,1,0.253,1400,0,0,"Missing",0.999963859714412,10.2280662296307
2024,0,0.22,9000,0,0,"C",0.011372551295177,-4.46511489480657
2024,0,0.275,6500,0,0.64,"D",0.181819247395676,-1.50407023374389
2024,0,0.11,7500,0,0.23,"AA",1.11217408594327e-05,-11.4065976074849
2024,1,0.154,3000,0,0.35,"C",0.986312615905257,4.27749881944522
2024,0,0.154,15000,0,0.59,"AA",0.000112663072499597,-9.0909961831299
2024,0,0.143,9000,0,0.86,"B",0.00567940628483705,-5.16521298359153
2024,0,0.22,3000,1,0.07,"D",0.00270841367382274,-5.90868008763157
2024,1,0.22,5000,1,0,"C",0.65072972759922,0.622248349044719
2024,0,0.088,3000,0,0.46,"AA",0.000770916719037164,-7.16715899302006
2024,0,0.099,6100,0,0.48,"A",1.11469582723958e-05,-11.4043327509366
2024,0,0.308,15000,0,0.93,"B",0.00528073228661802,-5.23839577559828
2024,0,0.22,4600,0,0.91,"Missing",0.00373863080490952,-5.58529019257601
2024,1,0.319,2550,0,0.94,"Missing",0.997564803994225,6.01528986458437
2024,0,0.242,12800,0,0,"A",0.00405731642762601,-5.50316793266079
2024,0,0.22,12000,0,0.66,"C",0.134688983827492,-1.86012070152178
2024,1,0.22,7500,0,0.99,"D",0.959085811030154,3.15450362911357
2024,0,0.308,10500,0,0.94,"C",5.00827201744559e-07,-14.5070042012257
2024,0,0.11,3600,1,0.28,"A",0.000354937098585362,-7.94321497116816
2024,0,0.22,8500,0,0.48,"B",0.00256503851215353,-5.96321345212754
2024,1,0.264,3000,0,0.97,"Missing",0.488573647661796,-0.0457133683376583
2024,0,0.187,4600,0,0.88,"B",0.000135449734441884,-8.90677449108846
2024,0,0.077,3000,0,0.06,"AA",8.60558626954708e-06,-11.6630903937319
2024,0,0.22,12200,0,0.35,"C",0.456793603491625,-0.173257696400134
2024,0,0.176,9000,0,0.69,"C",0.00033488879265412,-8.00137709859694
2024,0,0.319,6000,0,0,"Missing",0.0452542820758269,-3.0491477438938
2024,0,0.187,3800,0,0.7,"C",0.0394195517221686,-3.19327580554487
2024,1,0.165,2550,0,0.98,"Missing",0.999948040781628,9.86499944857762
2024,0,0.143,6000,0,0.92,"C",0.467251966535579,-0.131179924609654
2024,0,0.099,3000,0,0.13,"A",3.75489375247437e-05,-10.1898279254588
2024,0,0.264,7500,1,0.94,"C",0.0067333127039086,-4.99393194329599
2024,1,0.319,3000,0,0,"Missing",0.999997631220507,12.9531333484355
2024,0,0.11,3000,0,0.05,"AA",0.000126096166963001,-8.97833960814175
2024,1,0.253,1500,0,0.84,"Missing",0.999948534308962,9.87454369871567
2024,0,0.165,9900,0,0.72,"B",0.0128021984225394,-4.34525351828262
2024,0,0.253,4400,1,0,"Missing",0.00425455198070665,-5.45550218659128
2024,0,0.198,5000,0,0.5,"D",0.0228913162661939,-3.75384025186749
2024,1,0.286,5500,0,0.99,"Missing",0.994768991425341,5.24790643719354
2024,0,0.209,5000,0,0.97,"Missing",0.0208783421448613,-3.84794354161231
2024,0,0.319,13531,0,0.82,"D",0.137895392029118,-1.83288124932178
2024,0,0.22,3000,0,0.62,"C",4.30567428399106e-06,-12.3555724985612
2024,0,0.198,7500,0,0,"C",0.0390037773223558,-3.20431198248723
2024,0,0.264,3000,0,0.85,"Missing",0.0113542331436589,-4.46674545582367
2024,1,0.264,3000,0,0.92,"Missing",0.99976791063488,8.36815594968316
2024,0,0.264,10000,0,0.97,"B",0.00174693105987373,-6.34814625189254
2024,0,0.099,3000,0,0.13,"A",0.0146420978086214,-4.20910413644779
2024,0,0.242,6001,0,0.98,"C",0.0130664747970532,-4.32455291269221
2024,0,0.253,5000,0,0.37,"D",0.00179273836732462,-6.32221666670934
2024,1,0.275,7500,1,0.76,"Missing",0.99849916812857,6.50023378439636
2024,0,0.121,2500,1,0,"B",0.0946062660098142,-2.25864620351456
2024,0,0.22,1300,0,0,"Missing",0.116865684201462,-2.0224520249932
2024,0,0.143,25000,0,0.11,"AA",0.0106935066153333,-4.52736748704827
2024,0,0.165,5000,0,0.27,"B",0.184398558596828,-1.48682631161859
2024,1,0.319,3000,0,0.85,"D",0.968130237374462,3.41370894077752
2024,0,0.187,10000,0,0.76,"C",8.29582200617393e-08,-16.3049286456763
2024,0,0.209,7400,1,0.87,"C",8.82261705739431e-05,-9.3355186903756
2024,1,0.099,3500,0,0.14,"AA",0.966951641433089,3.3761765854256
2024,1,0.319,5000,1,0.96,"Missing",0.992926660638947,4.94432410826951
2024,1,0.264,1025,1,0.59,"Missing",0.657398950648659,0.651724416223869
2024,0,0.22,5000,0,0.22,"D",0.0438723879513376,-3.0816062434084
2024,1,0.22,2500,0,0.78,"Missing",0.874459465061502,1.9409772472731
2024,0,0.209,6001,0,0.05,"D",0.00139927591201164,-6.57040012605114
2024,1,0.132,7500,1,0,"B",0.0811657888552362,-2.4266118658447
2024,0,0.143,25000,0,0.1,"AA",0.00690228962652945,-4.96897587188029
2024,1,0.319,4000,1,0.98,"Missing",0.99813947846207,6.28503617936618
2024,0,0.165,2500,1,0.28,"B",0.000873577835103206,-7.04203936557459
2024,0,0.275,5000,0,0.9,"D",0.00110310542228267,-6.80852225121503
2024,1,0.319,7900,1,0.99,"Missing",0.319872005167877,-0.75436007622333
2024,0,0.319,5000,0,0.77,"D",0.0348881452174296,-3.32009691339266
2024,0,0.132,19500,1,0,"AA",3.38416633376323e-06,-12.5963995802529
2024,0,0.11,7000,0,0.51,"AA",0.00133594657655336,-6.61677835252821
2024,0,0.264,2000,0,1.02,"Missing",0.0487592461299521,-2.97087234548571
2024,0,0.099,1025,1,0.76,"D",0.041899566806812,-3.12967712065941
2024,1,0.275,10000,1,0.71,"D",0.870664416117787,1.90684616491291
2024,1,0.319,5000,1,0.42,"D",0.908547164299907,2.29602341840468
2024,0,0.242,3200,0,0,"D",0.000386704076230412,-7.85746403947456
2024,0,0.242,15000,0,0.83,"D",0.666788036661179,0.693693395269387
2024,1,0.165,15000,1,0.45,"A",0.92529909549169,2.51662483111428
2024,1,0.319,2550,0,0.95,"Missing",0.669331133424089,0.705161433875134
2024,0,0.132,17000,0,0.19,"AA",0.000213794822982,-8.45027995628923
2024,0,0.22,1750,0,0.96,"Missing",0.00669716263560373,-4.99935164024264
2024,0,0.242,6001,0,0,"D",0.155819255650545,-1.68966990583295
2024,0,0.275,25000,0,0.47,"AA",3.96775305435726e-05,-10.1346858334515
2024,1,0.132,25000,0,0.06,"AA",0.716633193289128,0.92782192915376
2024,0,0.11,7500,1,1.02,"D",0.000207033704590731,-8.48242189870447
2024,0,0.319,10000,0,1.13,"Missing",0.457816566054815,-0.169135790104371
2024,0,0.154,2400,0,0.94,"B",9.5475251452508e-06,-11.5592190365795
2024,0,0.099,6001,0,0.22,"AA",0.00073907263663363,-7.20937500552287
2024,1,0.264,3500,0,0.94,"Missing",0.998197288139095,6.31665881975391
2024,1,0.077,2550,1,0.63,"Missing",0.998051122206906,6.23855078345921
2024,0,0.121,3000,0,0.26,"A",0.00222463365648139,-6.10593591386247
2024,0,0.264,1000,1,0.18,"C",0.00178852785265425,-6.32457229701604
2024,0,0.275,2550,0,0.86,"D",0.84008915114662,1.65889155324631
2024,0,0.11,8000,0,0.21,"A",2.03694915425515e-05,-10.8014519194303
2024,0,0.308,5000,0,0.95,"C",0.00510885729799087,-5.27165756839057
2024,0,0.143,15000,1,0.07,"AA",0.0018546503715855,-6.28820270725173
2024,0,0.154,2000,0,0.98,"B",0.00123227522899728,-6.69766000355635
2024,0,0.286,5000,0,0.64,"D",0.00741705805301562,-4.89652808803709
2024,0,0.242,20000,1,0.89,"C",0.356966946014562,-0.588552939504948
2024,1,0.308,3001,0,0.75,"Missing",0.729436048406634,0.991763208870871
2024,1,0.286,6500,0,0.53,"Missing",0.998901007596676,6.81226191919898
2024,0,0.319,3000,1,0.75,"Missing",0.0115234119617237,-4.45178416934977
2024,0,0.198,7500,1,0.96,"D",9.55610842259563e-05,-9.25564932389757
2024,0,0.165,15000,1,0.45,"A",1.61632504201065e-05,-11.0327542218581
2024,1,0.319,2000,0,1.26,"Missing",0.996339418066658,5.60646584776803
2024,0,0.165,15000,0,0.04,"AA",0.000239174911160262,-8.33807622432448
2024,1,0.319,5224,0,0.67,"Missing",0.994480243041492,5.19388640181004
2024,1,0.319,2550,1,0.91,"Missing",0.970575219802867,3.49605172266002
2024,1,0.22,3000,1,0.47,"D",0.662978360004785,0.676595208216648
2024,0,0.319,4000,0,0.95,"Missing",0.00014436451061713,-8.84302475812962
2024,0,0.264,6500,0,0.98,"C",0.00902827009048443,-4.69832523160455
2024,1,0.187,2000,1,0.97,"Missing",0.999945749390022,9.82184206968286
2024,0,0.154,4575,0,0.6,"C",0.000153558780725436,-8.78127355734428
2024,1,0.319,5000,1,0,"Missing",0.998846428401467,6.76373817411941
2024,0,0.165,15152,0,0.85,"B",0.000928180667944999,-6.98135554714688
2024,0,0.275,5000,0,0.76,"C",0.73110906917809,1.00025681831028
2024,0,0.143,2000,1,0.54,"A",0.00198710148175977,-6.21908916547598
2024,0,0.319,4000,0,0.8,"D",1.82599085366693e-06,-13.2133859587562
2024,0,0.319,5000,0,0.75,"Missing",0.585586780220485,0.345750796183396
2024,0,0.165,5000,0,0.74,"C",0.0271864141210479,-3.57747510918565
2024,1,0.253,8500,1,1.13,"Missing",0.875512457002984,1.95060372541905
2024,0,0.319,25000,0,1.31,"Missing",0.00184127461876821,-6.29545424774626
2024,0,0.143,5000,0,0.69,"A",0.000871052457290969,-7.04493692437052
2024,0,0.275,15000,1,0.82,"D",0.00246213511896431,-6.00426119977882
2024,0,0.187,4000,1,0,"C",2.22433579499757e-08,-17.6212223697587
2024,0,0.165,5000,0,0,"C",0.00454883405324705,-5.3883251194101
2024,0,0.198,5000,0,0.92,"B",0.000496390572691891,-7.60765098235285
2024,0,0.242,6001,0,0.01,"D",0.00306728087710238,-5.78389182301369
2024,0,0.154,4500,1,0.76,"B",0.552300028920492,0.209968128621888
2024,0,0.209,3000,0,0.97,"C",0.0010912689863515,-6.81932218738948
2024,1,0.209,4000,0,0.85,"C",0.830270193119573,1.58754338032678
2024,0,0.209,7000,0,0.62,"C",0.00210093116862083,-6.16327147768207
2024,0,0.165,14700,0,0.37,"AA",0.000822371647331632,-7.10249542939815
2024,0,0.11,9990,0,0.05,"AA",3.96927966034076e-05,-10.134301138908
2024,0,0.22,1500,0,0,"D",0.0591348926435114,-2.76697862874391
2024,1,0.319,4000,1,1.14,"Missing",0.997257178014819,5.89602137657469
2024,0,0.22,5000,0,0.81,"C",0.559525441176792,0.239236309507455
2024,1,0.319,2800,0,0.97,"Missing",0.999972140896081,10.4883228943417
2024,1,0.253,2400,0,0.91,"Missing",0.9815621737641,3.97474102927505
2024,1,0.319,3000,1,1.01,"Missing",0.999989135499214,11.429999027775
2024,0,0.22,2700,1,0.87,"D",0.00859393377961163,-4.7480676245081
2024,1,0.319,1000,1,0.67,"Missing",0.6014935927172,0.411692306581375
2024,1,0.22,3500,0,0,"Missing",0.242945989468205,-1.13659544594588
2024,0,0.242,18200,1,0.8,"C",0.198513322128116,-1.39561213854588
2024,1,0.286,3675,0,0.85,"Missing",0.870729480455344,1.90742408424617
2024,0,0.198,20000,0,0.67,"B",7.38191025423988e-06,-11.8164707288703
2024,1,0.264,3000,0,1.99,"Missing",0.72043006716052,0.946595880951203
2024,0,0.176,20000,0,0.15,"AA",0.000527580172162316,-7.54668199962924
2024,0,0.154,7000,0,0.32,"A",0.055052210922819,-2.84284765186571
2024,0,0.319,2550,1,0.75,"D",0.598369182064058,0.398674621451049
2024,0,0.154,10000,0,0.65,"C",4.07114693130563e-07,-14.714170482784
2024,0,0.231,1000,0,0.42,"D",0.00151906884617988,-6.48813750923714
2024,0,0.22,3000,0,0.27,"D",0.178230762211418,-1.52838049543877
2024,0,0.143,4950,0,0,"B",0.000301191560130274,-8.10746284631953
2024,0,0.22,16950,0,0.55,"C",0.000468507049050787,-7.66549079356667
2024,0,0.242,15000,0,0,"C",7.35115103287275e-09,-18.7284089255196
2024,0,0.198,10000,0,0.96,"C",4.26872982492261e-06,-12.3641899711256
2024,1,0.264,7100,0,0.9,"D",0.993738643504867,5.06707738383274
2024,0,0.22,25000,1,0.98,"B",0.17527116545309,-1.54872035537238
2024,0,0.165,10000,0,0.66,"B",8.36531372640917e-06,-11.6914083542286
2024,1,0.187,9000,0,0.99,"C",0.79650855476124,1.36461390387315
2024,0,0.308,11000,0,0.9,"Missing",0.010697123450493,-4.52702566106408
2024,1,0.22,1800,0,0.61,"Missing",0.999781120615112,8.42677083046193
2024,0,0.154,1000,0,0,"B",0.000256168450835389,-8.26941911753576
2024,0,0.187,5000,0,0.89,"D",0.00373426802164774,-5.58646219993635
2024,1,0.154,25000,0,0.58,"AA",0.184733263456844,-1.48460237829242
2024,1,0.275,25000,0,0.47,"AA",0.05500053593189,-2.84384143096871
2024,0,0.253,9600,0,0.94,"D",0.746328949304533,1.07912810214312
2024,0,0.143,10000,0,0.28,"AA",4.95817688865386e-07,-14.5170570447428
2024,1,0.132,15000,0,0,"A",0.965226836674768,3.32351721716586
2024,0,0.154,2400,0,0.94,"B",0.000163918841132135,-8.71597519149744
2024,0,0.319,12000,0,0.91,"D",0.0143728654935218,-4.22793603510159
2024,0,0.319,2550,1,0.75,"D",0.000144446052512908,-8.84246000264531
2024,0,0.11,1000,0,0.2,"A",0.0123896815006934,-4.37842421631972
2024,0,0.187,3650,0,0.85,"D",0.0368190256049136,-3.2642266101528
2024,1,0.319,3000,0,0.91,"Missing",0.78607553637638,1.30142991108114
2024,1,0.319,2500,0,1.21,"Missing",0.98969923233431,4.56518266813956
2024,0,0.165,14700,0,0.37,"AA",0.000260589454895014,-8.25230373539401
2024,1,0.319,4000,1,0,"Missing",0.999998370254363,13.3270849767904
2024,0,0.165,1200,0,0.9,"D",3.62041411720795e-05,-10.2263008438601
2024,0,0.099,3600,0,0.23,"AA",7.31008130951355e-05,-9.52359796473284
2024,0,0.143,13000,0,0.81,"B",0.00011204521715028,-9.09649599209325
2024,0,0.198,2500,0,0.84,"A",0.000396776885940004,-7.83173957978677
2024,1,0.275,3500,0,0.97,"Missing",0.993296096743694,4.99833887129538
2024,0,0.165,2500,0,0.7,"D",2.70485679924453e-08,-17.4256317452878
2024,0,0.22,5000,0,0,"D",0.00354505568438631,-5.63865005697042
2024,0,0.275,7900,0,0.68,"C",0.387040047842385,-0.459771432428269
2024,1,0.242,6001,0,0.25,"Missing",0.941343449497984,2.77560879964436
2024,0,0.319,5500,0,0.99,"Missing",0.145100584615829,-1.7735566302541
2024,0,0.165,5000,1,0.42,"B",0.00107232355368917,-6.83685454049759
2024,0,0.165,12000,1,0.53,"B",0.0186275587860633,-3.96430990285124
2024,0,0.077,1000,0,0,"AA",4.44324194668718e-06,-12.3241218365386
2024,0,0.275,4000,0,0.45,"D",0.133305241599415,-1.87204530011764
2024,0,0.275,25000,0,0.87,"A",2.61784127811013e-07,-15.1557453506786
2024,1,0.165,1000,0,0.16,"A",0.582211807146621,0.331859722891022
2024,0,0.253,6500,0,0.75,"D",0.00947576795803229,-4.64949653162994
2024,0,0.165,9999,0,0.54,"C",1.06669449546105e-05,-11.4483501876764
2024,1,0.308,5000,0,0.56,"Missing",0.965375658280529,3.32796035616546
2024,0,0.176,3500,1,0.51,"C",0.000856733209001382,-7.06152689546799
2024,0,0.187,2000,0,0.53,"A",0.00118842320136746,-6.73393876143307
2024,1,0.22,1500,0,0.88,"Missing",0.925967405098905,2.52633356648801
2024,0,0.242,2000,1,0.84,"D",6.08715602426742e-07,-14.3119140606841
2024,1,0.187,5000,1,0.08,"C",0.898679489038539,2.1826375833131
2024,1,0.22,7500,0,0.36,"C",0.837730699813989,1.64143938634041
2024,0,0.11,1000,0,0.28,"A",0.0133165554361284,-4.30534123235296
2024,0,0.209,3725,0,0.78,"D",8.9534810259418e-05,-9.32079352803683
2024,1,0.22,17850,0,0.43,"C",0.343760625177593,-0.646580064917322
2024,1,0.22,3000,0,0,"D",0.530889708662892,0.123716391136429
2024,0,0.308,6000,0,0.68,"D",0.0200873848658907,-3.88737140004078
2024,0,0.242,15000,0,0.95,"C",5.54936614127931e-07,-14.404411383564
2024,0,0.319,3600,1,0.69,"D",0.000234149817674079,-8.35931522377146
2024,0,0.319,3000,1,0.53,"D",0.00777589573495074,-4.84892033483112
2024,0,0.132,7000,0,0.2,"B",1.20010193654671e-06,-13.6331028575532
2024,0,0.198,7500,1,0.96,"D",0.00160482428158109,-6.43313489688323
2024,0,0.198,9500,1,0.36,"A",0.0029615759875705,-5.8190677539709
2024,0,0.187,25000,0,0.67,"A",4.96010094132298e-06,-12.2140795062481
2024,1,0.319,3000,0,0.85,"Missing",0.998727478940737,6.66548192875545
2024,1,0.242,15000,0,0.94,"C",0.126562530500127,-1.93170004257439
2024,1,0.22,17850,0,0.43,"C",0.96056332616265,3.19282371902402
2024,0,0.319,3600,0,0.3,"Missing",0.0806935295746416,-2.43296115596278
2024,0,0.22,12500,0,0.52,"A",0.0626523814378619,-2.70545251203592
2024,1,0.198,7500,0,0.58,"C",0.35910435472329,-0.579253615857987
2024,0,0.198,1500,0,0.1,"C",0.00567431862250753,-5.16611431061258
2024,1,0.319,3000,0,0.92,"Missing",0.993960318454746,5.10334599852699
2024,0,0.319,3000,1,0,"Missing",0.0099520383131203,-4.59997600232308
2024,1,0.253,5000,0,0.39,"D",0.613051648223777,0.460157961057256
2024,0,0.088,1000,0,0.05,"AA",7.43969066703156e-06,-11.8086738472772
2024,0,0.198,4000,0,0.19,"D",0.00075201839301458,-7.19199747421687
2024,1,0.165,4500,1,0,"C",0.49724858109365,-0.0110057867158622
2024,1,0.319,1000,1,1.09,"Missing",0.999525584091653,7.65295164874797
2024,1,0.231,5000,0,0.85,"C",0.350093688856885,-0.61862741468694
2024,1,0.297,7500,0,0.91,"Missing",0.98214539896895,4.00747812566308
2024,1,0.242,5400,0,0.63,"D",0.961361508145937,3.2141015394741
2024,0,0.121,6000,0,0.4,"AA",0.0349106006854041,-3.31943021116999
2024,0,0.264,2500,1,0.83,"D",4.19254512224449e-07,-14.6847872544359
2024,0,0.253,10000,0,1.02,"D",0.00249949153073336,-5.9891653350261
2024,0,0.231,5000,1,0.94,"C",0.0838028409971714,-2.39176467157199
2024,0,0.275,25000,0,0.73,"A",0.831467892625446,1.59606640423028
2024,0,0.275,16000,1,0.67,"D",5.19650821991762e-06,-12.1675184575794
2024,1,0.242,2500,1,1,"Missing",0.96392285510597,3.28535170617019
2024,1,0.253,3000,0,0.89,"Missing",0.563165901686262,0.254020773841107
2024,0,0.209,15000,0,0.37,"C",0.000434849538000507,-7.74007553225074
2024,1,0.253,1300,0,0.43,"D",0.0773527056132827,-2.47887147663344
2024,0,0.099,4500,0,0.07,"AA",0.000318166369748979,-8.05261791968592
2024,0,0.198,7500,1,0.96,"D",0.000113223650104937,-9.08603226076773
2024,1,0.319,3000,0,1.01,"Missing",0.120877748440111,-1.98414427690175
2024,0,0.253,8000,0,0,"D",3.26463025556542e-06,-12.6323607818628
2024,1,0.319,3000,1,0.75,"Missing",0.99975687565373,8.3216943785548
2024,0,0.275,3000,0,0.73,"D",0.0124499727505786,-4.37350872179804
2024,0,0.275,3000,0,0.73,"D",0.0012098220916619,-6.71607140735088
2024,0,0.11,2000,0,0,"B",1.84518891190289e-05,-10.9003253493847
2024,1,0.165,15000,0,0.62,"B",0.369786300122627,-0.533133696476817
2024,0,0.143,2500,1,0.77,"B",0.00319533621459149,-5.74286251300259
2024,1,0.275,9000,0,0.99,"Missing",0.882963125676876,2.02079438915808
2024,0,0.275,15000,1,1.04,"D",0.13891901090225,-1.82429745605514
2024,0,0.165,4500,1,0.49,"C",0.000783713731562367,-7.15068272161068
2024,1,0.165,9999,0,0.31,"A",0.22649125097585,-1.22823066376589
2024,0,0.231,15000,0,0.82,"C",6.09418681073965e-06,-12.0081691288015
2024,1,0.22,2000,0,0.84,"Missing",0.94947047219889,2.93334655716685
2024,0,0.176,11204,0,0.73,"B",0.00175348367167868,-6.34439577744934
2024,0,0.165,1500,1,0.64,"AA",1.63965917572469e-08,-17.9261923269972
2024,1,0.319,1500,1,1.29,"Missing",0.998089723084149,6.25859496148991
2024,0,0.253,25000,0,0.67,"D",0.091315611448533,-2.2976760629153
2024,1,0.297,3001,1,1.02,"Missing",0.972941970230019,3.58234062994712
2024,1,0.319,3500,0,0.88,"Missing",0.450171176171973,-0.199979098453869
2024,0,0.154,20200,0,0.86,"A",7.05193892305373e-05,-9.5595523395359
2024,0,0.198,5600,0,0.48,"B",0.025903696502494,-3.62712449235654
2024,0,0.198,6800,1,0.89,"D",0.000110788716580629,-9.10777482989752
